-70
-70.1661
-70.23
-70.2566
-70.2695
-70.2773
-70.283
-70.2879
-70.2925
-70.297
-70.3014
-70.3057
-70.31
-70.3142
-70.3185
-70.3226
-70.3268
-70.3309
-70.335
-70.3391
-70.3431
-70.3471
-70.351
-70.3549
-70.3588
-70.3626
-70.3664
-70.3701
-70.3738
-70.3775
-70.3811
-70.3847
-70.3883
-70.3918
-70.3953
-70.3987
-70.4021
-70.4055
-70.4088
-70.4121
-70.4154
-70.4186
-70.4218
-70.4249
-70.428
-70.4311
-70.4341
-70.4372
-70.4401
-70.4431
-70.446
-70.4489
-70.4517
-70.4545
-70.4573
-70.4601
-70.4628
-70.4655
-70.4682
-70.4708
-70.4734
-70.476
-70.4785
-70.481
-70.4835
-70.486
-70.4884
-70.4908
-70.4932
-70.4955
-70.4978
-70.5001
-70.5024
-70.5046
-70.5068
-70.509
-70.5112
-70.5133
-70.5154
-70.5175
-70.5196
-70.5216
-70.5236
-70.5256
-70.5276
-70.5295
-70.5315
-70.5334
-70.5352
-70.5371
-70.5389
-70.5407
-70.5425
-70.5443
-70.5461
-70.5478
-70.5495
-70.5512
-70.5528
-70.5545
-70.5561
-70.5577
-70.5593
-70.5609
-70.5624
-70.5639
-70.5655
-70.5669
-70.5684
-70.5699
-70.5713
-70.5727
-70.5741
-70.5755
-70.5769
-70.5782
-70.5796
-70.5809
-70.5822
-70.5835
-70.5848
-70.586
-70.5873
-70.5885
-70.5897
-70.5909
-70.5921
-70.5932
-70.5944
-70.5955
-70.5966
-70.5977
-70.5988
-70.5999
-70.601
-70.602
-70.603
-70.6041
-70.6051
-70.6061
-70.6071
-70.608
-70.609
-70.6099
-70.6109
-70.6118
-70.6127
-70.6136
-70.6145
-70.6154
-70.6162
-70.6171
-70.6179
-70.6187
-70.6196
-70.6204
-70.6212
-70.622
-70.6227
-70.6235
-70.6242
-70.625
-70.6257
-70.6265
-70.6272
-70.6279
-70.6286
-70.6293
-70.6299
-70.6306
-70.6313
-70.6319
-70.6325
-70.6332
-70.6338
-70.6344
-70.635
-70.6356
-70.6362
-70.6368
-70.6374
-70.6379
-70.6385
-70.639
-70.6396
-70.6401
-70.6406
-70.6411
-70.6417
-70.6422
-70.6427
-70.6431
-70.6436
-70.6441
-70.6446
-70.645
-70.6455
-70.6459
-70.6464
-70.6468
-70.6472
-70.6476
-70.6481
-70.6485
-70.6489
-70.6493
-70.6497
-70.65
-70.6504
-70.6508
-70.6512
-70.6515
-70.6519
-70.6522
-70.6526
-70.6529
-70.6533
-70.6536
-70.6539
-70.6542
-70.6545
-70.6549
-70.6552
-70.6555
-70.6558
-70.656
-70.6563
-70.6566
-70.6569
-70.6572
-70.6574
-70.6577
-70.658
-70.6582
-70.6585
-70.6587
-70.6589
-70.6592
-70.6594
-70.6597
-70.6599
-70.6601
-70.6603
-70.6605
-70.6607
-70.661
-70.6612
-70.6614
-70.6616
-70.6617
-70.6619
-70.6621
-70.6623
-70.6625
-70.6627
-70.6628
-70.663
-70.6632
-70.6633
-70.6635
-70.6637
-70.6638
-70.664
-70.6641
-70.6643
-70.6644
-70.6646
-70.6647
-70.6648
-70.665
-70.6651
-70.6652
-70.6653
-70.6655
-70.6656
-70.6657
-70.6658
-70.6659
-70.666
-70.6662
-70.6663
-70.6664
-70.6665
-70.6666
-70.6667
-70.6668
-70.6669
-70.667
-70.667
-70.6671
-70.6672
-70.6673
-70.6674
-70.6675
-70.6675
-70.6676
-70.6677
-70.6678
-70.6678
-70.6679
-70.668
-70.668
-70.6681
-70.6682
-70.6682
-70.6683
-70.6683
-70.6684
-70.6685
-70.6685
-70.6686
-70.6686
-70.6687
-70.6687
-70.6688
-70.6688
-70.6688
-70.6689
-70.6689
-70.669
-70.669
-70.669
-70.6691
-70.6691
-70.6691
-70.6692
-70.6692
-70.6692
-70.6693
-70.6693
-70.6693
-70.6694
-70.6694
-70.6694
-70.6694
-70.6694
-70.6695
-70.6695
-70.6695
-70.6695
-70.6695
-70.6696
-70.6696
-70.6696
-70.6696
-70.6696
-70.6696
-70.6696
-70.6697
-70.6697
-70.6697
-70.6697
-70.6697
-70.6697
-70.6697
-70.6697
-70.6697
-70.6697
-70.6697
-70.6697
-70.6697
-70.6697
-70.6697
-70.6697
-70.6697
-70.6697
-70.6697
-70.6697
-70.6697
-70.6697
-70.6697
-70.6697
-70.6697
-70.6697
-70.6697
-70.6697
-70.6697
-70.6697
-70.6697
-70.6697
-70.6697
-70.6697
-70.6697
-70.6696
-70.6696
-70.6696
-70.6696
-70.6696
-70.6696
-70.6696
-70.6696
-70.6696
-70.6695
-70.6695
-70.6695
-70.6695
-70.6695
-70.6695
-70.6695
-70.6695
-70.6694
-70.6694
-70.6694
-70.6694
-70.6694
-70.6694
-70.6693
-70.6693
-70.6693
-70.6693
-70.6693
-70.6693
-70.6693
-70.6692
-70.6692
-70.6692
-70.6692
-70.6692
-70.6691
-70.6691
-70.6691
-70.6691
-70.6691
-70.6691
-70.669
-70.669
-70.669
-70.669
-70.669
-70.6689
-70.6689
-70.6689
-70.6689
-70.6689
-70.6688
-70.6688
-70.6688
-70.6688
-70.6688
-70.6687
-70.6687
-70.6687
-70.6687
-70.6686
-70.6686
-70.6686
-70.6686
-70.6686
-70.6685
-70.6685
-70.6685
-70.6685
-70.6685
-70.6684
-70.6684
-70.6684
-70.6684
-70.6684
-70.6683
-70.6683
-70.6683
-70.6683
-70.6682
-70.6682
-70.6682
-70.6682
-70.6682
-70.6681
-70.6681
-70.6681
-70.6681
-70.6681
-70.6737
-70.9541
-71.8655
-72.8295
-73.5644
-63.8979
-53.7442
-50.9659
-49.1843
-46.7436
-35.518
-8.62736
-36.557
-67.2483
-68.7336
-67.7491
-66.6265
-65.5117
-64.4083
-63.3252
-62.2767
-61.2772
-60.3386
-59.4424
-58.6157
-57.8771
-57.2126
-56.6092
-56.0898
-55.6424
-55.2558
-54.9276
-54.6505
-54.4194
-54.2258
-54.0604
-53.9223
-53.8102
-53.7209
-53.6501
-53.5942
-53.5506
-53.5165
-53.4856
-53.4597
-53.439
-53.4244
-53.4142
-53.4075
-53.4032
-53.4008
-53.3999
-53.3973
-53.395
-53.3919
-53.39
-53.3898
-53.3908
-53.3909
-53.3904
-53.391
-53.3924
-53.3945
-53.3952
-53.3947
-53.3951
-53.3964
-53.3982
-53.4004
-53.4029
-53.4055
-53.4083
-53.4069
-53.4045
-53.4038
-53.4043
-53.4056
-53.4073
-53.4091
-53.4108
-53.4072
-53.4036
-53.4017
-53.4008
-53.4003
-53.3992
-53.3953
-53.3915
-53.3873
-53.3802
-53.3598
-53.1847
-53.04
-53.0732
-53.1358
-53.1892
-53.2278
-53.254
-53.2715
-53.2839
-53.2938
-53.303
-53.3128
-53.3242
-53.3384
-53.3568
-53.3833
-53.4122
-53.4263
-53.4347
-53.4418
-53.4493
-53.458
-53.4685
-53.4808
-53.4946
-53.5101
-53.4871
-53.4675
-53.4606
-53.4611
-53.4657
-53.4728
-53.4818
-53.4923
-53.5042
-53.5174
-53.532
-53.5481
-53.5657
-53.5849
-53.6059
-53.6288
-53.6537
-53.681
-53.7107
-53.7432
-53.7787
-53.8174
-53.8596
-53.9056
-53.9556
-53.805
-53.5415
-53.4547
-53.4351
-53.4389
-53.4511
-53.4663
-53.4828
-53.4998
-53.5174
-53.5355
-53.5542
-53.5737
-53.5942
-53.6158
-53.6387
-53.6632
-53.6895
-53.7178
-53.7485
-53.7817
-53.6867
-53.5076
-53.4456
-53.4309
-53.4334
-53.4421
-53.4533
-53.4655
-53.4785
-53.4925
-53.5068
-53.5215
-53.5367
-53.5527
-53.5696
-53.5877
-53.6069
-53.6276
-53.6502
-53.6776
-53.7074
-53.7387
-53.5835
-53.4663
-53.4299
-53.4235
-53.4279
-53.4363
-53.4462
-53.4572
-53.4693
-53.4815
-53.4939
-53.5066
-53.5199
-53.5339
-53.5487
-53.5644
-53.5814
-53.5996
-53.6215
-53.6458
-53.6712
-53.6981
-53.7268
-53.7579
-53.7914
-53.8278
-53.8671
-53.9098
-53.9562
-54.0128
-54.0762
-54.142
-54.2106
-54.2828
-54.3594
-54.4409
-54.528
-54.6209
-54.7199
-54.8256
-54.9504
-55.0947
-55.243
-55.393
-55.5462
-55.7043
-55.8681
-56.0381
-56.2147
-56.398
-56.5871
-56.3248
-53.6105
-53.0223
-52.9486
-53.0014
-53.079
-53.1531
-53.2168
-53.2705
-53.3159
-53.3546
-53.3534
-53.35
-53.3575
-53.3693
-53.3818
-53.394
-53.4056
-53.4165
-53.4269
-53.437
-53.447
-53.457
-53.4672
-53.4781
-53.4903
-53.5038
-53.518
-53.5327
-53.5481
-53.5645
-53.5822
-53.6013
-53.622
-53.6445
-53.671
-53.7031
-53.7373
-53.7732
-53.8112
-53.8519
-53.896
-53.9436
-53.9952
-54.0511
-54.1116
-54.1812
-54.2669
-53.9602
-53.4647
-53.3431
-53.3274
-53.3404
-53.36
-53.3801
-53.3989
-53.4164
-53.4326
-53.4487
-53.4654
-53.4818
-53.4979
-53.5158
-53.5345
-53.5534
-53.5729
-53.5934
-53.6183
-53.6637
-53.7292
-53.8074
-53.8908
-53.9725
-54.0468
-54.1181
-54.1909
-54.2884
-54.4302
-54.6122
-54.8249
-55.0451
-55.257
-55.4557
-55.6468
-55.8403
-56.0489
-56.2874
-56.5721
-56.8994
-57.2681
-57.6419
-58.0076
-58.369
-58.7333
-59.1057
-59.4927
-59.9025
-60.3507
-60.8339
-61.3525
-61.8861
-62.411
-62.9214
-63.4175
-63.9034
-64.3849
-64.8643
-65.3589
-65.8727
-66.3948
-66.9233
-67.434
-67.9122
-68.3565
-68.7683
-69.1556
-69.5249
-69.8777
-70.2326
-70.581
-70.9217
-71.2525
-71.557
-71.8302
-72.0738
-72.2907
-72.4864
-72.6666
-72.8355
-73.0048
-73.1663
-73.3212
-73.4713
-73.6061
-73.7235
-73.8245
-73.9114
-73.9874
-74.0548
-74.1171
-74.1808
-74.2428
-74.3004
-74.358
-74.4104
-74.4555
-74.4928
-74.5231
-74.5484
-74.5697
-74.5886
-74.6081
-74.6302
-74.6504
-74.6705
-74.6915
-74.7093
-74.7239
-74.7343
-74.7414
-74.7464
-74.7494
-74.7517
-74.7559
-74.7633
-74.77
-74.7773
-74.7858
-74.7931
-74.7988
-74.8021
-74.8027
-74.8018
-74.8005
-74.7981
-74.7967
-74.7986
-74.801
-74.804
-74.8075
-74.8103
-74.8126
-74.814
-74.8132
-74.8113
-74.8091
-74.8062
-74.803
-74.8021
-74.8034
-74.8053
-74.8073
-74.8085
-74.8092
-74.81
-74.8101
-74.8091
-74.8077
-74.8053
-74.802
-74.7987
-74.7972
-74.7973
-74.7986
-74.7993
-74.7994
-74.7985
-74.7978
-74.7979
-74.7985
-74.7991
-74.7981
-74.7956
-74.7927
-74.7907
-74.79
-74.7912
-74.7923
-74.7925
-74.7906
-74.7878
-74.7859
-74.7864
-74.7878
-74.7884
-74.7865
-74.7841
-74.781
-74.7789
-74.7785
-74.7801
-74.7821
-74.7831
-74.7812
-74.7773
-74.7735
-74.7736
-74.7765
-74.7785
-74.7776
-74.7755
-74.7731
-74.7706
-74.7692
-74.7698
-74.7718
-74.7738
-74.7739
-74.7708
-74.766
-74.7618
-74.7603
-74.7606
-74.7632
-74.7631
-74.7613
-74.7591
-74.7573
-74.7566
-74.7578
-74.7598
-74.7617
-74.7635
-74.7636
-74.7607
-74.757
-74.7537
-74.7509
-74.7496
-74.7491
-74.7496
-74.7494
-74.7474
-74.7453
-74.745
-74.7452
-74.7462
-74.7474
-74.7491
-74.7502
-74.7497
-74.7478
-74.7443
-74.7401
-74.7367
-74.7334
-74.7305
-74.7308
-74.7328
-74.7329
-74.7318
-74.7312
-74.7313
-74.733
-74.7337
-74.7363
-74.7386
-74.7411
-74.7412
-74.7382
-74.7334
-74.7303
-74.7261
-74.7202
-74.7151
-74.7138
-74.7152
-74.7151
-74.7141
-74.7135
-74.7133
-74.7137
-74.7131
-74.7144
-74.7187
-74.7242
-74.7269
-74.7264
-74.7226
-74.7179
-74.7148
-74.7121
-74.7077
-74.7004
-74.6959
-74.6946
-74.6946
-74.6959
-74.6973
-74.6971
-74.6965
-74.6968
-74.697
-74.7009
-74.7048
-74.7092
-74.7134
-74.7136
-74.7097
-74.7063
-74.704
-74.7005
-74.6943
-74.6872
-74.6793
-74.6717
-74.6682
-74.6686
-74.6699
-74.6721
-74.6733
-74.6717
-74.6725
-74.6746
-74.6769
-74.682
-74.6856
-74.6872
-74.6887
-74.6902
-74.6916
-74.6902
-74.688
-74.684
-74.6772
-74.6695
-74.6632
-74.6545
-74.6449
-74.6391
-74.6404
-74.645
-74.6491
-74.6519
-74.6542
-74.6562
-74.6569
-74.6583
-74.6609
-74.6616
-74.6649
-74.6669
-74.6678
-74.6656
-74.6649
-74.6652
-74.6648
-74.6619
-74.6544
-74.6448
-74.6384
-74.6337
-74.6259
-74.6162
-74.6041
-74.5959
-74.602
-74.6139
-74.62
-74.6241
-74.6276
-74.6306
-74.6292
-74.6271
-74.6288
-74.631
-74.6336
-74.6361
-74.6376
-74.6374
-74.637
-74.6323
-74.6264
-74.6245
-74.6246
-74.6239
-74.619
-74.6113
-74.6026
-74.5965
-74.5903
-74.5812
-74.5725
-74.5672
-74.5688
-74.5754
-74.5866
-74.5963
-74.6017
-74.6026
-74.6017
-74.6006
-74.5988
-74.5948
-74.591
-74.5933
-74.6002
-74.6025
-74.6021
-74.6026
-74.6014
-74.5948
-74.5841
-74.5725
-74.5666
-74.5644
-74.5647
-74.5644
-74.5608
-74.5557
-74.552
-74.5498
-74.5442
-74.5357
-74.5311
-74.532
-74.5315
-74.5317
-74.535
-74.5409
-74.5473
-74.5513
-74.5491
-74.5458
-74.5449
-74.5432
-74.541
-74.5389
-74.537
-74.5408
-74.5457
-74.5478
-74.5511
-74.5516
-74.546
-74.5393
-74.5315
-74.5241
-74.5172
-74.5099
-74.5086
-74.5078
-74.5039
-74.4978
-74.4946
-74.4906
-74.4835
-74.48
-74.4857
-74.4926
-74.4984
-74.5018
-74.5027
-74.4986
-74.4884
-74.4743
-74.4645
-74.4618
-74.4616
-74.4664
-74.4691
-74.4692
-74.4751
-74.4782
-74.4769
-74.4742
-74.4712
-74.4713
-74.4732
-74.4778
-74.4846
-74.4894
-74.4877
-74.481
-74.4708
-74.4593
-74.4512
-74.4494
-74.4449
-74.4352
-74.4291
-74.4258
-74.4245
-74.4261
-74.4258
-74.423
-74.4237
-74.4226
-74.4151
-74.4061
-74.3943
-74.3859
-74.3846
-74.396
-74.4063
-74.4137
-74.416
-74.4114
-74.4064
-74.3987
-74.3883
-74.378
-74.3656
-74.3526
-74.3385
-74.324
-74.3141
-74.31
-74.3104
-74.3216
-74.3385
-74.3492
-74.3577
-74.3655
-74.3644
-74.3604
-74.3541
-74.3555
-74.3593
-74.3602
-74.3633
-74.3621
-74.3555
-74.3435
-74.3337
-74.3331
-74.3329
-74.329
-74.3199
-74.3102
-74.3009
-74.292
-74.2881
-74.291
-74.2929
-74.2938
-74.2954
-74.2935
-74.2919
-74.2975
-74.3041
-74.3057
-74.3009
-74.2923
-74.2859
-74.2858
-74.2859
-74.2795
-74.2713
-74.263
-74.2535
-74.2486
-74.2507
-74.2522
-74.2475
-74.2409
-74.2347
-74.2248
-74.2106
-74.1932
-74.1809
-74.1737
-74.1628
-74.1541
-74.15
-74.1431
-74.1317
-74.1167
-74.1005
-74.088
-74.0779
-74.0696
-74.0695
-74.0775
-74.086
-74.0888
-74.0962
-74.1085
-74.1192
-74.1258
-74.1345
-74.1396
-74.1385
-74.1353
-74.1324
-74.1357
-74.1524
-74.1708
-74.1797
-74.1787
-74.1713
-74.164
-74.1622
-74.1647
-74.1658
-74.1672
-74.1687
-74.1695
-74.1677
-74.1607
-74.1565
-74.1487
-74.1343
-74.1164
-74.1036
-74.0955
-74.0838
-74.0741
-74.0653
-74.0527
-74.0423
-74.0353
-74.0276
-74.0177
-74.0118
-74.0036
-73.9926
-73.9846
-73.9854
-73.9911
-74.0025
-74.0106
-74.012
-74.0054
-74.0004
-74.0037
-74.0103
-74.0144
-74.0146
-74.0165
-74.0211
-74.0216
-74.0264
-74.0326
-74.037
-74.0379
-74.0324
-74.0276
-74.0184
-74.0046
-73.9899
-73.9737
-73.9621
-73.9533
-73.9404
-73.922
-73.9028
-73.8836
-73.8612
-73.8378
-73.8168
-73.794
-73.7709
-73.7567
-73.7424
-73.7346
-73.7304
-73.7266
-73.7208
-73.7088
-73.6927
-73.6825
-73.6735
-73.6654
-73.6541
-73.6415
-73.6362
-73.6274
-73.6173
-73.6065
-73.5986
-73.6015
-73.6015
-73.5934
-73.5786
-73.5631
-73.5535
-73.5463
-73.5415
-73.5419
-73.5444
-73.5399
-73.528
-73.5106
-73.4894
-73.4655
-73.4397
-73.4126
-73.3844
-73.3555
-73.3293
-73.3178
-73.309
-73.2954
-73.2803
-73.2704
-73.2662
-73.2622
-73.2686
-73.2725
-73.2681
-73.2566
-73.2401
-73.2271
-73.216
-73.2013
-73.1829
-73.1615
-73.1426
-73.1299
-73.1154
-73.0973
-73.0763
-73.0533
-73.0288
-73.0033
-72.9772
-72.9506
-72.9237
-72.8967
-72.8695
-72.8423
-72.8152
-72.7881
-72.7611
-72.7342
-72.7075
-72.6809
-72.6546
-72.6284
-72.6025
-72.5768
-72.5602
-72.5518
-72.5429
-72.5431
-72.5428
-72.537
-72.5262
-72.5195
-72.5199
-72.5202
-72.5275
-72.531
-72.5277
-72.5282
-72.5328
-72.5322
-72.5257
-72.5149
-72.5009
-72.4847
-72.467
-72.4483
-72.4287
-72.4087
-72.3882
-72.3675
-72.3466
-72.3256
-72.3047
-72.2956
-72.294
-72.2893
-72.2803
-72.268
-72.2534
-72.2372
-72.22
-72.2021
-72.1838
-72.1651
-72.1463
-72.1274
-72.1085
-72.0895
-72.0706
-72.0518
-72.0331
-72.0145
-71.9961
-71.9778
-71.9596
-71.9416
-71.9238
-71.9062
-71.8887
-71.8714
-71.8543
-71.8407
-71.8443
-71.85
-71.8507
-71.8467
-71.8393
-71.8295
-71.8182
-71.8058
-71.7927
-71.7791
-71.7651
-71.751
-71.7367
-71.7224
-71.708
-71.6936
-71.6793
-71.6651
-71.6509
-71.6369
-71.6229
-71.6091
-71.5954
-71.5818
-71.5683
-71.555
-71.5418
-71.5288
-71.5159
-71.5032
-71.4906
-71.4781
-71.4658
-71.4537
-71.4416
-71.4298
-71.418
-71.4064
-71.395
-71.3837
-71.3725
-71.3614
-71.3505
-71.3398
-71.3291
-71.3187
-71.3083
-71.2981
-71.288
-71.278
-71.2682
-71.2584
-71.2488
-71.2394
-71.23
-71.2208
-71.2117
-71.2027
-71.1938
-71.1851
-71.1764
-71.1679
-71.1595
-71.1511
-71.1429
-71.1348
-71.1268
-71.1189
-71.1112
-71.1035
-71.0959
-71.0884
-71.081
-71.0737
-71.0665
-71.0594
-71.0524
-71.0455
-71.0387
-71.032
-71.0254
-71.0188
-71.0124
-71.006
-70.9997
-70.9935
-70.9874
-70.9814
-70.9754
-70.9696
-70.9638
-70.9581
-70.9524
-70.9469
-70.9414
-70.936
-70.9307
-70.9254
-70.9203
-70.9151
-70.9101
-70.9051
-70.9003
-70.8954
-70.8907
-70.886
-70.8814
-70.8768
-70.8723
-70.8679
-70.8635
-70.8592
-70.855
-70.8508
-70.8467
-70.8426
-70.8386
-70.8347
-70.8308
-70.8269
-70.8232
-70.8195
-70.8158
-70.8122
-70.8086
-70.8051
-70.8017
-70.7983
-70.7949
-70.7916
-70.7884
-70.7852
-70.782
-70.7789
-70.7759
-70.7729
-70.7699
-70.767
-70.7641
-70.7613
-70.7585
-70.7558
-70.7531
-70.7504
-70.7478
-70.7452
-70.7427
-70.7402
-70.7378
-70.7354
-70.733
-70.7306
-70.7283
-70.7261
-70.7239
-70.7217
-70.7195
-70.7174
-70.7153
-70.7133
-70.7113
-70.7093
-70.7073
-70.7054
-70.7035
-70.7017
-70.6999
-70.6981
-70.6963
-70.6946
-70.6929
-70.6912
-70.6896
-70.688
-70.6864
-70.6848
-70.6833
-70.6818
-70.6803
-70.6789
-70.6775
-70.6761
-70.6747
-70.6734
-70.672
-70.6707
-70.6695
-70.6682
-70.667
-70.6658
-70.6646
-70.6635
-70.6623
-70.6612
-70.6601
-70.6591
-70.658
-70.657
-70.656
-70.655
-70.654
-70.6531
-70.6521
-70.6512
-70.6503
-70.6495
-70.6486
-70.6478
-70.647
-70.6462
-70.6454
-70.6446
-70.6438
-70.6431
-70.6424
-70.6417
-70.641
-70.6403
-70.6397
-70.639
-70.6384
-70.6378
-70.6372
-70.6366
-70.6361
-70.6355
-70.635
-70.6344
-70.6339
-70.6334
-70.6329
-70.6324
-70.632
-70.6315
-70.6311
-70.6307
-70.6302
-70.6298
-70.6294
-70.6291
-70.6287
-70.6283
-70.628
-70.6276
-70.6273
-70.627
-70.6267
-70.6264
-70.6261
-70.6258
-70.6255
-70.6253
-70.625
-70.6248
-70.6246
-70.6243
-70.6241
-70.6239
-70.6237
-70.6235
-70.6233
-70.6231
-70.623
-70.6228
-70.6227
-70.6225
-70.6224
-70.6222
-70.6221
-70.622
-70.6219
-70.6218
-70.6217
-70.6216
-70.6215
-70.6214
-70.6213
-70.6213
-70.6212
-70.6211
-70.6211
-70.621
-70.621
-70.621
-70.6209
-70.6209
-70.6209
-70.6209
-70.6209
-70.6208
-70.6208
-70.6208
-70.6209
-70.6209
-70.6209
-70.6209
-70.6209
-70.621
-70.621
-70.621
-70.6211
-70.6211
-70.6212
-70.6212
-70.6213
-70.6213
-70.6214
-70.6214
-70.6215
-70.6216
-70.6217
-70.6217
-70.6218
-70.6219
-70.622
-70.6221
-70.6222
-70.6223
-70.6224
-70.6225
-70.6226
-70.6227
-70.6228
-70.6229
-70.623
-70.6231
-70.6232
-70.6233
-70.6235
-70.6236
-70.6237
-70.6238
-70.624
-70.6241
-70.6242
-70.6243
-70.6245
-70.6246
-70.6247
-70.6249
-70.625
-70.6252
-70.6253
-70.6255
-70.6256
-70.6257
-70.6259
-70.626
-70.6262
-70.6263
-70.6265
-70.6267
-70.6268
-70.627
-70.6271
-70.6273
-70.6274
-70.6276
-70.6278
-70.6279
-70.6281
-70.6282
-70.6284
-70.6286
-70.6287
-70.6289
-70.6291
-70.6292
-70.6294
-70.6296
-70.6297
-70.6299
-70.6301
-70.6302
-70.6304
-70.6306
-70.6307
-70.6309
-70.6311
-70.6312
-70.6314
-70.6316
-70.6318
-70.6319
-70.6321
-70.6323
-70.6324
-70.6326
-70.6328
-70.633
-70.6331
-70.6333
-70.6335
-70.6336
-70.6338
-70.634
-70.6342
-70.6343
-70.6345
-70.6347
-70.6348
-70.635
-70.6352
-70.6353
-70.6355
-70.6357
-70.6359
-70.636
-70.6362
-70.6364
-70.6365
-70.6367
-70.6369
-70.637
-70.6372
-70.6374
-70.6375
-70.6377
-70.6379
-70.638
-70.6382
-70.6384
-70.6385
-70.6387
-70.6388
-70.639
-70.6392
-70.6393
-70.6395
-70.6397
-70.6398
-70.64
-70.6401
-70.6403
-70.6404
-70.6406
-70.6408
-70.6409
-70.6411
-70.6412
-70.6414
-70.6415
-70.6417
-70.6418
-70.642
-70.6421
-70.6423
-70.6425
-70.6426
-70.6428
-70.6429
-70.643
-70.6432
-70.6433
-70.6435
-70.6436
-70.6438
-70.6439
-70.6441
-70.6442
-70.6444
-70.6445

