-70
-70.1661
-70.23
-70.2566
-70.2695
-70.2773
-70.283
-70.2879
-70.2925
-70.297
-70.3014
-70.3057
-70.31
-70.3142
-70.3185
-70.3226
-70.3268
-70.3309
-70.335
-70.3391
-70.3431
-70.3471
-70.351
-70.3549
-70.3588
-70.3626
-70.3664
-70.3701
-70.3738
-70.3775
-70.3811
-70.3847
-70.3883
-70.3918
-70.3953
-70.3987
-70.4021
-70.4055
-70.4088
-70.4121
-70.4154
-70.4186
-70.4218
-70.4249
-70.428
-70.4311
-70.4341
-70.4372
-70.4401
-70.4431
-70.446
-70.4489
-70.4517
-70.4545
-70.4573
-70.4601
-70.4628
-70.4655
-70.4682
-70.4708
-70.4734
-70.476
-70.4785
-70.481
-70.4835
-70.486
-70.4884
-70.4908
-70.4932
-70.4955
-70.4978
-70.5001
-70.5024
-70.5046
-70.5068
-70.509
-70.5112
-70.5133
-70.5154
-70.5175
-70.5196
-70.5216
-70.5236
-70.5256
-70.5276
-70.5295
-70.5315
-70.5334
-70.5352
-70.5371
-70.5389
-70.5407
-70.5425
-70.5443
-70.5461
-70.5478
-70.5495
-70.5512
-70.5528
-70.5545
-70.5561
-70.5577
-70.5593
-70.5609
-70.5624
-70.5639
-70.5655
-70.5669
-70.5684
-70.5699
-70.5713
-70.5727
-70.5741
-70.5755
-70.5769
-70.5782
-70.5796
-70.5809
-70.5822
-70.5835
-70.5848
-70.586
-70.5873
-70.5885
-70.5897
-70.5909
-70.5921
-70.5932
-70.5944
-70.5955
-70.5966
-70.5977
-70.5988
-70.5999
-70.601
-70.602
-70.603
-70.6041
-70.6051
-70.6061
-70.6071
-70.608
-70.609
-70.6099
-70.6109
-70.6118
-70.6127
-70.6136
-70.6145
-70.6154
-70.6162
-70.6171
-70.6179
-70.6187
-70.6196
-70.6204
-70.6212
-70.622
-70.6227
-70.6235
-70.6242
-70.625
-70.6257
-70.6265
-70.6272
-70.6279
-70.6286
-70.6293
-70.6299
-70.6306
-70.6313
-70.6319
-70.6325
-70.6332
-70.6338
-70.6344
-70.635
-70.6356
-70.6362
-70.6368
-70.6374
-70.6379
-70.6385
-70.639
-70.6396
-70.6401
-70.6406
-70.6411
-70.6417
-70.6422
-70.6427
-70.6431
-70.6436
-70.6441
-70.6446
-70.645
-70.6455
-70.6459
-70.6464
-70.6468
-70.6472
-70.6476
-70.6481
-70.6485
-70.6489
-70.6493
-70.6497
-70.65
-70.6504
-70.6508
-70.6512
-70.6515
-70.6519
-70.6522
-70.6526
-70.6529
-70.6533
-70.6536
-70.6539
-70.6542
-70.6545
-70.6549
-70.6552
-70.6555
-70.6558
-70.656
-70.6563
-70.6566
-70.6569
-70.6572
-70.6574
-70.6577
-70.658
-70.6582
-70.6585
-70.6587
-70.6589
-70.6592
-70.6594
-70.6597
-70.6599
-70.6601
-70.6603
-70.6605
-70.6607
-70.661
-70.6612
-70.6614
-70.6616
-70.6617
-70.6619
-70.6621
-70.6623
-70.6625
-70.6627
-70.6628
-70.663
-70.6632
-70.6633
-70.6635
-70.6637
-70.6638
-70.664
-70.6641
-70.6643
-70.6644
-70.6646
-70.6647
-70.6648
-70.665
-70.6651
-70.6652
-70.6653
-70.6655
-70.6656
-70.6657
-70.6658
-70.6659
-70.666
-70.6662
-70.6663
-70.6664
-70.6665
-70.6666
-70.6667
-70.6668
-70.6669
-70.667
-70.667
-70.6671
-70.6672
-70.6673
-70.6674
-70.6675
-70.6675
-70.6676
-70.6677
-70.6678
-70.6678
-70.6679
-70.668
-70.668
-70.6681
-70.6682
-70.6682
-70.6683
-70.6683
-70.6684
-70.6685
-70.6685
-70.6686
-70.6686
-70.6687
-70.6687
-70.6688
-70.6688
-70.6688
-70.6689
-70.6689
-70.669
-70.669
-70.669
-70.6691
-70.6691
-70.6691
-70.6692
-70.6692
-70.6692
-70.6693
-70.6693
-70.6693
-70.6694
-70.6694
-70.6694
-70.6694
-70.6694
-70.6695
-70.6695
-70.6695
-70.6695
-70.6695
-70.6696
-70.6696
-70.6696
-70.6696
-70.6696
-70.6696
-70.6696
-70.6697
-70.6697
-70.6697
-70.6697
-70.6697
-70.6697
-70.6697
-70.6697
-70.6697
-70.6697
-70.6697
-70.6697
-70.6697
-70.6697
-70.6697
-70.6697
-70.6697
-70.6697
-70.6697
-70.6697
-70.6697
-70.6697
-70.6697
-70.6697
-70.6697
-70.6697
-70.6697
-70.6697
-70.6697
-70.6697
-70.6697
-70.6697
-70.6697
-70.6697
-70.6697
-70.6696
-70.6696
-70.6696
-70.6696
-70.6696
-70.6696
-70.6696
-70.6696
-70.6696
-70.6695
-70.6695
-70.6695
-70.6695
-70.6695
-70.6695
-70.6695
-70.6695
-70.6694
-70.6694
-70.6694
-70.6694
-70.6694
-70.6694
-70.6693
-70.6693
-70.6693
-70.6693
-70.6693
-70.6693
-70.6693
-70.6692
-70.6692
-70.6692
-70.6692
-70.6692
-70.6691
-70.6691
-70.6691
-70.6691
-70.6691
-70.6691
-70.669
-70.669
-70.669
-70.669
-70.669
-70.6689
-70.6689
-70.6689
-70.6689
-70.6689
-70.6688
-70.6688
-70.6688
-70.6688
-70.6688
-70.6687
-70.6687
-70.6687
-70.6687
-70.6686
-70.6686
-70.6686
-70.6686
-70.6686
-70.6685
-70.6685
-70.6685
-70.6685
-70.6685
-70.6684
-70.6684
-70.6684
-70.6684
-70.6684
-70.6683
-70.6683
-70.6683
-70.6683
-70.6682
-70.6682
-70.6682
-70.6682
-70.6682
-70.6681
-70.6681
-70.6681
-70.6681
-70.6681
-70.6763
-70.9332
-71.7922
-72.7666
-73.5056
-73.9834
-62.2038
-53.3413
-50.7629
-48.9358
-46.1001
-26.4942
-15.5229
-41.6393
-68.4784
-68.6339
-67.6276
-66.5743
-65.5051
-64.4379
-63.3909
-62.3819
-61.4263
-60.5347
-59.4966
-58.5843
-57.8278
-57.1733
-56.6026
-56.1082
-55.6775
-55.2702
-54.9314
-54.6537
-54.4265
-54.2416
-54.0918
-53.9542
-53.8344
-53.7424
-53.6725
-53.6194
-53.5796
-53.5503
-53.5225
-53.4885
-53.465
-53.4505
-53.4422
-53.4382
-53.4371
-53.4382
-53.4411
-53.434
-53.4199
-53.413
-53.4113
-53.4127
-53.4159
-53.4203
-53.4254
-53.431
-53.4372
-53.4438
-53.448
-53.4292
-53.4171
-53.413
-53.4131
-53.4154
-53.4189
-53.4231
-53.4276
-53.4324
-53.4375
-53.4426
-53.448
-53.4534
-53.4587
-53.4633
-53.4672
-53.4705
-53.4346
-53.4112
-53.4016
-53.3975
-53.395
-53.3917
-53.3856
-53.3727
-53.3375
-53.0714
-52.5605
-52.5794
-52.7251
-52.864
-52.9687
-53.0408
-53.0892
-53.1226
-53.1481
-53.1708
-53.1943
-53.2211
-53.2541
-53.2962
-53.3507
-53.4197
-53.5031
-53.5259
-53.4938
-53.4804
-53.4769
-53.4791
-53.4852
-53.494
-53.5051
-53.5184
-53.5339
-53.5516
-53.5716
-53.594
-53.6189
-53.6464
-53.6769
-53.7104
-53.7474
-53.7881
-53.8327
-53.8814
-53.9347
-53.9927
-54.0558
-54.1244
-54.1989
-54.2794
-54.3663
-54.4602
-54.5616
-54.671
-54.7889
-54.9159
-55.0527
-55.1999
-55.3578
-55.5262
-54.1707
-53.3977
-53.2293
-53.2246
-53.2625
-53.3085
-53.3528
-53.3932
-53.4299
-53.4638
-53.4954
-53.5252
-53.5539
-53.582
-53.61
-53.6385
-53.6679
-53.6985
-53.7309
-53.7665
-53.8066
-53.8491
-53.8938
-53.9413
-53.9946
-54.0563
-54.1214
-54.1895
-54.2613
-54.3378
-54.425
-54.5192
-54.6181
-54.7221
-54.8339
-54.9616
-55.0983
-55.2405
-55.3889
-55.5441
-55.71
-55.8977
-56.0953
-56.2976
-54.0753
-53.2169
-53.0595
-53.0788
-53.1393
-53.2032
-53.2607
-53.3109
-53.3549
-53.3935
-53.4276
-53.4582
-53.4874
-53.5156
-53.5426
-53.5688
-53.5948
-53.6212
-53.6491
-53.6794
-53.7126
-53.7475
-53.7841
-53.8253
-53.8719
-53.9208
-53.9719
-54.026
-54.0836
-54.1458
-54.2166
-54.2933
-54.3786
-54.4684
-54.5648
-54.6772
-54.7963
-54.9181
-55.0444
-55.1767
-55.3156
-55.4648
-55.6311
-55.8044
-55.9942
-56.1931
-56.4088
-56.6496
-56.8903
-57.1268
-57.3624
-57.5995
-57.8387
-58.0866
-54.309
-52.9865
-52.7581
-52.7992
-52.9036
-53.0116
-53.1065
-53.1857
-53.2511
-53.3059
-53.3526
-53.393
-53.4295
-53.4629
-53.4937
-53.5228
-53.5525
-53.5841
-53.6164
-53.6485
-53.6808
-53.7144
-53.7497
-53.7872
-53.8276
-53.8739
-53.9247
-53.9855
-54.0536
-54.1236
-54.1956
-54.2709
-54.3504
-54.435
-54.5253
-54.6219
-54.7251
-54.8424
-54.9834
-55.1483
-54.856
-53.549
-53.242
-53.1997
-53.2253
-53.2653
-53.3049
-53.3406
-53.3721
-53.4003
-53.4267
-53.4534
-53.48
-53.506
-53.5305
-53.5542
-53.5778
-53.6019
-53.6269
-53.6567
-53.7037
-53.7653
-53.8343
-53.9082
-53.9853
-54.0656
-54.146
-54.2271
-54.3141
-54.4265
-54.6025
-54.8284
-55.0602
-55.2716
-55.4675
-55.6601
-55.8565
-56.0635
-56.2946
-56.5715
-56.8978
-57.2486
-57.6136
-57.979
-58.3411
-58.7066
-59.0795
-59.4643
-59.868
-60.3095
-60.7994
-61.3182
-61.8474
-62.3725
-62.8816
-63.3804
-63.8706
-64.3531
-64.8342
-65.3283
-65.8442
-66.3687
-66.8951
-67.405
-67.8832
-68.3249
-68.7406
-69.1313
-69.4991
-69.8566
-70.2096
-70.5587
-70.9003
-71.23
-71.5369
-71.8114
-72.0537
-72.2729
-72.4716
-72.6531
-72.8267
-72.9938
-73.1549
-73.3101
-73.4575
-73.5933
-73.7117
-73.8115
-73.898
-73.9752
-74.0454
-74.112
-74.1751
-74.2361
-74.295
-74.352
-74.4041
-74.45
-74.4867
-74.5154
-74.5396
-74.5623
-74.584
-74.6047
-74.6258
-74.6463
-74.6664
-74.687
-74.7046
-74.7196
-74.7297
-74.7351
-74.7392
-74.744
-74.7489
-74.7552
-74.7622
-74.7685
-74.7755
-74.7844
-74.7909
-74.7953
-74.7974
-74.7965
-74.7954
-74.7946
-74.7938
-74.7948
-74.7973
-74.7995
-74.8021
-74.8069
-74.8106
-74.8112
-74.8103
-74.8086
-74.8068
-74.804
-74.8014
-74.8001
-74.8009
-74.8025
-74.8033
-74.8052
-74.8087
-74.8106
-74.8091
-74.8064
-74.8046
-74.8028
-74.7992
-74.7957
-74.7954
-74.7963
-74.7966
-74.7961
-74.7979
-74.8004
-74.8016
-74.8004
-74.7976
-74.796
-74.7939
-74.7921
-74.7894
-74.7872
-74.7879
-74.7889
-74.7882
-74.788
-74.7897
-74.7919
-74.7926
-74.7913
-74.7885
-74.7861
-74.7825
-74.78
-74.7784
-74.7773
-74.7767
-74.7773
-74.7765
-74.7759
-74.7773
-74.779
-74.78
-74.7818
-74.7816
-74.7782
-74.7752
-74.7711
-74.768
-74.7681
-74.7684
-74.7675
-74.7669
-74.7657
-74.7662
-74.7674
-74.7692
-74.7701
-74.7708
-74.7703
-74.7669
-74.7631
-74.7598
-74.7562
-74.7537
-74.7542
-74.7542
-74.7529
-74.7512
-74.7516
-74.7535
-74.7561
-74.7593
-74.7618
-74.7626
-74.7612
-74.7566
-74.7516
-74.748
-74.7464
-74.7447
-74.7424
-74.7418
-74.7409
-74.7395
-74.7387
-74.7393
-74.7409
-74.745
-74.7487
-74.7498
-74.75
-74.7477
-74.7429
-74.736
-74.7307
-74.7289
-74.7289
-74.728
-74.7254
-74.7246
-74.7252
-74.7241
-74.724
-74.7263
-74.7302
-74.735
-74.7387
-74.7394
-74.7385
-74.7363
-74.7323
-74.7259
-74.7195
-74.7157
-74.7148
-74.7141
-74.7117
-74.7085
-74.7071
-74.7066
-74.7075
-74.708
-74.7106
-74.7153
-74.7204
-74.7232
-74.7219
-74.7189
-74.7188
-74.7162
-74.7111
-74.7039
-74.6994
-74.6981
-74.6975
-74.6956
-74.6911
-74.6903
-74.69
-74.6886
-74.6894
-74.6912
-74.6939
-74.6979
-74.7032
-74.7064
-74.7058
-74.7045
-74.7026
-74.7016
-74.6996
-74.694
-74.6899
-74.6859
-74.6831
-74.6792
-74.6741
-74.6716
-74.671
-74.6712
-74.6703
-74.6676
-74.6672
-74.6678
-74.6691
-74.6726
-74.6782
-74.6815
-74.6833
-74.6839
-74.6815
-74.6794
-74.6768
-74.6716
-74.669
-74.6684
-74.6654
-74.661
-74.6557
-74.6513
-74.6502
-74.6513
-74.6534
-74.6527
-74.6497
-74.6468
-74.6425
-74.6404
-74.641
-74.6452
-74.6514
-74.6545
-74.658
-74.6601
-74.6594
-74.6573
-74.6523
-74.6474
-74.6465
-74.645
-74.6413
-74.6382
-74.6346
-74.629
-74.6258
-74.6261
-74.6248
-74.6257
-74.6283
-74.6283
-74.6246
-74.6176
-74.6098
-74.6049
-74.6012
-74.6026
-74.6086
-74.6141
-74.6201
-74.6252
-74.6271
-74.6271
-74.6226
-74.6156
-74.6139
-74.6144
-74.6145
-74.6135
-74.6107
-74.6065
-74.5979
-74.5911
-74.5912
-74.5913
-74.5939
-74.5978
-74.6001
-74.5971
-74.589
-74.5836
-74.5784
-74.572
-74.5676
-74.5636
-74.5611
-74.5629
-74.5727
-74.5849
-74.5919
-74.594
-74.5903
-74.5823
-74.5777
-74.5763
-74.5752
-74.574
-74.5727
-74.5704
-74.5674
-74.5624
-74.5583
-74.5537
-74.5477
-74.5433
-74.541
-74.5403
-74.5387
-74.5374
-74.5414
-74.5427
-74.5389
-74.5314
-74.526
-74.5223
-74.5212
-74.5195
-74.5178
-74.5134
-74.5109
-74.5135
-74.522
-74.5344
-74.5415
-74.5417
-74.5397
-74.5331
-74.5277
-74.5255
-74.5229
-74.5193
-74.5151
-74.5114
-74.5087
-74.5064
-74.5069
-74.5045
-74.4985
-74.492
-74.4889
-74.4853
-74.4799
-74.472
-74.4667
-74.4613
-74.4559
-74.454
-74.4546
-74.4563
-74.457
-74.4587
-74.4645
-74.4717
-74.4724
-74.467
-74.4598
-74.4541
-74.4524
-74.4515
-74.4486
-74.4503
-74.4528
-74.4547
-74.4596
-74.4666
-74.4693
-74.4691
-74.4719
-74.471
-74.464
-74.4576
-74.4531
-74.45
-74.4453
-74.4369
-74.43
-74.4246
-74.4192
-74.4126
-74.4086
-74.4078
-74.4122
-74.4147
-74.4122
-74.4029
-74.3895
-74.3769
-74.3696
-74.3651
-74.3577
-74.3461
-74.3305
-74.319
-74.311
-74.3102
-74.3179
-74.3287
-74.3363
-74.3398
-74.3372
-74.3314
-74.3253
-74.3187
-74.3154
-74.3153
-74.3116
-74.3109
-74.3203
-74.3291
-74.3306
-74.33
-74.3337
-74.3407
-74.3429
-74.3437
-74.3446
-74.3563
-74.365
-74.3671
-74.3664
-74.3594
-74.3508
-74.34
-74.3297
-74.3238
-74.3218
-74.3212
-74.3144
-74.3016
-74.2952
-74.2983
-74.2999
-74.2956
-74.2934
-74.2908
-74.2855
-74.2788
-74.2697
-74.2573
-74.2496
-74.2432
-74.2313
-74.2143
-74.1955
-74.1769
-74.1674
-74.1608
-74.1548
-74.1465
-74.1362
-74.1266
-74.1207
-74.1163
-74.1105
-74.103
-74.0979
-74.0874
-74.0745
-74.0716
-74.0766
-74.0838
-74.0887
-74.0888
-74.0892
-74.0933
-74.0983
-74.0999
-74.0955
-74.0899
-74.0872
-74.092
-74.0979
-74.1018
-74.1051
-74.1053
-74.1049
-74.1046
-74.1064
-74.1098
-74.1076
-74.1037
-74.0942
-74.0848
-74.0809
-74.0882
-74.1019
-74.114
-74.1154
-74.1095
-74.1048
-74.1091
-74.117
-74.1226
-74.1312
-74.1421
-74.1586
-74.1724
-74.1761
-74.1766
-74.1734
-74.1693
-74.1708
-74.169
-74.1635
-74.1558
-74.1419
-74.1229
-74.1066
-74.0944
-74.0844
-74.0742
-74.0643
-74.0549
-74.0457
-74.0355
-74.02
-74.0015
-73.9876
-73.9718
-73.9606
-73.9584
-73.9647
-73.9788
-73.9841
-73.9784
-73.9645
-73.9457
-73.9277
-73.9103
-73.8935
-73.8771
-73.8601
-73.8401
-73.8219
-73.802
-73.7787
-73.7525
-73.7276
-73.7064
-73.6937
-73.6833
-73.6749
-73.6758
-73.6739
-73.6677
-73.6689
-73.6758
-73.6781
-73.6714
-73.6598
-73.6487
-73.6366
-73.6252
-73.6098
-73.5904
-73.5741
-73.5607
-73.5551
-73.5521
-73.5486
-73.5388
-73.5231
-73.5028
-73.483
-73.47
-73.468
-73.4651
-73.4567
-73.4495
-73.4396
-73.4319
-73.4217
-73.4134
-73.4038
-73.3893
-73.3704
-73.3483
-73.3308
-73.316
-73.3022
-73.2918
-73.2781
-73.2612
-73.2516
-73.2495
-73.2439
-73.2471
-73.2644
-73.2839
-73.2925
-73.2904
-73.2822
-73.2769
-73.2687
-73.2554
-73.2379
-73.2208
-73.2166
-73.2217
-73.2346
-73.2421
-73.2443
-73.2459
-73.2411
-73.2299
-73.2172
-73.2091
-73.1982
-73.1893
-73.1824
-73.1712
-73.1554
-73.1362
-73.1144
-73.091
-73.0722
-73.0598
-73.0454
-73.0276
-73.0069
-72.9843
-72.9603
-72.9355
-72.91
-72.8841
-72.8579
-72.8315
-72.8051
-72.7787
-72.7523
-72.726
-72.6998
-72.6737
-72.6478
-72.622
-72.5965
-72.5711
-72.546
-72.521
-72.4963
-72.4719
-72.4477
-72.4241
-72.413
-72.4077
-72.3994
-72.3872
-72.3722
-72.3552
-72.3368
-72.3194
-72.3157
-72.3144
-72.3088
-72.299
-72.2861
-72.271
-72.2544
-72.2369
-72.2188
-72.2002
-72.1813
-72.1622
-72.1431
-72.1239
-72.1047
-72.0856
-72.0666
-72.0476
-72.0288
-72.0102
-71.9916
-71.9733
-71.9551
-71.937
-71.9192
-71.9015
-71.884
-71.8667
-71.8496
-71.8326
-71.8159
-71.7993
-71.7829
-71.7668
-71.7507
-71.7349
-71.7193
-71.7038
-71.6886
-71.6735
-71.6586
-71.6439
-71.6293
-71.6149
-71.6007
-71.5867
-71.5728
-71.5591
-71.5456
-71.5322
-71.519
-71.506
-71.4931
-71.4804
-71.4678
-71.4554
-71.4432
-71.4311
-71.4191
-71.4073
-71.3957
-71.3842
-71.3728
-71.3616
-71.3505
-71.3396
-71.3288
-71.3181
-71.3076
-71.2972
-71.287
-71.2768
-71.2669
-71.257
-71.2473
-71.2377
-71.2282
-71.2189
-71.2096
-71.2005
-71.1915
-71.1826
-71.1739
-71.1652
-71.1567
-71.1483
-71.14
-71.1318
-71.1237
-71.1157
-71.1078
-71.1
-71.0924
-71.0848
-71.0773
-71.07
-71.0627
-71.0555
-71.0485
-71.0415
-71.0346
-71.0278
-71.0211
-71.0145
-71.008
-71.0015
-70.9952
-70.9889
-70.9828
-70.9767
-70.9707
-70.9647
-70.9589
-70.9532
-70.9475
-70.9419
-70.9364
-70.9309
-70.9255
-70.9203
-70.915
-70.9099
-70.9048
-70.8998
-70.8949
-70.89
-70.8852
-70.8805
-70.8759
-70.8713
-70.8668
-70.8623
-70.8579
-70.8536
-70.8493
-70.8451
-70.841
-70.8369
-70.8329
-70.8289
-70.825
-70.8212
-70.8174
-70.8137
-70.81
-70.8064
-70.8028
-70.7993
-70.7958
-70.7924
-70.7891
-70.7858
-70.7825
-70.7793
-70.7761
-70.773
-70.77
-70.767
-70.764
-70.7611
-70.7582
-70.7554
-70.7526
-70.7499
-70.7472
-70.7445
-70.7419
-70.7393
-70.7368
-70.7343
-70.7319
-70.7295
-70.7271
-70.7248
-70.7225
-70.7202
-70.718
-70.7158
-70.7137
-70.7116
-70.7095
-70.7075
-70.7055
-70.7035
-70.7015
-70.6996
-70.6978
-70.6959
-70.6941
-70.6924
-70.6906
-70.6889
-70.6872
-70.6856
-70.6839
-70.6823
-70.6808
-70.6792
-70.6777
-70.6762
-70.6748
-70.6734
-70.672
-70.6706
-70.6692
-70.6679
-70.6666
-70.6653
-70.6641
-70.6628
-70.6616
-70.6604
-70.6593
-70.6581
-70.657
-70.6559
-70.6549
-70.6538
-70.6528
-70.6518
-70.6508
-70.6498
-70.6489
-70.648
-70.6471
-70.6462
-70.6453
-70.6444
-70.6436
-70.6428
-70.642
-70.6412
-70.6405
-70.6397
-70.639
-70.6383
-70.6376
-70.6369
-70.6362
-70.6356
-70.6349
-70.6343
-70.6337
-70.6331
-70.6326
-70.632
-70.6315
-70.6309
-70.6304
-70.6299
-70.6294
-70.6289
-70.6285
-70.628
-70.6276
-70.6271
-70.6267
-70.6263
-70.6259
-70.6255
-70.6252
-70.6248
-70.6245
-70.6241
-70.6238
-70.6235
-70.6232
-70.6229
-70.6226
-70.6223
-70.6221
-70.6218
-70.6216
-70.6213
-70.6211
-70.6209
-70.6207
-70.6205
-70.6203
-70.6201
-70.6199
-70.6197
-70.6196
-70.6194
-70.6193
-70.6191
-70.619
-70.6189
-70.6187
-70.6186
-70.6185
-70.6184
-70.6183
-70.6183
-70.6182
-70.6181
-70.618
-70.618
-70.6179
-70.6179
-70.6178
-70.6178
-70.6178
-70.6177
-70.6177
-70.6177
-70.6177
-70.6177
-70.6177
-70.6177
-70.6177
-70.6177
-70.6177
-70.6178
-70.6178
-70.6178
-70.6179
-70.6179
-70.618
-70.618
-70.6181
-70.6181
-70.6182
-70.6182
-70.6183
-70.6184
-70.6185
-70.6185
-70.6186
-70.6187
-70.6188
-70.6189
-70.619
-70.6191
-70.6192
-70.6193
-70.6194
-70.6195
-70.6196
-70.6197
-70.6198
-70.6199
-70.6201
-70.6202
-70.6203
-70.6204
-70.6206
-70.6207
-70.6208
-70.621
-70.6211
-70.6212
-70.6214
-70.6215
-70.6217
-70.6218
-70.622
-70.6221
-70.6223
-70.6224
-70.6226
-70.6227
-70.6229
-70.623
-70.6232
-70.6234
-70.6235
-70.6237
-70.6238
-70.624
-70.6242
-70.6243
-70.6245
-70.6247
-70.6248
-70.625
-70.6252
-70.6254
-70.6255
-70.6257
-70.6259
-70.6261
-70.6262
-70.6264
-70.6266
-70.6268
-70.6269
-70.6271
-70.6273
-70.6275
-70.6277
-70.6278
-70.628
-70.6282
-70.6284
-70.6286
-70.6288
-70.6289
-70.6291
-70.6293
-70.6295
-70.6297
-70.6299
-70.63
-70.6302
-70.6304
-70.6306
-70.6308
-70.631
-70.6311
-70.6313
-70.6315
-70.6317
-70.6319
-70.6321
-70.6322
-70.6324
-70.6326
-70.6328
-70.633
-70.6331
-70.6333
-70.6335
-70.6337
-70.6339
-70.6341
-70.6342
-70.6344
-70.6346
-70.6348
-70.635
-70.6351
-70.6353
-70.6355
-70.6357
-70.6358
-70.636
-70.6362
-70.6364
-70.6366
-70.6367
-70.6369
-70.6371
-70.6373
-70.6374
-70.6376
-70.6378
-70.6379
-70.6381
-70.6383
-70.6385
-70.6386
-70.6388
-70.639
-70.6391
-70.6393
-70.6395
-70.6396
-70.6398
-70.64
-70.6401
-70.6403
-70.6405
-70.6406
-70.6408
-70.6409
-70.6411
-70.6413
-70.6414
-70.6416
-70.6417
-70.6419
-70.6421
-70.6422
-70.6424
-70.6425
-70.6427
-70.6428
-70.643
-70.6431
-70.6433
-70.6434
-70.6436
-70.6437
-70.6439
-70.644
-70.6442
-70.6443
-70.6445

