-70
-70.1661
-70.23
-70.2566
-70.2695
-70.2773
-70.283
-70.2879
-70.2925
-70.297
-70.3014
-70.3057
-70.31
-70.3142
-70.3185
-70.3226
-70.3268
-70.3309
-70.335
-70.3391
-70.3431
-70.3471
-70.351
-70.3549
-70.3588
-70.3626
-70.3664
-70.3701
-70.3738
-70.3775
-70.3811
-70.3847
-70.3883
-70.3918
-70.3953
-70.3987
-70.4021
-70.4055
-70.4088
-70.4121
-70.4154
-70.4186
-70.4218
-70.4249
-70.428
-70.4311
-70.4341
-70.4372
-70.4401
-70.4431
-70.446
-70.4489
-70.4517
-70.4545
-70.4573
-70.4601
-70.4628
-70.4655
-70.4682
-70.4708
-70.4734
-70.476
-70.4785
-70.481
-70.4835
-70.486
-70.4884
-70.4908
-70.4932
-70.4955
-70.4978
-70.5001
-70.5024
-70.5046
-70.5068
-70.509
-70.5112
-70.5133
-70.5154
-70.5175
-70.5196
-70.5216
-70.5236
-70.5256
-70.5276
-70.5295
-70.5315
-70.5334
-70.5352
-70.5371
-70.5389
-70.5407
-70.5425
-70.5443
-70.5461
-70.5478
-70.5495
-70.5512
-70.5528
-70.5545
-70.5561
-70.5577
-70.5593
-70.5609
-70.5624
-70.5639
-70.5655
-70.5669
-70.5684
-70.5699
-70.5713
-70.5727
-70.5741
-70.5755
-70.5769
-70.5782
-70.5796
-70.5809
-70.5822
-70.5835
-70.5848
-70.586
-70.5873
-70.5885
-70.5897
-70.5909
-70.5921
-70.5932
-70.5944
-70.5955
-70.5966
-70.5977
-70.5988
-70.5999
-70.601
-70.602
-70.603
-70.6041
-70.6051
-70.6061
-70.6071
-70.608
-70.609
-70.6099
-70.6109
-70.6118
-70.6127
-70.6136
-70.6145
-70.6154
-70.6162
-70.6171
-70.6179
-70.6187
-70.6196
-70.6204
-70.6212
-70.622
-70.6227
-70.6235
-70.6242
-70.625
-70.6257
-70.6265
-70.6272
-70.6279
-70.6286
-70.6293
-70.6299
-70.6306
-70.6313
-70.6319
-70.6325
-70.6332
-70.6338
-70.6344
-70.635
-70.6356
-70.6362
-70.6368
-70.6374
-70.6379
-70.6385
-70.639
-70.6396
-70.6401
-70.6406
-70.6411
-70.6417
-70.6422
-70.6427
-70.6431
-70.6436
-70.6441
-70.6446
-70.645
-70.6455
-70.6459
-70.6464
-70.6468
-70.6472
-70.6476
-70.6481
-70.6485
-70.6489
-70.6493
-70.6497
-70.65
-70.6504
-70.6508
-70.6512
-70.6515
-70.6519
-70.6522
-70.6526
-70.6529
-70.6533
-70.6536
-70.6539
-70.6542
-70.6545
-70.6549
-70.6552
-70.6555
-70.6558
-70.656
-70.6563
-70.6566
-70.6569
-70.6572
-70.6574
-70.6577
-70.658
-70.6582
-70.6585
-70.6587
-70.6589
-70.6592
-70.6594
-70.6597
-70.6599
-70.6601
-70.6603
-70.6605
-70.6607
-70.661
-70.6612
-70.6614
-70.6616
-70.6617
-70.6619
-70.6621
-70.6623
-70.6625
-70.6627
-70.6628
-70.663
-70.6632
-70.6633
-70.6635
-70.6637
-70.6638
-70.664
-70.6641
-70.6643
-70.6644
-70.6646
-70.6647
-70.6648
-70.665
-70.6651
-70.6652
-70.6653
-70.6655
-70.6656
-70.6657
-70.6658
-70.6659
-70.666
-70.6662
-70.6663
-70.6664
-70.6665
-70.6666
-70.6667
-70.6668
-70.6669
-70.667
-70.667
-70.6671
-70.6672
-70.6673
-70.6674
-70.6675
-70.6675
-70.6676
-70.6677
-70.6678
-70.6678
-70.6679
-70.668
-70.668
-70.6681
-70.6682
-70.6682
-70.6683
-70.6683
-70.6684
-70.6685
-70.6685
-70.6686
-70.6686
-70.6687
-70.6687
-70.6688
-70.6688
-70.6688
-70.6689
-70.6689
-70.669
-70.669
-70.669
-70.6691
-70.6691
-70.6691
-70.6692
-70.6692
-70.6692
-70.6693
-70.6693
-70.6693
-70.6694
-70.6694
-70.6694
-70.6694
-70.6694
-70.6695
-70.6695
-70.6695
-70.6695
-70.6695
-70.6696
-70.6696
-70.6696
-70.6696
-70.6696
-70.6696
-70.6696
-70.6697
-70.6697
-70.6697
-70.6697
-70.6697
-70.6697
-70.6697
-70.6697
-70.6697
-70.6697
-70.6697
-70.6697
-70.6697
-70.6697
-70.6697
-70.6697
-70.6697
-70.6697
-70.6697
-70.6697
-70.6697
-70.6697
-70.6697
-70.6697
-70.6697
-70.6697
-70.6697
-70.6697
-70.6697
-70.6697
-70.6697
-70.6697
-70.6697
-70.6697
-70.6697
-70.6696
-70.6696
-70.6696
-70.6696
-70.6696
-70.6696
-70.6696
-70.6696
-70.6696
-70.6695
-70.6695
-70.6695
-70.6695
-70.6695
-70.6695
-70.6695
-70.6695
-70.6694
-70.6694
-70.6694
-70.6694
-70.6694
-70.6694
-70.6693
-70.6693
-70.6693
-70.6693
-70.6693
-70.6693
-70.6693
-70.6692
-70.6692
-70.6692
-70.6692
-70.6692
-70.6691
-70.6691
-70.6691
-70.6691
-70.6691
-70.6691
-70.669
-70.669
-70.669
-70.669
-70.669
-70.6689
-70.6689
-70.6689
-70.6689
-70.6689
-70.6688
-70.6688
-70.6688
-70.6688
-70.6688
-70.6687
-70.6687
-70.6687
-70.6687
-70.6686
-70.6686
-70.6686
-70.6686
-70.6686
-70.6685
-70.6685
-70.6685
-70.6685
-70.6685
-70.6684
-70.6684
-70.6684
-70.6684
-70.6684
-70.6683
-70.6683
-70.6683
-70.6683
-70.6682
-70.6682
-70.6682
-70.6682
-70.6682
-70.6681
-70.6681
-70.6681
-70.6681
-70.6681
-70.6781
-70.8547
-71.4956
-72.3689
-73.1789
-73.7364
-74.0323
-64.0374
-53.7539
-50.9312
-49.0173
-46.0745
-24.7299
-16.2232
-42.2874
-68.5758
-68.6074
-67.5873
-66.5197
-65.4337
-64.3475
-63.2792
-62.2459
-61.2621
-60.3394
-59.4248
-58.5544
-57.7922
-57.131
-56.5524
-56.0485
-55.6108
-55.2304
-54.9029
-54.6224
-54.3894
-54.1979
-54.0408
-53.9098
-53.8015
-53.7125
-53.6415
-53.5846
-53.5389
-53.5036
-53.4757
-53.4532
-53.435
-53.4211
-53.4113
-53.4046
-53.4003
-53.3979
-53.3959
-53.391
-53.3876
-53.385
-53.3836
-53.3836
-53.3845
-53.3861
-53.3881
-53.3903
-53.3928
-53.3955
-53.3954
-53.3949
-53.3954
-53.3946
-53.3938
-53.394
-53.3948
-53.394
-53.3939
-53.3946
-53.3957
-53.3972
-53.3987
-53.4001
-53.4014
-53.4025
-53.4021
-53.399
-53.3967
-53.395
-53.3931
-53.3901
-53.3852
-53.377
-53.3478
-53.1608
-53.1176
-53.1609
-53.21
-53.2482
-53.2748
-53.2925
-53.3044
-53.313
-53.3202
-53.3271
-53.3348
-53.344
-53.3556
-53.3706
-53.39
-53.4141
-53.4367
-53.4398
-53.4415
-53.445
-53.4504
-53.458
-53.4673
-53.478
-53.4903
-53.4811
-53.4477
-53.4335
-53.4299
-53.4312
-53.4348
-53.4398
-53.4459
-53.4527
-53.4602
-53.4685
-53.4776
-53.4875
-53.4982
-53.5099
-53.5227
-53.5366
-53.5517
-53.5682
-53.5862
-53.6058
-53.6272
-53.6504
-53.6758
-53.7035
-53.7337
-53.7668
-53.589
-53.4907
-53.459
-53.454
-53.4596
-53.4695
-53.4816
-53.4949
-53.509
-53.524
-53.5397
-53.5563
-53.5484
-53.4872
-53.4586
-53.45
-53.4507
-53.4558
-53.463
-53.4718
-53.4817
-53.4923
-53.5034
-53.5153
-53.5281
-53.5417
-53.5563
-53.5722
-53.5904
-53.6105
-53.6323
-53.6556
-53.6803
-53.707
-53.7359
-53.7673
-53.8013
-53.8382
-53.8797
-53.9258
-53.9795
-54.0398
-53.6725
-53.4538
-53.3966
-53.3905
-53.4003
-53.4146
-53.43
-53.4458
-53.4614
-53.4777
-53.4939
-53.5098
-53.5259
-53.5424
-53.5596
-53.5776
-53.5967
-53.5984
-53.4909
-53.4434
-53.4301
-53.43
-53.4349
-53.442
-53.4501
-53.4588
-53.4679
-53.4775
-53.4878
-53.4992
-53.5119
-53.5258
-53.5411
-53.5571
-53.5738
-53.5916
-53.6107
-53.6313
-53.6535
-53.6776
-53.7053
-53.7378
-53.7739
-53.8132
-53.8567
-53.9024
-53.9507
-54.0021
-54.0572
-54.1165
-54.1803
-53.6685
-53.4116
-53.3539
-53.3529
-53.3675
-53.3858
-53.404
-53.4211
-53.4371
-53.4523
-53.4583
-53.4302
-53.4171
-53.4151
-53.4184
-53.4237
-53.4298
-53.4367
-53.4441
-53.4517
-53.4595
-53.4678
-53.4764
-53.4857
-53.4956
-53.5068
-53.5126
-53.4635
-53.4382
-53.4299
-53.4296
-53.4329
-53.4377
-53.4434
-53.4497
-53.4566
-53.4649
-53.4742
-53.4839
-53.4942
-53.5059
-53.5183
-53.5316
-53.5457
-53.5212
-53.4592
-53.4345
-53.4282
-53.4298
-53.4343
-53.4404
-53.4477
-53.4554
-53.4635
-53.4721
-53.4813
-53.4911
-53.5017
-53.5132
-53.5266
-53.5436
-53.5629
-53.5836
-53.6056
-53.6299
-53.6573
-53.686
-53.7191
-53.7638
-53.8324
-53.9219
-54.0297
-54.141
-54.2436
-54.3393
-54.4399
-54.5548
-54.7063
-54.9054
-55.1524
-55.4193
-55.6742
-55.9088
-56.1345
-56.362
-56.6004
-56.8644
-57.1798
-57.5414
-57.9519
-58.3813
-58.8085
-59.2264
-59.6364
-60.0446
-56.3432
-53.3142
-52.6925
-52.6514
-52.7644
-52.9066
-53.0394
-53.1538
-53.2496
-53.3305
-53.4002
-53.4621
-53.5189
-53.573
-53.6261
-53.6799
-53.7339
-53.7881
-53.8434
-53.8997
-53.958
-54.0198
-54.0869
-54.1618
-54.2465
-54.3409
-54.4451
-54.557
-54.6743
-54.7986
-54.9295
-55.0683
-55.217
-55.3787
-55.5602
-55.7671
-55.9955
-56.2408
-56.5064
-56.7824
-57.067
-57.3631
-57.6704
-57.9905
-58.3277
-58.6933
-59.0998
-59.5363
-59.9855
-60.4486
-60.9266
-61.4033
-61.8771
-62.3521
-62.8234
-63.302
-63.7901
-64.3058
-64.8411
-65.3765
-65.8943
-66.4035
-66.9028
-67.3773
-67.8216
-68.2422
-68.6435
-69.0322
-69.4105
-69.7931
-70.1638
-70.5165
-70.8453
-71.1525
-71.4429
-71.7121
-71.953
-72.1684
-72.37
-72.5582
-72.7357
-72.9125
-73.0779
-73.2285
-73.3674
-73.4937
-73.6077
-73.7129
-73.8072
-73.8876
-73.9589
-74.0252
-74.0864
-74.1484
-74.2102
-74.263
-74.3117
-74.356
-74.3958
-74.431
-74.4627
-74.4902
-74.5146
-74.5352
-74.5523
-74.5685
-74.5877
-74.6078
-74.6227
-74.6364
-74.6494
-74.6599
-74.6685
-74.6761
-74.6832
-74.6895
-74.6965
-74.6992
-74.7008
-74.7044
-74.7122
-74.7188
-74.7227
-74.7268
-74.7296
-74.731
-74.7319
-74.7331
-74.7337
-74.7347
-74.7352
-74.7344
-74.7323
-74.7316
-74.7351
-74.7371
-74.7374
-74.739
-74.7395
-74.7385
-74.7379
-74.7368
-74.7353
-74.7348
-74.7341
-74.7319
-74.7319
-74.7304
-74.7312
-74.7331
-74.7329
-74.7323
-74.7332
-74.7334
-74.7323
-74.7312
-74.7289
-74.7273
-74.7261
-74.7238
-74.721
-74.7182
-74.7173
-74.7186
-74.7202
-74.7211
-74.7201
-74.7185
-74.7181
-74.7183
-74.7175
-74.7158
-74.713
-74.7134
-74.7136
-74.7106
-74.7073
-74.7045
-74.7032
-74.7031
-74.7062
-74.7083
-74.7072
-74.7049
-74.7038
-74.7048
-74.7031
-74.7007
-74.6987
-74.6975
-74.6984
-74.6972
-74.6942
-74.6904
-74.6884
-74.6872
-74.6867
-74.6872
-74.689
-74.6908
-74.6896
-74.6879
-74.6869
-74.686
-74.6827
-74.6792
-74.6792
-74.6813
-74.6822
-74.6818
-74.6793
-74.6746
-74.672
-74.6709
-74.6696
-74.6688
-74.6693
-74.6718
-74.673
-74.6727
-74.6706
-74.6687
-74.6671
-74.6629
-74.6585
-74.6585
-74.6601
-74.6605
-74.6605
-74.6593
-74.6577
-74.6563
-74.6539
-74.6511
-74.6494
-74.6485
-74.6511
-74.6515
-74.6492
-74.6467
-74.6441
-74.6431
-74.6435
-74.6433
-74.6417
-74.64
-74.6392
-74.6387
-74.6359
-74.6331
-74.6308
-74.6317
-74.6321
-74.6324
-74.6328
-74.6329
-74.6308
-74.6312
-74.6331
-74.6317
-74.6261
-74.6192
-74.6139
-74.6131
-74.6159
-74.6193
-74.62
-74.6169
-74.6134
-74.6127
-74.6118
-74.6081
-74.6056
-74.6021
-74.6008
-74.6033
-74.6059
-74.6071
-74.6067
-74.6039
-74.604
-74.6046
-74.6022
-74.5989
-74.5936
-74.5885
-74.5826
-74.5795
-74.5823
-74.5869
-74.5883
-74.5872
-74.584
-74.5804
-74.5779
-74.5764
-74.575
-74.5745
-74.5724
-74.5669
-74.5615
-74.564
-74.5691
-74.5748
-74.5756
-74.5763
-74.5774
-74.5759
-74.5741
-74.5697
-74.5636
-74.5596
-74.5543
-74.5488
-74.5454
-74.5468
-74.5508
-74.5498
-74.5442
-74.5393
-74.5387
-74.5409
-74.5439
-74.5444
-74.5422
-74.539
-74.5327
-74.524
-74.5158
-74.5133
-74.5184
-74.5235
-74.5264
-74.5287
-74.5307
-74.5343
-74.5343
-74.5298
-74.5217
-74.5143
-74.5099
-74.5073
-74.5087
-74.5071
-74.5057
-74.5056
-74.5061
-74.5029
-74.4961
-74.4891
-74.4851
-74.4856
-74.4867
-74.4849
-74.4844
-74.4819
-74.479
-74.4759
-74.4725
-74.4702
-74.4649
-74.4602
-74.4603
-74.4635
-74.4639
-74.4674
-74.4688
-74.4701
-74.4728
-74.4741
-74.4738
-74.4715
-74.4648
-74.4572
-74.4571
-74.4594
-74.4622
-74.4599
-74.4575
-74.4602
-74.4598
-74.4573
-74.453
-74.4448
-74.4362
-74.4284
-74.4214
-74.4138
-74.4112
-74.4071
-74.4024
-74.3937
-74.384
-74.3837
-74.3918
-74.4008
-74.4068
-74.4057
-74.4019
-74.3989
-74.3932
-74.3842
-74.3774
-74.3743
-74.3719
-74.3686
-74.374
-74.3854
-74.3914
-74.3889
-74.3855
-74.385
-74.3818
-74.3807
-74.382
-74.3813
-74.3775
-74.3737
-74.3711
-74.3685
-74.3683
-74.3681
-74.3651
-74.3618
-74.3593
-74.3566
-74.3486
-74.3361
-74.3213
-74.3096
-74.2972
-74.2911
-74.2883
-74.2816
-74.2733
-74.2666
-74.2612
-74.2556
-74.2567
-74.2617
-74.2683
-74.2707
-74.2713
-74.2744
-74.2735
-74.2678
-74.2601
-74.2521
-74.2475
-74.2395
-74.232
-74.2341
-74.2407
-74.2579
-74.2708
-74.2739
-74.2708
-74.2685
-74.2719
-74.2777
-74.2771
-74.2718
-74.2666
-74.2658
-74.2699
-74.2715
-74.2687
-74.2605
-74.2483
-74.2312
-74.2151
-74.2
-74.1914
-74.1942
-74.2042
-74.2117
-74.212
-74.2078
-74.2066
-74.2042
-74.1961
-74.1899
-74.1833
-74.1752
-74.1672
-74.1594
-74.1514
-74.1426
-74.1359
-74.1274
-74.1191
-74.1098
-74.0961
-74.0849
-74.0833
-74.0774
-74.064
-74.0484
-74.0406
-74.0358
-74.029
-74.0304
-74.0433
-74.0551
-74.0594
-74.0569
-74.0534
-74.0472
-74.0514
-74.0541
-74.0481
-74.038
-74.023
-74.0031
-73.984
-73.9689
-73.9635
-73.9826
-74.0102
-74.0352
-74.0525
-74.0656
-74.0742
-74.0767
-74.0748
-74.0706
-74.0656
-74.0572
-74.0428
-74.0289
-74.0202
-74.0096
-74.0025
-74.0004
-74.004
-74.0076
-74.0115
-74.0116
-74.0045
-73.9944
-73.9881
-73.9911
-73.9917
-73.9879
-73.9797
-73.9744
-73.969
-73.9633
-73.9617
-73.9609
-73.9626
-73.9583
-73.9466
-73.9333
-73.917
-73.8969
-73.8782
-73.8629
-73.851
-73.8508
-73.8602
-73.8703
-73.8725
-73.8706
-73.8666
-73.8622
-73.8581
-73.8481
-73.8321
-73.8162
-73.7991
-73.7837
-73.7763
-73.7699
-73.7638
-73.7593
-73.7507
-73.7526
-73.7665
-73.7731
-73.78
-73.7878
-73.7888
-73.7857
-73.7759
-73.7644
-73.7511
-73.7337
-73.7182
-73.7067
-73.6981
-73.6889
-73.6803
-73.6733
-73.6639
-73.649
-73.6293
-73.6061
-73.5888
-73.5861
-73.585
-73.5835
-73.5813
-73.5739
-73.5668
-73.56
-73.5527
-73.5402
-73.5225
-73.5011
-73.4769
-73.4544
-73.4446
-73.4362
-73.4314
-73.4301
-73.4302
-73.4309
-73.433
-73.4355
-73.4314
-73.4202
-73.4074
-73.397
-73.3884
-73.3883
-73.3857
-73.3763
-73.3611
-73.3417
-73.3218
-73.3079
-73.2928
-73.2752
-73.2628
-73.2499
-73.2331
-73.2128
-73.1899
-73.1656
-73.1518
-73.1544
-73.1601
-73.1585
-73.1499
-73.1446
-73.1379
-73.1261
-73.1099
-73.0904
-73.0698
-73.0631
-73.0719
-73.0803
-73.0801
-73.0722
-73.0586
-73.0412
-73.0211
-72.9999
-72.9869
-72.9761
-72.9714
-72.9672
-72.958
-72.9514
-72.9479
-72.9418
-72.945
-72.9548
-72.9582
-72.9537
-72.943
-72.928
-72.91
-72.8899
-72.8684
-72.8458
-72.8224
-72.7985
-72.7764
-72.7654
-72.7556
-72.7422
-72.7256
-72.7066
-72.6859
-72.665
-72.6623
-72.6714
-72.675
-72.6711
-72.6614
-72.6477
-72.6312
-72.6128
-72.5931
-72.5725
-72.5513
-72.5296
-72.5076
-72.4854
-72.4631
-72.4407
-72.4183
-72.396
-72.3738
-72.3517
-72.3297
-72.3078
-72.2861
-72.2646
-72.2432
-72.2221
-72.2011
-72.1803
-72.1598
-72.1394
-72.1192
-72.0993
-72.0796
-72.0601
-72.0408
-72.0217
-72.0028
-71.9841
-71.9656
-71.9474
-71.9293
-71.9115
-71.8939
-71.8764
-71.8592
-71.8422
-71.8259
-71.8255
-71.8321
-71.8347
-71.8323
-71.826
-71.8171
-71.8064
-71.7945
-71.7818
-71.7685
-71.7549
-71.741
-71.727
-71.7128
-71.6987
-71.6845
-71.6704
-71.6563
-71.6424
-71.6285
-71.6147
-71.601
-71.5874
-71.574
-71.5607
-71.5475
-71.5345
-71.5216
-71.5089
-71.4963
-71.4838
-71.4715
-71.4593
-71.4473
-71.4354
-71.4236
-71.412
-71.4005
-71.3892
-71.378
-71.3669
-71.356
-71.3452
-71.3345
-71.324
-71.3136
-71.3034
-71.2933
-71.2833
-71.2734
-71.2636
-71.254
-71.2445
-71.2352
-71.2259
-71.2168
-71.2077
-71.1988
-71.1901
-71.1814
-71.1728
-71.1644
-71.156
-71.1478
-71.1397
-71.1316
-71.1237
-71.1159
-71.1082
-71.1006
-71.0931
-71.0857
-71.0783
-71.0711
-71.064
-71.057
-71.05
-71.0432
-71.0364
-71.0298
-71.0232
-71.0167
-71.0103
-71.004
-70.9978
-70.9917
-70.9856
-70.9796
-70.9737
-70.9679
-70.9622
-70.9565
-70.951
-70.9455
-70.94
-70.9347
-70.9294
-70.9242
-70.9191
-70.914
-70.909
-70.9041
-70.8992
-70.8945
-70.8897
-70.8851
-70.8805
-70.876
-70.8715
-70.8672
-70.8628
-70.8586
-70.8544
-70.8502
-70.8461
-70.8421
-70.8381
-70.8342
-70.8304
-70.8266
-70.8228
-70.8191
-70.8155
-70.8119
-70.8084
-70.8049
-70.8015
-70.7981
-70.7948
-70.7916
-70.7883
-70.7852
-70.782
-70.779
-70.7759
-70.7729
-70.77
-70.7671
-70.7643
-70.7615
-70.7587
-70.756
-70.7533
-70.7507
-70.7481
-70.7455
-70.743
-70.7405
-70.7381
-70.7357
-70.7334
-70.731
-70.7288
-70.7265
-70.7243
-70.7221
-70.72
-70.7179
-70.7158
-70.7138
-70.7118
-70.7098
-70.7079
-70.706
-70.7041
-70.7023
-70.7005
-70.6987
-70.6969
-70.6952
-70.6935
-70.6919
-70.6903
-70.6887
-70.6871
-70.6855
-70.684
-70.6825
-70.6811
-70.6796
-70.6782
-70.6768
-70.6755
-70.6741
-70.6728
-70.6715
-70.6703
-70.669
-70.6678
-70.6666
-70.6654
-70.6643
-70.6632
-70.6621
-70.661
-70.6599
-70.6589
-70.6578
-70.6568
-70.6558
-70.6549
-70.6539
-70.653
-70.6521
-70.6512
-70.6504
-70.6495
-70.6487
-70.6479
-70.6471
-70.6463
-70.6455
-70.6448
-70.644
-70.6433
-70.6426
-70.6419
-70.6413
-70.6406
-70.64
-70.6393
-70.6387
-70.6381
-70.6375
-70.637
-70.6364
-70.6359
-70.6354
-70.6348
-70.6343
-70.6339
-70.6334
-70.6329
-70.6325
-70.632
-70.6316
-70.6312
-70.6308
-70.6304
-70.63
-70.6296
-70.6293
-70.6289
-70.6286
-70.6282
-70.6279
-70.6276
-70.6273
-70.627
-70.6267
-70.6265
-70.6262
-70.6259
-70.6257
-70.6255
-70.6252
-70.625
-70.6248
-70.6246
-70.6244
-70.6242
-70.624
-70.6239
-70.6237
-70.6235
-70.6234
-70.6232
-70.6231
-70.623
-70.6229
-70.6227
-70.6226
-70.6225
-70.6224
-70.6223
-70.6223
-70.6222
-70.6221
-70.622
-70.622
-70.6219
-70.6219
-70.6218
-70.6218
-70.6218
-70.6217
-70.6217
-70.6217
-70.6217
-70.6217
-70.6217
-70.6217
-70.6217
-70.6217
-70.6217
-70.6217
-70.6217
-70.6217
-70.6218
-70.6218
-70.6218
-70.6219
-70.6219
-70.622
-70.622
-70.6221
-70.6221
-70.6222
-70.6223
-70.6223
-70.6224
-70.6225
-70.6226
-70.6226
-70.6227
-70.6228
-70.6229
-70.623
-70.6231
-70.6232
-70.6233
-70.6234
-70.6235
-70.6236
-70.6237
-70.6238
-70.6239
-70.624
-70.6241
-70.6243
-70.6244
-70.6245
-70.6246
-70.6247
-70.6249
-70.625
-70.6251
-70.6253
-70.6254
-70.6255
-70.6257
-70.6258
-70.6259
-70.6261
-70.6262
-70.6264
-70.6265
-70.6267
-70.6268
-70.627
-70.6271
-70.6273
-70.6274
-70.6276
-70.6277
-70.6279
-70.628
-70.6282
-70.6283
-70.6285
-70.6286
-70.6288
-70.629
-70.6291
-70.6293
-70.6294
-70.6296
-70.6298
-70.6299
-70.6301
-70.6303
-70.6304
-70.6306
-70.6307
-70.6309
-70.6311
-70.6312
-70.6314
-70.6316
-70.6317
-70.6319
-70.6321
-70.6322
-70.6324
-70.6326
-70.6327
-70.6329
-70.6331
-70.6333
-70.6334
-70.6336
-70.6338
-70.6339
-70.6341
-70.6343
-70.6344
-70.6346
-70.6348
-70.6349
-70.6351
-70.6353
-70.6354
-70.6356
-70.6358
-70.6359
-70.6361
-70.6363
-70.6364
-70.6366
-70.6368
-70.6369
-70.6371
-70.6373
-70.6374
-70.6376
-70.6377
-70.6379
-70.6381
-70.6382
-70.6384
-70.6386
-70.6387
-70.6389
-70.639
-70.6392
-70.6394
-70.6395
-70.6397
-70.6398
-70.64
-70.6402
-70.6403
-70.6405
-70.6406
-70.6408
-70.6409
-70.6411
-70.6412
-70.6414
-70.6416
-70.6417
-70.6419
-70.642
-70.6422
-70.6423
-70.6425
-70.6426
-70.6428
-70.6429
-70.643
-70.6432
-70.6433
-70.6435
-70.6436
-70.6438
-70.6439
-70.6441
-70.6442
-70.6443
-70.6445
-70.6446
-70.6448

