-70
-70.1661
-70.23
-70.2566
-70.2695
-70.2773
-70.283
-70.2879
-70.2925
-70.297
-70.3014
-70.3057
-70.31
-70.3142
-70.3185
-70.3226
-70.3268
-70.3309
-70.335
-70.3391
-70.3431
-70.3471
-70.351
-70.3549
-70.3588
-70.3626
-70.3664
-70.3701
-70.3738
-70.3775
-70.3811
-70.3847
-70.3883
-70.3918
-70.3953
-70.3987
-70.4021
-70.4055
-70.4088
-70.4121
-70.4154
-70.4186
-70.4218
-70.4249
-70.428
-70.4311
-70.4341
-70.4372
-70.4401
-70.4431
-70.446
-70.4489
-70.4517
-70.4545
-70.4573
-70.4601
-70.4628
-70.4655
-70.4682
-70.4708
-70.4734
-70.476
-70.4785
-70.481
-70.4835
-70.486
-70.4884
-70.4908
-70.4932
-70.4955
-70.4978
-70.5001
-70.5024
-70.5046
-70.5068
-70.509
-70.5112
-70.5133
-70.5154
-70.5175
-70.5196
-70.5216
-70.5236
-70.5256
-70.5276
-70.5295
-70.5315
-70.5334
-70.5352
-70.5371
-70.5389
-70.5407
-70.5425
-70.5443
-70.5461
-70.5478
-70.5495
-70.5512
-70.5528
-70.5545
-70.5561
-70.5577
-70.5593
-70.5609
-70.5624
-70.5639
-70.5655
-70.5669
-70.5684
-70.5699
-70.5713
-70.5727
-70.5741
-70.5755
-70.5769
-70.5782
-70.5796
-70.5809
-70.5822
-70.5835
-70.5848
-70.586
-70.5873
-70.5885
-70.5897
-70.5909
-70.5921
-70.5932
-70.5944
-70.5955
-70.5966
-70.5977
-70.5988
-70.5999
-70.601
-70.602
-70.603
-70.6041
-70.6051
-70.6061
-70.6071
-70.608
-70.609
-70.6099
-70.6109
-70.6118
-70.6127
-70.6136
-70.6145
-70.6154
-70.6162
-70.6171
-70.6179
-70.6187
-70.6196
-70.6204
-70.6212
-70.622
-70.6227
-70.6235
-70.6242
-70.625
-70.6257
-70.6265
-70.6272
-70.6279
-70.6286
-70.6293
-70.6299
-70.6306
-70.6313
-70.6319
-70.6325
-70.6332
-70.6338
-70.6344
-70.635
-70.6356
-70.6362
-70.6368
-70.6374
-70.6379
-70.6385
-70.639
-70.6396
-70.6401
-70.6406
-70.6411
-70.6417
-70.6422
-70.6427
-70.6431
-70.6436
-70.6441
-70.6446
-70.645
-70.6455
-70.6459
-70.6464
-70.6468
-70.6472
-70.6476
-70.6481
-70.6485
-70.6489
-70.6493
-70.6497
-70.65
-70.6504
-70.6508
-70.6512
-70.6515
-70.6519
-70.6522
-70.6526
-70.6529
-70.6533
-70.6536
-70.6539
-70.6542
-70.6545
-70.6549
-70.6552
-70.6555
-70.6558
-70.656
-70.6563
-70.6566
-70.6569
-70.6572
-70.6574
-70.6577
-70.658
-70.6582
-70.6585
-70.6587
-70.6589
-70.6592
-70.6594
-70.6597
-70.6599
-70.6601
-70.6603
-70.6605
-70.6607
-70.661
-70.6612
-70.6614
-70.6616
-70.6617
-70.6619
-70.6621
-70.6623
-70.6625
-70.6627
-70.6628
-70.663
-70.6632
-70.6633
-70.6635
-70.6637
-70.6638
-70.664
-70.6641
-70.6643
-70.6644
-70.6646
-70.6647
-70.6648
-70.665
-70.6651
-70.6652
-70.6653
-70.6655
-70.6656
-70.6657
-70.6658
-70.6659
-70.666
-70.6662
-70.6663
-70.6664
-70.6665
-70.6666
-70.6667
-70.6668
-70.6669
-70.667
-70.667
-70.6671
-70.6672
-70.6673
-70.6674
-70.6675
-70.6675
-70.6676
-70.6677
-70.6678
-70.6678
-70.6679
-70.668
-70.668
-70.6681
-70.6682
-70.6682
-70.6683
-70.6683
-70.6684
-70.6685
-70.6685
-70.6686
-70.6686
-70.6687
-70.6687
-70.6688
-70.6688
-70.6688
-70.6689
-70.6689
-70.669
-70.669
-70.669
-70.6691
-70.6691
-70.6691
-70.6692
-70.6692
-70.6692
-70.6693
-70.6693
-70.6693
-70.6694
-70.6694
-70.6694
-70.6694
-70.6694
-70.6695
-70.6695
-70.6695
-70.6695
-70.6695
-70.6696
-70.6696
-70.6696
-70.6696
-70.6696
-70.6696
-70.6696
-70.6697
-70.6697
-70.6697
-70.6697
-70.6697
-70.6697
-70.6697
-70.6697
-70.6697
-70.6697
-70.6697
-70.6697
-70.6697
-70.6697
-70.6697
-70.6697
-70.6697
-70.6697
-70.6697
-70.6697
-70.6697
-70.6697
-70.6697
-70.6697
-70.6697
-70.6697
-70.6697
-70.6697
-70.6697
-70.6697
-70.6697
-70.6697
-70.6697
-70.6697
-70.6697
-70.6696
-70.6696
-70.6696
-70.6696
-70.6696
-70.6696
-70.6696
-70.6696
-70.6696
-70.6695
-70.6695
-70.6695
-70.6695
-70.6695
-70.6695
-70.6695
-70.6695
-70.6694
-70.6694
-70.6694
-70.6694
-70.6694
-70.6694
-70.6693
-70.6693
-70.6693
-70.6693
-70.6693
-70.6693
-70.6693
-70.6692
-70.6692
-70.6692
-70.6692
-70.6692
-70.6691
-70.6691
-70.6691
-70.6691
-70.6691
-70.6691
-70.669
-70.669
-70.669
-70.669
-70.669
-70.6689
-70.6689
-70.6689
-70.6689
-70.6689
-70.6688
-70.6688
-70.6688
-70.6688
-70.6688
-70.6687
-70.6687
-70.6687
-70.6687
-70.6686
-70.6686
-70.6686
-70.6686
-70.6686
-70.6685
-70.6685
-70.6685
-70.6685
-70.6685
-70.6684
-70.6684
-70.6684
-70.6684
-70.6684
-70.6683
-70.6683
-70.6683
-70.6683
-70.6682
-70.6682
-70.6682
-70.6682
-70.6682
-70.6681
-70.6681
-70.6681
-70.6681
-70.6681
-70.6688
-70.8204
-71.4953
-72.3857
-73.2072
-73.74
-71.2038
-55.4224
-51.518
-49.5443
-47.1661
-38.1426
-4.33567
-34.2597
-66.2635
-68.8365
-67.8584
-66.7995
-65.7174
-64.6304
-63.5564
-62.5131
-61.516
-60.5607
-59.6149
-58.7587
-57.9882
-57.3099
-56.7137
-56.1931
-55.7336
-55.3344
-54.9898
-54.699
-54.4572
-54.2581
-54.0934
-53.9531
-53.836
-53.7405
-53.6651
-53.6061
-53.5603
-53.525
-53.4938
-53.4672
-53.4457
-53.4305
-53.4202
-53.4135
-53.4094
-53.4073
-53.406
-53.4008
-53.3943
-53.3908
-53.3898
-53.3904
-53.3921
-53.3943
-53.3971
-53.4002
-53.4035
-53.4071
-53.4032
-53.3964
-53.3936
-53.3934
-53.3946
-53.3965
-53.3988
-53.4013
-53.4039
-53.4066
-53.4094
-53.4123
-53.4152
-53.4179
-53.4202
-53.4219
-53.413
-53.4039
-53.3969
-53.3936
-53.3921
-53.3909
-53.389
-53.3853
-53.3769
-53.3488
-53.1109
-52.971
-53.0163
-53.0898
-53.1519
-53.1965
-53.2267
-53.2471
-53.2616
-53.2735
-53.2847
-53.2967
-53.3109
-53.3287
-53.3707
-53.4056
-53.4217
-53.431
-53.4388
-53.4392
-53.4379
-53.4384
-53.4409
-53.4451
-53.4507
-53.4575
-53.4654
-53.4745
-53.4849
-53.4966
-53.5097
-53.5242
-53.5403
-53.558
-53.5776
-53.599
-53.6226
-53.6484
-53.6765
-53.7074
-53.7412
-53.7781
-53.8186
-53.8627
-53.9107
-53.9631
-54.02
-54.0468
-53.6345
-53.4741
-53.4316
-53.4294
-53.4409
-53.4571
-53.4749
-53.4934
-53.4648
-53.4427
-53.4368
-53.4392
-53.4456
-53.4539
-53.4633
-53.4734
-53.484
-53.4952
-53.5071
-53.5196
-53.533
-53.5472
-53.5625
-53.579
-53.5968
-53.6159
-53.6367
-53.6592
-53.6836
-53.7101
-53.7391
-53.7706
-53.8049
-53.8422
-53.8827
-53.9277
-53.9793
-54.0346
-54.0933
-54.156
-53.8038
-53.4718
-53.3839
-53.3718
-53.3823
-53.3991
-53.4173
-53.4353
-53.4525
-53.4691
-53.4853
-53.5013
-53.478
-53.4413
-53.4277
-53.4256
-53.4289
-53.4346
-53.4414
-53.4488
-53.4566
-53.4648
-53.4734
-53.4826
-53.4923
-53.5027
-53.5138
-53.5264
-53.5404
-53.5552
-53.571
-53.5879
-53.6062
-53.626
-53.6474
-53.6707
-53.6959
-53.7234
-53.7551
-53.7912
-53.8296
-53.8703
-53.9139
-53.9608
-54.0112
-54.0655
-54.124
-54.187
-54.2545
-54.1349
-53.5095
-53.3474
-53.3214
-53.332
-53.3514
-53.3716
-53.3906
-53.4076
-53.4227
-53.4365
-53.4492
-53.4616
-53.4744
-53.4865
-53.4981
-53.5092
-53.5091
-53.4449
-53.4164
-53.4077
-53.4067
-53.4083
-53.4106
-53.4131
-53.4157
-53.4174
-53.4177
-53.4161
-53.4117
-53.4025
-53.3843
-53.3433
-53.1885
-52.1934
-51.8017
-51.9664
-52.2381
-52.4709
-52.6383
-52.7517
-52.83
-52.8889
-52.9396
-52.9898
-53.0453
-53.1123
-53.2025
-53.4231
-53.5099
-53.5241
-53.5212
-53.5168
-53.5148
-53.5164
-53.5219
-53.5313
-53.544
-53.5601
-53.5791
-53.6009
-53.6257
-53.5581
-53.501
-53.4798
-53.4756
-53.4794
-53.4873
-53.4977
-53.5101
-53.5244
-53.5402
-53.5573
-53.5758
-53.5959
-53.6177
-53.6415
-53.6686
-53.701
-53.7378
-53.7783
-53.8207
-53.8651
-53.9124
-53.9632
-54.0201
-54.0877
-54.1702
-54.2676
-54.3726
-54.4801
-54.589
-54.7009
-54.8186
-54.9449
-55.0848
-55.2468
-55.4388
-55.6525
-55.8789
-56.1127
-56.3544
-56.6024
-56.8601
-57.1339
-57.427
-57.7502
-58.1158
-58.5104
-58.9243
-59.342
-59.7658
-60.1917
-60.6191
-61.0563
-61.505
-61.9795
-62.4875
-63.0216
-63.5654
-64.1046
-64.6261
-65.1302
-65.6138
-66.0813
-66.5371
-66.9897
-67.454
-67.9247
-68.3935
-68.8476
-69.2748
-69.6676
-70.0293
-70.3611
-70.6686
-70.9564
-71.2369
-71.5111
-71.7788
-72.0387
-72.2834
-72.5065
-72.7041
-72.879
-73.0348
-73.1736
-73.3017
-73.4251
-73.5419
-73.6543
-73.7634
-73.8656
-73.9594
-74.0392
-74.1069
-74.1644
-74.2146
-74.2608
-74.3057
-74.347
-74.3879
-74.4282
-74.4669
-74.5038
-74.5364
-74.5614
-74.5802
-74.5945
-74.6083
-74.6233
-74.6352
-74.6465
-74.6592
-74.6725
-74.686
-74.7001
-74.7126
-74.7199
-74.7225
-74.7238
-74.7277
-74.7321
-74.7333
-74.7348
-74.7378
-74.7418
-74.7463
-74.7528
-74.7591
-74.7622
-74.7612
-74.7587
-74.7585
-74.7582
-74.756
-74.754
-74.7536
-74.7541
-74.7544
-74.7571
-74.7627
-74.766
-74.7665
-74.7654
-74.7643
-74.7627
-74.7586
-74.7543
-74.7523
-74.7517
-74.7511
-74.7502
-74.7506
-74.7543
-74.7565
-74.7573
-74.7589
-74.7593
-74.757
-74.7514
-74.745
-74.742
-74.7421
-74.7417
-74.7416
-74.7409
-74.7414
-74.7438
-74.7457
-74.7486
-74.7517
-74.7516
-74.7476
-74.7409
-74.7333
-74.7296
-74.7285
-74.7282
-74.7274
-74.7265
-74.7261
-74.729
-74.7328
-74.7355
-74.7386
-74.7403
-74.7383
-74.7337
-74.7264
-74.721
-74.7174
-74.7161
-74.7142
-74.7133
-74.7129
-74.7148
-74.7193
-74.7235
-74.7258
-74.7275
-74.7271
-74.7247
-74.72
-74.7136
-74.709
-74.7055
-74.7013
-74.6973
-74.6945
-74.6951
-74.6989
-74.7031
-74.7078
-74.7127
-74.7153
-74.7148
-74.7138
-74.711
-74.7052
-74.7011
-74.6984
-74.6943
-74.69
-74.6841
-74.6792
-74.68
-74.6837
-74.6883
-74.6928
-74.6969
-74.6992
-74.6984
-74.6966
-74.6949
-74.6924
-74.6879
-74.6852
-74.6814
-74.6773
-74.6742
-74.6696
-74.666
-74.6639
-74.6655
-74.6709
-74.6766
-74.6808
-74.6844
-74.6834
-74.6807
-74.6796
-74.6781
-74.6755
-74.6741
-74.6715
-74.6673
-74.6636
-74.6613
-74.6573
-74.6532
-74.651
-74.648
-74.6478
-74.6533
-74.657
-74.6589
-74.6613
-74.66
-74.6576
-74.6557
-74.6549
-74.6533
-74.6553
-74.6555
-74.6501
-74.6465
-74.647
-74.6455
-74.6413
-74.6358
-74.6329
-74.6316
-74.6323
-74.6348
-74.6358
-74.636
-74.6378
-74.6388
-74.6372
-74.6327
-74.63
-74.6311
-74.6341
-74.6355
-74.635
-74.634
-74.6331
-74.6322
-74.628
-74.6205
-74.6136
-74.6123
-74.6105
-74.6096
-74.6079
-74.6072
-74.6063
-74.6042
-74.6046
-74.6071
-74.6063
-74.6017
-74.5961
-74.5979
-74.6055
-74.6114
-74.6108
-74.6091
-74.6109
-74.6129
-74.6105
-74.6045
-74.597
-74.5928
-74.5934
-74.5926
-74.5889
-74.5854
-74.5854
-74.585
-74.5817
-74.5769
-74.5724
-74.5697
-74.5685
-74.5641
-74.5605
-74.5658
-74.5735
-74.5811
-74.5834
-74.5819
-74.5797
-74.5799
-74.5806
-74.5784
-74.5726
-74.567
-74.5633
-74.5622
-74.5609
-74.5588
-74.5557
-74.5525
-74.5519
-74.5511
-74.5464
-74.5412
-74.5378
-74.5318
-74.5251
-74.5186
-74.5151
-74.5223
-74.53
-74.532
-74.5312
-74.5319
-74.5341
-74.5337
-74.5367
-74.537
-74.5365
-74.5383
-74.5369
-74.5346
-74.5325
-74.5309
-74.5298
-74.5303
-74.5283
-74.5207
-74.5167
-74.5142
-74.5102
-74.5056
-74.5016
-74.5004
-74.4988
-74.4929
-74.4832
-74.4776
-74.4818
-74.4867
-74.4852
-74.4819
-74.4772
-74.4705
-74.4662
-74.4646
-74.4639
-74.4665
-74.4723
-74.4786
-74.483
-74.4839
-74.4837
-74.4835
-74.4806
-74.4778
-74.4769
-74.4739
-74.4704
-74.4683
-74.463
-74.4544
-74.4479
-74.447
-74.4497
-74.4516
-74.4511
-74.4451
-74.4386
-74.4326
-74.428
-74.4281
-74.4285
-74.4309
-74.4307
-74.4261
-74.4164
-74.4055
-74.3941
-74.3804
-74.3664
-74.365
-74.3763
-74.3907
-74.3988
-74.405
-74.4051
-74.4021
-74.395
-74.3893
-74.388
-74.3876
-74.3902
-74.3919
-74.3919
-74.3917
-74.3886
-74.3874
-74.3876
-74.3854
-74.3852
-74.3898
-74.3907
-74.3888
-74.3867
-74.3808
-74.3755
-74.3708
-74.3638
-74.3587
-74.3591
-74.3611
-74.3638
-74.3619
-74.3578
-74.349
-74.3406
-74.3336
-74.3256
-74.3155
-74.3058
-74.2966
-74.2924
-74.2923
-74.2873
-74.2798
-74.2764
-74.2795
-74.2854
-74.2905
-74.2887
-74.2797
-74.2726
-74.2678
-74.2638
-74.2607
-74.2541
-74.2441
-74.2391
-74.2372
-74.2394
-74.2478
-74.2579
-74.2661
-74.2699
-74.2712
-74.2713
-74.2654
-74.2563
-74.251
-74.2496
-74.2504
-74.2489
-74.2498
-74.2494
-74.2416
-74.2295
-74.223
-74.2237
-74.2241
-74.2232
-74.2239
-74.2276
-74.2284
-74.2234
-74.2163
-74.2136
-74.2112
-74.2096
-74.205
-74.1948
-74.1814
-74.1728
-74.1712
-74.1711
-74.1727
-74.1689
-74.16
-74.1493
-74.1415
-74.1362
-74.1309
-74.1236
-74.1106
-74.0954
-74.0789
-74.07
-74.067
-74.0586
-74.0472
-74.0376
-74.0321
-74.0306
-74.0284
-74.0226
-74.0194
-74.0247
-74.0353
-74.0403
-74.0364
-74.0311
-74.0221
-74.0154
-74.0193
-74.0271
-74.0406
-74.0566
-74.07
-74.0792
-74.079
-74.0703
-74.0587
-74.0427
-74.023
-74.0058
-73.9979
-73.9898
-73.9881
-73.9909
-73.991
-73.9873
-73.9766
-73.9605
-73.9543
-73.9637
-73.9761
-73.9792
-73.9789
-73.9805
-73.9918
-74.0102
-74.0264
-74.0385
-74.0464
-74.0447
-74.0366
-74.025
-74.0092
-73.9933
-73.9744
-73.9574
-73.953
-73.9531
-73.9504
-73.9511
-73.9471
-73.9389
-73.9274
-73.9123
-73.9
-73.893
-73.8853
-73.8796
-73.8701
-73.8564
-73.8463
-73.8354
-73.8294
-73.8273
-73.8246
-73.8244
-73.8279
-73.8296
-73.8352
-73.839
-73.839
-73.8327
-73.8244
-73.8217
-73.823
-73.8193
-73.8081
-73.7912
-73.7752
-73.7577
-73.7407
-73.7242
-73.7087
-73.7017
-73.6997
-73.6972
-73.6884
-73.6731
-73.6529
-73.6293
-73.6044
-73.5903
-73.5788
-73.5661
-73.5565
-73.5507
-73.5539
-73.5547
-73.5472
-73.5343
-73.5234
-73.5098
-73.4917
-73.4735
-73.4614
-73.4535
-73.4431
-73.4394
-73.4472
-73.4576
-73.46
-73.457
-73.4597
-73.4595
-73.4523
-73.446
-73.4371
-73.4259
-73.417
-73.4068
-73.3993
-73.3883
-73.3762
-73.3667
-73.3593
-73.3524
-73.3463
-73.3405
-73.3372
-73.3394
-73.3389
-73.3342
-73.3305
-73.3221
-73.3081
-73.2922
-73.2815
-73.2705
-73.2672
-73.2691
-73.2654
-73.2549
-73.2392
-73.2197
-73.2029
-73.1908
-73.1762
-73.1579
-73.1367
-73.1135
-73.0901
-73.0757
-73.0626
-73.051
-73.0442
-73.034
-73.0193
-73.0009
-72.98
-72.9573
-72.9334
-72.9087
-72.8835
-72.8578
-72.8319
-72.8059
-72.7797
-72.7536
-72.7275
-72.7015
-72.6756
-72.6498
-72.6241
-72.6002
-72.5892
-72.5808
-72.5692
-72.5541
-72.5365
-72.5172
-72.5003
-72.4954
-72.4905
-72.4813
-72.4683
-72.4526
-72.435
-72.4162
-72.3966
-72.3764
-72.3559
-72.3351
-72.3142
-72.2933
-72.2778
-72.276
-72.2737
-72.2669
-72.2562
-72.2427
-72.2274
-72.218
-72.2201
-72.2202
-72.2153
-72.2063
-72.1943
-72.1803
-72.165
-72.1487
-72.1317
-72.1143
-72.0967
-72.0788
-72.0608
-72.0428
-72.0248
-72.0068
-71.9889
-71.971
-71.9533
-71.9357
-71.9182
-71.9009
-71.8837
-71.8667
-71.8498
-71.8331
-71.8166
-71.8003
-71.7926
-71.7998
-71.8055
-71.8059
-71.8017
-71.7944
-71.7849
-71.7739
-71.762
-71.7493
-71.7363
-71.7229
-71.7093
-71.6955
-71.6818
-71.6679
-71.6541
-71.6404
-71.6267
-71.6131
-71.5996
-71.5861
-71.5728
-71.5596
-71.5466
-71.5337
-71.5208
-71.5082
-71.4956
-71.4833
-71.471
-71.4589
-71.4469
-71.4351
-71.4234
-71.4118
-71.4004
-71.3891
-71.3779
-71.3669
-71.356
-71.3453
-71.3347
-71.3242
-71.3138
-71.3036
-71.2935
-71.2836
-71.2737
-71.264
-71.2544
-71.245
-71.2356
-71.2264
-71.2173
-71.2083
-71.1994
-71.1907
-71.182
-71.1735
-71.1651
-71.1567
-71.1485
-71.1404
-71.1324
-71.1245
-71.1167
-71.109
-71.1015
-71.094
-71.0866
-71.0793
-71.0721
-71.065
-71.058
-71.0511
-71.0442
-71.0375
-71.0308
-71.0243
-71.0178
-71.0114
-71.0051
-70.9989
-70.9928
-70.9868
-70.9808
-70.9749
-70.9691
-70.9634
-70.9578
-70.9522
-70.9467
-70.9413
-70.9359
-70.9307
-70.9255
-70.9204
-70.9153
-70.9103
-70.9054
-70.9006
-70.8958
-70.8911
-70.8864
-70.8819
-70.8774
-70.8729
-70.8685
-70.8642
-70.8599
-70.8557
-70.8516
-70.8475
-70.8435
-70.8395
-70.8356
-70.8318
-70.828
-70.8243
-70.8206
-70.8169
-70.8134
-70.8098
-70.8064
-70.803
-70.7996
-70.7963
-70.793
-70.7898
-70.7866
-70.7835
-70.7804
-70.7774
-70.7744
-70.7715
-70.7686
-70.7657
-70.7629
-70.7602
-70.7574
-70.7548
-70.7521
-70.7495
-70.747
-70.7445
-70.742
-70.7395
-70.7372
-70.7348
-70.7325
-70.7302
-70.7279
-70.7257
-70.7236
-70.7214
-70.7193
-70.7172
-70.7152
-70.7132
-70.7112
-70.7093
-70.7074
-70.7055
-70.7037
-70.7019
-70.7001
-70.6983
-70.6966
-70.6949
-70.6933
-70.6916
-70.69
-70.6885
-70.6869
-70.6854
-70.6839
-70.6824
-70.681
-70.6796
-70.6782
-70.6768
-70.6755
-70.6741
-70.6729
-70.6716
-70.6703
-70.6691
-70.6679
-70.6667
-70.6656
-70.6644
-70.6633
-70.6622
-70.6612
-70.6601
-70.6591
-70.6581
-70.6571
-70.6561
-70.6552
-70.6543
-70.6533
-70.6524
-70.6516
-70.6507
-70.6499
-70.6491
-70.6483
-70.6475
-70.6467
-70.6459
-70.6452
-70.6445
-70.6438
-70.6431
-70.6424
-70.6417
-70.6411
-70.6405
-70.6399
-70.6393
-70.6387
-70.6381
-70.6375
-70.637
-70.6365
-70.6359
-70.6354
-70.6349
-70.6345
-70.634
-70.6335
-70.6331
-70.6326
-70.6322
-70.6318
-70.6314
-70.631
-70.6306
-70.6303
-70.6299
-70.6296
-70.6292
-70.6289
-70.6286
-70.6283
-70.628
-70.6277
-70.6274
-70.6272
-70.6269
-70.6266
-70.6264
-70.6262
-70.6259
-70.6257
-70.6255
-70.6253
-70.6251
-70.6249
-70.6248
-70.6246
-70.6244
-70.6243
-70.6241
-70.624
-70.6238
-70.6237
-70.6236
-70.6235
-70.6234
-70.6233
-70.6232
-70.6231
-70.623
-70.6229
-70.6229
-70.6228
-70.6227
-70.6227
-70.6226
-70.6226
-70.6225
-70.6225
-70.6225
-70.6225
-70.6224
-70.6224
-70.6224
-70.6224
-70.6224
-70.6224
-70.6224
-70.6224
-70.6224
-70.6225
-70.6225
-70.6225
-70.6225
-70.6226
-70.6226
-70.6227
-70.6227
-70.6228
-70.6228
-70.6229
-70.6229
-70.623
-70.6231
-70.6231
-70.6232
-70.6233
-70.6234
-70.6234
-70.6235
-70.6236
-70.6237
-70.6238
-70.6239
-70.624
-70.6241
-70.6242
-70.6243
-70.6244
-70.6245
-70.6246
-70.6247
-70.6248
-70.6249
-70.6251
-70.6252
-70.6253
-70.6254
-70.6255
-70.6257
-70.6258
-70.6259
-70.6261
-70.6262
-70.6263
-70.6265
-70.6266
-70.6267
-70.6269
-70.627
-70.6272
-70.6273
-70.6274
-70.6276
-70.6277
-70.6279
-70.628
-70.6282
-70.6283
-70.6285
-70.6286
-70.6288
-70.6289
-70.6291
-70.6292
-70.6294
-70.6296
-70.6297
-70.6299
-70.63
-70.6302
-70.6303
-70.6305
-70.6307
-70.6308
-70.631
-70.6311
-70.6313
-70.6315
-70.6316
-70.6318
-70.632
-70.6321
-70.6323
-70.6325
-70.6326
-70.6328
-70.6329
-70.6331
-70.6333
-70.6334
-70.6336
-70.6338
-70.6339
-70.6341
-70.6343
-70.6344
-70.6346
-70.6348
-70.6349
-70.6351
-70.6353
-70.6354
-70.6356
-70.6358
-70.6359
-70.6361
-70.6362
-70.6364
-70.6366
-70.6367
-70.6369
-70.6371
-70.6372
-70.6374
-70.6375
-70.6377
-70.6379
-70.638
-70.6382
-70.6384
-70.6385
-70.6387
-70.6388
-70.639
-70.6391
-70.6393
-70.6395
-70.6396
-70.6398
-70.6399
-70.6401
-70.6402
-70.6404
-70.6406
-70.6407
-70.6409
-70.641
-70.6412
-70.6413
-70.6415
-70.6416
-70.6418
-70.6419
-70.6421
-70.6422
-70.6424
-70.6425
-70.6427
-70.6428
-70.643
-70.6431
-70.6433
-70.6434
-70.6435
-70.6437
-70.6438
-70.644
-70.6441
-70.6443
-70.6444
-70.6445
-70.6447
-70.6448
-70.645

