-70
-70.1661
-70.23
-70.2566
-70.2695
-70.2773
-70.283
-70.2879
-70.2925
-70.297
-70.3014
-70.3057
-70.31
-70.3142
-70.3185
-70.3226
-70.3268
-70.3309
-70.335
-70.3391
-70.3431
-70.3471
-70.351
-70.3549
-70.3588
-70.3626
-70.3664
-70.3701
-70.3738
-70.3775
-70.3811
-70.3847
-70.3883
-70.3918
-70.3953
-70.3987
-70.4021
-70.4055
-70.4088
-70.4121
-70.4154
-70.4186
-70.4218
-70.4249
-70.428
-70.4311
-70.4341
-70.4372
-70.4401
-70.4431
-70.446
-70.4489
-70.4517
-70.4545
-70.4573
-70.4601
-70.4628
-70.4655
-70.4682
-70.4708
-70.4734
-70.476
-70.4785
-70.481
-70.4835
-70.486
-70.4884
-70.4908
-70.4932
-70.4955
-70.4978
-70.5001
-70.5024
-70.5046
-70.5068
-70.509
-70.5112
-70.5133
-70.5154
-70.5175
-70.5196
-70.5216
-70.5236
-70.5256
-70.5276
-70.5295
-70.5315
-70.5334
-70.5352
-70.5371
-70.5389
-70.5407
-70.5425
-70.5443
-70.5461
-70.5478
-70.5495
-70.5512
-70.5528
-70.5545
-70.5561
-70.5577
-70.5593
-70.5609
-70.5624
-70.5639
-70.5655
-70.5669
-70.5684
-70.5699
-70.5713
-70.5727
-70.5741
-70.5755
-70.5769
-70.5782
-70.5796
-70.5809
-70.5822
-70.5835
-70.5848
-70.586
-70.5873
-70.5885
-70.5897
-70.5909
-70.5921
-70.5932
-70.5944
-70.5955
-70.5966
-70.5977
-70.5988
-70.5999
-70.601
-70.602
-70.603
-70.6041
-70.6051
-70.6061
-70.6071
-70.608
-70.609
-70.6099
-70.6109
-70.6118
-70.6127
-70.6136
-70.6145
-70.6154
-70.6162
-70.6171
-70.6179
-70.6187
-70.6196
-70.6204
-70.6212
-70.622
-70.6227
-70.6235
-70.6242
-70.625
-70.6257
-70.6265
-70.6272
-70.6279
-70.6286
-70.6293
-70.6299
-70.6306
-70.6313
-70.6319
-70.6325
-70.6332
-70.6338
-70.6344
-70.635
-70.6356
-70.6362
-70.6368
-70.6374
-70.6379
-70.6385
-70.639
-70.6396
-70.6401
-70.6406
-70.6411
-70.6417
-70.6422
-70.6427
-70.6431
-70.6436
-70.6441
-70.6446
-70.645
-70.6455
-70.6459
-70.6464
-70.6468
-70.6472
-70.6476
-70.6481
-70.6485
-70.6489
-70.6493
-70.6497
-70.65
-70.6504
-70.6508
-70.6512
-70.6515
-70.6519
-70.6522
-70.6526
-70.6529
-70.6533
-70.6536
-70.6539
-70.6542
-70.6545
-70.6549
-70.6552
-70.6555
-70.6558
-70.656
-70.6563
-70.6566
-70.6569
-70.6572
-70.6574
-70.6577
-70.658
-70.6582
-70.6585
-70.6587
-70.6589
-70.6592
-70.6594
-70.6597
-70.6599
-70.6601
-70.6603
-70.6605
-70.6607
-70.661
-70.6612
-70.6614
-70.6616
-70.6617
-70.6619
-70.6621
-70.6623
-70.6625
-70.6627
-70.6628
-70.663
-70.6632
-70.6633
-70.6635
-70.6637
-70.6638
-70.664
-70.6641
-70.6643
-70.6644
-70.6646
-70.6647
-70.6648
-70.665
-70.6651
-70.6652
-70.6653
-70.6655
-70.6656
-70.6657
-70.6658
-70.6659
-70.666
-70.6662
-70.6663
-70.6664
-70.6665
-70.6666
-70.6667
-70.6668
-70.6669
-70.667
-70.667
-70.6671
-70.6672
-70.6673
-70.6674
-70.6675
-70.6675
-70.6676
-70.6677
-70.6678
-70.6678
-70.6679
-70.668
-70.668
-70.6681
-70.6682
-70.6682
-70.6683
-70.6683
-70.6684
-70.6685
-70.6685
-70.6686
-70.6686
-70.6687
-70.6687
-70.6688
-70.6688
-70.6688
-70.6689
-70.6689
-70.669
-70.669
-70.669
-70.6691
-70.6691
-70.6691
-70.6692
-70.6692
-70.6692
-70.6693
-70.6693
-70.6693
-70.6694
-70.6694
-70.6694
-70.6694
-70.6694
-70.6695
-70.6695
-70.6695
-70.6695
-70.6695
-70.6696
-70.6696
-70.6696
-70.6696
-70.6696
-70.6696
-70.6696
-70.6697
-70.6697
-70.6697
-70.6697
-70.6697
-70.6697
-70.6697
-70.6697
-70.6697
-70.6697
-70.6697
-70.6697
-70.6697
-70.6697
-70.6697
-70.6697
-70.6697
-70.6697
-70.6697
-70.6697
-70.6697
-70.6697
-70.6697
-70.6697
-70.6697
-70.6697
-70.6697
-70.6697
-70.6697
-70.6697
-70.6697
-70.6697
-70.6697
-70.6697
-70.6697
-70.6696
-70.6696
-70.6696
-70.6696
-70.6696
-70.6696
-70.6696
-70.6696
-70.6696
-70.6695
-70.6695
-70.6695
-70.6695
-70.6695
-70.6695
-70.6695
-70.6695
-70.6694
-70.6694
-70.6694
-70.6694
-70.6694
-70.6694
-70.6693
-70.6693
-70.6693
-70.6693
-70.6693
-70.6693
-70.6693
-70.6692
-70.6692
-70.6692
-70.6692
-70.6692
-70.6691
-70.6691
-70.6691
-70.6691
-70.6691
-70.6691
-70.669
-70.669
-70.669
-70.669
-70.669
-70.6689
-70.6689
-70.6689
-70.6689
-70.6689
-70.6688
-70.6688
-70.6688
-70.6688
-70.6688
-70.6687
-70.6687
-70.6687
-70.6687
-70.6686
-70.6686
-70.6686
-70.6686
-70.6686
-70.6685
-70.6685
-70.6685
-70.6685
-70.6685
-70.6684
-70.6684
-70.6684
-70.6684
-70.6684
-70.6683
-70.6683
-70.6683
-70.6683
-70.6682
-70.6682
-70.6682
-70.6682
-70.6682
-70.6681
-70.6681
-70.6681
-70.6681
-70.6681
-70.678
-70.9404
-71.6755
-72.5956
-73.336
-57.7722
-52.1313
-49.9677
-47.8416
-42.3317
9.39546
-28.721
-60.7315
-68.9064
-68.0086
-66.9487
-65.8602
-64.7624
-63.673
-62.6095
-61.5873
-60.62
-59.7175
-58.8697
-58.0913
-57.3986
-56.7858
-56.2484
-55.7805
-55.3762
-55.0272
-54.7288
-54.478
-54.2694
-54.0973
-53.9551
-53.837
-53.7397
-53.6611
-53.598
-53.5482
-53.509
-53.4784
-53.454
-53.4339
-53.4182
-53.4063
-53.3975
-53.3912
-53.3868
-53.3839
-53.382
-53.3799
-53.3778
-53.3765
-53.3759
-53.376
-53.3767
-53.3776
-53.3788
-53.3802
-53.3817
-53.3826
-53.3831
-53.3831
-53.3827
-53.3826
-53.3831
-53.384
-53.385
-53.3862
-53.3874
-53.3886
-53.3898
-53.391
-53.3922
-53.3934
-53.3937
-53.3931
-53.3928
-53.3927
-53.3919
-53.3907
-53.3897
-53.3892
-53.3888
-53.3881
-53.3867
-53.3826
-53.353
-53.2802
-53.2811
-53.3006
-53.3192
-53.3333
-53.343
-53.3496
-53.3542
-53.3578
-53.3609
-53.3684
-53.3763
-53.3832
-53.3894
-53.3939
-53.3979
-53.402
-53.4065
-53.4077
-53.4073
-53.4071
-53.4077
-53.4088
-53.4094
-53.4103
-53.4117
-53.4135
-53.4159
-53.4186
-53.4217
-53.4253
-53.4292
-53.4336
-53.4384
-53.4438
-53.4496
-53.4561
-53.4631
-53.4708
-53.4793
-53.4885
-53.4986
-53.5003
-53.4767
-53.4636
-53.4591
-53.4463
-53.4384
-53.4366
-53.4384
-53.4423
-53.4473
-53.4532
-53.4527
-53.4329
-53.4195
-53.4129
-53.41
-53.4101
-53.4117
-53.4141
-53.417
-53.4173
-53.4174
-53.4185
-53.4203
-53.4227
-53.4255
-53.4287
-53.4322
-53.436
-53.4402
-53.4447
-53.4498
-53.4552
-53.4611
-53.4674
-53.4743
-53.4818
-53.4899
-53.4988
-53.4932
-53.4642
-53.4501
-53.4461
-53.4471
-53.4434
-53.4331
-53.4288
-53.4286
-53.4308
-53.4344
-53.439
-53.4442
-53.4502
-53.4549
-53.4377
-53.423
-53.4142
-53.41
-53.4074
-53.4063
-53.4069
-53.4084
-53.4106
-53.413
-53.4157
-53.4186
-53.4215
-53.4214
-53.4194
-53.4189
-53.4197
-53.4215
-53.4239
-53.4269
-53.4302
-53.4339
-53.4381
-53.4426
-53.4474
-53.4525
-53.4581
-53.4642
-53.4713
-53.4791
-53.488
-53.4771
-53.4498
-53.4376
-53.4343
-53.4352
-53.4383
-53.4426
-53.4477
-53.4517
-53.4379
-53.4293
-53.4268
-53.4275
-53.43
-53.4337
-53.4382
-53.4433
-53.4487
-53.4545
-53.4584
-53.442
-53.4238
-53.4149
-53.4125
-53.4116
-53.4093
-53.4089
-53.4079
-53.4071
-53.4076
-53.4088
-53.4106
-53.4127
-53.4152
-53.418
-53.421
-53.4241
-53.4275
-53.431
-53.4348
-53.4392
-53.4442
-53.4389
-53.4299
-53.426
-53.4257
-53.4274
-53.4304
-53.434
-53.4381
-53.4427
-53.4479
-53.4487
-53.4356
-53.4284
-53.4266
-53.4222
-53.4174
-53.4161
-53.4168
-53.4187
-53.4212
-53.4243
-53.428
-53.4253
-53.4212
-53.4163
-53.4125
-53.4086
-53.4056
-53.4046
-53.405
-53.406
-53.4075
-53.4093
-53.4112
-53.4135
-53.4159
-53.4187
-53.4217
-53.4251
-53.4287
-53.4325
-53.4366
-53.4409
-53.4457
-53.4514
-53.4594
-53.4715
-53.4875
-53.5052
-53.5237
-53.5421
-53.5602
-53.5785
-53.6002
-53.6345
-53.6799
-53.7347
-53.7976
-53.8581
-53.913
-53.9668
-54.0228
-54.0832
-54.1544
-54.2427
-54.3448
-54.4596
-54.5854
-54.6203
-53.7342
-53.4463
-53.3805
-53.3823
-53.4046
-53.4333
-53.4639
-53.4945
-53.5253
-53.5556
-53.5853
-53.6149
-53.645
-53.6763
-53.7095
-53.746
-53.7878
-53.8342
-53.8855
-53.9417
-54.0009
-54.0627
-54.1282
-54.1985
-54.2746
-54.3583
-54.4536
-54.5628
-54.6845
-54.8188
-54.9631
-55.1139
-55.2719
-55.4379
-55.615
-55.8046
-56.0115
-56.2438
-56.5023
-56.7875
-57.0944
-57.4163
-57.7464
-58.0854
-58.4339
-58.795
-59.171
-59.5694
-59.9968
-60.4534
-60.9394
-61.4457
-61.9587
-62.4641
-62.96
-63.4525
-63.9381
-64.4207
-64.9074
-65.3991
-65.8969
-66.409
-66.9237
-67.4286
-67.9045
-68.3471
-68.7597
-69.1539
-69.5263
-69.8815
-70.2226
-70.5475
-70.8624
-71.172
-71.4699
-71.7513
-72.0043
-72.2309
-72.4342
-72.6182
-72.7914
-72.9547
-73.1056
-73.2447
-73.3753
-73.5014
-73.6213
-73.7347
-73.8335
-73.9203
-73.9963
-74.0613
-74.1193
-74.1756
-74.2281
-74.2745
-74.3176
-74.3589
-74.3995
-74.4402
-74.4772
-74.5072
-74.5333
-74.5548
-74.5714
-74.5848
-74.6003
-74.615
-74.6281
-74.6399
-74.6509
-74.6629
-74.6769
-74.6905
-74.6999
-74.7057
-74.7107
-74.7133
-74.7135
-74.7147
-74.7175
-74.72
-74.7238
-74.7267
-74.7293
-74.7347
-74.7427
-74.7482
-74.7495
-74.7483
-74.7474
-74.7459
-74.7429
-74.7408
-74.7383
-74.7382
-74.7391
-74.7393
-74.7388
-74.74
-74.7456
-74.751
-74.7527
-74.7504
-74.7462
-74.7436
-74.7414
-74.7391
-74.7357
-74.7334
-74.7339
-74.7347
-74.7343
-74.7341
-74.7356
-74.7397
-74.7441
-74.7454
-74.7424
-74.737
-74.7321
-74.7302
-74.7291
-74.7256
-74.7218
-74.7193
-74.7175
-74.7153
-74.715
-74.7169
-74.7208
-74.7266
-74.7307
-74.7311
-74.7286
-74.7232
-74.7171
-74.7159
-74.717
-74.7166
-74.7131
-74.7104
-74.7074
-74.703
-74.7009
-74.7025
-74.7066
-74.7107
-74.7142
-74.7163
-74.7165
-74.7132
-74.7072
-74.7
-74.6958
-74.6965
-74.6964
-74.6935
-74.6901
-74.6877
-74.6826
-74.6793
-74.6797
-74.6832
-74.6883
-74.6924
-74.6974
-74.7013
-74.7018
-74.698
-74.6933
-74.6875
-74.6835
-74.683
-74.6825
-74.6808
-74.6778
-74.6758
-74.6725
-74.6681
-74.6664
-74.6663
-74.668
-74.6703
-74.6731
-74.6791
-74.6835
-74.6823
-74.6766
-74.6704
-74.6644
-74.6604
-74.656
-74.6531
-74.6532
-74.6525
-74.6531
-74.651
-74.6457
-74.6452
-74.6442
-74.6442
-74.6432
-74.644
-74.6492
-74.6535
-74.6596
-74.664
-74.6641
-74.6609
-74.6569
-74.654
-74.6471
-74.6376
-74.6319
-74.632
-74.6339
-74.6348
-74.632
-74.6289
-74.6283
-74.627
-74.627
-74.6289
-74.6288
-74.626
-74.624
-74.6226
-74.6248
-74.6275
-74.6294
-74.6288
-74.6294
-74.6282
-74.623
-74.6155
-74.6071
-74.5985
-74.5918
-74.5905
-74.594
-74.597
-74.596
-74.5947
-74.5948
-74.598
-74.6052
-74.6055
-74.6001
-74.5946
-74.5922
-74.588
-74.5882
-74.5951
-74.6021
-74.6063
-74.6063
-74.6077
-74.6091
-74.6057
-74.5985
-74.5874
-74.5747
-74.5648
-74.5621
-74.562
-74.5618
-74.5613
-74.5618
-74.5645
-74.5695
-74.5765
-74.5814
-74.5782
-74.5698
-74.5604
-74.5561
-74.552
-74.5461
-74.5419
-74.5438
-74.5536
-74.567
-74.5739
-74.574
-74.5682
-74.5597
-74.5516
-74.5447
-74.5358
-74.5257
-74.5185
-74.5116
-74.5067
-74.5068
-74.5075
-74.5137
-74.518
-74.5189
-74.5204
-74.5206
-74.5227
-74.5237
-74.5181
-74.511
-74.5065
-74.5033
-74.5023
-74.5034
-74.5056
-74.5107
-74.5188
-74.5267
-74.5341
-74.5354
-74.5332
-74.5281
-74.5191
-74.5105
-74.5008
-74.4887
-74.4791
-74.4745
-74.4694
-74.4624
-74.4597
-74.4595
-74.4631
-74.4651
-74.4642
-74.4644
-74.4648
-74.4666
-74.4664
-74.4653
-74.4607
-74.4531
-74.4464
-74.4441
-74.4438
-74.4464
-74.4522
-74.4591
-74.4614
-74.461
-74.4646
-74.468
-74.467
-74.4646
-74.4628
-74.4598
-74.4571
-74.4507
-74.4409
-74.4322
-74.4253
-74.418
-74.4117
-74.4048
-74.3996
-74.392
-74.3869
-74.3816
-74.3784
-74.377
-74.3732
-74.3692
-74.367
-74.3647
-74.3673
-74.3757
-74.38
-74.3805
-74.3815
-74.3794
-74.372
-74.3584
-74.3439
-74.3354
-74.3376
-74.3445
-74.349
-74.3508
-74.3556
-74.3638
-74.3718
-74.3724
-74.3729
-74.3761
-74.3755
-74.3727
-74.368
-74.3638
-74.362
-74.3597
-74.3545
-74.3452
-74.3347
-74.3224
-74.3123
-74.3059
-74.3016
-74.3019
-74.3021
-74.3027
-74.3019
-74.2979
-74.2889
-74.276
-74.2644
-74.2533
-74.2422
-74.2303
-74.2199
-74.2096
-74.2097
-74.2261
-74.2492
-74.2686
-74.278
-74.2832
-74.285
-74.2847
-74.2784
-74.269
-74.2595
-74.2472
-74.237
-74.2276
-74.2198
-74.2118
-74.2062
-74.2042
-74.2068
-74.2177
-74.2307
-74.2419
-74.2488
-74.2461
-74.2375
-74.2246
-74.2103
-74.2056
-74.208
-74.2098
-74.2108
-74.2109
-74.211
-74.2082
-74.2036
-74.199
-74.197
-74.1982
-74.1965
-74.1924
-74.1858
-74.1804
-74.1762
-74.1671
-74.1544
-74.1405
-74.1247
-74.1136
-74.1028
-74.0904
-74.0767
-74.0601
-74.0429
-74.0273
-74.0137
-74.0052
-74.0054
-74.0069
-74.0043
-74.0003
-73.9903
-73.9743
-73.9589
-73.9558
-73.9585
-73.9679
-73.9768
-73.9756
-73.9679
-73.9683
-73.9813
-73.9929
-74.002
-74.0127
-74.0207
-74.0291
-74.035
-74.0405
-74.0437
-74.0479
-74.0455
-74.0386
-74.0275
-74.015
-74.0034
-73.9948
-73.9856
-73.9848
-73.9884
-73.9992
-74.0091
-74.009
-73.9993
-73.9871
-73.9847
-73.9812
-73.9705
-73.9598
-73.9593
-73.9553
-73.9523
-73.9518
-73.9462
-73.9456
-73.9437
-73.9425
-73.9369
-73.931
-73.924
-73.9215
-73.9282
-73.932
-73.9264
-73.913
-73.8975
-73.8879
-73.8802
-73.8708
-73.8613
-73.8524
-73.852
-73.8517
-73.8567
-73.8601
-73.8546
-73.8477
-73.8529
-73.8609
-73.8699
-73.8724
-73.8656
-73.8514
-73.8345
-73.8201
-73.8088
-73.8
-73.7922
-73.7798
-73.7667
-73.7568
-73.7455
-73.7291
-73.7082
-73.684
-73.6575
-73.6293
-73.5998
-73.5695
-73.5386
-73.5073
-73.4827
-73.4678
-73.4559
-73.4531
-73.4511
-73.4494
-73.4418
-73.4278
-73.409
-73.3901
-73.383
-73.3761
-73.3637
-73.354
-73.3528
-73.3589
-73.3748
-73.385
-73.3846
-73.3758
-73.361
-73.3421
-73.3203
-73.2965
-73.2713
-73.2449
-73.2178
-73.19
-73.1618
-73.1333
-73.1148
-73.1139
-73.1193
-73.122
-73.1251
-73.122
-73.112
-73.0969
-73.085
-73.0775
-73.0785
-73.096
-73.1215
-73.1447
-73.1593
-73.1626
-73.1571
-73.1454
-73.1294
-73.1105
-73.0894
-73.0668
-73.0449
-73.0399
-73.04
-73.0346
-73.0231
-73.0071
-72.988
-72.9667
-72.9439
-72.9201
-72.8963
-72.8824
-72.8713
-72.8571
-72.8397
-72.8197
-72.7981
-72.7753
-72.7517
-72.7277
-72.7033
-72.6787
-72.6541
-72.6293
-72.6047
-72.58
-72.5602
-72.552
-72.5436
-72.5315
-72.5269
-72.5273
-72.5356
-72.5425
-72.5422
-72.5356
-72.5245
-72.5103
-72.4939
-72.476
-72.457
-72.4373
-72.4171
-72.3965
-72.3757
-72.3557
-72.3493
-72.3471
-72.3411
-72.331
-72.3177
-72.3024
-72.2896
-72.2896
-72.2895
-72.2845
-72.2752
-72.2629
-72.2485
-72.2327
-72.2158
-72.1983
-72.1804
-72.1621
-72.1437
-72.1251
-72.1065
-72.0878
-72.0692
-72.0507
-72.0322
-72.0139
-71.9957
-71.9776
-71.9597
-71.9419
-71.9243
-71.9068
-71.8896
-71.8725
-71.8555
-71.8388
-71.8222
-71.8058
-71.7896
-71.7736
-71.7577
-71.7421
-71.7266
-71.7112
-71.6961
-71.6811
-71.6664
-71.6517
-71.6373
-71.623
-71.6089
-71.595
-71.5812
-71.5676
-71.5542
-71.5409
-71.5278
-71.5149
-71.5021
-71.4894
-71.477
-71.4646
-71.4524
-71.4404
-71.4285
-71.4168
-71.4052
-71.3937
-71.3824
-71.3713
-71.3602
-71.3494
-71.3386
-71.328
-71.3175
-71.3072
-71.297
-71.2869
-71.2769
-71.2671
-71.2574
-71.2479
-71.2384
-71.2291
-71.2199
-71.2108
-71.2018
-71.193
-71.1842
-71.1756
-71.1671
-71.1587
-71.1504
-71.1422
-71.1341
-71.1261
-71.1183
-71.1105
-71.1028
-71.0953
-71.0878
-71.0804
-71.0732
-71.066
-71.0589
-71.0519
-71.0451
-71.0383
-71.0315
-71.0249
-71.0184
-71.012
-71.0056
-70.9993
-70.9932
-70.9871
-70.981
-70.9751
-70.9693
-70.9635
-70.9578
-70.9522
-70.9466
-70.9412
-70.9358
-70.9305
-70.9252
-70.9201
-70.915
-70.9099
-70.905
-70.9001
-70.8953
-70.8906
-70.8859
-70.8813
-70.8767
-70.8722
-70.8678
-70.8635
-70.8592
-70.8549
-70.8508
-70.8466
-70.8426
-70.8386
-70.8347
-70.8308
-70.827
-70.8232
-70.8195
-70.8158
-70.8122
-70.8087
-70.8052
-70.8018
-70.7984
-70.795
-70.7917
-70.7885
-70.7853
-70.7822
-70.7791
-70.776
-70.773
-70.7701
-70.7671
-70.7643
-70.7615
-70.7587
-70.7559
-70.7532
-70.7506
-70.748
-70.7454
-70.7429
-70.7404
-70.738
-70.7356
-70.7332
-70.7308
-70.7286
-70.7263
-70.7241
-70.7219
-70.7197
-70.7176
-70.7156
-70.7135
-70.7115
-70.7095
-70.7076
-70.7057
-70.7038
-70.7019
-70.7001
-70.6983
-70.6966
-70.6949
-70.6932
-70.6915
-70.6899
-70.6882
-70.6867
-70.6851
-70.6836
-70.6821
-70.6806
-70.6792
-70.6778
-70.6764
-70.675
-70.6736
-70.6723
-70.671
-70.6698
-70.6685
-70.6673
-70.6661
-70.6649
-70.6638
-70.6626
-70.6615
-70.6604
-70.6594
-70.6583
-70.6573
-70.6563
-70.6553
-70.6543
-70.6534
-70.6524
-70.6515
-70.6506
-70.6498
-70.6489
-70.6481
-70.6473
-70.6465
-70.6457
-70.6449
-70.6442
-70.6434
-70.6427
-70.642
-70.6413
-70.6406
-70.64
-70.6394
-70.6387
-70.6381
-70.6375
-70.6369
-70.6364
-70.6358
-70.6353
-70.6347
-70.6342
-70.6337
-70.6332
-70.6328
-70.6323
-70.6318
-70.6314
-70.631
-70.6306
-70.6301
-70.6298
-70.6294
-70.629
-70.6286
-70.6283
-70.6279
-70.6276
-70.6273
-70.627
-70.6267
-70.6264
-70.6261
-70.6258
-70.6256
-70.6253
-70.6251
-70.6248
-70.6246
-70.6244
-70.6242
-70.624
-70.6238
-70.6236
-70.6234
-70.6233
-70.6231
-70.6229
-70.6228
-70.6226
-70.6225
-70.6224
-70.6223
-70.6221
-70.622
-70.6219
-70.6218
-70.6218
-70.6217
-70.6216
-70.6215
-70.6215
-70.6214
-70.6213
-70.6213
-70.6213
-70.6212
-70.6212
-70.6212
-70.6211
-70.6211
-70.6211
-70.6211
-70.6211
-70.6211
-70.6211
-70.6211
-70.6211
-70.6212
-70.6212
-70.6212
-70.6212
-70.6213
-70.6213
-70.6214
-70.6214
-70.6214
-70.6215
-70.6216
-70.6216
-70.6217
-70.6217
-70.6218
-70.6219
-70.622
-70.622
-70.6221
-70.6222
-70.6223
-70.6224
-70.6225
-70.6226
-70.6227
-70.6228
-70.6229
-70.623
-70.6231
-70.6232
-70.6233
-70.6234
-70.6235
-70.6237
-70.6238
-70.6239
-70.624
-70.6242
-70.6243
-70.6244
-70.6245
-70.6247
-70.6248
-70.6249
-70.6251
-70.6252
-70.6254
-70.6255
-70.6256
-70.6258
-70.6259
-70.6261
-70.6262
-70.6264
-70.6265
-70.6267
-70.6268
-70.627
-70.6271
-70.6273
-70.6275
-70.6276
-70.6278
-70.6279
-70.6281
-70.6282
-70.6284
-70.6286
-70.6287
-70.6289
-70.6291
-70.6292
-70.6294
-70.6296
-70.6297
-70.6299
-70.6301
-70.6302
-70.6304
-70.6306
-70.6307
-70.6309
-70.6311
-70.6312
-70.6314
-70.6316
-70.6317
-70.6319
-70.6321
-70.6322
-70.6324
-70.6326
-70.6328
-70.6329
-70.6331
-70.6333
-70.6334
-70.6336
-70.6338
-70.6339
-70.6341
-70.6343
-70.6345
-70.6346
-70.6348
-70.635
-70.6351
-70.6353
-70.6355
-70.6356
-70.6358
-70.636
-70.6361
-70.6363
-70.6365
-70.6366
-70.6368
-70.637
-70.6371
-70.6373
-70.6375
-70.6376
-70.6378
-70.638
-70.6381
-70.6383
-70.6385
-70.6386
-70.6388
-70.6389
-70.6391
-70.6393
-70.6394
-70.6396
-70.6398
-70.6399
-70.6401
-70.6402
-70.6404
-70.6405
-70.6407
-70.6409
-70.641
-70.6412
-70.6413
-70.6415
-70.6416
-70.6418
-70.6419
-70.6421
-70.6422
-70.6424
-70.6425
-70.6427
-70.6428
-70.643
-70.6431
-70.6433
-70.6434
-70.6436
-70.6437
-70.6439
-70.644
-70.6442
-70.6443
-70.6444
-70.6446
-70.6447
-70.6449
-70.645
-70.6451
-70.6453
-70.6454

