-70
-70.1661
-70.23
-70.2566
-70.2695
-70.2773
-70.283
-70.2879
-70.2925
-70.297
-70.3014
-70.3057
-70.31
-70.3142
-70.3185
-70.3226
-70.3268
-70.3309
-70.335
-70.3391
-70.3431
-70.3471
-70.351
-70.3549
-70.3588
-70.3626
-70.3664
-70.3701
-70.3738
-70.3775
-70.3811
-70.3847
-70.3883
-70.3918
-70.3953
-70.3987
-70.4021
-70.4055
-70.4088
-70.4121
-70.4154
-70.4186
-70.4218
-70.4249
-70.428
-70.4311
-70.4341
-70.4372
-70.4401
-70.4431
-70.446
-70.4489
-70.4517
-70.4545
-70.4573
-70.4601
-70.4628
-70.4655
-70.4682
-70.4708
-70.4734
-70.476
-70.4785
-70.481
-70.4835
-70.486
-70.4884
-70.4908
-70.4932
-70.4955
-70.4978
-70.5001
-70.5024
-70.5046
-70.5068
-70.509
-70.5112
-70.5133
-70.5154
-70.5175
-70.5196
-70.5216
-70.5236
-70.5256
-70.5276
-70.5295
-70.5315
-70.5334
-70.5352
-70.5371
-70.5389
-70.5407
-70.5425
-70.5443
-70.5461
-70.5478
-70.5495
-70.5512
-70.5528
-70.5545
-70.5561
-70.5577
-70.5593
-70.5609
-70.5624
-70.5639
-70.5655
-70.5669
-70.5684
-70.5699
-70.5713
-70.5727
-70.5741
-70.5755
-70.5769
-70.5782
-70.5796
-70.5809
-70.5822
-70.5835
-70.5848
-70.586
-70.5873
-70.5885
-70.5897
-70.5909
-70.5921
-70.5932
-70.5944
-70.5955
-70.5966
-70.5977
-70.5988
-70.5999
-70.601
-70.602
-70.603
-70.6041
-70.6051
-70.6061
-70.6071
-70.608
-70.609
-70.6099
-70.6109
-70.6118
-70.6127
-70.6136
-70.6145
-70.6154
-70.6162
-70.6171
-70.6179
-70.6187
-70.6196
-70.6204
-70.6212
-70.622
-70.6227
-70.6235
-70.6242
-70.625
-70.6257
-70.6265
-70.6272
-70.6279
-70.6286
-70.6293
-70.6299
-70.6306
-70.6313
-70.6319
-70.6325
-70.6332
-70.6338
-70.6344
-70.635
-70.6356
-70.6362
-70.6368
-70.6374
-70.6379
-70.6385
-70.639
-70.6396
-70.6401
-70.6406
-70.6411
-70.6417
-70.6422
-70.6427
-70.6431
-70.6436
-70.6441
-70.6446
-70.645
-70.6455
-70.6459
-70.6464
-70.6468
-70.6472
-70.6476
-70.6481
-70.6485
-70.6489
-70.6493
-70.6497
-70.65
-70.6504
-70.6508
-70.6512
-70.6515
-70.6519
-70.6522
-70.6526
-70.6529
-70.6533
-70.6536
-70.6539
-70.6542
-70.6545
-70.6549
-70.6552
-70.6555
-70.6558
-70.656
-70.6563
-70.6566
-70.6569
-70.6572
-70.6574
-70.6577
-70.658
-70.6582
-70.6585
-70.6587
-70.6589
-70.6592
-70.6594
-70.6597
-70.6599
-70.6601
-70.6603
-70.6605
-70.6607
-70.661
-70.6612
-70.6614
-70.6616
-70.6617
-70.6619
-70.6621
-70.6623
-70.6625
-70.6627
-70.6628
-70.663
-70.6632
-70.6633
-70.6635
-70.6637
-70.6638
-70.664
-70.6641
-70.6643
-70.6644
-70.6646
-70.6647
-70.6648
-70.665
-70.6651
-70.6652
-70.6653
-70.6655
-70.6656
-70.6657
-70.6658
-70.6659
-70.666
-70.6662
-70.6663
-70.6664
-70.6665
-70.6666
-70.6667
-70.6668
-70.6669
-70.667
-70.667
-70.6671
-70.6672
-70.6673
-70.6674
-70.6675
-70.6675
-70.6676
-70.6677
-70.6678
-70.6678
-70.6679
-70.668
-70.668
-70.6681
-70.6682
-70.6682
-70.6683
-70.6683
-70.6684
-70.6685
-70.6685
-70.6686
-70.6686
-70.6687
-70.6687
-70.6688
-70.6688
-70.6688
-70.6689
-70.6689
-70.669
-70.669
-70.669
-70.6691
-70.6691
-70.6691
-70.6692
-70.6692
-70.6692
-70.6693
-70.6693
-70.6693
-70.6694
-70.6694
-70.6694
-70.6694
-70.6694
-70.6695
-70.6695
-70.6695
-70.6695
-70.6695
-70.6696
-70.6696
-70.6696
-70.6696
-70.6696
-70.6696
-70.6696
-70.6697
-70.6697
-70.6697
-70.6697
-70.6697
-70.6697
-70.6697
-70.6697
-70.6697
-70.6697
-70.6697
-70.6697
-70.6697
-70.6697
-70.6697
-70.6697
-70.6697
-70.6697
-70.6697
-70.6697
-70.6697
-70.6697
-70.6697
-70.6697
-70.6697
-70.6697
-70.6697
-70.6697
-70.6697
-70.6697
-70.6697
-70.6697
-70.6697
-70.6697
-70.6697
-70.6696
-70.6696
-70.6696
-70.6696
-70.6696
-70.6696
-70.6696
-70.6696
-70.6696
-70.6695
-70.6695
-70.6695
-70.6695
-70.6695
-70.6695
-70.6695
-70.6695
-70.6694
-70.6694
-70.6694
-70.6694
-70.6694
-70.6694
-70.6693
-70.6693
-70.6693
-70.6693
-70.6693
-70.6693
-70.6693
-70.6692
-70.6692
-70.6692
-70.6692
-70.6692
-70.6691
-70.6691
-70.6691
-70.6691
-70.6691
-70.6691
-70.669
-70.669
-70.669
-70.669
-70.669
-70.6689
-70.6689
-70.6689
-70.6689
-70.6689
-70.6688
-70.6688
-70.6688
-70.6688
-70.6688
-70.6687
-70.6687
-70.6687
-70.6687
-70.6686
-70.6686
-70.6686
-70.6686
-70.6686
-70.6685
-70.6685
-70.6685
-70.6685
-70.6685
-70.6684
-70.6684
-70.6684
-70.6684
-70.6684
-70.6683
-70.6683
-70.6683
-70.6683
-70.6682
-70.6682
-70.6682
-70.6682
-70.6682
-70.6681
-70.6681
-70.6681
-70.6681
-70.6681
-70.6697
-70.8621
-71.6655
-72.7026
-73.4754
-73.939
-56.1597
-51.8106
-49.8798
-47.8668
-42.6893
10.6359
-28.0089
-59.7029
-68.9324
-68.0602
-67.008
-65.9276
-64.8387
-63.7591
-62.7062
-61.6963
-60.7434
-59.8403
-58.9524
-58.1682
-57.4676
-56.8384
-56.2939
-55.8242
-55.4136
-55.0605
-54.7629
-54.5088
-54.2966
-54.1235
-53.9803
-53.8595
-53.7626
-53.6842
-53.619
-53.5682
-53.5294
-53.499
-53.4726
-53.4527
-53.4383
-53.4248
-53.415
-53.4087
-53.4051
-53.4035
-53.3999
-53.3968
-53.3956
-53.3945
-53.3923
-53.3917
-53.3925
-53.3942
-53.3966
-53.3994
-53.4021
-53.4003
-53.3991
-53.3994
-53.4002
-53.3982
-53.3973
-53.3978
-53.3992
-53.4012
-53.4034
-53.4058
-53.4084
-53.4111
-53.4138
-53.4164
-53.4146
-53.4083
-53.4047
-53.4031
-53.4025
-53.4003
-53.3962
-53.3933
-53.3906
-53.3869
-53.3796
-53.3583
-53.1756
-52.9875
-53.0185
-53.0898
-53.1526
-53.1984
-53.2294
-53.2503
-53.265
-53.2767
-53.2874
-53.2987
-53.3119
-53.3596
-53.3931
-53.4089
-53.4185
-53.4267
-53.4352
-53.4448
-53.4441
-53.4415
-53.4419
-53.4449
-53.4497
-53.4559
-53.4634
-53.4722
-53.4822
-53.4936
-53.5064
-53.5206
-53.5363
-53.5536
-53.5727
-53.5937
-53.6168
-53.642
-53.6696
-53.6997
-53.7328
-53.769
-53.8085
-53.8517
-53.8987
-53.95
-54.0057
-53.6802
-53.4967
-53.4434
-53.436
-53.4446
-53.459
-53.4756
-53.4931
-53.5112
-53.4823
-53.4535
-53.4438
-53.4443
-53.4496
-53.4573
-53.4663
-53.4762
-53.4867
-53.4979
-53.5098
-53.5224
-53.5359
-53.5503
-53.5658
-53.5828
-53.6019
-53.6223
-53.6442
-53.6676
-53.6929
-53.7204
-53.7504
-53.783
-53.8184
-53.8571
-53.9007
-53.948
-53.9986
-54.053
-54.1115
-54.1205
-53.5889
-53.4147
-53.3761
-53.3791
-53.3941
-53.4122
-53.4304
-53.4479
-53.4648
-53.4813
-53.4976
-53.4705
-53.4386
-53.4276
-53.4269
-53.4309
-53.4371
-53.4443
-53.452
-53.4601
-53.4686
-53.4776
-53.4872
-53.4975
-53.5091
-53.5214
-53.5348
-53.5497
-53.5656
-53.5825
-53.6005
-53.62
-53.641
-53.6638
-53.6895
-53.7188
-53.7502
-53.7839
-53.8226
-53.8649
-53.9097
-53.9574
-54.0084
-54.0632
-54.1221
-54.1877
-54.2626
-54.3416
-53.9083
-53.4422
-53.3321
-53.3213
-53.3369
-53.3583
-53.3795
-53.3993
-53.4175
-53.435
-53.4516
-53.4674
-53.4827
-53.4978
-53.5141
-53.5128
-53.4528
-53.4267
-53.4196
-53.4204
-53.4246
-53.4306
-53.4373
-53.4444
-53.4518
-53.4596
-53.468
-53.4776
-53.4877
-53.4983
-53.5095
-53.5215
-53.5346
-53.5501
-53.567
-53.5849
-53.604
-53.6245
-53.6468
-53.6724
-53.7021
-53.7339
-53.7676
-53.8047
-53.8481
-53.8949
-53.9443
-53.9969
-53.5529
-53.4028
-53.3706
-53.3726
-53.3842
-53.3979
-53.4116
-53.4159
-53.4053
-53.4025
-53.4048
-53.4093
-53.4151
-53.4213
-53.4276
-53.4341
-53.4407
-53.4475
-53.4548
-53.463
-53.472
-53.4826
-53.4941
-53.5062
-53.5198
-53.5356
-53.5532
-53.5713
-53.5903
-53.6126
-53.6479
-53.6997
-53.7667
-53.836
-53.9129
-53.9894
-54.0631
-54.1366
-54.2145
-54.3255
-54.496
-54.7145
-54.9356
-55.1358
-55.3235
-55.5062
-55.6938
-55.8885
-56.1058
-56.3776
-56.699
-57.0451
-57.4011
-57.7533
-58.1026
-58.4544
-58.8147
-59.1861
-59.5794
-60.0197
-60.5058
-61.0204
-61.5416
-62.0575
-62.5597
-63.0542
-63.54
-64.0189
-64.4989
-64.9925
-65.5097
-66.0458
-66.5798
-67.0948
-67.5786
-68.0318
-68.4585
-68.8568
-69.2338
-69.5994
-69.9617
-70.3265
-70.6877
-71.03
-71.3452
-71.6285
-71.883
-72.1137
-72.322
-72.5126
-72.6927
-72.8683
-73.0426
-73.2111
-73.3664
-73.506
-73.6284
-73.7343
-73.8281
-73.9122
-73.9866
-74.0547
-74.1213
-74.188
-74.2534
-74.3136
-74.3672
-74.4136
-74.4525
-74.4851
-74.5141
-74.5387
-74.56
-74.5807
-74.6028
-74.6265
-74.6495
-74.6706
-74.6881
-74.7023
-74.713
-74.721
-74.7276
-74.7322
-74.7363
-74.7417
-74.7486
-74.7572
-74.7662
-74.7744
-74.7799
-74.7834
-74.7859
-74.7865
-74.7861
-74.7854
-74.7844
-74.7852
-74.7873
-74.7904
-74.7937
-74.7975
-74.7997
-74.8003
-74.7998
-74.7992
-74.7968
-74.7945
-74.7935
-74.7931
-74.7922
-74.7928
-74.7938
-74.7952
-74.7968
-74.7972
-74.7967
-74.7948
-74.7934
-74.7915
-74.7894
-74.7889
-74.7887
-74.7873
-74.7864
-74.7862
-74.7867
-74.7873
-74.787
-74.7869
-74.7861
-74.7839
-74.7819
-74.7803
-74.7803
-74.7801
-74.7791
-74.7776
-74.7761
-74.7761
-74.7758
-74.7756
-74.7751
-74.7749
-74.774
-74.7715
-74.7689
-74.7692
-74.77
-74.7693
-74.7682
-74.7664
-74.7653
-74.7664
-74.7662
-74.7652
-74.7637
-74.762
-74.761
-74.7592
-74.7574
-74.7573
-74.7581
-74.7577
-74.7572
-74.7555
-74.7536
-74.7532
-74.755
-74.7546
-74.7539
-74.7516
-74.7485
-74.7464
-74.745
-74.7452
-74.7464
-74.746
-74.7445
-74.7445
-74.7448
-74.743
-74.7412
-74.7427
-74.7438
-74.7429
-74.7418
-74.7386
-74.7334
-74.7311
-74.7305
-74.7322
-74.7335
-74.7316
-74.7302
-74.7288
-74.7277
-74.7269
-74.7261
-74.7277
-74.7309
-74.7314
-74.7299
-74.7284
-74.7239
-74.7184
-74.7177
-74.7187
-74.7207
-74.7213
-74.7196
-74.7162
-74.7145
-74.7126
-74.7091
-74.7083
-74.7112
-74.7153
-74.7171
-74.7161
-74.7135
-74.7118
-74.7092
-74.7049
-74.7035
-74.7048
-74.7052
-74.7052
-74.7031
-74.6978
-74.6928
-74.6912
-74.6888
-74.687
-74.6895
-74.6968
-74.701
-74.7013
-74.6986
-74.6967
-74.6983
-74.6972
-74.6937
-74.692
-74.6924
-74.6929
-74.6918
-74.6883
-74.6837
-74.6776
-74.6729
-74.6685
-74.6655
-74.6645
-74.6664
-74.6722
-74.6775
-74.6793
-74.6798
-74.6807
-74.6814
-74.6819
-74.6793
-74.6754
-74.6719
-74.6707
-74.6694
-74.6665
-74.6627
-74.6589
-74.655
-74.6512
-74.6485
-74.6465
-74.6448
-74.6431
-74.6452
-74.6469
-74.6491
-74.6548
-74.6608
-74.6641
-74.6657
-74.6665
-74.6654
-74.6613
-74.6574
-74.6532
-74.6478
-74.6442
-74.6409
-74.6367
-74.6321
-74.6305
-74.629
-74.6264
-74.6213
-74.6157
-74.6131
-74.6131
-74.618
-74.6233
-74.6274
-74.6287
-74.6295
-74.6305
-74.6312
-74.6355
-74.6378
-74.6357
-74.6309
-74.6253
-74.6214
-74.6149
-74.6057
-74.6002
-74.5993
-74.6
-74.6015
-74.6028
-74.6001
-74.5946
-74.5893
-74.5831
-74.5826
-74.5902
-74.5982
-74.6012
-74.6012
-74.6011
-74.6006
-74.5995
-74.5996
-74.599
-74.6008
-74.6033
-74.6046
-74.6009
-74.5948
-74.5884
-74.5817
-74.5747
-74.5702
-74.5671
-74.5639
-74.5611
-74.5594
-74.559
-74.5596
-74.5565
-74.5528
-74.5533
-74.5553
-74.5574
-74.5586
-74.5604
-74.562
-74.5607
-74.5552
-74.5518
-74.5529
-74.5545
-74.5547
-74.5531
-74.5532
-74.5553
-74.5528
-74.5463
-74.5392
-74.5333
-74.5279
-74.524
-74.52
-74.5159
-74.5107
-74.5054
-74.4993
-74.496
-74.4983
-74.5039
-74.5068
-74.5093
-74.5119
-74.5161
-74.5176
-74.5179
-74.5181
-74.5162
-74.514
-74.5123
-74.5089
-74.5061
-74.5036
-74.5006
-74.5003
-74.5021
-74.507
-74.5113
-74.5109
-74.5069
-74.5041
-74.5027
-74.4988
-74.4899
-74.4806
-74.4706
-74.4577
-74.445
-74.4409
-74.4396
-74.4352
-74.4317
-74.4262
-74.4246
-74.4269
-74.4311
-74.4345
-74.4391
-74.4451
-74.4474
-74.4468
-74.4459
-74.4445
-74.4478
-74.4506
-74.4523
-74.4509
-74.4448
-74.439
-74.435
-74.4296
-74.4266
-74.4267
-74.4262
-74.4261
-74.4288
-74.4304
-74.4282
-74.4272
-74.4234
-74.4204
-74.4185
-74.4189
-74.4166
-74.4119
-74.4031
-74.3882
-74.3686
-74.3505
-74.3377
-74.3263
-74.318
-74.3075
-74.2997
-74.2961
-74.2963
-74.2999
-74.3086
-74.3182
-74.3248
-74.3287
-74.3279
-74.3246
-74.32
-74.3143
-74.3053
-74.3
-74.3036
-74.3095
-74.311
-74.3143
-74.3202
-74.3277
-74.3355
-74.3383
-74.3365
-74.334
-74.3373
-74.339
-74.3374
-74.3327
-74.3283
-74.3228
-74.3153
-74.3098
-74.3061
-74.3059
-74.3079
-74.3103
-74.3139
-74.3144
-74.3122
-74.3086
-74.2987
-74.2858
-74.2744
-74.2653
-74.2555
-74.2462
-74.2397
-74.2311
-74.2168
-74.1971
-74.1771
-74.1642
-74.1598
-74.1554
-74.1494
-74.1446
-74.1413
-74.1389
-74.1344
-74.1252
-74.1196
-74.1194
-74.1229
-74.1306
-74.1336
-74.1281
-74.1191
-74.1077
-74.092
-74.0816
-74.0756
-74.0814
-74.0922
-74.0986
-74.0971
-74.0869
-74.0725
-74.0585
-74.049
-74.043
-74.049
-74.0624
-74.0789
-74.1024
-74.125
-74.1399
-74.1535
-74.1659
-74.1696
-74.167
-74.1666
-74.1769
-74.1949
-74.2049
-74.2087
-74.205
-74.1961
-74.1853
-74.1763
-74.165
-74.1517
-74.1366
-74.1295
-74.1229
-74.1185
-74.1126
-74.1063
-74.0987
-74.0876
-74.0709
-74.0577
-74.0531
-74.0493
-74.0431
-74.0332
-74.0241
-74.0114
-73.9944
-73.9774
-73.963
-73.9509
-73.9408
-73.937
-73.9283
-73.9157
-73.9124
-73.911
-73.9082
-73.9051
-73.8957
-73.8844
-73.8752
-73.878
-73.882
-73.8906
-73.8923
-73.8846
-73.8737
-73.8602
-73.8462
-73.8337
-73.829
-73.8398
-73.8488
-73.8473
-73.8366
-73.8195
-73.7981
-73.7775
-73.7602
-73.7453
-73.7351
-73.7352
-73.7306
-73.7184
-73.7003
-73.6793
-73.6626
-73.655
-73.6484
-73.6377
-73.6273
-73.6158
-73.6114
-73.6047
-73.5948
-73.5887
-73.5903
-73.5873
-73.5768
-73.5628
-73.5508
-73.5438
-73.5415
-73.5343
-73.5264
-73.5188
-73.5128
-73.5023
-73.4897
-73.483
-73.4776
-73.4669
-73.4568
-73.4463
-73.4312
-73.4119
-73.3894
-73.3694
-73.354
-73.344
-73.333
-73.3174
-73.298
-73.2835
-73.2808
-73.2854
-73.2908
-73.2927
-73.2894
-73.296
-73.3065
-73.3126
-73.312
-73.3119
-73.3137
-73.3277
-73.3408
-73.3437
-73.3406
-73.3381
-73.3305
-73.3174
-73.2999
-73.2794
-73.2566
-73.2364
-73.2267
-73.2224
-73.2292
-73.2488
-73.2598
-73.2639
-73.2666
-73.2626
-73.259
-73.2547
-73.2449
-73.2301
-73.2116
-73.1904
-73.1674
-73.1509
-73.1449
-73.1419
-73.1372
-73.1355
-73.1292
-73.1171
-73.1006
-73.0809
-73.0591
-73.0357
-73.0113
-72.9861
-72.9603
-72.9342
-72.9078
-72.8833
-72.8696
-72.8571
-72.8414
-72.8228
-72.8019
-72.7796
-72.7563
-72.7324
-72.7081
-72.6835
-72.6588
-72.6341
-72.6093
-72.585
-72.5723
-72.5649
-72.5545
-72.5405
-72.5238
-72.5088
-72.5052
-72.5012
-72.5004
-72.5054
-72.5056
-72.4997
-72.4892
-72.4754
-72.4594
-72.4418
-72.4232
-72.4038
-72.3839
-72.3637
-72.3432
-72.3225
-72.3018
-72.281
-72.2603
-72.2396
-72.219
-72.1986
-72.1782
-72.158
-72.1379
-72.118
-72.0983
-72.0788
-72.0594
-72.0403
-72.0213
-72.0025
-71.9839
-71.9655
-71.9474
-71.9294
-71.9116
-71.894
-71.8766
-71.8594
-71.8424
-71.8256
-71.809
-71.7925
-71.7763
-71.7603
-71.7444
-71.7288
-71.7133
-71.698
-71.6829
-71.6679
-71.6532
-71.6386
-71.6242
-71.61
-71.5959
-71.582
-71.5683
-71.5548
-71.5414
-71.5282
-71.5151
-71.5022
-71.4894
-71.4769
-71.4644
-71.4522
-71.44
-71.4281
-71.4162
-71.4046
-71.393
-71.3816
-71.3704
-71.3593
-71.3483
-71.3375
-71.3268
-71.3163
-71.3059
-71.2956
-71.2854
-71.2754
-71.2655
-71.2558
-71.2461
-71.2366
-71.2273
-71.218
-71.2088
-71.1998
-71.1909
-71.1821
-71.1734
-71.1649
-71.1564
-71.1481
-71.1398
-71.1317
-71.1237
-71.1158
-71.108
-71.1003
-71.0927
-71.0852
-71.0778
-71.0705
-71.0632
-71.0561
-71.0491
-71.0422
-71.0354
-71.0286
-71.022
-71.0154
-71.009
-71.0026
-70.9963
-70.9901
-70.984
-70.9779
-70.972
-70.9661
-70.9603
-70.9546
-70.9489
-70.9434
-70.9379
-70.9325
-70.9272
-70.9219
-70.9167
-70.9116
-70.9066
-70.9016
-70.8967
-70.8919
-70.8871
-70.8824
-70.8778
-70.8733
-70.8688
-70.8643
-70.86
-70.8557
-70.8514
-70.8473
-70.8431
-70.8391
-70.8351
-70.8311
-70.8273
-70.8234
-70.8197
-70.816
-70.8123
-70.8087
-70.8052
-70.8017
-70.7982
-70.7948
-70.7915
-70.7882
-70.7849
-70.7818
-70.7786
-70.7755
-70.7725
-70.7695
-70.7665
-70.7636
-70.7608
-70.7579
-70.7552
-70.7524
-70.7497
-70.7471
-70.7445
-70.7419
-70.7394
-70.7369
-70.7345
-70.7321
-70.7297
-70.7274
-70.7251
-70.7229
-70.7206
-70.7185
-70.7163
-70.7142
-70.7121
-70.7101
-70.7081
-70.7061
-70.7042
-70.7023
-70.7004
-70.6986
-70.6968
-70.695
-70.6933
-70.6916
-70.6899
-70.6882
-70.6866
-70.685
-70.6834
-70.6819
-70.6804
-70.6789
-70.6774
-70.676
-70.6746
-70.6732
-70.6718
-70.6705
-70.6692
-70.6679
-70.6667
-70.6654
-70.6642
-70.663
-70.6619
-70.6607
-70.6596
-70.6585
-70.6574
-70.6564
-70.6553
-70.6543
-70.6533
-70.6524
-70.6514
-70.6505
-70.6496
-70.6487
-70.6478
-70.6469
-70.6461
-70.6453
-70.6445
-70.6437
-70.6429
-70.6421
-70.6414
-70.6407
-70.64
-70.6393
-70.6386
-70.638
-70.6373
-70.6367
-70.6361
-70.6355
-70.6349
-70.6343
-70.6338
-70.6332
-70.6327
-70.6322
-70.6317
-70.6312
-70.6307
-70.6303
-70.6298
-70.6294
-70.6289
-70.6285
-70.6281
-70.6277
-70.6274
-70.627
-70.6266
-70.6263
-70.6259
-70.6256
-70.6253
-70.625
-70.6247
-70.6244
-70.6241
-70.6239
-70.6236
-70.6234
-70.6231
-70.6229
-70.6227
-70.6225
-70.6223
-70.6221
-70.6219
-70.6217
-70.6215
-70.6213
-70.6212
-70.621
-70.6209
-70.6208
-70.6206
-70.6205
-70.6204
-70.6203
-70.6202
-70.6201
-70.62
-70.6199
-70.6198
-70.6198
-70.6197
-70.6197
-70.6196
-70.6196
-70.6195
-70.6195
-70.6194
-70.6194
-70.6194
-70.6194
-70.6194
-70.6194
-70.6194
-70.6194
-70.6194
-70.6194
-70.6194
-70.6194
-70.6195
-70.6195
-70.6195
-70.6196
-70.6196
-70.6197
-70.6197
-70.6198
-70.6198
-70.6199
-70.62
-70.62
-70.6201
-70.6202
-70.6202
-70.6203
-70.6204
-70.6205
-70.6206
-70.6207
-70.6208
-70.6209
-70.621
-70.6211
-70.6212
-70.6213
-70.6214
-70.6215
-70.6216
-70.6217
-70.6219
-70.622
-70.6221
-70.6222
-70.6224
-70.6225
-70.6226
-70.6228
-70.6229
-70.623
-70.6232
-70.6233
-70.6235
-70.6236
-70.6237
-70.6239
-70.624
-70.6242
-70.6243
-70.6245
-70.6247
-70.6248
-70.625
-70.6251
-70.6253
-70.6254
-70.6256
-70.6258
-70.6259
-70.6261
-70.6262
-70.6264
-70.6266
-70.6267
-70.6269
-70.6271
-70.6272
-70.6274
-70.6276
-70.6278
-70.6279
-70.6281
-70.6283
-70.6284
-70.6286
-70.6288
-70.629
-70.6291
-70.6293
-70.6295
-70.6297
-70.6298
-70.63
-70.6302
-70.6304
-70.6305
-70.6307
-70.6309
-70.6311
-70.6312
-70.6314
-70.6316
-70.6318
-70.632
-70.6321
-70.6323
-70.6325
-70.6327
-70.6328
-70.633
-70.6332
-70.6334
-70.6335
-70.6337
-70.6339
-70.6341
-70.6342
-70.6344
-70.6346
-70.6348
-70.6349
-70.6351
-70.6353
-70.6355
-70.6356
-70.6358
-70.636
-70.6362
-70.6363
-70.6365
-70.6367
-70.6369
-70.637
-70.6372
-70.6374
-70.6375
-70.6377
-70.6379
-70.638
-70.6382
-70.6384
-70.6385
-70.6387
-70.6389
-70.639
-70.6392
-70.6394
-70.6395
-70.6397
-70.6399
-70.64
-70.6402
-70.6403
-70.6405
-70.6407
-70.6408
-70.641
-70.6411
-70.6413
-70.6415
-70.6416
-70.6418
-70.6419
-70.6421
-70.6422
-70.6424
-70.6425
-70.6427
-70.6428
-70.643
-70.6431
-70.6433
-70.6434
-70.6436

