-70
-70.1661
-70.23
-70.2566
-70.2695
-70.2773
-70.283
-70.2879
-70.2925
-70.297
-70.3014
-70.3057
-70.31
-70.3142
-70.3185
-70.3226
-70.3268
-70.3309
-70.335
-70.3391
-70.3431
-70.3471
-70.351
-70.3549
-70.3588
-70.3626
-70.3664
-70.3701
-70.3738
-70.3775
-70.3811
-70.3847
-70.3883
-70.3918
-70.3953
-70.3987
-70.4021
-70.4055
-70.4088
-70.4121
-70.4154
-70.4186
-70.4218
-70.4249
-70.428
-70.4311
-70.4341
-70.4372
-70.4401
-70.4431
-70.446
-70.4489
-70.4517
-70.4545
-70.4573
-70.4601
-70.4628
-70.4655
-70.4682
-70.4708
-70.4734
-70.476
-70.4785
-70.481
-70.4835
-70.486
-70.4884
-70.4908
-70.4932
-70.4955
-70.4978
-70.5001
-70.5024
-70.5046
-70.5068
-70.509
-70.5112
-70.5133
-70.5154
-70.5175
-70.5196
-70.5216
-70.5236
-70.5256
-70.5276
-70.5295
-70.5315
-70.5334
-70.5352
-70.5371
-70.5389
-70.5407
-70.5425
-70.5443
-70.5461
-70.5478
-70.5495
-70.5512
-70.5528
-70.5545
-70.5561
-70.5577
-70.5593
-70.5609
-70.5624
-70.5639
-70.5655
-70.5669
-70.5684
-70.5699
-70.5713
-70.5727
-70.5741
-70.5755
-70.5769
-70.5782
-70.5796
-70.5809
-70.5822
-70.5835
-70.5848
-70.586
-70.5873
-70.5885
-70.5897
-70.5909
-70.5921
-70.5932
-70.5944
-70.5955
-70.5966
-70.5977
-70.5988
-70.5999
-70.601
-70.602
-70.603
-70.6041
-70.6051
-70.6061
-70.6071
-70.608
-70.609
-70.6099
-70.6109
-70.6118
-70.6127
-70.6136
-70.6145
-70.6154
-70.6162
-70.6171
-70.6179
-70.6187
-70.6196
-70.6204
-70.6212
-70.622
-70.6227
-70.6235
-70.6242
-70.625
-70.6257
-70.6265
-70.6272
-70.6279
-70.6286
-70.6293
-70.6299
-70.6306
-70.6313
-70.6319
-70.6325
-70.6332
-70.6338
-70.6344
-70.635
-70.6356
-70.6362
-70.6368
-70.6374
-70.6379
-70.6385
-70.639
-70.6396
-70.6401
-70.6406
-70.6411
-70.6417
-70.6422
-70.6427
-70.6431
-70.6436
-70.6441
-70.6446
-70.645
-70.6455
-70.6459
-70.6464
-70.6468
-70.6472
-70.6476
-70.6481
-70.6485
-70.6489
-70.6493
-70.6497
-70.65
-70.6504
-70.6508
-70.6512
-70.6515
-70.6519
-70.6522
-70.6526
-70.6529
-70.6533
-70.6536
-70.6539
-70.6542
-70.6545
-70.6549
-70.6552
-70.6555
-70.6558
-70.656
-70.6563
-70.6566
-70.6569
-70.6572
-70.6574
-70.6577
-70.658
-70.6582
-70.6585
-70.6587
-70.6589
-70.6592
-70.6594
-70.6597
-70.6599
-70.6601
-70.6603
-70.6605
-70.6607
-70.661
-70.6612
-70.6614
-70.6616
-70.6617
-70.6619
-70.6621
-70.6623
-70.6625
-70.6627
-70.6628
-70.663
-70.6632
-70.6633
-70.6635
-70.6637
-70.6638
-70.664
-70.6641
-70.6643
-70.6644
-70.6646
-70.6647
-70.6648
-70.665
-70.6651
-70.6652
-70.6653
-70.6655
-70.6656
-70.6657
-70.6658
-70.6659
-70.666
-70.6662
-70.6663
-70.6664
-70.6665
-70.6666
-70.6667
-70.6668
-70.6669
-70.667
-70.667
-70.6671
-70.6672
-70.6673
-70.6674
-70.6675
-70.6675
-70.6676
-70.6677
-70.6678
-70.6678
-70.6679
-70.668
-70.668
-70.6681
-70.6682
-70.6682
-70.6683
-70.6683
-70.6684
-70.6685
-70.6685
-70.6686
-70.6686
-70.6687
-70.6687
-70.6688
-70.6688
-70.6688
-70.6689
-70.6689
-70.669
-70.669
-70.669
-70.6691
-70.6691
-70.6691
-70.6692
-70.6692
-70.6692
-70.6693
-70.6693
-70.6693
-70.6694
-70.6694
-70.6694
-70.6694
-70.6694
-70.6695
-70.6695
-70.6695
-70.6695
-70.6695
-70.6696
-70.6696
-70.6696
-70.6696
-70.6696
-70.6696
-70.6696
-70.6697
-70.6697
-70.6697
-70.6697
-70.6697
-70.6697
-70.6697
-70.6697
-70.6697
-70.6697
-70.6697
-70.6697
-70.6697
-70.6697
-70.6697
-70.6697
-70.6697
-70.6697
-70.6697
-70.6697
-70.6697
-70.6697
-70.6697
-70.6697
-70.6697
-70.6697
-70.6697
-70.6697
-70.6697
-70.6697
-70.6697
-70.6697
-70.6697
-70.6697
-70.6697
-70.6696
-70.6696
-70.6696
-70.6696
-70.6696
-70.6696
-70.6696
-70.6696
-70.6696
-70.6695
-70.6695
-70.6695
-70.6695
-70.6695
-70.6695
-70.6695
-70.6695
-70.6694
-70.6694
-70.6694
-70.6694
-70.6694
-70.6694
-70.6693
-70.6693
-70.6693
-70.6693
-70.6693
-70.6693
-70.6693
-70.6692
-70.6692
-70.6692
-70.6692
-70.6692
-70.6691
-70.6691
-70.6691
-70.6691
-70.6691
-70.6691
-70.669
-70.669
-70.669
-70.669
-70.669
-70.6689
-70.6689
-70.6689
-70.6689
-70.6689
-70.6688
-70.6688
-70.6688
-70.6688
-70.6688
-70.6687
-70.6687
-70.6687
-70.6687
-70.6686
-70.6686
-70.6686
-70.6686
-70.6686
-70.6685
-70.6685
-70.6685
-70.6685
-70.6685
-70.6684
-70.6684
-70.6684
-70.6684
-70.6684
-70.6683
-70.6683
-70.6683
-70.6683
-70.6682
-70.6682
-70.6682
-70.6682
-70.6682
-70.6681
-70.6681
-70.6681
-70.6681
-70.6681
-70.6782
-70.9126
-71.6524
-72.6211
-73.4063
-56.9084
-52.0442
-50.077
-48.2336
-44.4277
3.41749
-23.3782
-52.0123
-68.9155
-68.2483
-67.161
-66.064
-64.9632
-63.8721
-62.8065
-61.7818
-60.8117
-59.9027
-59.0306
-58.2458
-57.5393
-56.9068
-56.3558
-55.8788
-55.4636
-55.1038
-54.7997
-54.5451
-54.3331
-54.1519
-54.0026
-53.8766
-53.7751
-53.695
-53.6319
-53.5828
-53.545
-53.5162
-53.4861
-53.4585
-53.4396
-53.4271
-53.419
-53.4141
-53.4115
-53.4107
-53.411
-53.4064
-53.4026
-53.4013
-53.4018
-53.4035
-53.4005
-53.3983
-53.3982
-53.3996
-53.4019
-53.4048
-53.4053
-53.4023
-53.4012
-53.4018
-53.4036
-53.4059
-53.4087
-53.4117
-53.4149
-53.4182
-53.4217
-53.4252
-53.4289
-53.4325
-53.4356
-53.4383
-53.4406
-53.4357
-53.4161
-53.4053
-53.4001
-53.3955
-53.3894
-53.3846
-53.3784
-53.3634
-53.255
-53.0275
-53.0381
-53.104
-53.1651
-53.2103
-53.2411
-53.2616
-53.2758
-53.2867
-53.2964
-53.3064
-53.3178
-53.3318
-53.3497
-53.373
-53.4026
-53.4385
-53.4799
-53.4702
-53.4589
-53.4563
-53.459
-53.4653
-53.474
-53.4845
-53.4967
-53.5107
-53.5265
-53.5442
-53.5639
-53.5858
-53.6098
-53.6363
-53.6655
-53.6974
-53.7326
-53.7712
-53.8134
-53.8595
-53.9098
-53.9647
-54.0244
-54.0892
-54.1597
-54.236
-54.3183
-54.4072
-54.5032
-54.6069
-54.7186
-54.8389
-54.9685
-55.1081
-55.258
-55.2238
-53.7204
-53.315
-53.2415
-53.2585
-53.2981
-53.3404
-53.3803
-53.4168
-53.4501
-53.4808
-53.5097
-53.5374
-53.5644
-53.5913
-53.6185
-53.6464
-53.6753
-53.5647
-53.4687
-53.437
-53.4316
-53.4363
-53.4451
-53.4557
-53.467
-53.4789
-53.4913
-53.5042
-53.5178
-53.5329
-53.5491
-53.566
-53.5838
-53.6028
-53.6232
-53.6451
-53.6688
-53.6943
-53.7221
-53.7532
-53.7882
-53.8257
-53.8659
-53.8386
-53.5292
-53.4244
-53.3999
-53.4012
-53.4108
-53.4229
-53.436
-53.4491
-53.4621
-53.475
-53.4879
-53.5011
-53.5147
-53.5289
-53.5438
-53.5596
-53.5766
-53.5961
-53.6171
-53.6393
-53.6629
-53.6882
-53.7156
-53.7452
-53.7774
-53.8123
-53.8501
-53.8912
-53.9394
-53.9924
-54.0482
-54.1071
-54.1699
-54.2369
-54.3082
-54.3843
-54.4656
-54.5524
-54.6448
-54.7487
-54.867
-54.99
-55.1165
-55.2477
-55.3841
-55.5259
-55.6731
-55.8261
-55.9846
-56.1488
-56.3187
-56.5133
-56.7219
-55.9339
-53.4761
-52.967
-52.9168
-52.9787
-53.0606
-53.1369
-53.2018
-53.2553
-53.2998
-53.3377
-53.3705
-53.3988
-53.4235
-53.4454
-53.4652
-53.4833
-53.5
-53.5157
-53.5304
-53.5443
-53.5573
-53.5698
-53.5843
-53.5977
-53.6083
-53.6156
-53.6185
-53.6153
-53.6035
-53.5788
-53.5334
-53.4524
-53.3094
-52.9903
-51.5971
-44.2953
-39.3632
-31.4996
-23.8325
-35.4891
-53.7825
-59.7078
-59.5622
-58.8197
-58.0791
-57.4056
-56.8074
-56.284
-55.832
-55.4469
-55.1238
-54.8558
-54.6363
-54.4598
-54.3208
-54.2154
-54.1393
-54.0875
-54.0562
-54.044
-54.052
-54.0805
-54.1302
-54.1942
-54.2653
-54.3438
-54.4315
-54.5269
-54.6314
-54.7518
-54.8968
-55.0728
-55.2681
-55.4765
-55.6852
-55.8977
-56.1177
-56.3488
-56.5935
-56.8623
-57.1711
-57.5116
-57.8709
-58.2468
-58.6282
-59.0159
-59.4141
-59.8239
-60.2453
-60.6866
-61.1575
-61.6607
-62.1771
-62.7026
-63.2237
-63.7342
-64.2364
-64.7324
-65.2203
-65.7038
-66.1944
-66.6963
-67.2005
-67.6926
-68.1678
-68.6124
-69.0273
-69.4159
-69.781
-70.1252
-70.4573
-70.7823
-71.1035
-71.4123
-71.7035
-71.9719
-72.2128
-72.4285
-72.6223
-72.7982
-72.9598
-73.1138
-73.2616
-73.4053
-73.5416
-73.6678
-73.7811
-73.8802
-73.9661
-74.0403
-74.1055
-74.1648
-74.2214
-74.2758
-74.329
-74.3811
-74.4298
-74.4729
-74.5093
-74.5398
-74.5644
-74.5837
-74.6001
-74.6165
-74.6335
-74.6504
-74.6693
-74.6883
-74.7062
-74.7207
-74.7312
-74.7391
-74.7436
-74.7453
-74.7469
-74.7497
-74.7539
-74.7585
-74.7658
-74.7742
-74.7814
-74.7864
-74.7887
-74.7892
-74.788
-74.7854
-74.783
-74.7817
-74.7821
-74.783
-74.7859
-74.791
-74.795
-74.7971
-74.798
-74.7962
-74.7931
-74.7908
-74.7879
-74.7854
-74.7833
-74.782
-74.7822
-74.7845
-74.7885
-74.7904
-74.7906
-74.7898
-74.7869
-74.7838
-74.7823
-74.7811
-74.7791
-74.7772
-74.7751
-74.7746
-74.7761
-74.7791
-74.7814
-74.7803
-74.7782
-74.7756
-74.7725
-74.7704
-74.7695
-74.7681
-74.7674
-74.7656
-74.7638
-74.7642
-74.7657
-74.769
-74.7704
-74.7683
-74.7648
-74.7623
-74.7604
-74.7594
-74.7579
-74.7566
-74.7568
-74.7557
-74.7543
-74.7549
-74.7555
-74.7561
-74.7574
-74.7559
-74.752
-74.7483
-74.7466
-74.7458
-74.7445
-74.7428
-74.7431
-74.7433
-74.743
-74.7448
-74.7459
-74.7452
-74.7442
-74.7452
-74.7439
-74.7408
-74.7376
-74.7348
-74.7326
-74.7301
-74.73
-74.7306
-74.7307
-74.7302
-74.7314
-74.7326
-74.7327
-74.7303
-74.7296
-74.7294
-74.7285
-74.7269
-74.7248
-74.7204
-74.7159
-74.712
-74.7144
-74.7176
-74.719
-74.7174
-74.7182
-74.7202
-74.7203
-74.7192
-74.7174
-74.717
-74.7161
-74.7158
-74.7151
-74.7122
-74.7061
-74.6989
-74.6956
-74.6962
-74.6998
-74.7023
-74.7016
-74.7009
-74.7016
-74.7034
-74.704
-74.702
-74.701
-74.7019
-74.7017
-74.7015
-74.6987
-74.6955
-74.6899
-74.6843
-74.6828
-74.6803
-74.6802
-74.6831
-74.6854
-74.6864
-74.6862
-74.6864
-74.6873
-74.6874
-74.6864
-74.6887
-74.689
-74.6872
-74.6856
-74.6813
-74.6763
-74.6722
-74.6687
-74.6639
-74.6598
-74.6567
-74.6556
-74.6572
-74.6613
-74.6654
-74.6666
-74.6666
-74.6666
-74.6669
-74.6685
-74.6705
-74.6727
-74.6711
-74.667
-74.6636
-74.6603
-74.6561
-74.6538
-74.6502
-74.644
-74.6384
-74.6353
-74.6333
-74.6337
-74.6353
-74.6391
-74.6442
-74.647
-74.6487
-74.651
-74.6506
-74.6491
-74.6514
-74.6538
-74.6511
-74.6435
-74.6378
-74.6357
-74.6327
-74.6273
-74.6232
-74.6192
-74.6118
-74.6052
-74.6047
-74.6063
-74.6054
-74.6045
-74.6043
-74.6089
-74.6163
-74.6253
-74.6296
-74.6274
-74.6255
-74.6265
-74.628
-74.6263
-74.6221
-74.6157
-74.6122
-74.6116
-74.6109
-74.6067
-74.6006
-74.5942
-74.5867
-74.581
-74.5771
-74.5743
-74.5755
-74.5775
-74.5747
-74.5726
-74.5753
-74.5833
-74.5893
-74.5951
-74.5986
-74.5999
-74.5982
-74.5969
-74.5968
-74.5934
-74.5857
-74.5806
-74.5781
-74.574
-74.5712
-74.5683
-74.5663
-74.5648
-74.5597
-74.5513
-74.5447
-74.5407
-74.539
-74.5371
-74.5324
-74.5264
-74.528
-74.5369
-74.5444
-74.5491
-74.5483
-74.5457
-74.5472
-74.5488
-74.5511
-74.5511
-74.5495
-74.5474
-74.5473
-74.5458
-74.5462
-74.5448
-74.5412
-74.5361
-74.5278
-74.521
-74.5208
-74.5226
-74.52
-74.514
-74.509
-74.5051
-74.5018
-74.5007
-74.4994
-74.4977
-74.4958
-74.4934
-74.494
-74.4955
-74.4954
-74.4958
-74.4969
-74.4946
-74.4901
-74.4854
-74.4794
-74.4774
-74.4774
-74.4771
-74.4759
-74.4752
-74.4826
-74.489
-74.4945
-74.4956
-74.4906
-74.4841
-74.4759
-74.4662
-74.4601
-74.4579
-74.4548
-74.4497
-74.4424
-74.435
-74.4321
-74.4322
-74.4319
-74.4361
-74.4465
-74.4566
-74.4582
-74.4525
-74.446
-74.4385
-74.4296
-74.4197
-74.4114
-74.41
-74.4091
-74.4065
-74.4007
-74.3948
-74.3882
-74.3766
-74.3675
-74.3595
-74.3546
-74.3546
-74.361
-74.3711
-74.3883
-74.4044
-74.4109
-74.4086
-74.407
-74.4036
-74.3979
-74.3948
-74.3942
-74.3918
-74.3877
-74.3842
-74.3783
-74.3695
-74.357
-74.3446
-74.3352
-74.3322
-74.3373
-74.3473
-74.3612
-74.3738
-74.3808
-74.3801
-74.373
-74.3642
-74.3614
-74.3573
-74.3505
-74.341
-74.3314
-74.3206
-74.3085
-74.2971
-74.286
-74.2773
-74.2716
-74.2675
-74.2647
-74.2638
-74.2605
-74.25
-74.2329
-74.2159
-74.2042
-74.1955
-74.198
-74.2015
-74.2013
-74.2035
-74.2171
-74.2319
-74.2451
-74.2611
-74.2708
-74.2702
-74.2657
-74.2639
-74.2637
-74.2625
-74.2603
-74.2566
-74.2578
-74.264
-74.2649
-74.259
-74.2485
-74.2408
-74.237
-74.2352
-74.235
-74.233
-74.2327
-74.2305
-74.2315
-74.2363
-74.2384
-74.236
-74.2284
-74.2179
-74.2118
-74.214
-74.2126
-74.2069
-74.1974
-74.1825
-74.1684
-74.1531
-74.1384
-74.127
-74.1187
-74.1101
-74.1017
-74.089
-74.0772
-74.0648
-74.0545
-74.0431
-74.0303
-74.0171
-74.0058
-73.9989
-73.9943
-73.9891
-73.9824
-73.9795
-73.9844
-73.9862
-73.9827
-73.9792
-73.978
-73.9835
-73.9935
-73.9957
-73.9929
-73.9889
-73.9875
-73.9907
-73.9875
-73.9764
-73.9661
-73.9626
-73.9658
-73.9765
-73.9877
-73.9952
-73.9968
-73.9907
-73.9828
-73.9785
-73.9759
-73.9675
-73.956
-73.9449
-73.9385
-73.939
-73.9428
-73.9497
-73.9629
-73.9888
-74.0072
-74.0134
-74.0122
-74.0073
-74.0039
-74.0022
-73.9953
-73.9857
-73.9813
-73.9766
-73.9742
-73.9802
-73.9831
-73.9836
-73.9848
-73.9876
-73.9912
-73.9957
-74.0035
-74.0086
-74.0118
-74.0118
-74.0082
-74.0053
-74.0003
-73.9893
-73.9756
-73.9652
-73.9516
-73.9329
-73.9101
-73.8875
-73.8669
-73.8529
-73.8434
-73.8392
-73.8309
-73.8166
-73.8025
-73.7864
-73.7718
-73.7548
-73.7338
-73.7094
-73.6825
-73.6585
-73.6374
-73.6141
-73.5902
-73.5708
-73.5516
-73.5405
-73.5327
-73.5241
-73.5152
-73.5056
-73.4982
-73.4989
-73.4985
-73.4906
-73.4761
-73.4569
-73.4344
-73.4097
-73.3899
-73.375
-73.3652
-73.3526
-73.3354
-73.3144
-73.2907
-73.2653
-73.2448
-73.2356
-73.2399
-73.2402
-73.2389
-73.246
-73.2548
-73.2649
-73.2808
-73.2912
-73.2914
-73.2834
-73.2695
-73.2526
-73.2416
-73.2301
-73.2147
-73.1957
-73.1741
-73.1505
-73.1256
-73.1017
-73.0867
-73.0729
-73.0654
-73.0578
-73.0534
-73.0495
-73.0403
-73.026
-73.008
-72.9874
-72.9689
-72.9587
-72.9493
-72.9464
-72.9463
-72.9544
-72.9656
-72.969
-72.9642
-72.9533
-72.938
-72.9198
-72.8995
-72.8778
-72.855
-72.8314
-72.8073
-72.7828
-72.758
-72.7331
-72.708
-72.6829
-72.6578
-72.6327
-72.6077
-72.5889
-72.5808
-72.5717
-72.565
-72.566
-72.5635
-72.5555
-72.5432
-72.5279
-72.5105
-72.4917
-72.4719
-72.4514
-72.4305
-72.4093
-72.3879
-72.3664
-72.3449
-72.3234
-72.3019
-72.2805
-72.2593
-72.2381
-72.2171
-72.1963
-72.1756
-72.1551
-72.1349
-72.1147
-72.0948
-72.0751
-72.0556
-72.0363
-72.0172
-71.9983
-71.9796
-71.9612
-71.9429
-71.9248
-71.907
-71.8893
-71.8718
-71.8546
-71.8375
-71.8207
-71.804
-71.7875
-71.7779
-71.7846
-71.7909
-71.7918
-71.7881
-71.7811
-71.7718
-71.761
-71.7492
-71.7366
-71.7236
-71.7103
-71.6967
-71.683
-71.6693
-71.6555
-71.6418
-71.6281
-71.6144
-71.6008
-71.5873
-71.574
-71.5607
-71.5475
-71.5345
-71.5216
-71.5089
-71.4962
-71.4837
-71.4714
-71.4592
-71.4471
-71.4352
-71.4234
-71.4117
-71.4002
-71.3888
-71.3776
-71.3665
-71.3555
-71.3447
-71.334
-71.3234
-71.313
-71.3027
-71.2925
-71.2825
-71.2725
-71.2628
-71.2531
-71.2436
-71.2342
-71.2249
-71.2157
-71.2066
-71.1977
-71.1889
-71.1802
-71.1716
-71.1631
-71.1547
-71.1464
-71.1383
-71.1302
-71.1223
-71.1144
-71.1067
-71.0991
-71.0915
-71.0841
-71.0767
-71.0695
-71.0624
-71.0553
-71.0483
-71.0415
-71.0347
-71.028
-71.0214
-71.0149
-71.0085
-71.0022
-70.9959
-70.9898
-70.9837
-70.9777
-70.9718
-70.966
-70.9602
-70.9546
-70.949
-70.9435
-70.938
-70.9327
-70.9274
-70.9222
-70.917
-70.9119
-70.9069
-70.902
-70.8971
-70.8924
-70.8876
-70.883
-70.8784
-70.8739
-70.8694
-70.865
-70.8607
-70.8564
-70.8522
-70.848
-70.8439
-70.8399
-70.8359
-70.832
-70.8282
-70.8244
-70.8206
-70.8169
-70.8133
-70.8097
-70.8062
-70.8027
-70.7993
-70.7959
-70.7926
-70.7893
-70.7861
-70.7829
-70.7798
-70.7767
-70.7737
-70.7707
-70.7678
-70.7649
-70.7621
-70.7592
-70.7565
-70.7538
-70.7511
-70.7485
-70.7459
-70.7433
-70.7408
-70.7383
-70.7359
-70.7335
-70.7312
-70.7289
-70.7266
-70.7243
-70.7221
-70.72
-70.7178
-70.7157
-70.7137
-70.7116
-70.7096
-70.7077
-70.7058
-70.7039
-70.702
-70.7002
-70.6984
-70.6966
-70.6949
-70.6931
-70.6915
-70.6898
-70.6882
-70.6866
-70.685
-70.6835
-70.682
-70.6805
-70.679
-70.6776
-70.6762
-70.6748
-70.6735
-70.6721
-70.6708
-70.6695
-70.6683
-70.6671
-70.6658
-70.6647
-70.6635
-70.6624
-70.6612
-70.6601
-70.6591
-70.658
-70.657
-70.656
-70.655
-70.654
-70.653
-70.6521
-70.6512
-70.6503
-70.6494
-70.6485
-70.6477
-70.6469
-70.6461
-70.6453
-70.6445
-70.6437
-70.643
-70.6423
-70.6416
-70.6409
-70.6402
-70.6395
-70.6389
-70.6383
-70.6376
-70.637
-70.6365
-70.6359
-70.6353
-70.6348
-70.6342
-70.6337
-70.6332
-70.6327
-70.6323
-70.6318
-70.6313
-70.6309
-70.6305
-70.63
-70.6296
-70.6292
-70.6288
-70.6285
-70.6281
-70.6278
-70.6274
-70.6271
-70.6268
-70.6264
-70.6261
-70.6259
-70.6256
-70.6253
-70.625
-70.6248
-70.6245
-70.6243
-70.6241
-70.6238
-70.6236
-70.6234
-70.6232
-70.623
-70.6229
-70.6227
-70.6225
-70.6224
-70.6222
-70.6221
-70.622
-70.6218
-70.6217
-70.6216
-70.6215
-70.6214
-70.6213
-70.6212
-70.6211
-70.621
-70.621
-70.6209
-70.6208
-70.6208
-70.6207
-70.6207
-70.6207
-70.6206
-70.6206
-70.6206
-70.6206
-70.6206
-70.6206
-70.6206
-70.6206
-70.6206
-70.6206
-70.6206
-70.6206
-70.6206
-70.6207
-70.6207
-70.6207
-70.6208
-70.6208
-70.6209
-70.6209
-70.621
-70.621
-70.6211
-70.6212
-70.6212
-70.6213
-70.6214
-70.6215
-70.6215
-70.6216
-70.6217
-70.6218
-70.6219
-70.622
-70.6221
-70.6222
-70.6223
-70.6224
-70.6225
-70.6226
-70.6227
-70.6228
-70.6229
-70.6231
-70.6232
-70.6233
-70.6234
-70.6235
-70.6237
-70.6238
-70.6239
-70.6241
-70.6242
-70.6243
-70.6245
-70.6246
-70.6248
-70.6249
-70.625
-70.6252
-70.6253
-70.6255
-70.6256
-70.6258
-70.6259
-70.6261
-70.6262
-70.6264
-70.6266
-70.6267
-70.6269
-70.627
-70.6272
-70.6273
-70.6275
-70.6277
-70.6278
-70.628
-70.6282
-70.6283
-70.6285
-70.6287
-70.6288
-70.629
-70.6292
-70.6293
-70.6295
-70.6297
-70.6298
-70.63
-70.6302
-70.6303
-70.6305
-70.6307
-70.6308
-70.631
-70.6312
-70.6314
-70.6315
-70.6317
-70.6319
-70.632
-70.6322
-70.6324
-70.6326
-70.6327
-70.6329
-70.6331
-70.6333
-70.6334
-70.6336
-70.6338
-70.6339
-70.6341
-70.6343
-70.6345
-70.6346
-70.6348
-70.635
-70.6351
-70.6353
-70.6355
-70.6357
-70.6358
-70.636
-70.6362
-70.6363
-70.6365
-70.6367
-70.6368
-70.637
-70.6372
-70.6373
-70.6375
-70.6377
-70.6378
-70.638
-70.6382
-70.6383
-70.6385
-70.6387
-70.6388
-70.639
-70.6392
-70.6393
-70.6395
-70.6396
-70.6398
-70.64
-70.6401
-70.6403
-70.6404
-70.6406
-70.6408
-70.6409
-70.6411
-70.6412
-70.6414
-70.6415
-70.6417
-70.6418
-70.642
-70.6421
-70.6423
-70.6425
-70.6426
-70.6428
-70.6429
-70.6431
-70.6432
-70.6433
-70.6435
-70.6436
-70.6438
-70.6439
-70.6441
-70.6442
-70.6444
-70.6445
-70.6446
-70.6448
-70.6449
-70.6451

