-70
-70.2123
-70.2926
-70.3252
-70.3404
-70.3491
-70.3555
-70.3609
-70.3659
-70.3708
-70.3757
-70.3805
-70.3853
-70.39
-70.3948
-70.3995
-70.4042
-70.4088
-70.4134
-70.4179
-70.4224
-70.4269
-70.4313
-70.4357
-70.44
-70.4443
-70.4485
-70.4527
-70.4569
-70.461
-70.465
-70.469
-70.473
-70.4769
-70.4808
-70.4846
-70.4884
-70.4921
-70.4958
-70.4995
-70.5031
-70.5067
-70.5102
-70.5137
-70.5172
-70.5206
-70.524
-70.5273
-70.5306
-70.5339
-70.5371
-70.5403
-70.5434
-70.5465
-70.5496
-70.5526
-70.5556
-70.5586
-70.5615
-70.5644
-70.5673
-70.5701
-70.5729
-70.5757
-70.5784
-70.5811
-70.5838
-70.5864
-70.589
-70.5916
-70.5941
-70.5966
-70.5991
-70.6016
-70.604
-70.6064
-70.6087
-70.6111
-70.6134
-70.6157
-70.6179
-70.6201
-70.6223
-70.6245
-70.6266
-70.6287
-70.6308
-70.6329
-70.6349
-70.6369
-70.6389
-70.6409
-70.6428
-70.6448
-70.6466
-70.6485
-70.6503
-70.6522
-70.654
-70.6557
-70.6575
-70.6592
-70.6609
-70.6626
-70.6643
-70.6659
-70.6675
-70.6691
-70.6707
-70.6723
-70.6738
-70.6754
-70.6769
-70.6783
-70.6798
-70.6812
-70.6827
-70.6841
-70.6855
-70.6868
-70.6882
-70.6895
-70.6908
-70.6921
-70.6934
-70.6947
-70.6959
-70.6972
-70.6984
-70.6996
-70.7008
-70.702
-70.7031
-70.7042
-70.7054
-70.7065
-70.7076
-70.7087
-70.7097
-70.7108
-70.7118
-70.7128
-70.7138
-70.7148
-70.7158
-70.7168
-70.7177
-70.7187
-70.7196
-70.7205
-70.7214
-70.7223
-70.7232
-70.7241
-70.7249
-70.7258
-70.7266
-70.7274
-70.7282
-70.729
-70.7298
-70.7306
-70.7314
-70.7321
-70.7329
-70.7336
-70.7343
-70.735
-70.7357
-70.7364
-70.7371
-70.7378
-70.7384
-70.7391
-70.7397
-70.7404
-70.741
-70.7416
-70.7422
-70.7428
-70.7434
-70.744
-70.7446
-70.7451
-70.7457
-70.7462
-70.7468
-70.7473
-70.7478
-70.7484
-70.7489
-70.7494
-70.7499
-70.7504
-70.7508
-70.7513
-70.7518
-70.7522
-70.7527
-70.7531
-70.7536
-70.754
-70.7544
-70.7549
-70.7553
-70.7557
-70.7561
-70.7565
-70.7569
-70.7573
-70.7576
-70.758
-70.7584
-70.7587
-70.7591
-70.7594
-70.7598
-70.7601
-70.7605
-70.7608
-70.7611
-70.7614
-70.7617
-70.7621
-70.7624
-70.7627
-70.763
-70.7632
-70.7635
-70.7638
-70.7641
-70.7644
-70.7646
-70.7649
-70.7651
-70.7654
-70.7656
-70.7659
-70.7661
-70.7664
-70.7666
-70.7668
-70.7671
-70.7673
-70.7675
-70.7677
-70.7679
-70.7681
-70.7684
-70.7686
-70.7688
-70.769
-70.7691
-70.7693
-70.7695
-70.7697
-70.7699
-70.7701
-70.7702
-70.7704
-70.7706
-70.7707
-70.7709
-70.7711
-70.7712
-70.7714
-70.7715
-70.7717
-70.7718
-70.772
-70.7721
-70.7722
-70.7724
-70.7725
-70.7726
-70.7728
-70.7729
-70.773
-70.7731
-70.7733
-70.7734
-70.7735
-70.7736
-70.7737
-70.7738
-70.7739
-70.774
-70.7741
-70.7742
-70.7743
-70.7744
-70.7745
-70.7746
-70.7747
-70.7748
-70.7749
-70.775
-70.7751
-70.7751
-70.7752
-70.7753
-70.7754
-70.7755
-70.7755
-70.7756
-70.7757
-70.7758
-70.7758
-70.7759
-70.776
-70.776
-70.7761
-70.7762
-70.7762
-70.7763
-70.7763
-70.7764
-70.7765
-70.7765
-70.7766
-70.7766
-70.7767
-70.7767
-70.7768
-70.7768
-70.7769
-70.7769
-70.777
-70.777
-70.7771
-70.7771
-70.7771
-70.7772
-70.7772
-70.7773
-70.7773
-70.7773
-70.7774
-70.7774
-70.7774
-70.7775
-70.7775
-70.7775
-70.7776
-70.7776
-70.7776
-70.7777
-70.7777
-70.7777
-70.7777
-70.7778
-70.7778
-70.7778
-70.7778
-70.7779
-70.7779
-70.7779
-70.7779
-70.778
-70.778
-70.778
-70.778
-70.778
-70.7781
-70.7781
-70.7781
-70.7781
-70.7781
-70.7781
-70.7782
-70.7782
-70.7782
-70.7782
-70.7782
-70.7782
-70.7782
-70.7783
-70.7783
-70.7783
-70.7783
-70.7783
-70.7783
-70.7783
-70.7783
-70.7783
-70.7783
-70.7784
-70.7784
-70.7784
-70.7784
-70.7784
-70.7784
-70.7784
-70.7784
-70.7784
-70.7784
-70.7784
-70.7784
-70.7784
-70.7784
-70.7784
-70.7784
-70.7784
-70.7784
-70.7784
-70.7785
-70.7785
-70.7785
-70.7785
-70.7785
-70.7785
-70.7785
-70.7785
-70.7785
-70.7785
-70.7785
-70.7785
-70.7785
-70.7785
-70.7785
-70.7785
-70.7785
-70.7785
-70.7785
-70.7785
-70.7785
-70.7785
-70.7785
-70.7785
-70.7785
-70.7785
-70.7785
-70.7785
-70.7785
-70.7785
-70.7785
-70.7784
-70.7784
-70.7784
-70.7784
-70.7784
-70.7784
-70.7784
-70.7784
-70.7784
-70.7784
-70.7784
-70.7784
-70.7784
-70.7784
-70.7784
-70.7784
-70.7784
-70.7784
-70.7784
-70.7784
-70.7784
-70.7784
-70.7784
-70.7784
-70.7784
-70.7784
-70.7784
-70.7784
-70.7784
-70.7783
-70.7783
-70.7783
-70.7783
-70.7783
-70.7783
-70.7783
-70.7923
-71.0834
-71.8797
-72.8336
-73.5473
-73.9967
-74.226
-74.3357
-74.3883
-74.4137
-74.4362
-74.4743
-74.5341
-74.5939
-74.6427
-74.6741
-74.6883
-74.691
-74.6877
-74.6814
-74.6766
-74.6832
-74.7058
-74.7338
-74.7592
-74.7751
-74.7795
-74.7759
-74.7676
-74.7569
-74.7445
-74.7308
-74.7158
-74.6998
-74.6826
-74.6638
-74.6434
-74.6216
-74.5983
-74.5737
-74.5479
-74.5209
-74.4929
-74.464
-74.4341
-74.4035
-74.3721
-74.3401
-74.3075
-74.2743
-74.2408
-74.2068
-74.1725
-74.138
-74.1032
-74.0683
-74.0333
-73.9983
-73.9632
-73.9281
-73.8931
-73.8581
-73.8233
-73.7886
-73.7541
-73.7197
-73.6855
-73.6516
-73.6178
-73.5843
-73.5511
-73.5181
-73.4854
-73.4529
-73.4207
-73.3888
-73.3573
-73.326
-73.2949
-73.2642
-73.2338
-73.2037
-73.1739
-73.1443
-73.1151
-73.0861
-73.0575
-73.0291
-73.0011
-72.9733
-72.9458
-72.9186
-72.8917
-72.8651
-72.8388
-72.8127
-72.7869
-72.7614
-72.7362
-72.7113
-72.6866
-72.6622
-72.6381
-72.6142
-72.5906
-72.5672
-72.5441
-72.5213
-72.4987
-72.4764
-72.4543
-72.4325
-72.4109
-72.3896
-72.3685
-72.3477
-72.3271
-72.3067
-72.2866
-72.2667
-72.2471
-72.2277
-72.2085
-72.1895
-72.1707
-72.1522
-72.1339
-72.1158
-72.0979
-72.0802
-72.0627
-72.0454
-72.0283
-72.0115
-71.9948
-71.9783
-71.962
-71.946
-71.9301
-71.9144
-71.8988
-71.8835
-71.8684
-71.8534
-71.8386
-71.824
-71.8096
-71.7953
-71.7812
-71.7673
-71.7536
-71.74
-71.7266
-71.7133
-71.7002
-71.6873
-71.6745
-71.6619
-71.6495
-71.6372
-71.625
-71.6142
-71.6209
-71.6328
-71.64
-71.6419
-71.64
-71.6354
-71.629
-71.6213
-71.6128
-71.6038
-71.6018
-71.6089
-71.631
-71.6526
-71.6662
-71.6728
-71.6742
-71.6722
-71.6804
-71.6978
-71.7116
-71.7282
-71.7489
-71.7699
-71.7837
-71.7905
-71.7921
-71.79
-71.788
-71.7944
-71.8001
-71.8033
-71.8134
-71.8308
-71.8453
-71.8531
-71.8552
-71.8533
-71.8485
-71.848
-71.8523
-71.8539
-71.8525
-71.8592
-71.8761
-71.8899
-71.897
-71.8984
-71.8958
-71.8905
-71.8907
-71.8946
-71.8955
-71.8927
-71.8927
-71.9082
-71.9232
-71.9315
-71.9337
-71.9315
-71.9263
-71.9256
-71.9294
-71.9305
-71.9278
-71.9222
-71.928
-71.9444
-71.9562
-71.9613
-71.961
-71.9571
-71.9523
-71.9551
-71.9578
-71.9567
-71.9523
-71.9456
-71.9504
-71.9659
-71.9773
-71.982
-71.9815
-71.9772
-71.9739
-71.9774
-71.9794
-71.9775
-71.9724
-71.9651
-71.9642
-71.9759
-71.9887
-71.9954
-71.9964
-71.9931
-71.9895
-71.9931
-71.9956
-71.9942
-71.9894
-71.9821
-71.9758
-71.9787
-71.9909
-72.0013
-72.0058
-72.0092
-72.0164
-72.0203
-72.0195
-72.0151
-72.0087
-72.0111
-72.0233
-72.0325
-72.0357
-72.0341
-72.0313
-72.0349
-72.0372
-72.0355
-72.0303
-72.0228
-72.0262
-72.0397
-72.0491
-72.0522
-72.0503
-72.0449
-72.0397
-72.0417
-72.043
-72.0405
-72.0348
-72.0271
-72.0326
-72.0468
-72.0561
-72.0589
-72.0569
-72.0549
-72.0937
-72.2015
-72.3781
-72.6065
-72.8442
-73.0136
-73.1267
-73.2085
-73.2691
-73.365
-73.5838
-73.8494
-74.0747
-74.2314
-74.3266
-74.3768
-74.4012
-74.4139
-74.4286
-74.4664
-74.5281
-74.6025
-74.6637
-74.7014
-74.7202
-74.7255
-74.7226
-74.7161
-74.7097
-74.7122
-74.7266
-74.7488
-74.7698
-74.7833
-74.7883
-74.7868
-74.7808
-74.7719
-74.7624
-74.757
-74.7592
-74.7688
-74.7819
-74.7929
-74.7981
-74.7973
-74.7922
-74.7835
-74.7726
-74.7631
-74.7588
-74.7623
-74.7732
-74.7849
-74.7936
-74.797
-74.7947
-74.7883
-74.7791
-74.7689
-74.7603
-74.7571
-74.7621
-74.7719
-74.7817
-74.7883
-74.7913
-74.7894
-74.7833
-74.7757
-74.7677
-74.7602
-74.7569
-74.7609
-74.7687
-74.7769
-74.7827
-74.7852
-74.7848
-74.7812
-74.7745
-74.7668
-74.7589
-74.7539
-74.7551
-74.7612
-74.7683
-74.7749
-74.779
-74.7799
-74.7787
-74.7747
-74.7682
-74.7604
-74.7543
-74.7511
-74.7541
-74.7602
-74.767
-74.7716
-74.7734
-74.7724
-74.7706
-74.767
-74.7616
-74.7548
-74.7497
-74.748
-74.7518
-74.7578
-74.7634
-74.7671
-74.7683
-74.7671
-74.7649
-74.7624
-74.7578
-74.7528
-74.7493
-74.7454
-74.7461
-74.7501
-74.7551
-74.7598
-74.7615
-74.7611
-74.759
-74.7561
-74.7542
-74.7511
-74.7486
-74.7454
-74.7422
-74.7424
-74.7461
-74.7509
-74.7552
-74.7573
-74.7564
-74.7544
-74.7511
-74.7478
-74.7453
-74.7433
-74.7398
-74.7354
-74.7349
-74.7372
-74.7412
-74.7454
-74.7504
-74.7528
-74.7512
-74.7484
-74.744
-74.7399
-74.739
-74.7377
-74.7339
-74.7295
-74.7286
-74.7312
-74.7351
-74.739
-74.7453
-74.7489
-74.7475
-74.7426
-74.7377
-74.7323
-74.729
-74.7291
-74.7275
-74.7227
-74.7194
-74.7208
-74.7239
-74.7279
-74.7327
-74.7391
-74.7433
-74.7422
-74.7375
-74.7315
-74.7265
-74.7226
-74.72
-74.7188
-74.7169
-74.7139
-74.7143
-74.7159
-74.7201
-74.7233
-74.7263
-74.7318
-74.7337
-74.7321
-74.7271
-74.7212
-74.7163
-74.7134
-74.7084
-74.7054
-74.7049
-74.704
-74.7048
-74.7071
-74.7109
-74.7152
-74.718
-74.7218
-74.7246
-74.724
-74.7216
-74.7169
-74.7118
-74.7081
-74.705
-74.7006
-74.6943
-74.6912
-74.6915
-74.6958
-74.7005
-74.7012
-74.7031
-74.7051
-74.7083
-74.7118
-74.7123
-74.7103
-74.706
-74.7013
-74.698
-74.6948
-74.6908
-74.6863
-74.6801
-74.6744
-74.675
-74.6829
-74.6906
-74.6938
-74.6968
-74.697
-74.6953
-74.6969
-74.7009
-74.7035
-74.7004
-74.6948
-74.6893
-74.6854
-74.6814
-74.676
-74.6704
-74.6647
-74.6631
-74.6612
-74.6621
-74.6696
-74.6774
-74.6812
-74.6827
-74.6821
-74.6802
-74.6806
-74.6838
-74.6864
-74.686
-74.6808
-74.6756
-74.6681
-74.6614
-74.6566
-74.6509
-74.6443
-74.6426
-74.6449
-74.6464
-74.6502
-74.6568
-74.6605
-74.664
-74.6664
-74.6671
-74.6688
-74.6703
-74.6712
-74.6716
-74.6713
-74.6702
-74.6674
-74.6614
-74.6536
-74.6436
-74.6359
-74.6288
-74.6233
-74.6201
-74.6185
-74.619
-74.6237
-74.6294
-74.6329
-74.6328
-74.6354
-74.6368
-74.6402
-74.6459
-74.6503
-74.6519
-74.6517
-74.65
-74.6479
-74.6455
-74.6417
-74.6355
-74.6299
-74.6226
-74.6151
-74.6079
-74.6004
-74.5937
-74.5925
-74.5899
-74.5875
-74.5917
-74.598
-74.6019
-74.6018
-74.6055
-74.6094
-74.6136
-74.6178
-74.6236
-74.627
-74.628
-74.6283
-74.6308
-74.6323
-74.6319
-74.6279
-74.6193
-74.6086
-74.5993
-74.5937
-74.5872
-74.5775
-74.5703
-74.5659
-74.5621
-74.5567
-74.5496
-74.548
-74.5449
-74.5437
-74.55
-74.5567
-74.563
-74.5679
-74.5717
-74.5705
-74.5719
-74.5787
-74.5816
-74.5845
-74.5862
-74.5896
-74.5951
-74.6005
-74.6001
-74.5962
-74.5896
-74.5812
-74.5726
-74.5596
-74.5478
-74.5374
-74.5285
-74.5218
-74.5167
-74.5132
-74.5052
-74.4995
-74.5001
-74.4967
-74.4913
-74.4892
-74.4896
-74.4967
-74.5101
-74.5172
-74.5196
-74.522
-74.5226
-74.5228
-74.5245
-74.5245
-74.5301
-74.5361
-74.5399
-74.547
-74.5535
-74.5613
-74.5658
-74.5659
-74.5622
-74.5581
-74.5502
-74.5392
-74.5262
-74.5092
-74.4912
-74.4754
-74.4588
-74.4426
-74.4307
-74.4234
-74.4214
-74.428
-74.437
-74.4386
-74.4353
-74.4305
-74.4281
-74.4278
-74.4247
-74.4243
-74.4243
-74.4276
-74.434
-74.4391
-74.4415
-74.4392
-74.4354
-74.4411
-74.4509
-74.4574
-74.4626
-74.4688
-74.4748
-74.4799
-74.482
-74.4826
-74.4826
-74.483
-74.4835
-74.4844
-74.4798
-74.4771
-74.4712
-74.4594
-74.4435
-74.4256
-74.4088
-74.3908
-74.3733
-74.3544
-74.3362
-74.3217
-74.3096
-74.3041
-74.3064
-74.3136
-74.3217
-74.3238
-74.3245
-74.3278
-74.3337
-74.3403
-74.3404
-74.3333
-74.3238
-74.3175
-74.3099
-74.3035
-74.2976
-74.2921
-74.2931
-74.3051
-74.3186
-74.3301
-74.3358
-74.3461
-74.3598
-74.3693
-74.3773
-74.3814
-74.3832
-74.3784
-74.366
-74.355
-74.3505
-74.3504
-74.3545
-74.3591
-74.3669
-74.3711
-74.3709
-74.368
-74.3612
-74.3511
-74.3355
-74.318
-74.3011
-74.286
-74.2751
-74.2643
-74.2498
-74.2341
-74.2184
-74.2069
-74.1971
-74.1893
-74.1879
-74.1827
-74.1826
-74.1879
-74.1909
-74.1906
-74.1871
-74.1859
-74.1809
-74.1686
-74.1579
-74.1522
-74.1452
-74.1403
-74.1385
-74.138
-74.1368
-74.1341
-74.133
-74.1407
-74.149
-74.153
-74.1492
-74.1377
-74.127
-74.1181
-74.1081
-74.1154
-74.1322
-74.1412
-74.142
-74.1413
-74.1371
-74.1297
-74.1294
-74.1314
-74.1375
-74.1405
-74.144
-74.1579
-74.1797
-74.1914
-74.1902
-74.1811
-74.1693
-74.1567
-74.1447
-74.1331
-74.1211
-74.1176
-74.1193
-74.1193
-74.1259
-74.1357
-74.1411
-74.1399
-74.134
-74.1257
-74.1141
-74.1026
-74.0912
-74.0793
-74.0703
-74.0607
-74.0499
-74.0414
-74.0367
-74.028
-74.0177
-74.0079
-73.9982
-73.9918
-73.9927
-73.9917
-73.9852
-73.9756
-73.9639
-73.9514
-73.9395
-73.9298
-73.9158
-73.9012
-73.8844
-73.8698
-73.8643
-73.8628
-73.8643
-73.8694
-73.881
-73.8928
-73.8988
-73.8972
-73.8878
-73.8848
-73.8891
-73.8866
-73.8759
-73.8591
-73.8389
-73.8237
-73.8113
-73.7964
-73.7884
-73.7815
-73.7735
-73.7651
-73.7544
-73.744
-73.7303
-73.7141
-73.7038
-73.7013
-73.7039
-73.7053
-73.7036
-73.6983
-73.6865
-73.6692
-73.6488
-73.6403
-73.641
-73.6448
-73.6533
-73.6566
-73.6599
-73.6621
-73.6648
-73.6683
-73.6661
-73.6623
-73.653
-73.6404
-73.6293
-73.6193
-73.6185
-73.6262
-73.6297
-73.6246
-73.6181
-73.6088
-73.5943
-73.5812
-73.5682
-73.5516
-73.5467
-73.5574
-73.5645
-73.5632
-73.5605
-73.5526
-73.5388
-73.5205
-73.5042
-73.5084
-73.5195
-73.5277
-73.5301
-73.524
-73.5111
-73.4934
-73.4724
-73.4491
-73.4251
-73.41
-73.4032
-73.4009
-73.3963
-73.3855
-73.3695
-73.3496
-73.3272
-73.3029
-73.2774
-73.2509
-73.2238
-73.1963
-73.1685
-73.1404
-73.118
-73.1029
-73.0864
-73.0669
-73.045
-73.0215
-73.0019
-72.9901
-72.9769
-72.9603
-72.9409
-72.9195
-72.8967
-72.8731
-72.849
-72.8244
-72.7997
-72.7748
-72.7499
-72.7273
-72.7167
-72.7074
-72.6948
-72.679
-72.6608
-72.6411
-72.6204
-72.5991
-72.5773
-72.5553
-72.5331
-72.5109
-72.4887
-72.4666
-72.4445
-72.4226
-72.4009
-72.3793
-72.3579
-72.3367
-72.3156
-72.2948
-72.2742
-72.2538
-72.2337
-72.2137
-72.194
-72.1745
-72.1552
-72.1361
-72.1173
-72.0986
-72.0802
-72.062
-72.044
-72.0263
-72.0087
-71.9914
-71.9743
-71.9574
-71.9406
-71.9241
-71.9078
-71.8917
-71.8758
-71.8601
-71.8446
-71.8293
-71.8142
-71.7992
-71.7845
-71.7699
-71.7556
-71.7414
-71.7274
-71.7135
-71.6999
-71.6864
-71.6731
-71.6599
-71.6469
-71.6341
-71.6215
-71.609
-71.5967
-71.5845
-71.5725
-71.5607
-71.549
-71.5375
-71.5261
-71.5148
-71.5037
-71.4928
-71.482
-71.4713
-71.4608
-71.4504
-71.4402
-71.4301
-71.4201
-71.4103
-71.4006
-71.391
-71.3815
-71.3722
-71.363
-71.3539
-71.345
-71.3361
-71.3274
-71.3189
-71.3104
-71.302
-71.2938
-71.2857
-71.2777
-71.2698
-71.262
-71.2543
-71.2467
-71.2393
-71.2319
-71.2247
-71.2175
-71.2104
-71.2035
-71.1966
-71.1898
-71.1831
-71.1766
-71.1701
-71.1637
-71.1573
-71.1511
-71.145
-71.1389
-71.133
-71.1271
-71.1213
-71.1156
-71.11
-71.1044
-71.0989
-71.0935
-71.0882
-71.083
-71.0778
-71.0727
-71.0677
-71.0628
-71.0579
-71.0531
-71.0484
-71.0437
-71.0391
-71.0346
-71.0301
-71.0257
-71.0214
-71.0171
-71.0129
-71.0088
-71.0047
-71.0007
-70.9967
-70.9928
-70.9889
-70.9852
-70.9814
-70.9777
-70.9741
-70.9706
-70.967
-70.9636
-70.9602
-70.9568
-70.9535
-70.9503
-70.9471
-70.9439
-70.9408
-70.9377
-70.9347
-70.9317
-70.9288
-70.9259
-70.9231
-70.9203
-70.9176
-70.9149
-70.9122
-70.9096
-70.907
-70.9045
-70.902
-70.8995
-70.8971
-70.8947
-70.8924
-70.8901
-70.8878
-70.8856
-70.8834
-70.8812
-70.8791
-70.877
-70.8749
-70.8729
-70.8709
-70.869
-70.867
-70.8651
-70.8633
-70.8614
-70.8596
-70.8578
-70.8561
-70.8544
-70.8527
-70.851
-70.8494
-70.8478
-70.8462
-70.8447
-70.8431
-70.8416
-70.8402
-70.8387
-70.8373
-70.8359
-70.8345
-70.8331
-70.8318
-70.8305
-70.8292
-70.828
-70.8267
-70.8255
-70.8243
-70.8231
-70.822
-70.8208
-70.8197
-70.8186
-70.8175
-70.8165
-70.8154
-70.8144
-70.8134
-70.8124
-70.8115
-70.8105
-70.8096
-70.8087
-70.8078
-70.8069
-70.806
-70.8052
-70.8044
-70.8035
-70.8027
-70.802
-70.8012
-70.8004
-70.7997
-70.799
-70.7982
-70.7975
-70.7969
-70.7962
-70.7955
-70.7949
-70.7942
-70.7936
-70.793
-70.7924
-70.7918
-70.7912
-70.7907
-70.7901
-70.7896
-70.789
-70.7885
-70.788
-70.7875
-70.787
-70.7866
-70.7861
-70.7856
-70.7852
-70.7847
-70.7843
-70.7839
-70.7835
-70.7831
-70.7827
-70.7823
-70.7819
-70.7816
-70.7812
-70.7808
-70.7805
-70.7802
-70.7798
-70.7795
-70.7792
-70.7789
-70.7786
-70.7783
-70.778
-70.7777
-70.7775
-70.7772
-70.7769
-70.7767
-70.7764
-70.7762
-70.7759
-70.7757
-70.7755
-70.7753
-70.7751
-70.7749
-70.7747
-70.7745
-70.7743
-70.7741
-70.7739
-70.7737
-70.7736
-70.7734
-70.7732
-70.7731
-70.7729
-70.7728
-70.7726
-70.7725
-70.7724
-70.7722
-70.7721
-70.772
-70.7719
-70.7717
-70.7716
-70.7715
-70.7714
-70.7713
-70.7712
-70.7711
-70.771
-70.7709
-70.7709
-70.7708
-70.7707
-70.7706
-70.7705
-70.7705
-70.7704
-70.7703
-70.7703
-70.7702
-70.7702
-70.7701
-70.7701
-70.77
-70.77
-70.7699
-70.7699
-70.7698
-70.7698
-70.7698
-70.7697
-70.7697
-70.7697
-70.7697
-70.7696
-70.7696
-70.7696
-70.7696
-70.7696
-70.7695
-70.7695
-70.7695
-70.7695
-70.7695
-70.7695
-70.7695
-70.7695
-70.7695
-70.7695
-70.7695
-70.7695
-70.7695
-70.7695
-70.7695
-70.7695
-70.7695
-70.7695
-70.7695
-70.7695
-70.7695
-70.7695
-70.7696
-70.7696
-70.7696
-70.7696
-70.7696
-70.7696
-70.7697
-70.7697
-70.7697
-70.7697
-70.7697
-70.7698
-70.7698
-70.7698
-70.7698
-70.7699
-70.7699
-70.7699
-70.7699
-70.77
-70.77
-70.77
-70.7701
-70.7701
-70.7701
-70.7702
-70.7702
-70.7702
-70.7703
-70.7703
-70.7703
-70.7704
-70.7704
-70.7704
-70.7705
-70.7705
-70.7705
-70.7706
-70.7706
-70.7706
-70.7707
-70.7707
-70.7707
-70.7708
-70.7708
-70.7709
-70.7709
-70.7709
-70.771
-70.771
-70.771
-70.7711
-70.7711
-70.7712
-70.7712
-70.7712
-70.7713
-70.7713
-70.7714
-70.7714
-70.7714
-70.7715
-70.7715
-70.7716
-70.7716
-70.7716
-70.7717
-70.7717
-70.7718
-70.7718
-70.7718
-70.7719
-70.7719
-70.772
-70.772
-70.772
-70.7721
-70.7721
-70.7722
-70.7722
-70.7722
-70.7723
-70.7723
-70.7724
-70.7724
-70.7724
-70.7725
-70.7725
-70.7725
-70.7726
-70.7726
-70.7727
-70.7727
-70.7727
-70.7728
-70.7728
-70.7729
-70.7729
-70.7729
-70.773
-70.773
-70.773
-70.7731
-70.7731
-70.7731
-70.7732
-70.7732
-70.7733
-70.7733
-70.7733
-70.7734
-70.7734
-70.7734
-70.7735
-70.7735
-70.7735
-70.7736
-70.7736
-70.7736
-70.7737
-70.7737
-70.7737
-70.7738
-70.7738
-70.7738
-70.7739
-70.7739

