-70
-70.1661
-70.23
-70.2566
-70.2695
-70.2773
-70.283
-70.2879
-70.2925
-70.297
-70.3014
-70.3057
-70.31
-70.3142
-70.3185
-70.3226
-70.3268
-70.3309
-70.335
-70.3391
-70.3431
-70.3471
-70.351
-70.3549
-70.3588
-70.3626
-70.3664
-70.3701
-70.3738
-70.3775
-70.3811
-70.3847
-70.3883
-70.3918
-70.3953
-70.3987
-70.4021
-70.4055
-70.4088
-70.4121
-70.4154
-70.4186
-70.4218
-70.4249
-70.428
-70.4311
-70.4341
-70.4372
-70.4401
-70.4431
-70.446
-70.4489
-70.4517
-70.4545
-70.4573
-70.4601
-70.4628
-70.4655
-70.4682
-70.4708
-70.4734
-70.476
-70.4785
-70.481
-70.4835
-70.486
-70.4884
-70.4908
-70.4932
-70.4955
-70.4978
-70.5001
-70.5024
-70.5046
-70.5068
-70.509
-70.5112
-70.5133
-70.5154
-70.5175
-70.5196
-70.5216
-70.5236
-70.5256
-70.5276
-70.5295
-70.5315
-70.5334
-70.5352
-70.5371
-70.5389
-70.5407
-70.5425
-70.5443
-70.5461
-70.5478
-70.5495
-70.5512
-70.5528
-70.5545
-70.5561
-70.5577
-70.5593
-70.5609
-70.5624
-70.5639
-70.5655
-70.5669
-70.5684
-70.5699
-70.5713
-70.5727
-70.5741
-70.5755
-70.5769
-70.5782
-70.5796
-70.5809
-70.5822
-70.5835
-70.5848
-70.586
-70.5873
-70.5885
-70.5897
-70.5909
-70.5921
-70.5932
-70.5944
-70.5955
-70.5966
-70.5977
-70.5988
-70.5999
-70.601
-70.602
-70.603
-70.6041
-70.6051
-70.6061
-70.6071
-70.608
-70.609
-70.6099
-70.6109
-70.6118
-70.6127
-70.6136
-70.6145
-70.6154
-70.6162
-70.6171
-70.6179
-70.6187
-70.6196
-70.6204
-70.6212
-70.622
-70.6227
-70.6235
-70.6242
-70.625
-70.6257
-70.6265
-70.6272
-70.6279
-70.6286
-70.6293
-70.6299
-70.6306
-70.6313
-70.6319
-70.6325
-70.6332
-70.6338
-70.6344
-70.635
-70.6356
-70.6362
-70.6368
-70.6374
-70.6379
-70.6385
-70.639
-70.6396
-70.6401
-70.6406
-70.6411
-70.6417
-70.6422
-70.6427
-70.6431
-70.6436
-70.6441
-70.6446
-70.645
-70.6455
-70.6459
-70.6464
-70.6468
-70.6472
-70.6476
-70.6481
-70.6485
-70.6489
-70.6493
-70.6497
-70.65
-70.6504
-70.6508
-70.6512
-70.6515
-70.6519
-70.6522
-70.6526
-70.6529
-70.6533
-70.6536
-70.6539
-70.6542
-70.6545
-70.6549
-70.6552
-70.6555
-70.6558
-70.656
-70.6563
-70.6566
-70.6569
-70.6572
-70.6574
-70.6577
-70.658
-70.6582
-70.6585
-70.6587
-70.6589
-70.6592
-70.6594
-70.6597
-70.6599
-70.6601
-70.6603
-70.6605
-70.6607
-70.661
-70.6612
-70.6614
-70.6616
-70.6617
-70.6619
-70.6621
-70.6623
-70.6625
-70.6627
-70.6628
-70.663
-70.6632
-70.6633
-70.6635
-70.6637
-70.6638
-70.664
-70.6641
-70.6643
-70.6644
-70.6646
-70.6647
-70.6648
-70.665
-70.6651
-70.6652
-70.6653
-70.6655
-70.6656
-70.6657
-70.6658
-70.6659
-70.666
-70.6662
-70.6663
-70.6664
-70.6665
-70.6666
-70.6667
-70.6668
-70.6669
-70.667
-70.667
-70.6671
-70.6672
-70.6673
-70.6674
-70.6675
-70.6675
-70.6676
-70.6677
-70.6678
-70.6678
-70.6679
-70.668
-70.668
-70.6681
-70.6682
-70.6682
-70.6683
-70.6683
-70.6684
-70.6685
-70.6685
-70.6686
-70.6686
-70.6687
-70.6687
-70.6688
-70.6688
-70.6688
-70.6689
-70.6689
-70.669
-70.669
-70.669
-70.6691
-70.6691
-70.6691
-70.6692
-70.6692
-70.6692
-70.6693
-70.6693
-70.6693
-70.6694
-70.6694
-70.6694
-70.6694
-70.6694
-70.6695
-70.6695
-70.6695
-70.6695
-70.6695
-70.6696
-70.6696
-70.6696
-70.6696
-70.6696
-70.6696
-70.6696
-70.6697
-70.6697
-70.6697
-70.6697
-70.6697
-70.6697
-70.6697
-70.6697
-70.6697
-70.6697
-70.6697
-70.6697
-70.6697
-70.6697
-70.6697
-70.6697
-70.6697
-70.6697
-70.6697
-70.6697
-70.6697
-70.6697
-70.6697
-70.6697
-70.6697
-70.6697
-70.6697
-70.6697
-70.6697
-70.6697
-70.6697
-70.6697
-70.6697
-70.6697
-70.6697
-70.6696
-70.6696
-70.6696
-70.6696
-70.6696
-70.6696
-70.6696
-70.6696
-70.6696
-70.6695
-70.6695
-70.6695
-70.6695
-70.6695
-70.6695
-70.6695
-70.6695
-70.6694
-70.6694
-70.6694
-70.6694
-70.6694
-70.6694
-70.6693
-70.6693
-70.6693
-70.6693
-70.6693
-70.6693
-70.6693
-70.6692
-70.6692
-70.6692
-70.6692
-70.6692
-70.6691
-70.6691
-70.6691
-70.6691
-70.6691
-70.6691
-70.669
-70.669
-70.669
-70.669
-70.669
-70.6689
-70.6689
-70.6689
-70.6689
-70.6689
-70.6688
-70.6688
-70.6688
-70.6688
-70.6688
-70.6687
-70.6687
-70.6687
-70.6687
-70.6686
-70.6686
-70.6686
-70.6686
-70.6686
-70.6685
-70.6685
-70.6685
-70.6685
-70.6685
-70.6684
-70.6684
-70.6684
-70.6684
-70.6684
-70.6683
-70.6683
-70.6683
-70.6683
-70.6682
-70.6682
-70.6682
-70.6682
-70.6682
-70.6681
-70.6681
-70.6681
-70.6681
-70.6681
-70.6751
-70.9005
-71.6381
-72.5541
-73.2816
-73.791
-74.0706
-57.0493
-52.0506
-50.0156
-48.0074
-43.1468
11.7548
-27.1193
-58.4514
-69.0613
-68.2281
-67.1936
-66.131
-65.0599
-63.9984
-62.9653
-61.977
-61.046
-60.165
-59.108
-58.26
-57.5454
-56.9255
-56.3863
-55.9203
-55.5032
-55.1219
-54.8085
-54.5518
-54.3425
-54.1725
-54.0347
-53.9025
-53.793
-53.7095
-53.6463
-53.5985
-53.5629
-53.5369
-53.508
-53.477
-53.4566
-53.4442
-53.4373
-53.4341
-53.4337
-53.4353
-53.4384
-53.4296
-53.4166
-53.4105
-53.4093
-53.411
-53.4142
-53.4185
-53.4235
-53.429
-53.435
-53.4413
-53.447
-53.429
-53.4162
-53.4115
-53.4112
-53.4133
-53.4165
-53.4203
-53.4245
-53.4289
-53.4335
-53.4383
-53.4427
-53.4466
-53.45
-53.4528
-53.4548
-53.4554
-53.4466
-53.4131
-53.3961
-53.3875
-53.3801
-53.3678
-53.3327
-53.0293
-52.7227
-52.7763
-52.8958
-53.0009
-53.0777
-53.1298
-53.1643
-53.1884
-53.2073
-53.2246
-53.2429
-53.2642
-53.2905
-53.3244
-53.3683
-53.4235
-53.4896
-53.5649
-53.6478
-53.7378
-53.8356
-53.6181
-53.4996
-53.4659
-53.4613
-53.4674
-53.4783
-53.4919
-53.5074
-53.5246
-53.5435
-53.5641
-53.5866
-53.6111
-53.6379
-53.667
-53.6988
-53.7335
-53.7714
-53.8127
-53.8578
-53.9068
-53.9602
-54.0182
-54.0813
-54.1496
-54.2237
-54.3036
-54.3898
-54.4829
-54.5834
-54.6917
-54.8082
-54.9337
-55.0689
-55.2141
-55.3697
-55.5356
-55.2031
-53.6427
-53.2558
-53.1952
-53.2218
-53.2684
-53.3162
-53.36
-53.3995
-53.4349
-53.4673
-53.4973
-53.5257
-53.5532
-53.5803
-53.6075
-53.6362
-53.6663
-53.6974
-53.7299
-53.7644
-53.8012
-53.8406
-53.8829
-53.9284
-53.98
-54.0381
-54.1014
-54.168
-54.2383
-54.3126
-54.3918
-54.4765
-54.5672
-54.6641
-54.7705
-54.8883
-55.0182
-55.1564
-55.3001
-55.4498
-55.6061
-55.7698
-55.9412
-56.1207
-55.9422
-53.6428
-53.1171
-53.0446
-53.0857
-53.1501
-53.2125
-53.2674
-53.3145
-53.3551
-53.3904
-53.4217
-53.4506
-53.4774
-53.5034
-53.5285
-53.5529
-53.5771
-53.6016
-53.6269
-53.6532
-53.6809
-53.7105
-53.7443
-53.7809
-53.8214
-53.866
-53.9129
-53.9624
-54.0149
-54.0712
-54.1314
-54.1961
-54.2653
-54.3433
-54.4308
-54.5225
-54.6254
-54.7367
-54.8515
-54.9705
-55.0952
-55.2261
-55.3636
-55.5075
-55.6584
-55.8307
-56.0143
-56.2001
-56.4047
-56.6205
-56.8343
-57.0465
-57.2592
-57.4738
-57.6904
-57.9086
-53.7985
-52.8891
-52.7598
-52.8241
-52.9295
-53.0321
-53.1207
-53.194
-53.2546
-53.3052
-53.3482
-53.3855
-53.4184
-53.4485
-53.4773
-53.5045
-53.5306
-53.557
-53.5848
-53.6129
-53.6415
-53.6713
-53.7026
-53.7371
-53.7763
-53.818
-53.862
-53.909
-53.9594
-54.0144
-54.0788
-54.1482
-54.2211
-54.298
-54.3825
-54.4787
-54.58
-54.6857
-54.7968
-54.9144
-55.0392
-55.1718
-55.3128
-55.4755
-55.6497
-54.2133
-53.3018
-53.1239
-53.1278
-53.1744
-53.2261
-53.2732
-53.3145
-53.3523
-53.3898
-53.4313
-53.476
-53.517
-53.5522
-53.5843
-53.6155
-53.6494
-53.6928
-53.7513
-53.8311
-53.9153
-53.9961
-54.0748
-54.1502
-54.2259
-54.3056
-54.3952
-54.5058
-54.6363
-54.7825
-54.9378
-55.0982
-55.2639
-55.4345
-55.6122
-55.8025
-56.0084
-56.2416
-56.5029
-56.7922
-57.104
-57.4286
-57.7629
-58.1053
-58.453
-58.8122
-59.1846
-59.5876
-60.0265
-60.4946
-60.9888
-61.4964
-62.0025
-62.5041
-62.9936
-63.4753
-63.9523
-64.4312
-64.9345
-65.4511
-65.9785
-66.5054
-67.0168
-67.5038
-67.9637
-68.3917
-68.7931
-69.1711
-69.5365
-69.9046
-70.2614
-70.6115
-70.9499
-71.2649
-71.5541
-71.8197
-72.0579
-72.2727
-72.4674
-72.6489
-72.8264
-72.9943
-73.1543
-73.3085
-73.4488
-73.5741
-73.6873
-73.7878
-73.8752
-73.951
-74.0194
-74.0851
-74.1499
-74.2098
-74.2696
-74.3254
-74.3736
-74.4164
-74.4544
-74.4878
-74.5146
-74.5365
-74.5557
-74.5767
-74.5967
-74.615
-74.636
-74.6552
-74.6703
-74.683
-74.695
-74.7055
-74.7133
-74.7173
-74.7202
-74.726
-74.7317
-74.7366
-74.7448
-74.7526
-74.7573
-74.7604
-74.7636
-74.7668
-74.7691
-74.7679
-74.765
-74.764
-74.7656
-74.7659
-74.7673
-74.7718
-74.775
-74.7758
-74.7762
-74.7769
-74.7773
-74.7766
-74.7742
-74.7707
-74.7687
-74.7689
-74.7686
-74.7691
-74.7723
-74.7744
-74.7729
-74.7723
-74.7715
-74.7704
-74.7685
-74.7665
-74.7641
-74.7607
-74.7586
-74.7584
-74.7589
-74.7612
-74.765
-74.7657
-74.764
-74.7629
-74.7609
-74.7584
-74.756
-74.7546
-74.7531
-74.7514
-74.7486
-74.7462
-74.7456
-74.7488
-74.753
-74.7552
-74.7543
-74.752
-74.7497
-74.7462
-74.7425
-74.7402
-74.7384
-74.7372
-74.7367
-74.7352
-74.7338
-74.7327
-74.7351
-74.7403
-74.7442
-74.7433
-74.7407
-74.7383
-74.735
-74.7301
-74.7263
-74.7226
-74.7205
-74.721
-74.7212
-74.7217
-74.7213
-74.7213
-74.7222
-74.7271
-74.731
-74.7309
-74.7286
-74.7251
-74.7201
-74.7148
-74.71
-74.7042
-74.7017
-74.704
-74.706
-74.7066
-74.7073
-74.7085
-74.709
-74.7116
-74.7135
-74.7159
-74.7165
-74.7137
-74.7086
-74.7042
-74.6987
-74.6917
-74.6858
-74.6839
-74.6866
-74.6894
-74.6902
-74.6909
-74.6924
-74.6948
-74.6989
-74.7023
-74.7029
-74.7013
-74.6978
-74.6929
-74.689
-74.6857
-74.6806
-74.673
-74.6673
-74.6658
-74.6673
-74.6679
-74.6702
-74.6719
-74.6733
-74.6754
-74.6789
-74.6847
-74.6886
-74.6876
-74.6833
-74.6766
-74.6707
-74.6676
-74.6652
-74.6621
-74.6556
-74.6493
-74.6471
-74.6465
-74.6472
-74.6463
-74.6474
-74.6523
-74.658
-74.6615
-74.6654
-74.6708
-74.6738
-74.6717
-74.6651
-74.6591
-74.6536
-74.6477
-74.642
-74.6373
-74.6322
-74.6257
-74.623
-74.6245
-74.624
-74.6214
-74.6192
-74.6177
-74.6207
-74.6298
-74.6393
-74.6439
-74.6454
-74.6474
-74.6462
-74.6446
-74.6431
-74.6409
-74.6374
-74.6294
-74.6183
-74.608
-74.6006
-74.5966
-74.5967
-74.5969
-74.5958
-74.5947
-74.5923
-74.5902
-74.5919
-74.5982
-74.6063
-74.6155
-74.6215
-74.6238
-74.6256
-74.6268
-74.6248
-74.6219
-74.6182
-74.6135
-74.6097
-74.6021
-74.5904
-74.5791
-74.5679
-74.5593
-74.5598
-74.561
-74.5584
-74.5562
-74.5557
-74.5542
-74.5532
-74.5532
-74.5589
-74.565
-74.571
-74.5755
-74.5811
-74.5864
-74.5913
-74.5974
-74.5986
-74.594
-74.5871
-74.5786
-74.569
-74.5622
-74.5586
-74.5526
-74.5445
-74.5349
-74.5267
-74.5228
-74.5206
-74.5182
-74.517
-74.5162
-74.5156
-74.5189
-74.5239
-74.5243
-74.5244
-74.5271
-74.5305
-74.5341
-74.5349
-74.5369
-74.5422
-74.5478
-74.556
-74.5633
-74.5642
-74.5585
-74.5516
-74.5427
-74.5307
-74.5182
-74.5059
-74.4959
-74.4871
-74.481
-74.4772
-74.474
-74.4699
-74.4669
-74.4665
-74.4685
-74.4702
-74.4694
-74.4678
-74.4683
-74.4732
-74.4736
-74.4699
-74.4656
-74.4598
-74.4575
-74.4597
-74.4607
-74.4614
-74.4655
-74.4689
-74.4754
-74.486
-74.4946
-74.4978
-74.4989
-74.4967
-74.4899
-74.4786
-74.4645
-74.4515
-74.4407
-74.4284
-74.4153
-74.404
-74.3965
-74.3948
-74.3944
-74.3983
-74.4059
-74.4139
-74.417
-74.421
-74.4261
-74.4255
-74.4214
-74.4122
-74.4001
-74.385
-74.381
-74.3841
-74.3853
-74.3813
-74.3748
-74.3702
-74.3701
-74.3705
-74.3761
-74.3816
-74.3872
-74.39
-74.3953
-74.402
-74.4133
-74.4237
-74.4242
-74.4183
-74.4082
-74.3963
-74.3853
-74.3763
-74.3696
-74.3682
-74.364
-74.3542
-74.3433
-74.3305
-74.3199
-74.3177
-74.3248
-74.3374
-74.3449
-74.3455
-74.345
-74.3441
-74.3431
-74.3403
-74.3342
-74.3245
-74.3191
-74.3145
-74.307
-74.2968
-74.2833
-74.2672
-74.253
-74.2374
-74.2243
-74.2232
-74.2288
-74.2338
-74.2382
-74.2409
-74.2411
-74.2336
-74.2276
-74.2263
-74.2222
-74.2183
-74.2206
-74.2213
-74.224
-74.2312
-74.2358
-74.2393
-74.2413
-74.2401
-74.2376
-74.2385
-74.2401
-74.2363
-74.2264
-74.214
-74.208
-74.203
-74.2048
-74.2123
-74.2186
-74.2217
-74.2216
-74.2218
-74.2241
-74.2241
-74.2182
-74.2138
-74.2187
-74.2268
-74.2349
-74.2361
-74.2279
-74.2125
-74.192
-74.168
-74.1456
-74.1303
-74.1202
-74.1085
-74.0963
-74.0853
-74.0742
-74.0601
-74.0468
-74.0354
-74.0299
-74.0263
-74.031
-74.0445
-74.0552
-74.0554
-74.0458
-74.0305
-74.0179
-74.0092
-74.0056
-74.0111
-74.0151
-74.0183
-74.0237
-74.0228
-74.0169
-74.0044
-73.9862
-73.9694
-73.961
-73.9538
-73.9458
-73.9435
-73.9482
-73.9502
-73.9454
-73.943
-73.9446
-73.9516
-73.9657
-73.9739
-73.9741
-73.9722
-73.9786
-73.9946
-74.0083
-74.0114
-74.0043
-73.9903
-73.977
-73.9684
-73.9634
-73.9588
-73.9532
-73.9457
-73.9485
-73.9583
-73.9646
-73.97
-73.9814
-73.9928
-73.9953
-73.993
-73.9907
-73.9904
-73.9895
-73.9901
-73.989
-73.9874
-73.9799
-73.9708
-73.963
-73.9606
-73.9685
-73.971
-73.9641
-73.9545
-73.95
-73.9472
-73.9447
-73.9405
-73.9313
-73.9187
-73.9046
-73.8861
-73.8644
-73.8491
-73.8352
-73.817
-73.7946
-73.7691
-73.7414
-73.7156
-73.6972
-73.6807
-73.6649
-73.6557
-73.6446
-73.6326
-73.6198
-73.6038
-73.5962
-73.5958
-73.591
-73.5844
-73.577
-73.5744
-73.5717
-73.5626
-73.5472
-73.5273
-73.5042
-73.4789
-73.452
-73.426
-73.4065
-73.3887
-73.3758
-73.37
-73.3705
-73.3659
-73.3543
-73.3373
-73.3224
-73.3098
-73.294
-73.2744
-73.252
-73.2275
-73.2017
-73.1748
-73.1473
-73.1192
-73.0909
-73.0679
-73.0517
-73.0362
-73.0283
-73.0369
-73.0484
-73.0509
-73.0491
-73.0689
-73.1005
-73.1288
-73.1533
-73.1706
-73.1764
-73.1792
-73.1806
-73.1756
-73.1646
-73.1516
-73.1446
-73.1443
-73.1421
-73.1337
-73.1199
-73.1058
-73.0973
-73.0876
-73.0833
-73.0773
-73.066
-73.0503
-73.0314
-73.0102
-72.9874
-72.971
-72.9604
-72.9473
-72.9306
-72.9111
-72.8896
-72.8667
-72.8429
-72.8185
-72.7937
-72.7685
-72.7433
-72.7179
-72.6969
-72.6866
-72.6762
-72.6721
-72.671
-72.6652
-72.6543
-72.6396
-72.6223
-72.6032
-72.583
-72.5618
-72.5402
-72.5181
-72.4958
-72.4733
-72.4508
-72.4283
-72.4058
-72.3833
-72.3637
-72.3583
-72.3546
-72.3469
-72.3353
-72.321
-72.3048
-72.2873
-72.2793
-72.2798
-72.2773
-72.2701
-72.2592
-72.2457
-72.2304
-72.214
-72.204
-72.2058
-72.2059
-72.201
-72.1921
-72.1802
-72.1664
-72.1512
-72.1351
-72.1184
-72.1012
-72.0838
-72.0661
-72.0484
-72.0306
-72.0128
-71.995
-71.9773
-71.9597
-71.9422
-71.9248
-71.9081
-71.9068
-71.9123
-71.9138
-71.9104
-71.9033
-71.8936
-71.8821
-71.8694
-71.856
-71.842
-71.8276
-71.813
-71.7983
-71.7835
-71.7686
-71.7538
-71.739
-71.7242
-71.7095
-71.695
-71.6805
-71.6661
-71.6519
-71.6378
-71.6239
-71.61
-71.5964
-71.5828
-71.5694
-71.5562
-71.5431
-71.5302
-71.5174
-71.5047
-71.4922
-71.4799
-71.4676
-71.4556
-71.4437
-71.4319
-71.4202
-71.4087
-71.3974
-71.3862
-71.3751
-71.3641
-71.3533
-71.3426
-71.3321
-71.3217
-71.3114
-71.3013
-71.2912
-71.2814
-71.2716
-71.2619
-71.2524
-71.243
-71.2338
-71.2246
-71.2156
-71.2066
-71.1978
-71.1891
-71.1805
-71.1721
-71.1637
-71.1554
-71.1473
-71.1392
-71.1313
-71.1234
-71.1157
-71.1081
-71.1005
-71.0931
-71.0858
-71.0785
-71.0714
-71.0643
-71.0573
-71.0505
-71.0437
-71.037
-71.0304
-71.0239
-71.0175
-71.0111
-71.0049
-70.9987
-70.9926
-70.9866
-70.9807
-70.9748
-70.9691
-70.9634
-70.9578
-70.9522
-70.9468
-70.9414
-70.9361
-70.9309
-70.9257
-70.9206
-70.9156
-70.9106
-70.9057
-70.9009
-70.8962
-70.8915
-70.8869
-70.8823
-70.8779
-70.8734
-70.8691
-70.8648
-70.8605
-70.8564
-70.8522
-70.8482
-70.8442
-70.8402
-70.8364
-70.8325
-70.8287
-70.825
-70.8214
-70.8178
-70.8142
-70.8107
-70.8072
-70.8038
-70.8005
-70.7972
-70.7939
-70.7907
-70.7876
-70.7845
-70.7814
-70.7784
-70.7754
-70.7725
-70.7696
-70.7668
-70.764
-70.7612
-70.7585
-70.7558
-70.7532
-70.7506
-70.7481
-70.7456
-70.7431
-70.7407
-70.7383
-70.7359
-70.7336
-70.7314
-70.7291
-70.7269
-70.7247
-70.7226
-70.7205
-70.7185
-70.7164
-70.7144
-70.7125
-70.7105
-70.7086
-70.7068
-70.7049
-70.7031
-70.7013
-70.6996
-70.6979
-70.6962
-70.6945
-70.6929
-70.6913
-70.6897
-70.6882
-70.6867
-70.6852
-70.6837
-70.6823
-70.6808
-70.6795
-70.6781
-70.6768
-70.6754
-70.6741
-70.6729
-70.6716
-70.6704
-70.6692
-70.668
-70.6669
-70.6657
-70.6646
-70.6635
-70.6625
-70.6614
-70.6604
-70.6594
-70.6584
-70.6574
-70.6565
-70.6555
-70.6546
-70.6537
-70.6529
-70.652
-70.6512
-70.6503
-70.6495
-70.6487
-70.648
-70.6472
-70.6465
-70.6457
-70.645
-70.6443
-70.6437
-70.643
-70.6423
-70.6417
-70.6411
-70.6405
-70.6399
-70.6393
-70.6388
-70.6382
-70.6377
-70.6371
-70.6366
-70.6361
-70.6357
-70.6352
-70.6347
-70.6343
-70.6338
-70.6334
-70.633
-70.6326
-70.6322
-70.6318
-70.6314
-70.6311
-70.6307
-70.6304
-70.6301
-70.6297
-70.6294
-70.6291
-70.6288
-70.6285
-70.6283
-70.628
-70.6278
-70.6275
-70.6273
-70.627
-70.6268
-70.6266
-70.6264
-70.6262
-70.626
-70.6258
-70.6257
-70.6255
-70.6253
-70.6252
-70.625
-70.6249
-70.6248
-70.6246
-70.6245
-70.6244
-70.6243
-70.6242
-70.6241
-70.624
-70.6239
-70.6238
-70.6238
-70.6237
-70.6236
-70.6236
-70.6235
-70.6235
-70.6235
-70.6234
-70.6234
-70.6234
-70.6233
-70.6233
-70.6233
-70.6233
-70.6233
-70.6233
-70.6233
-70.6233
-70.6234
-70.6234
-70.6234
-70.6234
-70.6234
-70.6235
-70.6235
-70.6236
-70.6236
-70.6237
-70.6237
-70.6238
-70.6238
-70.6239
-70.6239
-70.624
-70.6241
-70.6242
-70.6242
-70.6243
-70.6244
-70.6245
-70.6246
-70.6246
-70.6247
-70.6248
-70.6249
-70.625
-70.6251
-70.6252
-70.6253
-70.6254
-70.6255
-70.6257
-70.6258
-70.6259
-70.626
-70.6261
-70.6262
-70.6264
-70.6265
-70.6266
-70.6267
-70.6269
-70.627
-70.6271
-70.6273
-70.6274
-70.6275
-70.6277
-70.6278
-70.6279
-70.6281
-70.6282
-70.6284
-70.6285
-70.6286
-70.6288
-70.6289
-70.6291
-70.6292
-70.6294
-70.6295
-70.6297
-70.6298
-70.63
-70.6301
-70.6303
-70.6304
-70.6306
-70.6307
-70.6309
-70.6311
-70.6312
-70.6314
-70.6315
-70.6317
-70.6318
-70.632
-70.6322
-70.6323
-70.6325
-70.6326
-70.6328
-70.633
-70.6331
-70.6333
-70.6334
-70.6336
-70.6338
-70.6339
-70.6341
-70.6342
-70.6344
-70.6346
-70.6347
-70.6349
-70.6351
-70.6352
-70.6354
-70.6355
-70.6357
-70.6359
-70.636
-70.6362
-70.6363
-70.6365
-70.6367
-70.6368
-70.637
-70.6371
-70.6373
-70.6375
-70.6376
-70.6378
-70.6379
-70.6381
-70.6383
-70.6384
-70.6386
-70.6387
-70.6389
-70.639
-70.6392
-70.6394
-70.6395
-70.6397
-70.6398
-70.64
-70.6401
-70.6403
-70.6404
-70.6406
-70.6407
-70.6409
-70.641
-70.6412
-70.6413
-70.6415
-70.6416
-70.6418
-70.6419
-70.6421
-70.6422
-70.6424
-70.6425
-70.6427
-70.6428
-70.643
-70.6431
-70.6433
-70.6434
-70.6435
-70.6437
-70.6438
-70.644
-70.6441
-70.6443
-70.6444

