-70
-70.2123
-70.2926
-70.3252
-70.3404
-70.3491
-70.3555
-70.3609
-70.3659
-70.3708
-70.3757
-70.3805
-70.3853
-70.39
-70.3948
-70.3995
-70.4042
-70.4088
-70.4134
-70.4179
-70.4224
-70.4269
-70.4313
-70.4357
-70.44
-70.4443
-70.4485
-70.4527
-70.4569
-70.461
-70.465
-70.469
-70.473
-70.4769
-70.4808
-70.4846
-70.4884
-70.4921
-70.4958
-70.4995
-70.5031
-70.5067
-70.5102
-70.5137
-70.5172
-70.5206
-70.524
-70.5273
-70.5306
-70.5339
-70.5371
-70.5403
-70.5434
-70.5465
-70.5496
-70.5526
-70.5556
-70.5586
-70.5615
-70.5644
-70.5673
-70.5701
-70.5729
-70.5757
-70.5784
-70.5811
-70.5838
-70.5864
-70.589
-70.5916
-70.5941
-70.5966
-70.5991
-70.6016
-70.604
-70.6064
-70.6087
-70.6111
-70.6134
-70.6157
-70.6179
-70.6201
-70.6223
-70.6245
-70.6266
-70.6287
-70.6308
-70.6329
-70.6349
-70.6369
-70.6389
-70.6409
-70.6428
-70.6448
-70.6466
-70.6485
-70.6503
-70.6522
-70.654
-70.6557
-70.6575
-70.6592
-70.6609
-70.6626
-70.6643
-70.6659
-70.6675
-70.6691
-70.6707
-70.6723
-70.6738
-70.6754
-70.6769
-70.6783
-70.6798
-70.6812
-70.6827
-70.6841
-70.6855
-70.6868
-70.6882
-70.6895
-70.6908
-70.6921
-70.6934
-70.6947
-70.6959
-70.6972
-70.6984
-70.6996
-70.7008
-70.702
-70.7031
-70.7042
-70.7054
-70.7065
-70.7076
-70.7087
-70.7097
-70.7108
-70.7118
-70.7128
-70.7138
-70.7148
-70.7158
-70.7168
-70.7177
-70.7187
-70.7196
-70.7205
-70.7214
-70.7223
-70.7232
-70.7241
-70.7249
-70.7258
-70.7266
-70.7274
-70.7282
-70.729
-70.7298
-70.7306
-70.7314
-70.7321
-70.7329
-70.7336
-70.7343
-70.735
-70.7357
-70.7364
-70.7371
-70.7378
-70.7384
-70.7391
-70.7397
-70.7404
-70.741
-70.7416
-70.7422
-70.7428
-70.7434
-70.744
-70.7446
-70.7451
-70.7457
-70.7462
-70.7468
-70.7473
-70.7478
-70.7484
-70.7489
-70.7494
-70.7499
-70.7504
-70.7508
-70.7513
-70.7518
-70.7522
-70.7527
-70.7531
-70.7536
-70.754
-70.7544
-70.7549
-70.7553
-70.7557
-70.7561
-70.7565
-70.7569
-70.7573
-70.7576
-70.758
-70.7584
-70.7587
-70.7591
-70.7594
-70.7598
-70.7601
-70.7605
-70.7608
-70.7611
-70.7614
-70.7617
-70.7621
-70.7624
-70.7627
-70.763
-70.7632
-70.7635
-70.7638
-70.7641
-70.7644
-70.7646
-70.7649
-70.7651
-70.7654
-70.7656
-70.7659
-70.7661
-70.7664
-70.7666
-70.7668
-70.7671
-70.7673
-70.7675
-70.7677
-70.7679
-70.7681
-70.7684
-70.7686
-70.7688
-70.769
-70.7691
-70.7693
-70.7695
-70.7697
-70.7699
-70.7701
-70.7702
-70.7704
-70.7706
-70.7707
-70.7709
-70.7711
-70.7712
-70.7714
-70.7715
-70.7717
-70.7718
-70.772
-70.7721
-70.7722
-70.7724
-70.7725
-70.7726
-70.7728
-70.7729
-70.773
-70.7731
-70.7733
-70.7734
-70.7735
-70.7736
-70.7737
-70.7738
-70.7739
-70.774
-70.7741
-70.7742
-70.7743
-70.7744
-70.7745
-70.7746
-70.7747
-70.7748
-70.7749
-70.775
-70.7751
-70.7751
-70.7752
-70.7753
-70.7754
-70.7755
-70.7755
-70.7756
-70.7757
-70.7758
-70.7758
-70.7759
-70.776
-70.776
-70.7761
-70.7762
-70.7762
-70.7763
-70.7763
-70.7764
-70.7765
-70.7765
-70.7766
-70.7766
-70.7767
-70.7767
-70.7768
-70.7768
-70.7769
-70.7769
-70.777
-70.777
-70.7771
-70.7771
-70.7771
-70.7772
-70.7772
-70.7773
-70.7773
-70.7773
-70.7774
-70.7774
-70.7774
-70.7775
-70.7775
-70.7775
-70.7776
-70.7776
-70.7776
-70.7777
-70.7777
-70.7777
-70.7777
-70.7778
-70.7778
-70.7778
-70.7778
-70.7779
-70.7779
-70.7779
-70.7779
-70.778
-70.778
-70.778
-70.778
-70.778
-70.7781
-70.7781
-70.7781
-70.7781
-70.7781
-70.7781
-70.7782
-70.7782
-70.7782
-70.7782
-70.7782
-70.7782
-70.7782
-70.7783
-70.7783
-70.7783
-70.7783
-70.7783
-70.7783
-70.7783
-70.7783
-70.7783
-70.7783
-70.7784
-70.7784
-70.7784
-70.7784
-70.7784
-70.7784
-70.7784
-70.7784
-70.7784
-70.7784
-70.7784
-70.7784
-70.7784
-70.7784
-70.7784
-70.7784
-70.7784
-70.7784
-70.7784
-70.7785
-70.7785
-70.7785
-70.7785
-70.7785
-70.7785
-70.7785
-70.7785
-70.7785
-70.7785
-70.7785
-70.7785
-70.7785
-70.7785
-70.7785
-70.7785
-70.7785
-70.7785
-70.7785
-70.7785
-70.7785
-70.7785
-70.7785
-70.7785
-70.7785
-70.7785
-70.7785
-70.7785
-70.7785
-70.7785
-70.7785
-70.7784
-70.7784
-70.7784
-70.7784
-70.7784
-70.7784
-70.7784
-70.7784
-70.7784
-70.7784
-70.7784
-70.7784
-70.7784
-70.7784
-70.7784
-70.7784
-70.7784
-70.7784
-70.7784
-70.7784
-70.7784
-70.7784
-70.7784
-70.7784
-70.7784
-70.7784
-70.7784
-70.7784
-70.7784
-70.7783
-70.7783
-70.7783
-70.7783
-70.7783
-70.7783
-70.7783
-70.787
-71.0207
-71.6958
-72.6148
-73.3735
-73.8741
-74.1413
-74.2683
-60.7078
-53.0203
-50.3214
-47.236
-14.8663
-26.7094
-66.8667
-70.3744
-69.1752
-67.8621
-66.497
-65.1084
-63.7317
-62.4025
-61.1526
-60.0061
-58.9791
-58.0792
-57.2648
-56.5542
-55.979
-55.5177
-55.1522
-54.8641
-54.6379
-54.457
-54.3222
-54.2204
-54.1431
-54.0882
-54.0502
-54.0198
-53.9985
-53.9854
-53.9783
-53.9752
-53.9748
-53.9705
-53.9635
-53.9596
-53.9594
-53.9612
-53.9643
-53.9681
-53.9723
-53.9768
-53.9787
-53.9766
-53.9764
-53.978
-53.9789
-53.9767
-53.9764
-53.9777
-53.98
-53.9828
-53.986
-53.9855
-53.983
-53.9826
-53.9835
-53.9854
-53.9877
-53.9903
-53.9931
-53.9961
-53.9991
-54.0022
-54.0054
-54.0084
-54.011
-54.0133
-54.0132
-53.9971
-53.9868
-53.9821
-53.9795
-53.9771
-53.9713
-53.9645
-53.9545
-53.9143
-53.6739
-53.6615
-53.7297
-53.7876
-53.8258
-53.849
-53.8625
-53.8701
-53.8746
-53.8778
-53.8811
-53.8854
-53.8915
-53.9004
-53.9131
-53.9419
-53.9752
-53.991
-53.9999
-54.0072
-54.0147
-54.0232
-54.033
-54.0446
-54.0582
-54.0734
-54.0902
-54.1087
-54.1293
-54.152
-54.1771
-54.2047
-54.235
-54.2682
-54.3046
-54.3444
-54.3881
-54.4359
-54.488
-54.5449
-54.6068
-54.6741
-54.7472
-54.8264
-54.9127
-55.0064
-55.1081
-55.2182
-55.3369
-54.729
-54.0365
-53.882
-53.8801
-53.916
-53.957
-53.9947
-54.0281
-54.0576
-54.0844
-54.1094
-54.1334
-54.1571
-54.181
-54.2058
-54.2322
-54.2598
-54.2888
-54.3197
-54.3527
-54.3882
-54.4264
-54.4677
-54.5124
-54.4804
-54.1181
-53.9993
-53.9773
-53.9853
-54.0013
-54.0186
-54.0355
-54.0516
-54.0671
-54.0823
-54.0975
-54.1136
-54.1301
-54.1474
-54.1655
-54.1848
-54.1185
-54.0408
-54.0144
-54.0101
-54.0142
-54.0213
-54.03
-54.0392
-54.0487
-54.0584
-54.0686
-54.0792
-54.0905
-54.1026
-54.1155
-54.1295
-54.1446
-54.162
-54.1809
-54.2011
-54.2226
-54.2456
-54.2705
-54.2975
-54.3268
-54.3586
-54.3931
-54.4304
-54.4723
-54.5203
-54.5715
-54.6254
-54.6828
-54.7442
-54.81
-54.8808
-54.957
-55.039
-55.1268
-55.2207
-55.326
-55.4447
-55.5675
-55.6936
-55.8243
-55.9604
-56.1027
-56.2517
-56.072
-54.046
-53.6302
-53.6152
-53.6878
-53.767
-53.8341
-53.8875
-53.9297
-53.9634
-53.9911
-54.0144
-54.0346
-54.0529
-54.0701
-54.0862
-54.1011
-54.1168
-54.1337
-54.1509
-54.1683
-54.1861
-54.2043
-54.2228
-54.2417
-54.2609
-54.2802
-54.2993
-54.3179
-54.3353
-54.3537
-54.376
-54.3947
-54.407
-54.4112
-54.4045
-54.3826
-54.3382
-54.2576
-54.1126
-53.83
-53.1229
-48.2291
-31.3688
-20.3533
-47.5889
-60.2396
-60.2116
-61.2305
-60.7421
-59.6972
-58.6973
-57.8133
-57.0552
-56.4193
-55.8956
-55.4718
-55.1368
-54.8768
-54.6801
-54.5363
-54.4353
-54.3682
-54.3276
-54.3083
-54.3068
-54.3217
-54.3493
-54.3862
-54.4314
-54.4849
-54.5465
-54.6163
-54.6947
-54.7846
-54.8892
-55.0117
-55.1501
-55.2968
-55.4503
-55.6129
-55.7875
-55.9688
-56.1587
-56.3673
-56.6122
-56.8941
-57.2134
-57.5532
-57.8892
-58.2235
-58.5621
-58.9074
-59.2654
-59.6528
-60.078
-60.5298
-61.0028
-61.4884
-61.9777
-62.4634
-62.9455
-63.4239
-63.9029
-64.3917
-64.8994
-65.4184
-65.9397
-66.4548
-66.9528
-67.4269
-67.8779
-68.3081
-68.719
-69.1134
-69.5032
-69.8854
-70.2555
-70.6122
-70.9481
-71.2586
-71.5411
-71.799
-72.0359
-72.2543
-72.4599
-72.6586
-72.8481
-73.0269
-73.1954
-73.3499
-73.4876
-73.6081
-73.7141
-73.8092
-73.8952
-73.9761
-74.0542
-74.1283
-74.1979
-74.2637
-74.323
-74.3746
-74.4176
-74.4532
-74.4838
-74.5111
-74.5375
-74.5639
-74.5903
-74.6157
-74.6408
-74.6631
-74.6819
-74.6964
-74.7063
-74.7131
-74.7186
-74.7249
-74.732
-74.7397
-74.7482
-74.7578
-74.7673
-74.7753
-74.7803
-74.7829
-74.7829
-74.7813
-74.7804
-74.7812
-74.7824
-74.7842
-74.7878
-74.7921
-74.7963
-74.7998
-74.8004
-74.7993
-74.7972
-74.7942
-74.7913
-74.7895
-74.7886
-74.7883
-74.7898
-74.792
-74.7946
-74.7966
-74.7971
-74.7951
-74.7929
-74.7913
-74.7894
-74.7867
-74.784
-74.783
-74.7831
-74.7842
-74.7858
-74.7871
-74.7876
-74.7873
-74.7849
-74.7816
-74.7805
-74.7795
-74.7769
-74.7732
-74.7724
-74.7726
-74.7732
-74.7741
-74.7753
-74.7755
-74.7761
-74.7756
-74.7732
-74.7709
-74.77
-74.7687
-74.7657
-74.7632
-74.7624
-74.7627
-74.7631
-74.7638
-74.7643
-74.7644
-74.765
-74.7646
-74.7623
-74.7596
-74.7577
-74.7553
-74.7533
-74.7519
-74.7502
-74.7494
-74.7502
-74.7509
-74.752
-74.7536
-74.7552
-74.7561
-74.7552
-74.7524
-74.7491
-74.7462
-74.7428
-74.7412
-74.7404
-74.7389
-74.7375
-74.7377
-74.7389
-74.7409
-74.7427
-74.7445
-74.7457
-74.7446
-74.7418
-74.7367
-74.7335
-74.7302
-74.7277
-74.7258
-74.7244
-74.724
-74.7228
-74.7228
-74.7266
-74.7318
-74.734
-74.7368
-74.7377
-74.7358
-74.7319
-74.7267
-74.7219
-74.7186
-74.716
-74.7124
-74.7102
-74.7088
-74.7091
-74.7104
-74.7118
-74.7155
-74.7206
-74.7227
-74.7255
-74.7255
-74.7218
-74.7172
-74.7131
-74.7069
-74.7023
-74.6997
-74.696
-74.6921
-74.6915
-74.6925
-74.6951
-74.6984
-74.6987
-74.7036
-74.7097
-74.7137
-74.7153
-74.7137
-74.7098
-74.7052
-74.7012
-74.695
-74.6875
-74.6836
-74.68
-74.6763
-74.6754
-74.6775
-74.6827
-74.685
-74.6838
-74.683
-74.6879
-74.6938
-74.6963
-74.6966
-74.6962
-74.694
-74.69
-74.6848
-74.6786
-74.6714
-74.6642
-74.6586
-74.656
-74.6578
-74.6611
-74.6637
-74.6661
-74.6679
-74.6673
-74.665
-74.6683
-74.673
-74.6747
-74.6761
-74.6785
-74.6798
-74.6776
-74.6738
-74.6661
-74.6577
-74.6514
-74.6447
-74.6401
-74.6402
-74.644
-74.6482
-74.6491
-74.6494
-74.65
-74.649
-74.6479
-74.6476
-74.6482
-74.6491
-74.6487
-74.6488
-74.6506
-74.6525
-74.6529
-74.6499
-74.6429
-74.6345
-74.6261
-74.6207
-74.6198
-74.6226
-74.624
-74.6249
-74.6255
-74.6259
-74.6281
-74.6285
-74.6272
-74.6253
-74.6215
-74.6167
-74.6149
-74.6195
-74.6221
-74.6223
-74.6235
-74.6237
-74.6203
-74.6164
-74.6133
-74.6084
-74.6025
-74.6009
-74.6008
-74.6025
-74.6057
-74.6062
-74.6062
-74.6047
-74.6018
-74.6037
-74.6052
-74.6053
-74.6042
-74.5991
-74.5907
-74.5808
-74.5772
-74.5804
-74.5859
-74.5896
-74.5926
-74.593
-74.5908
-74.586
-74.5778
-74.5693
-74.5625
-74.5595
-74.5622
-74.564
-74.5631
-74.5654
-74.569
-74.5696
-74.5703
-74.5714
-74.5713
-74.5714
-74.573
-74.5697
-74.5664
-74.5644
-74.5572
-74.5476
-74.5388
-74.5337
-74.5337
-74.5353
-74.5401
-74.5435
-74.5442
-74.5433
-74.5422
-74.5409
-74.5387
-74.5355
-74.5307
-74.525
-74.5177
-74.5112
-74.5081
-74.5072
-74.5083
-74.5107
-74.5104
-74.513
-74.5217
-74.5275
-74.529
-74.5307
-74.5315
-74.5287
-74.5239
-74.5167
-74.5109
-74.5055
-74.5036
-74.5005
-74.4935
-74.4822
-74.4802
-74.4858
-74.4906
-74.4919
-74.4892
-74.4806
-74.4766
-74.4802
-74.4873
-74.494
-74.4946
-74.4877
-74.4772
-74.4675
-74.4612
-74.4575
-74.4522
-74.4436
-74.4339
-74.4307
-74.4327
-74.4349
-74.4364
-74.44
-74.4426
-74.4436
-74.4467
-74.4528
-74.4589
-74.4612
-74.4598
-74.4522
-74.4414
-74.436
-74.4322
-74.4283
-74.4242
-74.4163
-74.4122
-74.4066
-74.4007
-74.4017
-74.4048
-74.4061
-74.4049
-74.4043
-74.4025
-74.4008
-74.4032
-74.4065
-74.4107
-74.4098
-74.4033
-74.3948
-74.387
-74.3821
-74.3743
-74.3661
-74.3603
-74.356
-74.3497
-74.3447
-74.3389
-74.3358
-74.3337
-74.3333
-74.3328
-74.3294
-74.3213
-74.3132
-74.3084
-74.3016
-74.2982
-74.3011
-74.3095
-74.3162
-74.32
-74.3217
-74.3196
-74.315
-74.3139
-74.3158
-74.3164
-74.3161
-74.3142
-74.3194
-74.3193
-74.3108
-74.3016
-74.2965
-74.2912
-74.2863
-74.2936
-74.3011
-74.303
-74.3045
-74.3034
-74.2977
-74.2908
-74.2834
-74.2744
-74.2684
-74.2632
-74.2607
-74.2633
-74.2676
-74.2665
-74.2622
-74.2603
-74.2542
-74.2409
-74.2241
-74.2095
-74.1983
-74.1908
-74.1836
-74.1758
-74.1689
-74.167
-74.1655
-74.1619
-74.159
-74.1601
-74.1587
-74.1572
-74.1551
-74.1499
-74.1378
-74.1198
-74.1051
-74.0972
-74.0912
-74.0901
-74.0866
-74.0822
-74.0772
-74.0779
-74.0865
-74.0941
-74.0968
-74.0985
-74.0976
-74.0932
-74.0847
-74.074
-74.063
-74.0547
-74.0534
-74.0581
-74.0639
-74.0748
-74.0927
-74.1096
-74.1192
-74.126
-74.1356
-74.142
-74.1392
-74.1279
-74.1135
-74.1143
-74.1217
-74.1208
-74.1108
-74.0952
-74.083
-74.085
-74.0889
-74.0883
-74.084
-74.08
-74.0728
-74.0677
-74.0642
-74.0634
-74.0754
-74.0861
-74.0891
-74.0825
-74.0713
-74.0571
-74.0384
-74.016
-73.9944
-73.9769
-73.9663
-73.9594
-73.9629
-73.9708
-73.9723
-73.9722
-73.9668
-73.9592
-73.9582
-73.9526
-73.9431
-73.935
-73.9304
-73.9312
-73.9364
-73.9366
-73.931
-73.922
-73.9113
-73.898
-73.8811
-73.8655
-73.8474
-73.8255
-73.8007
-73.7741
-73.7557
-73.7414
-73.7252
-73.7126
-73.7083
-73.7024
-73.6898
-73.6717
-73.6542
-73.6403
-73.6292
-73.6144
-73.6004
-73.5947
-73.5927
-73.5866
-73.5739
-73.5565
-73.5422
-73.5274
-73.5131
-73.5057
-73.4992
-73.4878
-73.4783
-73.4672
-73.4542
-73.4441
-73.4381
-73.4453
-73.4519
-73.4526
-73.4604
-73.4733
-73.4798
-73.4897
-73.4958
-73.4966
-73.5009
-73.5032
-73.4978
-73.4858
-73.4704
-73.4592
-73.4462
-73.4336
-73.4363
-73.4432
-73.4443
-73.4447
-73.4391
-73.4272
-73.4191
-73.419
-73.4219
-73.4241
-73.426
-73.4215
-73.4102
-73.3978
-73.3885
-73.3768
-73.3691
-73.3596
-73.3452
-73.3269
-73.3059
-73.2909
-73.2789
-73.2726
-73.2646
-73.2516
-73.2342
-73.2138
-73.1912
-73.1672
-73.1478
-73.1348
-73.1199
-73.1018
-73.0809
-73.0596
-73.0558
-73.0582
-73.0547
-73.0448
-73.032
-73.026
-73.0187
-73.0068
-72.991
-72.9724
-72.9518
-72.9298
-72.9069
-72.8833
-72.8635
-72.8536
-72.8432
-72.8291
-72.812
-72.7927
-72.7719
-72.7502
-72.7278
-72.705
-72.6819
-72.6587
-72.637
-72.6279
-72.6213
-72.6112
-72.5976
-72.5813
-72.5633
-72.5441
-72.5242
-72.5037
-72.483
-72.4624
-72.4545
-72.4521
-72.4463
-72.4363
-72.4232
-72.4079
-72.3922
-72.3895
-72.3903
-72.3868
-72.3787
-72.3673
-72.3535
-72.3382
-72.3218
-72.3047
-72.2871
-72.2692
-72.251
-72.2328
-72.2145
-72.1961
-72.1779
-72.1596
-72.1415
-72.1235
-72.1056
-72.0878
-72.0702
-72.0528
-72.0355
-72.0184
-72.0014
-71.9846
-71.968
-71.9516
-71.9354
-71.9193
-71.9035
-71.8878
-71.8723
-71.8569
-71.8418
-71.8268
-71.8121
-71.7974
-71.783
-71.7688
-71.7547
-71.7408
-71.727
-71.7135
-71.7001
-71.6868
-71.6738
-71.6609
-71.6481
-71.6355
-71.6231
-71.6108
-71.5987
-71.5868
-71.575
-71.5633
-71.5518
-71.5404
-71.5292
-71.5182
-71.5072
-71.4964
-71.4858
-71.4753
-71.4649
-71.4547
-71.4446
-71.4346
-71.4247
-71.415
-71.4054
-71.396
-71.3866
-71.3774
-71.3683
-71.3594
-71.3505
-71.3418
-71.3332
-71.3247
-71.3163
-71.308
-71.2999
-71.2918
-71.2839
-71.2761
-71.2683
-71.2607
-71.2532
-71.2458
-71.2385
-71.2313
-71.2242
-71.2172
-71.2102
-71.2034
-71.1967
-71.1901
-71.1835
-71.177
-71.1707
-71.1644
-71.1582
-71.1521
-71.1461
-71.1401
-71.1343
-71.1285
-71.1228
-71.1172
-71.1117
-71.1062
-71.1008
-71.0955
-71.0903
-71.0851
-71.0801
-71.075
-71.0701
-71.0652
-71.0604
-71.0557
-71.051
-71.0464
-71.0419
-71.0374
-71.033
-71.0287
-71.0244
-71.0202
-71.0161
-71.012
-71.0079
-71.004
-71
-70.9962
-70.9924
-70.9886
-70.9849
-70.9813
-70.9777
-70.9742
-70.9707
-70.9673
-70.9639
-70.9606
-70.9573
-70.9541
-70.9509
-70.9478
-70.9447
-70.9416
-70.9386
-70.9357
-70.9328
-70.9299
-70.9271
-70.9243
-70.9216
-70.9189
-70.9163
-70.9137
-70.9111
-70.9086
-70.9061
-70.9036
-70.9012
-70.8988
-70.8965
-70.8942
-70.8919
-70.8897
-70.8875
-70.8853
-70.8832
-70.8811
-70.8791
-70.877
-70.875
-70.8731
-70.8711
-70.8692
-70.8674
-70.8655
-70.8637
-70.8619
-70.8602
-70.8585
-70.8568
-70.8551
-70.8534
-70.8518
-70.8502
-70.8487
-70.8471
-70.8456
-70.8441
-70.8427
-70.8412
-70.8398
-70.8384
-70.8371
-70.8357
-70.8344
-70.8331
-70.8318
-70.8306
-70.8293
-70.8281
-70.8269
-70.8258
-70.8246
-70.8235
-70.8224
-70.8213
-70.8202
-70.8191
-70.8181
-70.8171
-70.8161
-70.8151
-70.8141
-70.8132
-70.8122
-70.8113
-70.8104
-70.8096
-70.8087
-70.8078
-70.807
-70.8062
-70.8054
-70.8046
-70.8038
-70.803
-70.8023
-70.8016
-70.8008
-70.8001
-70.7994
-70.7988
-70.7981
-70.7974
-70.7968
-70.7962
-70.7955
-70.7949
-70.7943
-70.7937
-70.7932
-70.7926
-70.7921
-70.7915
-70.791
-70.7905
-70.79
-70.7895
-70.789
-70.7885
-70.788
-70.7876
-70.7871
-70.7867
-70.7862
-70.7858
-70.7854
-70.785
-70.7846
-70.7842
-70.7838
-70.7835
-70.7831
-70.7827
-70.7824
-70.7821
-70.7817
-70.7814
-70.7811
-70.7808
-70.7805
-70.7802
-70.7799
-70.7796
-70.7793
-70.779
-70.7788
-70.7785
-70.7782
-70.778
-70.7778
-70.7775
-70.7773
-70.7771
-70.7768
-70.7766
-70.7764
-70.7762
-70.776
-70.7758
-70.7756
-70.7755
-70.7753
-70.7751
-70.7749
-70.7748
-70.7746
-70.7744
-70.7743
-70.7741
-70.774
-70.7739
-70.7737
-70.7736
-70.7735
-70.7733
-70.7732
-70.7731
-70.773
-70.7729
-70.7728
-70.7727
-70.7726
-70.7725
-70.7724
-70.7723
-70.7722
-70.7721
-70.772
-70.7719
-70.7719
-70.7718
-70.7717
-70.7717
-70.7716
-70.7715
-70.7715
-70.7714
-70.7714
-70.7713
-70.7713
-70.7712
-70.7712
-70.7711
-70.7711
-70.771
-70.771
-70.771
-70.7709
-70.7709
-70.7709
-70.7708
-70.7708
-70.7708
-70.7708
-70.7707
-70.7707
-70.7707
-70.7707
-70.7707
-70.7706
-70.7706
-70.7706
-70.7706
-70.7706
-70.7706
-70.7706
-70.7706
-70.7706
-70.7706
-70.7706
-70.7706
-70.7706
-70.7706
-70.7706
-70.7706
-70.7706
-70.7706
-70.7706
-70.7706
-70.7706
-70.7706
-70.7707
-70.7707
-70.7707
-70.7707
-70.7707
-70.7707
-70.7707
-70.7708
-70.7708
-70.7708
-70.7708
-70.7708
-70.7709
-70.7709
-70.7709
-70.7709
-70.7709
-70.771
-70.771
-70.771
-70.771
-70.7711
-70.7711
-70.7711
-70.7711
-70.7712
-70.7712
-70.7712
-70.7712
-70.7713
-70.7713
-70.7713
-70.7714
-70.7714
-70.7714
-70.7715
-70.7715
-70.7715
-70.7715
-70.7716
-70.7716
-70.7716
-70.7717
-70.7717
-70.7717
-70.7718
-70.7718
-70.7718
-70.7719
-70.7719
-70.7719
-70.772
-70.772
-70.772
-70.7721
-70.7721
-70.7721
-70.7722
-70.7722
-70.7722
-70.7723
-70.7723
-70.7723
-70.7724
-70.7724
-70.7724
-70.7725
-70.7725
-70.7725
-70.7726
-70.7726
-70.7727
-70.7727
-70.7727
-70.7728
-70.7728
-70.7728
-70.7729
-70.7729
-70.7729
-70.773
-70.773
-70.773
-70.7731
-70.7731
-70.7731
-70.7732
-70.7732
-70.7732
-70.7733
-70.7733
-70.7733
-70.7734
-70.7734
-70.7734
-70.7735
-70.7735
-70.7735
-70.7736

