-70
-70.1661
-70.23
-70.2566
-70.2695
-70.2773
-70.283
-70.2879
-70.2925
-70.297
-70.3014
-70.3057
-70.31
-70.3142
-70.3185
-70.3226
-70.3268
-70.3309
-70.335
-70.3391
-70.3431
-70.3471
-70.351
-70.3549
-70.3588
-70.3626
-70.3664
-70.3701
-70.3738
-70.3775
-70.3811
-70.3847
-70.3883
-70.3918
-70.3953
-70.3987
-70.4021
-70.4055
-70.4088
-70.4121
-70.4154
-70.4186
-70.4218
-70.4249
-70.428
-70.4311
-70.4341
-70.4372
-70.4401
-70.4431
-70.446
-70.4489
-70.4517
-70.4545
-70.4573
-70.4601
-70.4628
-70.4655
-70.4682
-70.4708
-70.4734
-70.476
-70.4785
-70.481
-70.4835
-70.486
-70.4884
-70.4908
-70.4932
-70.4955
-70.4978
-70.5001
-70.5024
-70.5046
-70.5068
-70.509
-70.5112
-70.5133
-70.5154
-70.5175
-70.5196
-70.5216
-70.5236
-70.5256
-70.5276
-70.5295
-70.5315
-70.5334
-70.5352
-70.5371
-70.5389
-70.5407
-70.5425
-70.5443
-70.5461
-70.5478
-70.5495
-70.5512
-70.5528
-70.5545
-70.5561
-70.5577
-70.5593
-70.5609
-70.5624
-70.5639
-70.5655
-70.5669
-70.5684
-70.5699
-70.5713
-70.5727
-70.5741
-70.5755
-70.5769
-70.5782
-70.5796
-70.5809
-70.5822
-70.5835
-70.5848
-70.586
-70.5873
-70.5885
-70.5897
-70.5909
-70.5921
-70.5932
-70.5944
-70.5955
-70.5966
-70.5977
-70.5988
-70.5999
-70.601
-70.602
-70.603
-70.6041
-70.6051
-70.6061
-70.6071
-70.608
-70.609
-70.6099
-70.6109
-70.6118
-70.6127
-70.6136
-70.6145
-70.6154
-70.6162
-70.6171
-70.6179
-70.6187
-70.6196
-70.6204
-70.6212
-70.622
-70.6227
-70.6235
-70.6242
-70.625
-70.6257
-70.6265
-70.6272
-70.6279
-70.6286
-70.6293
-70.6299
-70.6306
-70.6313
-70.6319
-70.6325
-70.6332
-70.6338
-70.6344
-70.635
-70.6356
-70.6362
-70.6368
-70.6374
-70.6379
-70.6385
-70.639
-70.6396
-70.6401
-70.6406
-70.6411
-70.6417
-70.6422
-70.6427
-70.6431
-70.6436
-70.6441
-70.6446
-70.645
-70.6455
-70.6459
-70.6464
-70.6468
-70.6472
-70.6476
-70.6481
-70.6485
-70.6489
-70.6493
-70.6497
-70.65
-70.6504
-70.6508
-70.6512
-70.6515
-70.6519
-70.6522
-70.6526
-70.6529
-70.6533
-70.6536
-70.6539
-70.6542
-70.6545
-70.6549
-70.6552
-70.6555
-70.6558
-70.656
-70.6563
-70.6566
-70.6569
-70.6572
-70.6574
-70.6577
-70.658
-70.6582
-70.6585
-70.6587
-70.6589
-70.6592
-70.6594
-70.6597
-70.6599
-70.6601
-70.6603
-70.6605
-70.6607
-70.661
-70.6612
-70.6614
-70.6616
-70.6617
-70.6619
-70.6621
-70.6623
-70.6625
-70.6627
-70.6628
-70.663
-70.6632
-70.6633
-70.6635
-70.6637
-70.6638
-70.664
-70.6641
-70.6643
-70.6644
-70.6646
-70.6647
-70.6648
-70.665
-70.6651
-70.6652
-70.6653
-70.6655
-70.6656
-70.6657
-70.6658
-70.6659
-70.666
-70.6662
-70.6663
-70.6664
-70.6665
-70.6666
-70.6667
-70.6668
-70.6669
-70.667
-70.667
-70.6671
-70.6672
-70.6673
-70.6674
-70.6675
-70.6675
-70.6676
-70.6677
-70.6678
-70.6678
-70.6679
-70.668
-70.668
-70.6681
-70.6682
-70.6682
-70.6683
-70.6683
-70.6684
-70.6685
-70.6685
-70.6686
-70.6686
-70.6687
-70.6687
-70.6688
-70.6688
-70.6688
-70.6689
-70.6689
-70.669
-70.669
-70.669
-70.6691
-70.6691
-70.6691
-70.6692
-70.6692
-70.6692
-70.6693
-70.6693
-70.6693
-70.6694
-70.6694
-70.6694
-70.6694
-70.6694
-70.6695
-70.6695
-70.6695
-70.6695
-70.6695
-70.6696
-70.6696
-70.6696
-70.6696
-70.6696
-70.6696
-70.6696
-70.6697
-70.6697
-70.6697
-70.6697
-70.6697
-70.6697
-70.6697
-70.6697
-70.6697
-70.6697
-70.6697
-70.6697
-70.6697
-70.6697
-70.6697
-70.6697
-70.6697
-70.6697
-70.6697
-70.6697
-70.6697
-70.6697
-70.6697
-70.6697
-70.6697
-70.6697
-70.6697
-70.6697
-70.6697
-70.6697
-70.6697
-70.6697
-70.6697
-70.6697
-70.6697
-70.6696
-70.6696
-70.6696
-70.6696
-70.6696
-70.6696
-70.6696
-70.6696
-70.6696
-70.6695
-70.6695
-70.6695
-70.6695
-70.6695
-70.6695
-70.6695
-70.6695
-70.6694
-70.6694
-70.6694
-70.6694
-70.6694
-70.6694
-70.6693
-70.6693
-70.6693
-70.6693
-70.6693
-70.6693
-70.6693
-70.6692
-70.6692
-70.6692
-70.6692
-70.6692
-70.6691
-70.6691
-70.6691
-70.6691
-70.6691
-70.6691
-70.669
-70.669
-70.669
-70.669
-70.669
-70.6689
-70.6689
-70.6689
-70.6689
-70.6689
-70.6688
-70.6688
-70.6688
-70.6688
-70.6688
-70.6687
-70.6687
-70.6687
-70.6687
-70.6686
-70.6686
-70.6686
-70.6686
-70.6686
-70.6685
-70.6685
-70.6685
-70.6685
-70.6685
-70.6684
-70.6684
-70.6684
-70.6684
-70.6684
-70.6683
-70.6683
-70.6683
-70.6683
-70.6682
-70.6682
-70.6682
-70.6682
-70.6682
-70.6681
-70.6681
-70.6681
-70.6681
-70.6681
-70.6696
-70.8928
-71.6037
-72.5542
-73.357
-73.8672
-74.1299
-64.0844
-53.7626
-50.9305
-49.06
-46.2587
-28.0077
-14.7582
-40.9081
-68.4489
-68.71
-67.7072
-66.6553
-65.586
-64.5175
-63.4686
-62.4575
-61.4977
-60.3998
-59.439
-58.6093
-57.8747
-57.2246
-56.653
-56.1474
-55.6752
-55.2792
-54.9501
-54.6755
-54.4484
-54.2623
-54.0951
-53.95
-53.8362
-53.748
-53.6798
-53.6273
-53.5876
-53.5533
-53.5124
-53.4829
-53.4637
-53.4518
-53.4448
-53.4414
-53.4407
-53.4422
-53.4399
-53.4237
-53.414
-53.4106
-53.4109
-53.4134
-53.4172
-53.4219
-53.4272
-53.4331
-53.4393
-53.446
-53.4478
-53.4271
-53.4152
-53.4113
-53.4116
-53.414
-53.4174
-53.4215
-53.4259
-53.4306
-53.4354
-53.4403
-53.4451
-53.4492
-53.4528
-53.4558
-53.458
-53.4589
-53.458
-53.4275
-53.4009
-53.3884
-53.3802
-53.369
-53.3407
-53.1205
-52.7402
-52.7674
-52.8846
-52.9926
-53.0727
-53.1275
-53.1636
-53.1885
-53.2076
-53.2247
-53.2423
-53.2627
-53.2876
-53.3196
-53.3611
-53.4136
-53.4771
-53.5498
-53.6302
-53.7177
-53.8127
-53.9173
-54.0334
-53.6451
-53.4921
-53.4519
-53.4483
-53.4574
-53.4714
-53.4878
-53.5057
-53.5249
-53.5455
-53.5676
-53.5914
-53.617
-53.6446
-53.6744
-53.7068
-53.7419
-53.7803
-53.8219
-53.8673
-53.9166
-53.9701
-54.0283
-54.0914
-54.1598
-54.2339
-54.3137
-54.3998
-54.4928
-54.5931
-54.7011
-54.8174
-54.9425
-55.0773
-55.2219
-55.3769
-55.542
-55.7176
-55.9042
-54.0799
-53.3114
-53.158
-53.1666
-53.2152
-53.2693
-53.3198
-53.3648
-53.4048
-53.4406
-53.4732
-53.504
-53.5333
-53.5615
-53.5893
-53.6172
-53.6457
-53.675
-53.7064
-53.7412
-53.778
-53.8171
-53.86
-53.9056
-53.9541
-54.0058
-54.0612
-54.1208
-54.1849
-54.2567
-54.3344
-54.4165
-54.5049
-54.6031
-54.7071
-54.8163
-54.9318
-55.0543
-55.1843
-55.3244
-55.4794
-55.6415
-55.8091
-55.9845
-56.1785
-56.381
-56.5874
-54.5189
-53.2428
-52.9955
-53.0009
-53.0675
-53.1413
-53.2077
-53.2644
-53.3129
-53.3549
-53.3913
-53.4233
-53.4522
-53.4787
-53.5039
-53.5292
-53.554
-53.5786
-53.6035
-53.629
-53.6569
-53.6873
-53.7192
-53.7527
-53.7882
-53.8264
-53.8704
-53.9185
-53.9691
-54.0226
-54.0796
-54.1406
-54.2079
-54.2854
-54.3672
-54.4525
-54.5421
-54.638
-54.749
-54.8668
-54.9885
-55.115
-55.2472
-55.3856
-55.53
-55.693
-55.8713
-56.0517
-56.234
-56.4211
-56.6325
-56.8517
-57.068
-57.2828
-57.4977
-57.7137
-57.9304
-58.148
-58.3816
-58.6395
-55.0459
-53.018
-52.6401
-52.6585
-52.7749
-52.9017
-53.0142
-53.1084
-53.1856
-53.2492
-53.3029
-53.3487
-53.3884
-53.4244
-53.4571
-53.4872
-53.5156
-53.5431
-53.5704
-53.598
-53.6264
-53.657
-53.6909
-53.7267
-53.7669
-53.81
-53.8551
-53.9028
-53.9538
-54.0086
-54.0676
-54.1313
-54.1999
-54.2736
-54.3668
-54.4768
-54.5957
-54.7183
-54.8423
-54.9702
-55.1041
-55.2452
-55.3939
-55.5576
-55.8464
-56.3238
-56.8747
-57.4168
-57.9038
-58.3838
-58.8272
-59.2249
-59.6136
-60.1673
-60.9317
-61.8554
-62.7591
-63.5559
-64.2143
-64.7722
-65.2718
-65.7299
-66.1762
-66.6831
-67.2985
-67.9378
-68.533
-69.0503
-69.4889
-56.1325
-52.3752
-51.4961
-51.4095
-51.6583
-52.0221
-52.3716
-52.6554
-52.8753
-53.0459
-53.1803
-53.2882
-53.3782
-53.4564
-53.5275
-53.5962
-53.6647
-53.7337
-53.803
-53.8731
-53.9438
-54.0164
-54.0916
-54.1705
-54.2546
-54.3485
-54.4562
-54.5769
-54.7099
-54.8503
-54.9983
-55.1536
-55.317
-55.4883
-55.6689
-55.8651
-56.086
-56.3363
-56.6131
-56.9132
-57.2256
-57.5463
-57.8788
-58.2219
-58.573
-58.933
-59.314
-59.729
-60.1801
-60.6581
-61.1582
-61.6677
-62.1742
-62.6717
-63.1655
-63.6555
-64.1358
-64.6137
-65.107
-65.6138
-66.1302
-66.6449
-67.1541
-67.642
-68.1035
-68.5313
-68.9343
-69.3165
-69.678
-70.0273
-70.3667
-70.7002
-71.0198
-71.3221
-71.6087
-71.8744
-72.1174
-72.3343
-72.5279
-72.7062
-72.872
-73.0278
-73.1759
-73.318
-73.4496
-73.5713
-73.6839
-73.7868
-73.8804
-73.9634
-74.035
-74.0962
-74.1533
-74.2067
-74.257
-74.3061
-74.3518
-74.3934
-74.4314
-74.4659
-74.4966
-74.5254
-74.5506
-74.5698
-74.5846
-74.5985
-74.6137
-74.6287
-74.6434
-74.6569
-74.6693
-74.6805
-74.6908
-74.698
-74.7061
-74.7136
-74.7189
-74.7213
-74.7217
-74.7245
-74.7287
-74.7335
-74.7375
-74.7409
-74.7441
-74.7481
-74.7504
-74.7499
-74.7506
-74.7526
-74.7533
-74.7518
-74.7493
-74.748
-74.75
-74.7519
-74.753
-74.7528
-74.7525
-74.7539
-74.755
-74.7541
-74.7515
-74.7514
-74.7531
-74.7524
-74.7499
-74.7468
-74.7464
-74.7487
-74.7498
-74.7497
-74.7483
-74.7467
-74.7481
-74.7482
-74.7456
-74.7409
-74.7397
-74.7415
-74.7422
-74.7401
-74.7378
-74.7362
-74.736
-74.7363
-74.7366
-74.7357
-74.7337
-74.7327
-74.7344
-74.7341
-74.7313
-74.7285
-74.7267
-74.7268
-74.7285
-74.7288
-74.7291
-74.7276
-74.7265
-74.7243
-74.7233
-74.7243
-74.7233
-74.7214
-74.7214
-74.7205
-74.7178
-74.7157
-74.7137
-74.7109
-74.7096
-74.7089
-74.7106
-74.712
-74.7116
-74.7111
-74.7076
-74.7044
-74.7052
-74.7058
-74.7045
-74.7042
-74.7046
-74.7052
-74.7034
-74.7001
-74.6976
-74.6961
-74.6944
-74.6956
-74.6978
-74.6987
-74.6988
-74.6983
-74.6959
-74.6917
-74.6906
-74.69
-74.6874
-74.686
-74.689
-74.6923
-74.6923
-74.6869
-74.6793
-74.6735
-74.6717
-74.6711
-74.6713
-74.6737
-74.6748
-74.6767
-74.6796
-74.6777
-74.6735
-74.67
-74.6693
-74.6664
-74.6613
-74.6624
-74.6682
-74.6722
-74.6738
-74.6716
-74.6654
-74.6577
-74.6543
-74.6553
-74.6556
-74.6545
-74.6537
-74.6554
-74.6589
-74.6625
-74.6618
-74.6572
-74.6529
-74.6516
-74.6488
-74.6457
-74.6429
-74.644
-74.6475
-74.6479
-74.6479
-74.6457
-74.6402
-74.6336
-74.6301
-74.6278
-74.6258
-74.626
-74.6243
-74.6219
-74.6235
-74.6282
-74.6293
-74.6287
-74.6265
-74.6258
-74.6262
-74.627
-74.6247
-74.6219
-74.6193
-74.6171
-74.6152
-74.6124
-74.6113
-74.6102
-74.611
-74.6106
-74.6094
-74.6088
-74.606
-74.6041
-74.6023
-74.599
-74.5961
-74.5964
-74.5981
-74.5978
-74.5965
-74.5956
-74.599
-74.6029
-74.605
-74.6051
-74.6016
-74.5953
-74.5899
-74.5877
-74.5854
-74.58
-74.5746
-74.5739
-74.5757
-74.5754
-74.5708
-74.5664
-74.5658
-74.5694
-74.5686
-74.5645
-74.5585
-74.554
-74.5526
-74.551
-74.5484
-74.5474
-74.5466
-74.5509
-74.557
-74.5617
-74.5622
-74.5579
-74.5545
-74.5509
-74.5485
-74.5457
-74.542
-74.5391
-74.5378
-74.5379
-74.5382
-74.54
-74.5398
-74.5388
-74.5371
-74.5315
-74.5228
-74.5131
-74.5063
-74.5046
-74.5042
-74.5035
-74.5058
-74.5108
-74.5126
-74.5092
-74.5053
-74.5025
-74.5033
-74.5069
-74.5076
-74.5075
-74.5062
-74.5013
-74.4956
-74.4946
-74.489
-74.4853
-74.4834
-74.4839
-74.4881
-74.495
-74.4992
-74.5008
-74.5024
-74.5048
-74.5045
-74.5002
-74.4926
-74.483
-74.4691
-74.4561
-74.4463
-74.4368
-74.4301
-74.423
-74.4149
-74.4101
-74.4138
-74.4308
-74.4465
-74.4516
-74.453
-74.4524
-74.4454
-74.4371
-74.4314
-74.4262
-74.4216
-74.4177
-74.4117
-74.4066
-74.4028
-74.4038
-74.4053
-74.4022
-74.3999
-74.3995
-74.4011
-74.4063
-74.4098
-74.4136
-74.4178
-74.4204
-74.4212
-74.4196
-74.4161
-74.4151
-74.4143
-74.4098
-74.4005
-74.3911
-74.3836
-74.3722
-74.3572
-74.3392
-74.3242
-74.3104
-74.3001
-74.2998
-74.3086
-74.323
-74.3346
-74.3379
-74.3399
-74.3445
-74.3463
-74.3425
-74.3348
-74.3311
-74.3328
-74.3306
-74.3222
-74.313
-74.3043
-74.2984
-74.2943
-74.285
-74.2749
-74.2676
-74.2642
-74.2664
-74.2721
-74.2828
-74.2918
-74.2975
-74.2983
-74.2944
-74.2939
-74.2995
-74.3054
-74.3069
-74.3021
-74.2926
-74.2845
-74.2805
-74.2786
-74.2818
-74.2836
-74.283
-74.2809
-74.2757
-74.2686
-74.2573
-74.2426
-74.2241
-74.2098
-74.1987
-74.1912
-74.191
-74.1928
-74.1898
-74.188
-74.1855
-74.1808
-74.1788
-74.1793
-74.1781
-74.176
-74.1704
-74.1715
-74.1795
-74.1861
-74.1835
-74.1769
-74.1715
-74.1648
-74.159
-74.1519
-74.1439
-74.1366
-74.1246
-74.1102
-74.0977
-74.0881
-74.0812
-74.074
-74.0676
-74.0629
-74.0622
-74.0573
-74.0511
-74.0517
-74.0587
-74.0642
-74.0629
-74.0563
-74.0508
-74.0531
-74.0557
-74.0502
-74.0484
-74.0564
-74.0687
-74.0813
-74.0954
-74.1035
-74.1007
-74.0955
-74.0892
-74.0822
-74.0777
-74.0743
-74.0657
-74.0523
-74.0463
-74.0427
-74.0363
-74.0269
-74.0147
-74.0013
-73.9847
-73.9653
-73.9491
-73.9346
-73.9293
-73.9275
-73.9279
-73.9397
-73.9606
-73.983
-74.0009
-74.0092
-74.01
-74.0052
-74.0007
-73.9915
-73.9762
-73.9597
-73.9419
-73.9208
-73.9057
-73.9042
-73.9039
-73.896
-73.8808
-73.8632
-73.8514
-73.839
-73.8421
-73.8547
-73.8635
-73.8704
-73.8701
-73.8671
-73.869
-73.8675
-73.8646
-73.8642
-73.8602
-73.854
-73.8423
-73.825
-73.8034
-73.7795
-73.7631
-73.7498
-73.7398
-73.7345
-73.7311
-73.7277
-73.7291
-73.7366
-73.7421
-73.7392
-73.7282
-73.7162
-73.7082
-73.6986
-73.6894
-73.6802
-73.6709
-73.6568
-73.6378
-73.6169
-73.6137
-73.6241
-73.6325
-73.6373
-73.6345
-73.6238
-73.6072
-73.5865
-73.5628
-73.542
-73.5239
-73.5034
-73.4836
-73.4677
-73.4495
-73.4283
-73.4118
-73.3992
-73.3951
-73.3917
-73.3877
-73.3825
-73.3716
-73.3552
-73.335
-73.312
-73.2922
-73.2831
-73.2771
-73.2661
-73.25
-73.2301
-73.2075
-73.1883
-73.1787
-73.1758
-73.1774
-73.1744
-73.1671
-73.1629
-73.1552
-73.1421
-73.1303
-73.1224
-73.1109
-73.0962
-73.0876
-73.0783
-73.0666
-73.0634
-73.0676
-73.067
-73.0593
-73.0467
-73.0396
-73.0326
-73.0292
-73.0267
-73.0188
-73.0058
-72.9889
-72.9692
-72.9477
-72.9261
-72.9142
-72.9037
-72.8897
-72.8723
-72.8524
-72.8307
-72.8079
-72.7843
-72.7602
-72.7357
-72.7109
-72.6861
-72.6611
-72.6362
-72.6113
-72.59
-72.581
-72.5726
-72.5606
-72.5453
-72.5275
-72.5082
-72.4879
-72.4668
-72.4453
-72.4235
-72.4016
-72.3797
-72.3577
-72.3358
-72.3139
-72.2922
-72.2706
-72.2492
-72.2279
-72.2155
-72.2142
-72.2111
-72.2035
-72.1924
-72.1788
-72.1635
-72.1472
-72.1301
-72.1125
-72.0946
-72.0765
-72.0583
-72.0401
-72.0219
-72.0037
-71.9857
-71.9677
-71.9498
-71.9321
-71.9145
-71.8971
-71.8798
-71.8627
-71.8457
-71.829
-71.8124
-71.796
-71.7797
-71.7637
-71.7478
-71.7321
-71.7166
-71.7013
-71.6861
-71.6711
-71.6563
-71.6417
-71.6272
-71.6129
-71.5988
-71.5849
-71.5711
-71.5575
-71.544
-71.5307
-71.5176
-71.5046
-71.4918
-71.4792
-71.4667
-71.4544
-71.4422
-71.4301
-71.4183
-71.4065
-71.3949
-71.3835
-71.3722
-71.361
-71.35
-71.3391
-71.3284
-71.3178
-71.3073
-71.297
-71.2868
-71.2767
-71.2668
-71.257
-71.2473
-71.2377
-71.2283
-71.219
-71.2098
-71.2008
-71.1918
-71.183
-71.1742
-71.1656
-71.1571
-71.1488
-71.1405
-71.1323
-71.1243
-71.1163
-71.1085
-71.1007
-71.0931
-71.0856
-71.0781
-71.0708
-71.0635
-71.0564
-71.0494
-71.0424
-71.0355
-71.0288
-71.0221
-71.0155
-71.009
-71.0026
-70.9963
-70.9901
-70.9839
-70.9778
-70.9719
-70.966
-70.9601
-70.9544
-70.9487
-70.9432
-70.9377
-70.9322
-70.9269
-70.9216
-70.9164
-70.9113
-70.9062
-70.9012
-70.8963
-70.8915
-70.8867
-70.882
-70.8774
-70.8728
-70.8683
-70.8638
-70.8594
-70.8551
-70.8509
-70.8467
-70.8426
-70.8385
-70.8345
-70.8305
-70.8266
-70.8228
-70.819
-70.8153
-70.8116
-70.808
-70.8044
-70.8009
-70.7975
-70.7941
-70.7907
-70.7874
-70.7842
-70.781
-70.7778
-70.7747
-70.7717
-70.7687
-70.7657
-70.7628
-70.7599
-70.7571
-70.7543
-70.7516
-70.7489
-70.7462
-70.7436
-70.741
-70.7385
-70.736
-70.7336
-70.7312
-70.7288
-70.7265
-70.7242
-70.7219
-70.7197
-70.7175
-70.7154
-70.7133
-70.7112
-70.7092
-70.7072
-70.7052
-70.7033
-70.7013
-70.6995
-70.6976
-70.6958
-70.694
-70.6923
-70.6906
-70.6889
-70.6872
-70.6856
-70.684
-70.6824
-70.6809
-70.6794
-70.6779
-70.6764
-70.675
-70.6736
-70.6722
-70.6709
-70.6695
-70.6682
-70.6669
-70.6657
-70.6645
-70.6632
-70.6621
-70.6609
-70.6597
-70.6586
-70.6575
-70.6565
-70.6554
-70.6544
-70.6534
-70.6524
-70.6514
-70.6504
-70.6495
-70.6486
-70.6477
-70.6468
-70.646
-70.6451
-70.6443
-70.6435
-70.6427
-70.6419
-70.6412
-70.6405
-70.6397
-70.639
-70.6384
-70.6377
-70.637
-70.6364
-70.6358
-70.6352
-70.6346
-70.634
-70.6334
-70.6329
-70.6323
-70.6318
-70.6313
-70.6308
-70.6303
-70.6298
-70.6294
-70.6289
-70.6285
-70.6281
-70.6277
-70.6273
-70.6269
-70.6265
-70.6261
-70.6258
-70.6254
-70.6251
-70.6248
-70.6245
-70.6242
-70.6239
-70.6236
-70.6233
-70.623
-70.6228
-70.6225
-70.6223
-70.6221
-70.6219
-70.6216
-70.6214
-70.6213
-70.6211
-70.6209
-70.6207
-70.6206
-70.6204
-70.6203
-70.6201
-70.62
-70.6199
-70.6197
-70.6196
-70.6195
-70.6194
-70.6193
-70.6193
-70.6192
-70.6191
-70.619
-70.619
-70.6189
-70.6189
-70.6188
-70.6188
-70.6188
-70.6187
-70.6187
-70.6187
-70.6187
-70.6187
-70.6187
-70.6187
-70.6187
-70.6187
-70.6187
-70.6188
-70.6188
-70.6188
-70.6188
-70.6189
-70.6189
-70.619
-70.619
-70.6191
-70.6191
-70.6192
-70.6193
-70.6193
-70.6194
-70.6195
-70.6196
-70.6196
-70.6197
-70.6198
-70.6199
-70.62
-70.6201
-70.6202
-70.6203
-70.6204
-70.6205
-70.6206
-70.6207
-70.6208
-70.621
-70.6211
-70.6212
-70.6213
-70.6214
-70.6216
-70.6217
-70.6218
-70.622
-70.6221
-70.6222
-70.6224
-70.6225
-70.6227
-70.6228
-70.623
-70.6231
-70.6232
-70.6234
-70.6236
-70.6237
-70.6239
-70.624
-70.6242
-70.6243
-70.6245
-70.6246
-70.6248
-70.625
-70.6251
-70.6253
-70.6255
-70.6256
-70.6258
-70.626
-70.6261
-70.6263
-70.6265
-70.6266
-70.6268
-70.627
-70.6272
-70.6273
-70.6275
-70.6277
-70.6279
-70.628
-70.6282
-70.6284
-70.6286
-70.6287
-70.6289
-70.6291
-70.6293
-70.6295
-70.6296
-70.6298
-70.63
-70.6302
-70.6303
-70.6305
-70.6307
-70.6309
-70.6311
-70.6312
-70.6314
-70.6316
-70.6318
-70.632
-70.6321
-70.6323
-70.6325
-70.6327
-70.6329
-70.633
-70.6332
-70.6334
-70.6336
-70.6338
-70.6339
-70.6341
-70.6343
-70.6345
-70.6346
-70.6348
-70.635
-70.6352
-70.6354
-70.6355
-70.6357
-70.6359
-70.6361
-70.6362
-70.6364
-70.6366
-70.6367
-70.6369
-70.6371
-70.6373
-70.6374
-70.6376
-70.6378
-70.6379
-70.6381
-70.6383
-70.6385
-70.6386
-70.6388
-70.639
-70.6391
-70.6393
-70.6395
-70.6396
-70.6398
-70.6399
-70.6401
-70.6403
-70.6404
-70.6406
-70.6408
-70.6409
-70.6411
-70.6412
-70.6414
-70.6415
-70.6417
-70.6419
-70.642
-70.6422
-70.6423
-70.6425
-70.6426
-70.6428
-70.6429
-70.6431
-70.6432
-70.6434
-70.6435
-70.6437
-70.6438
-70.644
-70.6441
-70.6443
-70.6444
-70.6446
-70.6447
-70.6449
-70.645
-70.6451
-70.6453

