-70
-70.1661
-70.23
-70.2566
-70.2695
-70.2773
-70.283
-70.2879
-70.2925
-70.297
-70.3014
-70.3057
-70.31
-70.3142
-70.3185
-70.3226
-70.3268
-70.3309
-70.335
-70.3391
-70.3431
-70.3471
-70.351
-70.3549
-70.3588
-70.3626
-70.3664
-70.3701
-70.3738
-70.3775
-70.3811
-70.3847
-70.3883
-70.3918
-70.3953
-70.3987
-70.4021
-70.4055
-70.4088
-70.4121
-70.4154
-70.4186
-70.4218
-70.4249
-70.428
-70.4311
-70.4341
-70.4372
-70.4401
-70.4431
-70.446
-70.4489
-70.4517
-70.4545
-70.4573
-70.4601
-70.4628
-70.4655
-70.4682
-70.4708
-70.4734
-70.476
-70.4785
-70.481
-70.4835
-70.486
-70.4884
-70.4908
-70.4932
-70.4955
-70.4978
-70.5001
-70.5024
-70.5046
-70.5068
-70.509
-70.5112
-70.5133
-70.5154
-70.5175
-70.5196
-70.5216
-70.5236
-70.5256
-70.5276
-70.5295
-70.5315
-70.5334
-70.5352
-70.5371
-70.5389
-70.5407
-70.5425
-70.5443
-70.5461
-70.5478
-70.5495
-70.5512
-70.5528
-70.5545
-70.5561
-70.5577
-70.5593
-70.5609
-70.5624
-70.5639
-70.5655
-70.5669
-70.5684
-70.5699
-70.5713
-70.5727
-70.5741
-70.5755
-70.5769
-70.5782
-70.5796
-70.5809
-70.5822
-70.5835
-70.5848
-70.586
-70.5873
-70.5885
-70.5897
-70.5909
-70.5921
-70.5932
-70.5944
-70.5955
-70.5966
-70.5977
-70.5988
-70.5999
-70.601
-70.602
-70.603
-70.6041
-70.6051
-70.6061
-70.6071
-70.608
-70.609
-70.6099
-70.6109
-70.6118
-70.6127
-70.6136
-70.6145
-70.6154
-70.6162
-70.6171
-70.6179
-70.6187
-70.6196
-70.6204
-70.6212
-70.622
-70.6227
-70.6235
-70.6242
-70.625
-70.6257
-70.6265
-70.6272
-70.6279
-70.6286
-70.6293
-70.6299
-70.6306
-70.6313
-70.6319
-70.6325
-70.6332
-70.6338
-70.6344
-70.635
-70.6356
-70.6362
-70.6368
-70.6374
-70.6379
-70.6385
-70.639
-70.6396
-70.6401
-70.6406
-70.6411
-70.6417
-70.6422
-70.6427
-70.6431
-70.6436
-70.6441
-70.6446
-70.645
-70.6455
-70.6459
-70.6464
-70.6468
-70.6472
-70.6476
-70.6481
-70.6485
-70.6489
-70.6493
-70.6497
-70.65
-70.6504
-70.6508
-70.6512
-70.6515
-70.6519
-70.6522
-70.6526
-70.6529
-70.6533
-70.6536
-70.6539
-70.6542
-70.6545
-70.6549
-70.6552
-70.6555
-70.6558
-70.656
-70.6563
-70.6566
-70.6569
-70.6572
-70.6574
-70.6577
-70.658
-70.6582
-70.6585
-70.6587
-70.6589
-70.6592
-70.6594
-70.6597
-70.6599
-70.6601
-70.6603
-70.6605
-70.6607
-70.661
-70.6612
-70.6614
-70.6616
-70.6617
-70.6619
-70.6621
-70.6623
-70.6625
-70.6627
-70.6628
-70.663
-70.6632
-70.6633
-70.6635
-70.6637
-70.6638
-70.664
-70.6641
-70.6643
-70.6644
-70.6646
-70.6647
-70.6648
-70.665
-70.6651
-70.6652
-70.6653
-70.6655
-70.6656
-70.6657
-70.6658
-70.6659
-70.666
-70.6662
-70.6663
-70.6664
-70.6665
-70.6666
-70.6667
-70.6668
-70.6669
-70.667
-70.667
-70.6671
-70.6672
-70.6673
-70.6674
-70.6675
-70.6675
-70.6676
-70.6677
-70.6678
-70.6678
-70.6679
-70.668
-70.668
-70.6681
-70.6682
-70.6682
-70.6683
-70.6683
-70.6684
-70.6685
-70.6685
-70.6686
-70.6686
-70.6687
-70.6687
-70.6688
-70.6688
-70.6688
-70.6689
-70.6689
-70.669
-70.669
-70.669
-70.6691
-70.6691
-70.6691
-70.6692
-70.6692
-70.6692
-70.6693
-70.6693
-70.6693
-70.6694
-70.6694
-70.6694
-70.6694
-70.6694
-70.6695
-70.6695
-70.6695
-70.6695
-70.6695
-70.6696
-70.6696
-70.6696
-70.6696
-70.6696
-70.6696
-70.6696
-70.6697
-70.6697
-70.6697
-70.6697
-70.6697
-70.6697
-70.6697
-70.6697
-70.6697
-70.6697
-70.6697
-70.6697
-70.6697
-70.6697
-70.6697
-70.6697
-70.6697
-70.6697
-70.6697
-70.6697
-70.6697
-70.6697
-70.6697
-70.6697
-70.6697
-70.6697
-70.6697
-70.6697
-70.6697
-70.6697
-70.6697
-70.6697
-70.6697
-70.6697
-70.6697
-70.6696
-70.6696
-70.6696
-70.6696
-70.6696
-70.6696
-70.6696
-70.6696
-70.6696
-70.6695
-70.6695
-70.6695
-70.6695
-70.6695
-70.6695
-70.6695
-70.6695
-70.6694
-70.6694
-70.6694
-70.6694
-70.6694
-70.6694
-70.6693
-70.6693
-70.6693
-70.6693
-70.6693
-70.6693
-70.6693
-70.6692
-70.6692
-70.6692
-70.6692
-70.6692
-70.6691
-70.6691
-70.6691
-70.6691
-70.6691
-70.6691
-70.669
-70.669
-70.669
-70.669
-70.669
-70.6689
-70.6689
-70.6689
-70.6689
-70.6689
-70.6688
-70.6688
-70.6688
-70.6688
-70.6688
-70.6687
-70.6687
-70.6687
-70.6687
-70.6686
-70.6686
-70.6686
-70.6686
-70.6686
-70.6685
-70.6685
-70.6685
-70.6685
-70.6685
-70.6684
-70.6684
-68.2709
-54.7768
-51.3791
-49.6031
-47.6271
-42.309
9.48882
-28.5847
-60.3155
-68.8028
-67.9244
-66.8726
-65.7957
-64.713
-63.6424
-62.6007
-61.603
-60.6631
-59.8074
-59.0754
-58.4379
-57.8671
-57.3628
-56.4482
-55.7887
-55.3338
-54.9675
-54.6696
-54.4285
-54.2326
-54.0731
-53.9427
-53.8369
-53.7522
-53.6849
-53.6323
-53.592
-53.5619
-53.5408
-53.5276
-53.5121
-53.4844
-53.4579
-53.423
-53.4018
-53.3926
-53.3894
-53.3876
-53.3869
-53.3858
-53.3824
-53.3804
-53.3804
-53.3815
-53.3825
-53.3837
-53.3837
-53.3837
-53.3845
-53.3853
-53.3865
-53.3875
-53.3886
-53.3889
-53.3888
-53.3893
-53.3903
-53.3917
-53.3933
-53.3948
-53.3949
-53.3949
-53.394
-53.3934
-53.3936
-53.3944
-53.3954
-53.3966
-53.3979
-53.3993
-53.4007
-53.4015
-53.4018
-53.4003
-53.3986
-53.3979
-53.3981
-53.3986
-53.3989
-53.3991
-53.3995
-53.4002
-53.4011
-53.402
-53.4029
-53.4038
-53.4047
-53.4054
-53.4057
-53.4037
-53.3999
-53.397
-53.3955
-53.3946
-53.3936
-53.392
-53.3885
-53.3777
-53.2854
-53.2172
-53.2337
-53.264
-53.29
-53.309
-53.322
-53.3308
-53.3371
-53.3422
-53.347
-53.3522
-53.3583
-53.3659
-53.3757
-53.3884
-53.4044
-53.4218
-53.4271
-53.4227
-53.4175
-53.4153
-53.4153
-53.4165
-53.4185
-53.4189
-53.4192
-53.4205
-53.4226
-53.4255
-53.4289
-53.4329
-53.4375
-53.4426
-53.4483
-53.4547
-53.4616
-53.4693
-53.4777
-53.4869
-53.4969
-53.5079
-53.5199
-53.5331
-53.5475
-53.5631
-53.5803
-53.5989
-53.6193
-53.6416
-53.6658
-53.6923
-53.7212
-53.5905
-53.4963
-53.4474
-53.4062
-53.3891
-53.3871
-53.391
-53.3968
-53.4031
-53.4094
-53.4154
-53.4213
-53.4271
-53.4329
-53.4387
-53.4447
-53.4509
-53.4573
-53.4642
-53.4714
-53.4792
-53.4876
-53.4966
-53.5064
-53.5169
-53.5284
-53.5409
-53.5545
-53.5693
-53.5853
-53.6028
-53.6219
-53.6426
-53.6651
-53.6896
-53.7164
-53.7456
-53.7775
-53.8121
-53.8498
-53.8908
-53.9351
-53.6689
-53.46
-53.4026
-53.3839
-53.3732
-53.3685
-53.3664
-53.3703
-53.3767
-53.3834
-53.3899
-53.396
-53.4015
-53.4066
-53.4115
-53.4161
-53.4207
-53.4252
-53.4298
-53.4345
-53.4394
-53.4445
-53.4499
-53.4557
-53.4619
-53.4686
-53.4759
-53.4837
-53.4922
-53.5015
-53.5115
-53.5224
-53.5343
-53.5472
-53.5608
-53.5743
-53.5884
-53.6031
-53.6187
-53.6352
-53.6521
-53.6693
-53.6866
-53.7036
-53.7199
-53.735
-53.7481
-53.7584
-53.7642
-53.7633
-53.7525
-53.5037
-53.3652
-53.3335
-53.3282
-53.324
-53.3123
-53.1791
-53.0256
-53.0703
-53.2191
-53.3057
-53.3445
-53.3619
-53.3701
-53.3741
-53.3765
-53.3783
-53.3801
-53.3823
-53.3853
-53.3893
-53.3947
-53.4017
-53.41
-53.4196
-53.4302
-53.4419
-53.4548
-53.4694
-53.4854
-53.5027
-53.5215
-53.5419
-53.5641
-53.5885
-53.6152
-53.6445
-53.6766
-53.7119
-53.7506
-53.7931
-53.8397
-53.8906
-53.9462
-53.791
-53.4852
-53.4
-53.3849
-53.3907
-53.4025
-53.4158
-53.4291
-53.4422
-53.4551
-53.4679
-53.4596
-53.4476
-53.444
-53.4357
-53.429
-53.4278
-53.43
-53.4341
-53.4392
-53.445
-53.4515
-53.4589
-53.4672
-53.4776
-53.4892
-53.5024
-53.5164
-53.5308
-53.5454
-53.5607
-53.5781
-53.5999
-53.6282
-53.6622
-53.698
-53.734
-53.7708
-53.8089
-53.8493
-53.8927
-53.9408
-53.9965
-54.0654
-54.1448
-54.2296
-54.3169
-54.4075
-54.5032
-54.6055
-54.7146
-54.834
-54.9683
-55.1245
-55.3044
-55.4995
-55.7003
-55.9082
-56.1249
-56.3539
-56.5942
-56.8483
-57.1233
-57.431
-57.7798
-58.1635
-58.5574
-58.9536
-59.3527
-59.7581
-60.1718
-60.5913
-61.0239
-61.4804
-61.9747
-62.515
-63.0749
-63.6225
-64.1477
-64.6533
-65.1415
-65.6178
-66.0786
-66.534
-66.9911
-67.4652
-67.9636
-68.4522
-68.9099
-69.3287
-69.711
-70.0612
-70.3868
-70.6896
-70.9755
-71.2507
-71.5232
-71.8051
-72.0769
-72.324
-72.5454
-72.7382
-72.9075
-73.0577
-73.1936
-73.3178
-73.4333
-73.5445
-73.6593
-73.7761
-73.8824
-73.9764
-74.0579
-74.1257
-74.1823
-74.2311
-74.2742
-74.3128
-74.3494
-74.3863
-74.4279
-74.4716
-74.5105
-74.544
-74.5718
-74.5937
-74.6093
-74.6216
-74.6312
-74.6393
-74.6478
-74.6579
-74.6714
-74.6893
-74.7053
-74.7186
-74.7295
-74.7366
-74.7408
-74.7414
-74.7408
-74.7388
-74.7374
-74.7382
-74.7414
-74.7483
-74.7575
-74.7646
-74.77
-74.7745
-74.7757
-74.7749
-74.7723
-74.7676
-74.7635
-74.7592
-74.7579
-74.759
-74.7626
-74.7689
-74.7739
-74.7766
-74.7794
-74.78
-74.778
-74.7751
-74.7705
-74.7657
-74.761
-74.7571
-74.7568
-74.7585
-74.7625
-74.7672
-74.7708
-74.7728
-74.7737
-74.7734
-74.771
-74.7666
-74.7622
-74.7582
-74.7536
-74.7498
-74.7492
-74.7502
-74.7535
-74.7578
-74.7625
-74.7646
-74.7645
-74.7644
-74.7624
-74.7587
-74.7538
-74.7491
-74.7457
-74.7426
-74.7394
-74.7398
-74.7404
-74.7434
-74.7488
-74.7538
-74.7555
-74.7551
-74.7549
-74.7521
-74.7477
-74.7432
-74.738
-74.7336
-74.7319
-74.7293
-74.7285
-74.7291
-74.7304
-74.734
-74.7399
-74.7443
-74.7456
-74.7448
-74.744
-74.7409
-74.735
-74.7291
-74.7253
-74.7204
-74.7179
-74.7162
-74.7159
-74.7169
-74.7187
-74.7203
-74.7241
-74.7298
-74.7336
-74.7345
-74.734
-74.7323
-74.7277
-74.7212
-74.7144
-74.7094
-74.7056
-74.7032
-74.7005
-74.7014
-74.7039
-74.7055
-74.7067
-74.7095
-74.714
-74.7183
-74.7206
-74.7222
-74.7217
-74.7179
-74.7128
-74.7069
-74.7004
-74.6929
-74.6886
-74.6866
-74.685
-74.6859
-74.6867
-74.6892
-74.6926
-74.6934
-74.6965
-74.7023
-74.7063
-74.7063
-74.7047
-74.7042
-74.7019
-74.6979
-74.6924
-74.6858
-74.6791
-74.6728
-74.6689
-74.6663
-74.6663
-74.6682
-74.669
-74.6714
-74.6751
-74.6787
-74.6822
-74.6867
-74.6906
-74.6909
-74.6864
-74.6812
-74.6807
-74.6804
-74.6776
-74.6717
-74.6662
-74.6612
-74.6556
-74.6498
-74.6467
-74.6453
-74.6456
-74.6463
-74.6489
-74.6545
-74.659
-74.6637
-74.6683
-74.6712
-74.6706
-74.6669
-74.6623
-74.6592
-74.6568
-74.6554
-74.6527
-74.6508
-74.6484
-74.6422
-74.6367
-74.6328
-74.6283
-74.6256
-74.6219
-74.6199
-74.6169
-74.6202
-74.6287
-74.6382
-74.6448
-74.6461
-74.6451
-74.6441
-74.6433
-74.6402
-74.6354
-74.6318
-74.6289
-74.6287
-74.6276
-74.6235
-74.6204
-74.6168
-74.6121
-74.6075
-74.6046
-74.6025
-74.6002
-74.5946
-74.5903
-74.5894
-74.591
-74.5971
-74.6064
-74.6129
-74.6171
-74.6163
-74.6136
-74.6116
-74.6089
-74.6071
-74.605
-74.6038
-74.6012
-74.5972
-74.5943
-74.5908
-74.5892
-74.5873
-74.5839
-74.5789
-74.5754
-74.5687
-74.5614
-74.5592
-74.5586
-74.5569
-74.5572
-74.5624
-74.5665
-74.5684
-74.5695
-74.5718
-74.5734
-74.5749
-74.573
-74.5679
-74.5648
-74.5672
-74.5703
-74.5717
-74.569
-74.5621
-74.5564
-74.5525
-74.5491
-74.5493
-74.5506
-74.5492
-74.5442
-74.5363
-74.5324
-74.5273
-74.5205
-74.5144
-74.5087
-74.5025
-74.499
-74.5013
-74.5103
-74.5216
-74.5267
-74.5275
-74.5267
-74.5242
-74.5224
-74.5209
-74.5205
-74.519
-74.5163
-74.5125
-74.509
-74.5091
-74.5096
-74.5099
-74.5107
-74.5097
-74.5054
-74.5003
-74.4947
-74.4945
-74.4945
-74.4924
-74.4925
-74.4897
-74.48
-74.4704
-74.4666
-74.4612
-74.4534
-74.4473
-74.4478
-74.4488
-74.4456
-74.442
-74.4383
-74.4337
-74.4341
-74.4372
-74.4388
-74.445
-74.4528
-74.4554
-74.4569
-74.4595
-74.4579
-74.4528
-74.452
-74.4508
-74.446
-74.4394
-74.4333
-74.4286
-74.4251
-74.4199
-74.4159
-74.4172
-74.4192
-74.4181
-74.4173
-74.4206
-74.4227
-74.4193
-74.4138
-74.4107
-74.4054
-74.3981
-74.3935
-74.3893
-74.3837
-74.3742
-74.3635
-74.3612
-74.3654
-74.3673
-74.3678
-74.3659
-74.3609
-74.3551
-74.3474
-74.3375
-74.3267
-74.3151
-74.3072
-74.3022
-74.2989
-74.2976
-74.3041
-74.3152
-74.3237
-74.3333
-74.3435
-74.3497
-74.3514
-74.3503
-74.3447
-74.3385
-74.3345
-74.3333
-74.3318
-74.3246
-74.3136
-74.3021
-74.2948
-74.2967
-74.3036
-74.3044
-74.2981
-74.2894
-74.2807
-74.2779
-74.2786
-74.2762
-74.2693
-74.2618
-74.2541
-74.2479
-74.2433
-74.2366
-74.2348
-74.2446
-74.2556
-74.2631
-74.2698
-74.2759
-74.2776
-74.274
-74.2667
-74.2551
-74.2406
-74.2236
-74.2085
-74.195
-74.1932
-74.1908
-74.1819
-74.1696
-74.1577
-74.1459
-74.1333
-74.1223
-74.1142
-74.1156
-74.1204
-74.1243
-74.1223
-74.117
-74.1074
-74.0934
-74.0799
-74.0698
-74.0759
-74.0913
-74.1055
-74.1142
-74.1138
-74.1196
-74.1281
-74.1303
-74.1314
-74.1327
-74.1375
-74.1364
-74.1382
-74.1422
-74.1466
-74.147
-74.1458
-74.1418
-74.1343
-74.1284
-74.1212
-74.108
-74.0967
-74.0878
-74.0792
-74.074
-74.0651
-74.0574
-74.0535
-74.0583
-74.0638
-74.0613
-74.0513
-74.0453
-74.0421
-74.0345
-74.0248
-74.0161
-74.0068
-73.9952
-73.9909
-73.9945
-73.9967
-73.9904
-73.9793
-73.9691
-73.9704
-73.9697
-73.9683
-73.9686
-73.9687
-73.9659
-73.9566
-73.953
-73.955
-73.9571
-73.9648
-73.9722
-73.9839
-73.9984
-74.0066
-74.0119
-74.0113
-74.0065
-73.9956
-73.9811
-73.9658
-73.9486
-73.9372
-73.9305
-73.9244
-73.9129
-73.9053
-73.8959
-73.8807
-73.8607
-73.8423
-73.8278
-73.8119
-73.7919
-73.7681
-73.7416
-73.7131
-73.6835
-73.6587
-73.6357
-73.6139
-73.5954
-73.5745
-73.5505
-73.5318
-73.5243
-73.5205
-73.5113
-73.4967
-73.4846
-73.4706
-73.4522
-73.4317
-73.4203
-73.4224
-73.4238
-73.4318
-73.4356
-73.4327
-73.4351
-73.437
-73.4368
-73.4343
-73.4291
-73.431
-73.4307
-73.423
-73.409
-73.3921
-73.3799
-73.3728
-73.3657
-73.3544
-73.3464
-73.3412
-73.3428
-73.344
-73.3381
-73.3315
-73.3431
-73.3761
-73.4159
-73.4517
-73.4787
-73.4911
-73.4929
-73.4932
-73.4881
-73.4768
-73.4606
-73.4408
-73.4207
-73.4062
-73.3906
-73.3714
-73.3493
-73.325
-73.2992
-73.2723
-73.2446
-73.2164
-73.1877
-73.1588
-73.1334
-73.1169
-73.1
-73.0802
-73.0578
-73.0336
-73.0102
-73.005
-73.0055
-73.0004
-72.989
-72.9729
-72.9537
-72.9323
-72.9094
-72.8854
-72.8608
-72.8357
-72.8102
-72.7845
-72.7587
-72.7329
-72.7079
-72.6948
-72.6854
-72.673
-72.6571
-72.6386
-72.6184
-72.597
-72.5749
-72.5523
-72.5294
-72.5063
-72.4831
-72.46
-72.4368
-72.4138
-72.3909
-72.3681
-72.3455
-72.323
-72.3007
-72.2787
-72.2568
-72.2351
-72.2137
-72.1925
-72.1715
-72.1507
-72.1301
-72.1097
-72.0896
-72.0697
-72.05
-72.0306
-72.0113
-71.9923
-71.9735
-71.9549
-71.9366
-71.9184
-71.9004
-71.8827
-71.8652
-71.8479
-71.8307
-71.8138
-71.7971
-71.7806
-71.7643
-71.7482
-71.7322
-71.7165
-71.701
-71.6856
-71.6704
-71.6554
-71.6406
-71.626
-71.6116
-71.5973
-71.5832
-71.5693
-71.5555
-71.542
-71.5285
-71.5153
-71.5022
-71.4893
-71.4765
-71.4639
-71.4515
-71.4392
-71.427
-71.4151
-71.4032
-71.3915
-71.38
-71.3686
-71.3574
-71.3463
-71.3353
-71.3245
-71.3138
-71.3033
-71.2929
-71.2826
-71.2725
-71.2625
-71.2526
-71.2428
-71.2332
-71.2237
-71.2144
-71.2051
-71.196
-71.187
-71.1781
-71.1693
-71.1607
-71.1521
-71.1437
-71.1354
-71.1272
-71.1191
-71.1111
-71.1032
-71.0954
-71.0878
-71.0802
-71.0727
-71.0654
-71.0581
-71.0509
-71.0438
-71.0368
-71.03
-71.0232
-71.0165
-71.0099
-71.0033
-70.9969
-70.9906
-70.9843
-70.9782
-70.9721
-70.9661
-70.9602
-70.9543
-70.9486
-70.9429
-70.9373
-70.9318
-70.9264
-70.921
-70.9157
-70.9105
-70.9054
-70.9003
-70.8953
-70.8904
-70.8855
-70.8808
-70.8761
-70.8714
-70.8668
-70.8623
-70.8579
-70.8535
-70.8492
-70.8449
-70.8408
-70.8366
-70.8326
-70.8286
-70.8246
-70.8207
-70.8169
-70.8131
-70.8094
-70.8057
-70.8021
-70.7986
-70.7951
-70.7916
-70.7882
-70.7849
-70.7816
-70.7784
-70.7752
-70.772
-70.769
-70.7659
-70.7629
-70.76
-70.7571
-70.7542
-70.7514
-70.7486
-70.7459
-70.7432
-70.7406
-70.738
-70.7355
-70.7329
-70.7305
-70.728
-70.7257
-70.7233
-70.721
-70.7187
-70.7165
-70.7143
-70.7121
-70.71
-70.7079
-70.7058
-70.7038
-70.7018
-70.6999
-70.698
-70.6961
-70.6942
-70.6924
-70.6906
-70.6889
-70.6871
-70.6855
-70.6838
-70.6822
-70.6805
-70.679
-70.6774
-70.6759
-70.6744
-70.6729
-70.6715
-70.6701
-70.6687
-70.6673
-70.666
-70.6647
-70.6634
-70.6622
-70.6609
-70.6597
-70.6585
-70.6574
-70.6562
-70.6551
-70.654
-70.6529
-70.6519
-70.6509
-70.6498
-70.6489
-70.6479
-70.6469
-70.646
-70.6451
-70.6442
-70.6433
-70.6425
-70.6416
-70.6408
-70.64
-70.6393
-70.6385
-70.6377
-70.637
-70.6363
-70.6356
-70.6349
-70.6343
-70.6336
-70.633
-70.6324
-70.6318
-70.6312
-70.6306
-70.6301
-70.6295
-70.629
-70.6285
-70.628
-70.6275
-70.627
-70.6265
-70.6261
-70.6257
-70.6252
-70.6248
-70.6244
-70.624
-70.6237
-70.6233
-70.6229
-70.6226
-70.6223
-70.6219
-70.6216
-70.6213
-70.621
-70.6208
-70.6205
-70.6202
-70.62
-70.6197
-70.6195
-70.6193
-70.6191
-70.6189
-70.6187
-70.6185
-70.6183
-70.6181
-70.618
-70.6178
-70.6176
-70.6175
-70.6174
-70.6172
-70.6171
-70.617
-70.6169
-70.6168
-70.6167
-70.6166
-70.6166
-70.6165
-70.6164
-70.6164
-70.6163
-70.6163
-70.6162
-70.6162
-70.6162
-70.6161
-70.6161
-70.6161
-70.6161
-70.6161
-70.6161
-70.6161
-70.6161
-70.6162
-70.6162
-70.6162
-70.6162
-70.6163
-70.6163
-70.6164
-70.6164
-70.6165
-70.6165
-70.6166
-70.6166
-70.6167
-70.6168
-70.6168
-70.6169
-70.617
-70.6171
-70.6172
-70.6173
-70.6174
-70.6175
-70.6176
-70.6177
-70.6178
-70.6179
-70.618
-70.6181
-70.6182
-70.6184
-70.6185
-70.6186
-70.6187
-70.6189
-70.619
-70.6191
-70.6193
-70.6194
-70.6196
-70.6197
-70.6198
-70.62
-70.6201
-70.6203
-70.6204
-70.6206
-70.6207
-70.6209
-70.6211
-70.6212
-70.6214
-70.6215
-70.6217
-70.6219
-70.622
-70.6222
-70.6224
-70.6225
-70.6227
-70.6229
-70.6231
-70.6232
-70.6234
-70.6236
-70.6238
-70.6239
-70.6241
-70.6243
-70.6245
-70.6247
-70.6248
-70.625
-70.6252
-70.6254
-70.6256
-70.6258
-70.626
-70.6261
-70.6263
-70.6265
-70.6267
-70.6269
-70.6271
-70.6273
-70.6274
-70.6276
-70.6278
-70.628
-70.6282
-70.6284
-70.6286
-70.6288
-70.629
-70.6292
-70.6293
-70.6295
-70.6297
-70.6299
-70.6301
-70.6303
-70.6305
-70.6307
-70.6309
-70.6311
-70.6312
-70.6314
-70.6316
-70.6318
-70.632
-70.6322
-70.6324
-70.6326
-70.6327
-70.6329
-70.6331
-70.6333
-70.6335
-70.6337
-70.6339
-70.6341
-70.6342
-70.6344
-70.6346
-70.6348
-70.635
-70.6352
-70.6353
-70.6355
-70.6357
-70.6359
-70.6361
-70.6362
-70.6364
-70.6366
-70.6368
-70.637
-70.6371
-70.6373
-70.6375
-70.6377
-70.6378
-70.638
-70.6382
-70.6384
-70.6385
-70.6387
-70.6389
-70.6391
-70.6392
-70.6394
-70.6396
-70.6397
-70.6399
-70.6401
-70.6402
-70.6404
-70.6406
-70.6407
-70.6409
-70.6411
-70.6412
-70.6414
-70.6415
-70.6417
-70.6419
-70.642
-70.6422
-70.6423
-70.6425
-70.6426
-70.6428
-70.643
-70.6431
-70.6433
-70.6434
-70.6436
-70.6437
-70.6439
-70.644
-70.6442
-70.6443
-70.6445
-70.6446
-70.6448
-70.6449
-70.6451

