-70
-70.1661
-70.23
-70.2566
-70.2695
-70.2773
-70.283
-70.2879
-70.2925
-70.297
-70.3014
-70.3057
-70.31
-70.3142
-70.3185
-70.3226
-70.3268
-70.3309
-70.335
-70.3391
-70.3431
-70.3471
-70.351
-70.3549
-70.3588
-70.3626
-70.3664
-70.3701
-70.3738
-70.3775
-70.3811
-70.3847
-70.3883
-70.3918
-70.3953
-70.3987
-70.4021
-70.4055
-70.4088
-70.4121
-70.4154
-70.4186
-70.4218
-70.4249
-70.428
-70.4311
-70.4341
-70.4372
-70.4401
-70.4431
-70.446
-70.4489
-70.4517
-70.4545
-70.4573
-70.4601
-70.4628
-70.4655
-70.4682
-70.4708
-70.4734
-70.476
-70.4785
-70.481
-70.4835
-70.486
-70.4884
-70.4908
-70.4932
-70.4955
-70.4978
-70.5001
-70.5024
-70.5046
-70.5068
-70.509
-70.5112
-70.5133
-70.5154
-70.5175
-70.5196
-70.5216
-70.5236
-70.5256
-70.5276
-70.5295
-70.5315
-70.5334
-70.5352
-70.5371
-70.5389
-70.5407
-70.5425
-70.5443
-70.5461
-70.5478
-70.5495
-70.5512
-70.5528
-70.5545
-70.5561
-70.5577
-70.5593
-70.5609
-70.5624
-70.5639
-70.5655
-70.5669
-70.5684
-70.5699
-70.5713
-70.5727
-70.5741
-70.5755
-70.5769
-70.5782
-70.5796
-70.5809
-70.5822
-70.5835
-70.5848
-70.586
-70.5873
-70.5885
-70.5897
-70.5909
-70.5921
-70.5932
-70.5944
-70.5955
-70.5966
-70.5977
-70.5988
-70.5999
-70.601
-70.602
-70.603
-70.6041
-70.6051
-70.6061
-70.6071
-70.608
-70.609
-70.6099
-70.6109
-70.6118
-70.6127
-70.6136
-70.6145
-70.6154
-70.6162
-70.6171
-70.6179
-70.6187
-70.6196
-70.6204
-70.6212
-70.622
-70.6227
-70.6235
-70.6242
-70.625
-70.6257
-70.6265
-70.6272
-70.6279
-70.6286
-70.6293
-70.6299
-70.6306
-70.6313
-70.6319
-70.6325
-70.6332
-70.6338
-70.6344
-70.635
-70.6356
-70.6362
-70.6368
-70.6374
-70.6379
-70.6385
-70.639
-70.6396
-70.6401
-70.6406
-70.6411
-70.6417
-70.6422
-70.6427
-70.6431
-70.6436
-70.6441
-70.6446
-70.645
-70.6455
-70.6459
-70.6464
-70.6468
-70.6472
-70.6476
-70.6481
-70.6485
-70.6489
-70.6493
-70.6497
-70.65
-70.6504
-70.6508
-70.6512
-70.6515
-70.6519
-70.6522
-70.6526
-70.6529
-70.6533
-70.6536
-70.6539
-70.6542
-70.6545
-70.6549
-70.6552
-70.6555
-70.6558
-70.656
-70.6563
-70.6566
-70.6569
-70.6572
-70.6574
-70.6577
-70.658
-70.6582
-70.6585
-70.6587
-70.6589
-70.6592
-70.6594
-70.6597
-70.6599
-70.6601
-70.6603
-70.6605
-70.6607
-70.661
-70.6612
-70.6614
-70.6616
-70.6617
-70.6619
-70.6621
-70.6623
-70.6625
-70.6627
-70.6628
-70.663
-70.6632
-70.6633
-70.6635
-70.6637
-70.6638
-70.664
-70.6641
-70.6643
-70.6644
-70.6646
-70.6647
-70.6648
-70.665
-70.6651
-70.6652
-70.6653
-70.6655
-70.6656
-70.6657
-70.6658
-70.6659
-70.666
-70.6662
-70.6663
-70.6664
-70.6665
-70.6666
-70.6667
-70.6668
-70.6669
-70.667
-70.667
-70.6671
-70.6672
-70.6673
-70.6674
-70.6675
-70.6675
-70.6676
-70.6677
-70.6678
-70.6678
-70.6679
-70.668
-70.668
-70.6681
-70.6682
-70.6682
-70.6683
-70.6683
-70.6684
-70.6685
-70.6685
-70.6686
-70.6686
-70.6687
-70.6687
-70.6688
-70.6688
-70.6688
-70.6689
-70.6689
-70.669
-70.669
-70.669
-70.6691
-70.6691
-70.6691
-70.6692
-70.6692
-70.6692
-70.6693
-70.6693
-70.6693
-70.6694
-70.6694
-70.6694
-70.6694
-70.6694
-70.6695
-70.6695
-70.6695
-70.6695
-70.6695
-70.6696
-70.6696
-70.6696
-70.6696
-70.6696
-70.6696
-70.6696
-70.6697
-70.6697
-70.6697
-70.6697
-70.6697
-70.6697
-70.6697
-70.6697
-70.6697
-70.6697
-70.6697
-70.6697
-70.6697
-70.6697
-70.6697
-70.6697
-70.6697
-70.6697
-70.6697
-70.6697
-70.6697
-70.6697
-70.6697
-70.6697
-70.6697
-70.6697
-70.6697
-70.6697
-70.6697
-70.6697
-70.6697
-70.6697
-70.6697
-70.6697
-70.6697
-70.6696
-70.6696
-70.6696
-70.6696
-70.6696
-70.6696
-70.6696
-70.6696
-70.6696
-70.6695
-70.6695
-70.6695
-70.6695
-70.6695
-70.6695
-70.6695
-70.6695
-70.6694
-70.6694
-70.6694
-70.6694
-70.6694
-70.6694
-70.6693
-70.6693
-70.6693
-70.6693
-70.6693
-70.6693
-70.6693
-70.6692
-70.6692
-70.6692
-70.6692
-70.6692
-70.6691
-70.6691
-70.6691
-70.6691
-70.6691
-70.6691
-70.669
-70.669
-70.669
-70.669
-70.669
-70.6689
-70.6689
-70.6689
-70.6689
-70.6689
-70.6688
-70.6688
-70.6688
-70.6688
-70.6688
-70.6687
-70.6687
-70.6687
-70.6687
-70.6686
-70.6686
-70.6686
-70.6686
-70.6686
-70.6685
-70.6685
-70.6685
-70.6685
-70.6685
-70.6684
-70.6684
-70.6684
-70.6684
-70.6684
-70.6683
-70.6683
-70.6683
-70.6683
-70.6682
-70.6682
-70.6682
-70.6682
-70.6682
-70.6681
-70.6681
-70.6681
-70.6681
-70.6681
-70.6736
-70.9353
-71.7352
-72.7175
-73.4898
-56.9308
-52.0509
-50.0807
-48.2356
-44.4236
3.56281
-23.4031
-52.0576
-68.9214
-68.2698
-67.2405
-66.1797
-65.1097
-64.0483
-63.013
-62.0202
-61.0851
-60.2013
-59.1424
-58.2925
-57.5757
-56.9534
-56.4118
-55.9439
-55.52
-55.1375
-54.8236
-54.5662
-54.356
-54.1854
-54.0448
-53.909
-53.8003
-53.7173
-53.6543
-53.6067
-53.5712
-53.5453
-53.5099
-53.4801
-53.461
-53.4495
-53.4433
-53.4407
-53.4408
-53.4429
-53.4414
-53.4259
-53.4167
-53.4136
-53.4142
-53.417
-53.4211
-53.4261
-53.4318
-53.4379
-53.4446
-53.4447
-53.4268
-53.4171
-53.4142
-53.415
-53.4178
-53.4216
-53.4261
-53.431
-53.4361
-53.4415
-53.4471
-53.4529
-53.4589
-53.4651
-53.4714
-53.4759
-53.4397
-53.4179
-53.4094
-53.4068
-53.4064
-53.4066
-53.4063
-53.4049
-53.4014
-53.3942
-53.3796
-53.3444
-53.1662
-52.3644
-52.2619
-52.4392
-52.6354
-52.7896
-52.8978
-52.9703
-53.0198
-53.0566
-53.0881
-53.1193
-53.1541
-53.2259
-53.3998
-53.4562
-53.4703
-53.4734
-53.4754
-53.479
-53.485
-53.4937
-53.5053
-53.5201
-53.5378
-53.5579
-53.5805
-53.6059
-53.6343
-53.6659
-53.7009
-53.7398
-53.7827
-53.83
-53.882
-53.9391
-54.0016
-54.0697
-54.1439
-54.2245
-54.3116
-54.4058
-54.5076
-54.6176
-54.7362
-54.8641
-55.0021
-55.1507
-55.3103
-54.0078
-53.4015
-53.2695
-53.2685
-53.3024
-53.3432
-53.3829
-53.4197
-53.4536
-53.4852
-53.5151
-53.5439
-53.5722
-53.6005
-53.6292
-53.6587
-53.6893
-53.7215
-53.7557
-53.7921
-53.8312
-53.8731
-53.9187
-53.97
-54.0251
-54.0837
-54.1463
-54.2134
-54.2852
-54.3621
-54.4447
-54.5335
-54.6336
-54.7473
-54.8681
-54.9941
-55.1265
-55.2663
-55.414
-55.5697
-55.7338
-55.9065
-54.5733
-53.3769
-53.1259
-53.1145
-53.1624
-53.2199
-53.2737
-53.3211
-53.3624
-53.3987
-53.4311
-53.4619
-53.4915
-53.5197
-53.5466
-53.5727
-53.5988
-53.6253
-53.6526
-53.6812
-53.7113
-53.7449
-53.785
-53.8284
-53.8753
-53.9244
-53.9757
-54.03
-54.088
-54.1501
-54.2166
-54.2878
-54.3694
-54.4668
-54.571
-54.6823
-54.8002
-54.9218
-55.0483
-55.1809
-55.3204
-55.467
-55.6207
-55.7941
-55.9956
-56.2129
-56.4309
-56.6615
-56.8975
-57.1323
-57.3678
-55.0773
-53.2462
-52.8861
-52.8794
-52.9602
-53.0534
-53.1382
-53.2098
-53.2701
-53.3212
-53.3649
-53.4029
-53.4366
-53.4673
-53.4957
-53.5236
-53.5527
-53.582
-53.6121
-53.6423
-53.6732
-53.7073
-53.7432
-53.7809
-53.8207
-53.8632
-53.9088
-53.96
-54.0216
-54.0872
-54.1595
-54.2361
-54.3154
-54.4004
-54.4961
-54.597
-54.7024
-54.8139
-54.944
-55.0891
-55.2452
-55.1742
-53.6139
-53.2383
-53.1819
-53.2068
-53.2491
-53.2915
-53.3298
-53.3642
-53.3949
-53.4227
-53.4484
-53.4721
-53.4952
-53.5178
-53.5401
-53.5623
-53.585
-53.6089
-53.6354
-53.6639
-53.6954
-53.7297
-53.7675
-53.8076
-53.8525
-53.9004
-53.951
-54.0049
-54.0679
-54.1482
-54.2935
-54.5102
-54.7234
-54.9227
-55.1035
-55.2763
-55.4487
-55.6416
-55.923
-56.3209
-56.7507
-57.219
-57.6497
-58.0355
-58.3967
-58.7523
-59.1198
-59.5247
-60.0076
-60.5638
-61.1396
-61.7184
-62.2655
-62.7797
-63.2752
-63.7575
-64.2351
-64.722
-65.2295
-65.7702
-66.3167
-66.8561
-67.3696
-67.8428
-68.2827
-68.6939
-69.0831
-69.4556
-69.8194
-70.187
-70.5533
-70.9012
-71.2315
-71.5312
-71.7978
-72.0358
-72.2514
-72.4495
-72.6349
-72.8151
-72.9947
-73.1668
-73.327
-73.4732
-73.6026
-73.7141
-73.8103
-73.8953
-73.972
-74.043
-74.1129
-74.1831
-74.2501
-74.3126
-74.3679
-74.4166
-74.4576
-74.4912
-74.5193
-74.5439
-74.5666
-74.5898
-74.6148
-74.6397
-74.6634
-74.6838
-74.7011
-74.7154
-74.7258
-74.7335
-74.7393
-74.7439
-74.7493
-74.7573
-74.7665
-74.776
-74.7847
-74.791
-74.7961
-74.7995
-74.8012
-74.8021
-74.8012
-74.7998
-74.8006
-74.8033
-74.8071
-74.8108
-74.8143
-74.8161
-74.8163
-74.8161
-74.8158
-74.815
-74.813
-74.8102
-74.8095
-74.8107
-74.8131
-74.815
-74.8168
-74.8174
-74.8159
-74.8139
-74.8132
-74.8126
-74.8107
-74.8082
-74.8066
-74.8065
-74.8081
-74.809
-74.8093
-74.8092
-74.8081
-74.8059
-74.8042
-74.8033
-74.8023
-74.8018
-74.8011
-74.8007
-74.8012
-74.8023
-74.8025
-74.8021
-74.8008
-74.7989
-74.7967
-74.7939
-74.7925
-74.7913
-74.791
-74.7907
-74.7903
-74.7903
-74.792
-74.7927
-74.7923
-74.7915
-74.79
-74.7881
-74.7865
-74.7842
-74.7825
-74.7813
-74.7804
-74.7808
-74.7809
-74.7816
-74.7834
-74.7837
-74.7826
-74.7815
-74.7812
-74.7791
-74.7763
-74.7732
-74.77
-74.7684
-74.7666
-74.7665
-74.7674
-74.7678
-74.7714
-74.7736
-74.7735
-74.7734
-74.7734
-74.7727
-74.7703
-74.7668
-74.7639
-74.7608
-74.7575
-74.7562
-74.7557
-74.7556
-74.7542
-74.7566
-74.7606
-74.7625
-74.7626
-74.7624
-74.7612
-74.7596
-74.7565
-74.7526
-74.7496
-74.7468
-74.7437
-74.7431
-74.7443
-74.7435
-74.7426
-74.7442
-74.7467
-74.7488
-74.7515
-74.7534
-74.7525
-74.7503
-74.7485
-74.7458
-74.7408
-74.7371
-74.7334
-74.7309
-74.7303
-74.7303
-74.7287
-74.7267
-74.7297
-74.7313
-74.7315
-74.7336
-74.7359
-74.7379
-74.7378
-74.7362
-74.7343
-74.7313
-74.727
-74.7228
-74.7202
-74.72
-74.7185
-74.7164
-74.7145
-74.7115
-74.7129
-74.7163
-74.718
-74.7181
-74.7196
-74.7208
-74.7233
-74.7249
-74.7251
-74.7232
-74.7184
-74.7114
-74.706
-74.705
-74.7039
-74.7019
-74.6988
-74.6952
-74.6929
-74.6936
-74.6946
-74.6957
-74.6971
-74.6976
-74.6993
-74.7011
-74.7046
-74.7069
-74.7086
-74.7095
-74.7072
-74.701
-74.6959
-74.6934
-74.6911
-74.6867
-74.6807
-74.6752
-74.67
-74.6704
-74.6761
-74.6772
-74.6754
-74.6751
-74.6782
-74.6838
-74.685
-74.6847
-74.6851
-74.686
-74.6859
-74.6854
-74.6846
-74.6847
-74.6827
-74.6787
-74.6736
-74.668
-74.6614
-74.6537
-74.6458
-74.6427
-74.6424
-74.6445
-74.6457
-74.6457
-74.6478
-74.6515
-74.6565
-74.663
-74.6656
-74.6637
-74.661
-74.6618
-74.6626
-74.6637
-74.6664
-74.6662
-74.6615
-74.6559
-74.6528
-74.6484
-74.6419
-74.6334
-74.6234
-74.6162
-74.6129
-74.6118
-74.61
-74.6095
-74.6137
-74.6197
-74.6233
-74.6269
-74.6306
-74.6335
-74.6338
-74.6338
-74.6334
-74.6325
-74.6333
-74.6363
-74.6378
-74.6367
-74.6346
-74.6313
-74.6273
-74.6221
-74.6169
-74.6103
-74.6041
-74.5958
-74.5871
-74.5801
-74.574
-74.5691
-74.5675
-74.5692
-74.5737
-74.5786
-74.5847
-74.5911
-74.5941
-74.5929
-74.591
-74.5903
-74.591
-74.5904
-74.5937
-74.6017
-74.6068
-74.6062
-74.6018
-74.5987
-74.5948
-74.5924
-74.5898
-74.5867
-74.5809
-74.5744
-74.5652
-74.5535
-74.5441
-74.5385
-74.5368
-74.5335
-74.5281
-74.5244
-74.5202
-74.518
-74.5234
-74.5308
-74.5344
-74.5359
-74.5382
-74.5423
-74.5436
-74.5392
-74.5348
-74.5322
-74.5348
-74.5378
-74.5416
-74.5495
-74.5558
-74.5575
-74.5563
-74.5544
-74.5505
-74.5479
-74.5478
-74.5454
-74.5357
-74.5231
-74.5098
-74.4985
-74.4905
-74.4862
-74.4823
-74.4824
-74.4811
-74.4758
-74.4727
-74.4722
-74.4684
-74.4665
-74.467
-74.4679
-74.4655
-74.4603
-74.4569
-74.4559
-74.4585
-74.4625
-74.4648
-74.4658
-74.4647
-74.4721
-74.479
-74.4805
-74.4782
-74.4743
-74.4725
-74.473
-74.4735
-74.4712
-74.4686
-74.4694
-74.4727
-74.474
-74.4747
-74.4757
-74.4706
-74.4594
-74.4486
-74.4378
-74.4226
-74.4047
-74.3891
-74.3814
-74.3745
-74.3721
-74.376
-74.3854
-74.3924
-74.3941
-74.3933
-74.398
-74.4009
-74.3982
-74.3912
-74.3821
-74.3713
-74.3624
-74.3516
-74.34
-74.3299
-74.3207
-74.3135
-74.3147
-74.3228
-74.337
-74.3533
-74.3668
-74.3703
-74.3698
-74.373
-74.3764
-74.3758
-74.3717
-74.3652
-74.3593
-74.3549
-74.3548
-74.3569
-74.3584
-74.3607
-74.36
-74.3542
-74.3495
-74.3434
-74.3349
-74.329
-74.3207
-74.3105
-74.3053
-74.2996
-74.2942
-74.2857
-74.2779
-74.271
-74.2619
-74.2527
-74.2448
-74.2369
-74.2336
-74.2438
-74.2545
-74.2566
-74.2555
-74.2484
-74.2387
-74.231
-74.2251
-74.2237
-74.2238
-74.2216
-74.2188
-74.2118
-74.2054
-74.2005
-74.1905
-74.1753
-74.1624
-74.1566
-74.153
-74.1458
-74.1343
-74.1258
-74.1164
-74.1043
-74.0935
-74.0934
-74.1139
-74.1428
-74.1684
-74.1861
-74.196
-74.1979
-74.1905
-74.176
-74.1608
-74.1611
-74.1673
-74.1768
-74.1852
-74.1871
-74.1872
-74.1813
-74.1705
-74.159
-74.1495
-74.1466
-74.142
-74.1362
-74.1271
-74.1196
-74.1196
-74.1272
-74.1335
-74.1359
-74.1297
-74.1259
-74.1246
-74.117
-74.1073
-74.0989
-74.0968
-74.1007
-74.104
-74.1035
-74.0953
-74.0828
-74.0702
-74.0555
-74.0362
-74.0169
-73.9963
-73.9751
-73.9586
-73.9503
-73.9442
-73.94
-73.9351
-73.926
-73.9204
-73.9227
-73.9286
-73.9311
-73.9351
-73.9463
-73.9637
-73.9767
-73.9825
-73.9821
-73.9811
-73.9755
-73.9638
-73.9523
-73.9414
-73.9261
-73.9062
-73.8868
-73.8683
-73.8518
-73.8329
-73.8109
-73.7933
-73.7795
-73.765
-73.7508
-73.7367
-73.7243
-73.7131
-73.7005
-73.6882
-73.6727
-73.6602
-73.651
-73.6382
-73.6202
-73.5989
-73.5822
-73.5714
-73.5617
-73.5527
-73.5496
-73.566
-73.5911
-73.6056
-73.6116
-73.6117
-73.6062
-73.6009
-73.5977
-73.5972
-73.5982
-73.5942
-73.5831
-73.5716
-73.5748
-73.583
-73.5848
-73.5777
-73.5657
-73.5553
-73.5417
-73.5237
-73.5133
-73.52
-73.5367
-73.5449
-73.548
-73.5612
-73.5696
-73.5706
-73.5753
-73.5804
-73.5909
-73.6017
-73.6033
-73.6006
-73.5953
-73.584
-73.5675
-73.547
-73.5258
-73.5097
-73.4949
-73.4835
-73.4689
-73.4547
-73.4509
-73.4452
-73.4332
-73.416
-73.3972
-73.3836
-73.3751
-73.3794
-73.3869
-73.3869
-73.3911
-73.397
-73.3974
-73.3977
-73.3923
-73.3805
-73.3637
-73.3434
-73.3206
-73.2961
-73.2703
-73.2435
-73.216
-73.188
-73.1597
-73.131
-73.1022
-73.0733
-73.0443
-73.0154
-72.9865
-72.9577
-72.9366
-72.9223
-72.9064
-72.8874
-72.866
-72.843
-72.8189
-72.794
-72.7688
-72.7433
-72.7177
-72.692
-72.6664
-72.6409
-72.6154
-72.5901
-72.5649
-72.54
-72.5152
-72.4906
-72.4663
-72.4421
-72.4182
-72.3946
-72.3711
-72.348
-72.325
-72.3024
-72.2799
-72.2577
-72.2358
-72.2141
-72.1926
-72.1714
-72.1504
-72.1297
-72.1092
-72.089
-72.0689
-72.0491
-72.0296
-72.0102
-71.9911
-71.9722
-71.9536
-71.9351
-71.9169
-71.8989
-71.8811
-71.8635
-71.8461
-71.829
-71.812
-71.7952
-71.7787
-71.7623
-71.7461
-71.7302
-71.7144
-71.6988
-71.6834
-71.6682
-71.6532
-71.6384
-71.6237
-71.6092
-71.5949
-71.5808
-71.5669
-71.5531
-71.5395
-71.526
-71.5128
-71.4997
-71.4867
-71.4739
-71.4613
-71.4489
-71.4365
-71.4244
-71.4124
-71.4005
-71.3888
-71.3773
-71.3659
-71.3546
-71.3435
-71.3325
-71.3217
-71.311
-71.3005
-71.29
-71.2798
-71.2696
-71.2596
-71.2497
-71.24
-71.2304
-71.2209
-71.2115
-71.2022
-71.1931
-71.1841
-71.1752
-71.1664
-71.1578
-71.1492
-71.1408
-71.1325
-71.1243
-71.1162
-71.1082
-71.1003
-71.0925
-71.0848
-71.0773
-71.0698
-71.0624
-71.0552
-71.048
-71.0409
-71.0339
-71.027
-71.0202
-71.0136
-71.0069
-71.0004
-70.994
-70.9877
-70.9814
-70.9753
-70.9692
-70.9632
-70.9573
-70.9514
-70.9457
-70.94
-70.9344
-70.9289
-70.9235
-70.9182
-70.9129
-70.9077
-70.9025
-70.8975
-70.8925
-70.8876
-70.8827
-70.878
-70.8733
-70.8686
-70.8641
-70.8596
-70.8551
-70.8508
-70.8465
-70.8422
-70.838
-70.8339
-70.8299
-70.8259
-70.8219
-70.818
-70.8142
-70.8105
-70.8067
-70.8031
-70.7995
-70.796
-70.7925
-70.789
-70.7857
-70.7823
-70.779
-70.7758
-70.7726
-70.7695
-70.7664
-70.7634
-70.7604
-70.7575
-70.7546
-70.7517
-70.7489
-70.7462
-70.7435
-70.7408
-70.7382
-70.7356
-70.7331
-70.7306
-70.7281
-70.7257
-70.7233
-70.721
-70.7187
-70.7164
-70.7142
-70.712
-70.7098
-70.7077
-70.7056
-70.7036
-70.7016
-70.6996
-70.6977
-70.6958
-70.6939
-70.6921
-70.6902
-70.6885
-70.6867
-70.685
-70.6833
-70.6817
-70.6801
-70.6785
-70.6769
-70.6754
-70.6738
-70.6724
-70.6709
-70.6695
-70.6681
-70.6667
-70.6654
-70.664
-70.6627
-70.6615
-70.6602
-70.659
-70.6578
-70.6566
-70.6555
-70.6543
-70.6532
-70.6522
-70.6511
-70.65
-70.649
-70.648
-70.647
-70.6461
-70.6452
-70.6442
-70.6433
-70.6425
-70.6416
-70.6408
-70.6399
-70.6391
-70.6383
-70.6376
-70.6368
-70.6361
-70.6354
-70.6347
-70.634
-70.6333
-70.6327
-70.632
-70.6314
-70.6308
-70.6302
-70.6296
-70.6291
-70.6285
-70.628
-70.6275
-70.627
-70.6265
-70.626
-70.6255
-70.6251
-70.6247
-70.6242
-70.6238
-70.6234
-70.623
-70.6226
-70.6223
-70.6219
-70.6216
-70.6212
-70.6209
-70.6206
-70.6203
-70.62
-70.6197
-70.6195
-70.6192
-70.6189
-70.6187
-70.6185
-70.6182
-70.618
-70.6178
-70.6176
-70.6174
-70.6173
-70.6171
-70.6169
-70.6168
-70.6166
-70.6165
-70.6163
-70.6162
-70.6161
-70.616
-70.6159
-70.6158
-70.6157
-70.6156
-70.6156
-70.6155
-70.6154
-70.6154
-70.6153
-70.6153
-70.6152
-70.6152
-70.6152
-70.6152
-70.6151
-70.6151
-70.6151
-70.6151
-70.6151
-70.6151
-70.6152
-70.6152
-70.6152
-70.6152
-70.6153
-70.6153
-70.6153
-70.6154
-70.6154
-70.6155
-70.6156
-70.6156
-70.6157
-70.6158
-70.6158
-70.6159
-70.616
-70.6161
-70.6162
-70.6163
-70.6164
-70.6165
-70.6166
-70.6167
-70.6168
-70.6169
-70.617
-70.6171
-70.6172
-70.6174
-70.6175
-70.6176
-70.6177
-70.6179
-70.618
-70.6181
-70.6183
-70.6184
-70.6186
-70.6187
-70.6189
-70.619
-70.6192
-70.6193
-70.6195
-70.6196
-70.6198
-70.6199
-70.6201
-70.6203
-70.6204
-70.6206
-70.6208
-70.6209
-70.6211
-70.6213
-70.6214
-70.6216
-70.6218
-70.622
-70.6221
-70.6223
-70.6225
-70.6227
-70.6229
-70.623
-70.6232
-70.6234
-70.6236
-70.6238
-70.624
-70.6241
-70.6243
-70.6245
-70.6247
-70.6249
-70.6251
-70.6253
-70.6255
-70.6256
-70.6258
-70.626
-70.6262
-70.6264
-70.6266
-70.6268
-70.627
-70.6272
-70.6274
-70.6276
-70.6278
-70.628
-70.6281
-70.6283
-70.6285
-70.6287
-70.6289
-70.6291
-70.6293
-70.6295
-70.6297
-70.6299
-70.6301
-70.6303
-70.6305
-70.6307
-70.6309
-70.631
-70.6312
-70.6314
-70.6316
-70.6318
-70.632
-70.6322
-70.6324
-70.6326
-70.6328
-70.633
-70.6332
-70.6333
-70.6335
-70.6337
-70.6339
-70.6341
-70.6343
-70.6345
-70.6347
-70.6348
-70.635
-70.6352
-70.6354
-70.6356
-70.6358
-70.6359
-70.6361
-70.6363
-70.6365
-70.6367
-70.6369
-70.637
-70.6372
-70.6374
-70.6376
-70.6377
-70.6379
-70.6381
-70.6383
-70.6384
-70.6386
-70.6388
-70.639
-70.6391
-70.6393
-70.6395
-70.6397
-70.6398
-70.64
-70.6402
-70.6403
-70.6405
-70.6407
-70.6408
-70.641
-70.6412
-70.6413
-70.6415
-70.6416
-70.6418
-70.642
-70.6421
-70.6423
-70.6424
-70.6426
-70.6428
-70.6429
-70.6431
-70.6432
-70.6434
-70.6435
-70.6437

