-70
-70.1661
-70.23
-70.2566
-70.2695
-70.2773
-70.283
-70.2879
-70.2925
-70.297
-70.3014
-70.3057
-70.31
-70.3142
-70.3185
-70.3226
-70.3268
-70.3309
-70.335
-70.3391
-70.3431
-70.3471
-70.351
-70.3549
-70.3588
-70.3626
-70.3664
-70.3701
-70.3738
-70.3775
-70.3811
-70.3847
-70.3883
-70.3918
-70.3953
-70.3987
-70.4021
-70.4055
-70.4088
-70.4121
-70.4154
-70.4186
-70.4218
-70.4249
-70.428
-70.4311
-70.4341
-70.4372
-70.4401
-70.4431
-70.446
-70.4489
-70.4517
-70.4545
-70.4573
-70.4601
-70.4628
-70.4655
-70.4682
-70.4708
-70.4734
-70.476
-70.4785
-70.481
-70.4835
-70.486
-70.4884
-70.4908
-70.4932
-70.4955
-70.4978
-70.5001
-70.5024
-70.5046
-70.5068
-70.509
-70.5112
-70.5133
-70.5154
-70.5175
-70.5196
-70.5216
-70.5236
-70.5256
-70.5276
-70.5295
-70.5315
-70.5334
-70.5352
-70.5371
-70.5389
-70.5407
-70.5425
-70.5443
-70.5461
-70.5478
-70.5495
-70.5512
-70.5528
-70.5545
-70.5561
-70.5577
-70.5593
-70.5609
-70.5624
-70.5639
-70.5655
-70.5669
-70.5684
-70.5699
-70.5713
-70.5727
-70.5741
-70.5755
-70.5769
-70.5782
-70.5796
-70.5809
-70.5822
-70.5835
-70.5848
-70.586
-70.5873
-70.5885
-70.5897
-70.5909
-70.5921
-70.5932
-70.5944
-70.5955
-70.5966
-70.5977
-70.5988
-70.5999
-70.601
-70.602
-70.603
-70.6041
-70.6051
-70.6061
-70.6071
-70.608
-70.609
-70.6099
-70.6109
-70.6118
-70.6127
-70.6136
-70.6145
-70.6154
-70.6162
-70.6171
-70.6179
-70.6187
-70.6196
-70.6204
-70.6212
-70.622
-70.6227
-70.6235
-70.6242
-70.625
-70.6257
-70.6265
-70.6272
-70.6279
-70.6286
-70.6293
-70.6299
-70.6306
-70.6313
-70.6319
-70.6325
-70.6332
-70.6338
-70.6344
-70.635
-70.6356
-70.6362
-70.6368
-70.6374
-70.6379
-70.6385
-70.639
-70.6396
-70.6401
-70.6406
-70.6411
-70.6417
-70.6422
-70.6427
-70.6431
-70.6436
-70.6441
-70.6446
-70.645
-70.6455
-70.6459
-70.6464
-70.6468
-70.6472
-70.6476
-70.6481
-70.6485
-70.6489
-70.6493
-70.6497
-70.65
-70.6504
-70.6508
-70.6512
-70.6515
-70.6519
-70.6522
-70.6526
-70.6529
-70.6533
-70.6536
-70.6539
-70.6542
-70.6545
-70.6549
-70.6552
-70.6555
-70.6558
-70.656
-70.6563
-70.6566
-70.6569
-70.6572
-70.6574
-70.6577
-70.658
-70.6582
-70.6585
-70.6587
-70.6589
-70.6592
-70.6594
-70.6597
-70.6599
-70.6601
-70.6603
-70.6605
-70.6607
-70.661
-70.6612
-70.6614
-70.6616
-70.6617
-70.6619
-70.6621
-70.6623
-70.6625
-70.6627
-70.6628
-70.663
-70.6632
-70.6633
-70.6635
-70.6637
-70.6638
-70.664
-70.6641
-70.6643
-70.6644
-70.6646
-70.6647
-70.6648
-70.665
-70.6651
-70.6652
-70.6653
-70.6655
-70.6656
-70.6657
-70.6658
-70.6659
-70.666
-70.6662
-70.6663
-70.6664
-70.6665
-70.6666
-70.6667
-70.6668
-70.6669
-70.667
-70.667
-70.6671
-70.6672
-70.6673
-70.6674
-70.6675
-70.6675
-70.6676
-70.6677
-70.6678
-70.6678
-70.6679
-70.668
-70.668
-70.6681
-70.6682
-70.6682
-70.6683
-70.6683
-70.6684
-70.6685
-70.6685
-70.6686
-70.6686
-70.6687
-70.6687
-70.6688
-70.6688
-70.6688
-70.6689
-70.6689
-70.669
-70.669
-70.669
-70.6691
-70.6691
-70.6691
-70.6692
-70.6692
-70.6692
-70.6693
-70.6693
-70.6693
-70.6694
-70.6694
-70.6694
-70.6694
-70.6694
-70.6695
-70.6695
-70.6695
-70.6695
-70.6695
-70.6696
-70.6696
-70.6696
-70.6696
-70.6696
-70.6696
-70.6696
-70.6697
-70.6697
-70.6697
-70.6697
-70.6697
-70.6697
-70.6697
-70.6697
-70.6697
-70.6697
-70.6697
-70.6697
-70.6697
-70.6697
-70.6697
-70.6697
-70.6697
-70.6697
-70.6697
-70.6697
-70.6697
-70.6697
-70.6697
-70.6697
-70.6697
-70.6697
-70.6697
-70.6697
-70.6697
-70.6697
-70.6697
-70.6697
-70.6697
-70.6697
-70.6697
-70.6696
-70.6696
-70.6696
-70.6696
-70.6696
-70.6696
-70.6696
-70.6696
-70.6696
-70.6695
-70.6695
-70.6695
-70.6695
-70.6695
-70.6695
-70.6695
-70.6695
-70.6694
-70.6694
-70.6694
-70.6694
-70.6694
-70.6694
-70.6693
-70.6693
-70.6693
-70.6693
-70.6693
-70.6693
-70.6693
-70.6692
-70.6692
-70.6692
-70.6692
-70.6692
-70.6691
-70.6691
-70.6691
-70.6691
-70.6691
-70.6691
-70.669
-70.669
-70.669
-70.669
-70.669
-70.6689
-70.6689
-70.6689
-70.6689
-70.6689
-70.6688
-70.6688
-70.6688
-70.6688
-70.6688
-70.6687
-70.6687
-70.6687
-70.6687
-70.6686
-70.6686
-70.6686
-70.6686
-70.6686
-70.6685
-70.6685
-70.6685
-70.6685
-70.6685
-70.6684
-70.6684
-59.1694
-52.6306
-50.4459
-48.7191
-45.9462
-27.0899
-15.3353
-41.5316
-68.2105
-68.4227
-67.4033
-66.336
-65.2539
-64.1751
-63.117
-62.0955
-61.1246
-60.216
-59.3888
-58.6897
-58.1035
-57.5867
-57.1261
-56.7235
-55.8544
-55.2667
-54.8568
-54.5629
-54.3391
-54.1635
-54.0234
-53.9111
-53.8219
-53.752
-53.6782
-53.6135
-53.5674
-53.5355
-53.5143
-53.5018
-53.4958
-53.479
-53.4561
-53.4327
-53.4193
-53.4077
-53.4019
-53.4002
-53.3969
-53.3938
-53.3914
-53.3916
-53.3936
-53.3941
-53.3928
-53.3915
-53.3903
-53.3906
-53.3922
-53.3946
-53.3974
-53.3997
-53.3998
-53.3969
-53.3953
-53.3955
-53.3968
-53.3986
-53.4008
-53.4032
-53.404
-53.4037
-53.4024
-53.4021
-53.4028
-53.4041
-53.4047
-53.4043
-53.4047
-53.4057
-53.4072
-53.4078
-53.4069
-53.405
-53.4038
-53.4038
-53.4045
-53.4056
-53.407
-53.4086
-53.4103
-53.4121
-53.4139
-53.4159
-53.4178
-53.4196
-53.4212
-53.4225
-53.4174
-53.4111
-53.4044
-53.4006
-53.3985
-53.3967
-53.3938
-53.3903
-53.3845
-53.3664
-53.2212
-53.1463
-53.176
-53.2194
-53.2552
-53.2808
-53.2982
-53.3098
-53.3182
-53.3251
-53.3316
-53.3386
-53.347
-53.3574
-53.371
-53.3885
-53.4098
-53.4238
-53.4302
-53.4295
-53.4291
-53.4305
-53.4334
-53.4377
-53.443
-53.4493
-53.4565
-53.4647
-53.474
-53.4844
-53.496
-53.5088
-53.523
-53.5386
-53.5558
-53.5746
-53.5954
-53.618
-53.6428
-53.6699
-53.6995
-53.7319
-53.7674
-53.8062
-53.8485
-53.8947
-53.9449
-53.9996
-54.0589
-54.1234
-54.1933
-54.2688
-54.2082
-53.6234
-53.4339
-53.3583
-53.3427
-53.3513
-53.3672
-53.3844
-53.4011
-53.4168
-53.4315
-53.4455
-53.4588
-53.4719
-53.4849
-53.498
-53.5115
-53.5255
-53.5402
-53.5564
-53.5737
-53.5616
-53.4902
-53.4577
-53.4478
-53.4479
-53.4526
-53.4595
-53.4677
-53.477
-53.4877
-53.4993
-53.5114
-53.5241
-53.5377
-53.5521
-53.5676
-53.5843
-53.6024
-53.622
-53.6444
-53.6697
-53.6968
-53.7121
-53.5308
-53.4504
-53.4077
-53.394
-53.3942
-53.3993
-53.4062
-53.4138
-53.4215
-53.4291
-53.4365
-53.4439
-53.4513
-53.459
-53.4669
-53.4752
-53.484
-53.4936
-53.5048
-53.5172
-53.5301
-53.5436
-53.5581
-53.5737
-53.5906
-53.6089
-53.6287
-53.6502
-53.6736
-53.702
-53.7349
-53.7695
-53.8057
-53.8443
-53.8857
-53.9304
-53.9785
-54.0304
-54.0865
-54.1469
-54.2137
-54.2971
-54.3866
-54.478
-54.5724
-54.6712
-54.7755
-54.8857
-55.0026
-55.1266
-55.2576
-55.3956
-54.1307
-53.3183
-53.1427
-53.1327
-53.1691
-53.2127
-53.2528
-53.2873
-53.3164
-53.3409
-53.3618
-53.3798
-53.3957
-53.4105
-53.4245
-53.4374
-53.4496
-53.4613
-53.473
-53.4848
-53.497
-53.5097
-53.5232
-53.5375
-53.5529
-53.5708
-53.5921
-53.6154
-53.6396
-53.665
-53.6921
-53.7213
-53.7531
-53.7877
-53.8254
-53.8684
-53.9179
-53.9706
-54.0282
-54.0947
-53.6403
-53.4107
-53.3429
-53.3306
-53.3386
-53.3518
-53.3654
-53.3783
-53.3899
-53.4004
-53.4099
-53.4189
-53.4278
-53.4366
-53.4451
-53.4536
-53.4624
-53.4715
-53.4812
-53.4924
-53.5043
-53.5169
-53.5303
-53.5447
-53.5605
-53.5819
-53.6252
-53.6822
-53.7451
-53.8173
-53.8849
-53.9476
-54.01
-54.074
-54.1531
-54.2822
-54.4803
-54.6819
-54.8657
-55.0356
-55.1963
-55.3608
-55.5336
-55.7254
-55.9502
-56.2196
-56.5297
-56.8518
-57.1714
-57.4916
-57.8136
-58.1435
-58.485
-58.8479
-59.2428
-59.6787
-60.162
-60.6659
-61.1665
-61.6584
-62.1429
-62.6227
-63.1008
-63.581
-64.0736
-64.5828
-65.1198
-65.6704
-66.2069
-66.7178
-67.2003
-67.6547
-68.084
-68.4936
-68.8896
-69.2778
-69.6655
-70.0597
-70.4407
-70.7924
-71.1137
-71.4054
-71.6693
-71.9088
-72.1286
-72.3343
-72.5304
-72.7228
-72.9148
-73.0957
-73.2573
-73.4012
-73.5297
-73.6426
-73.7424
-73.8315
-73.9127
-73.989
-74.0632
-74.1388
-74.2109
-74.2741
-74.328
-74.3751
-74.4166
-74.4515
-74.4815
-74.5082
-74.533
-74.5572
-74.5834
-74.6121
-74.6377
-74.6586
-74.6744
-74.6878
-74.6992
-74.7082
-74.715
-74.7216
-74.7276
-74.7339
-74.7432
-74.7543
-74.7636
-74.7702
-74.7736
-74.7755
-74.7772
-74.7784
-74.7786
-74.7801
-74.7817
-74.7828
-74.786
-74.7913
-74.7956
-74.7981
-74.7987
-74.7968
-74.7944
-74.7927
-74.7914
-74.7907
-74.7902
-74.7894
-74.7894
-74.7918
-74.795
-74.7968
-74.7972
-74.7961
-74.7931
-74.7903
-74.7877
-74.7868
-74.7867
-74.7861
-74.7856
-74.7857
-74.7871
-74.7894
-74.7903
-74.7899
-74.789
-74.7859
-74.7813
-74.7768
-74.7747
-74.7741
-74.774
-74.7734
-74.7732
-74.7747
-74.777
-74.7789
-74.7798
-74.7797
-74.7788
-74.7756
-74.7713
-74.767
-74.7651
-74.7642
-74.7634
-74.7629
-74.7617
-74.763
-74.7661
-74.7679
-74.7685
-74.7681
-74.7665
-74.7636
-74.7597
-74.7564
-74.7526
-74.7508
-74.75
-74.7488
-74.7468
-74.747
-74.7491
-74.7525
-74.7555
-74.758
-74.7582
-74.7564
-74.7537
-74.7505
-74.7482
-74.7456
-74.7418
-74.7403
-74.7381
-74.7342
-74.7318
-74.7316
-74.7347
-74.7373
-74.7406
-74.7433
-74.7436
-74.7415
-74.7386
-74.7363
-74.7346
-74.7333
-74.7317
-74.7282
-74.7245
-74.7201
-74.7163
-74.7151
-74.7173
-74.7209
-74.7235
-74.7276
-74.7305
-74.7313
-74.7302
-74.7277
-74.7255
-74.7244
-74.7241
-74.723
-74.7167
-74.7089
-74.7035
-74.6995
-74.6964
-74.6979
-74.7025
-74.704
-74.7041
-74.7067
-74.7099
-74.7119
-74.7125
-74.7113
-74.7114
-74.7119
-74.7136
-74.712
-74.7053
-74.6957
-74.6871
-74.6826
-74.6796
-74.6802
-74.6836
-74.6873
-74.6892
-74.6891
-74.6894
-74.6903
-74.6944
-74.6954
-74.6962
-74.696
-74.6981
-74.6992
-74.6968
-74.6915
-74.683
-74.6734
-74.6649
-74.6602
-74.6606
-74.6621
-74.6649
-74.6666
-74.665
-74.6633
-74.6658
-74.6666
-74.6667
-74.6691
-74.6728
-74.6775
-74.6804
-74.681
-74.6789
-74.6752
-74.6706
-74.6636
-74.6565
-74.6497
-74.6447
-74.641
-74.642
-74.6457
-74.6467
-74.646
-74.6432
-74.642
-74.6431
-74.6442
-74.6443
-74.648
-74.6503
-74.6518
-74.6548
-74.655
-74.6525
-74.6475
-74.6433
-74.6392
-74.6372
-74.6363
-74.633
-74.6279
-74.6237
-74.6195
-74.6191
-74.6208
-74.6229
-74.6206
-74.6142
-74.6096
-74.6077
-74.6108
-74.614
-74.6211
-74.6274
-74.63
-74.627
-74.6222
-74.6168
-74.6115
-74.6065
-74.6021
-74.602
-74.6078
-74.611
-74.6123
-74.6107
-74.6056
-74.5987
-74.593
-74.5907
-74.5921
-74.5938
-74.592
-74.5855
-74.5782
-74.5738
-74.5743
-74.5821
-74.5872
-74.5912
-74.5953
-74.5958
-74.592
-74.5837
-74.5751
-74.5646
-74.5585
-74.555
-74.5525
-74.5556
-74.5631
-74.5722
-74.5793
-74.5804
-74.5758
-74.5682
-74.5637
-74.5607
-74.5581
-74.5563
-74.5536
-74.5493
-74.5456
-74.5417
-74.5383
-74.5415
-74.5454
-74.5474
-74.546
-74.5483
-74.5493
-74.5477
-74.5423
-74.5325
-74.5225
-74.5142
-74.5078
-74.501
-74.4991
-74.5016
-74.5054
-74.5074
-74.5105
-74.5131
-74.5184
-74.5226
-74.5248
-74.5239
-74.5238
-74.5217
-74.516
-74.5104
-74.5057
-74.503
-74.4984
-74.4942
-74.4908
-74.491
-74.4955
-74.5011
-74.5057
-74.5031
-74.5024
-74.4998
-74.4936
-74.4863
-74.4756
-74.466
-74.4563
-74.4445
-74.4325
-74.4261
-74.4232
-74.4208
-74.4193
-74.4213
-74.4261
-74.429
-74.429
-74.4294
-74.4326
-74.4355
-74.439
-74.4468
-74.4526
-74.4517
-74.45
-74.4495
-74.4458
-74.4397
-74.4356
-74.4326
-74.4349
-74.4395
-74.4407
-74.4391
-74.4379
-74.4363
-74.4318
-74.4275
-74.4266
-74.4314
-74.4342
-74.4315
-74.4277
-74.4208
-74.4123
-74.4049
-74.393
-74.3769
-74.3642
-74.3535
-74.3432
-74.3359
-74.3308
-74.3198
-74.3061
-74.3009
-74.303
-74.305
-74.3046
-74.3042
-74.306
-74.3083
-74.3133
-74.319
-74.3208
-74.3185
-74.3123
-74.3069
-74.305
-74.3044
-74.3095
-74.3201
-74.3338
-74.3402
-74.336
-74.33
-74.3283
-74.3294
-74.3329
-74.3375
-74.3397
-74.3381
-74.3394
-74.3402
-74.3408
-74.3386
-74.3288
-74.3173
-74.3116
-74.3108
-74.31
-74.3077
-74.3031
-74.2964
-74.2866
-74.2763
-74.2683
-74.2587
-74.2502
-74.248
-74.2531
-74.2546
-74.2469
-74.2338
-74.2207
-74.2082
-74.1942
-74.1785
-74.1592
-74.1395
-74.124
-74.1149
-74.1089
-74.1049
-74.1099
-74.1147
-74.116
-74.1158
-74.113
-74.1068
-74.0998
-74.0996
-74.101
-74.0985
-74.0947
-74.0864
-74.0786
-74.0793
-74.0774
-74.0782
-74.0788
-74.0736
-74.064
-74.0545
-74.051
-74.0516
-74.0649
-74.089
-74.1139
-74.1377
-74.1541
-74.1664
-74.1723
-74.1714
-74.1636
-74.157
-74.1614
-74.1752
-74.1912
-74.1977
-74.1948
-74.1873
-74.1761
-74.1616
-74.1525
-74.1445
-74.132
-74.1229
-74.1145
-74.1039
-74.0915
-74.0818
-74.0782
-74.0718
-74.0583
-74.0443
-74.0328
-74.0249
-74.0142
-74.0055
-74.0022
-74.0032
-74.0006
-73.9904
-73.9779
-73.963
-73.9478
-73.9324
-73.9209
-73.9147
-73.913
-73.9173
-73.9276
-73.9355
-73.9415
-73.9402
-73.9316
-73.9224
-73.9126
-73.8979
-73.8782
-73.8568
-73.8431
-73.8366
-73.8446
-73.8518
-73.8554
-73.8564
-73.8494
-73.8354
-73.8256
-73.8159
-73.803
-73.7899
-73.773
-73.7517
-73.7273
-73.7005
-73.6756
-73.654
-73.6319
-73.6167
-73.6057
-73.5976
-73.5935
-73.5906
-73.5846
-73.572
-73.5587
-73.5456
-73.5285
-73.5078
-73.4918
-73.4902
-73.4886
-73.4857
-73.4855
-73.4901
-73.4897
-73.4814
-73.4676
-73.4566
-73.4458
-73.4377
-73.4261
-73.4095
-73.3891
-73.372
-73.3653
-73.3608
-73.3631
-73.3744
-73.3862
-73.3913
-73.3872
-73.3772
-73.3726
-73.372
-73.3661
-73.3539
-73.3383
-73.3366
-73.3475
-73.36
-73.3723
-73.3921
-73.406
-73.4086
-73.4085
-73.4127
-73.4142
-73.4161
-73.4198
-73.4232
-73.4255
-73.4244
-73.4226
-73.4149
-73.4013
-73.3833
-73.3644
-73.3511
-73.3364
-73.318
-73.2965
-73.2734
-73.2573
-73.2426
-73.2247
-73.204
-73.1892
-73.1817
-73.1775
-73.1684
-73.154
-73.1355
-73.1178
-73.1067
-73.0939
-73.0792
-73.0712
-73.0619
-73.0481
-73.0305
-73.0101
-72.9877
-72.964
-72.9394
-72.9143
-72.8976
-72.8862
-72.8722
-72.8549
-72.8351
-72.8241
-72.8287
-72.832
-72.8282
-72.8196
-72.8178
-72.815
-72.8069
-72.7941
-72.7779
-72.7594
-72.7391
-72.7178
-72.6956
-72.6728
-72.6496
-72.6277
-72.6179
-72.6105
-72.6056
-72.6075
-72.6055
-72.5978
-72.5856
-72.5704
-72.553
-72.5341
-72.5143
-72.4937
-72.4735
-72.4662
-72.4627
-72.4554
-72.4441
-72.4297
-72.4132
-72.3953
-72.3764
-72.3569
-72.337
-72.3168
-72.2965
-72.276
-72.2555
-72.2351
-72.2147
-72.1944
-72.1742
-72.1542
-72.1342
-72.1145
-72.0949
-72.0755
-72.0562
-72.0371
-72.0183
-71.9996
-71.9811
-71.9628
-71.9447
-71.9268
-71.9091
-71.8916
-71.8743
-71.8572
-71.8402
-71.8235
-71.807
-71.7906
-71.7745
-71.7585
-71.7427
-71.7271
-71.7117
-71.6965
-71.6814
-71.6666
-71.6519
-71.6374
-71.623
-71.6089
-71.5949
-71.581
-71.5674
-71.5539
-71.5405
-71.5274
-71.5144
-71.5015
-71.4888
-71.4763
-71.4639
-71.4517
-71.4396
-71.4277
-71.4159
-71.4043
-71.3928
-71.3814
-71.3702
-71.3592
-71.3482
-71.3374
-71.3268
-71.3163
-71.3059
-71.2957
-71.2856
-71.2756
-71.2657
-71.256
-71.2464
-71.2369
-71.2276
-71.2183
-71.2092
-71.2002
-71.1914
-71.1826
-71.1739
-71.1654
-71.157
-71.1487
-71.1405
-71.1324
-71.1244
-71.1165
-71.1087
-71.101
-71.0934
-71.0859
-71.0786
-71.0713
-71.0641
-71.057
-71.05
-71.0431
-71.0363
-71.0296
-71.0229
-71.0164
-71.0099
-71.0036
-70.9973
-70.9911
-70.985
-70.979
-70.973
-70.9672
-70.9614
-70.9557
-70.9501
-70.9445
-70.939
-70.9336
-70.9283
-70.9231
-70.9179
-70.9128
-70.9078
-70.9028
-70.8979
-70.8931
-70.8884
-70.8837
-70.8791
-70.8745
-70.87
-70.8656
-70.8613
-70.857
-70.8527
-70.8486
-70.8445
-70.8404
-70.8364
-70.8325
-70.8286
-70.8248
-70.821
-70.8173
-70.8137
-70.8101
-70.8065
-70.803
-70.7996
-70.7962
-70.7929
-70.7896
-70.7863
-70.7831
-70.78
-70.7769
-70.7739
-70.7709
-70.7679
-70.765
-70.7621
-70.7593
-70.7565
-70.7538
-70.7511
-70.7485
-70.7459
-70.7433
-70.7408
-70.7383
-70.7359
-70.7335
-70.7311
-70.7288
-70.7265
-70.7242
-70.722
-70.7198
-70.7177
-70.7156
-70.7135
-70.7115
-70.7095
-70.7075
-70.7056
-70.7037
-70.7018
-70.7
-70.6981
-70.6964
-70.6946
-70.6929
-70.6912
-70.6896
-70.6879
-70.6863
-70.6847
-70.6832
-70.6817
-70.6802
-70.6787
-70.6773
-70.6759
-70.6745
-70.6731
-70.6718
-70.6705
-70.6692
-70.6679
-70.6667
-70.6655
-70.6643
-70.6631
-70.662
-70.6609
-70.6598
-70.6587
-70.6576
-70.6566
-70.6556
-70.6546
-70.6536
-70.6526
-70.6517
-70.6508
-70.6499
-70.649
-70.6481
-70.6473
-70.6464
-70.6456
-70.6448
-70.6441
-70.6433
-70.6426
-70.6418
-70.6411
-70.6404
-70.6398
-70.6391
-70.6384
-70.6378
-70.6372
-70.6366
-70.636
-70.6354
-70.6349
-70.6343
-70.6338
-70.6333
-70.6328
-70.6323
-70.6318
-70.6313
-70.6309
-70.6304
-70.63
-70.6296
-70.6292
-70.6288
-70.6284
-70.628
-70.6276
-70.6273
-70.6269
-70.6266
-70.6263
-70.626
-70.6257
-70.6254
-70.6251
-70.6248
-70.6246
-70.6243
-70.6241
-70.6238
-70.6236
-70.6234
-70.6232
-70.623
-70.6228
-70.6226
-70.6224
-70.6222
-70.6221
-70.6219
-70.6218
-70.6216
-70.6215
-70.6214
-70.6213
-70.6211
-70.621
-70.6209
-70.6208
-70.6208
-70.6207
-70.6206
-70.6205
-70.6205
-70.6204
-70.6204
-70.6203
-70.6203
-70.6202
-70.6202
-70.6202
-70.6202
-70.6201
-70.6201
-70.6201
-70.6201
-70.6201
-70.6201
-70.6202
-70.6202
-70.6202
-70.6202
-70.6202
-70.6203
-70.6203
-70.6204
-70.6204
-70.6205
-70.6205
-70.6206
-70.6206
-70.6207
-70.6208
-70.6208
-70.6209
-70.621
-70.6211
-70.6211
-70.6212
-70.6213
-70.6214
-70.6215
-70.6216
-70.6217
-70.6218
-70.6219
-70.622
-70.6221
-70.6222
-70.6223
-70.6225
-70.6226
-70.6227
-70.6228
-70.6229
-70.6231
-70.6232
-70.6233
-70.6235
-70.6236
-70.6237
-70.6239
-70.624
-70.6241
-70.6243
-70.6244
-70.6246
-70.6247
-70.6249
-70.625
-70.6252
-70.6253
-70.6255
-70.6256
-70.6258
-70.6259
-70.6261
-70.6262
-70.6264
-70.6266
-70.6267
-70.6269
-70.627
-70.6272
-70.6274
-70.6275
-70.6277
-70.6279
-70.628
-70.6282
-70.6284
-70.6285
-70.6287
-70.6289
-70.629
-70.6292
-70.6294
-70.6295
-70.6297
-70.6299
-70.6301
-70.6302
-70.6304
-70.6306
-70.6307
-70.6309
-70.6311
-70.6313
-70.6314
-70.6316
-70.6318
-70.632
-70.6321
-70.6323
-70.6325
-70.6327
-70.6328
-70.633
-70.6332
-70.6334
-70.6335
-70.6337
-70.6339
-70.634
-70.6342
-70.6344
-70.6346
-70.6347
-70.6349
-70.6351
-70.6353
-70.6354
-70.6356
-70.6358
-70.6359
-70.6361
-70.6363
-70.6365
-70.6366
-70.6368
-70.637
-70.6371
-70.6373
-70.6375
-70.6376
-70.6378
-70.638
-70.6381
-70.6383
-70.6385
-70.6386
-70.6388
-70.639
-70.6391
-70.6393
-70.6395
-70.6396
-70.6398
-70.6399
-70.6401
-70.6403
-70.6404
-70.6406
-70.6407
-70.6409
-70.641
-70.6412
-70.6414
-70.6415
-70.6417
-70.6418
-70.642
-70.6421
-70.6423
-70.6424
-70.6426
-70.6427
-70.6429
-70.643

