-70
-70.2123
-70.2926
-70.3252
-70.3404
-70.3491
-70.3555
-70.3609
-70.3659
-70.3708
-70.3757
-70.3805
-70.3853
-70.39
-70.3948
-70.3995
-70.4042
-70.4088
-70.4134
-70.4179
-70.4224
-70.4269
-70.4313
-70.4357
-70.44
-70.4443
-70.4485
-70.4527
-70.4569
-70.461
-70.465
-70.469
-70.473
-70.4769
-70.4808
-70.4846
-70.4884
-70.4921
-70.4958
-70.4995
-70.5031
-70.5067
-70.5102
-70.5137
-70.5172
-70.5206
-70.524
-70.5273
-70.5306
-70.5339
-70.5371
-70.5403
-70.5434
-70.5465
-70.5496
-70.5526
-70.5556
-70.5586
-70.5615
-70.5644
-70.5673
-70.5701
-70.5729
-70.5757
-70.5784
-70.5811
-70.5838
-70.5864
-70.589
-70.5916
-70.5941
-70.5966
-70.5991
-70.6016
-70.604
-70.6064
-70.6087
-70.6111
-70.6134
-70.6157
-70.6179
-70.6201
-70.6223
-70.6245
-70.6266
-70.6287
-70.6308
-70.6329
-70.6349
-70.6369
-70.6389
-70.6409
-70.6428
-70.6448
-70.6466
-70.6485
-70.6503
-70.6522
-70.654
-70.6557
-70.6575
-70.6592
-70.6609
-70.6626
-70.6643
-70.6659
-70.6675
-70.6691
-70.6707
-70.6723
-70.6738
-70.6754
-70.6769
-70.6783
-70.6798
-70.6812
-70.6827
-70.6841
-70.6855
-70.6868
-70.6882
-70.6895
-70.6908
-70.6921
-70.6934
-70.6947
-70.6959
-70.6972
-70.6984
-70.6996
-70.7008
-70.702
-70.7031
-70.7042
-70.7054
-70.7065
-70.7076
-70.7087
-70.7097
-70.7108
-70.7118
-70.7128
-70.7138
-70.7148
-70.7158
-70.7168
-70.7177
-70.7187
-70.7196
-70.7205
-70.7214
-70.7223
-70.7232
-70.7241
-70.7249
-70.7258
-70.7266
-70.7274
-70.7282
-70.729
-70.7298
-70.7306
-70.7314
-70.7321
-70.7329
-70.7336
-70.7343
-70.735
-70.7357
-70.7364
-70.7371
-70.7378
-70.7384
-70.7391
-70.7397
-70.7404
-70.741
-70.7416
-70.7422
-70.7428
-70.7434
-70.744
-70.7446
-70.7451
-70.7457
-70.7462
-70.7468
-70.7473
-70.7478
-70.7484
-70.7489
-70.7494
-70.7499
-70.7504
-70.7508
-70.7513
-70.7518
-70.7522
-70.7527
-70.7531
-70.7536
-70.754
-70.7544
-70.7549
-70.7553
-70.7557
-70.7561
-70.7565
-70.7569
-70.7573
-70.7576
-70.758
-70.7584
-70.7587
-70.7591
-70.7594
-70.7598
-70.7601
-70.7605
-70.7608
-70.7611
-70.7614
-70.7617
-70.7621
-70.7624
-70.7627
-70.763
-70.7632
-70.7635
-70.7638
-70.7641
-70.7644
-70.7646
-70.7649
-70.7651
-70.7654
-70.7656
-70.7659
-70.7661
-70.7664
-70.7666
-70.7668
-70.7671
-70.7673
-70.7675
-70.7677
-70.7679
-70.7681
-70.7684
-70.7686
-70.7688
-70.769
-70.7691
-70.7693
-70.7695
-70.7697
-70.7699
-70.7701
-70.7702
-70.7704
-70.7706
-70.7707
-70.7709
-70.7711
-70.7712
-70.7714
-70.7715
-70.7717
-70.7718
-70.772
-70.7721
-70.7722
-70.7724
-70.7725
-70.7726
-70.7728
-70.7729
-70.773
-70.7731
-70.7733
-70.7734
-70.7735
-70.7736
-70.7737
-70.7738
-70.7739
-70.774
-70.7741
-70.7742
-70.7743
-70.7744
-70.7745
-70.7746
-70.7747
-70.7748
-70.7749
-70.775
-70.7751
-70.7751
-70.7752
-70.7753
-70.7754
-70.7755
-70.7755
-70.7756
-70.7757
-70.7758
-70.7758
-70.7759
-70.776
-70.776
-70.7761
-70.7762
-70.7762
-70.7763
-70.7763
-70.7764
-70.7765
-70.7765
-70.7766
-70.7766
-70.7767
-70.7767
-70.7768
-70.7768
-70.7769
-70.7769
-70.777
-70.777
-70.7771
-70.7771
-70.7771
-70.7772
-70.7772
-70.7773
-70.7773
-70.7773
-70.7774
-70.7774
-70.7774
-70.7775
-70.7775
-70.7775
-70.7776
-70.7776
-70.7776
-70.7777
-70.7777
-70.7777
-70.7777
-70.7778
-70.7778
-70.7778
-70.7778
-70.7779
-70.7779
-70.7779
-70.7779
-70.778
-70.778
-70.778
-70.778
-70.778
-70.7781
-70.7781
-70.7781
-70.7781
-70.7781
-70.7781
-70.7782
-70.7782
-70.7782
-70.7782
-70.7782
-70.7782
-70.7782
-70.7783
-70.7783
-70.7783
-70.7783
-70.7783
-70.7783
-70.7783
-70.7783
-70.7783
-70.7783
-70.7784
-70.7784
-70.7784
-70.7784
-70.7784
-70.7784
-70.7784
-70.7784
-70.7784
-70.7784
-70.7784
-70.7784
-70.7784
-70.7784
-70.7784
-70.7784
-70.7784
-70.7784
-70.7784
-70.7785
-70.7785
-70.7785
-70.7785
-70.7785
-70.7785
-70.7785
-70.7785
-70.7785
-70.7785
-70.7785
-70.7785
-70.7785
-70.7785
-70.7785
-70.7785
-70.7785
-70.7785
-70.7785
-70.7785
-70.7785
-70.7785
-70.7785
-70.7785
-70.7785
-70.7785
-70.7785
-70.7785
-70.7785
-70.7785
-70.7785
-70.7784
-70.7784
-70.7784
-70.7784
-70.7784
-70.7784
-70.7784
-70.7784
-70.7784
-70.7784
-70.7784
-70.7784
-70.7784
-70.7784
-70.7784
-70.7784
-70.7784
-70.7784
-70.7784
-70.7784
-70.7784
-70.7784
-70.7784
-70.7784
-70.7784
-70.7784
-70.7784
-70.7784
-70.7784
-70.7783
-70.7783
-70.7783
-70.7783
-70.7783
-70.7783
-70.7783
-70.7804
-70.8764
-71.3271
-72.1671
-56.6808
-52.0306
-49.8486
-46.994
-18.8791
-26.2357
-65.9726
-70.0505
-68.8525
-67.5393
-66.1716
-64.785
-63.4165
-62.1016
-60.8705
-59.7462
-58.7432
-57.8681
-57.1166
-56.451
-55.9057
-55.46
-55.093
-54.8041
-54.5846
-54.4181
-54.2915
-54.1991
-54.1286
-54.0742
-54.0361
-54.0106
-53.9918
-53.979
-53.9699
-53.9626
-53.9579
-53.9562
-53.9566
-53.9574
-53.9578
-53.9582
-53.9579
-53.9578
-53.959
-53.9611
-53.9636
-53.9665
-53.9684
-53.969
-53.9686
-53.9679
-53.9679
-53.9689
-53.9706
-53.9726
-53.9748
-53.9771
-53.9795
-53.982
-53.9808
-53.9781
-53.9765
-53.9753
-53.9753
-53.9761
-53.9773
-53.9788
-53.9804
-53.982
-53.9837
-53.9855
-53.9873
-53.9889
-53.9904
-53.9915
-53.9877
-53.9842
-53.9798
-53.9758
-53.9733
-53.9719
-53.9705
-53.9683
-53.9632
-53.9443
-53.786
-53.7428
-53.7857
-53.8281
-53.8575
-53.8758
-53.8867
-53.893
-53.8966
-53.8992
-53.9017
-53.9048
-53.9093
-53.9157
-53.9382
-53.9623
-53.9755
-53.9841
-53.9919
-53.9995
-54.0004
-53.9975
-53.9965
-53.9973
-53.9997
-54.003
-54.0071
-54.012
-54.0176
-54.0239
-54.0311
-54.039
-54.0479
-54.0576
-54.0684
-54.0803
-54.0934
-54.1078
-54.1235
-54.1408
-54.1597
-54.1804
-54.203
-54.2275
-54.2542
-54.2833
-54.315
-54.3362
-54.1429
-54.0537
-54.0296
-54.0302
-54.0396
-54.0522
-54.066
-54.0678
-54.0385
-54.0248
-54.0221
-54.0106
-54.0045
-54.0045
-54.0077
-54.0125
-54.018
-54.024
-54.0303
-54.037
-54.0442
-54.0518
-54.0599
-54.0686
-54.0781
-54.0883
-54.0994
-54.1114
-54.1244
-54.1386
-54.1541
-54.171
-54.1893
-54.2093
-54.2308
-54.2542
-54.2797
-54.3075
-54.3376
-54.3704
-54.2206
-54.0456
-53.9954
-53.99
-53.9988
-54.0113
-54.0242
-54.0369
-54.0493
-54.0615
-54.046
-54.019
-54.0088
-54.0078
-54.0111
-54.0163
-54.0216
-54.0109
-54.0033
-54.0014
-54.0027
-54.0056
-54.0094
-54.0137
-54.0186
-54.0241
-54.0299
-54.0361
-54.0427
-54.0498
-54.0574
-54.0657
-54.0747
-54.0845
-54.0951
-54.1075
-54.1213
-54.1361
-54.1518
-54.1688
-54.1872
-54.2072
-54.2287
-54.2521
-54.2775
-54.3051
-54.337
-54.3733
-54.4118
-54.3739
-54.0608
-53.9693
-53.9558
-53.9642
-53.9776
-53.9911
-54.0037
-54.0152
-54.026
-54.0363
-54.046
-54.0553
-54.0232
-54.0018
-53.9949
-53.9944
-53.9965
-53.9995
-54.0028
-54.0062
-54.0101
-54.0137
-54.0169
-54.0196
-54.0126
-53.9944
-53.9856
-53.9818
-53.9797
-53.9772
-53.9728
-53.9641
-53.9436
-53.8367
-53.3717
-53.3495
-53.4723
-53.5812
-53.6546
-53.6997
-53.7264
-53.7423
-53.7538
-53.7656
-53.7771
-53.7904
-53.808
-53.9164
-53.9849
-54.0056
-54.0119
-54.016
-54.0212
-54.0286
-54.0387
-54.0508
-54.0651
-54.0821
-54.1014
-54.1093
-54.0647
-54.0424
-54.0283
-54.0144
-54.0104
-54.0122
-54.0169
-54.0232
-54.0304
-54.0383
-54.0469
-54.0562
-54.0663
-54.0773
-54.0894
-54.103
-54.1184
-54.1356
-54.1559
-54.1794
-54.2039
-54.229
-54.2551
-54.283
-54.3131
-54.3486
-54.3923
-54.4439
-54.5038
-54.5663
-54.6288
-54.6929
-54.7607
-54.8335
-54.9139
-55.0062
-55.115
-55.241
-55.3797
-55.523
-55.6709
-55.8244
-55.9863
-56.1589
-56.3445
-56.549
-56.7823
-57.045
-57.3297
-57.628
-57.9329
-58.2443
-58.5642
-58.8952
-59.2385
-59.6004
-60.0007
-60.4438
-60.9138
-61.4013
-61.8862
-62.3634
-62.8333
-63.2976
-63.7575
-64.2152
-64.6837
-65.1875
-65.7145
-66.2401
-66.7601
-67.2527
-67.7127
-68.1425
-68.5457
-68.9259
-69.2885
-69.6463
-70.0195
-70.3936
-70.7481
-71.0836
-71.391
-71.6657
-71.9094
-72.1293
-72.3281
-72.5107
-72.6863
-72.8648
-73.0427
-73.2085
-73.3612
-73.4996
-73.6215
-73.7256
-73.815
-73.8936
-73.9634
-74.0284
-74.0947
-74.1624
-74.2289
-74.2891
-74.3439
-74.3915
-74.4321
-74.4647
-74.4896
-74.5108
-74.5289
-74.5489
-74.5702
-74.5937
-74.6178
-74.6404
-74.66
-74.6761
-74.6886
-74.6978
-74.7025
-74.7042
-74.7063
-74.711
-74.7164
-74.7242
-74.7332
-74.7428
-74.7506
-74.7562
-74.7599
-74.7621
-74.7621
-74.7591
-74.7551
-74.7547
-74.756
-74.7586
-74.7614
-74.7655
-74.7707
-74.7738
-74.7754
-74.7756
-74.7743
-74.7725
-74.7683
-74.7636
-74.7604
-74.7604
-74.762
-74.7628
-74.7648
-74.7681
-74.7709
-74.772
-74.7715
-74.7701
-74.7681
-74.7657
-74.7617
-74.7577
-74.7545
-74.7549
-74.7566
-74.7571
-74.7588
-74.7615
-74.764
-74.7638
-74.762
-74.7592
-74.7567
-74.7543
-74.7518
-74.7475
-74.7439
-74.7422
-74.7438
-74.7456
-74.7484
-74.7517
-74.7541
-74.7551
-74.7538
-74.7511
-74.748
-74.7452
-74.7432
-74.741
-74.7375
-74.7336
-74.7306
-74.7309
-74.7338
-74.7372
-74.7398
-74.7419
-74.743
-74.742
-74.7398
-74.7358
-74.7325
-74.7311
-74.7286
-74.7271
-74.7247
-74.7206
-74.719
-74.7194
-74.722
-74.7255
-74.7294
-74.7318
-74.7326
-74.7322
-74.7292
-74.7255
-74.722
-74.7197
-74.7175
-74.7152
-74.7118
-74.7081
-74.7063
-74.7059
-74.7048
-74.7056
-74.7088
-74.714
-74.7185
-74.7202
-74.7184
-74.7157
-74.7126
-74.7098
-74.7069
-74.706
-74.705
-74.7001
-74.6949
-74.6946
-74.6961
-74.6953
-74.6934
-74.6906
-74.6925
-74.6985
-74.7048
-74.7067
-74.7051
-74.7029
-74.6999
-74.6958
-74.6925
-74.691
-74.689
-74.6837
-74.678
-74.6755
-74.6777
-74.6805
-74.68
-74.6782
-74.6752
-74.6743
-74.6777
-74.6824
-74.6872
-74.69
-74.6884
-74.6875
-74.6854
-74.6815
-74.6787
-74.6751
-74.6707
-74.6643
-74.6606
-74.66
-74.6613
-74.6636
-74.6658
-74.6648
-74.6627
-74.6599
-74.6581
-74.6592
-74.6621
-74.6653
-74.6651
-74.6662
-74.6653
-74.6635
-74.6607
-74.6585
-74.6544
-74.648
-74.6416
-74.6379
-74.6371
-74.6415
-74.6451
-74.6451
-74.6448
-74.6441
-74.642
-74.6397
-74.6404
-74.6445
-74.6454
-74.6434
-74.6427
-74.6413
-74.638
-74.6366
-74.6396
-74.641
-74.6365
-74.6298
-74.6207
-74.6156
-74.6145
-74.6155
-74.6213
-74.6266
-74.6287
-74.628
-74.6224
-74.6164
-74.6154
-74.6173
-74.6212
-74.6226
-74.62
-74.6153
-74.6142
-74.6103
-74.6059
-74.605
-74.603
-74.5999
-74.5968
-74.5944
-74.589
-74.5845
-74.5826
-74.5831
-74.5857
-74.5911
-74.598
-74.603
-74.6045
-74.6032
-74.5991
-74.5925
-74.5891
-74.5882
-74.5902
-74.593
-74.5924
-74.5928
-74.5917
-74.5896
-74.5846
-74.5798
-74.5751
-74.5694
-74.5615
-74.5531
-74.5457
-74.5376
-74.5307
-74.5294
-74.5343
-74.5414
-74.5433
-74.5497
-74.5623
-74.5724
-74.5766
-74.5765
-74.5748
-74.5707
-74.5651
-74.5608
-74.5564
-74.5509
-74.5459
-74.5433
-74.5447
-74.5507
-74.5528
-74.5482
-74.5434
-74.5398
-74.5322
-74.5245
-74.5159
-74.508
-74.4986
-74.4859
-74.4751
-74.4677
-74.4619
-74.4589
-74.4593
-74.4628
-74.4665
-74.4797
-74.4945
-74.5087
-74.5224
-74.5304
-74.5323
-74.5324
-74.5313
-74.5288
-74.5241
-74.5176
-74.5096
-74.501
-74.4999
-74.5056
-74.5087
-74.5048
-74.4968
-74.4898
-74.4839
-74.4808
-74.4798
-74.4786
-74.4757
-74.4676
-74.4577
-74.4466
-74.4379
-74.4291
-74.42
-74.4088
-74.3947
-74.3857
-74.3792
-74.3735
-74.3717
-74.3712
-74.3707
-74.38
-74.3952
-74.4092
-74.4232
-74.4377
-74.4478
-74.4585
-74.4688
-74.4747
-74.4738
-74.469
-74.461
-74.456
-74.4529
-74.45
-74.4489
-74.4469
-74.4445
-74.4397
-74.428
-74.4152
-74.4066
-74.3983
-74.3925
-74.3865
-74.3792
-74.3752
-74.3714
-74.3652
-74.3604
-74.3567
-74.3507
-74.344
-74.3346
-74.325
-74.3183
-74.3082
-74.292
-74.2736
-74.2604
-74.2501
-74.2441
-74.2364
-74.2285
-74.2205
-74.2137
-74.22
-74.233
-74.2469
-74.2634
-74.2782
-74.301
-74.3224
-74.3364
-74.3482
-74.3533
-74.3542
-74.3534
-74.3498
-74.3447
-74.3418
-74.3383
-74.3345
-74.3326
-74.3311
-74.3297
-74.3308
-74.3328
-74.3315
-74.3249
-74.3229
-74.3221
-74.3177
-74.3101
-74.2999
-74.291
-74.2828
-74.2736
-74.2628
-74.2571
-74.2533
-74.2446
-74.2326
-74.2214
-74.2079
-74.1923
-74.1727
-74.154
-74.1377
-74.1238
-74.1124
-74.1001
-74.0874
-74.0797
-74.0781
-74.0814
-74.0853
-74.082
-74.0737
-74.0605
-74.049
-74.0395
-74.0283
-74.021
-74.0192
-74.0199
-74.0225
-74.0317
-74.0396
-74.0435
-74.0495
-74.055
-74.0614
-74.0711
-74.0834
-74.0949
-74.1076
-74.114
-74.1173
-74.1209
-74.1276
-74.1321
-74.1292
-74.1216
-74.1231
-74.1336
-74.1435
-74.1445
-74.1434
-74.1453
-74.1437
-74.1369
-74.1299
-74.1267
-74.1246
-74.1209
-74.1141
-74.1164
-74.1227
-74.1301
-74.1315
-74.1297
-74.1263
-74.1175
-74.1107
-74.1052
-74.1017
-74.0955
-74.0965
-74.1021
-74.112
-74.1179
-74.114
-74.1016
-74.0844
-74.0676
-74.052
-74.0341
-74.0167
-74.002
-73.9904
-73.9751
-73.9559
-73.9375
-73.9209
-73.9059
-73.8913
-73.8753
-73.8609
-73.8479
-73.8312
-73.8101
-73.7889
-73.7722
-73.7661
-73.7672
-73.7672
-73.7644
-73.7547
-73.7387
-73.7188
-73.7041
-73.6935
-73.6792
-73.6602
-73.6376
-73.6131
-73.5933
-73.5768
-73.5631
-73.5466
-73.5331
-73.5228
-73.5139
-73.5067
-73.4989
-73.4938
-73.4919
-73.4859
-73.4755
-73.4684
-73.4655
-73.4658
-73.4693
-73.4863
-73.5041
-73.5129
-73.5115
-73.5109
-73.5165
-73.5246
-73.5309
-73.5338
-73.5408
-73.5488
-73.5511
-73.545
-73.5322
-73.5194
-73.5152
-73.5102
-73.5033
-73.5042
-73.5024
-73.4934
-73.4786
-73.4599
-73.4462
-73.4458
-73.4488
-73.4495
-73.4492
-73.4498
-73.4463
-73.4371
-73.4304
-73.4212
-73.4071
-73.3888
-73.3682
-73.3634
-73.3707
-73.3721
-73.3652
-73.3522
-73.3447
-73.3451
-73.3412
-73.3308
-73.3191
-73.3197
-73.3197
-73.3198
-73.318
-73.3098
-73.2961
-73.2783
-73.2577
-73.2351
-73.2111
-73.1861
-73.1604
-73.1341
-73.1074
-73.0805
-73.0534
-73.0337
-73.0204
-73.0053
-72.987
-72.9663
-72.9439
-72.9204
-72.8962
-72.8715
-72.8465
-72.8214
-72.7962
-72.7711
-72.7559
-72.7469
-72.7355
-72.7205
-72.7053
-72.705
-72.7155
-72.7209
-72.7185
-72.7101
-72.6975
-72.682
-72.6645
-72.6456
-72.6259
-72.6054
-72.5849
-72.5758
-72.5717
-72.5642
-72.5528
-72.5383
-72.5239
-72.5336
-72.5499
-72.5581
-72.5581
-72.5518
-72.5413
-72.5279
-72.5125
-72.4957
-72.478
-72.4595
-72.4406
-72.4213
-72.4017
-72.3821
-72.3623
-72.3425
-72.3228
-72.3031
-72.2834
-72.2639
-72.2445
-72.2252
-72.2061
-72.1871
-72.1683
-72.1541
-72.1553
-72.1572
-72.1544
-72.1473
-72.1372
-72.125
-72.1115
-72.0971
-72.0821
-72.0667
-72.051
-72.0351
-72.0192
-72.0033
-71.9873
-71.9714
-71.9556
-71.9399
-71.9243
-71.9088
-71.8934
-71.8782
-71.8631
-71.8482
-71.8334
-71.8188
-71.8043
-71.79
-71.7758
-71.7618
-71.748
-71.7343
-71.7208
-71.7075
-71.6943
-71.6813
-71.6684
-71.6557
-71.6431
-71.6307
-71.6185
-71.6064
-71.5944
-71.5826
-71.571
-71.5595
-71.5481
-71.5369
-71.5258
-71.5149
-71.5041
-71.4934
-71.4829
-71.4725
-71.4623
-71.4522
-71.4422
-71.4323
-71.4226
-71.413
-71.4035
-71.3941
-71.3849
-71.3758
-71.3668
-71.3579
-71.3491
-71.3405
-71.332
-71.3236
-71.3153
-71.3071
-71.299
-71.2911
-71.2832
-71.2755
-71.2678
-71.2603
-71.2528
-71.2455
-71.2382
-71.2311
-71.2241
-71.2171
-71.2102
-71.2035
-71.1968
-71.1902
-71.1837
-71.1773
-71.171
-71.1648
-71.1586
-71.1526
-71.1466
-71.1407
-71.1349
-71.1292
-71.1235
-71.118
-71.1125
-71.107
-71.1017
-71.0964
-71.0912
-71.0861
-71.0811
-71.0761
-71.0712
-71.0663
-71.0616
-71.0569
-71.0522
-71.0477
-71.0432
-71.0387
-71.0343
-71.03
-71.0258
-71.0216
-71.0174
-71.0134
-71.0094
-71.0054
-71.0015
-70.9977
-70.9939
-70.9901
-70.9865
-70.9828
-70.9793
-70.9758
-70.9723
-70.9689
-70.9655
-70.9622
-70.9589
-70.9557
-70.9525
-70.9494
-70.9463
-70.9433
-70.9403
-70.9374
-70.9345
-70.9316
-70.9288
-70.9261
-70.9233
-70.9206
-70.918
-70.9154
-70.9128
-70.9103
-70.9078
-70.9054
-70.903
-70.9006
-70.8983
-70.896
-70.8937
-70.8915
-70.8893
-70.8871
-70.885
-70.8829
-70.8808
-70.8788
-70.8768
-70.8748
-70.8729
-70.871
-70.8691
-70.8673
-70.8655
-70.8637
-70.8619
-70.8602
-70.8585
-70.8568
-70.8552
-70.8535
-70.852
-70.8504
-70.8488
-70.8473
-70.8458
-70.8444
-70.8429
-70.8415
-70.8401
-70.8387
-70.8374
-70.8361
-70.8347
-70.8335
-70.8322
-70.831
-70.8297
-70.8285
-70.8274
-70.8262
-70.8251
-70.8239
-70.8228
-70.8218
-70.8207
-70.8197
-70.8186
-70.8176
-70.8166
-70.8157
-70.8147
-70.8138
-70.8128
-70.8119
-70.811
-70.8102
-70.8093
-70.8085
-70.8076
-70.8068
-70.806
-70.8052
-70.8045
-70.8037
-70.803
-70.8022
-70.8015
-70.8008
-70.8001
-70.7994
-70.7988
-70.7981
-70.7975
-70.7969
-70.7962
-70.7956
-70.795
-70.7945
-70.7939
-70.7933
-70.7928
-70.7922
-70.7917
-70.7912
-70.7907
-70.7902
-70.7897
-70.7892
-70.7888
-70.7883
-70.7878
-70.7874
-70.787
-70.7866
-70.7861
-70.7857
-70.7853
-70.7849
-70.7846
-70.7842
-70.7838
-70.7835
-70.7831
-70.7828
-70.7824
-70.7821
-70.7818
-70.7815
-70.7812
-70.7809
-70.7806
-70.7803
-70.78
-70.7797
-70.7795
-70.7792
-70.779
-70.7787
-70.7785
-70.7782
-70.778
-70.7778
-70.7775
-70.7773
-70.7771
-70.7769
-70.7767
-70.7765
-70.7763
-70.7761
-70.7759
-70.7758
-70.7756
-70.7754
-70.7753
-70.7751
-70.7749
-70.7748
-70.7746
-70.7745
-70.7744
-70.7742
-70.7741
-70.774
-70.7738
-70.7737
-70.7736
-70.7735
-70.7734
-70.7733
-70.7732
-70.7731
-70.773
-70.7729
-70.7728
-70.7727
-70.7726
-70.7725
-70.7724
-70.7724
-70.7723
-70.7722
-70.7722
-70.7721
-70.772
-70.772
-70.7719
-70.7718
-70.7718
-70.7717
-70.7717
-70.7716
-70.7716
-70.7716
-70.7715
-70.7715
-70.7714
-70.7714
-70.7714
-70.7713
-70.7713
-70.7713
-70.7712
-70.7712
-70.7712
-70.7712
-70.7711
-70.7711
-70.7711
-70.7711
-70.7711
-70.7711
-70.7711
-70.771
-70.771
-70.771
-70.771
-70.771
-70.771
-70.771
-70.771
-70.771
-70.771
-70.771
-70.771
-70.771
-70.771
-70.771
-70.771
-70.771
-70.771
-70.7711
-70.7711
-70.7711
-70.7711
-70.7711
-70.7711
-70.7711
-70.7711
-70.7712
-70.7712
-70.7712
-70.7712
-70.7712
-70.7712
-70.7713
-70.7713
-70.7713
-70.7713
-70.7713
-70.7714
-70.7714
-70.7714
-70.7714
-70.7715
-70.7715
-70.7715
-70.7715
-70.7716
-70.7716
-70.7716
-70.7716
-70.7717
-70.7717
-70.7717
-70.7717
-70.7718
-70.7718
-70.7718
-70.7719
-70.7719
-70.7719
-70.7719
-70.772
-70.772
-70.772
-70.7721
-70.7721
-70.7721
-70.7722
-70.7722
-70.7722
-70.7722
-70.7723
-70.7723
-70.7723
-70.7724
-70.7724
-70.7724
-70.7725
-70.7725
-70.7725
-70.7726
-70.7726
-70.7726
-70.7727
-70.7727
-70.7727
-70.7728
-70.7728
-70.7728
-70.7729
-70.7729
-70.7729
-70.7729
-70.773
-70.773
-70.773
-70.7731
-70.7731
-70.7731
-70.7732
-70.7732
-70.7732
-70.7733
-70.7733
-70.7733
-70.7734
-70.7734
-70.7734
-70.7735
-70.7735

