-70
-70.1661
-70.23
-70.2566
-70.2695
-70.2773
-70.283
-70.2879
-70.2925
-70.297
-70.3014
-70.3057
-70.31
-70.3142
-70.3185
-70.3226
-70.3268
-70.3309
-70.335
-70.3391
-70.3431
-70.3471
-70.351
-70.3549
-70.3588
-70.3626
-70.3664
-70.3701
-70.3738
-70.3775
-70.3811
-70.3847
-70.3883
-70.3918
-70.3953
-70.3987
-70.4021
-70.4055
-70.4088
-70.4121
-70.4154
-70.4186
-70.4218
-70.4249
-70.428
-70.4311
-70.4341
-70.4372
-70.4401
-70.4431
-70.446
-70.4489
-70.4517
-70.4545
-70.4573
-70.4601
-70.4628
-70.4655
-70.4682
-70.4708
-70.4734
-70.476
-70.4785
-70.481
-70.4835
-70.486
-70.4884
-70.4908
-70.4932
-70.4955
-70.4978
-70.5001
-70.5024
-70.5046
-70.5068
-70.509
-70.5112
-70.5133
-70.5154
-70.5175
-70.5196
-70.5216
-70.5236
-70.5256
-70.5276
-70.5295
-70.5315
-70.5334
-70.5352
-70.5371
-70.5389
-70.5407
-70.5425
-70.5443
-70.5461
-70.5478
-70.5495
-70.5512
-70.5528
-70.5545
-70.5561
-70.5577
-70.5593
-70.5609
-70.5624
-70.5639
-70.5655
-70.5669
-70.5684
-70.5699
-70.5713
-70.5727
-70.5741
-70.5755
-70.5769
-70.5782
-70.5796
-70.5809
-70.5822
-70.5835
-70.5848
-70.586
-70.5873
-70.5885
-70.5897
-70.5909
-70.5921
-70.5932
-70.5944
-70.5955
-70.5966
-70.5977
-70.5988
-70.5999
-70.601
-70.602
-70.603
-70.6041
-70.6051
-70.6061
-70.6071
-70.608
-70.609
-70.6099
-70.6109
-70.6118
-70.6127
-70.6136
-70.6145
-70.6154
-70.6162
-70.6171
-70.6179
-70.6187
-70.6196
-70.6204
-70.6212
-70.622
-70.6227
-70.6235
-70.6242
-70.625
-70.6257
-70.6265
-70.6272
-70.6279
-70.6286
-70.6293
-70.6299
-70.6306
-70.6313
-70.6319
-70.6325
-70.6332
-70.6338
-70.6344
-70.635
-70.6356
-70.6362
-70.6368
-70.6374
-70.6379
-70.6385
-70.639
-70.6396
-70.6401
-70.6406
-70.6411
-70.6417
-70.6422
-70.6427
-70.6431
-70.6436
-70.6441
-70.6446
-70.645
-70.6455
-70.6459
-70.6464
-70.6468
-70.6472
-70.6476
-70.6481
-70.6485
-70.6489
-70.6493
-70.6497
-70.65
-70.6504
-70.6508
-70.6512
-70.6515
-70.6519
-70.6522
-70.6526
-70.6529
-70.6533
-70.6536
-70.6539
-70.6542
-70.6545
-70.6549
-70.6552
-70.6555
-70.6558
-70.656
-70.6563
-70.6566
-70.6569
-70.6572
-70.6574
-70.6577
-70.658
-70.6582
-70.6585
-70.6587
-70.6589
-70.6592
-70.6594
-70.6597
-70.6599
-70.6601
-70.6603
-70.6605
-70.6607
-70.661
-70.6612
-70.6614
-70.6616
-70.6617
-70.6619
-70.6621
-70.6623
-70.6625
-70.6627
-70.6628
-70.663
-70.6632
-70.6633
-70.6635
-70.6637
-70.6638
-70.664
-70.6641
-70.6643
-70.6644
-70.6646
-70.6647
-70.6648
-70.665
-70.6651
-70.6652
-70.6653
-70.6655
-70.6656
-70.6657
-70.6658
-70.6659
-70.666
-70.6662
-70.6663
-70.6664
-70.6665
-70.6666
-70.6667
-70.6668
-70.6669
-70.667
-70.667
-70.6671
-70.6672
-70.6673
-70.6674
-70.6675
-70.6675
-70.6676
-70.6677
-70.6678
-70.6678
-70.6679
-70.668
-70.668
-70.6681
-70.6682
-70.6682
-70.6683
-70.6683
-70.6684
-70.6685
-70.6685
-70.6686
-70.6686
-70.6687
-70.6687
-70.6688
-70.6688
-70.6688
-70.6689
-70.6689
-70.669
-70.669
-70.669
-70.6691
-70.6691
-70.6691
-70.6692
-70.6692
-70.6692
-70.6693
-70.6693
-70.6693
-70.6694
-70.6694
-70.6694
-70.6694
-70.6694
-70.6695
-70.6695
-70.6695
-70.6695
-70.6695
-70.6696
-70.6696
-70.6696
-70.6696
-70.6696
-70.6696
-70.6696
-70.6697
-70.6697
-70.6697
-70.6697
-70.6697
-70.6697
-70.6697
-70.6697
-70.6697
-70.6697
-70.6697
-70.6697
-70.6697
-70.6697
-70.6697
-70.6697
-70.6697
-70.6697
-70.6697
-70.6697
-70.6697
-70.6697
-70.6697
-70.6697
-70.6697
-70.6697
-70.6697
-70.6697
-70.6697
-70.6697
-70.6697
-70.6697
-70.6697
-70.6697
-70.6697
-70.6696
-70.6696
-70.6696
-70.6696
-70.6696
-70.6696
-70.6696
-70.6696
-70.6696
-70.6695
-70.6695
-70.6695
-70.6695
-70.6695
-70.6695
-70.6695
-70.6695
-70.6694
-70.6694
-70.6694
-70.6694
-70.6694
-70.6694
-70.6693
-70.6693
-70.6693
-70.6693
-70.6693
-70.6693
-70.6693
-70.6692
-70.6692
-70.6692
-70.6692
-70.6692
-70.6691
-70.6691
-70.6691
-70.6691
-70.6691
-70.6691
-70.669
-70.669
-70.669
-70.669
-70.669
-70.6689
-70.6689
-70.6689
-70.6689
-70.6689
-70.6688
-70.6688
-70.6688
-70.6688
-70.6688
-70.6687
-70.6687
-70.6687
-70.6687
-70.6686
-70.6686
-70.6686
-70.6686
-70.6686
-70.6685
-70.6685
-70.6685
-70.6685
-70.6685
-70.6684
-70.6684
-70.6684
-70.6684
-70.6684
-70.6683
-70.6683
-70.6683
-70.6683
-70.6682
-70.6682
-70.6682
-70.6682
-70.6682
-70.6681
-70.6681
-70.6681
-70.6681
-70.6681
-70.6748
-70.8659
-71.587
-72.5922
-73.4319
-73.9535
-74.2135
-74.3348
-74.3917
-74.4189
-74.4375
-74.47
-74.523
-74.5877
-74.6416
-74.6762
-74.6925
-74.6963
-74.6931
-74.6861
-74.6789
-74.68
-74.6989
-74.729
-74.7566
-74.7743
-74.7796
-74.7765
-74.7686
-74.7581
-74.7464
-74.7342
-74.7211
-74.7068
-74.6911
-74.6739
-74.6552
-74.635
-74.6131
-74.5898
-74.5653
-74.5395
-74.5126
-74.4847
-74.4559
-74.4262
-74.3957
-74.3645
-74.3327
-74.3003
-74.2674
-74.234
-74.2003
-74.1663
-74.132
-74.0975
-74.0629
-74.0282
-73.9934
-73.9586
-73.9238
-73.8891
-73.8544
-73.8198
-73.7854
-73.7511
-73.717
-73.6831
-73.6494
-73.6159
-73.5826
-73.5496
-73.5168
-73.4843
-73.452
-73.4201
-73.3883
-73.3569
-73.3257
-73.2949
-73.2643
-73.2339
-73.2039
-73.1742
-73.1447
-73.1155
-73.0866
-73.058
-73.0297
-73.0016
-72.9739
-72.9464
-72.9191
-72.8922
-72.8655
-72.8391
-72.813
-72.7871
-72.7615
-72.7361
-72.7111
-72.6862
-72.6617
-72.6374
-72.6133
-72.5895
-72.5659
-72.5426
-72.5196
-72.4967
-72.4741
-72.4518
-72.4297
-72.4078
-72.3862
-72.3648
-72.3436
-72.3227
-72.302
-72.2815
-72.2612
-72.2412
-72.2214
-72.2018
-72.1824
-72.1632
-72.1442
-72.1254
-72.1068
-72.0885
-72.0703
-72.0523
-72.0346
-72.017
-71.9996
-71.9824
-71.9654
-71.9486
-71.932
-71.9155
-71.8993
-71.8832
-71.8673
-71.8516
-71.836
-71.8206
-71.8054
-71.7904
-71.7755
-71.7608
-71.7463
-71.7319
-71.7177
-71.7037
-71.6898
-71.676
-71.6625
-71.649
-71.6358
-71.6226
-71.6097
-71.5968
-71.5842
-71.5716
-71.5592
-71.547
-71.5349
-71.5229
-71.5111
-71.4994
-71.4879
-71.4764
-71.4651
-71.454
-71.443
-71.4321
-71.4213
-71.4106
-71.4001
-71.3897
-71.3794
-71.3699
-71.3797
-71.4157
-71.4506
-71.4743
-71.4882
-71.4951
-71.4972
-71.496
-71.4925
-71.4873
-71.4884
-71.5036
-71.5236
-71.5378
-71.5452
-71.5475
-71.5462
-71.5425
-71.537
-71.5303
-71.5244
-71.5287
-71.5438
-71.558
-71.5661
-71.5689
-71.5679
-71.5642
-71.5586
-71.5518
-71.544
-71.5393
-71.5455
-71.5612
-71.5748
-71.5822
-71.5844
-71.5829
-71.5789
-71.573
-71.5659
-71.558
-71.5531
-71.5586
-71.5737
-71.5875
-71.5953
-71.5978
-71.5965
-71.5925
-71.5867
-71.5796
-71.5716
-71.5637
-71.5654
-71.5761
-71.5917
-71.6024
-71.6072
-71.6075
-71.6046
-71.5996
-71.593
-71.5853
-71.5769
-71.5718
-71.5761
-71.5884
-71.6028
-71.6118
-71.6153
-71.6146
-71.611
-71.6055
-71.5986
-71.5907
-71.5821
-71.5769
-71.5811
-71.5924
-71.6069
-71.6164
-71.6202
-71.6198
-71.6165
-71.6111
-71.6042
-71.5976
-71.6
-71.6044
-71.6147
-71.626
-71.6323
-71.6339
-71.6318
-71.6273
-71.6211
-71.6136
-71.6111
-71.6155
-71.6182
-71.6245
-71.6346
-71.6408
-71.6423
-71.6403
-71.6357
-71.6294
-71.6219
-71.6163
-71.6201
-71.6239
-71.6242
-71.6288
-71.6378
-71.6484
-71.6719
-71.6922
-71.7044
-71.71
-71.7106
-71.7184
-71.8006
-71.9968
-72.2523
-72.555
-72.8346
-73.0368
-73.1708
-73.2534
-73.3098
-73.3772
-73.5454
-73.8007
-74.0377
-74.2199
-74.3309
-74.389
-74.4168
-74.4299
-74.4404
-74.4635
-74.5133
-74.5914
-74.656
-74.6988
-74.7199
-74.7267
-74.7253
-74.7217
-74.718
-74.7175
-74.7248
-74.7456
-74.7668
-74.7815
-74.7884
-74.7875
-74.7816
-74.7736
-74.7648
-74.7576
-74.755
-74.763
-74.7781
-74.7896
-74.7963
-74.7973
-74.7924
-74.7846
-74.7759
-74.7668
-74.76
-74.7597
-74.7696
-74.7817
-74.7899
-74.7943
-74.7941
-74.7892
-74.7819
-74.7727
-74.7641
-74.7581
-74.7593
-74.7692
-74.7798
-74.787
-74.7903
-74.7908
-74.7868
-74.7797
-74.7703
-74.7624
-74.7571
-74.7576
-74.7662
-74.7758
-74.7819
-74.7842
-74.7851
-74.7839
-74.7783
-74.7699
-74.7624
-74.758
-74.7563
-74.7603
-74.7688
-74.7752
-74.778
-74.7785
-74.7785
-74.7772
-74.7715
-74.7642
-74.7588
-74.7557
-74.7552
-74.7595
-74.7665
-74.7712
-74.7731
-74.7734
-74.7722
-74.7705
-74.766
-74.7601
-74.7566
-74.7539
-74.7528
-74.7554
-74.7618
-74.7668
-74.7689
-74.7683
-74.7662
-74.7629
-74.76
-74.7572
-74.7549
-74.7525
-74.7514
-74.7515
-74.7545
-74.7601
-74.7633
-74.7637
-74.7614
-74.7577
-74.7532
-74.7513
-74.7519
-74.752
-74.751
-74.7493
-74.7483
-74.7501
-74.7547
-74.758
-74.7578
-74.7552
-74.7509
-74.7465
-74.7442
-74.7457
-74.7469
-74.7478
-74.7464
-74.7436
-74.744
-74.7477
-74.7513
-74.7517
-74.7507
-74.7479
-74.7437
-74.7406
-74.7377
-74.7388
-74.7408
-74.7424
-74.7406
-74.7382
-74.7388
-74.7418
-74.7439
-74.745
-74.7437
-74.7409
-74.7375
-74.7351
-74.7327
-74.731
-74.732
-74.7354
-74.7356
-74.7333
-74.7324
-74.7347
-74.7367
-74.7369
-74.7374
-74.7361
-74.7334
-74.7302
-74.7274
-74.726
-74.7248
-74.7242
-74.7262
-74.7285
-74.7264
-74.7235
-74.7235
-74.7269
-74.7276
-74.7266
-74.7272
-74.7278
-74.7261
-74.7224
-74.7193
-74.7177
-74.7187
-74.721
-74.7222
-74.7208
-74.7186
-74.7145
-74.7121
-74.7142
-74.7164
-74.7163
-74.7154
-74.7173
-74.7179
-74.716
-74.7135
-74.7107
-74.7091
-74.7123
-74.7154
-74.7144
-74.7088
-74.7029
-74.7001
-74.6984
-74.7001
-74.7042
-74.7051
-74.7047
-74.7047
-74.7057
-74.7074
-74.7076
-74.7063
-74.7052
-74.7066
-74.7093
-74.7095
-74.7045
-74.6953
-74.6867
-74.6799
-74.6774
-74.6825
-74.6892
-74.6937
-74.6929
-74.6895
-74.6882
-74.6899
-74.6928
-74.6952
-74.697
-74.6977
-74.6989
-74.6995
-74.6976
-74.6932
-74.6847
-74.6743
-74.664
-74.6561
-74.6567
-74.6659
-74.6762
-74.6827
-74.6804
-74.6749
-74.6725
-74.6759
-74.6821
-74.6861
-74.6869
-74.6868
-74.6877
-74.6875
-74.6835
-74.6767
-74.67
-74.6631
-74.6555
-74.6475
-74.639
-74.6362
-74.6416
-74.6507
-74.657
-74.6597
-74.6574
-74.6548
-74.6556
-74.6599
-74.6653
-74.6689
-74.6718
-74.6713
-74.6697
-74.6699
-74.6676
-74.6604
-74.6498
-74.64
-74.6363
-74.6342
-74.6313
-74.6263
-74.6222
-74.6235
-74.6289
-74.6323
-74.6361
-74.6399
-74.6389
-74.6388
-74.6392
-74.6421
-74.6479
-74.6507
-74.6491
-74.6463
-74.6451
-74.6446
-74.6414
-74.6342
-74.6262
-74.6189
-74.6118
-74.607
-74.6069
-74.6069
-74.6044
-74.5988
-74.5959
-74.5997
-74.6061
-74.61
-74.6104
-74.6077
-74.6052
-74.6012
-74.6016
-74.6097
-74.6202
-74.6252
-74.6242
-74.6195
-74.6156
-74.6164
-74.6145
-74.6084
-74.6006
-74.5938
-74.5873
-74.5825
-74.5801
-74.5766
-74.5731
-74.5713
-74.5716
-74.5731
-74.5757
-74.5808
-74.5859
-74.5881
-74.5838
-74.5794
-74.5737
-74.5672
-74.5624
-74.5657
-74.574
-74.5785
-74.5793
-74.5789
-74.5779
-74.577
-74.5767
-74.5758
-74.5718
-74.567
-74.5607
-74.5545
-74.5477
-74.544
-74.5389
-74.5328
-74.5313
-74.5316
-74.5295
-74.526
-74.5222
-74.5166
-74.5182
-74.5257
-74.5378
-74.5443
-74.5466
-74.5419
-74.5331
-74.5218
-74.5139
-74.5153
-74.5175
-74.5176
-74.5181
-74.5187
-74.5169
-74.5153
-74.5165
-74.5199
-74.5238
-74.5288
-74.5315
-74.5283
-74.5183
-74.5061
-74.4939
-74.4825
-74.4795
-74.4871
-74.4929
-74.4944
-74.4901
-74.4818
-74.4757
-74.4676
-74.4556
-74.4438
-74.4367
-74.4357
-74.4396
-74.4438
-74.4597
-74.4785
-74.4901
-74.4937
-74.4903
-74.4858
-74.4849
-74.4858
-74.4811
-74.4709
-74.4578
-74.4431
-74.432
-74.4301
-74.432
-74.4323
-74.431
-74.4334
-74.4373
-74.4432
-74.4506
-74.4535
-74.4518
-74.4463
-74.4393
-74.4337
-74.4257
-74.4153
-74.4084
-74.4035
-74.3961
-74.3882
-74.3815
-74.3807
-74.3784
-74.377
-74.3742
-74.3659
-74.3557
-74.3497
-74.3421
-74.3285
-74.3137
-74.3014
-74.2952
-74.2952
-74.3004
-74.313
-74.3275
-74.3426
-74.3565
-74.3728
-74.3934
-74.4095
-74.419
-74.4207
-74.4167
-74.4065
-74.3903
-74.3697
-74.3476
-74.3263
-74.3067
-74.2918
-74.2848
-74.2838
-74.2882
-74.2942
-74.3002
-74.2997
-74.3003
-74.3046
-74.311
-74.315
-74.3189
-74.3237
-74.3222
-74.3168
-74.3078
-74.3032
-74.2996
-74.2897
-74.2759
-74.2597
-74.2441
-74.2318
-74.2189
-74.2097
-74.2063
-74.2013
-74.1931
-74.1896
-74.1915
-74.1943
-74.194
-74.1882
-74.1754
-74.1619
-74.1483
-74.1331
-74.1146
-74.098
-74.0876
-74.0877
-74.0937
-74.0986
-74.1003
-74.0998
-74.1048
-74.1097
-74.1167
-74.1262
-74.143
-74.1734
-74.2018
-74.2224
-74.2368
-74.2442
-74.2433
-74.2388
-74.2279
-74.2141
-74.2111
-74.2107
-74.2099
-74.2117
-74.2128
-74.2119
-74.2078
-74.1997
-74.186
-74.1702
-74.1559
-74.151
-74.1514
-74.1543
-74.1525
-74.1507
-74.1486
-74.1473
-74.1403
-74.1296
-74.1185
-74.1093
-74.1049
-74.098
-74.0906
-74.0875
-74.085
-74.0768
-74.0655
-74.0497
-74.029
-74.0045
-73.9778
-73.9534
-73.9343
-73.9243
-73.9144
-73.9143
-73.9203
-73.9269
-73.9288
-73.9262
-73.9216
-73.9159
-73.9085
-73.9096
-73.9156
-73.9169
-73.9156
-73.9125
-73.907
-73.8982
-73.8877
-73.8729
-73.8582
-73.8408
-73.8194
-73.7968
-73.7795
-73.7687
-73.7592
-73.75
-73.7402
-73.7287
-73.7163
-73.7093
-73.7019
-73.6933
-73.6798
-73.6735
-73.6741
-73.6687
-73.6559
-73.6458
-73.6455
-73.6429
-73.639
-73.6306
-73.6161
-73.6053
-73.6051
-73.6031
-73.5951
-73.5927
-73.5952
-73.5964
-73.595
-73.5885
-73.5842
-73.5859
-73.5858
-73.5781
-73.5639
-73.5516
-73.5554
-73.564
-73.5642
-73.5675
-73.5823
-73.6011
-73.6171
-73.6224
-73.6225
-73.6305
-73.6377
-73.6474
-73.6526
-73.6485
-73.6369
-73.6197
-73.5991
-73.5819
-73.5708
-73.5678
-73.5798
-73.6016
-73.619
-73.6261
-73.6224
-73.6154
-73.6068
-73.5932
-73.5748
-73.5545
-73.5429
-73.5352
-73.525
-73.5196
-73.5237
-73.5245
-73.5237
-73.53
-73.5457
-73.5543
-73.5591
-73.5566
-73.5463
-73.5304
-73.5105
-73.4877
-73.4629
-73.4366
-73.4092
-73.3819
-73.3622
-73.3437
-73.3225
-73.2987
-73.274
-73.2567
-73.2402
-73.2207
-73.1984
-73.1739
-73.148
-73.1211
-73.0936
-73.0657
-73.0458
-73.0313
-73.0237
-73.017
-73.0056
-72.9895
-72.9701
-72.9484
-72.9252
-72.9009
-72.8759
-72.8504
-72.8246
-72.7986
-72.7725
-72.7467
-72.7319
-72.722
-72.7093
-72.6932
-72.6816
-72.6843
-72.6928
-72.6949
-72.6898
-72.6791
-72.6646
-72.6475
-72.6285
-72.6084
-72.5873
-72.5656
-72.5435
-72.5211
-72.4985
-72.4758
-72.4531
-72.4303
-72.4077
-72.3851
-72.3626
-72.3402
-72.318
-72.296
-72.2741
-72.2524
-72.2309
-72.2096
-72.1886
-72.1677
-72.147
-72.1266
-72.1063
-72.0863
-72.0665
-72.0469
-72.0276
-72.0084
-71.9895
-71.9708
-71.9523
-71.934
-71.9159
-71.898
-71.8803
-71.8629
-71.8456
-71.8286
-71.8117
-71.795
-71.7786
-71.7623
-71.7463
-71.7304
-71.7147
-71.6992
-71.6839
-71.6688
-71.6538
-71.6391
-71.6245
-71.6101
-71.5959
-71.5818
-71.568
-71.5543
-71.5407
-71.5273
-71.5141
-71.5011
-71.4882
-71.4755
-71.4629
-71.4505
-71.4383
-71.4262
-71.4142
-71.4024
-71.3908
-71.3792
-71.3679
-71.3567
-71.3456
-71.3347
-71.3239
-71.3132
-71.3027
-71.2924
-71.2821
-71.272
-71.262
-71.2522
-71.2425
-71.2329
-71.2234
-71.2141
-71.2049
-71.1958
-71.1868
-71.1779
-71.1692
-71.1605
-71.152
-71.1436
-71.1353
-71.1271
-71.119
-71.1111
-71.1032
-71.0955
-71.0878
-71.0802
-71.0728
-71.0654
-71.0582
-71.051
-71.044
-71.037
-71.0301
-71.0234
-71.0167
-71.0101
-71.0036
-70.9972
-70.9908
-70.9846
-70.9784
-70.9724
-70.9664
-70.9605
-70.9547
-70.9489
-70.9433
-70.9377
-70.9322
-70.9268
-70.9214
-70.9161
-70.9109
-70.9058
-70.9008
-70.8958
-70.8909
-70.886
-70.8813
-70.8766
-70.8719
-70.8673
-70.8628
-70.8584
-70.854
-70.8497
-70.8455
-70.8413
-70.8372
-70.8331
-70.8291
-70.8252
-70.8213
-70.8175
-70.8137
-70.81
-70.8063
-70.8027
-70.7992
-70.7957
-70.7923
-70.7889
-70.7855
-70.7823
-70.779
-70.7758
-70.7727
-70.7696
-70.7666
-70.7636
-70.7606
-70.7577
-70.7549
-70.7521
-70.7493
-70.7466
-70.7439
-70.7413
-70.7387
-70.7361
-70.7336
-70.7312
-70.7287
-70.7264
-70.724
-70.7217
-70.7194
-70.7172
-70.715
-70.7128
-70.7107
-70.7086
-70.7066
-70.7045
-70.7026
-70.7006
-70.6987
-70.6968
-70.695
-70.6931
-70.6913
-70.6896
-70.6879
-70.6862
-70.6845
-70.6829
-70.6813
-70.6797
-70.6781
-70.6766
-70.6751
-70.6737
-70.6722
-70.6708
-70.6694
-70.6681
-70.6667
-70.6654
-70.6641
-70.6629
-70.6616
-70.6604
-70.6592
-70.6581
-70.6569
-70.6558
-70.6547
-70.6536
-70.6526
-70.6515
-70.6505
-70.6495
-70.6486
-70.6476
-70.6467
-70.6458
-70.6449
-70.644
-70.6432
-70.6423
-70.6415
-70.6407
-70.6399
-70.6392
-70.6384
-70.6377
-70.637
-70.6363
-70.6356
-70.6349
-70.6343
-70.6336
-70.633
-70.6324
-70.6318
-70.6313
-70.6307
-70.6302
-70.6296
-70.6291
-70.6286
-70.6281
-70.6276
-70.6272
-70.6267
-70.6263
-70.6259
-70.6254
-70.625
-70.6246
-70.6243
-70.6239
-70.6235
-70.6232
-70.6229
-70.6225
-70.6222
-70.6219
-70.6216
-70.6213
-70.6211
-70.6208
-70.6205
-70.6203
-70.6201
-70.6198
-70.6196
-70.6194
-70.6192
-70.619
-70.6188
-70.6187
-70.6185
-70.6183
-70.6182
-70.618
-70.6179
-70.6178
-70.6177
-70.6175
-70.6174
-70.6173
-70.6172
-70.6172
-70.6171
-70.617
-70.6169
-70.6169
-70.6168
-70.6168
-70.6167
-70.6167
-70.6167
-70.6166
-70.6166
-70.6166
-70.6166
-70.6166
-70.6166
-70.6166
-70.6166
-70.6166
-70.6166
-70.6167
-70.6167
-70.6167
-70.6168
-70.6168
-70.6168
-70.6169
-70.617
-70.617
-70.6171
-70.6171
-70.6172
-70.6173
-70.6174
-70.6174
-70.6175
-70.6176
-70.6177
-70.6178
-70.6179
-70.618
-70.6181
-70.6182
-70.6183
-70.6184
-70.6185
-70.6186
-70.6187
-70.6189
-70.619
-70.6191
-70.6192
-70.6194
-70.6195
-70.6196
-70.6198
-70.6199
-70.6201
-70.6202
-70.6203
-70.6205
-70.6206
-70.6208
-70.6209
-70.6211
-70.6212
-70.6214
-70.6216
-70.6217
-70.6219
-70.622
-70.6222
-70.6224
-70.6225
-70.6227
-70.6229
-70.623
-70.6232
-70.6234
-70.6236
-70.6237
-70.6239
-70.6241
-70.6243
-70.6244
-70.6246
-70.6248
-70.625
-70.6251
-70.6253
-70.6255
-70.6257
-70.6259
-70.626
-70.6262
-70.6264
-70.6266
-70.6268
-70.627
-70.6272
-70.6273
-70.6275
-70.6277
-70.6279
-70.6281
-70.6283
-70.6285
-70.6286
-70.6288
-70.629
-70.6292
-70.6294
-70.6296
-70.6298
-70.63
-70.6302
-70.6303
-70.6305
-70.6307
-70.6309
-70.6311
-70.6313
-70.6315
-70.6317
-70.6318
-70.632
-70.6322
-70.6324
-70.6326
-70.6328
-70.633
-70.6331
-70.6333
-70.6335
-70.6337
-70.6339
-70.6341
-70.6343
-70.6344
-70.6346
-70.6348
-70.635
-70.6352
-70.6353
-70.6355
-70.6357
-70.6359
-70.6361
-70.6362
-70.6364
-70.6366
-70.6368
-70.637
-70.6371
-70.6373
-70.6375
-70.6377
-70.6378
-70.638
-70.6382
-70.6384
-70.6385
-70.6387
-70.6389
-70.639
-70.6392
-70.6394
-70.6395
-70.6397
-70.6399
-70.6401
-70.6402
-70.6404
-70.6405
-70.6407
-70.6409
-70.641
-70.6412
-70.6414
-70.6415
-70.6417
-70.6418

