-70
-70.1661
-70.23
-70.2566
-70.2695
-70.2773
-70.283
-70.2879
-70.2925
-70.297
-70.3014
-70.3057
-70.31
-70.3142
-70.3185
-70.3226
-70.3268
-70.3309
-70.335
-70.3391
-70.3431
-70.3471
-70.351
-70.3549
-70.3588
-70.3626
-70.3664
-70.3701
-70.3738
-70.3775
-70.3811
-70.3847
-70.3883
-70.3918
-70.3953
-70.3987
-70.4021
-70.4055
-70.4088
-70.4121
-70.4154
-70.4186
-70.4218
-70.4249
-70.428
-70.4311
-70.4341
-70.4372
-70.4401
-70.4431
-70.446
-70.4489
-70.4517
-70.4545
-70.4573
-70.4601
-70.4628
-70.4655
-70.4682
-70.4708
-70.4734
-70.476
-70.4785
-70.481
-70.4835
-70.486
-70.4884
-70.4908
-70.4932
-70.4955
-70.4978
-70.5001
-70.5024
-70.5046
-70.5068
-70.509
-70.5112
-70.5133
-70.5154
-70.5175
-70.5196
-70.5216
-70.5236
-70.5256
-70.5276
-70.5295
-70.5315
-70.5334
-70.5352
-70.5371
-70.5389
-70.5407
-70.5425
-70.5443
-70.5461
-70.5478
-70.5495
-70.5512
-70.5528
-70.5545
-70.5561
-70.5577
-70.5593
-70.5609
-70.5624
-70.5639
-70.5655
-70.5669
-70.5684
-70.5699
-70.5713
-70.5727
-70.5741
-70.5755
-70.5769
-70.5782
-70.5796
-70.5809
-70.5822
-70.5835
-70.5848
-70.586
-70.5873
-70.5885
-70.5897
-70.5909
-70.5921
-70.5932
-70.5944
-70.5955
-70.5966
-70.5977
-70.5988
-70.5999
-70.601
-70.602
-70.603
-70.6041
-70.6051
-70.6061
-70.6071
-70.608
-70.609
-70.6099
-70.6109
-70.6118
-70.6127
-70.6136
-70.6145
-70.6154
-70.6162
-70.6171
-70.6179
-70.6187
-70.6196
-70.6204
-70.6212
-70.622
-70.6227
-70.6235
-70.6242
-70.625
-70.6257
-70.6265
-70.6272
-70.6279
-70.6286
-70.6293
-70.6299
-70.6306
-70.6313
-70.6319
-70.6325
-70.6332
-70.6338
-70.6344
-70.635
-70.6356
-70.6362
-70.6368
-70.6374
-70.6379
-70.6385
-70.639
-70.6396
-70.6401
-70.6406
-70.6411
-70.6417
-70.6422
-70.6427
-70.6431
-70.6436
-70.6441
-70.6446
-70.645
-70.6455
-70.6459
-70.6464
-70.6468
-70.6472
-70.6476
-70.6481
-70.6485
-70.6489
-70.6493
-70.6497
-70.65
-70.6504
-70.6508
-70.6512
-70.6515
-70.6519
-70.6522
-70.6526
-70.6529
-70.6533
-70.6536
-70.6539
-70.6542
-70.6545
-70.6549
-70.6552
-70.6555
-70.6558
-70.656
-70.6563
-70.6566
-70.6569
-70.6572
-70.6574
-70.6577
-70.658
-70.6582
-70.6585
-70.6587
-70.6589
-70.6592
-70.6594
-70.6597
-70.6599
-70.6601
-70.6603
-70.6605
-70.6607
-70.661
-70.6612
-70.6614
-70.6616
-70.6617
-70.6619
-70.6621
-70.6623
-70.6625
-70.6627
-70.6628
-70.663
-70.6632
-70.6633
-70.6635
-70.6637
-70.6638
-70.664
-70.6641
-70.6643
-70.6644
-70.6646
-70.6647
-70.6648
-70.665
-70.6651
-70.6652
-70.6653
-70.6655
-70.6656
-70.6657
-70.6658
-70.6659
-70.666
-70.6662
-70.6663
-70.6664
-70.6665
-70.6666
-70.6667
-70.6668
-70.6669
-70.667
-70.667
-70.6671
-70.6672
-70.6673
-70.6674
-70.6675
-70.6675
-70.6676
-70.6677
-70.6678
-70.6678
-70.6679
-70.668
-70.668
-70.6681
-70.6682
-70.6682
-70.6683
-70.6683
-70.6684
-70.6685
-70.6685
-70.6686
-70.6686
-70.6687
-70.6687
-70.6688
-70.6688
-70.6688
-70.6689
-70.6689
-70.669
-70.669
-70.669
-70.6691
-70.6691
-70.6691
-70.6692
-70.6692
-70.6692
-70.6693
-70.6693
-70.6693
-70.6694
-70.6694
-70.6694
-70.6694
-70.6694
-70.6695
-70.6695
-70.6695
-70.6695
-70.6695
-70.6696
-70.6696
-70.6696
-70.6696
-70.6696
-70.6696
-70.6696
-70.6697
-70.6697
-70.6697
-70.6697
-70.6697
-70.6697
-70.6697
-70.6697
-70.6697
-70.6697
-70.6697
-70.6697
-70.6697
-70.6697
-70.6697
-70.6697
-70.6697
-70.6697
-70.6697
-70.6697
-70.6697
-70.6697
-70.6697
-70.6697
-70.6697
-70.6697
-70.6697
-70.6697
-70.6697
-70.6697
-70.6697
-70.6697
-70.6697
-70.6697
-70.6697
-70.6696
-70.6696
-70.6696
-70.6696
-70.6696
-70.6696
-70.6696
-70.6696
-70.6696
-70.6695
-70.6695
-70.6695
-70.6695
-70.6695
-70.6695
-70.6695
-70.6695
-70.6694
-70.6694
-70.6694
-70.6694
-70.6694
-70.6694
-70.6693
-70.6693
-70.6693
-70.6693
-70.6693
-70.6693
-70.6693
-70.6692
-70.6692
-70.6692
-70.6692
-70.6692
-70.6691
-70.6691
-70.6691
-70.6691
-70.6691
-70.6691
-70.669
-70.669
-70.669
-70.669
-70.669
-70.6689
-70.6689
-70.6689
-70.6689
-70.6689
-70.6688
-70.6688
-70.6688
-70.6688
-70.6688
-70.6687
-70.6687
-70.6687
-70.6687
-70.6686
-70.6686
-70.6686
-70.6686
-70.6686
-70.6685
-70.6685
-70.6685
-70.6685
-70.6685
-70.6684
-70.6684
-70.6684
-70.6684
-70.6684
-70.6683
-70.6683
-70.6683
-70.6683
-70.6682
-70.6682
-70.6682
-70.6682
-70.6682
-70.6681
-70.6681
-70.6681
-70.6681
-70.6681
-70.669
-70.8653
-71.5961
-72.537
-73.2977
-73.7842
-74.0478
-74.1811
-74.2474
-74.2803
-74.3044
-74.343
-74.4129
-74.4875
-74.5475
-74.588
-74.6086
-74.6156
-74.6146
-74.6094
-74.6043
-74.6078
-74.6329
-74.6683
-74.6985
-74.7179
-74.7249
-74.723
-74.7152
-74.7038
-74.6899
-74.6748
-74.6589
-74.6416
-74.6229
-74.6028
-74.5812
-74.5582
-74.5338
-74.5081
-74.4814
-74.4536
-74.4249
-74.3953
-74.365
-74.3339
-74.3023
-74.2701
-74.2374
-74.2042
-74.1707
-74.137
-74.103
-74.0687
-74.0344
-74
-73.9655
-73.931
-73.8965
-73.8621
-73.8278
-73.7936
-73.7595
-73.7256
-73.6918
-73.6582
-73.6249
-73.5917
-73.5588
-73.5261
-73.4937
-73.4615
-73.4296
-73.398
-73.3666
-73.3355
-73.3047
-73.2741
-73.2438
-73.2139
-73.1842
-73.1547
-73.1256
-73.0967
-73.0681
-73.0398
-73.0118
-72.984
-72.9566
-72.9293
-72.9024
-72.8757
-72.8494
-72.8232
-72.7974
-72.7718
-72.7464
-72.7213
-72.6965
-72.672
-72.6476
-72.6236
-72.5998
-72.5762
-72.5529
-72.5298
-72.507
-72.4844
-72.462
-72.4399
-72.418
-72.3964
-72.375
-72.3538
-72.3328
-72.3121
-72.2916
-72.2713
-72.2512
-72.2314
-72.2118
-72.1923
-72.1731
-72.1541
-72.1353
-72.1167
-72.0983
-72.0801
-72.0622
-72.0444
-72.0268
-72.0093
-71.9921
-71.9751
-71.9583
-71.9416
-71.9251
-71.9088
-71.8927
-71.8768
-71.861
-71.8454
-71.83
-71.8148
-71.7997
-71.7848
-71.7701
-71.7555
-71.7411
-71.7268
-71.7127
-71.6988
-71.685
-71.6714
-71.658
-71.6447
-71.6315
-71.6185
-71.6056
-71.5929
-71.5803
-71.5679
-71.5556
-71.5435
-71.5315
-71.5196
-71.5079
-71.4963
-71.4848
-71.4735
-71.4623
-71.4512
-71.4403
-71.43
-71.4364
-71.4501
-71.4593
-71.4632
-71.4629
-71.4598
-71.4549
-71.4676
-71.5063
-71.5417
-71.5724
-71.6001
-71.6187
-71.6292
-71.6336
-71.6338
-71.6311
-71.6307
-71.6486
-71.6686
-71.6826
-71.6989
-71.7123
-71.7194
-71.7213
-71.7194
-71.7148
-71.7084
-71.7124
-71.7286
-71.7412
-71.7499
-71.7627
-71.7722
-71.776
-71.7753
-71.7714
-71.7652
-71.7576
-71.7643
-71.7804
-71.7917
-71.7983
-71.8094
-71.8181
-71.8215
-71.8204
-71.816
-71.8093
-71.8011
-71.8063
-71.8219
-71.8331
-71.8378
-71.8452
-71.8541
-71.8584
-71.858
-71.854
-71.8475
-71.8392
-71.8349
-71.8483
-71.8619
-71.869
-71.8715
-71.8792
-71.8861
-71.8881
-71.8858
-71.8805
-71.8729
-71.8638
-71.8649
-71.8795
-71.891
-71.8959
-71.8962
-71.9019
-71.908
-71.9097
-71.9072
-71.9016
-71.8937
-71.8843
-71.8843
-71.8985
-71.9102
-71.9153
-71.9149
-71.9164
-71.9225
-71.9254
-71.9239
-71.9189
-71.9148
-71.9224
-71.9355
-71.9436
-71.9457
-71.9483
-71.9541
-71.9566
-71.9547
-71.9494
-71.942
-71.9409
-71.9458
-71.956
-71.9626
-71.9638
-71.9658
-71.9716
-71.9739
-71.9719
-71.9665
-71.9586
-71.9544
-71.956
-71.9668
-71.996
-72.0201
-72.0345
-72.0614
-72.094
-72.1166
-72.1287
-72.142
-72.1683
-72.2206
-72.3395
-72.5145
-72.7307
-72.9491
-73.1158
-73.2338
-73.3194
-73.3773
-73.4269
-73.5236
-73.7208
-73.944
-74.1314
-74.2632
-74.3437
-74.3871
-74.4086
-74.4166
-74.4244
-74.4491
-74.4993
-74.566
-74.6205
-74.6552
-74.6728
-74.6778
-74.6752
-74.6678
-74.6593
-74.6594
-74.673
-74.6984
-74.7207
-74.7351
-74.7414
-74.7411
-74.7352
-74.7259
-74.7144
-74.7055
-74.706
-74.7186
-74.7339
-74.7455
-74.7519
-74.7522
-74.7479
-74.7397
-74.7286
-74.7165
-74.7088
-74.7135
-74.7267
-74.738
-74.7459
-74.7503
-74.7495
-74.7449
-74.7367
-74.7262
-74.7141
-74.7061
-74.7124
-74.7256
-74.7351
-74.7415
-74.7453
-74.7453
-74.7414
-74.7348
-74.7254
-74.7137
-74.7049
-74.7095
-74.7216
-74.7307
-74.7351
-74.7382
-74.7387
-74.7356
-74.7316
-74.7253
-74.7152
-74.7053
-74.7041
-74.7136
-74.7237
-74.7291
-74.7305
-74.7319
-74.7312
-74.7285
-74.7246
-74.7179
-74.7092
-74.702
-74.7036
-74.7118
-74.7198
-74.7243
-74.7244
-74.7237
-74.7239
-74.7215
-74.7175
-74.7113
-74.7053
-74.7002
-74.7015
-74.7083
-74.7154
-74.7198
-74.7197
-74.7168
-74.7157
-74.7156
-74.7117
-74.7053
-74.6998
-74.6964
-74.697
-74.7012
-74.7076
-74.7116
-74.7144
-74.7133
-74.7097
-74.7077
-74.7067
-74.7033
-74.699
-74.6942
-74.6915
-74.6929
-74.6973
-74.7031
-74.7062
-74.7076
-74.7067
-74.7023
-74.6991
-74.6968
-74.6945
-74.6922
-74.6881
-74.6854
-74.6852
-74.6894
-74.694
-74.6991
-74.7015
-74.7026
-74.7013
-74.6966
-74.6908
-74.6869
-74.685
-74.6826
-74.6804
-74.6794
-74.6784
-74.6807
-74.684
-74.6897
-74.6935
-74.6946
-74.6944
-74.6898
-74.6824
-74.676
-74.6748
-74.6735
-74.6725
-74.6725
-74.6724
-74.6748
-74.678
-74.6798
-74.6835
-74.6872
-74.6879
-74.6859
-74.6812
-74.6736
-74.6663
-74.6625
-74.6608
-74.6606
-74.6614
-74.66
-74.6631
-74.6693
-74.6711
-74.6704
-74.6718
-74.6746
-74.6762
-74.6744
-74.6697
-74.6626
-74.6553
-74.6509
-74.6509
-74.6536
-74.6553
-74.6545
-74.6545
-74.6587
-74.6628
-74.6634
-74.6615
-74.6617
-74.6627
-74.6626
-74.6601
-74.6547
-74.6469
-74.6393
-74.6328
-74.6337
-74.6374
-74.6399
-74.6411
-74.642
-74.6432
-74.6484
-74.6502
-74.6503
-74.6503
-74.6509
-74.6512
-74.6506
-74.6477
-74.6409
-74.6353
-74.6297
-74.6261
-74.6254
-74.625
-74.623
-74.6235
-74.6276
-74.6307
-74.6329
-74.635
-74.6351
-74.6337
-74.6336
-74.6345
-74.6353
-74.6318
-74.6255
-74.6187
-74.6125
-74.6105
-74.6119
-74.6109
-74.6078
-74.6049
-74.6004
-74.6036
-74.6072
-74.6126
-74.6168
-74.6186
-74.6202
-74.6202
-74.6197
-74.6212
-74.6234
-74.622
-74.6164
-74.6093
-74.6006
-74.5957
-74.5951
-74.5933
-74.5888
-74.5837
-74.5811
-74.5827
-74.5833
-74.5836
-74.5865
-74.5914
-74.5952
-74.5941
-74.5917
-74.5912
-74.5904
-74.5901
-74.5942
-74.597
-74.5949
-74.5919
-74.5867
-74.5798
-74.574
-74.5678
-74.5634
-74.5574
-74.5502
-74.5488
-74.5547
-74.5595
-74.5598
-74.5629
-74.5678
-74.5739
-74.5771
-74.5757
-74.571
-74.5689
-74.5666
-74.5654
-74.5686
-74.5711
-74.5723
-74.5719
-74.5692
-74.5656
-74.5584
-74.5487
-74.54
-74.5286
-74.5173
-74.5108
-74.5105
-74.5152
-74.5192
-74.5245
-74.5269
-74.5269
-74.5267
-74.5296
-74.5302
-74.5319
-74.5301
-74.5273
-74.5254
-74.5252
-74.5279
-74.5342
-74.5374
-74.5367
-74.5347
-74.537
-74.5386
-74.5337
-74.5229
-74.5088
-74.4959
-74.4827
-74.4712
-74.4648
-74.4637
-74.465
-74.4729
-74.4849
-74.4914
-74.4938
-74.4963
-74.4978
-74.4967
-74.4935
-74.4899
-74.4842
-74.4814
-74.4826
-74.482
-74.4831
-74.4925
-74.5019
-74.5045
-74.5025
-74.5022
-74.5016
-74.5008
-74.4956
-74.486
-74.472
-74.4549
-74.436
-74.4207
-74.4155
-74.4172
-74.421
-74.4198
-74.4142
-74.4058
-74.4033
-74.4079
-74.4175
-74.4249
-74.4282
-74.4293
-74.4253
-74.4177
-74.4096
-74.4009
-74.3963
-74.3937
-74.3913
-74.3948
-74.4053
-74.4167
-74.4316
-74.4487
-74.4609
-74.4638
-74.4607
-74.4544
-74.447
-74.442
-74.4333
-74.4188
-74.4014
-74.3829
-74.3655
-74.355
-74.353
-74.3561
-74.3587
-74.3572
-74.3497
-74.3396
-74.3284
-74.323
-74.3209
-74.3182
-74.3197
-74.3248
-74.3305
-74.3326
-74.3297
-74.3295
-74.3344
-74.3342
-74.3293
-74.3223
-74.3182
-74.3166
-74.3186
-74.325
-74.3291
-74.3365
-74.3464
-74.354
-74.3627
-74.3736
-74.3837
-74.3912
-74.3924
-74.3874
-74.3765
-74.3644
-74.3554
-74.3469
-74.3331
-74.3166
-74.3007
-74.2856
-74.2738
-74.2696
-74.2688
-74.2644
-74.2619
-74.259
-74.2504
-74.2393
-74.2272
-74.2166
-74.2091
-74.1989
-74.1857
-74.1718
-74.1622
-74.1558
-74.1496
-74.1452
-74.143
-74.1403
-74.1413
-74.1445
-74.1492
-74.1545
-74.1555
-74.1575
-74.1615
-74.1666
-74.1694
-74.1714
-74.1723
-74.1695
-74.1675
-74.1655
-74.1665
-74.1752
-74.1846
-74.1888
-74.1954
-74.2057
-74.2175
-74.2269
-74.2316
-74.2302
-74.2323
-74.2334
-74.2283
-74.2226
-74.2162
-74.2059
-74.1954
-74.1898
-74.1812
-74.1677
-74.155
-74.1462
-74.1466
-74.1479
-74.1412
-74.1271
-74.1111
-74.0977
-74.0847
-74.0738
-74.0608
-74.0457
-74.0264
-74.0055
-73.9891
-73.9763
-73.9704
-73.9678
-73.9626
-73.9532
-73.9413
-73.9312
-73.9184
-73.91
-73.9028
-73.8917
-73.8796
-73.8742
-73.8764
-73.8851
-73.8968
-73.9022
-73.9021
-73.9061
-73.9083
-73.9069
-73.913
-73.9149
-73.91
-73.9136
-73.9267
-73.937
-73.9375
-73.9333
-73.9288
-73.9279
-73.9273
-73.9239
-73.9143
-73.8984
-73.8777
-73.8576
-73.8477
-73.8491
-73.8582
-73.8714
-73.8853
-73.8915
-73.8926
-73.8924
-73.8878
-73.8823
-73.8836
-73.8947
-73.9207
-73.9578
-73.9858
-73.9978
-73.9969
-73.9947
-73.9888
-73.9766
-73.9633
-73.9508
-73.9364
-73.9176
-73.8949
-73.87
-73.8499
-73.8336
-73.8188
-73.8082
-73.8069
-73.8084
-73.8121
-73.8234
-73.8487
-73.8837
-73.9148
-73.9331
-73.9371
-73.9302
-73.9161
-73.8971
-73.8746
-73.8527
-73.8325
-73.8101
-73.7916
-73.7786
-73.7625
-73.7419
-73.7177
-73.6912
-73.6684
-73.6467
-73.6227
-73.5966
-73.5752
-73.5544
-73.5309
-73.5058
-73.4859
-73.466
-73.4434
-73.4195
-73.4012
-73.3826
-73.3689
-73.3632
-73.355
-73.3412
-73.3225
-73.306
-73.2921
-73.2752
-73.2547
-73.2316
-73.2065
-73.1802
-73.1541
-73.1388
-73.1397
-73.1437
-73.1475
-73.1537
-73.1588
-73.1573
-73.1573
-73.1547
-73.1547
-73.1512
-73.1415
-73.1322
-73.1304
-73.1322
-73.132
-73.15
-73.1688
-73.1764
-73.1739
-73.1642
-73.1505
-73.1423
-73.1334
-73.12
-73.1029
-73.0834
-73.0711
-73.06
-73.0453
-73.0273
-73.0147
-73.0054
-72.9926
-72.9796
-72.9728
-72.9637
-72.9501
-72.9402
-72.9342
-72.9244
-72.9162
-72.912
-72.9039
-72.8972
-72.8945
-72.8876
-72.8757
-72.869
-72.865
-72.8567
-72.8437
-72.8273
-72.8084
-72.7878
-72.766
-72.7433
-72.7201
-72.6964
-72.6725
-72.6484
-72.6242
-72.6
-72.5757
-72.5516
-72.5275
-72.5127
-72.5062
-72.5142
-72.5354
-72.5491
-72.5528
-72.5488
-72.5395
-72.5265
-72.5111
-72.4939
-72.4755
-72.4562
-72.4363
-72.416
-72.3953
-72.3744
-72.3534
-72.3323
-72.3122
-72.3058
-72.3036
-72.2977
-72.2877
-72.2747
-72.2597
-72.2432
-72.2258
-72.2184
-72.2198
-72.2183
-72.212
-72.2019
-72.1892
-72.1748
-72.1591
-72.1426
-72.1255
-72.1081
-72.0904
-72.0726
-72.0547
-72.0367
-72.0188
-72.0009
-71.9831
-71.9654
-71.9478
-71.9304
-71.913
-71.8959
-71.8788
-71.862
-71.8453
-71.8287
-71.8124
-71.7962
-71.7802
-71.7643
-71.7486
-71.7331
-71.7178
-71.7027
-71.6877
-71.6729
-71.6582
-71.6438
-71.6295
-71.6153
-71.6014
-71.5876
-71.574
-71.5605
-71.5472
-71.534
-71.5211
-71.5082
-71.4956
-71.483
-71.4707
-71.4585
-71.4464
-71.4345
-71.4227
-71.4111
-71.3996
-71.3882
-71.377
-71.366
-71.3551
-71.3443
-71.3336
-71.3231
-71.3127
-71.3025
-71.2924
-71.2824
-71.2725
-71.2628
-71.2532
-71.2437
-71.2344
-71.2251
-71.216
-71.207
-71.1981
-71.1893
-71.1807
-71.1721
-71.1637
-71.1553
-71.1471
-71.139
-71.131
-71.1231
-71.1153
-71.1076
-71.1
-71.0925
-71.0851
-71.0778
-71.0706
-71.0635
-71.0565
-71.0495
-71.0427
-71.036
-71.0293
-71.0228
-71.0163
-71.0099
-71.0036
-70.9974
-70.9913
-70.9852
-70.9792
-70.9734
-70.9676
-70.9618
-70.9562
-70.9506
-70.9451
-70.9397
-70.9344
-70.9291
-70.9239
-70.9188
-70.9137
-70.9088
-70.9038
-70.899
-70.8942
-70.8895
-70.8849
-70.8803
-70.8758
-70.8713
-70.867
-70.8626
-70.8584
-70.8542
-70.85
-70.846
-70.8419
-70.838
-70.8341
-70.8302
-70.8264
-70.8227
-70.819
-70.8154
-70.8118
-70.8083
-70.8048
-70.8014
-70.7981
-70.7948
-70.7915
-70.7883
-70.7851
-70.782
-70.7789
-70.7759
-70.7729
-70.77
-70.7671
-70.7642
-70.7614
-70.7587
-70.756
-70.7533
-70.7507
-70.7481
-70.7455
-70.743
-70.7405
-70.7381
-70.7357
-70.7334
-70.7311
-70.7288
-70.7265
-70.7243
-70.7222
-70.72
-70.7179
-70.7159
-70.7138
-70.7118
-70.7099
-70.7079
-70.706
-70.7042
-70.7023
-70.7005
-70.6988
-70.697
-70.6953
-70.6936
-70.692
-70.6903
-70.6887
-70.6872
-70.6856
-70.6841
-70.6826
-70.6812
-70.6797
-70.6783
-70.6769
-70.6756
-70.6742
-70.6729
-70.6716
-70.6704
-70.6691
-70.6679
-70.6667
-70.6656
-70.6644
-70.6633
-70.6622
-70.6611
-70.66
-70.659
-70.658
-70.657
-70.656
-70.655
-70.6541
-70.6531
-70.6522
-70.6514
-70.6505
-70.6496
-70.6488
-70.648
-70.6472
-70.6464
-70.6456
-70.6449
-70.6442
-70.6434
-70.6427
-70.6421
-70.6414
-70.6407
-70.6401
-70.6395
-70.6389
-70.6383
-70.6377
-70.6371
-70.6366
-70.636
-70.6355
-70.635
-70.6345
-70.634
-70.6335
-70.6331
-70.6326
-70.6322
-70.6317
-70.6313
-70.6309
-70.6305
-70.6301
-70.6298
-70.6294
-70.6291
-70.6287
-70.6284
-70.6281
-70.6278
-70.6275
-70.6272
-70.6269
-70.6266
-70.6263
-70.6261
-70.6258
-70.6256
-70.6254
-70.6252
-70.625
-70.6247
-70.6246
-70.6244
-70.6242
-70.624
-70.6238
-70.6237
-70.6235
-70.6234
-70.6233
-70.6231
-70.623
-70.6229
-70.6228
-70.6227
-70.6226
-70.6225
-70.6224
-70.6223
-70.6223
-70.6222
-70.6221
-70.6221
-70.622
-70.622
-70.6219
-70.6219
-70.6219
-70.6219
-70.6218
-70.6218
-70.6218
-70.6218
-70.6218
-70.6218
-70.6218
-70.6218
-70.6218
-70.6219
-70.6219
-70.6219
-70.6219
-70.622
-70.622
-70.6221
-70.6221
-70.6222
-70.6222
-70.6223
-70.6223
-70.6224
-70.6225
-70.6225
-70.6226
-70.6227
-70.6228
-70.6228
-70.6229
-70.623
-70.6231
-70.6232
-70.6233
-70.6234
-70.6235
-70.6236
-70.6237
-70.6238
-70.6239
-70.624
-70.6241
-70.6243
-70.6244
-70.6245
-70.6246
-70.6247
-70.6249
-70.625
-70.6251
-70.6252
-70.6254
-70.6255
-70.6256
-70.6258
-70.6259
-70.6261
-70.6262
-70.6263
-70.6265
-70.6266
-70.6268
-70.6269
-70.6271
-70.6272
-70.6274
-70.6275
-70.6277
-70.6278
-70.628
-70.6281
-70.6283
-70.6284
-70.6286
-70.6287
-70.6289
-70.6291
-70.6292
-70.6294
-70.6295
-70.6297
-70.6299
-70.63
-70.6302
-70.6304
-70.6305
-70.6307
-70.6308
-70.631
-70.6312
-70.6313
-70.6315
-70.6317
-70.6318
-70.632
-70.6322
-70.6323
-70.6325
-70.6327
-70.6328
-70.633
-70.6332
-70.6333
-70.6335
-70.6337
-70.6338
-70.634
-70.6342
-70.6343
-70.6345
-70.6347
-70.6348
-70.635
-70.6352
-70.6353
-70.6355
-70.6357
-70.6358
-70.636
-70.6362
-70.6363
-70.6365
-70.6367
-70.6368
-70.637
-70.6372
-70.6373
-70.6375
-70.6377
-70.6378
-70.638
-70.6382
-70.6383
-70.6385
-70.6386
-70.6388
-70.639
-70.6391
-70.6393
-70.6394
-70.6396
-70.6398
-70.6399
-70.6401
-70.6402
-70.6404
-70.6405
-70.6407
-70.6408
-70.641
-70.6412
-70.6413
-70.6415
-70.6416
-70.6418
-70.6419
-70.6421
-70.6422
-70.6424
-70.6425
-70.6427
-70.6428
-70.643
-70.6431
-70.6433
-70.6434
-70.6435
-70.6437
-70.6438
-70.644
-70.6441
-70.6443
-70.6444
-70.6445
-70.6447
-70.6448
-70.645

