-70
-70.1661
-70.23
-70.2566
-70.2695
-70.2773
-70.283
-70.2879
-70.2925
-70.297
-70.3014
-70.3057
-70.31
-70.3142
-70.3185
-70.3226
-70.3268
-70.3309
-70.335
-70.3391
-70.3431
-70.3471
-70.351
-70.3549
-70.3588
-70.3626
-70.3664
-70.3701
-70.3738
-70.3775
-70.3811
-70.3847
-70.3883
-70.3918
-70.3953
-70.3987
-70.4021
-70.4055
-70.4088
-70.4121
-70.4154
-70.4186
-70.4218
-70.4249
-70.428
-70.4311
-70.4341
-70.4372
-70.4401
-70.4431
-70.446
-70.4489
-70.4517
-70.4545
-70.4573
-70.4601
-70.4628
-70.4655
-70.4682
-70.4708
-70.4734
-70.476
-70.4785
-70.481
-70.4835
-70.486
-70.4884
-70.4908
-70.4932
-70.4955
-70.4978
-70.5001
-70.5024
-70.5046
-70.5068
-70.509
-70.5112
-70.5133
-70.5154
-70.5175
-70.5196
-70.5216
-70.5236
-70.5256
-70.5276
-70.5295
-70.5315
-70.5334
-70.5352
-70.5371
-70.5389
-70.5407
-70.5425
-70.5443
-70.5461
-70.5478
-70.5495
-70.5512
-70.5528
-70.5545
-70.5561
-70.5577
-70.5593
-70.5609
-70.5624
-70.5639
-70.5655
-70.5669
-70.5684
-70.5699
-70.5713
-70.5727
-70.5741
-70.5755
-70.5769
-70.5782
-70.5796
-70.5809
-70.5822
-70.5835
-70.5848
-70.586
-70.5873
-70.5885
-70.5897
-70.5909
-70.5921
-70.5932
-70.5944
-70.5955
-70.5966
-70.5977
-70.5988
-70.5999
-70.601
-70.602
-70.603
-70.6041
-70.6051
-70.6061
-70.6071
-70.608
-70.609
-70.6099
-70.6109
-70.6118
-70.6127
-70.6136
-70.6145
-70.6154
-70.6162
-70.6171
-70.6179
-70.6187
-70.6196
-70.6204
-70.6212
-70.622
-70.6227
-70.6235
-70.6242
-70.625
-70.6257
-70.6265
-70.6272
-70.6279
-70.6286
-70.6293
-70.6299
-70.6306
-70.6313
-70.6319
-70.6325
-70.6332
-70.6338
-70.6344
-70.635
-70.6356
-70.6362
-70.6368
-70.6374
-70.6379
-70.6385
-70.639
-70.6396
-70.6401
-70.6406
-70.6411
-70.6417
-70.6422
-70.6427
-70.6431
-70.6436
-70.6441
-70.6446
-70.645
-70.6455
-70.6459
-70.6464
-70.6468
-70.6472
-70.6476
-70.6481
-70.6485
-70.6489
-70.6493
-70.6497
-70.65
-70.6504
-70.6508
-70.6512
-70.6515
-70.6519
-70.6522
-70.6526
-70.6529
-70.6533
-70.6536
-70.6539
-70.6542
-70.6545
-70.6549
-70.6552
-70.6555
-70.6558
-70.656
-70.6563
-70.6566
-70.6569
-70.6572
-70.6574
-70.6577
-70.658
-70.6582
-70.6585
-70.6587
-70.6589
-70.6592
-70.6594
-70.6597
-70.6599
-70.6601
-70.6603
-70.6605
-70.6607
-70.661
-70.6612
-70.6614
-70.6616
-70.6617
-70.6619
-70.6621
-70.6623
-70.6625
-70.6627
-70.6628
-70.663
-70.6632
-70.6633
-70.6635
-70.6637
-70.6638
-70.664
-70.6641
-70.6643
-70.6644
-70.6646
-70.6647
-70.6648
-70.665
-70.6651
-70.6652
-70.6653
-70.6655
-70.6656
-70.6657
-70.6658
-70.6659
-70.666
-70.6662
-70.6663
-70.6664
-70.6665
-70.6666
-70.6667
-70.6668
-70.6669
-70.667
-70.667
-70.6671
-70.6672
-70.6673
-70.6674
-70.6675
-70.6675
-70.6676
-70.6677
-70.6678
-70.6678
-70.6679
-70.668
-70.668
-70.6681
-70.6682
-70.6682
-70.6683
-70.6683
-70.6684
-70.6685
-70.6685
-70.6686
-70.6686
-70.6687
-70.6687
-70.6688
-70.6688
-70.6688
-70.6689
-70.6689
-70.669
-70.669
-70.669
-70.6691
-70.6691
-70.6691
-70.6692
-70.6692
-70.6692
-70.6693
-70.6693
-70.6693
-70.6694
-70.6694
-70.6694
-70.6694
-70.6694
-70.6695
-70.6695
-70.6695
-70.6695
-70.6695
-70.6696
-70.6696
-70.6696
-70.6696
-70.6696
-70.6696
-70.6696
-70.6697
-70.6697
-70.6697
-70.6697
-70.6697
-70.6697
-70.6697
-70.6697
-70.6697
-70.6697
-70.6697
-70.6697
-70.6697
-70.6697
-70.6697
-70.6697
-70.6697
-70.6697
-70.6697
-70.6697
-70.6697
-70.6697
-70.6697
-70.6697
-70.6697
-70.6697
-70.6697
-70.6697
-70.6697
-70.6697
-70.6697
-70.6697
-70.6697
-70.6697
-70.6697
-70.6696
-70.6696
-70.6696
-70.6696
-70.6696
-70.6696
-70.6696
-70.6696
-70.6696
-70.6695
-70.6695
-70.6695
-70.6695
-70.6695
-70.6695
-70.6695
-70.6695
-70.6694
-70.6694
-70.6694
-70.6694
-70.6694
-70.6694
-70.6693
-70.6693
-70.6693
-70.6693
-70.6693
-70.6693
-70.6693
-70.6692
-70.6692
-70.6692
-70.6692
-70.6692
-70.6691
-70.6691
-70.6691
-70.6691
-70.6691
-70.6691
-70.669
-70.669
-70.669
-70.669
-70.669
-70.6689
-70.6689
-70.6689
-70.6689
-70.6689
-70.6688
-70.6688
-70.6688
-70.6688
-70.6688
-70.6687
-70.6687
-70.6687
-70.6687
-70.6686
-70.6686
-70.6686
-70.6686
-70.6686
-70.6685
-70.6685
-70.6685
-70.6685
-70.6685
-70.6684
-70.6684
-70.6684
-70.6684
-70.6684
-70.6683
-70.6683
-70.6683
-70.6683
-70.6682
-70.6682
-70.6682
-70.6682
-70.6682
-70.6681
-70.6681
-70.6681
-70.6681
-70.6681
-70.6717
-70.8867
-71.7068
-72.5988
-73.3076
-57.8758
-52.3058
-50.2437
-48.4378
-45.0462
-7.78665
-21.0008
-48.2731
-68.8347
-68.3611
-67.3374
-66.2781
-65.2076
-64.1442
-63.105
-62.1066
-61.1654
-60.2928
-59.444
-58.4354
-57.6552
-57.0076
-56.4518
-55.9737
-55.5639
-55.1896
-54.8563
-54.586
-54.3676
-54.1913
-54.0489
-53.9299
-53.8143
-53.7236
-53.6555
-53.6046
-53.5668
-53.5392
-53.5196
-53.4895
-53.4639
-53.4481
-53.4392
-53.4348
-53.4336
-53.4347
-53.4375
-53.4398
-53.4253
-53.4153
-53.4116
-53.4119
-53.4144
-53.4183
-53.4231
-53.4285
-53.4343
-53.4406
-53.4473
-53.439
-53.4223
-53.4148
-53.4131
-53.4145
-53.4174
-53.4212
-53.4254
-53.43
-53.4348
-53.4397
-53.4448
-53.45
-53.4551
-53.4594
-53.4632
-53.4663
-53.4515
-53.4189
-53.404
-53.3978
-53.3944
-53.3908
-53.3847
-53.3719
-53.3364
-53.0525
-52.5963
-52.6273
-52.767
-52.8973
-52.9949
-53.0619
-53.1068
-53.1379
-53.1618
-53.1833
-53.2056
-53.2313
-53.2629
-53.3034
-53.3558
-53.422
-53.5018
-53.5929
-53.5367
-53.492
-53.4771
-53.4749
-53.479
-53.4867
-53.4969
-53.5093
-53.5238
-53.5405
-53.5593
-53.5803
-53.6037
-53.6296
-53.6582
-53.6896
-53.7242
-53.7623
-53.8041
-53.8498
-53.8996
-53.954
-54.0132
-54.0776
-54.1476
-54.2235
-54.3053
-54.3937
-54.4892
-54.5923
-54.7035
-54.8232
-54.9522
-55.0912
-55.2405
-55.4005
-55.5711
-53.8162
-53.3141
-53.2188
-53.2336
-53.2759
-53.3217
-53.3648
-53.4039
-53.4393
-53.4718
-53.502
-53.5308
-53.5586
-53.5861
-53.6137
-53.642
-53.6724
-53.7046
-53.7381
-53.7736
-53.8113
-53.8516
-53.8949
-53.9415
-53.9917
-54.0459
-54.1057
-54.1717
-54.242
-54.3166
-54.3961
-54.4811
-54.5722
-54.6697
-54.774
-54.8854
-55.0049
-55.1385
-55.2815
-55.4309
-55.5868
-55.75
-55.9208
-56.0998
-53.7459
-53.1647
-53.0733
-53.1054
-53.1646
-53.2236
-53.276
-53.3212
-53.3602
-53.3942
-53.4244
-53.4516
-53.4768
-53.5005
-53.5234
-53.5471
-53.5711
-53.5952
-53.6199
-53.6456
-53.6725
-53.701
-53.7315
-53.7642
-53.7995
-53.8374
-53.8798
-53.9285
-53.9803
-54.0348
-54.0926
-54.1543
-54.2203
-54.2907
-54.3657
-54.4459
-54.5314
-54.6226
-54.7261
-54.8425
-54.9631
-55.0876
-55.2169
-55.3517
-55.492
-55.6379
-55.7895
-55.9469
-56.1099
-56.2785
-56.4616
-56.6691
-56.8776
-57.0821
-54.0903
-53.048
-52.8743
-52.9119
-52.9966
-53.0824
-53.1572
-53.2196
-53.2715
-53.3152
-53.3524
-53.3842
-53.4119
-53.4363
-53.4583
-53.4785
-53.4974
-53.5152
-53.5322
-53.5485
-53.5641
-53.5794
-53.597
-53.6147
-53.6306
-53.6447
-53.6565
-53.6652
-53.6698
-53.6684
-53.6584
-53.6374
-53.6063
-53.5488
-53.4405
-53.2257
-52.684
-49.1749
-39.9819
-28.4079
-21.2997
-38.071
-54.054
-57.9907
-57.8337
-57.2285
-58.0719
-58.0045
-57.4304
-56.8468
-56.3228
-55.8665
-55.4754
-55.1451
-54.8695
-54.6416
-54.4556
-54.3068
-54.1914
-54.1044
-54.0424
-54.0063
-53.9929
-53.9973
-54.0126
-54.0348
-54.0645
-54.1035
-54.1537
-54.2181
-54.2998
-54.4006
-54.514
-54.6314
-54.7518
-54.8765
-55.0091
-55.1536
-55.3155
-55.4973
-55.6998
-55.9262
-56.1709
-56.425
-56.6874
-56.9597
-57.2448
-57.5464
-57.8684
-58.2151
-58.5864
-58.9884
-59.4181
-59.8586
-60.3035
-60.7542
-61.2106
-61.6719
-62.1425
-62.6266
-63.1273
-63.6485
-64.1882
-64.7308
-65.2569
-65.7643
-66.2542
-66.7252
-67.1794
-67.6237
-68.0618
-68.4972
-68.9361
-69.3684
-69.7772
-70.1546
-70.5015
-70.8223
-71.1172
-71.3904
-71.6471
-71.8918
-72.1294
-72.362
-72.5849
-72.7886
-72.9714
-73.1335
-73.2781
-73.4084
-73.5254
-73.6323
-73.7319
-73.8278
-73.9222
-74.0129
-74.0954
-74.1675
-74.2304
-74.2839
-74.3305
-74.3714
-74.4077
-74.4405
-74.4723
-74.5056
-74.5385
-74.5708
-74.5991
-74.6224
-74.642
-74.6568
-74.6678
-74.6781
-74.6868
-74.6944
-74.7034
-74.7147
-74.7264
-74.7378
-74.7477
-74.7548
-74.7605
-74.7632
-74.7629
-74.7633
-74.7642
-74.7642
-74.7665
-74.7707
-74.7756
-74.7804
-74.7841
-74.7871
-74.7881
-74.7877
-74.7855
-74.7825
-74.7804
-74.7786
-74.7778
-74.779
-74.7806
-74.7832
-74.7851
-74.7862
-74.7868
-74.7856
-74.7832
-74.7815
-74.7794
-74.7767
-74.7738
-74.7741
-74.7753
-74.7759
-74.7778
-74.7795
-74.7793
-74.7781
-74.7755
-74.7731
-74.771
-74.7692
-74.7673
-74.7638
-74.7617
-74.7635
-74.7647
-74.766
-74.769
-74.7693
-74.7677
-74.7651
-74.762
-74.7604
-74.759
-74.7571
-74.7554
-74.7532
-74.7521
-74.7521
-74.7534
-74.7559
-74.7593
-74.7598
-74.7573
-74.7531
-74.7488
-74.7463
-74.7448
-74.7434
-74.7408
-74.7386
-74.7387
-74.739
-74.7396
-74.7405
-74.7433
-74.7479
-74.7488
-74.7455
-74.7424
-74.7384
-74.7342
-74.7319
-74.7306
-74.7286
-74.7254
-74.7244
-74.726
-74.7279
-74.7299
-74.7297
-74.7314
-74.7339
-74.733
-74.7302
-74.7292
-74.7245
-74.7196
-74.7156
-74.7126
-74.7117
-74.711
-74.7094
-74.7081
-74.711
-74.7161
-74.7186
-74.7187
-74.7194
-74.7189
-74.7184
-74.7175
-74.7165
-74.7132
-74.7068
-74.7002
-74.6961
-74.696
-74.6967
-74.6961
-74.6938
-74.6929
-74.6954
-74.7
-74.7021
-74.702
-74.703
-74.7035
-74.7005
-74.6988
-74.7006
-74.6974
-74.6889
-74.6816
-74.679
-74.6783
-74.6777
-74.6782
-74.6779
-74.6785
-74.6789
-74.6798
-74.6816
-74.6839
-74.689
-74.6921
-74.689
-74.6843
-74.6833
-74.6834
-74.6804
-74.6733
-74.6668
-74.6624
-74.6607
-74.6607
-74.6595
-74.6563
-74.6572
-74.6584
-74.6576
-74.6575
-74.6587
-74.6609
-74.6654
-74.6693
-74.6704
-74.6688
-74.6647
-74.6614
-74.6594
-74.6545
-74.6487
-74.6421
-74.6376
-74.6374
-74.6391
-74.6378
-74.6369
-74.6382
-74.6373
-74.6358
-74.6382
-74.6433
-74.6428
-74.6413
-74.6413
-74.6453
-74.6506
-74.6506
-74.6457
-74.6397
-74.635
-74.6322
-74.6271
-74.6203
-74.6143
-74.612
-74.6097
-74.6092
-74.6112
-74.6131
-74.6124
-74.6099
-74.6077
-74.6106
-74.6144
-74.6153
-74.6138
-74.6144
-74.6176
-74.6194
-74.6185
-74.6155
-74.611
-74.6066
-74.6052
-74.6021
-74.5989
-74.5943
-74.5866
-74.582
-74.5788
-74.5755
-74.5735
-74.5782
-74.5852
-74.5878
-74.5875
-74.588
-74.5875
-74.5857
-74.585
-74.5844
-74.5848
-74.5907
-74.594
-74.5909
-74.5851
-74.5789
-74.5718
-74.5676
-74.5663
-74.5657
-74.5634
-74.5612
-74.5586
-74.5533
-74.5481
-74.5451
-74.5434
-74.5405
-74.5393
-74.5383
-74.544
-74.5494
-74.5517
-74.5512
-74.5485
-74.5477
-74.5478
-74.5463
-74.5425
-74.5403
-74.5408
-74.5418
-74.5422
-74.5403
-74.5357
-74.5301
-74.5239
-74.5178
-74.5076
-74.5
-74.5018
-74.5048
-74.5023
-74.5016
-74.5037
-74.5058
-74.5039
-74.5018
-74.5006
-74.4988
-74.4989
-74.4997
-74.497
-74.4948
-74.4986
-74.4996
-74.4978
-74.5014
-74.5025
-74.4992
-74.4979
-74.4961
-74.4911
-74.4848
-74.4812
-74.4794
-74.4787
-74.477
-74.4762
-74.4772
-74.4738
-74.4643
-74.4507
-74.4354
-74.4246
-74.4233
-74.4252
-74.4268
-74.4264
-74.4319
-74.4443
-74.4538
-74.4557
-74.4545
-74.456
-74.4589
-74.4576
-74.4516
-74.443
-74.4327
-74.4217
-74.4158
-74.4152
-74.4174
-74.4165
-74.4203
-74.4259
-74.4265
-74.4206
-74.4135
-74.4096
-74.4055
-74.3995
-74.3921
-74.393
-74.3949
-74.3921
-74.385
-74.3777
-74.3694
-74.3627
-74.3539
-74.3447
-74.3366
-74.33
-74.3253
-74.3196
-74.3162
-74.3252
-74.3352
-74.3405
-74.3429
-74.3445
-74.3478
-74.3527
-74.3575
-74.3639
-74.377
-74.3867
-74.3871
-74.3807
-74.3715
-74.3613
-74.3499
-74.3371
-74.3279
-74.319
-74.3071
-74.2921
-74.2742
-74.2625
-74.2602
-74.2715
-74.2859
-74.2922
-74.2924
-74.2899
-74.2838
-74.2809
-74.2797
-74.2789
-74.2764
-74.2748
-74.2728
-74.2704
-74.2684
-74.2625
-74.2498
-74.2349
-74.222
-74.2062
-74.1923
-74.1823
-74.1734
-74.1717
-74.172
-74.1699
-74.1686
-74.1657
-74.1655
-74.1654
-74.1693
-74.1745
-74.1804
-74.192
-74.2048
-74.2096
-74.2128
-74.2183
-74.2215
-74.2197
-74.2158
-74.2168
-74.2203
-74.2224
-74.2205
-74.2123
-74.2062
-74.2008
-74.1989
-74.1988
-74.1924
-74.1806
-74.1741
-74.1709
-74.1651
-74.1552
-74.1413
-74.1254
-74.108
-74.0907
-74.0765
-74.0668
-74.0603
-74.0512
-74.0422
-74.0429
-74.0537
-74.0588
-74.057
-74.0538
-74.0511
-74.0453
-74.0347
-74.0281
-74.0304
-74.04
-74.0479
-74.0517
-74.0543
-74.0509
-74.0419
-74.0318
-74.0273
-74.0216
-74.0164
-74.0158
-74.0127
-74.0064
-74.0025
-74.0007
-73.9982
-73.9937
-73.9862
-73.973
-73.9585
-73.9444
-73.929
-73.9118
-73.9053
-73.9032
-73.8983
-73.9109
-73.9309
-73.9399
-73.9441
-73.948
-73.9442
-73.9324
-73.9175
-73.9017
-73.8842
-73.8676
-73.8527
-73.8453
-73.8479
-73.8507
-73.8531
-73.8495
-73.8538
-73.8706
-73.8859
-73.8981
-73.8998
-73.8927
-73.8888
-73.8905
-73.906
-73.9264
-73.9355
-73.9372
-73.9375
-73.9305
-73.9165
-73.8974
-73.8746
-73.8492
-73.8255
-73.8107
-73.8
-73.794
-73.7832
-73.7663
-73.7493
-73.7391
-73.7291
-73.7199
-73.7175
-73.7127
-73.7009
-73.6837
-73.6728
-73.6733
-73.6761
-73.6736
-73.6736
-73.6785
-73.6775
-73.6745
-73.6687
-73.6705
-73.6747
-73.6713
-73.66
-73.6429
-73.6218
-73.5978
-73.5743
-73.5555
-73.5354
-73.5159
-73.5
-73.4817
-73.466
-73.4562
-73.4552
-73.4525
-73.454
-73.4611
-73.4667
-73.4639
-73.4533
-73.4371
-73.4169
-73.398
-73.3923
-73.3862
-73.3743
-73.3573
-73.3365
-73.3132
-73.2941
-73.2808
-73.2734
-73.2637
-73.2488
-73.2298
-73.2084
-73.1936
-73.18
-73.163
-73.1495
-73.1394
-73.1258
-73.1151
-73.1073
-73.0955
-73.082
-73.0747
-73.0653
-73.0512
-73.0334
-73.0128
-72.9903
-72.9665
-72.9419
-72.9257
-72.9146
-72.9009
-72.8836
-72.8669
-72.8591
-72.8504
-72.8374
-72.8208
-72.8015
-72.7805
-72.7597
-72.7495
-72.7412
-72.7291
-72.7135
-72.6952
-72.6751
-72.6538
-72.6317
-72.609
-72.5906
-72.5836
-72.5759
-72.5647
-72.5619
-72.5618
-72.5568
-72.5469
-72.5333
-72.5171
-72.4995
-72.4928
-72.4905
-72.4844
-72.4739
-72.4601
-72.444
-72.4263
-72.4075
-72.3881
-72.3681
-72.3477
-72.3272
-72.3065
-72.2858
-72.2651
-72.2444
-72.228
-72.2263
-72.2252
-72.2196
-72.21
-72.1974
-72.1829
-72.1671
-72.1503
-72.133
-72.1153
-72.0973
-72.0792
-72.061
-72.0428
-72.0246
-72.0065
-71.9885
-71.9705
-71.9527
-71.935
-71.9175
-71.9001
-71.8829
-71.8659
-71.849
-71.8323
-71.8157
-71.7994
-71.7832
-71.7672
-71.7513
-71.7357
-71.7202
-71.7049
-71.6898
-71.6749
-71.6601
-71.6455
-71.6311
-71.6168
-71.6027
-71.5888
-71.575
-71.5615
-71.548
-71.5348
-71.5217
-71.5087
-71.496
-71.4833
-71.4709
-71.4586
-71.4464
-71.4344
-71.4225
-71.4108
-71.3992
-71.3878
-71.3765
-71.3654
-71.3543
-71.3435
-71.3327
-71.3222
-71.3117
-71.3014
-71.2912
-71.2811
-71.2712
-71.2614
-71.2517
-71.2422
-71.2328
-71.2235
-71.2143
-71.2052
-71.1963
-71.1874
-71.1787
-71.1701
-71.1616
-71.1532
-71.145
-71.1368
-71.1287
-71.1208
-71.1129
-71.1052
-71.0976
-71.09
-71.0826
-71.0752
-71.068
-71.0608
-71.0538
-71.0468
-71.04
-71.0332
-71.0265
-71.0199
-71.0134
-71.007
-71.0007
-70.9944
-70.9883
-70.9822
-70.9762
-70.9703
-70.9645
-70.9587
-70.9531
-70.9475
-70.9419
-70.9365
-70.9311
-70.9259
-70.9206
-70.9155
-70.9104
-70.9054
-70.9005
-70.8957
-70.8909
-70.8861
-70.8815
-70.8769
-70.8724
-70.8679
-70.8635
-70.8592
-70.8549
-70.8507
-70.8466
-70.8425
-70.8385
-70.8345
-70.8306
-70.8267
-70.8229
-70.8192
-70.8155
-70.8119
-70.8083
-70.8048
-70.8013
-70.7979
-70.7945
-70.7912
-70.7879
-70.7847
-70.7816
-70.7784
-70.7754
-70.7723
-70.7694
-70.7664
-70.7636
-70.7607
-70.7579
-70.7552
-70.7524
-70.7498
-70.7471
-70.7446
-70.742
-70.7395
-70.737
-70.7346
-70.7322
-70.7299
-70.7276
-70.7253
-70.7231
-70.7209
-70.7187
-70.7166
-70.7145
-70.7124
-70.7104
-70.7084
-70.7065
-70.7045
-70.7027
-70.7008
-70.699
-70.6972
-70.6954
-70.6937
-70.692
-70.6903
-70.6887
-70.687
-70.6854
-70.6839
-70.6824
-70.6809
-70.6794
-70.6779
-70.6765
-70.6751
-70.6737
-70.6724
-70.6711
-70.6698
-70.6685
-70.6672
-70.666
-70.6648
-70.6636
-70.6625
-70.6613
-70.6602
-70.6591
-70.658
-70.657
-70.656
-70.655
-70.654
-70.653
-70.652
-70.6511
-70.6502
-70.6493
-70.6484
-70.6476
-70.6467
-70.6459
-70.6451
-70.6443
-70.6436
-70.6428
-70.6421
-70.6414
-70.6407
-70.64
-70.6393
-70.6387
-70.638
-70.6374
-70.6368
-70.6362
-70.6356
-70.635
-70.6345
-70.6339
-70.6334
-70.6329
-70.6324
-70.6319
-70.6314
-70.631
-70.6305
-70.6301
-70.6297
-70.6292
-70.6288
-70.6285
-70.6281
-70.6277
-70.6273
-70.627
-70.6267
-70.6263
-70.626
-70.6257
-70.6254
-70.6251
-70.6249
-70.6246
-70.6243
-70.6241
-70.6238
-70.6236
-70.6234
-70.6232
-70.623
-70.6228
-70.6226
-70.6224
-70.6222
-70.622
-70.6219
-70.6217
-70.6216
-70.6215
-70.6213
-70.6212
-70.6211
-70.621
-70.6209
-70.6208
-70.6207
-70.6206
-70.6205
-70.6205
-70.6204
-70.6203
-70.6203
-70.6202
-70.6202
-70.6201
-70.6201
-70.6201
-70.6201
-70.62
-70.62
-70.62
-70.62
-70.62
-70.62
-70.62
-70.6201
-70.6201
-70.6201
-70.6201
-70.6202
-70.6202
-70.6202
-70.6203
-70.6203
-70.6204
-70.6204
-70.6205
-70.6206
-70.6206
-70.6207
-70.6208
-70.6208
-70.6209
-70.621
-70.6211
-70.6212
-70.6213
-70.6214
-70.6215
-70.6216
-70.6217
-70.6218
-70.6219
-70.622
-70.6221
-70.6222
-70.6223
-70.6224
-70.6225
-70.6227
-70.6228
-70.6229
-70.623
-70.6232
-70.6233
-70.6234
-70.6236
-70.6237
-70.6238
-70.624
-70.6241
-70.6243
-70.6244
-70.6246
-70.6247
-70.6249
-70.625
-70.6252
-70.6253
-70.6255
-70.6256
-70.6258
-70.6259
-70.6261
-70.6262
-70.6264
-70.6266
-70.6267
-70.6269
-70.627
-70.6272
-70.6274
-70.6275
-70.6277
-70.6279
-70.628
-70.6282
-70.6284
-70.6285
-70.6287
-70.6289
-70.629
-70.6292
-70.6294
-70.6296
-70.6297
-70.6299
-70.6301
-70.6303
-70.6304
-70.6306
-70.6308
-70.6309
-70.6311
-70.6313
-70.6315
-70.6316
-70.6318
-70.632
-70.6322
-70.6323
-70.6325
-70.6327
-70.6329
-70.633
-70.6332
-70.6334
-70.6336
-70.6337
-70.6339
-70.6341
-70.6343
-70.6344
-70.6346
-70.6348
-70.6349
-70.6351
-70.6353
-70.6355
-70.6356
-70.6358
-70.636
-70.6361
-70.6363
-70.6365
-70.6367
-70.6368
-70.637
-70.6372
-70.6373
-70.6375
-70.6377
-70.6378
-70.638
-70.6382
-70.6383
-70.6385
-70.6387
-70.6388
-70.639
-70.6392
-70.6393
-70.6395
-70.6396
-70.6398
-70.64
-70.6401
-70.6403
-70.6405
-70.6406
-70.6408
-70.6409
-70.6411
-70.6412
-70.6414
-70.6416
-70.6417
-70.6419
-70.642
-70.6422
-70.6423
-70.6425
-70.6426
-70.6428
-70.6429
-70.6431
-70.6432
-70.6434
-70.6435
-70.6437
-70.6438
-70.644
-70.6441
-70.6442
-70.6444
-70.6445

