-70
-70.1661
-70.23
-70.2566
-70.2695
-70.2773
-70.283
-70.2879
-70.2925
-70.297
-70.3014
-70.3057
-70.31
-70.3142
-70.3185
-70.3226
-70.3268
-70.3309
-70.335
-70.3391
-70.3431
-70.3471
-70.351
-70.3549
-70.3588
-70.3626
-70.3664
-70.3701
-70.3738
-70.3775
-70.3811
-70.3847
-70.3883
-70.3918
-70.3953
-70.3987
-70.4021
-70.4055
-70.4088
-70.4121
-70.4154
-70.4186
-70.4218
-70.4249
-70.428
-70.4311
-70.4341
-70.4372
-70.4401
-70.4431
-70.446
-70.4489
-70.4517
-70.4545
-70.4573
-70.4601
-70.4628
-70.4655
-70.4682
-70.4708
-70.4734
-70.476
-70.4785
-70.481
-70.4835
-70.486
-70.4884
-70.4908
-70.4932
-70.4955
-70.4978
-70.5001
-70.5024
-70.5046
-70.5068
-70.509
-70.5112
-70.5133
-70.5154
-70.5175
-70.5196
-70.5216
-70.5236
-70.5256
-70.5276
-70.5295
-70.5315
-70.5334
-70.5352
-70.5371
-70.5389
-70.5407
-70.5425
-70.5443
-70.5461
-70.5478
-70.5495
-70.5512
-70.5528
-70.5545
-70.5561
-70.5577
-70.5593
-70.5609
-70.5624
-70.5639
-70.5655
-70.5669
-70.5684
-70.5699
-70.5713
-70.5727
-70.5741
-70.5755
-70.5769
-70.5782
-70.5796
-70.5809
-70.5822
-70.5835
-70.5848
-70.586
-70.5873
-70.5885
-70.5897
-70.5909
-70.5921
-70.5932
-70.5944
-70.5955
-70.5966
-70.5977
-70.5988
-70.5999
-70.601
-70.602
-70.603
-70.6041
-70.6051
-70.6061
-70.6071
-70.608
-70.609
-70.6099
-70.6109
-70.6118
-70.6127
-70.6136
-70.6145
-70.6154
-70.6162
-70.6171
-70.6179
-70.6187
-70.6196
-70.6204
-70.6212
-70.622
-70.6227
-70.6235
-70.6242
-70.625
-70.6257
-70.6265
-70.6272
-70.6279
-70.6286
-70.6293
-70.6299
-70.6306
-70.6313
-70.6319
-70.6325
-70.6332
-70.6338
-70.6344
-70.635
-70.6356
-70.6362
-70.6368
-70.6374
-70.6379
-70.6385
-70.639
-70.6396
-70.6401
-70.6406
-70.6411
-70.6417
-70.6422
-70.6427
-70.6431
-70.6436
-70.6441
-70.6446
-70.645
-70.6455
-70.6459
-70.6464
-70.6468
-70.6472
-70.6476
-70.6481
-70.6485
-70.6489
-70.6493
-70.6497
-70.65
-70.6504
-70.6508
-70.6512
-70.6515
-70.6519
-70.6522
-70.6526
-70.6529
-70.6533
-70.6536
-70.6539
-70.6542
-70.6545
-70.6549
-70.6552
-70.6555
-70.6558
-70.656
-70.6563
-70.6566
-70.6569
-70.6572
-70.6574
-70.6577
-70.658
-70.6582
-70.6585
-70.6587
-70.6589
-70.6592
-70.6594
-70.6597
-70.6599
-70.6601
-70.6603
-70.6605
-70.6607
-70.661
-70.6612
-70.6614
-70.6616
-70.6617
-70.6619
-70.6621
-70.6623
-70.6625
-70.6627
-70.6628
-70.663
-70.6632
-70.6633
-70.6635
-70.6637
-70.6638
-70.664
-70.6641
-70.6643
-70.6644
-70.6646
-70.6647
-70.6648
-70.665
-70.6651
-70.6652
-70.6653
-70.6655
-70.6656
-70.6657
-70.6658
-70.6659
-70.666
-70.6662
-70.6663
-70.6664
-70.6665
-70.6666
-70.6667
-70.6668
-70.6669
-70.667
-70.667
-70.6671
-70.6672
-70.6673
-70.6674
-70.6675
-70.6675
-70.6676
-70.6677
-70.6678
-70.6678
-70.6679
-70.668
-70.668
-70.6681
-70.6682
-70.6682
-70.6683
-70.6683
-70.6684
-70.6685
-70.6685
-70.6686
-70.6686
-70.6687
-70.6687
-70.6688
-70.6688
-70.6688
-70.6689
-70.6689
-70.669
-70.669
-70.669
-70.6691
-70.6691
-70.6691
-70.6692
-70.6692
-70.6692
-70.6693
-70.6693
-70.6693
-70.6694
-70.6694
-70.6694
-70.6694
-70.6694
-70.6695
-70.6695
-70.6695
-70.6695
-70.6695
-70.6696
-70.6696
-70.6696
-70.6696
-70.6696
-70.6696
-70.6696
-70.6697
-70.6697
-70.6697
-70.6697
-70.6697
-70.6697
-70.6697
-70.6697
-70.6697
-70.6697
-70.6697
-70.6697
-70.6697
-70.6697
-70.6697
-70.6697
-70.6697
-70.6697
-70.6697
-70.6697
-70.6697
-70.6697
-70.6697
-70.6697
-70.6697
-70.6697
-70.6697
-70.6697
-70.6697
-70.6697
-70.6697
-70.6697
-70.6697
-70.6697
-70.6697
-70.6696
-70.6696
-70.6696
-70.6696
-70.6696
-70.6696
-70.6696
-70.6696
-70.6696
-70.6695
-70.6695
-70.6695
-70.6695
-70.6695
-70.6695
-70.6695
-70.6695
-70.6694
-70.6694
-70.6694
-70.6694
-70.6694
-70.6694
-70.6693
-70.6693
-70.6693
-70.6693
-70.6693
-70.6693
-70.6693
-70.6692
-70.6692
-70.6692
-70.6692
-70.6692
-70.6691
-70.6691
-70.6691
-70.6691
-70.6691
-70.6691
-70.669
-70.669
-70.669
-70.669
-70.669
-70.6689
-70.6689
-70.6689
-70.6689
-70.6689
-70.6688
-70.6688
-70.6688
-70.6688
-70.6688
-70.6687
-70.6687
-70.6687
-70.6687
-70.6686
-70.6686
-70.6686
-70.6686
-70.6686
-70.6685
-70.6685
-70.6685
-70.6685
-70.6685
-70.6684
-70.6684
-70.6684
-70.6684
-70.6684
-70.6683
-70.6683
-70.6683
-70.6683
-70.6682
-70.6682
-70.6682
-70.6682
-70.6682
-70.6681
-70.6681
-70.6681
-70.6681
-70.6681
-70.6737
-70.8775
-71.6496
-72.597
-60.15
-52.8897
-50.5988
-48.8865
-46.3025
-31.6954
-12.4752
-39.1422
-67.8671
-68.5639
-67.5639
-66.5101
-65.4412
-64.3754
-63.3304
-62.3227
-61.3667
-60.4771
-59.6625
-58.649
-57.816
-57.1414
-56.5664
-56.0723
-55.6483
-55.2794
-54.9297
-54.6435
-54.4132
-54.2278
-54.0785
-53.9579
-53.8476
-53.7476
-53.6721
-53.6162
-53.575
-53.545
-53.5236
-53.5056
-53.4759
-53.4547
-53.4424
-53.4361
-53.4338
-53.4342
-53.4365
-53.4403
-53.4399
-53.4247
-53.4158
-53.4131
-53.4141
-53.4171
-53.4214
-53.4265
-53.4322
-53.4383
-53.4449
-53.4518
-53.4428
-53.4249
-53.4168
-53.415
-53.4163
-53.4193
-53.4232
-53.4276
-53.4323
-53.4372
-53.4424
-53.4477
-53.4531
-53.4587
-53.4639
-53.4684
-53.4722
-53.4754
-53.444
-53.4144
-53.4021
-53.397
-53.3938
-53.39
-53.3829
-53.3675
-53.319
-52.8979
-52.56
-52.6334
-52.7794
-52.9069
-53.0003
-53.0638
-53.1065
-53.1365
-53.1603
-53.1823
-53.2057
-53.2331
-53.2671
-53.3109
-53.3673
-53.4381
-53.5225
-53.6179
-53.7041
-53.5532
-53.4918
-53.4742
-53.473
-53.4786
-53.4877
-53.4994
-53.5132
-53.529
-53.5469
-53.5668
-53.5889
-53.6133
-53.6401
-53.6696
-53.702
-53.7376
-53.7766
-53.8192
-53.8658
-53.9166
-53.972
-54.0322
-54.0976
-54.1687
-54.2456
-54.3286
-54.4182
-54.5149
-54.6194
-54.7319
-54.8531
-54.9837
-55.1242
-55.2752
-55.4367
-55.6087
-55.7918
-54.0733
-53.3335
-53.1829
-53.189
-53.2349
-53.2867
-53.3353
-53.379
-53.4181
-53.4534
-53.4858
-53.5162
-53.5451
-53.5735
-53.6022
-53.6313
-53.6621
-53.6943
-53.7277
-53.7628
-53.8
-53.8396
-53.8821
-53.9277
-53.9793
-54.0383
-54.1017
-54.1701
-54.2419
-54.3175
-54.3977
-54.4832
-54.5746
-54.6723
-54.7786
-54.8981
-55.0299
-55.1734
-55.3242
-55.4798
-55.641
-55.809
-55.9846
-56.1684
-56.3607
-56.5702
-54.0986
-53.1706
-53.0049
-53.0291
-53.0974
-53.1686
-53.2319
-53.2862
-53.3326
-53.3727
-53.4084
-53.4405
-53.47
-53.4988
-53.5263
-53.5527
-53.5786
-53.6045
-53.6311
-53.6585
-53.6874
-53.7198
-53.7548
-53.7916
-53.834
-53.8825
-53.9329
-53.9853
-54.0407
-54.0996
-54.1625
-54.2299
-54.3047
-54.3887
-54.4771
-54.5699
-54.6769
-54.8002
-54.9272
-55.0569
-55.1911
-55.331
-55.477
-55.6295
-55.8007
-55.9846
-56.1718
-56.3625
-56.5728
-56.8092
-57.0554
-57.2964
-57.5333
-57.7688
-58.0039
-58.2397
-58.4949
-57.234
-53.51
-52.7411
-52.6569
-52.7472
-52.8717
-52.989
-53.0889
-53.1714
-53.2391
-53.2954
-53.3435
-53.3857
-53.423
-53.4565
-53.4874
-53.5175
-53.5488
-53.5794
-53.6096
-53.64
-53.6718
-53.7067
-53.7435
-53.7821
-53.8231
-53.8668
-53.9138
-53.967
-54.0312
-54.0993
-54.1698
-54.2454
-54.33
-54.4192
-54.5126
-54.6111
-54.7157
-54.3397
-53.4856
-53.2832
-53.2579
-53.2795
-53.3109
-53.3419
-53.3706
-53.3963
-53.4194
-53.4406
-53.4604
-53.4793
-53.4992
-53.5244
-53.5606
-53.6004
-53.6404
-53.6864
-53.7334
-53.7783
-53.8227
-53.8754
-53.9527
-54.057
-54.1857
-54.3226
-54.4503
-54.5711
-54.6883
-54.8076
-54.9342
-55.078
-55.2579
-55.471
-55.7093
-55.9601
-56.2092
-56.4604
-56.7184
-56.9856
-57.2648
-57.567
-57.9015
-58.2806
-58.6936
-59.1288
-59.5643
-59.9982
-60.4371
-60.8798
-61.325
-61.7785
-62.2529
-62.7607
-63.2985
-63.853
-64.4058
-64.9338
-65.4369
-65.9226
-66.3917
-66.8436
-67.2873
-67.7384
-68.1992
-68.6628
-69.1164
-69.5433
-69.9314
-70.2836
-70.6078
-70.908
-71.1853
-71.4484
-71.7086
-71.9658
-72.2149
-72.4511
-72.6679
-72.8601
-73.0286
-73.1771
-73.3103
-73.4306
-73.5425
-73.6527
-73.7608
-73.8632
-73.9599
-74.0481
-74.1252
-74.1911
-74.2467
-74.2937
-74.3346
-74.3722
-74.4102
-74.4489
-74.487
-74.5235
-74.557
-74.5872
-74.6128
-74.6333
-74.6485
-74.6596
-74.6689
-74.6791
-74.6908
-74.7032
-74.7163
-74.7289
-74.741
-74.7507
-74.7594
-74.765
-74.7677
-74.7674
-74.7666
-74.7676
-74.7705
-74.7745
-74.7801
-74.7849
-74.79
-74.7943
-74.7971
-74.799
-74.7986
-74.7958
-74.7926
-74.7899
-74.7885
-74.7894
-74.792
-74.7942
-74.796
-74.7993
-74.8014
-74.801
-74.7997
-74.7973
-74.7946
-74.7917
-74.7891
-74.787
-74.7872
-74.7897
-74.7912
-74.7916
-74.7935
-74.7956
-74.7949
-74.792
-74.7891
-74.7868
-74.7855
-74.7834
-74.7804
-74.779
-74.7796
-74.782
-74.7832
-74.7835
-74.7846
-74.7856
-74.7836
-74.7794
-74.7764
-74.7751
-74.7743
-74.7735
-74.7711
-74.7689
-74.7685
-74.77
-74.7713
-74.7722
-74.7729
-74.7747
-74.7741
-74.7713
-74.7668
-74.7655
-74.7643
-74.7623
-74.761
-74.7599
-74.759
-74.7587
-74.7595
-74.7593
-74.7593
-74.7597
-74.7614
-74.762
-74.7607
-74.757
-74.7535
-74.7518
-74.7496
-74.7461
-74.7451
-74.7463
-74.747
-74.7474
-74.746
-74.7458
-74.7451
-74.747
-74.7508
-74.7524
-74.7513
-74.7483
-74.7431
-74.7395
-74.7375
-74.7348
-74.7313
-74.7307
-74.733
-74.7349
-74.7347
-74.7333
-74.7317
-74.7292
-74.7299
-74.7351
-74.7385
-74.7388
-74.7357
-74.7296
-74.7246
-74.7221
-74.7188
-74.7159
-74.715
-74.7148
-74.7163
-74.7193
-74.7216
-74.7226
-74.7194
-74.7159
-74.7171
-74.7222
-74.7263
-74.7266
-74.7241
-74.7195
-74.7127
-74.7063
-74.702
-74.7002
-74.7003
-74.6989
-74.6984
-74.6995
-74.7022
-74.7053
-74.7042
-74.7007
-74.6982
-74.6991
-74.7033
-74.7071
-74.7087
-74.7082
-74.7061
-74.6988
-74.6892
-74.6824
-74.6796
-74.6806
-74.682
-74.6824
-74.683
-74.6834
-74.6849
-74.6861
-74.6871
-74.6854
-74.6841
-74.6834
-74.6856
-74.6898
-74.6911
-74.6902
-74.6891
-74.6844
-74.6775
-74.669
-74.6617
-74.6584
-74.6615
-74.6638
-74.6625
-74.66
-74.6592
-74.6605
-74.6635
-74.6656
-74.6643
-74.6626
-74.6626
-74.6617
-74.6637
-74.6676
-74.6701
-74.6697
-74.665
-74.6581
-74.6514
-74.6453
-74.6404
-74.6357
-74.6358
-74.6399
-74.6416
-74.6391
-74.636
-74.6346
-74.6374
-74.6448
-74.6488
-74.6494
-74.6467
-74.6393
-74.6327
-74.6319
-74.6337
-74.6382
-74.6424
-74.6439
-74.6405
-74.6343
-74.6271
-74.6213
-74.6146
-74.6091
-74.6055
-74.6054
-74.6056
-74.6068
-74.6038
-74.6005
-74.6026
-74.6079
-74.6162
-74.6232
-74.6247
-74.6232
-74.6174
-74.6089
-74.602
-74.5995
-74.596
-74.5953
-74.6005
-74.6093
-74.6122
-74.6098
-74.6022
-74.5947
-74.5887
-74.5843
-74.5793
-74.5704
-74.5637
-74.5602
-74.5595
-74.558
-74.5569
-74.5614
-74.5721
-74.5804
-74.5856
-74.589
-74.5921
-74.5914
-74.5877
-74.5827
-74.5774
-74.5711
-74.5653
-74.5632
-74.5604
-74.5583
-74.5593
-74.5597
-74.5606
-74.5614
-74.5564
-74.5517
-74.5469
-74.5403
-74.5333
-74.5256
-74.5192
-74.5148
-74.5103
-74.508
-74.5063
-74.5041
-74.5041
-74.5022
-74.5031
-74.5122
-74.5211
-74.5278
-74.5326
-74.5363
-74.5372
-74.5344
-74.5319
-74.5326
-74.5326
-74.5282
-74.5237
-74.5224
-74.5186
-74.5126
-74.5054
-74.5016
-74.4997
-74.5007
-74.5003
-74.4959
-74.4878
-74.4775
-74.4716
-74.4661
-74.4605
-74.4569
-74.455
-74.4547
-74.4548
-74.4527
-74.454
-74.458
-74.4583
-74.452
-74.4452
-74.4385
-74.4325
-74.4274
-74.4293
-74.4368
-74.4461
-74.4509
-74.4526
-74.4551
-74.4611
-74.4661
-74.47
-74.4726
-74.4745
-74.4733
-74.4673
-74.4599
-74.458
-74.4549
-74.4466
-74.4347
-74.4241
-74.4169
-74.4128
-74.4075
-74.4051
-74.4046
-74.4029
-74.399
-74.3922
-74.3807
-74.3683
-74.3594
-74.3509
-74.3461
-74.3499
-74.3593
-74.369
-74.3762
-74.3854
-74.3898
-74.3881
-74.3787
-74.3626
-74.3444
-74.3268
-74.3121
-74.3021
-74.2915
-74.2861
-74.2855
-74.288
-74.2902
-74.2971
-74.3066
-74.3173
-74.3278
-74.335
-74.3385
-74.3386
-74.3368
-74.3307
-74.3255
-74.3235
-74.3233
-74.318
-74.3149
-74.3132
-74.314
-74.3183
-74.319
-74.3135
-74.3063
-74.2946
-74.2821
-74.2716
-74.2633
-74.2562
-74.2512
-74.2469
-74.24
-74.2382
-74.2378
-74.24
-74.2411
-74.2383
-74.2355
-74.2327
-74.23
-74.2257
-74.2242
-74.2222
-74.2229
-74.2206
-74.2171
-74.2175
-74.2184
-74.2164
-74.2101
-74.2
-74.1901
-74.1841
-74.1794
-74.1745
-74.1674
-74.1577
-74.1481
-74.1407
-74.1294
-74.1155
-74.1001
-74.0838
-74.073
-74.0729
-74.0876
-74.105
-74.1142
-74.1166
-74.1159
-74.1097
-74.1019
-74.0945
-74.0853
-74.0785
-74.088
-74.1017
-74.1121
-74.1154
-74.1146
-74.1161
-74.1221
-74.1249
-74.1226
-74.1171
-74.1057
-74.0929
-74.0852
-74.0796
-74.0715
-74.0572
-74.0408
-74.0319
-74.0252
-74.0141
-74.0037
-74.0002
-73.9938
-73.9804
-73.9633
-73.96
-73.9683
-73.9748
-73.9757
-73.9739
-73.9731
-73.9797
-73.9838
-73.9789
-73.9701
-73.9569
-73.9525
-73.9598
-73.9707
-73.9815
-73.9836
-73.9819
-73.9813
-73.9897
-74.0058
-74.0165
-74.0225
-74.0248
-74.0265
-74.0293
-74.0304
-74.0239
-74.0153
-74.007
-73.9957
-73.9834
-73.9732
-73.963
-73.9525
-73.943
-73.9307
-73.9178
-73.9011
-73.8836
-73.8656
-73.8524
-73.8492
-73.8465
-73.837
-73.8208
-73.8046
-73.7931
-73.7827
-73.7713
-73.755
-73.7353
-73.718
-73.6988
-73.6775
-73.6647
-73.6565
-73.6487
-73.6358
-73.6272
-73.6217
-73.613
-73.6053
-73.6099
-73.6166
-73.6146
-73.6102
-73.6068
-73.6015
-73.5899
-73.573
-73.5577
-73.5489
-73.5461
-73.5407
-73.5288
-73.5174
-73.5055
-73.4893
-73.469
-73.4467
-73.4298
-73.413
-73.4047
-73.402
-73.3969
-73.3924
-73.3829
-73.3677
-73.3482
-73.3258
-73.303
-73.3076
-73.3326
-73.3499
-73.3544
-73.351
-73.352
-73.3549
-73.3522
-73.3503
-73.3447
-73.333
-73.3187
-73.3119
-73.3102
-73.3038
-73.2913
-73.2741
-73.2535
-73.2307
-73.2137
-73.1999
-73.1834
-73.1636
-73.1412
-73.1171
-73.0917
-73.0655
-73.0406
-73.0253
-73.0109
-72.9935
-72.9731
-72.9506
-72.9267
-72.9018
-72.8763
-72.8504
-72.8243
-72.798
-72.7799
-72.769
-72.7561
-72.7398
-72.7208
-72.7
-72.6779
-72.655
-72.6375
-72.63
-72.6212
-72.6085
-72.5925
-72.5743
-72.5545
-72.5337
-72.5217
-72.5175
-72.5106
-72.4995
-72.4851
-72.4683
-72.4499
-72.4305
-72.4104
-72.3898
-72.3689
-72.3478
-72.3266
-72.3054
-72.2842
-72.263
-72.2448
-72.2415
-72.24
-72.2342
-72.2243
-72.2115
-72.1967
-72.1806
-72.1635
-72.1459
-72.1279
-72.1097
-72.0913
-72.0728
-72.0543
-72.0359
-72.0175
-71.9992
-71.981
-71.963
-71.945
-71.9273
-71.9097
-71.8922
-71.8749
-71.8578
-71.8409
-71.8241
-71.8076
-71.7912
-71.7749
-71.7589
-71.7431
-71.7274
-71.7119
-71.6966
-71.6815
-71.6665
-71.6517
-71.6371
-71.6227
-71.6085
-71.5944
-71.5804
-71.5667
-71.5531
-71.5397
-71.5265
-71.5134
-71.5004
-71.4877
-71.475
-71.4626
-71.4503
-71.4381
-71.4261
-71.4143
-71.4026
-71.391
-71.3796
-71.3683
-71.3572
-71.3462
-71.3354
-71.3246
-71.3141
-71.3036
-71.2933
-71.2832
-71.2731
-71.2632
-71.2535
-71.2438
-71.2343
-71.2249
-71.2156
-71.2065
-71.1974
-71.1885
-71.1797
-71.171
-71.1624
-71.154
-71.1456
-71.1374
-71.1292
-71.1212
-71.1133
-71.1054
-71.0977
-71.0901
-71.0826
-71.0752
-71.0679
-71.0607
-71.0535
-71.0465
-71.0396
-71.0328
-71.026
-71.0194
-71.0128
-71.0063
-70.9999
-70.9937
-70.9874
-70.9813
-70.9753
-70.9693
-70.9634
-70.9576
-70.9519
-70.9463
-70.9407
-70.9352
-70.9298
-70.9245
-70.9193
-70.9141
-70.909
-70.9039
-70.899
-70.8941
-70.8893
-70.8845
-70.8798
-70.8752
-70.8706
-70.8661
-70.8617
-70.8574
-70.8531
-70.8488
-70.8447
-70.8405
-70.8365
-70.8325
-70.8286
-70.8247
-70.8209
-70.8171
-70.8134
-70.8098
-70.8062
-70.8026
-70.7991
-70.7957
-70.7923
-70.789
-70.7857
-70.7825
-70.7793
-70.7761
-70.773
-70.77
-70.767
-70.7641
-70.7612
-70.7583
-70.7555
-70.7527
-70.75
-70.7473
-70.7447
-70.7421
-70.7396
-70.737
-70.7346
-70.7321
-70.7297
-70.7274
-70.7251
-70.7228
-70.7206
-70.7183
-70.7162
-70.7141
-70.712
-70.7099
-70.7079
-70.7059
-70.7039
-70.702
-70.7001
-70.6982
-70.6964
-70.6946
-70.6928
-70.6911
-70.6894
-70.6877
-70.6861
-70.6845
-70.6829
-70.6813
-70.6798
-70.6783
-70.6768
-70.6754
-70.6739
-70.6725
-70.6712
-70.6698
-70.6685
-70.6672
-70.6659
-70.6647
-70.6635
-70.6623
-70.6611
-70.6599
-70.6588
-70.6577
-70.6566
-70.6555
-70.6545
-70.6535
-70.6525
-70.6515
-70.6505
-70.6496
-70.6487
-70.6478
-70.6469
-70.646
-70.6451
-70.6443
-70.6435
-70.6427
-70.6419
-70.6412
-70.6404
-70.6397
-70.639
-70.6383
-70.6376
-70.637
-70.6363
-70.6357
-70.6351
-70.6345
-70.6339
-70.6333
-70.6327
-70.6322
-70.6317
-70.6311
-70.6306
-70.6302
-70.6297
-70.6292
-70.6288
-70.6283
-70.6279
-70.6275
-70.6271
-70.6267
-70.6263
-70.6259
-70.6256
-70.6252
-70.6249
-70.6245
-70.6242
-70.6239
-70.6236
-70.6233
-70.6231
-70.6228
-70.6225
-70.6223
-70.622
-70.6218
-70.6216
-70.6214
-70.6212
-70.621
-70.6208
-70.6206
-70.6204
-70.6203
-70.6201
-70.62
-70.6198
-70.6197
-70.6196
-70.6194
-70.6193
-70.6192
-70.6191
-70.619
-70.6189
-70.6189
-70.6188
-70.6187
-70.6187
-70.6186
-70.6186
-70.6185
-70.6185
-70.6184
-70.6184
-70.6184
-70.6184
-70.6184
-70.6184
-70.6184
-70.6184
-70.6184
-70.6184
-70.6184
-70.6184
-70.6184
-70.6185
-70.6185
-70.6185
-70.6186
-70.6186
-70.6187
-70.6187
-70.6188
-70.6189
-70.6189
-70.619
-70.6191
-70.6191
-70.6192
-70.6193
-70.6194
-70.6195
-70.6196
-70.6197
-70.6198
-70.6198
-70.62
-70.6201
-70.6202
-70.6203
-70.6204
-70.6205
-70.6206
-70.6207
-70.6209
-70.621
-70.6211
-70.6212
-70.6214
-70.6215
-70.6216
-70.6218
-70.6219
-70.622
-70.6222
-70.6223
-70.6225
-70.6226
-70.6228
-70.6229
-70.6231
-70.6232
-70.6234
-70.6235
-70.6237
-70.6238
-70.624
-70.6242
-70.6243
-70.6245
-70.6247
-70.6248
-70.625
-70.6252
-70.6253
-70.6255
-70.6257
-70.6258
-70.626
-70.6262
-70.6263
-70.6265
-70.6267
-70.6269
-70.627
-70.6272
-70.6274
-70.6276
-70.6277
-70.6279
-70.6281
-70.6283
-70.6284
-70.6286
-70.6288
-70.629
-70.6292
-70.6293
-70.6295
-70.6297
-70.6299
-70.6301
-70.6302
-70.6304
-70.6306
-70.6308
-70.631
-70.6312
-70.6313
-70.6315
-70.6317
-70.6319
-70.6321
-70.6322
-70.6324
-70.6326
-70.6328
-70.633
-70.6331
-70.6333
-70.6335
-70.6337
-70.6339
-70.634
-70.6342
-70.6344
-70.6346
-70.6348
-70.6349
-70.6351
-70.6353
-70.6355
-70.6356
-70.6358
-70.636
-70.6362
-70.6363
-70.6365
-70.6367
-70.6369
-70.637
-70.6372
-70.6374
-70.6375
-70.6377
-70.6379
-70.6381
-70.6382
-70.6384
-70.6386
-70.6387
-70.6389
-70.6391
-70.6392
-70.6394
-70.6396
-70.6397
-70.6399
-70.6401
-70.6402
-70.6404
-70.6406
-70.6407
-70.6409
-70.641
-70.6412
-70.6414
-70.6415
-70.6417
-70.6418
-70.642
-70.6421
-70.6423
-70.6424
-70.6426
-70.6428
-70.6429
-70.6431
-70.6432
-70.6434
-70.6435
-70.6437
-70.6438
-70.644
-70.6441

