-70
-70.1661
-70.23
-70.2566
-70.2695
-70.2773
-70.283
-70.2879
-70.2925
-70.297
-70.3014
-70.3057
-70.31
-70.3142
-70.3185
-70.3226
-70.3268
-70.3309
-70.335
-70.3391
-70.3431
-70.3471
-70.351
-70.3549
-70.3588
-70.3626
-70.3664
-70.3701
-70.3738
-70.3775
-70.3811
-70.3847
-70.3883
-70.3918
-70.3953
-70.3987
-70.4021
-70.4055
-70.4088
-70.4121
-70.4154
-70.4186
-70.4218
-70.4249
-70.428
-70.4311
-70.4341
-70.4372
-70.4401
-70.4431
-70.446
-70.4489
-70.4517
-70.4545
-70.4573
-70.4601
-70.4628
-70.4655
-70.4682
-70.4708
-70.4734
-70.476
-70.4785
-70.481
-70.4835
-70.486
-70.4884
-70.4908
-70.4932
-70.4955
-70.4978
-70.5001
-70.5024
-70.5046
-70.5068
-70.509
-70.5112
-70.5133
-70.5154
-70.5175
-70.5196
-70.5216
-70.5236
-70.5256
-70.5276
-70.5295
-70.5315
-70.5334
-70.5352
-70.5371
-70.5389
-70.5407
-70.5425
-70.5443
-70.5461
-70.5478
-70.5495
-70.5512
-70.5528
-70.5545
-70.5561
-70.5577
-70.5593
-70.5609
-70.5624
-70.5639
-70.5655
-70.5669
-70.5684
-70.5699
-70.5713
-70.5727
-70.5741
-70.5755
-70.5769
-70.5782
-70.5796
-70.5809
-70.5822
-70.5835
-70.5848
-70.586
-70.5873
-70.5885
-70.5897
-70.5909
-70.5921
-70.5932
-70.5944
-70.5955
-70.5966
-70.5977
-70.5988
-70.5999
-70.601
-70.602
-70.603
-70.6041
-70.6051
-70.6061
-70.6071
-70.608
-70.609
-70.6099
-70.6109
-70.6118
-70.6127
-70.6136
-70.6145
-70.6154
-70.6162
-70.6171
-70.6179
-70.6187
-70.6196
-70.6204
-70.6212
-70.622
-70.6227
-70.6235
-70.6242
-70.625
-70.6257
-70.6265
-70.6272
-70.6279
-70.6286
-70.6293
-70.6299
-70.6306
-70.6313
-70.6319
-70.6325
-70.6332
-70.6338
-70.6344
-70.635
-70.6356
-70.6362
-70.6368
-70.6374
-70.6379
-70.6385
-70.639
-70.6396
-70.6401
-70.6406
-70.6411
-70.6417
-70.6422
-70.6427
-70.6431
-70.6436
-70.6441
-70.6446
-70.645
-70.6455
-70.6459
-70.6464
-70.6468
-70.6472
-70.6476
-70.6481
-70.6485
-70.6489
-70.6493
-70.6497
-70.65
-70.6504
-70.6508
-70.6512
-70.6515
-70.6519
-70.6522
-70.6526
-70.6529
-70.6533
-70.6536
-70.6539
-70.6542
-70.6545
-70.6549
-70.6552
-70.6555
-70.6558
-70.656
-70.6563
-70.6566
-70.6569
-70.6572
-70.6574
-70.6577
-70.658
-70.6582
-70.6585
-70.6587
-70.6589
-70.6592
-70.6594
-70.6597
-70.6599
-70.6601
-70.6603
-70.6605
-70.6607
-70.661
-70.6612
-70.6614
-70.6616
-70.6617
-70.6619
-70.6621
-70.6623
-70.6625
-70.6627
-70.6628
-70.663
-70.6632
-70.6633
-70.6635
-70.6637
-70.6638
-70.664
-70.6641
-70.6643
-70.6644
-70.6646
-70.6647
-70.6648
-70.665
-70.6651
-70.6652
-70.6653
-70.6655
-70.6656
-70.6657
-70.6658
-70.6659
-70.666
-70.6662
-70.6663
-70.6664
-70.6665
-70.6666
-70.6667
-70.6668
-70.6669
-70.667
-70.667
-70.6671
-70.6672
-70.6673
-70.6674
-70.6675
-70.6675
-70.6676
-70.6677
-70.6678
-70.6678
-70.6679
-70.668
-70.668
-70.6681
-70.6682
-70.6682
-70.6683
-70.6683
-70.6684
-70.6685
-70.6685
-70.6686
-70.6686
-70.6687
-70.6687
-70.6688
-70.6688
-70.6688
-70.6689
-70.6689
-70.669
-70.669
-70.669
-70.6691
-70.6691
-70.6691
-70.6692
-70.6692
-70.6692
-70.6693
-70.6693
-70.6693
-70.6694
-70.6694
-70.6694
-70.6694
-70.6694
-70.6695
-70.6695
-70.6695
-70.6695
-70.6695
-70.6696
-70.6696
-70.6696
-70.6696
-70.6696
-70.6696
-70.6696
-70.6697
-70.6697
-70.6697
-70.6697
-70.6697
-70.6697
-70.6697
-70.6697
-70.6697
-70.6697
-70.6697
-70.6697
-70.6697
-70.6697
-70.6697
-70.6697
-70.6697
-70.6697
-70.6697
-70.6697
-70.6697
-70.6697
-70.6697
-70.6697
-70.6697
-70.6697
-70.6697
-70.6697
-70.6697
-70.6697
-70.6697
-70.6697
-70.6697
-70.6697
-70.6697
-70.6696
-70.6696
-70.6696
-70.6696
-70.6696
-70.6696
-70.6696
-70.6696
-70.6696
-70.6695
-70.6695
-70.6695
-70.6695
-70.6695
-70.6695
-70.6695
-70.6695
-70.6694
-70.6694
-70.6694
-70.6694
-70.6694
-70.6694
-70.6693
-70.6693
-70.6693
-70.6693
-70.6693
-70.6693
-70.6693
-70.6692
-70.6692
-70.6692
-70.6692
-70.6692
-70.6691
-70.6691
-70.6691
-70.6691
-70.6691
-70.6691
-70.669
-70.669
-70.669
-70.669
-70.669
-70.6689
-70.6689
-70.6689
-70.6689
-70.6689
-70.6688
-70.6688
-70.6688
-70.6688
-70.6688
-70.6687
-70.6687
-70.6687
-70.6687
-70.6686
-70.6686
-70.6686
-70.6686
-70.6686
-70.6685
-70.6685
-70.6685
-70.6685
-70.6685
-70.6684
-70.6684
-70.6684
-70.6684
-70.6684
-70.6683
-70.6683
-70.6683
-70.6683
-70.6682
-70.6682
-70.6682
-70.6682
-70.6682
-70.6681
-70.6681
-70.6681
-70.6681
-70.6681
-70.6789
-70.9479
-71.7039
-72.5764
-73.3294
-73.849
-74.1263
-74.2585
-74.3212
-74.3518
-74.3775
-74.4174
-74.4733
-74.5351
-74.5928
-74.6325
-74.6526
-74.6585
-74.6563
-74.6495
-74.6432
-74.648
-74.6676
-74.6938
-74.7235
-74.745
-74.7525
-74.7502
-74.7424
-74.7313
-74.7179
-74.7028
-74.6869
-74.6702
-74.6521
-74.6327
-74.612
-74.5899
-74.5663
-74.5415
-74.5154
-74.4883
-74.4601
-74.4311
-74.4012
-74.3706
-74.3393
-74.3073
-74.2748
-74.2419
-74.2086
-74.1749
-74.1409
-74.1067
-74.0723
-74.0378
-74.0032
-73.9686
-73.9339
-73.8993
-73.8648
-73.8303
-73.796
-73.7618
-73.7277
-73.6939
-73.6602
-73.6267
-73.5935
-73.5605
-73.5277
-73.4952
-73.4629
-73.4309
-73.3992
-73.3678
-73.3366
-73.3057
-73.2751
-73.2447
-73.2147
-73.1849
-73.1554
-73.1262
-73.0973
-73.0686
-73.0403
-73.0122
-72.9844
-72.9568
-72.9296
-72.9026
-72.8759
-72.8494
-72.8232
-72.7973
-72.7717
-72.7463
-72.7212
-72.6963
-72.6717
-72.6474
-72.6232
-72.5994
-72.5758
-72.5524
-72.5293
-72.5064
-72.4838
-72.4614
-72.4393
-72.4174
-72.3957
-72.3742
-72.353
-72.332
-72.3113
-72.2907
-72.2704
-72.2503
-72.2305
-72.2108
-72.1913
-72.1721
-72.1531
-72.1343
-72.1156
-72.0972
-72.079
-72.061
-72.0432
-72.0256
-72.0081
-71.9909
-71.9738
-71.957
-71.9403
-71.9238
-71.9075
-71.8914
-71.8754
-71.8596
-71.844
-71.8286
-71.8134
-71.7983
-71.7834
-71.7686
-71.754
-71.7396
-71.7253
-71.7112
-71.6973
-71.6835
-71.6699
-71.6564
-71.6431
-71.6299
-71.6169
-71.604
-71.5913
-71.5787
-71.5663
-71.554
-71.5419
-71.5298
-71.518
-71.5062
-71.4946
-71.4832
-71.4718
-71.4606
-71.4496
-71.4386
-71.4278
-71.4171
-71.4065
-71.3961
-71.3858
-71.3756
-71.3655
-71.3555
-71.3457
-71.336
-71.3264
-71.3169
-71.3075
-71.2983
-71.2891
-71.2801
-71.2712
-71.2623
-71.2536
-71.245
-71.2365
-71.2281
-71.2198
-71.2116
-71.2035
-71.1955
-71.1876
-71.1798
-71.1721
-71.1645
-71.157
-71.1495
-71.1422
-71.1349
-71.1278
-71.1207
-71.1137
-71.1068
-71.1
-71.0933
-71.0866
-71.0801
-71.0736
-71.0672
-71.0609
-71.0547
-71.0485
-71.0424
-71.0364
-71.0305
-71.0246
-71.0188
-71.0131
-71.0075
-71.0019
-70.9964
-70.991
-70.9857
-70.9804
-70.9752
-70.97
-70.9649
-70.9599
-70.9549
-70.9501
-70.9452
-70.9405
-70.9358
-70.9311
-70.9266
-70.922
-70.9176
-70.9132
-70.9088
-70.9045
-70.9003
-70.8961
-70.892
-70.888
-70.884
-70.88
-70.8761
-70.8722
-70.8684
-70.8647
-70.861
-70.8574
-70.8538
-70.8502
-70.8467
-70.8433
-70.8399
-70.8365
-70.8332
-70.8299
-70.8267
-70.8235
-70.8204
-70.8173
-70.8142
-70.8112
-70.8083
-70.8054
-70.8025
-70.7996
-70.7968
-70.7941
-70.7914
-70.7887
-70.786
-70.7834
-70.7809
-70.7783
-70.7758
-70.7734
-70.7709
-70.7686
-70.7662
-70.7639
-70.7781
-70.8068
-70.831
-70.8479
-70.8591
-70.8678
-70.8955
-70.9275
-70.9518
-70.9691
-71.0236
-71.1671
-71.3784
-71.6024
-71.8159
-72.0475
-72.2654
-72.4246
-72.5281
-72.6126
-72.7579
-73.027
-73.3597
-73.6699
-73.8968
-74.0457
-74.1336
-74.1821
-74.2068
-74.2351
-74.2804
-74.3538
-74.4482
-74.5371
-74.5967
-74.63
-74.6451
-74.65
-74.6503
-74.6502
-74.655
-74.6695
-74.6933
-74.7207
-74.7405
-74.7493
-74.7502
-74.7456
-74.7387
-74.7304
-74.7249
-74.7262
-74.7365
-74.7522
-74.7664
-74.7739
-74.7741
-74.7692
-74.7615
-74.7519
-74.7427
-74.7376
-74.7394
-74.7491
-74.7622
-74.7722
-74.7767
-74.7746
-74.7687
-74.7603
-74.75
-74.742
-74.7375
-74.7401
-74.7501
-74.7616
-74.7699
-74.7736
-74.7715
-74.7662
-74.7582
-74.7483
-74.7406
-74.7363
-74.7377
-74.7469
-74.7566
-74.7641
-74.7686
-74.7673
-74.763
-74.7568
-74.7474
-74.7399
-74.7347
-74.7335
-74.7406
-74.7494
-74.756
-74.7613
-74.7633
-74.7602
-74.7551
-74.7484
-74.7405
-74.7347
-74.7311
-74.7322
-74.7399
-74.747
-74.7516
-74.7551
-74.7566
-74.7547
-74.7492
-74.7418
-74.7358
-74.7312
-74.7282
-74.7303
-74.7358
-74.742
-74.7454
-74.7479
-74.7487
-74.7495
-74.7458
-74.7385
-74.7321
-74.7281
-74.7246
-74.7258
-74.7299
-74.7344
-74.7381
-74.7403
-74.741
-74.7413
-74.742
-74.738
-74.7318
-74.7261
-74.7222
-74.7204
-74.7229
-74.726
-74.729
-74.7323
-74.7332
-74.7336
-74.734
-74.7338
-74.7322
-74.7276
-74.7228
-74.7182
-74.7158
-74.7181
-74.7201
-74.7201
-74.7234
-74.7261
-74.7266
-74.7269
-74.7262
-74.7249
-74.723
-74.7199
-74.7164
-74.713
-74.7121
-74.7146
-74.715
-74.7128
-74.7138
-74.7169
-74.7192
-74.7205
-74.7188
-74.7164
-74.7142
-74.7118
-74.7106
-74.7087
-74.7075
-74.7094
-74.7098
-74.7075
-74.7034
-74.7044
-74.7089
-74.7115
-74.7121
-74.7103
-74.7075
-74.7034
-74.7015
-74.7013
-74.7009
-74.702
-74.7037
-74.7045
-74.7008
-74.6951
-74.693
-74.6972
-74.7014
-74.7036
-74.7031
-74.6998
-74.695
-74.6923
-74.691
-74.6903
-74.6908
-74.694
-74.6968
-74.6966
-74.6927
-74.6864
-74.6826
-74.6858
-74.691
-74.6938
-74.6924
-74.6899
-74.6865
-74.6836
-74.681
-74.6788
-74.6788
-74.6801
-74.6822
-74.6854
-74.6861
-74.6822
-74.6772
-74.6723
-74.6743
-74.68
-74.6822
-74.6824
-74.6791
-74.6748
-74.6722
-74.6709
-74.6679
-74.6675
-74.6677
-74.6683
-74.6687
-74.6697
-74.6707
-74.6687
-74.6655
-74.6617
-74.6616
-74.6661
-74.6683
-74.6695
-74.6686
-74.6643
-74.6604
-74.6583
-74.6542
-74.6529
-74.654
-74.6543
-74.6563
-74.6555
-74.6548
-74.6539
-74.6515
-74.6487
-74.6451
-74.6438
-74.6473
-74.6508
-74.6521
-74.6524
-74.6543
-74.6521
-74.6466
-74.64
-74.6372
-74.6383
-74.6392
-74.6378
-74.6375
-74.6396
-74.6405
-74.6388
-74.6366
-74.6342
-74.6295
-74.6233
-74.6205
-74.6215
-74.6246
-74.6304
-74.6319
-74.6339
-74.6356
-74.6331
-74.6279
-74.6217
-74.6181
-74.6193
-74.6208
-74.6215
-74.6211
-74.6197
-74.6194
-74.6198
-74.6173
-74.6143
-74.6084
-74.6029
-74.597
-74.594
-74.5957
-74.5994
-74.6012
-74.6056
-74.6059
-74.6041
-74.605
-74.604
-74.6014
-74.6003
-74.6003
-74.601
-74.6015
-74.5999
-74.5997
-74.6008
-74.5995
-74.5967
-74.5934
-74.5893
-74.5852
-74.5773
-74.567
-74.5598
-74.5589
-74.5635
-74.5691
-74.5739
-74.5724
-74.572
-74.5716
-74.5705
-74.5693
-74.5696
-74.5682
-74.5659
-74.5678
-74.5716
-74.575
-74.5758
-74.576
-74.5773
-74.5748
-74.5716
-74.568
-74.5627
-74.5541
-74.5463
-74.5433
-74.5358
-74.5289
-74.5234
-74.5182
-74.5184
-74.5251
-74.531
-74.5322
-74.5285
-74.5235
-74.5211
-74.5214
-74.525
-74.5304
-74.5355
-74.537
-74.5362
-74.5348
-74.5337
-74.5339
-74.5324
-74.5307
-74.5328
-74.5349
-74.5347
-74.5313
-74.5257
-74.5172
-74.5059
-74.4967
-74.4888
-74.482
-74.4813
-74.4835
-74.4825
-74.4782
-74.4731
-74.4709
-74.4697
-74.4703
-74.4686
-74.461
-74.4566
-74.4552
-74.4575
-74.4658
-74.4749
-74.4801
-74.4833
-74.4899
-74.4926
-74.492
-74.4925
-74.4893
-74.4853
-74.4847
-74.4845
-74.4793
-74.472
-74.4637
-74.4577
-74.454
-74.4513
-74.4462
-74.4378
-74.4276
-74.4201
-74.4175
-74.4161
-74.4155
-74.4144
-74.415
-74.4152
-74.4119
-74.4032
-74.395
-74.3868
-74.3794
-74.375
-74.373
-74.374
-74.3751
-74.378
-74.3819
-74.3864
-74.3966
-74.408
-74.4137
-74.4134
-74.4095
-74.4044
-74.4052
-74.4101
-74.4125
-74.4159
-74.4189
-74.4187
-74.4177
-74.4137
-74.4053
-74.3935
-74.3768
-74.3592
-74.3462
-74.3369
-74.3345
-74.3332
-74.3266
-74.3282
-74.334
-74.3367
-74.3335
-74.3248
-74.3166
-74.3145
-74.3103
-74.304
-74.2929
-74.2827
-74.2718
-74.2683
-74.2719
-74.2713
-74.2632
-74.2554
-74.2573
-74.2604
-74.2621
-74.2578
-74.2493
-74.246
-74.2477
-74.2524
-74.2557
-74.257
-74.2644
-74.2805
-74.2924
-74.299
-74.3007
-74.3007
-74.3005
-74.2992
-74.2968
-74.2924
-74.2868
-74.2806
-74.276
-74.2713
-74.268
-74.2661
-74.2629
-74.2582
-74.2511
-74.2434
-74.2301
-74.2114
-74.1982
-74.1929
-74.1901
-74.1882
-74.187
-74.1864
-74.1842
-74.1801
-74.1765
-74.1724
-74.1666
-74.1614
-74.1533
-74.1423
-74.1318
-74.1241
-74.1192
-74.1139
-74.108
-74.103
-74.0963
-74.0956
-74.099
-74.0955
-74.0875
-74.0782
-74.0661
-74.0589
-74.0532
-74.0481
-74.0476
-74.0495
-74.0518
-74.0527
-74.0597
-74.0697
-74.08
-74.0845
-74.0821
-74.0805
-74.0753
-74.0666
-74.0574
-74.0514
-74.0451
-74.0358
-74.0312
-74.0237
-74.0131
-74.0068
-74.0111
-74.0215
-74.0413
-74.0536
-74.0579
-74.0551
-74.047
-74.0441
-74.0477
-74.0529
-74.0499
-74.0385
-74.0212
-74.0046
-73.9965
-74.001
-74.0094
-74.0159
-74.0192
-74.0154
-74.0064
-74
-73.9929
-73.9839
-73.976
-73.9674
-73.9611
-73.9662
-73.9743
-73.9779
-73.9815
-73.9834
-73.9849
-73.9793
-73.9704
-73.9696
-73.9711
-73.9678
-73.9568
-73.9397
-73.9223
-73.9049
-73.8886
-73.8693
-73.8523
-73.8417
-73.8317
-73.8207
-73.8078
-73.7901
-73.7732
-73.7554
-73.7339
-73.7141
-73.7
-73.6915
-73.6807
-73.6746
-73.6696
-73.6642
-73.6563
-73.6484
-73.6359
-73.6263
-73.6225
-73.6199
-73.6114
-73.5965
-73.5768
-73.5537
-73.5282
-73.5011
-73.4787
-73.4596
-73.4459
-73.4396
-73.4428
-73.4468
-73.4488
-73.4501
-73.4501
-73.4468
-73.4443
-73.4434
-73.4409
-73.448
-73.4683
-73.4879
-73.4953
-73.4919
-73.4807
-73.4642
-73.444
-73.4228
-73.4128
-73.4082
-73.4119
-73.4241
-73.4458
-73.466
-73.4775
-73.4778
-73.4694
-73.4549
-73.4363
-73.4209
-73.4071
-73.3906
-73.3784
-73.3658
-73.3491
-73.3288
-73.3058
-73.2809
-73.2546
-73.2291
-73.2179
-73.2126
-73.2027
-73.1875
-73.1747
-73.1648
-73.153
-73.1475
-73.1489
-73.1534
-73.1622
-73.17
-73.1696
-73.1615
-73.1502
-73.1438
-73.1349
-73.1213
-73.1037
-73.0834
-73.0611
-73.0373
-73.0126
-72.9872
-72.9613
-72.9349
-72.9084
-72.8817
-72.8579
-72.8447
-72.832
-72.816
-72.7972
-72.7762
-72.7538
-72.7305
-72.7123
-72.7036
-72.6936
-72.6799
-72.663
-72.6439
-72.6233
-72.6018
-72.5899
-72.584
-72.576
-72.5764
-72.5774
-72.5729
-72.5631
-72.5496
-72.5334
-72.5159
-72.5091
-72.5065
-72.5002
-72.4895
-72.4755
-72.4592
-72.4413
-72.4224
-72.4027
-72.3826
-72.3621
-72.3414
-72.3206
-72.2997
-72.2788
-72.258
-72.2372
-72.2166
-72.196
-72.1756
-72.1553
-72.1352
-72.1153
-72.0955
-72.0759
-72.0565
-72.0373
-72.0183
-71.9995
-71.9809
-71.9625
-71.9443
-71.9263
-71.9085
-71.8909
-71.8735
-71.8562
-71.8392
-71.8224
-71.8058
-71.7894
-71.7731
-71.7571
-71.7412
-71.7255
-71.7101
-71.6948
-71.6796
-71.6647
-71.65
-71.6354
-71.621
-71.6067
-71.5927
-71.5788
-71.5651
-71.5515
-71.5381
-71.5249
-71.5119
-71.499
-71.4862
-71.4736
-71.4612
-71.4489
-71.4368
-71.4248
-71.413
-71.4013
-71.3898
-71.3784
-71.3672
-71.3561
-71.3451
-71.3343
-71.3236
-71.3131
-71.3027
-71.2924
-71.2823
-71.2723
-71.2624
-71.2527
-71.243
-71.2335
-71.2242
-71.2149
-71.2058
-71.1968
-71.1879
-71.1791
-71.1704
-71.1618
-71.1534
-71.1451
-71.1368
-71.1287
-71.1207
-71.1128
-71.105
-71.0973
-71.0897
-71.0822
-71.0748
-71.0675
-71.0604
-71.0533
-71.0462
-71.0393
-71.0325
-71.0258
-71.0192
-71.0126
-71.0062
-70.9998
-70.9935
-70.9873
-70.9812
-70.9752
-70.9692
-70.9634
-70.9576
-70.9519
-70.9463
-70.9407
-70.9352
-70.9298
-70.9245
-70.9193
-70.9141
-70.909
-70.904
-70.899
-70.8942
-70.8893
-70.8846
-70.8799
-70.8753
-70.8708
-70.8663
-70.8619
-70.8575
-70.8532
-70.849
-70.8448
-70.8407
-70.8367
-70.8327
-70.8288
-70.8249
-70.8211
-70.8173
-70.8136
-70.81
-70.8064
-70.8029
-70.7994
-70.796
-70.7926
-70.7893
-70.786
-70.7828
-70.7796
-70.7764
-70.7734
-70.7703
-70.7673
-70.7644
-70.7615
-70.7587
-70.7559
-70.7531
-70.7504
-70.7477
-70.7451
-70.7425
-70.7399
-70.7374
-70.7349
-70.7325
-70.7301
-70.7278
-70.7255
-70.7232
-70.721
-70.7188
-70.7166
-70.7145
-70.7124
-70.7103
-70.7083
-70.7063
-70.7043
-70.7024
-70.7005
-70.6987
-70.6968
-70.695
-70.6933
-70.6915
-70.6898
-70.6882
-70.6865
-70.6849
-70.6833
-70.6818
-70.6802
-70.6787
-70.6773
-70.6758
-70.6744
-70.673
-70.6716
-70.6703
-70.669
-70.6677
-70.6664
-70.6651
-70.6639
-70.6627
-70.6615
-70.6604
-70.6593
-70.6582
-70.6571
-70.656
-70.655
-70.6539
-70.6529
-70.6519
-70.651
-70.65
-70.6491
-70.6482
-70.6473
-70.6465
-70.6456
-70.6448
-70.644
-70.6432
-70.6424
-70.6416
-70.6409
-70.6402
-70.6394
-70.6388
-70.6381
-70.6374
-70.6368
-70.6361
-70.6355
-70.6349
-70.6343
-70.6337
-70.6332
-70.6326
-70.6321
-70.6316
-70.6311
-70.6306
-70.6301
-70.6296
-70.6292
-70.6287
-70.6283
-70.6279
-70.6275
-70.6271
-70.6267
-70.6263
-70.626
-70.6256
-70.6253
-70.625
-70.6246
-70.6243
-70.624
-70.6238
-70.6235
-70.6232
-70.6229
-70.6227
-70.6225
-70.6222
-70.622
-70.6218
-70.6216
-70.6214
-70.6212
-70.621
-70.6208
-70.6207
-70.6205
-70.6204
-70.6202
-70.6201
-70.62
-70.6198
-70.6197
-70.6196
-70.6195
-70.6194
-70.6193
-70.6192
-70.6192
-70.6191
-70.619
-70.619
-70.6189
-70.6189
-70.6188
-70.6188
-70.6188
-70.6188
-70.6187
-70.6187
-70.6187
-70.6187
-70.6187
-70.6187
-70.6187
-70.6187
-70.6188
-70.6188
-70.6188
-70.6188
-70.6189
-70.6189
-70.619
-70.619
-70.6191
-70.6191
-70.6192
-70.6192
-70.6193
-70.6194
-70.6195
-70.6195
-70.6196
-70.6197
-70.6198
-70.6199
-70.62
-70.6201
-70.6202
-70.6203
-70.6204
-70.6205
-70.6206
-70.6207
-70.6208
-70.6209
-70.621
-70.6211
-70.6213
-70.6214
-70.6215
-70.6217
-70.6218
-70.6219
-70.622
-70.6222
-70.6223
-70.6225
-70.6226
-70.6227
-70.6229
-70.623
-70.6232
-70.6233
-70.6235
-70.6236
-70.6238
-70.6239
-70.6241
-70.6243
-70.6244
-70.6246
-70.6247
-70.6249
-70.6251
-70.6252
-70.6254
-70.6256
-70.6257
-70.6259
-70.6261
-70.6262
-70.6264
-70.6266
-70.6267
-70.6269
-70.6271
-70.6273
-70.6274
-70.6276
-70.6278
-70.628
-70.6281
-70.6283
-70.6285
-70.6287
-70.6288
-70.629
-70.6292
-70.6294
-70.6295
-70.6297
-70.6299
-70.6301
-70.6303
-70.6304
-70.6306
-70.6308
-70.631
-70.6312
-70.6313
-70.6315
-70.6317
-70.6319
-70.6321
-70.6322
-70.6324
-70.6326
-70.6328
-70.633
-70.6331
-70.6333
-70.6335
-70.6337
-70.6339
-70.634
-70.6342
-70.6344
-70.6346
-70.6347
-70.6349
-70.6351
-70.6353
-70.6354
-70.6356
-70.6358
-70.636
-70.6361
-70.6363
-70.6365
-70.6367
-70.6368
-70.637
-70.6372
-70.6374
-70.6375
-70.6377
-70.6379
-70.638
-70.6382
-70.6384
-70.6385
-70.6387
-70.6389
-70.639
-70.6392
-70.6394
-70.6395
-70.6397
-70.6399
-70.64
-70.6402
-70.6404
-70.6405
-70.6407
-70.6408
-70.641
-70.6412
-70.6413
-70.6415
-70.6416
-70.6418
-70.6419
-70.6421
-70.6423
-70.6424
-70.6426
-70.6427
-70.6429
-70.643
-70.6432
-70.6433
-70.6435

