-70
-70.1661
-70.23
-70.2566
-70.2695
-70.2773
-70.283
-70.2879
-70.2925
-70.297
-70.3014
-70.3057
-70.31
-70.3142
-70.3185
-70.3226
-70.3268
-70.3309
-70.335
-70.3391
-70.3431
-70.3471
-70.351
-70.3549
-70.3588
-70.3626
-70.3664
-70.3701
-70.3738
-70.3775
-70.3811
-70.3847
-70.3883
-70.3918
-70.3953
-70.3987
-70.4021
-70.4055
-70.4088
-70.4121
-70.4154
-70.4186
-70.4218
-70.4249
-70.428
-70.4311
-70.4341
-70.4372
-70.4401
-70.4431
-70.446
-70.4489
-70.4517
-70.4545
-70.4573
-70.4601
-70.4628
-70.4655
-70.4682
-70.4708
-70.4734
-70.476
-70.4785
-70.481
-70.4835
-70.486
-70.4884
-70.4908
-70.4932
-70.4955
-70.4978
-70.5001
-70.5024
-70.5046
-70.5068
-70.509
-70.5112
-70.5133
-70.5154
-70.5175
-70.5196
-70.5216
-70.5236
-70.5256
-70.5276
-70.5295
-70.5315
-70.5334
-70.5352
-70.5371
-70.5389
-70.5407
-70.5425
-70.5443
-70.5461
-70.5478
-70.5495
-70.5512
-70.5528
-70.5545
-70.5561
-70.5577
-70.5593
-70.5609
-70.5624
-70.5639
-70.5655
-70.5669
-70.5684
-70.5699
-70.5713
-70.5727
-70.5741
-70.5755
-70.5769
-70.5782
-70.5796
-70.5809
-70.5822
-70.5835
-70.5848
-70.586
-70.5873
-70.5885
-70.5897
-70.5909
-70.5921
-70.5932
-70.5944
-70.5955
-70.5966
-70.5977
-70.5988
-70.5999
-70.601
-70.602
-70.603
-70.6041
-70.6051
-70.6061
-70.6071
-70.608
-70.609
-70.6099
-70.6109
-70.6118
-70.6127
-70.6136
-70.6145
-70.6154
-70.6162
-70.6171
-70.6179
-70.6187
-70.6196
-70.6204
-70.6212
-70.622
-70.6227
-70.6235
-70.6242
-70.625
-70.6257
-70.6265
-70.6272
-70.6279
-70.6286
-70.6293
-70.6299
-70.6306
-70.6313
-70.6319
-70.6325
-70.6332
-70.6338
-70.6344
-70.635
-70.6356
-70.6362
-70.6368
-70.6374
-70.6379
-70.6385
-70.639
-70.6396
-70.6401
-70.6406
-70.6411
-70.6417
-70.6422
-70.6427
-70.6431
-70.6436
-70.6441
-70.6446
-70.645
-70.6455
-70.6459
-70.6464
-70.6468
-70.6472
-70.6476
-70.6481
-70.6485
-70.6489
-70.6493
-70.6497
-70.65
-70.6504
-70.6508
-70.6512
-70.6515
-70.6519
-70.6522
-70.6526
-70.6529
-70.6533
-70.6536
-70.6539
-70.6542
-70.6545
-70.6549
-70.6552
-70.6555
-70.6558
-70.656
-70.6563
-70.6566
-70.6569
-70.6572
-70.6574
-70.6577
-70.658
-70.6582
-70.6585
-70.6587
-70.6589
-70.6592
-70.6594
-70.6597
-70.6599
-70.6601
-70.6603
-70.6605
-70.6607
-70.661
-70.6612
-70.6614
-70.6616
-70.6617
-70.6619
-70.6621
-70.6623
-70.6625
-70.6627
-70.6628
-70.663
-70.6632
-70.6633
-70.6635
-70.6637
-70.6638
-70.664
-70.6641
-70.6643
-70.6644
-70.6646
-70.6647
-70.6648
-70.665
-70.6651
-70.6652
-70.6653
-70.6655
-70.6656
-70.6657
-70.6658
-70.6659
-70.666
-70.6662
-70.6663
-70.6664
-70.6665
-70.6666
-70.6667
-70.6668
-70.6669
-70.667
-70.667
-70.6671
-70.6672
-70.6673
-70.6674
-70.6675
-70.6675
-70.6676
-70.6677
-70.6678
-70.6678
-70.6679
-70.668
-70.668
-70.6681
-70.6682
-70.6682
-70.6683
-70.6683
-70.6684
-70.6685
-70.6685
-70.6686
-70.6686
-70.6687
-70.6687
-70.6688
-70.6688
-70.6688
-70.6689
-70.6689
-70.669
-70.669
-70.669
-70.6691
-70.6691
-70.6691
-70.6692
-70.6692
-70.6692
-70.6693
-70.6693
-70.6693
-70.6694
-70.6694
-70.6694
-70.6694
-70.6694
-70.6695
-70.6695
-70.6695
-70.6695
-70.6695
-70.6696
-70.6696
-70.6696
-70.6696
-70.6696
-70.6696
-70.6696
-70.6697
-70.6697
-70.6697
-70.6697
-70.6697
-70.6697
-70.6697
-70.6697
-70.6697
-70.6697
-70.6697
-70.6697
-70.6697
-70.6697
-70.6697
-70.6697
-70.6697
-70.6697
-70.6697
-70.6697
-70.6697
-70.6697
-70.6697
-70.6697
-70.6697
-70.6697
-70.6697
-70.6697
-70.6697
-70.6697
-70.6697
-70.6697
-70.6697
-70.6697
-70.6697
-70.6696
-70.6696
-70.6696
-70.6696
-70.6696
-70.6696
-70.6696
-70.6696
-70.6696
-70.6695
-70.6695
-70.6695
-70.6695
-70.6695
-70.6695
-70.6695
-70.6695
-70.6694
-70.6694
-70.6694
-70.6694
-70.6694
-70.6694
-70.6693
-70.6693
-70.6693
-70.6693
-70.6693
-70.6693
-70.6693
-70.6692
-70.6692
-70.6692
-70.6692
-70.6692
-70.6691
-70.6691
-70.6691
-70.6691
-70.6691
-70.6691
-70.669
-70.669
-70.669
-70.669
-70.669
-70.6689
-70.6689
-70.6689
-70.6689
-70.6689
-70.6688
-70.6688
-70.6688
-70.6688
-70.6688
-70.6687
-70.6687
-70.6687
-70.6687
-70.6686
-70.6686
-70.6686
-70.6686
-70.6686
-70.6685
-70.6685
-70.6685
-70.6685
-70.6685
-70.6684
-70.6684
-70.6684
-70.6684
-70.6684
-70.6683
-70.6683
-70.6683
-70.6683
-70.6682
-70.6682
-70.6682
-70.6682
-70.6682
-70.6681
-70.6681
-70.6681
-70.6681
-70.6681
-70.6774
-70.9446
-71.7439
-72.7099
-65.6016
-54.1481
-51.1539
-49.3638
-47.0862
-38.6247
-3.00493
-33.7636
-65.7408
-68.7143
-67.7387
-66.6761
-65.5921
-64.5052
-63.4331
-62.3926
-61.3989
-60.4655
-59.6024
-58.753
-57.9501
-57.2518
-56.6531
-56.136
-55.6896
-55.3063
-54.969
-54.6768
-54.4347
-54.237
-54.0759
-53.9441
-53.8332
-53.7379
-53.6607
-53.6009
-53.555
-53.5199
-53.4935
-53.4721
-53.4503
-53.4323
-53.4201
-53.4124
-53.4077
-53.4052
-53.4044
-53.4049
-53.4028
-53.3957
-53.3918
-53.3907
-53.3913
-53.393
-53.3954
-53.3981
-53.4012
-53.4046
-53.4081
-53.4082
-53.4004
-53.3962
-53.3952
-53.396
-53.3976
-53.3997
-53.4021
-53.4047
-53.4073
-53.4101
-53.4128
-53.4157
-53.4185
-53.421
-53.4228
-53.4143
-53.4075
-53.4005
-53.3962
-53.3941
-53.3928
-53.3913
-53.3887
-53.3833
-53.3698
-53.2948
-52.9996
-52.9743
-53.0426
-53.1144
-53.1696
-53.208
-53.2337
-53.2514
-53.2647
-53.2763
-53.288
-53.3011
-53.317
-53.3608
-53.3992
-53.4167
-53.4266
-53.4347
-53.4407
-53.4393
-53.4387
-53.4401
-53.4435
-53.4485
-53.4547
-53.4621
-53.4708
-53.4807
-53.4919
-53.5044
-53.5184
-53.5338
-53.5509
-53.5698
-53.5905
-53.6133
-53.6383
-53.6656
-53.6954
-53.7282
-53.764
-53.8032
-53.8459
-53.8926
-53.9434
-53.9987
-54.0257
-53.6318
-53.4763
-53.4348
-53.4324
-53.4434
-53.4592
-53.4767
-53.4949
-53.4917
-53.4572
-53.4425
-53.4405
-53.4448
-53.452
-53.4608
-53.4704
-53.4808
-53.4921
-53.5041
-53.5167
-53.53
-53.5442
-53.5594
-53.5756
-53.5932
-53.6131
-53.6347
-53.6582
-53.6838
-53.7113
-53.7408
-53.7728
-53.8074
-53.845
-53.8858
-53.9314
-53.9845
-54.0422
-54.1048
-54.1715
-53.818
-53.4794
-53.3887
-53.3757
-53.386
-53.4029
-53.4216
-53.4403
-53.4584
-53.4762
-53.4937
-53.5109
-53.4993
-53.453
-53.4336
-53.4292
-53.4316
-53.4374
-53.4447
-53.4527
-53.4614
-53.4707
-53.4804
-53.4905
-53.5011
-53.5124
-53.5245
-53.5377
-53.5534
-53.5706
-53.5886
-53.6078
-53.6296
-53.653
-53.6778
-53.7043
-53.7331
-53.7642
-53.7981
-53.8387
-53.8851
-53.9338
-53.9848
-54.0401
-54.1029
-54.1696
-54.2398
-54.3138
-54.3925
-54.2543
-53.5311
-53.3436
-53.3134
-53.3256
-53.3479
-53.3713
-53.3937
-53.4144
-53.4334
-53.451
-53.4678
-53.484
-53.5007
-53.5186
-53.5374
-53.5564
-53.5495
-53.4658
-53.4312
-53.4222
-53.4231
-53.4278
-53.4342
-53.4413
-53.4494
-53.4582
-53.4679
-53.4781
-53.4886
-53.4995
-53.5111
-53.5238
-53.5384
-53.5542
-53.5708
-53.5886
-53.608
-53.6307
-53.6557
-53.6843
-53.715
-53.7474
-53.7823
-53.8228
-53.8669
-53.9136
-53.9634
-53.6202
-53.4302
-53.3838
-53.3809
-53.3907
-53.4038
-53.4174
-53.431
-53.4447
-53.4582
-53.4714
-53.4851
-53.5001
-53.5159
-53.532
-53.5441
-53.4742
-53.4379
-53.4265
-53.4256
-53.4292
-53.4351
-53.442
-53.4497
-53.4587
-53.4682
-53.478
-53.4882
-53.499
-53.5107
-53.5251
-53.5477
-53.5775
-53.6135
-53.6517
-53.6888
-53.725
-53.7639
-53.808
-53.8845
-53.9838
-54.0935
-54.2052
-54.3203
-54.4301
-54.5349
-54.6411
-54.7561
-54.8904
-55.066
-55.2806
-55.5089
-55.7362
-55.9638
-56.1938
-56.429
-56.6736
-56.9333
-57.2183
-57.5463
-57.92
-58.3107
-58.7105
-59.1196
-59.5336
-59.9493
-60.3713
-60.8012
-61.2455
-61.7221
-62.2472
-62.7883
-63.3251
-63.8555
-64.3795
-64.884
-65.3683
-65.8364
-66.2933
-66.7546
-67.236
-67.7342
-68.2185
-68.6727
-69.1033
-69.5085
-69.879
-70.2186
-70.5327
-70.8283
-71.1189
-71.4118
-71.7015
-71.9704
-72.2124
-72.4347
-72.6392
-72.8202
-72.9803
-73.1258
-73.2599
-73.3888
-73.5167
-73.6425
-73.7585
-73.8588
-73.9469
-74.0291
-74.1005
-74.1609
-74.2134
-74.2612
-74.307
-74.3529
-74.3993
-74.4441
-74.4835
-74.5158
-74.5443
-74.5713
-74.5928
-74.6093
-74.6233
-74.6375
-74.6522
-74.6678
-74.6843
-74.7001
-74.7129
-74.7214
-74.7282
-74.7351
-74.7408
-74.7435
-74.7449
-74.7472
-74.7519
-74.7577
-74.7647
-74.7715
-74.7765
-74.7783
-74.7781
-74.7783
-74.7788
-74.7792
-74.7781
-74.7763
-74.7767
-74.7785
-74.7809
-74.7843
-74.7866
-74.7874
-74.7857
-74.7829
-74.7818
-74.7809
-74.7796
-74.7782
-74.777
-74.777
-74.7776
-74.7798
-74.7817
-74.7826
-74.7821
-74.7799
-74.7769
-74.7758
-74.7749
-74.7723
-74.7697
-74.7686
-74.7677
-74.7673
-74.7683
-74.7699
-74.7709
-74.7707
-74.77
-74.7682
-74.7669
-74.7662
-74.7645
-74.7611
-74.7594
-74.7583
-74.7569
-74.7565
-74.7574
-74.7582
-74.7578
-74.7575
-74.7564
-74.7558
-74.7561
-74.7547
-74.7526
-74.7498
-74.7477
-74.7459
-74.7445
-74.7432
-74.7428
-74.7441
-74.7447
-74.7441
-74.7433
-74.744
-74.7456
-74.7458
-74.744
-74.7415
-74.7398
-74.7382
-74.7345
-74.732
-74.7315
-74.7299
-74.7285
-74.728
-74.7269
-74.726
-74.7265
-74.7271
-74.7288
-74.7305
-74.73
-74.7284
-74.7281
-74.7256
-74.722
-74.7193
-74.7187
-74.7172
-74.7167
-74.715
-74.7118
-74.7112
-74.7134
-74.7147
-74.7135
-74.7143
-74.717
-74.7174
-74.7173
-74.7163
-74.7124
-74.7087
-74.7054
-74.702
-74.6996
-74.6989
-74.6969
-74.6937
-74.6894
-74.6878
-74.6892
-74.6907
-74.6931
-74.698
-74.7018
-74.7033
-74.7035
-74.7023
-74.7004
-74.6978
-74.6945
-74.6894
-74.6845
-74.6843
-74.6853
-74.6825
-74.6783
-74.672
-74.6689
-74.6695
-74.6719
-74.6749
-74.6818
-74.6883
-74.6894
-74.6861
-74.6841
-74.6835
-74.6809
-74.6761
-74.6705
-74.667
-74.663
-74.6605
-74.6583
-74.6557
-74.6495
-74.6413
-74.6403
-74.6429
-74.6452
-74.6453
-74.6528
-74.665
-74.6729
-74.6738
-74.6723
-74.6706
-74.6674
-74.6622
-74.6567
-74.6543
-74.6524
-74.6489
-74.645
-74.6397
-74.6339
-74.6296
-74.6231
-74.6201
-74.6232
-74.6246
-74.6241
-74.6257
-74.6333
-74.6419
-74.6481
-74.6506
-74.6502
-74.6473
-74.6444
-74.6403
-74.6327
-74.6288
-74.6253
-74.621
-74.6152
-74.6101
-74.603
-74.5966
-74.5919
-74.5886
-74.5864
-74.5864
-74.5894
-74.5932
-74.5956
-74.5979
-74.6039
-74.6119
-74.6187
-74.6237
-74.626
-74.6256
-74.6212
-74.6163
-74.612
-74.6099
-74.6064
-74.6007
-74.5931
-74.5883
-74.5823
-74.5744
-74.5694
-74.5695
-74.5678
-74.5607
-74.5533
-74.5532
-74.5619
-74.5707
-74.5726
-74.572
-74.5724
-74.5751
-74.5823
-74.5892
-74.5954
-74.5956
-74.5905
-74.5841
-74.5759
-74.5718
-74.57
-74.5669
-74.5616
-74.5539
-74.5447
-74.5345
-74.5274
-74.5254
-74.5239
-74.5237
-74.5201
-74.5142
-74.506
-74.4959
-74.4947
-74.4998
-74.5109
-74.5225
-74.5278
-74.5312
-74.5358
-74.5388
-74.5412
-74.5468
-74.5484
-74.5466
-74.5455
-74.5441
-74.5389
-74.5304
-74.5222
-74.5185
-74.5154
-74.5123
-74.5073
-74.4973
-74.4895
-74.4881
-74.4852
-74.4798
-74.4771
-74.4747
-74.4699
-74.4604
-74.4506
-74.4473
-74.4472
-74.445
-74.4454
-74.4541
-74.4677
-74.4783
-74.4861
-74.4946
-74.4992
-74.498
-74.4961
-74.4965
-74.4966
-74.4948
-74.4881
-74.4826
-74.4783
-74.4715
-74.4627
-74.4556
-74.451
-74.4482
-74.4492
-74.4475
-74.4461
-74.4449
-74.441
-74.4335
-74.4282
-74.4219
-74.4134
-74.4047
-74.3957
-74.3868
-74.3794
-74.3723
-74.3665
-74.362
-74.3581
-74.3527
-74.3463
-74.3495
-74.3596
-74.3701
-74.379
-74.3868
-74.3945
-74.3979
-74.3966
-74.3964
-74.3965
-74.3959
-74.3952
-74.3937
-74.3923
-74.3915
-74.3907
-74.3849
-74.3739
-74.3608
-74.3519
-74.3452
-74.3431
-74.3422
-74.3458
-74.3523
-74.3607
-74.3681
-74.3708
-74.3645
-74.356
-74.3453
-74.3348
-74.3277
-74.317
-74.3003
-74.2816
-74.2678
-74.2583
-74.2563
-74.2606
-74.2676
-74.2699
-74.2674
-74.2619
-74.2556
-74.2544
-74.2527
-74.2464
-74.2353
-74.226
-74.2229
-74.2266
-74.234
-74.2433
-74.2516
-74.2594
-74.2692
-74.2771
-74.2785
-74.2748
-74.2695
-74.2588
-74.2436
-74.2269
-74.2119
-74.2047
-74.208
-74.2199
-74.227
-74.2297
-74.2248
-74.2184
-74.2126
-74.2041
-74.1921
-74.1869
-74.1913
-74.1984
-74.2141
-74.2315
-74.2395
-74.2406
-74.2329
-74.2206
-74.2078
-74.1923
-74.1844
-74.1831
-74.176
-74.1627
-74.1487
-74.1394
-74.136
-74.1314
-74.1202
-74.1091
-74.107
-74.1019
-74.098
-74.0967
-74.0888
-74.0751
-74.0596
-74.0449
-74.0359
-74.0368
-74.041
-74.0403
-74.0355
-74.0269
-74.0138
-74.0031
-73.9973
-73.9919
-73.9893
-73.985
-73.9869
-73.9981
-74.0068
-74.0072
-74.0083
-74.0103
-74.0116
-74.0143
-74.0123
-74.011
-74.0076
-74.0015
-73.995
-73.9941
-74.0014
-74.0067
-74.0095
-74.0115
-74.0079
-74.0006
-73.9879
-73.9697
-73.9495
-73.9302
-73.9156
-73.9026
-73.8892
-73.8738
-73.8619
-73.8509
-73.8356
-73.8239
-73.8267
-73.8398
-73.8634
-73.8834
-73.891
-73.8907
-73.8931
-73.8954
-73.9012
-73.9046
-73.9114
-73.9225
-73.9333
-73.942
-73.9461
-73.9461
-73.9466
-73.9483
-73.9533
-73.961
-73.9719
-73.9756
-73.9697
-73.9618
-73.9578
-73.9507
-73.9373
-73.9194
-73.9024
-73.8832
-73.8628
-73.8438
-73.8228
-73.8041
-73.784
-73.7622
-73.7432
-73.7223
-73.6986
-73.6782
-73.6658
-73.661
-73.657
-73.6538
-73.6528
-73.6461
-73.6333
-73.6268
-73.6208
-73.609
-73.5976
-73.5847
-73.5672
-73.5472
-73.5312
-73.5138
-73.4929
-73.4691
-73.4441
-73.4249
-73.4061
-73.3848
-73.3725
-73.3669
-73.3676
-73.3881
-73.4055
-73.4107
-73.4056
-73.3932
-73.3759
-73.3552
-73.3326
-73.3203
-73.321
-73.3377
-73.3609
-73.3757
-73.3784
-73.3739
-73.3717
-73.3746
-73.3873
-73.3989
-73.4147
-73.4249
-73.4248
-73.4163
-73.402
-73.3835
-73.3624
-73.3468
-73.335
-73.3279
-73.3176
-73.304
-73.2994
-73.2988
-73.2923
-73.2796
-73.2622
-73.2415
-73.2185
-73.1974
-73.1832
-73.168
-73.1494
-73.1279
-73.1045
-73.0824
-73.0689
-73.0551
-73.0379
-73.0177
-72.9953
-72.9714
-72.9465
-72.921
-72.895
-72.8687
-72.8423
-72.8157
-72.7892
-72.7627
-72.7363
-72.7099
-72.6837
-72.6577
-72.6319
-72.6062
-72.5808
-72.5555
-72.5305
-72.5057
-72.4812
-72.4569
-72.4328
-72.409
-72.3854
-72.3621
-72.3391
-72.3162
-72.2937
-72.2714
-72.2493
-72.2275
-72.2061
-72.2076
-72.2262
-72.2388
-72.2425
-72.2393
-72.2313
-72.22
-72.2064
-72.1914
-72.1753
-72.1584
-72.141
-72.1232
-72.1052
-72.0871
-72.0688
-72.0506
-72.0323
-72.0141
-71.9959
-71.9779
-71.96
-71.9422
-71.9245
-71.907
-71.8896
-71.8724
-71.8554
-71.8385
-71.8218
-71.8053
-71.789
-71.7728
-71.7568
-71.741
-71.7254
-71.71
-71.6947
-71.6796
-71.6647
-71.65
-71.6354
-71.621
-71.6068
-71.5927
-71.5788
-71.5651
-71.5516
-71.5382
-71.525
-71.5119
-71.499
-71.4862
-71.4737
-71.4612
-71.4489
-71.4368
-71.4248
-71.413
-71.4013
-71.3898
-71.3784
-71.3672
-71.356
-71.3451
-71.3342
-71.3236
-71.313
-71.3026
-71.2923
-71.2822
-71.2722
-71.2623
-71.2525
-71.2429
-71.2334
-71.224
-71.2147
-71.2056
-71.1966
-71.1877
-71.1789
-71.1702
-71.1617
-71.1532
-71.1449
-71.1366
-71.1285
-71.1205
-71.1126
-71.1048
-71.0971
-71.0895
-71.082
-71.0746
-71.0673
-71.0601
-71.053
-71.046
-71.0391
-71.0322
-71.0255
-71.0189
-71.0123
-71.0059
-70.9995
-70.9932
-70.987
-70.9809
-70.9749
-70.9689
-70.963
-70.9573
-70.9516
-70.9459
-70.9404
-70.9349
-70.9295
-70.9242
-70.919
-70.9138
-70.9087
-70.9037
-70.8987
-70.8938
-70.889
-70.8843
-70.8796
-70.875
-70.8704
-70.8659
-70.8615
-70.8572
-70.8529
-70.8486
-70.8445
-70.8404
-70.8363
-70.8323
-70.8284
-70.8245
-70.8207
-70.817
-70.8133
-70.8096
-70.806
-70.8025
-70.799
-70.7956
-70.7922
-70.7889
-70.7856
-70.7824
-70.7792
-70.7761
-70.773
-70.77
-70.767
-70.764
-70.7611
-70.7583
-70.7555
-70.7527
-70.75
-70.7473
-70.7447
-70.7421
-70.7396
-70.737
-70.7346
-70.7321
-70.7298
-70.7274
-70.7251
-70.7228
-70.7206
-70.7184
-70.7162
-70.7141
-70.712
-70.7099
-70.7079
-70.7059
-70.704
-70.702
-70.7002
-70.6983
-70.6965
-70.6947
-70.6929
-70.6912
-70.6895
-70.6878
-70.6862
-70.6846
-70.683
-70.6814
-70.6799
-70.6784
-70.6769
-70.6755
-70.674
-70.6726
-70.6713
-70.6699
-70.6686
-70.6673
-70.6661
-70.6648
-70.6636
-70.6624
-70.6612
-70.6601
-70.6589
-70.6578
-70.6567
-70.6557
-70.6546
-70.6536
-70.6526
-70.6516
-70.6507
-70.6497
-70.6488
-70.6479
-70.647
-70.6461
-70.6453
-70.6445
-70.6436
-70.6428
-70.6421
-70.6413
-70.6406
-70.6398
-70.6391
-70.6384
-70.6378
-70.6371
-70.6365
-70.6358
-70.6352
-70.6346
-70.634
-70.6334
-70.6329
-70.6323
-70.6318
-70.6313
-70.6308
-70.6303
-70.6298
-70.6294
-70.6289
-70.6285
-70.628
-70.6276
-70.6272
-70.6268
-70.6264
-70.6261
-70.6257
-70.6254
-70.625
-70.6247
-70.6244
-70.6241
-70.6238
-70.6235
-70.6232
-70.6229
-70.6227
-70.6224
-70.6222
-70.622
-70.6217
-70.6215
-70.6213
-70.6211
-70.6209
-70.6208
-70.6206
-70.6204
-70.6203
-70.6201
-70.62
-70.6198
-70.6197
-70.6196
-70.6195
-70.6194
-70.6193
-70.6192
-70.6191
-70.619
-70.6189
-70.6189
-70.6188
-70.6188
-70.6187
-70.6187
-70.6186
-70.6186
-70.6186
-70.6185
-70.6185
-70.6185
-70.6185
-70.6185
-70.6185
-70.6185
-70.6185
-70.6185
-70.6186
-70.6186
-70.6186
-70.6186
-70.6187
-70.6187
-70.6188
-70.6188
-70.6189
-70.6189
-70.619
-70.6191
-70.6191
-70.6192
-70.6193
-70.6193
-70.6194
-70.6195
-70.6196
-70.6197
-70.6198
-70.6199
-70.62
-70.6201
-70.6202
-70.6203
-70.6204
-70.6205
-70.6206
-70.6207
-70.6209
-70.621
-70.6211
-70.6212
-70.6214
-70.6215
-70.6216
-70.6218
-70.6219
-70.622
-70.6222
-70.6223
-70.6224
-70.6226
-70.6227
-70.6229
-70.623
-70.6232
-70.6233
-70.6235
-70.6236
-70.6238
-70.624
-70.6241
-70.6243
-70.6244
-70.6246
-70.6248
-70.6249
-70.6251
-70.6253
-70.6254
-70.6256
-70.6258
-70.6259
-70.6261
-70.6263
-70.6264
-70.6266
-70.6268
-70.627
-70.6271
-70.6273
-70.6275
-70.6277
-70.6278
-70.628
-70.6282
-70.6284
-70.6285
-70.6287
-70.6289
-70.6291
-70.6293
-70.6294
-70.6296
-70.6298
-70.63
-70.6302
-70.6303
-70.6305
-70.6307
-70.6309
-70.6311
-70.6312
-70.6314
-70.6316
-70.6318
-70.632
-70.6321
-70.6323
-70.6325
-70.6327
-70.6329
-70.633
-70.6332
-70.6334
-70.6336
-70.6338
-70.6339
-70.6341
-70.6343
-70.6345
-70.6346
-70.6348
-70.635
-70.6352
-70.6354
-70.6355
-70.6357
-70.6359
-70.6361
-70.6362
-70.6364
-70.6366
-70.6368
-70.6369
-70.6371
-70.6373
-70.6374
-70.6376
-70.6378
-70.638
-70.6381
-70.6383
-70.6385
-70.6386
-70.6388
-70.639
-70.6391
-70.6393
-70.6395
-70.6396
-70.6398
-70.64
-70.6401
-70.6403
-70.6404
-70.6406
-70.6408
-70.6409
-70.6411
-70.6412
-70.6414
-70.6416
-70.6417
-70.6419
-70.642
-70.6422
-70.6423
-70.6425
-70.6427
-70.6428
-70.643
-70.6431
-70.6433
-70.6434
-70.6436
-70.6437
-70.6439
-70.644
-70.6441
-70.6443
-70.6444
-70.6446
-70.6447
-70.6449

