-70
-70.2123
-70.2926
-70.3252
-70.3404
-70.3491
-70.3555
-70.3609
-70.3659
-70.3708
-70.3757
-70.3805
-70.3853
-70.39
-70.3948
-70.3995
-70.4042
-70.4088
-70.4134
-70.4179
-70.4224
-70.4269
-70.4313
-70.4357
-70.44
-70.4443
-70.4485
-70.4527
-70.4569
-70.461
-70.465
-70.469
-70.473
-70.4769
-70.4808
-70.4846
-70.4884
-70.4921
-70.4958
-70.4995
-70.5031
-70.5067
-70.5102
-70.5137
-70.5172
-70.5206
-70.524
-70.5273
-70.5306
-70.5339
-70.5371
-70.5403
-70.5434
-70.5465
-70.5496
-70.5526
-70.5556
-70.5586
-70.5615
-70.5644
-70.5673
-70.5701
-70.5729
-70.5757
-70.5784
-70.5811
-70.5838
-70.5864
-70.589
-70.5916
-70.5941
-70.5966
-70.5991
-70.6016
-70.604
-70.6064
-70.6087
-70.6111
-70.6134
-70.6157
-70.6179
-70.6201
-70.6223
-70.6245
-70.6266
-70.6287
-70.6308
-70.6329
-70.6349
-70.6369
-70.6389
-70.6409
-70.6428
-70.6448
-70.6466
-70.6485
-70.6503
-70.6522
-70.654
-70.6557
-70.6575
-70.6592
-70.6609
-70.6626
-70.6643
-70.6659
-70.6675
-70.6691
-70.6707
-70.6723
-70.6738
-70.6754
-70.6769
-70.6783
-70.6798
-70.6812
-70.6827
-70.6841
-70.6855
-70.6868
-70.6882
-70.6895
-70.6908
-70.6921
-70.6934
-70.6947
-70.6959
-70.6972
-70.6984
-70.6996
-70.7008
-70.702
-70.7031
-70.7042
-70.7054
-70.7065
-70.7076
-70.7087
-70.7097
-70.7108
-70.7118
-70.7128
-70.7138
-70.7148
-70.7158
-70.7168
-70.7177
-70.7187
-70.7196
-70.7205
-70.7214
-70.7223
-70.7232
-70.7241
-70.7249
-70.7258
-70.7266
-70.7274
-70.7282
-70.729
-70.7298
-70.7306
-70.7314
-70.7321
-70.7329
-70.7336
-70.7343
-70.735
-70.7357
-70.7364
-70.7371
-70.7378
-70.7384
-70.7391
-70.7397
-70.7404
-70.741
-70.7416
-70.7422
-70.7428
-70.7434
-70.744
-70.7446
-70.7451
-70.7457
-70.7462
-70.7468
-70.7473
-70.7478
-70.7484
-70.7489
-70.7494
-70.7499
-70.7504
-70.7508
-70.7513
-70.7518
-70.7522
-70.7527
-70.7531
-70.7536
-70.754
-70.7544
-70.7549
-70.7553
-70.7557
-70.7561
-70.7565
-70.7569
-70.7573
-70.7576
-70.758
-70.7584
-70.7587
-70.7591
-70.7594
-70.7598
-70.7601
-70.7605
-70.7608
-70.7611
-70.7614
-70.7617
-70.7621
-70.7624
-70.7627
-70.763
-70.7632
-70.7635
-70.7638
-70.7641
-70.7644
-70.7646
-70.7649
-70.7651
-70.7654
-70.7656
-70.7659
-70.7661
-70.7664
-70.7666
-70.7668
-70.7671
-70.7673
-70.7675
-70.7677
-70.7679
-70.7681
-70.7684
-70.7686
-70.7688
-70.769
-70.7691
-70.7693
-70.7695
-70.7697
-70.7699
-70.7701
-70.7702
-70.7704
-70.7706
-70.7707
-70.7709
-70.7711
-70.7712
-70.7714
-70.7715
-70.7717
-70.7718
-70.772
-70.7721
-70.7722
-70.7724
-70.7725
-70.7726
-70.7728
-70.7729
-70.773
-70.7731
-70.7733
-70.7734
-70.7735
-70.7736
-70.7737
-70.7738
-70.7739
-70.774
-70.7741
-70.7742
-70.7743
-70.7744
-70.7745
-70.7746
-70.7747
-70.7748
-70.7749
-70.775
-70.7751
-70.7751
-70.7752
-70.7753
-70.7754
-70.7755
-70.7755
-70.7756
-70.7757
-70.7758
-70.7758
-70.7759
-70.776
-70.776
-70.7761
-70.7762
-70.7762
-70.7763
-70.7763
-70.7764
-70.7765
-70.7765
-70.7766
-70.7766
-70.7767
-70.7767
-70.7768
-70.7768
-70.7769
-70.7769
-70.777
-70.777
-70.7771
-70.7771
-70.7771
-70.7772
-70.7772
-70.7773
-70.7773
-70.7773
-70.7774
-70.7774
-70.7774
-70.7775
-70.7775
-70.7775
-70.7776
-70.7776
-70.7776
-70.7777
-70.7777
-70.7777
-70.7777
-70.7778
-70.7778
-70.7778
-70.7778
-70.7779
-70.7779
-70.7779
-70.7779
-70.778
-70.778
-70.778
-70.778
-70.778
-70.7781
-70.7781
-70.7781
-70.7781
-70.7781
-70.7781
-70.7782
-70.7782
-70.7782
-70.7782
-70.7782
-70.7782
-70.7782
-70.7783
-70.7783
-70.7783
-70.7783
-70.7783
-70.7783
-70.7783
-70.7783
-70.7783
-70.7783
-70.7784
-70.7784
-70.7784
-70.7784
-70.7784
-70.7784
-70.7784
-70.7784
-70.7784
-70.7784
-70.7784
-70.7784
-70.7784
-70.7784
-70.7784
-70.7784
-70.7784
-70.7784
-70.7784
-70.7785
-70.7785
-70.7785
-70.7785
-70.7785
-70.7785
-70.7785
-70.7785
-70.7785
-70.7785
-70.7785
-70.7785
-70.7785
-70.7785
-70.7785
-70.7785
-70.7785
-70.7785
-70.7785
-70.7785
-70.7785
-70.7785
-70.7785
-70.7785
-70.7785
-70.7785
-70.7785
-70.7785
-70.7785
-70.7785
-70.7785
-70.7784
-70.7784
-70.7784
-70.7784
-70.7784
-70.7784
-70.7784
-70.7784
-70.7784
-70.7784
-70.7784
-70.7784
-70.7784
-70.7784
-70.7784
-70.7784
-70.7784
-70.7784
-70.7784
-70.7784
-70.7784
-70.7784
-70.7784
-70.7784
-70.7784
-70.7784
-70.7784
-70.7784
-70.7784
-70.7783
-70.7783
-70.7783
-70.7783
-70.7783
-70.7783
-70.7783
-70.7831
-71.0033
-71.7602
-72.6739
-73.3922
-73.8557
-62.1716
-53.4056
-50.6286
-47.9646
-34.3006
-20.2678
-59.6475
-70.4119
-69.288
-68.005
-66.6568
-65.278
-63.9056
-62.5758
-61.3211
-60.1679
-59.1337
-58.227
-57.3781
-56.658
-56.0703
-55.5807
-55.1961
-54.8962
-54.6615
-54.4741
-54.3349
-54.2292
-54.1501
-54.094
-54.0552
-54.0243
-54.0022
-53.9874
-53.9752
-53.9681
-53.9652
-53.9652
-53.9641
-53.9626
-53.963
-53.9618
-53.9616
-53.9632
-53.9659
-53.9692
-53.9729
-53.9727
-53.9726
-53.9734
-53.9721
-53.9721
-53.9734
-53.9756
-53.9783
-53.9812
-53.9843
-53.9876
-53.9871
-53.9847
-53.9841
-53.9823
-53.9801
-53.9798
-53.9807
-53.9823
-53.9841
-53.9862
-53.9884
-53.9907
-53.9928
-53.9947
-53.9963
-53.9978
-53.9984
-53.99
-53.9834
-53.9796
-53.9756
-53.9707
-53.966
-53.9584
-53.9298
-53.7193
-53.6863
-53.7448
-53.7982
-53.8341
-53.8563
-53.8693
-53.8767
-53.881
-53.8841
-53.8871
-53.891
-53.8965
-53.9045
-53.9159
-53.932
-53.954
-53.9825
-54.0107
-54.0158
-54.0173
-54.0202
-54.0238
-54.0168
-54.0129
-54.0132
-54.0161
-54.0209
-54.0269
-54.0342
-54.0425
-54.0519
-54.0623
-54.074
-54.0868
-54.1009
-54.1165
-54.1336
-54.1523
-54.1728
-54.1953
-54.2197
-54.2463
-54.2752
-54.3068
-54.3412
-54.3788
-54.4196
-54.4641
-54.5124
-54.565
-54.6221
-54.684
-54.7511
-54.4067
-54.0593
-53.9715
-53.9666
-53.985
-54.0015
-53.988
-53.9854
-53.9914
-54.0007
-54.011
-54.0214
-54.0316
-54.0417
-54.0519
-54.0622
-54.0729
-54.0845
-54.0969
-54.11
-54.1239
-54.1387
-54.1547
-54.172
-54.1907
-54.211
-54.2329
-54.2573
-54.2861
-54.3173
-54.3521
-54.3892
-54.4284
-54.4701
-54.5149
-54.5632
-54.6153
-54.6717
-54.7369
-54.8091
-54.8874
-54.9725
-55.0621
-54.2345
-53.928
-53.8782
-53.8962
-53.9281
-53.9595
-53.9786
-53.9714
-53.9726
-53.9797
-53.9886
-53.9977
-54.0066
-54.0152
-54.0235
-54.0318
-54.0402
-54.0496
-54.0595
-54.0702
-54.0813
-54.093
-54.1052
-54.1184
-54.1325
-54.1479
-54.1645
-54.1826
-54.2042
-54.2289
-54.2563
-54.2852
-54.3155
-54.3476
-54.3821
-54.4192
-54.4594
-54.5028
-54.5498
-54.6031
-54.6659
-54.7379
-54.8152
-54.8948
-54.9778
-55.0653
-55.1584
-55.2575
-55.363
-55.4747
-55.5934
-55.2795
-54.0243
-53.7616
-53.7546
-53.8041
-53.8582
-53.905
-53.9433
-53.9747
-53.99
-53.9764
-53.9737
-53.9784
-53.9858
-53.9942
-54.0029
-54.0111
-54.0191
-54.0269
-54.0348
-54.043
-54.0516
-54.0607
-54.0704
-54.0811
-54.0935
-54.1071
-54.1236
-54.1413
-54.1595
-54.1787
-54.1993
-54.2214
-54.2453
-54.2714
-54.302
-54.3362
-54.3773
-54.4215
-54.4671
-54.515
-54.566
-54.6208
-54.6799
-54.7436
-54.8125
-54.8924
-54.9844
-54.4864
-53.9716
-53.8508
-53.8429
-53.8682
-53.8976
-53.9237
-53.9453
-53.9629
-53.9774
-53.9902
-54.0024
-54.0137
-54.0243
-54.0342
-54.0439
-54.0536
-54.0648
-54.0794
-54.0989
-54.1235
-54.1597
-54.2009
-54.239
-54.2755
-54.3103
-54.3453
-54.383
-54.4339
-54.5098
-54.5933
-54.6886
-54.7832
-54.8716
-54.9598
-55.0512
-55.1483
-55.2559
-55.3867
-55.5487
-55.7252
-55.9167
-56.1171
-56.3173
-56.522
-56.7338
-56.956
-57.1936
-57.4589
-57.772
-58.112
-58.4722
-58.8517
-59.2343
-59.6169
-60.0025
-60.3917
-60.7893
-61.2049
-61.6622
-62.1662
-62.6795
-63.2037
-63.7254
-64.231
-64.7191
-65.1877
-65.6401
-66.0859
-66.5407
-67.0259
-67.5247
-68.006
-68.4706
-68.9084
-69.3143
-69.6898
-70.0329
-70.3475
-70.6434
-70.9337
-71.2328
-71.531
-71.8113
-72.0714
-72.3087
-72.522
-72.7141
-72.8839
-73.0323
-73.1661
-73.2948
-73.4239
-73.5542
-73.675
-73.7863
-73.8852
-73.9709
-74.046
-74.1116
-74.1668
-74.2142
-74.2592
-74.3046
-74.3526
-74.4007
-74.4456
-74.4855
-74.5187
-74.5453
-74.5676
-74.5863
-74.6005
-74.6126
-74.6255
-74.6385
-74.6542
-74.6704
-74.6862
-74.7004
-74.711
-74.7181
-74.7226
-74.7263
-74.7287
-74.7324
-74.7357
-74.7386
-74.7438
-74.7491
-74.7555
-74.7608
-74.7652
-74.7664
-74.7657
-74.7628
-74.7601
-74.76
-74.7605
-74.7594
-74.7595
-74.7612
-74.7633
-74.7668
-74.7695
-74.7714
-74.7713
-74.7693
-74.7662
-74.7621
-74.7619
-74.7623
-74.7619
-74.761
-74.7608
-74.7609
-74.7627
-74.7633
-74.7634
-74.762
-74.7584
-74.7551
-74.7513
-74.7481
-74.7479
-74.7493
-74.7503
-74.7509
-74.7512
-74.7514
-74.7536
-74.754
-74.7538
-74.7518
-74.7487
-74.7451
-74.7426
-74.7401
-74.7382
-74.7389
-74.7394
-74.7399
-74.7405
-74.7392
-74.7384
-74.7373
-74.7356
-74.7352
-74.7332
-74.7295
-74.7264
-74.7267
-74.7268
-74.7263
-74.7258
-74.7256
-74.7288
-74.7309
-74.7305
-74.7295
-74.728
-74.726
-74.7251
-74.7228
-74.7186
-74.715
-74.7143
-74.7155
-74.7165
-74.7132
-74.7086
-74.7069
-74.709
-74.7115
-74.711
-74.7111
-74.7101
-74.7091
-74.7082
-74.7059
-74.7016
-74.6993
-74.7
-74.7041
-74.7075
-74.7058
-74.7003
-74.6965
-74.6953
-74.6963
-74.6985
-74.6998
-74.7002
-74.6992
-74.698
-74.6966
-74.6923
-74.6884
-74.6843
-74.6838
-74.686
-74.6891
-74.6875
-74.6811
-74.6765
-74.6739
-74.6729
-74.6726
-74.6741
-74.6782
-74.6811
-74.6802
-74.6791
-74.6805
-74.6787
-74.6753
-74.6748
-74.675
-74.6772
-74.6763
-74.6734
-74.6689
-74.6657
-74.6627
-74.6616
-74.6598
-74.6575
-74.6581
-74.6611
-74.6631
-74.661
-74.6583
-74.6603
-74.6602
-74.6579
-74.6577
-74.6592
-74.6597
-74.6567
-74.6497
-74.6421
-74.6391
-74.6388
-74.635
-74.6337
-74.6335
-74.6335
-74.6339
-74.6351
-74.6366
-74.6373
-74.6363
-74.6382
-74.6422
-74.6462
-74.6473
-74.6453
-74.6473
-74.6485
-74.6452
-74.6382
-74.628
-74.6201
-74.6183
-74.6181
-74.6181
-74.6162
-74.6101
-74.6075
-74.6102
-74.6119
-74.6079
-74.6043
-74.6045
-74.6026
-74.6078
-74.6191
-74.6251
-74.6249
-74.6228
-74.62
-74.6188
-74.6153
-74.6081
-74.5988
-74.5886
-74.5829
-74.5819
-74.5825
-74.5846
-74.5824
-74.5774
-74.5719
-74.5727
-74.5768
-74.579
-74.5785
-74.5748
-74.5718
-74.577
-74.589
-74.5983
-74.6044
-74.6067
-74.6052
-74.5997
-74.5945
-74.5899
-74.5844
-74.5789
-74.5717
-74.565
-74.5597
-74.554
-74.5518
-74.5522
-74.5511
-74.5451
-74.5376
-74.5315
-74.5315
-74.5363
-74.5397
-74.5378
-74.5361
-74.5355
-74.5365
-74.539
-74.5483
-74.5591
-74.5648
-74.5656
-74.5633
-74.5593
-74.5514
-74.5429
-74.5374
-74.5312
-74.5255
-74.5207
-74.5166
-74.5121
-74.506
-74.4987
-74.4975
-74.4953
-74.4863
-74.478
-74.4759
-74.4792
-74.4867
-74.4917
-74.4915
-74.4931
-74.5021
-74.5132
-74.5151
-74.5107
-74.5076
-74.5067
-74.5079
-74.51
-74.5124
-74.5128
-74.5107
-74.5059
-74.5019
-74.4966
-74.4894
-74.4813
-74.4759
-74.4711
-74.4698
-74.4707
-74.4688
-74.4645
-74.4555
-74.4455
-74.4344
-74.4262
-74.4234
-74.4197
-74.4178
-74.4191
-74.4247
-74.4369
-74.4475
-74.452
-74.4537
-74.4532
-74.4504
-74.4458
-74.4403
-74.4398
-74.4425
-74.4432
-74.4409
-74.4379
-74.4374
-74.4348
-74.4285
-74.4209
-74.4194
-74.4156
-74.4072
-74.3989
-74.3891
-74.3784
-74.3702
-74.3718
-74.3837
-74.3885
-74.3853
-74.3798
-74.3716
-74.3617
-74.3523
-74.3444
-74.3378
-74.3301
-74.3228
-74.3162
-74.3147
-74.3212
-74.33
-74.3408
-74.3529
-74.3667
-74.3757
-74.3766
-74.3742
-74.3664
-74.3543
-74.3426
-74.3396
-74.3397
-74.3367
-74.3345
-74.3378
-74.3414
-74.3425
-74.3379
-74.3323
-74.3323
-74.334
-74.3321
-74.3252
-74.3154
-74.3042
-74.2924
-74.278
-74.2659
-74.2588
-74.2524
-74.2464
-74.2411
-74.2433
-74.2466
-74.2479
-74.2461
-74.2474
-74.2505
-74.2503
-74.2505
-74.25
-74.2474
-74.2449
-74.2474
-74.2451
-74.2365
-74.2278
-74.2173
-74.2089
-74.1998
-74.1946
-74.1976
-74.2114
-74.2278
-74.2408
-74.249
-74.2515
-74.2478
-74.2423
-74.2333
-74.2224
-74.2156
-74.2121
-74.2076
-74.1977
-74.1931
-74.1906
-74.1838
-74.1747
-74.1652
-74.1614
-74.1595
-74.1581
-74.1592
-74.1627
-74.1666
-74.1716
-74.1723
-74.1734
-74.1708
-74.1699
-74.1679
-74.1585
-74.1424
-74.1215
-74.0972
-74.0707
-74.0462
-74.0214
-74.0002
-73.9906
-73.9878
-73.991
-73.9893
-73.9896
-73.9879
-73.9811
-73.9741
-73.9701
-73.9726
-73.9814
-73.9879
-73.9942
-73.9941
-73.9925
-73.9868
-73.9857
-73.9935
-73.9997
-74.0042
-74.0163
-74.0263
-74.029
-74.029
-74.0222
-74.0142
-74.005
-73.9935
-73.99
-73.9887
-73.9893
-73.9896
-73.9836
-73.9797
-73.9787
-73.9805
-73.9819
-73.9797
-73.9744
-73.9661
-73.9583
-73.9538
-73.9491
-73.9404
-73.935
-73.9376
-73.941
-73.9427
-73.944
-73.9436
-73.9428
-73.936
-73.9224
-73.9081
-73.8971
-73.8873
-73.8769
-73.8734
-73.8709
-73.8653
-73.8564
-73.8467
-73.8361
-73.8305
-73.8262
-73.824
-73.8163
-73.8021
-73.7883
-73.7822
-73.7882
-73.8004
-73.8093
-73.8128
-73.8075
-73.7975
-73.7916
-73.785
-73.7778
-73.767
-73.7673
-73.7707
-73.7709
-73.7634
-73.7524
-73.7405
-73.7242
-73.7039
-73.6812
-73.6625
-73.6447
-73.6304
-73.614
-73.5937
-73.5752
-73.5612
-73.5506
-73.5378
-73.5302
-73.5261
-73.5211
-73.5168
-73.5159
-73.5171
-73.5122
-73.503
-73.4951
-73.4831
-73.4684
-73.4571
-73.4433
-73.4254
-73.4043
-73.3873
-73.3726
-73.3549
-73.3389
-73.3262
-73.3156
-73.3073
-73.295
-73.2818
-73.281
-73.2803
-73.2842
-73.2989
-73.3197
-73.3318
-73.3328
-73.3254
-73.316
-73.3095
-73.2993
-73.2844
-73.266
-73.2501
-73.2406
-73.2371
-73.238
-73.2376
-73.2306
-73.2178
-73.2007
-73.1808
-73.1588
-73.1354
-73.1177
-73.1053
-73.0905
-73.0761
-73.0679
-73.0575
-73.0428
-73.0248
-73.0044
-72.9885
-72.979
-72.9692
-72.966
-72.9608
-72.9524
-72.9563
-72.9655
-72.9678
-72.9625
-72.9514
-72.9363
-72.9186
-72.8989
-72.878
-72.856
-72.8334
-72.8103
-72.7869
-72.7632
-72.7394
-72.7155
-72.6916
-72.6678
-72.6441
-72.6306
-72.6236
-72.6141
-72.601
-72.585
-72.5672
-72.5481
-72.5282
-72.5078
-72.4871
-72.4661
-72.4451
-72.424
-72.4034
-72.3957
-72.3938
-72.3884
-72.3789
-72.3663
-72.3516
-72.3355
-72.3184
-72.3007
-72.2826
-72.2643
-72.2458
-72.2273
-72.2098
-72.207
-72.2088
-72.2064
-72.1997
-72.1896
-72.1773
-72.1636
-72.1488
-72.1333
-72.1174
-72.1012
-72.0849
-72.0684
-72.0519
-72.0354
-72.0189
-72.0026
-71.9862
-71.9701
-71.954
-71.938
-71.9222
-71.9066
-71.8911
-71.8757
-71.8605
-71.8455
-71.8306
-71.8159
-71.8014
-71.787
-71.7729
-71.7588
-71.745
-71.7313
-71.7177
-71.7043
-71.6911
-71.6781
-71.6652
-71.6525
-71.6399
-71.6275
-71.6152
-71.6031
-71.5911
-71.5793
-71.5677
-71.5562
-71.5448
-71.5336
-71.5225
-71.5116
-71.5008
-71.4901
-71.4796
-71.4692
-71.459
-71.4489
-71.4389
-71.429
-71.4193
-71.4097
-71.4002
-71.3909
-71.3816
-71.3725
-71.3635
-71.3547
-71.3459
-71.3373
-71.3287
-71.3204
-71.3121
-71.3039
-71.2958
-71.2879
-71.28
-71.2723
-71.2647
-71.2571
-71.2497
-71.2424
-71.2351
-71.228
-71.221
-71.214
-71.2072
-71.2004
-71.1938
-71.1872
-71.1807
-71.1744
-71.1681
-71.1618
-71.1557
-71.1497
-71.1437
-71.1378
-71.132
-71.1263
-71.1207
-71.1151
-71.1097
-71.1042
-71.0989
-71.0937
-71.0885
-71.0834
-71.0784
-71.0734
-71.0685
-71.0637
-71.0589
-71.0542
-71.0496
-71.0451
-71.0406
-71.0361
-71.0318
-71.0275
-71.0232
-71.0191
-71.015
-71.0109
-71.0069
-71.003
-70.9991
-70.9953
-70.9915
-70.9878
-70.9841
-70.9805
-70.977
-70.9735
-70.97
-70.9666
-70.9633
-70.96
-70.9567
-70.9535
-70.9504
-70.9472
-70.9442
-70.9412
-70.9382
-70.9353
-70.9324
-70.9296
-70.9268
-70.924
-70.9213
-70.9186
-70.916
-70.9134
-70.9109
-70.9084
-70.9059
-70.9035
-70.9011
-70.8987
-70.8964
-70.8941
-70.8919
-70.8896
-70.8875
-70.8853
-70.8832
-70.8811
-70.8791
-70.8771
-70.8751
-70.8731
-70.8712
-70.8693
-70.8675
-70.8656
-70.8638
-70.8621
-70.8603
-70.8586
-70.8569
-70.8553
-70.8536
-70.852
-70.8504
-70.8489
-70.8474
-70.8459
-70.8444
-70.8429
-70.8415
-70.8401
-70.8387
-70.8373
-70.836
-70.8347
-70.8334
-70.8321
-70.8309
-70.8296
-70.8284
-70.8273
-70.8261
-70.8249
-70.8238
-70.8227
-70.8216
-70.8205
-70.8195
-70.8185
-70.8174
-70.8165
-70.8155
-70.8145
-70.8136
-70.8126
-70.8117
-70.8108
-70.8099
-70.8091
-70.8082
-70.8074
-70.8066
-70.8058
-70.805
-70.8042
-70.8035
-70.8027
-70.802
-70.8013
-70.8005
-70.7999
-70.7992
-70.7985
-70.7978
-70.7972
-70.7966
-70.796
-70.7954
-70.7948
-70.7942
-70.7936
-70.793
-70.7925
-70.7919
-70.7914
-70.7909
-70.7904
-70.7899
-70.7894
-70.7889
-70.7885
-70.788
-70.7875
-70.7871
-70.7867
-70.7862
-70.7858
-70.7854
-70.785
-70.7846
-70.7843
-70.7839
-70.7835
-70.7832
-70.7828
-70.7825
-70.7821
-70.7818
-70.7815
-70.7812
-70.7809
-70.7806
-70.7803
-70.78
-70.7797
-70.7794
-70.7792
-70.7789
-70.7786
-70.7784
-70.7782
-70.7779
-70.7777
-70.7775
-70.7772
-70.777
-70.7768
-70.7766
-70.7764
-70.7762
-70.776
-70.7758
-70.7756
-70.7755
-70.7753
-70.7751
-70.775
-70.7748
-70.7747
-70.7745
-70.7744
-70.7742
-70.7741
-70.7739
-70.7738
-70.7737
-70.7736
-70.7734
-70.7733
-70.7732
-70.7731
-70.773
-70.7729
-70.7728
-70.7727
-70.7726
-70.7725
-70.7724
-70.7723
-70.7723
-70.7722
-70.7721
-70.772
-70.772
-70.7719
-70.7718
-70.7718
-70.7717
-70.7717
-70.7716
-70.7715
-70.7715
-70.7714
-70.7714
-70.7714
-70.7713
-70.7713
-70.7712
-70.7712
-70.7712
-70.7711
-70.7711
-70.7711
-70.771
-70.771
-70.771
-70.771
-70.771
-70.7709
-70.7709
-70.7709
-70.7709
-70.7709
-70.7709
-70.7708
-70.7708
-70.7708
-70.7708
-70.7708
-70.7708
-70.7708
-70.7708
-70.7708
-70.7708
-70.7708
-70.7708
-70.7708
-70.7708
-70.7708
-70.7708
-70.7708
-70.7709
-70.7709
-70.7709
-70.7709
-70.7709
-70.7709
-70.7709
-70.7709
-70.771
-70.771
-70.771
-70.771
-70.771
-70.771
-70.7711
-70.7711
-70.7711
-70.7711
-70.7711
-70.7712
-70.7712
-70.7712
-70.7712
-70.7713
-70.7713
-70.7713
-70.7713
-70.7714
-70.7714
-70.7714
-70.7714
-70.7715
-70.7715
-70.7715
-70.7715
-70.7716
-70.7716
-70.7716
-70.7717
-70.7717
-70.7717
-70.7718
-70.7718
-70.7718
-70.7718
-70.7719
-70.7719
-70.7719
-70.772
-70.772
-70.772
-70.7721
-70.7721
-70.7721
-70.7722
-70.7722
-70.7722
-70.7723
-70.7723
-70.7723
-70.7724
-70.7724
-70.7724
-70.7725
-70.7725
-70.7725
-70.7726
-70.7726
-70.7726
-70.7727
-70.7727
-70.7727
-70.7728
-70.7728
-70.7728
-70.7729
-70.7729
-70.7729
-70.773
-70.773
-70.773
-70.7731
-70.7731
-70.7731
-70.7732
-70.7732
-70.7732
-70.7732
-70.7733
-70.7733
-70.7733
-70.7734
-70.7734
-70.7734
-70.7735
-70.7735
-70.7735
-70.7736
-70.7736
-70.7736
-70.7737
-70.7737
-70.7737
-70.7738
-70.7738
-70.7738
-70.7738
-70.7739

