-70
-70.1661
-70.23
-70.2566
-70.2695
-70.2773
-70.283
-70.2879
-70.2925
-70.297
-70.3014
-70.3057
-70.31
-70.3142
-70.3185
-70.3226
-70.3268
-70.3309
-70.335
-70.3391
-70.3431
-70.3471
-70.351
-70.3549
-70.3588
-70.3626
-70.3664
-70.3701
-70.3738
-70.3775
-70.3811
-70.3847
-70.3883
-70.3918
-70.3953
-70.3987
-70.4021
-70.4055
-70.4088
-70.4121
-70.4154
-70.4186
-70.4218
-70.4249
-70.428
-70.4311
-70.4341
-70.4372
-70.4401
-70.4431
-70.446
-70.4489
-70.4517
-70.4545
-70.4573
-70.4601
-70.4628
-70.4655
-70.4682
-70.4708
-70.4734
-70.476
-70.4785
-70.481
-70.4835
-70.486
-70.4884
-70.4908
-70.4932
-70.4955
-70.4978
-70.5001
-70.5024
-70.5046
-70.5068
-70.509
-70.5112
-70.5133
-70.5154
-70.5175
-70.5196
-70.5216
-70.5236
-70.5256
-70.5276
-70.5295
-70.5315
-70.5334
-70.5352
-70.5371
-70.5389
-70.5407
-70.5425
-70.5443
-70.5461
-70.5478
-70.5495
-70.5512
-70.5528
-70.5545
-70.5561
-70.5577
-70.5593
-70.5609
-70.5624
-70.5639
-70.5655
-70.5669
-70.5684
-70.5699
-70.5713
-70.5727
-70.5741
-70.5755
-70.5769
-70.5782
-70.5796
-70.5809
-70.5822
-70.5835
-70.5848
-70.586
-70.5873
-70.5885
-70.5897
-70.5909
-70.5921
-70.5932
-70.5944
-70.5955
-70.5966
-70.5977
-70.5988
-70.5999
-70.601
-70.602
-70.603
-70.6041
-70.6051
-70.6061
-70.6071
-70.608
-70.609
-70.6099
-70.6109
-70.6118
-70.6127
-70.6136
-70.6145
-70.6154
-70.6162
-70.6171
-70.6179
-70.6187
-70.6196
-70.6204
-70.6212
-70.622
-70.6227
-70.6235
-70.6242
-70.625
-70.6257
-70.6265
-70.6272
-70.6279
-70.6286
-70.6293
-70.6299
-70.6306
-70.6313
-70.6319
-70.6325
-70.6332
-70.6338
-70.6344
-70.635
-70.6356
-70.6362
-70.6368
-70.6374
-70.6379
-70.6385
-70.639
-70.6396
-70.6401
-70.6406
-70.6411
-70.6417
-70.6422
-70.6427
-70.6431
-70.6436
-70.6441
-70.6446
-70.645
-70.6455
-70.6459
-70.6464
-70.6468
-70.6472
-70.6476
-70.6481
-70.6485
-70.6489
-70.6493
-70.6497
-70.65
-70.6504
-70.6508
-70.6512
-70.6515
-70.6519
-70.6522
-70.6526
-70.6529
-70.6533
-70.6536
-70.6539
-70.6542
-70.6545
-70.6549
-70.6552
-70.6555
-70.6558
-70.656
-70.6563
-70.6566
-70.6569
-70.6572
-70.6574
-70.6577
-70.658
-70.6582
-70.6585
-70.6587
-70.6589
-70.6592
-70.6594
-70.6597
-70.6599
-70.6601
-70.6603
-70.6605
-70.6607
-70.661
-70.6612
-70.6614
-70.6616
-70.6617
-70.6619
-70.6621
-70.6623
-70.6625
-70.6627
-70.6628
-70.663
-70.6632
-70.6633
-70.6635
-70.6637
-70.6638
-70.664
-70.6641
-70.6643
-70.6644
-70.6646
-70.6647
-70.6648
-70.665
-70.6651
-70.6652
-70.6653
-70.6655
-70.6656
-70.6657
-70.6658
-70.6659
-70.666
-70.6662
-70.6663
-70.6664
-70.6665
-70.6666
-70.6667
-70.6668
-70.6669
-70.667
-70.667
-70.6671
-70.6672
-70.6673
-70.6674
-70.6675
-70.6675
-70.6676
-70.6677
-70.6678
-70.6678
-70.6679
-70.668
-70.668
-70.6681
-70.6682
-70.6682
-70.6683
-70.6683
-70.6684
-70.6685
-70.6685
-70.6686
-70.6686
-70.6687
-70.6687
-70.6688
-70.6688
-70.6688
-70.6689
-70.6689
-70.669
-70.669
-70.669
-70.6691
-70.6691
-70.6691
-70.6692
-70.6692
-70.6692
-70.6693
-70.6693
-70.6693
-70.6694
-70.6694
-70.6694
-70.6694
-70.6694
-70.6695
-70.6695
-70.6695
-70.6695
-70.6695
-70.6696
-70.6696
-70.6696
-70.6696
-70.6696
-70.6696
-70.6696
-70.6697
-70.6697
-70.6697
-70.6697
-70.6697
-70.6697
-70.6697
-70.6697
-70.6697
-70.6697
-70.6697
-70.6697
-70.6697
-70.6697
-70.6697
-70.6697
-70.6697
-70.6697
-70.6697
-70.6697
-70.6697
-70.6697
-70.6697
-70.6697
-70.6697
-70.6697
-70.6697
-70.6697
-70.6697
-70.6697
-70.6697
-70.6697
-70.6697
-70.6697
-70.6697
-70.6696
-70.6696
-70.6696
-70.6696
-70.6696
-70.6696
-70.6696
-70.6696
-70.6696
-70.6695
-70.6695
-70.6695
-70.6695
-70.6695
-70.6695
-70.6695
-70.6695
-70.6694
-70.6694
-70.6694
-70.6694
-70.6694
-70.6694
-70.6693
-70.6693
-70.6693
-70.6693
-70.6693
-70.6693
-70.6693
-70.6692
-70.6692
-70.6692
-70.6692
-70.6692
-70.6691
-70.6691
-70.6691
-70.6691
-70.6691
-70.6691
-70.669
-70.669
-70.669
-70.669
-70.669
-70.6689
-70.6689
-70.6689
-70.6689
-70.6689
-70.6688
-70.6688
-70.6688
-70.6688
-70.6688
-70.6687
-70.6687
-70.6687
-70.6687
-70.6686
-70.6686
-70.6686
-70.6686
-70.6686
-70.6685
-70.6685
-70.6685
-70.6685
-70.6685
-70.6684
-65.9475
-54.226
-51.177
-49.4341
-47.3583
-40.9417
4.33992
-30.8771
-63.1718
-68.7515
-67.8212
-66.7657
-65.6873
-64.6051
-63.5367
-62.4987
-61.5061
-60.5712
-59.7039
-58.9328
-58.3009
-57.7686
-57.2925
-56.8748
-56.5158
-56.2177
-55.382
-54.8025
-54.4822
-54.2695
-54.1148
-53.997
-53.9066
-53.8381
-53.7875
-53.7519
-53.7288
-53.7162
-53.7131
-53.7199
-53.7378
-53.7636
-53.7948
-53.6298
-53.5069
-53.4609
-53.4489
-53.4517
-53.4611
-53.4662
-53.438
-53.4231
-53.4205
-53.4245
-53.4317
-53.4407
-53.4328
-53.4224
-53.4196
-53.4216
-53.4263
-53.4325
-53.4396
-53.4389
-53.4284
-53.4238
-53.4239
-53.4267
-53.431
-53.4362
-53.442
-53.4483
-53.4401
-53.4298
-53.4257
-53.4257
-53.428
-53.4315
-53.4358
-53.4407
-53.4459
-53.4516
-53.4575
-53.452
-53.435
-53.4267
-53.4243
-53.425
-53.4273
-53.4305
-53.4342
-53.4383
-53.4425
-53.447
-53.4517
-53.4565
-53.4612
-53.4653
-53.4688
-53.4718
-53.4458
-53.42
-53.4088
-53.404
-53.4011
-53.3979
-53.3925
-53.3817
-53.3549
-53.2088
-52.6386
-52.583
-52.7112
-52.8493
-52.9573
-53.0333
-53.0846
-53.1199
-53.1462
-53.1691
-53.192
-53.2179
-53.2492
-53.2891
-53.3405
-53.406
-53.4859
-53.4959
-53.4842
-53.4786
-53.4781
-53.4813
-53.4879
-53.4971
-53.5086
-53.5222
-53.538
-53.556
-53.5765
-53.5993
-53.6248
-53.653
-53.6842
-53.7185
-53.7565
-53.7982
-53.8439
-53.8939
-53.9485
-54.008
-54.0727
-54.143
-54.2194
-54.3018
-54.3908
-54.487
-54.5909
-54.7029
-54.8236
-54.9536
-55.0937
-55.2443
-55.4057
-54.1441
-53.411
-53.2491
-53.2432
-53.2784
-53.3217
-53.3638
-53.4024
-53.4376
-53.4701
-53.5008
-53.5303
-53.5587
-53.5866
-53.6146
-53.6431
-53.6726
-53.7034
-53.7359
-53.7706
-53.8083
-53.8495
-53.8936
-53.9406
-53.9911
-54.0453
-54.1038
-54.1668
-54.2345
-54.3072
-54.3851
-54.4717
-54.5659
-54.6657
-54.7715
-54.884
-55.004
-55.1319
-55.268
-55.4124
-55.5646
-55.7251
-55.9021
-54.152
-53.2753
-53.1054
-53.1146
-53.1663
-53.2228
-53.2743
-53.3192
-53.3581
-53.3921
-53.4226
-53.4507
-53.4765
-53.5007
-53.5239
-53.5467
-53.5695
-53.5927
-53.6166
-53.6416
-53.668
-53.6961
-53.7283
-53.7632
-53.8
-53.8391
-53.8808
-53.9256
-53.9737
-54.0255
-54.0812
-54.1412
-54.2055
-54.2754
-54.3567
-54.4438
-54.5344
-54.629
-54.7287
-54.8339
-54.9451
-55.063
-55.1874
-55.3184
-55.4557
-55.599
-55.7636
-55.9416
-56.1207
-56.3006
-56.4827
-56.6674
-55.0767
-53.3048
-52.9537
-52.9399
-53.0076
-53.087
-53.1592
-53.2208
-53.2725
-53.3159
-53.3528
-53.3846
-53.4121
-53.4361
-53.4577
-53.4775
-53.4962
-53.5139
-53.5309
-53.5476
-53.5661
-53.5849
-53.6028
-53.6199
-53.6361
-53.6512
-53.6649
-53.6767
-53.6858
-53.6907
-53.6897
-53.6866
-53.6763
-53.6488
-53.594
-53.4938
-53.3046
-52.8792
-51.0372
-41.2986
-37.4431
-37.6678
-43.4229
-52.7564
-55.8362
-55.976
-55.6436
-55.2843
-54.9656
-54.6939
-54.4672
-54.2815
-54.1328
-54.017
-53.9307
-53.8706
-53.834
-53.8177
-53.8177
-53.83
-53.8553
-53.8927
-53.9404
-54.0008
-54.082
-54.1878
-54.3116
-54.4422
-54.5729
-54.704
-54.8395
-54.983
-55.1436
-55.3394
-55.5717
-55.8252
-56.0863
-56.3471
-56.6127
-56.8857
-57.1707
-57.4718
-57.797
-58.1622
-58.5603
-58.9801
-59.4093
-59.8434
-60.2845
-60.733
-61.1893
-61.6544
-62.1325
-62.6374
-63.1654
-63.7022
-64.2406
-64.768
-65.2817
-65.7819
-66.2686
-66.7433
-67.2075
-67.6673
-68.1309
-68.586
-69.028
-69.4484
-69.8398
-70.2037
-70.5419
-70.8577
-71.1528
-71.4302
-71.7006
-71.9617
-72.21
-72.4426
-72.6569
-72.8494
-73.0217
-73.1766
-73.3169
-73.4445
-73.5623
-73.6768
-73.7856
-73.8876
-73.9822
-74.0682
-74.1434
-74.2082
-74.2647
-74.3142
-74.3584
-74.3987
-74.4391
-74.479
-74.5158
-74.5512
-74.5835
-74.611
-74.6334
-74.6513
-74.6656
-74.6777
-74.6881
-74.6996
-74.7134
-74.7259
-74.7378
-74.7505
-74.7616
-74.7697
-74.7753
-74.7782
-74.7792
-74.7796
-74.7802
-74.7837
-74.7889
-74.7927
-74.7965
-74.8023
-74.807
-74.8088
-74.8094
-74.8084
-74.8059
-74.803
-74.8008
-74.801
-74.8027
-74.8038
-74.8043
-74.8072
-74.8105
-74.8114
-74.8103
-74.8086
-74.8067
-74.8041
-74.8014
-74.8
-74.8004
-74.8006
-74.8001
-74.7999
-74.8025
-74.8046
-74.8044
-74.8019
-74.7996
-74.7974
-74.7957
-74.7932
-74.7917
-74.7916
-74.7915
-74.7903
-74.7892
-74.7912
-74.7937
-74.794
-74.7919
-74.7895
-74.7878
-74.7865
-74.7853
-74.7837
-74.7831
-74.7821
-74.7815
-74.78
-74.7793
-74.7816
-74.7837
-74.7833
-74.7804
-74.7777
-74.7754
-74.774
-74.7724
-74.7721
-74.772
-74.7707
-74.7696
-74.7684
-74.7679
-74.7695
-74.7713
-74.7727
-74.7719
-74.7696
-74.7664
-74.7636
-74.7618
-74.76
-74.7609
-74.7612
-74.7602
-74.7583
-74.7578
-74.7576
-74.7591
-74.7607
-74.7619
-74.7609
-74.7582
-74.7544
-74.7506
-74.7468
-74.7455
-74.7458
-74.7466
-74.7466
-74.746
-74.7456
-74.7455
-74.746
-74.7482
-74.7512
-74.7524
-74.7518
-74.7478
-74.7424
-74.739
-74.7343
-74.7314
-74.7327
-74.7325
-74.7323
-74.7325
-74.7328
-74.7337
-74.7348
-74.7368
-74.7393
-74.74
-74.7401
-74.7379
-74.7332
-74.7271
-74.722
-74.7168
-74.7143
-74.7147
-74.7147
-74.7156
-74.7147
-74.7153
-74.7181
-74.7214
-74.7241
-74.726
-74.728
-74.7297
-74.7274
-74.7236
-74.7193
-74.7149
-74.7083
-74.7019
-74.6993
-74.6976
-74.6981
-74.6987
-74.6975
-74.6993
-74.702
-74.7062
-74.7102
-74.7117
-74.714
-74.7142
-74.713
-74.7099
-74.7056
-74.7013
-74.6969
-74.6916
-74.6837
-74.6806
-74.6795
-74.6778
-74.6756
-74.6757
-74.677
-74.6805
-74.6866
-74.6905
-74.6918
-74.6941
-74.697
-74.6965
-74.6933
-74.6916
-74.6893
-74.6857
-74.6827
-74.6786
-74.6721
-74.6663
-74.6637
-74.662
-74.6605
-74.6591
-74.6565
-74.6566
-74.6606
-74.6665
-74.6716
-74.6733
-74.6738
-74.674
-74.676
-74.6745
-74.6702
-74.6672
-74.6642
-74.6613
-74.658
-74.6532
-74.6498
-74.6461
-74.644
-74.6406
-74.6361
-74.6355
-74.635
-74.6338
-74.6347
-74.6355
-74.641
-74.6467
-74.6479
-74.6458
-74.6463
-74.647
-74.6444
-74.6439
-74.6414
-74.6379
-74.6349
-74.6328
-74.631
-74.6269
-74.6225
-74.6221
-74.6225
-74.6231
-74.6201
-74.6184
-74.6151
-74.613
-74.6132
-74.6127
-74.6115
-74.6118
-74.6178
-74.6229
-74.6219
-74.615
-74.6113
-74.6117
-74.6113
-74.6098
-74.6064
-74.6015
-74.5993
-74.5983
-74.5976
-74.5978
-74.5956
-74.5919
-74.5845
-74.5817
-74.5857
-74.5873
-74.5883
-74.5902
-74.5883
-74.5842
-74.5786
-74.5742
-74.5723
-74.5733
-74.5778
-74.5813
-74.5813
-74.5771
-74.5708
-74.565
-74.5642
-74.5641
-74.5639
-74.5623
-74.5611
-74.559
-74.5557
-74.5521
-74.5471
-74.5448
-74.544
-74.5442
-74.5404
-74.5363
-74.536
-74.5393
-74.5452
-74.5527
-74.5571
-74.5551
-74.5491
-74.5415
-74.5328
-74.5264
-74.5217
-74.5196
-74.5262
-74.5337
-74.5344
-74.5329
-74.5272
-74.5164
-74.5048
-74.502
-74.5061
-74.5088
-74.5119
-74.5131
-74.5138
-74.5141
-74.5114
-74.5035
-74.4954
-74.489
-74.484
-74.4812
-74.4762
-74.4677
-74.4652
-74.4702
-74.4816
-74.4903
-74.4942
-74.4971
-74.5022
-74.5042
-74.4986
-74.4861
-74.4787
-74.4764
-74.4701
-74.4574
-74.444
-74.4395
-74.4448
-74.4533
-74.4567
-74.4609
-74.4637
-74.4604
-74.4513
-74.439
-74.4275
-74.4219
-74.4225
-74.4229
-74.4211
-74.4224
-74.4227
-74.4223
-74.4223
-74.4195
-74.4118
-74.3982
-74.387
-74.3859
-74.3908
-74.3921
-74.3902
-74.3882
-74.3862
-74.3887
-74.3935
-74.3975
-74.4015
-74.4033
-74.4023
-74.3976
-74.3947
-74.3905
-74.3859
-74.3828
-74.3803
-74.3811
-74.3799
-74.3722
-74.3602
-74.3451
-74.3296
-74.3178
-74.3101
-74.3098
-74.3229
-74.3387
-74.3485
-74.3521
-74.3508
-74.3481
-74.3447
-74.3423
-74.3364
-74.3279
-74.3173
-74.3091
-74.3082
-74.311
-74.3108
-74.3033
-74.2937
-74.2838
-74.2755
-74.2673
-74.2581
-74.2555
-74.2545
-74.2496
-74.2464
-74.2444
-74.2456
-74.2495
-74.2478
-74.248
-74.2467
-74.2435
-74.2441
-74.2512
-74.2583
-74.2648
-74.2661
-74.2648
-74.2611
-74.2562
-74.253
-74.2502
-74.2457
-74.2473
-74.2491
-74.246
-74.2396
-74.2274
-74.2124
-74.1958
-74.1851
-74.1752
-74.1669
-74.1595
-74.1492
-74.135
-74.1249
-74.1179
-74.1062
-74.0887
-74.0754
-74.0788
-74.0944
-74.115
-74.1307
-74.1444
-74.1557
-74.1613
-74.1655
-74.1688
-74.1717
-74.1696
-74.1661
-74.1628
-74.1631
-74.1584
-74.1469
-74.1327
-74.1145
-74.0953
-74.0841
-74.077
-74.0777
-74.0813
-74.0819
-74.086
-74.0876
-74.0881
-74.0855
-74.0752
-74.0595
-74.0446
-74.0309
-74.0193
-74.0118
-74.0044
-73.9936
-73.9911
-73.9979
-74.0079
-74.0268
-74.044
-74.0515
-74.052
-74.0491
-74.0437
-74.0327
-74.0184
-74.0026
-73.9842
-73.9664
-73.9459
-73.9221
-73.9008
-73.8843
-73.8704
-73.8635
-73.8624
-73.8738
-73.8959
-73.9097
-73.9153
-73.9197
-73.9278
-73.9331
-73.9374
-73.9408
-73.9368
-73.9296
-73.925
-73.9201
-73.9088
-73.8915
-73.8713
-73.8575
-73.8513
-73.8505
-73.8527
-73.8509
-73.8511
-73.8455
-73.8386
-73.8384
-73.8361
-73.8324
-73.8281
-73.8186
-73.8029
-73.7824
-73.7586
-73.7364
-73.7264
-73.7199
-73.711
-73.7012
-73.6912
-73.6857
-73.682
-73.6783
-73.6737
-73.6637
-73.6538
-73.6413
-73.6239
-73.6044
-73.5884
-73.5724
-73.5629
-73.562
-73.5595
-73.5499
-73.534
-73.5137
-73.4903
-73.47
-73.4529
-73.4334
-73.4172
-73.404
-73.3952
-73.3878
-73.3892
-73.3887
-73.3808
-73.3665
-73.3477
-73.3257
-73.3015
-73.2807
-73.2751
-73.2725
-73.2717
-73.2655
-73.2528
-73.2354
-73.2147
-73.1982
-73.1901
-73.1931
-73.197
-73.1935
-73.183
-73.1757
-73.1783
-73.1832
-73.1886
-73.1867
-73.182
-73.1795
-73.1723
-73.1595
-73.1481
-73.1451
-73.1462
-73.1419
-73.1348
-73.1314
-73.1288
-73.1289
-73.1237
-73.1124
-73.0965
-73.0775
-73.0561
-73.0332
-73.0091
-72.9842
-72.9587
-72.9328
-72.9065
-72.8801
-72.8536
-72.827
-72.8003
-72.7821
-72.7712
-72.7584
-72.7421
-72.7232
-72.7024
-72.6804
-72.6575
-72.6342
-72.6105
-72.5866
-72.5675
-72.5601
-72.5523
-72.5406
-72.5256
-72.5082
-72.4892
-72.4691
-72.4484
-72.4272
-72.4057
-72.384
-72.3623
-72.3405
-72.3188
-72.2972
-72.2757
-72.2543
-72.233
-72.212
-72.191
-72.1703
-72.1498
-72.1294
-72.1093
-72.0893
-72.0696
-72.0501
-72.0307
-72.0116
-71.9927
-71.974
-71.9556
-71.9436
-71.9471
-71.9503
-71.9485
-71.9422
-71.9329
-71.9215
-71.9086
-71.8948
-71.8803
-71.8654
-71.8503
-71.8349
-71.8195
-71.804
-71.7885
-71.7731
-71.7577
-71.7424
-71.7272
-71.7121
-71.6971
-71.6823
-71.6676
-71.653
-71.6386
-71.6243
-71.6102
-71.5963
-71.5825
-71.5688
-71.5553
-71.542
-71.5288
-71.5158
-71.5029
-71.4902
-71.4776
-71.4652
-71.4529
-71.4408
-71.4288
-71.417
-71.4053
-71.3938
-71.3824
-71.3711
-71.36
-71.349
-71.3382
-71.3275
-71.317
-71.3065
-71.2962
-71.2861
-71.2761
-71.2662
-71.2564
-71.2468
-71.2372
-71.2278
-71.2186
-71.2094
-71.2004
-71.1915
-71.1826
-71.174
-71.1654
-71.1569
-71.1486
-71.1403
-71.1322
-71.1242
-71.1162
-71.1084
-71.1007
-71.0931
-71.0856
-71.0781
-71.0708
-71.0636
-71.0565
-71.0495
-71.0425
-71.0357
-71.0289
-71.0223
-71.0157
-71.0092
-71.0029
-70.9966
-70.9903
-70.9842
-70.9782
-70.9722
-70.9663
-70.9605
-70.9548
-70.9491
-70.9436
-70.9381
-70.9327
-70.9273
-70.9221
-70.9169
-70.9118
-70.9067
-70.9018
-70.8969
-70.892
-70.8873
-70.8826
-70.8779
-70.8734
-70.8689
-70.8644
-70.8601
-70.8558
-70.8515
-70.8473
-70.8432
-70.8391
-70.8351
-70.8312
-70.8273
-70.8235
-70.8197
-70.816
-70.8123
-70.8087
-70.8052
-70.8017
-70.7982
-70.7948
-70.7915
-70.7882
-70.7849
-70.7818
-70.7786
-70.7755
-70.7725
-70.7695
-70.7665
-70.7636
-70.7607
-70.7579
-70.7551
-70.7524
-70.7497
-70.747
-70.7444
-70.7419
-70.7394
-70.7369
-70.7344
-70.732
-70.7297
-70.7273
-70.725
-70.7228
-70.7206
-70.7184
-70.7162
-70.7141
-70.7121
-70.71
-70.708
-70.7061
-70.7041
-70.7022
-70.7003
-70.6985
-70.6967
-70.6949
-70.6932
-70.6915
-70.6898
-70.6881
-70.6865
-70.6849
-70.6833
-70.6818
-70.6803
-70.6788
-70.6773
-70.6759
-70.6745
-70.6731
-70.6717
-70.6704
-70.6691
-70.6678
-70.6665
-70.6653
-70.6641
-70.6629
-70.6617
-70.6606
-70.6595
-70.6584
-70.6573
-70.6562
-70.6552
-70.6542
-70.6532
-70.6522
-70.6513
-70.6503
-70.6494
-70.6485
-70.6476
-70.6468
-70.6459
-70.6451
-70.6443
-70.6435
-70.6428
-70.642
-70.6413
-70.6405
-70.6398
-70.6391
-70.6385
-70.6378
-70.6372
-70.6366
-70.6359
-70.6353
-70.6348
-70.6342
-70.6336
-70.6331
-70.6326
-70.632
-70.6315
-70.6311
-70.6306
-70.6301
-70.6297
-70.6292
-70.6288
-70.6284
-70.628
-70.6276
-70.6272
-70.6268
-70.6265
-70.6261
-70.6258
-70.6255
-70.6252
-70.6249
-70.6246
-70.6243
-70.624
-70.6237
-70.6235
-70.6232
-70.623
-70.6228
-70.6225
-70.6223
-70.6221
-70.6219
-70.6217
-70.6215
-70.6214
-70.6212
-70.6211
-70.6209
-70.6208
-70.6206
-70.6205
-70.6204
-70.6203
-70.6202
-70.6201
-70.62
-70.6199
-70.6198
-70.6197
-70.6196
-70.6196
-70.6195
-70.6195
-70.6194
-70.6194
-70.6194
-70.6193
-70.6193
-70.6193
-70.6193
-70.6193
-70.6193
-70.6193
-70.6193
-70.6193
-70.6193
-70.6193
-70.6193
-70.6193
-70.6194
-70.6194
-70.6195
-70.6195
-70.6195
-70.6196
-70.6197
-70.6197
-70.6198
-70.6198
-70.6199
-70.62
-70.6201
-70.6201
-70.6202
-70.6203
-70.6204
-70.6205
-70.6206
-70.6207
-70.6208
-70.6209
-70.621
-70.6211
-70.6212
-70.6213
-70.6214
-70.6215
-70.6216
-70.6218
-70.6219
-70.622
-70.6221
-70.6223
-70.6224
-70.6225
-70.6227
-70.6228
-70.6229
-70.6231
-70.6232
-70.6234
-70.6235
-70.6237
-70.6238
-70.6239
-70.6241
-70.6243
-70.6244
-70.6246
-70.6247
-70.6249
-70.625
-70.6252
-70.6253
-70.6255
-70.6257
-70.6258
-70.626
-70.6262
-70.6263
-70.6265
-70.6267
-70.6268
-70.627
-70.6272
-70.6273
-70.6275
-70.6277
-70.6278
-70.628
-70.6282
-70.6284
-70.6285
-70.6287
-70.6289
-70.6291
-70.6292
-70.6294
-70.6296
-70.6298
-70.6299
-70.6301
-70.6303
-70.6305
-70.6306
-70.6308
-70.631
-70.6312
-70.6314
-70.6315
-70.6317
-70.6319
-70.6321
-70.6322
-70.6324
-70.6326
-70.6328
-70.6329
-70.6331
-70.6333
-70.6335
-70.6337
-70.6338
-70.634
-70.6342
-70.6344
-70.6345
-70.6347
-70.6349
-70.6351
-70.6352
-70.6354
-70.6356
-70.6358
-70.6359
-70.6361
-70.6363
-70.6365
-70.6366
-70.6368
-70.637
-70.6371
-70.6373
-70.6375
-70.6376
-70.6378
-70.638
-70.6382
-70.6383
-70.6385
-70.6387
-70.6388
-70.639
-70.6392
-70.6393
-70.6395
-70.6396
-70.6398
-70.64
-70.6401
-70.6403
-70.6405
-70.6406
-70.6408
-70.6409
-70.6411
-70.6412
-70.6414
-70.6416
-70.6417
-70.6419
-70.642
-70.6422
-70.6423
-70.6425
-70.6426
-70.6428
-70.6429
-70.6431
-70.6432
-70.6434
-70.6435
-70.6437

