-70
-70.1661
-70.23
-70.2566
-70.2695
-70.2773
-70.283
-70.2879
-70.2925
-70.297
-70.3014
-70.3057
-70.31
-70.3142
-70.3185
-70.3226
-70.3268
-70.3309
-70.335
-70.3391
-70.3431
-70.3471
-70.351
-70.3549
-70.3588
-70.3626
-70.3664
-70.3701
-70.3738
-70.3775
-70.3811
-70.3847
-70.3883
-70.3918
-70.3953
-70.3987
-70.4021
-70.4055
-70.4088
-70.4121
-70.4154
-70.4186
-70.4218
-70.4249
-70.428
-70.4311
-70.4341
-70.4372
-70.4401
-70.4431
-70.446
-70.4489
-70.4517
-70.4545
-70.4573
-70.4601
-70.4628
-70.4655
-70.4682
-70.4708
-70.4734
-70.476
-70.4785
-70.481
-70.4835
-70.486
-70.4884
-70.4908
-70.4932
-70.4955
-70.4978
-70.5001
-70.5024
-70.5046
-70.5068
-70.509
-70.5112
-70.5133
-70.5154
-70.5175
-70.5196
-70.5216
-70.5236
-70.5256
-70.5276
-70.5295
-70.5315
-70.5334
-70.5352
-70.5371
-70.5389
-70.5407
-70.5425
-70.5443
-70.5461
-70.5478
-70.5495
-70.5512
-70.5528
-70.5545
-70.5561
-70.5577
-70.5593
-70.5609
-70.5624
-70.5639
-70.5655
-70.5669
-70.5684
-70.5699
-70.5713
-70.5727
-70.5741
-70.5755
-70.5769
-70.5782
-70.5796
-70.5809
-70.5822
-70.5835
-70.5848
-70.586
-70.5873
-70.5885
-70.5897
-70.5909
-70.5921
-70.5932
-70.5944
-70.5955
-70.5966
-70.5977
-70.5988
-70.5999
-70.601
-70.602
-70.603
-70.6041
-70.6051
-70.6061
-70.6071
-70.608
-70.609
-70.6099
-70.6109
-70.6118
-70.6127
-70.6136
-70.6145
-70.6154
-70.6162
-70.6171
-70.6179
-70.6187
-70.6196
-70.6204
-70.6212
-70.622
-70.6227
-70.6235
-70.6242
-70.625
-70.6257
-70.6265
-70.6272
-70.6279
-70.6286
-70.6293
-70.6299
-70.6306
-70.6313
-70.6319
-70.6325
-70.6332
-70.6338
-70.6344
-70.635
-70.6356
-70.6362
-70.6368
-70.6374
-70.6379
-70.6385
-70.639
-70.6396
-70.6401
-70.6406
-70.6411
-70.6417
-70.6422
-70.6427
-70.6431
-70.6436
-70.6441
-70.6446
-70.645
-70.6455
-70.6459
-70.6464
-70.6468
-70.6472
-70.6476
-70.6481
-70.6485
-70.6489
-70.6493
-70.6497
-70.65
-70.6504
-70.6508
-70.6512
-70.6515
-70.6519
-70.6522
-70.6526
-70.6529
-70.6533
-70.6536
-70.6539
-70.6542
-70.6545
-70.6549
-70.6552
-70.6555
-70.6558
-70.656
-70.6563
-70.6566
-70.6569
-70.6572
-70.6574
-70.6577
-70.658
-70.6582
-70.6585
-70.6587
-70.6589
-70.6592
-70.6594
-70.6597
-70.6599
-70.6601
-70.6603
-70.6605
-70.6607
-70.661
-70.6612
-70.6614
-70.6616
-70.6617
-70.6619
-70.6621
-70.6623
-70.6625
-70.6627
-70.6628
-70.663
-70.6632
-70.6633
-70.6635
-70.6637
-70.6638
-70.664
-70.6641
-70.6643
-70.6644
-70.6646
-70.6647
-70.6648
-70.665
-70.6651
-70.6652
-70.6653
-70.6655
-70.6656
-70.6657
-70.6658
-70.6659
-70.666
-70.6662
-70.6663
-70.6664
-70.6665
-70.6666
-70.6667
-70.6668
-70.6669
-70.667
-70.667
-70.6671
-70.6672
-70.6673
-70.6674
-70.6675
-70.6675
-70.6676
-70.6677
-70.6678
-70.6678
-70.6679
-70.668
-70.668
-70.6681
-70.6682
-70.6682
-70.6683
-70.6683
-70.6684
-70.6685
-70.6685
-70.6686
-70.6686
-70.6687
-70.6687
-70.6688
-70.6688
-70.6688
-70.6689
-70.6689
-70.669
-70.669
-70.669
-70.6691
-70.6691
-70.6691
-70.6692
-70.6692
-70.6692
-70.6693
-70.6693
-70.6693
-70.6694
-70.6694
-70.6694
-70.6694
-70.6694
-70.6695
-70.6695
-70.6695
-70.6695
-70.6695
-70.6696
-70.6696
-70.6696
-70.6696
-70.6696
-70.6696
-70.6696
-70.6697
-70.6697
-70.6697
-70.6697
-70.6697
-70.6697
-70.6697
-70.6697
-70.6697
-70.6697
-70.6697
-70.6697
-70.6697
-70.6697
-70.6697
-70.6697
-70.6697
-70.6697
-70.6697
-70.6697
-70.6697
-70.6697
-70.6697
-70.6697
-70.6697
-70.6697
-70.6697
-70.6697
-70.6697
-70.6697
-70.6697
-70.6697
-70.6697
-70.6697
-70.6697
-70.6696
-70.6696
-70.6696
-70.6696
-70.6696
-70.6696
-70.6696
-70.6696
-70.6696
-70.6695
-70.6695
-70.6695
-70.6695
-70.6695
-70.6695
-70.6695
-70.6695
-70.6694
-70.6694
-70.6694
-70.6694
-70.6694
-70.6694
-70.6693
-70.6693
-70.6693
-70.6693
-70.6693
-70.6693
-70.6693
-70.6692
-70.6692
-70.6692
-70.6692
-70.6692
-70.6691
-70.6691
-70.6691
-70.6691
-70.6691
-70.6691
-70.669
-70.669
-70.669
-70.669
-70.669
-70.6689
-70.6689
-70.6689
-70.6689
-70.6689
-70.6688
-70.6688
-70.6688
-70.6688
-70.6688
-70.6687
-70.6687
-70.6687
-70.6687
-70.6686
-70.6686
-70.6686
-70.6686
-70.6686
-70.6685
-70.6685
-70.6685
-70.6685
-70.6685
-70.6684
-70.6684
-70.6684
-70.6684
-70.6684
-70.6683
-70.6683
-70.6683
-70.6683
-70.6682
-70.6682
-70.6682
-70.6682
-70.6682
-70.6681
-70.6681
-70.6681
-70.6681
-70.6681
-70.6769
-70.958
-71.8219
-72.8329
-55.9358
-51.7777
-49.9221
-48.0935
-44.1428
6.02376
-24.156
-53.2485
-68.871
-68.1802
-67.1478
-66.0857
-65.0158
-63.9561
-62.9238
-61.9348
-61.0028
-60.141
-59.15
-58.2502
-57.523
-56.9015
-56.3638
-55.9003
-55.4907
-55.1112
-54.7991
-54.5444
-54.337
-54.1689
-54.0306
-53.8977
-53.7913
-53.7102
-53.6485
-53.6019
-53.5672
-53.5402
-53.504
-53.4766
-53.459
-53.4485
-53.4428
-53.4405
-53.4407
-53.4428
-53.4304
-53.4189
-53.4138
-53.4131
-53.415
-53.4184
-53.4229
-53.4281
-53.4339
-53.4402
-53.4385
-53.423
-53.4151
-53.4131
-53.4143
-53.4172
-53.4211
-53.4255
-53.4304
-53.4355
-53.4409
-53.4465
-53.4522
-53.4582
-53.4644
-53.4522
-53.4265
-53.4148
-53.4107
-53.41
-53.4108
-53.4118
-53.4126
-53.4126
-53.4114
-53.4082
-53.4015
-53.3886
-53.3607
-53.2708
-52.5199
-52.0644
-52.1996
-52.4336
-52.6344
-52.7799
-52.8785
-52.9446
-53.1
-53.3463
-53.4279
-53.447
-53.447
-53.4431
-53.4406
-53.4418
-53.4472
-53.4568
-53.47
-53.4863
-53.5056
-53.5279
-53.5539
-53.5835
-53.616
-53.6516
-53.6907
-53.7337
-53.7811
-53.8333
-53.8908
-53.9538
-54.0228
-54.0982
-54.1805
-54.27
-54.3669
-54.4717
-54.585
-54.7075
-54.8396
-53.8429
-53.4367
-53.3443
-53.3431
-53.3676
-53.3983
-53.4293
-53.4591
-53.4877
-53.5152
-53.5422
-53.569
-53.5961
-53.6238
-53.6526
-53.6828
-53.7147
-53.7489
-53.7854
-53.8248
-53.8672
-53.913
-53.9622
-54.0153
-54.0724
-54.1339
-54.2002
-54.2713
-54.3477
-54.4298
-54.518
-54.6128
-54.7145
-54.8235
-54.9403
-55.0654
-55.1992
-55.3419
-55.4933
-53.7436
-53.2699
-53.187
-53.2066
-53.2502
-53.2956
-53.3373
-53.3743
-53.4072
-53.4369
-53.4639
-53.4895
-53.5144
-53.5386
-53.5623
-53.5862
-53.6106
-53.6359
-53.6623
-53.6903
-53.7201
-53.7521
-53.7882
-53.8276
-53.8694
-53.914
-53.9617
-54.013
-54.0681
-54.1275
-54.1913
-54.2598
-54.3334
-54.4177
-54.5087
-54.6039
-54.7039
-54.8095
-54.9213
-55.04
-55.1657
-55.2986
-55.4384
-55.5852
-55.7518
-55.6042
-53.597
-53.1426
-53.0822
-53.1193
-53.1756
-53.2299
-53.2775
-53.3184
-53.3535
-53.3843
-53.4121
-53.437
-53.4598
-53.4811
-53.5015
-53.5215
-53.5414
-53.5617
-53.5827
-53.6045
-53.6276
-53.6539
-53.6831
-53.7138
-53.7461
-53.7792
-53.8118
-53.8458
-53.8813
-53.9188
-53.9582
-53.9989
-54.0405
-54.0879
-54.1412
-54.1932
-54.2426
-54.2888
-54.3316
-54.3697
-54.4019
-54.4262
-54.4395
-54.4381
-54.4165
-54.3706
-54.3146
-54.2181
-54.0458
-53.7479
-53.2128
-52.0567
-52.623
-52.4864
-52.6125
-52.8332
-52.9998
-53.1076
-53.1734
-53.2132
-53.2384
-53.2559
-53.2701
-53.2836
-53.2983
-53.3159
-53.338
-53.368
-53.4068
-53.4523
-53.5036
-53.5603
-53.6222
-53.6895
-53.764
-53.8469
-53.9367
-54.0332
-54.1408
-54.2581
-54.3874
-54.5242
-54.6686
-54.8226
-54.9883
-55.1669
-55.3593
-55.5711
-55.8226
-56.1098
-56.4224
-56.7442
-57.065
-57.3882
-57.7185
-58.0596
-58.421
-58.8348
-59.3266
-59.8736
-60.4094
-60.9143
-61.4024
-61.8835
-62.3647
-62.8506
-63.3553
-63.8894
-64.4419
-65.0047
-65.5551
-66.0801
-66.5789
-67.056
-67.5142
-67.9567
-68.3904
-68.8221
-69.2487
-69.6653
-70.0641
-70.4334
-70.7715
-71.0825
-71.3693
-71.6351
-71.8857
-72.1244
-72.3534
-72.5724
-72.78
-72.9708
-73.1413
-73.292
-73.4269
-73.5476
-73.6578
-73.7602
-73.8567
-73.9499
-74.0384
-74.1216
-74.1964
-74.2611
-74.3157
-74.3625
-74.4033
-74.4403
-74.4739
-74.5062
-74.5399
-74.5728
-74.6042
-74.6322
-74.6554
-74.6733
-74.6863
-74.697
-74.7064
-74.7141
-74.7223
-74.7337
-74.7465
-74.759
-74.7708
-74.7795
-74.7852
-74.7873
-74.7876
-74.7876
-74.7862
-74.7857
-74.7881
-74.7939
-74.8002
-74.8061
-74.8114
-74.8133
-74.8134
-74.8118
-74.8093
-74.8056
-74.8012
-74.799
-74.8004
-74.8034
-74.8069
-74.8104
-74.8131
-74.8132
-74.8114
-74.8098
-74.8077
-74.8036
-74.7992
-74.7965
-74.797
-74.7987
-74.8011
-74.8037
-74.8054
-74.8054
-74.8033
-74.8015
-74.8
-74.7964
-74.7919
-74.789
-74.7883
-74.7889
-74.7897
-74.7915
-74.7938
-74.7952
-74.7945
-74.7924
-74.7909
-74.7888
-74.7856
-74.7822
-74.7805
-74.7809
-74.781
-74.7805
-74.781
-74.7831
-74.7844
-74.7831
-74.7808
-74.7787
-74.7765
-74.7737
-74.7712
-74.7698
-74.7706
-74.7714
-74.7713
-74.7711
-74.7721
-74.7732
-74.7738
-74.7722
-74.7703
-74.7675
-74.7639
-74.7618
-74.7606
-74.7597
-74.7612
-74.7613
-74.7606
-74.7607
-74.7608
-74.7611
-74.7611
-74.7604
-74.7595
-74.7568
-74.7525
-74.7487
-74.7482
-74.7488
-74.7498
-74.7507
-74.7511
-74.7506
-74.7505
-74.7513
-74.751
-74.7505
-74.751
-74.7492
-74.7456
-74.7411
-74.7376
-74.7353
-74.7353
-74.7366
-74.7383
-74.7371
-74.7372
-74.737
-74.7379
-74.738
-74.7374
-74.7381
-74.7389
-74.7365
-74.7324
-74.7288
-74.7258
-74.7228
-74.722
-74.7238
-74.7262
-74.7256
-74.7245
-74.7239
-74.7253
-74.7267
-74.7259
-74.7256
-74.7269
-74.727
-74.7237
-74.7194
-74.7164
-74.7123
-74.7079
-74.7049
-74.7052
-74.7072
-74.7076
-74.7082
-74.708
-74.7078
-74.7103
-74.712
-74.7125
-74.7123
-74.7123
-74.712
-74.7101
-74.7076
-74.7052
-74.7027
-74.6976
-74.6929
-74.6885
-74.687
-74.6876
-74.6897
-74.691
-74.6918
-74.694
-74.6971
-74.6988
-74.6995
-74.6976
-74.6961
-74.6944
-74.6927
-74.6915
-74.6898
-74.6861
-74.682
-74.677
-74.6715
-74.6671
-74.663
-74.6626
-74.6646
-74.6667
-74.6704
-74.6764
-74.6806
-74.6817
-74.6818
-74.6807
-74.6806
-74.6812
-74.6799
-74.6777
-74.6753
-74.6705
-74.6652
-74.6617
-74.6594
-74.6553
-74.6489
-74.6417
-74.6373
-74.6383
-74.6402
-74.6471
-74.6558
-74.6605
-74.6616
-74.6612
-74.6593
-74.6598
-74.66
-74.6596
-74.66
-74.6586
-74.6529
-74.6448
-74.6388
-74.6358
-74.633
-74.6312
-74.6274
-74.6202
-74.6133
-74.6097
-74.6086
-74.6098
-74.6169
-74.6261
-74.6336
-74.6382
-74.6407
-74.6396
-74.6376
-74.6359
-74.6344
-74.6357
-74.6384
-74.6374
-74.6313
-74.6239
-74.617
-74.6101
-74.604
-74.5997
-74.5975
-74.5956
-74.5922
-74.5857
-74.5815
-74.5825
-74.5847
-74.5853
-74.5899
-74.5994
-74.6059
-74.6105
-74.6123
-74.6139
-74.6112
-74.606
-74.6029
-74.6012
-74.5987
-74.5974
-74.597
-74.5941
-74.5882
-74.5794
-74.5707
-74.5635
-74.5581
-74.5549
-74.5515
-74.5464
-74.5405
-74.5434
-74.5507
-74.5549
-74.5545
-74.5523
-74.5509
-74.5551
-74.5611
-74.5659
-74.5682
-74.5708
-74.5708
-74.5718
-74.5718
-74.5698
-74.5669
-74.567
-74.5652
-74.5589
-74.5529
-74.5487
-74.5455
-74.5416
-74.5345
-74.5241
-74.5121
-74.5046
-74.4993
-74.4932
-74.4893
-74.4929
-74.496
-74.5014
-74.5094
-74.5136
-74.5127
-74.5126
-74.5139
-74.5119
-74.5133
-74.516
-74.5185
-74.5188
-74.5179
-74.5137
-74.5095
-74.5117
-74.5133
-74.5143
-74.5151
-74.5139
-74.5111
-74.5054
-74.4967
-74.4859
-74.4779
-74.4733
-74.4694
-74.4625
-74.4558
-74.4501
-74.4434
-74.436
-74.4306
-74.43
-74.428
-74.4235
-74.4171
-74.4116
-74.4132
-74.4186
-74.4258
-74.4322
-74.4416
-74.4496
-74.4512
-74.4499
-74.4494
-74.4503
-74.453
-74.4534
-74.4496
-74.4442
-74.4431
-74.4426
-74.4403
-74.4366
-74.4311
-74.424
-74.4183
-74.4141
-74.4098
-74.4076
-74.4083
-74.4083
-74.4024
-74.392
-74.3808
-74.3734
-74.3717
-74.3713
-74.37
-74.3678
-74.363
-74.3592
-74.3589
-74.3593
-74.3551
-74.3445
-74.3346
-74.3248
-74.3152
-74.3099
-74.3081
-74.3016
-74.2946
-74.2974
-74.3081
-74.3192
-74.3268
-74.3294
-74.3332
-74.3413
-74.3484
-74.3591
-74.3687
-74.369
-74.3619
-74.3574
-74.3584
-74.3619
-74.361
-74.3559
-74.3452
-74.3321
-74.3168
-74.3016
-74.2861
-74.2761
-74.2709
-74.2713
-74.2725
-74.2688
-74.2622
-74.2516
-74.2405
-74.23
-74.2226
-74.2216
-74.2279
-74.2326
-74.2335
-74.228
-74.2182
-74.214
-74.2122
-74.2174
-74.2224
-74.2242
-74.2264
-74.2303
-74.2356
-74.2407
-74.2395
-74.2296
-74.2131
-74.1947
-74.176
-74.158
-74.1401
-74.1259
-74.1148
-74.1029
-74.086
-74.0693
-74.0626
-74.0776
-74.1021
-74.1184
-74.1255
-74.1295
-74.1322
-74.1321
-74.1287
-74.1311
-74.1414
-74.1513
-74.1616
-74.1681
-74.173
-74.1825
-74.1947
-74.1985
-74.1963
-74.1921
-74.195
-74.1986
-74.1986
-74.1921
-74.1813
-74.1679
-74.1516
-74.1346
-74.1149
-74.0936
-74.073
-74.059
-74.0476
-74.0316
-74.0139
-73.9974
-73.9799
-73.9607
-73.9497
-73.9393
-73.9275
-73.9226
-73.9209
-73.9132
-73.9058
-73.8975
-73.8913
-73.89
-73.8907
-73.9064
-73.9303
-73.9495
-73.9553
-73.953
-73.9454
-73.9314
-73.9185
-73.9136
-73.9109
-73.9016
-73.8857
-73.869
-73.8545
-73.8523
-73.8666
-73.8799
-73.8857
-73.896
-73.9044
-73.908
-73.9185
-73.9344
-73.9459
-73.9603
-73.9695
-73.9679
-73.9579
-73.9463
-73.9312
-73.9117
-73.8886
-73.8632
-73.8457
-73.8309
-73.8122
-73.7942
-73.7822
-73.7679
-73.7489
-73.7307
-73.7126
-73.6991
-73.6903
-73.6777
-73.6714
-73.6651
-73.6563
-73.6465
-73.6316
-73.612
-73.5913
-73.5758
-73.5656
-73.5594
-73.5564
-73.5538
-73.5632
-73.581
-73.5994
-73.6112
-73.6121
-73.6122
-73.6172
-73.6208
-73.6202
-73.617
-73.6085
-73.6006
-73.5891
-73.5725
-73.552
-73.529
-73.511
-73.497
-73.4861
-73.4715
-73.4524
-73.4337
-73.4401
-73.4651
-73.4959
-73.5148
-73.5195
-73.5139
-73.5011
-73.4835
-73.4679
-73.4578
-73.4592
-73.4584
-73.4546
-73.45
-73.4397
-73.4239
-73.4089
-73.4022
-73.4066
-73.4083
-73.4099
-73.4073
-73.4059
-73.4075
-73.4057
-73.4046
-73.3999
-73.3889
-73.3727
-73.3528
-73.3334
-73.3199
-73.3047
-73.2859
-73.2641
-73.2402
-73.2148
-73.1883
-73.161
-73.1332
-73.1051
-73.0767
-73.0482
-73.0196
-72.991
-72.9624
-72.9339
-72.9056
-72.8773
-72.8492
-72.8213
-72.7936
-72.7661
-72.7388
-72.7117
-72.6849
-72.6583
-72.632
-72.6059
-72.5801
-72.5545
-72.5292
-72.5042
-72.4794
-72.4549
-72.4306
-72.4067
-72.3829
-72.3595
-72.3363
-72.3134
-72.2907
-72.2683
-72.2462
-72.2243
-72.2027
-72.1813
-72.1601
-72.1423
-72.1402
-72.1402
-72.1357
-72.1271
-72.1153
-72.1015
-72.0863
-72.0702
-72.0534
-72.0363
-72.0189
-72.0014
-71.9838
-71.9661
-71.9486
-71.931
-71.9136
-71.8962
-71.879
-71.8619
-71.845
-71.8282
-71.8128
-71.8146
-71.8218
-71.8243
-71.8218
-71.8154
-71.8065
-71.7958
-71.7839
-71.7712
-71.7579
-71.7443
-71.7304
-71.7164
-71.7022
-71.6881
-71.6739
-71.6598
-71.6457
-71.6317
-71.6178
-71.604
-71.5903
-71.5767
-71.5633
-71.55
-71.5368
-71.5238
-71.5109
-71.4981
-71.4855
-71.4731
-71.4607
-71.4485
-71.4365
-71.4246
-71.4129
-71.4012
-71.3898
-71.3784
-71.3672
-71.3562
-71.3453
-71.3345
-71.3238
-71.3133
-71.3029
-71.2927
-71.2826
-71.2726
-71.2628
-71.253
-71.2434
-71.234
-71.2246
-71.2154
-71.2062
-71.1972
-71.1884
-71.1796
-71.1709
-71.1624
-71.154
-71.1456
-71.1374
-71.1293
-71.1213
-71.1134
-71.1057
-71.098
-71.0904
-71.0829
-71.0755
-71.0682
-71.0611
-71.054
-71.047
-71.0401
-71.0333
-71.0265
-71.0199
-71.0134
-71.0069
-71.0006
-70.9943
-70.9881
-70.982
-70.976
-70.97
-70.9642
-70.9584
-70.9527
-70.9471
-70.9415
-70.9361
-70.9307
-70.9254
-70.9201
-70.915
-70.9099
-70.9049
-70.8999
-70.895
-70.8902
-70.8855
-70.8808
-70.8762
-70.8717
-70.8672
-70.8628
-70.8584
-70.8541
-70.8499
-70.8457
-70.8416
-70.8376
-70.8336
-70.8297
-70.8258
-70.822
-70.8183
-70.8146
-70.8109
-70.8073
-70.8038
-70.8003
-70.7969
-70.7935
-70.7902
-70.7869
-70.7837
-70.7805
-70.7774
-70.7743
-70.7712
-70.7683
-70.7653
-70.7624
-70.7596
-70.7568
-70.754
-70.7513
-70.7486
-70.746
-70.7434
-70.7408
-70.7383
-70.7358
-70.7334
-70.731
-70.7287
-70.7264
-70.7241
-70.7218
-70.7196
-70.7175
-70.7153
-70.7132
-70.7112
-70.7092
-70.7072
-70.7052
-70.7033
-70.7014
-70.6995
-70.6977
-70.6959
-70.6941
-70.6924
-70.6907
-70.689
-70.6874
-70.6858
-70.6842
-70.6826
-70.6811
-70.6796
-70.6781
-70.6766
-70.6752
-70.6738
-70.6724
-70.6711
-70.6698
-70.6685
-70.6672
-70.6659
-70.6647
-70.6635
-70.6623
-70.6612
-70.66
-70.6589
-70.6578
-70.6568
-70.6557
-70.6547
-70.6537
-70.6527
-70.6517
-70.6508
-70.6499
-70.649
-70.6481
-70.6472
-70.6463
-70.6455
-70.6447
-70.6439
-70.6431
-70.6423
-70.6416
-70.6409
-70.6401
-70.6395
-70.6388
-70.6381
-70.6374
-70.6368
-70.6362
-70.6356
-70.635
-70.6344
-70.6339
-70.6333
-70.6328
-70.6322
-70.6317
-70.6312
-70.6308
-70.6303
-70.6298
-70.6294
-70.6289
-70.6285
-70.6281
-70.6277
-70.6273
-70.627
-70.6266
-70.6262
-70.6259
-70.6256
-70.6252
-70.6249
-70.6246
-70.6243
-70.6241
-70.6238
-70.6235
-70.6233
-70.623
-70.6228
-70.6226
-70.6223
-70.6221
-70.6219
-70.6217
-70.6215
-70.6214
-70.6212
-70.621
-70.6209
-70.6207
-70.6206
-70.6205
-70.6203
-70.6202
-70.6201
-70.62
-70.6199
-70.6198
-70.6197
-70.6197
-70.6196
-70.6195
-70.6195
-70.6194
-70.6194
-70.6193
-70.6193
-70.6192
-70.6192
-70.6192
-70.6192
-70.6192
-70.6192
-70.6192
-70.6192
-70.6192
-70.6192
-70.6192
-70.6192
-70.6192
-70.6193
-70.6193
-70.6193
-70.6194
-70.6194
-70.6195
-70.6195
-70.6196
-70.6196
-70.6197
-70.6198
-70.6198
-70.6199
-70.62
-70.6201
-70.6202
-70.6202
-70.6203
-70.6204
-70.6205
-70.6206
-70.6207
-70.6208
-70.6209
-70.621
-70.6211
-70.6213
-70.6214
-70.6215
-70.6216
-70.6217
-70.6219
-70.622
-70.6221
-70.6222
-70.6224
-70.6225
-70.6226
-70.6228
-70.6229
-70.6231
-70.6232
-70.6233
-70.6235
-70.6236
-70.6238
-70.6239
-70.6241
-70.6242
-70.6244
-70.6245
-70.6247
-70.6249
-70.625
-70.6252
-70.6253
-70.6255
-70.6257
-70.6258
-70.626
-70.6262
-70.6263
-70.6265
-70.6267
-70.6268
-70.627
-70.6272
-70.6273
-70.6275
-70.6277
-70.6278
-70.628
-70.6282
-70.6284
-70.6285
-70.6287
-70.6289
-70.6291
-70.6292
-70.6294
-70.6296
-70.6298
-70.6299
-70.6301
-70.6303
-70.6305
-70.6307
-70.6308
-70.631
-70.6312
-70.6314
-70.6315
-70.6317
-70.6319
-70.6321
-70.6323
-70.6324
-70.6326
-70.6328
-70.633
-70.6331
-70.6333
-70.6335
-70.6337
-70.6338
-70.634
-70.6342
-70.6344
-70.6346
-70.6347
-70.6349
-70.6351
-70.6353
-70.6354
-70.6356
-70.6358
-70.636
-70.6361
-70.6363
-70.6365
-70.6366
-70.6368
-70.637
-70.6372
-70.6373
-70.6375
-70.6377
-70.6378
-70.638
-70.6382
-70.6383
-70.6385
-70.6387
-70.6388
-70.639
-70.6392
-70.6393
-70.6395
-70.6397
-70.6398
-70.64
-70.6402
-70.6403
-70.6405
-70.6406
-70.6408
-70.641
-70.6411
-70.6413
-70.6414
-70.6416
-70.6417
-70.6419
-70.6421
-70.6422
-70.6424
-70.6425
-70.6427
-70.6428
-70.643
-70.6431
-70.6433
-70.6434
-70.6436
-70.6437
-70.6439
-70.644
-70.6442

