-70
-70.2123
-70.2926
-70.3252
-70.3404
-70.3491
-70.3555
-70.3609
-70.3659
-70.3708
-70.3757
-70.3805
-70.3853
-70.39
-70.3948
-70.3995
-70.4042
-70.4088
-70.4134
-70.4179
-70.4224
-70.4269
-70.4313
-70.4357
-70.44
-70.4443
-70.4485
-70.4527
-70.4569
-70.461
-70.465
-70.469
-70.473
-70.4769
-70.4808
-70.4846
-70.4884
-70.4921
-70.4958
-70.4995
-70.5031
-70.5067
-70.5102
-70.5137
-70.5172
-70.5206
-70.524
-70.5273
-70.5306
-70.5339
-70.5371
-70.5403
-70.5434
-70.5465
-70.5496
-70.5526
-70.5556
-70.5586
-70.5615
-70.5644
-70.5673
-70.5701
-70.5729
-70.5757
-70.5784
-70.5811
-70.5838
-70.5864
-70.589
-70.5916
-70.5941
-70.5966
-70.5991
-70.6016
-70.604
-70.6064
-70.6087
-70.6111
-70.6134
-70.6157
-70.6179
-70.6201
-70.6223
-70.6245
-70.6266
-70.6287
-70.6308
-70.6329
-70.6349
-70.6369
-70.6389
-70.6409
-70.6428
-70.6448
-70.6466
-70.6485
-70.6503
-70.6522
-70.654
-70.6557
-70.6575
-70.6592
-70.6609
-70.6626
-70.6643
-70.6659
-70.6675
-70.6691
-70.6707
-70.6723
-70.6738
-70.6754
-70.6769
-70.6783
-70.6798
-70.6812
-70.6827
-70.6841
-70.6855
-70.6868
-70.6882
-70.6895
-70.6908
-70.6921
-70.6934
-70.6947
-70.6959
-70.6972
-70.6984
-70.6996
-70.7008
-70.702
-70.7031
-70.7042
-70.7054
-70.7065
-70.7076
-70.7087
-70.7097
-70.7108
-70.7118
-70.7128
-70.7138
-70.7148
-70.7158
-70.7168
-70.7177
-70.7187
-70.7196
-70.7205
-70.7214
-70.7223
-70.7232
-70.7241
-70.7249
-70.7258
-70.7266
-70.7274
-70.7282
-70.729
-70.7298
-70.7306
-70.7314
-70.7321
-70.7329
-70.7336
-70.7343
-70.735
-70.7357
-70.7364
-70.7371
-70.7378
-70.7384
-70.7391
-70.7397
-70.7404
-70.741
-70.7416
-70.7422
-70.7428
-70.7434
-70.744
-70.7446
-70.7451
-70.7457
-70.7462
-70.7468
-70.7473
-70.7478
-70.7484
-70.7489
-70.7494
-70.7499
-70.7504
-70.7508
-70.7513
-70.7518
-70.7522
-70.7527
-70.7531
-70.7536
-70.754
-70.7544
-70.7549
-70.7553
-70.7557
-70.7561
-70.7565
-70.7569
-70.7573
-70.7576
-70.758
-70.7584
-70.7587
-70.7591
-70.7594
-70.7598
-70.7601
-70.7605
-70.7608
-70.7611
-70.7614
-70.7617
-70.7621
-70.7624
-70.7627
-70.763
-70.7632
-70.7635
-70.7638
-70.7641
-70.7644
-70.7646
-70.7649
-70.7651
-70.7654
-70.7656
-70.7659
-70.7661
-70.7664
-70.7666
-70.7668
-70.7671
-70.7673
-70.7675
-70.7677
-70.7679
-70.7681
-70.7684
-70.7686
-70.7688
-70.769
-70.7691
-70.7693
-70.7695
-70.7697
-70.7699
-70.7701
-70.7702
-70.7704
-70.7706
-70.7707
-70.7709
-70.7711
-70.7712
-70.7714
-70.7715
-70.7717
-70.7718
-70.772
-70.7721
-70.7722
-70.7724
-70.7725
-70.7726
-70.7728
-70.7729
-70.773
-70.7731
-70.7733
-70.7734
-70.7735
-70.7736
-70.7737
-70.7738
-70.7739
-70.774
-70.7741
-70.7742
-70.7743
-70.7744
-70.7745
-70.7746
-70.7747
-70.7748
-70.7749
-70.775
-70.7751
-70.7751
-70.7752
-70.7753
-70.7754
-70.7755
-70.7755
-70.7756
-70.7757
-70.7758
-70.7758
-70.7759
-70.776
-70.776
-70.7761
-70.7762
-70.7762
-70.7763
-70.7763
-70.7764
-70.7765
-70.7765
-70.7766
-70.7766
-70.7767
-70.7767
-70.7768
-70.7768
-70.7769
-70.7769
-70.777
-70.777
-70.7771
-70.7771
-70.7771
-70.7772
-70.7772
-70.7773
-70.7773
-70.7773
-70.7774
-70.7774
-70.7774
-70.7775
-70.7775
-70.7775
-70.7776
-70.7776
-70.7776
-70.7777
-70.7777
-70.7777
-70.7777
-70.7778
-70.7778
-70.7778
-70.7778
-70.7779
-70.7779
-70.7779
-70.7779
-70.778
-70.778
-70.778
-70.778
-70.778
-70.7781
-70.7781
-70.7781
-70.7781
-70.7781
-70.7781
-70.7782
-70.7782
-70.7782
-70.7782
-70.7782
-70.7782
-70.7782
-70.7783
-70.7783
-70.7783
-70.7783
-70.7783
-70.7783
-70.7783
-70.7783
-70.7783
-70.7783
-70.7784
-70.7784
-70.7784
-70.7784
-70.7784
-70.7784
-70.7784
-70.7784
-70.7784
-70.7784
-70.7784
-70.7784
-70.7784
-70.7784
-70.7784
-70.7784
-70.7784
-70.7784
-70.7784
-70.7785
-70.7785
-70.7785
-70.7785
-70.7785
-70.7785
-70.7785
-70.7785
-70.7785
-70.7785
-70.7785
-70.7785
-70.7785
-70.7785
-70.7785
-70.7785
-70.7785
-70.7785
-70.7785
-70.7785
-70.7785
-70.7785
-70.7785
-70.7785
-70.7785
-70.7785
-70.7785
-70.7785
-70.7785
-70.7785
-70.7785
-70.7784
-70.7784
-70.7784
-70.7784
-70.7784
-70.7784
-70.7784
-70.7784
-70.7784
-70.7784
-70.7784
-70.7784
-70.7784
-70.7784
-70.7784
-70.7784
-70.7784
-70.7784
-70.7784
-70.7784
-70.7784
-70.7784
-70.7784
-70.7784
-70.7784
-70.7784
-70.7784
-70.7784
-70.7784
-70.7783
-70.7783
-70.7783
-70.7783
-70.7783
-70.7783
-70.7783
-70.795
-71.1381
-71.9357
-72.8083
-73.5107
-57.9913
-52.3727
-50.0222
-47.0919
-17.9503
-26.3285
-66.2637
-70.208
-69.0325
-67.7447
-66.4016
-65.0387
-63.6929
-62.3998
-61.19
-60.0873
-59.1092
-58.2626
-57.2744
-56.5235
-55.9553
-55.5099
-55.162
-54.8914
-54.6672
-54.4691
-54.3289
-54.2328
-54.1672
-54.1227
-54.0929
-54.0522
-54.0227
-54.0067
-53.9998
-53.9984
-54.0007
-54.0053
-53.9967
-53.9864
-53.9831
-53.9846
-53.9887
-53.9942
-54.0006
-54.0076
-54.0117
-53.9994
-53.9923
-53.991
-53.9932
-53.9971
-54.002
-54.0074
-54.0133
-54.0194
-54.0259
-54.0281
-54.01
-53.9997
-53.9967
-53.9975
-54.0003
-54.004
-54.0082
-54.0127
-54.0174
-54.0223
-54.0274
-54.0326
-54.038
-54.0436
-54.0492
-54.0539
-54.0194
-53.9965
-53.9878
-53.9853
-53.9847
-53.9843
-53.9829
-53.9795
-53.9721
-53.9558
-53.9067
-53.4419
-53.0721
-53.2102
-53.3886
-53.5176
-53.5984
-53.6458
-53.6725
-53.6874
-53.697
-53.7058
-53.7167
-53.7323
-53.7549
-53.7985
-53.9622
-54.0172
-54.0297
-54.0321
-54.034
-54.0379
-54.0443
-54.0533
-54.0651
-54.0799
-54.0973
-54.117
-54.139
-54.1635
-54.1908
-54.221
-54.2542
-54.2908
-54.331
-54.3752
-54.4236
-54.4766
-54.5346
-54.5978
-54.6667
-54.7416
-54.8229
-54.9113
-55.0076
-55.1121
-55.2251
-55.3471
-55.4781
-55.6184
-55.769
-54.6014
-53.9304
-53.8061
-53.8262
-53.8777
-53.9299
-53.9758
-54.0151
-54.0491
-54.0793
-54.1069
-54.1329
-54.1583
-54.1836
-54.2093
-54.2357
-54.2633
-54.2925
-54.3237
-54.3571
-54.393
-54.4317
-54.4736
-54.5188
-54.569
-54.6251
-54.6849
-54.7485
-54.8166
-54.89
-54.9693
-55.0549
-55.147
-55.2466
-55.3612
-55.4881
-55.6201
-55.7569
-55.8999
-56.0541
-56.2274
-56.4083
-55.2969
-53.902
-53.6379
-53.6553
-53.7321
-53.8093
-53.8744
-53.9271
-53.9701
-54.0057
-54.0357
-54.0618
-54.0855
-54.1084
-54.1313
-54.1542
-54.1772
-54.2006
-54.2256
-54.2525
-54.2808
-54.3108
-54.3428
-54.3777
-54.4172
-54.4616
-54.5098
-54.5604
-54.6138
-54.6739
-54.7395
-54.8085
-54.8817
-54.9601
-55.0445
-55.1411
-55.2471
-55.3642
-55.4854
-55.6103
-55.7482
-55.8957
-56.0474
-56.2042
-56.3673
-56.537
-56.7221
-56.9229
-57.1351
-57.362
-57.5891
-55.7678
-53.748
-53.3951
-53.4382
-53.5602
-53.6769
-53.7713
-53.8454
-53.9034
-53.9495
-53.9873
-54.0188
-54.0466
-54.0717
-54.0948
-54.1168
-54.1384
-54.1603
-54.1828
-54.2079
-54.2348
-54.263
-54.2949
-54.3291
-54.3674
-54.4088
-54.4522
-54.4981
-54.5471
-54.5998
-54.6566
-54.7195
-54.792
-54.8692
-54.9555
-55.0582
-55.1653
-55.2746
-55.3878
-55.5061
-55.6305
-55.7628
-54.1566
-53.7714
-53.7361
-53.7825
-53.8395
-53.8902
-53.9322
-53.9663
-53.9945
-54.0184
-54.0394
-54.0592
-54.0781
-54.0964
-54.1152
-54.1349
-54.1551
-54.176
-54.1991
-54.2247
-54.2516
-54.28
-54.3115
-54.3516
-54.395
-54.4396
-54.4881
-54.5426
-54.6067
-54.7026
-54.8333
-54.9882
-55.1778
-55.3773
-55.5539
-55.7141
-55.8747
-56.0582
-56.3153
-56.6756
-57.1042
-57.5405
-57.9524
-58.3239
-58.6667
-59.0018
-59.3465
-59.739
-60.2203
-60.7506
-61.2945
-61.8464
-62.3772
-62.8766
-63.3549
-63.8199
-64.2802
-64.7606
-65.2702
-65.8004
-66.334
-66.8581
-67.3583
-67.8253
-68.2587
-68.6639
-69.0443
-69.4133
-69.7851
-70.1569
-70.5233
-70.8746
-71.2024
-71.4998
-71.7652
-72.0026
-72.2164
-72.4117
-72.6007
-72.7853
-72.9663
-73.1415
-73.3073
-73.455
-73.584
-73.6955
-73.7912
-73.875
-73.9513
-74.0252
-74.097
-74.1677
-74.236
-74.3018
-74.3591
-74.4063
-74.446
-74.4777
-74.5049
-74.5299
-74.5549
-74.5796
-74.6053
-74.6301
-74.656
-74.6791
-74.6959
-74.7081
-74.7169
-74.7217
-74.7259
-74.7317
-74.7377
-74.7461
-74.7548
-74.7651
-74.7772
-74.7864
-74.7911
-74.7924
-74.7919
-74.7891
-74.7873
-74.7875
-74.7886
-74.7916
-74.7947
-74.8001
-74.8064
-74.8101
-74.81
-74.8069
-74.8033
-74.7985
-74.7947
-74.7938
-74.7946
-74.7969
-74.7996
-74.8034
-74.8079
-74.8104
-74.81
-74.8068
-74.8017
-74.7963
-74.7923
-74.79
-74.7892
-74.7891
-74.7905
-74.7923
-74.7959
-74.7988
-74.7993
-74.798
-74.7943
-74.7895
-74.785
-74.7833
-74.783
-74.7821
-74.7815
-74.7832
-74.7856
-74.7889
-74.7909
-74.7904
-74.7885
-74.7847
-74.7784
-74.7731
-74.7705
-74.7697
-74.7689
-74.7674
-74.7672
-74.7698
-74.7747
-74.7793
-74.781
-74.7798
-74.7765
-74.7717
-74.7666
-74.7637
-74.7622
-74.761
-74.7603
-74.759
-74.7576
-74.7596
-74.7652
-74.7695
-74.77
-74.7681
-74.7644
-74.7582
-74.7533
-74.7512
-74.7482
-74.7466
-74.7465
-74.7462
-74.7464
-74.7466
-74.7497
-74.7561
-74.7604
-74.7602
-74.7577
-74.754
-74.7483
-74.7447
-74.7428
-74.7395
-74.7366
-74.7358
-74.7356
-74.7346
-74.7332
-74.7341
-74.7386
-74.7447
-74.7474
-74.7452
-74.7415
-74.7373
-74.7341
-74.7315
-74.7279
-74.7243
-74.7241
-74.7238
-74.7242
-74.7247
-74.7226
-74.7218
-74.7244
-74.7312
-74.7357
-74.7345
-74.7305
-74.7278
-74.7275
-74.7255
-74.7206
-74.7138
-74.7092
-74.709
-74.7095
-74.7089
-74.7081
-74.7068
-74.7063
-74.7075
-74.7124
-74.7189
-74.721
-74.7171
-74.7128
-74.7129
-74.7132
-74.7106
-74.7052
-74.6993
-74.6968
-74.6969
-74.696
-74.6954
-74.6945
-74.6928
-74.692
-74.6932
-74.6957
-74.7007
-74.705
-74.7047
-74.7032
-74.7015
-74.6984
-74.6955
-74.6923
-74.6866
-74.6819
-74.6807
-74.6793
-74.6772
-74.6757
-74.675
-74.6746
-74.6726
-74.6734
-74.676
-74.6786
-74.6829
-74.6887
-74.6915
-74.6885
-74.6854
-74.683
-74.6788
-74.6739
-74.6688
-74.6647
-74.6631
-74.6629
-74.661
-74.659
-74.6583
-74.656
-74.6545
-74.6535
-74.6535
-74.6539
-74.6541
-74.6573
-74.6651
-74.6723
-74.6735
-74.6711
-74.6679
-74.6613
-74.6542
-74.6477
-74.6425
-74.6395
-74.6383
-74.6361
-74.6353
-74.635
-74.6333
-74.63
-74.632
-74.632
-74.6301
-74.6298
-74.6304
-74.6316
-74.6368
-74.6446
-74.6517
-74.6558
-74.6547
-74.6504
-74.6448
-74.637
-74.6285
-74.6196
-74.6134
-74.6118
-74.6149
-74.615
-74.6084
-74.6029
-74.6027
-74.6021
-74.6
-74.5985
-74.5984
-74.5974
-74.5971
-74.5974
-74.6013
-74.6078
-74.6136
-74.6179
-74.6231
-74.627
-74.6258
-74.62
-74.6099
-74.5996
-74.5918
-74.5855
-74.5815
-74.5801
-74.5801
-74.5796
-74.5784
-74.5738
-74.5682
-74.5666
-74.5628
-74.5611
-74.5608
-74.5589
-74.5552
-74.5581
-74.5657
-74.5715
-74.5768
-74.581
-74.5827
-74.5836
-74.5836
-74.5856
-74.5891
-74.5899
-74.5848
-74.5769
-74.5656
-74.5582
-74.5528
-74.5474
-74.5454
-74.547
-74.5468
-74.5426
-74.5335
-74.5251
-74.5218
-74.5228
-74.5229
-74.516
-74.5077
-74.5029
-74.5023
-74.5018
-74.5029
-74.5121
-74.5189
-74.5229
-74.5266
-74.5267
-74.5283
-74.5286
-74.5243
-74.5254
-74.5278
-74.5312
-74.5308
-74.5266
-74.5188
-74.5099
-74.507
-74.5037
-74.5001
-74.4989
-74.4954
-74.4928
-74.4902
-74.4837
-74.4745
-74.4664
-74.4589
-74.4494
-74.444
-74.4435
-74.4438
-74.4448
-74.4463
-74.4421
-74.4373
-74.4367
-74.4371
-74.4388
-74.4503
-74.4619
-74.4649
-74.4608
-74.4571
-74.4544
-74.4598
-74.4644
-74.4663
-74.4613
-74.4566
-74.4553
-74.4528
-74.4481
-74.4472
-74.4479
-74.4459
-74.4423
-74.436
-74.4299
-74.4266
-74.4289
-74.4317
-74.432
-74.4328
-74.4305
-74.4236
-74.4133
-74.3999
-74.3859
-74.3737
-74.3641
-74.357
-74.3496
-74.3431
-74.3407
-74.3407
-74.3471
-74.3558
-74.3602
-74.3596
-74.3576
-74.3594
-74.3586
-74.3569
-74.3539
-74.3544
-74.3535
-74.3512
-74.3471
-74.34
-74.3315
-74.324
-74.327
-74.3317
-74.3345
-74.334
-74.3331
-74.3304
-74.3262
-74.3212
-74.3192
-74.3152
-74.3106
-74.3079
-74.3032
-74.2975
-74.2912
-74.286
-74.2895
-74.2972
-74.3022
-74.3066
-74.3081
-74.3052
-74.3044
-74.3044
-74.2996
-74.2956
-74.2911
-74.2848
-74.2728
-74.2586
-74.2511
-74.2462
-74.2385
-74.2304
-74.2214
-74.2086
-74.1999
-74.2001
-74.2016
-74.2003
-74.1959
-74.1929
-74.1848
-74.1758
-74.1693
-74.1674
-74.1691
-74.1692
-74.1723
-74.1744
-74.1753
-74.1717
-74.1641
-74.1623
-74.1638
-74.161
-74.1568
-74.1483
-74.1347
-74.1212
-74.1101
-74.1046
-74.1088
-74.1225
-74.1379
-74.146
-74.1476
-74.1469
-74.1421
-74.133
-74.121
-74.1041
-74.0828
-74.0621
-74.0484
-74.0403
-74.0392
-74.0456
-74.0515
-74.0509
-74.0476
-74.0508
-74.0578
-74.0677
-74.0873
-74.1107
-74.1257
-74.1337
-74.1361
-74.1342
-74.1271
-74.1161
-74.1033
-74.0871
-74.0668
-74.0493
-74.0368
-74.0307
-74.0282
-74.0194
-74.0097
-74.0096
-74.0142
-74.0132
-74.0048
-73.9937
-73.9787
-73.964
-73.9514
-73.9434
-73.9401
-73.9379
-73.9421
-73.9488
-73.9478
-73.9424
-73.9316
-73.92
-73.9191
-73.9246
-73.9338
-73.942
-73.9449
-73.9427
-73.944
-73.9521
-73.9565
-73.9551
-73.9459
-73.9303
-73.9169
-73.906
-73.8909
-73.8711
-73.8493
-73.8302
-73.8094
-73.7908
-73.7718
-73.7498
-73.7345
-73.7229
-73.71
-73.6975
-73.6808
-73.6622
-73.6477
-73.6478
-73.6554
-73.6581
-73.6519
-73.6387
-73.6314
-73.6261
-73.6178
-73.6144
-73.6102
-73.603
-73.5954
-73.5856
-73.5841
-73.5893
-73.5955
-73.5947
-73.5957
-73.5967
-73.5908
-73.5857
-73.5852
-73.5797
-73.5732
-73.565
-73.5517
-73.5402
-73.528
-73.5117
-73.4961
-73.4898
-73.4832
-73.4738
-73.4661
-73.4607
-73.4542
-73.4422
-73.4275
-73.4166
-73.4033
-73.3859
-73.3665
-73.3631
-73.3697
-73.3724
-73.3746
-73.3705
-73.3644
-73.3588
-73.3484
-73.3396
-73.3413
-73.3396
-73.331
-73.3167
-73.2985
-73.2774
-73.2544
-73.23
-73.2046
-73.1785
-73.1519
-73.1249
-73.0976
-73.0702
-73.0427
-73.0212
-73.0072
-72.9947
-72.9996
-73.006
-73.0046
-72.9961
-72.9824
-72.9714
-72.9656
-72.9565
-72.9431
-72.9263
-72.9072
-72.8863
-72.8643
-72.8416
-72.8182
-72.7946
-72.7706
-72.7465
-72.7224
-72.6982
-72.6741
-72.65
-72.626
-72.6022
-72.5785
-72.555
-72.5317
-72.5085
-72.4856
-72.4629
-72.4403
-72.4181
-72.396
-72.3742
-72.3526
-72.3313
-72.3142
-72.3165
-72.3324
-72.3433
-72.3459
-72.342
-72.3336
-72.3221
-72.3086
-72.2936
-72.2776
-72.261
-72.2438
-72.2264
-72.2087
-72.1909
-72.1731
-72.1552
-72.1373
-72.1195
-72.1018
-72.0842
-72.0667
-72.0494
-72.0321
-72.0151
-71.9982
-71.9814
-71.9649
-71.9485
-71.9322
-71.9162
-71.9003
-71.8846
-71.8691
-71.8538
-71.8386
-71.8236
-71.8088
-71.7942
-71.7798
-71.7655
-71.7514
-71.7375
-71.7237
-71.7101
-71.6967
-71.6835
-71.6704
-71.6575
-71.6447
-71.6321
-71.6197
-71.6074
-71.5953
-71.5833
-71.5715
-71.5598
-71.5483
-71.5369
-71.5257
-71.5146
-71.5037
-71.4929
-71.4823
-71.4717
-71.4614
-71.4511
-71.441
-71.431
-71.4212
-71.4115
-71.4019
-71.3924
-71.3831
-71.3739
-71.3648
-71.3558
-71.347
-71.3382
-71.3296
-71.3211
-71.3128
-71.3045
-71.2964
-71.2883
-71.2804
-71.2726
-71.2649
-71.2573
-71.2498
-71.2424
-71.2351
-71.2279
-71.2208
-71.2138
-71.2069
-71.2001
-71.1933
-71.1867
-71.1802
-71.1737
-71.1674
-71.1611
-71.1549
-71.1488
-71.1428
-71.1369
-71.1311
-71.1253
-71.1196
-71.114
-71.1085
-71.1031
-71.0977
-71.0924
-71.0872
-71.0821
-71.077
-71.072
-71.0671
-71.0622
-71.0574
-71.0527
-71.0481
-71.0435
-71.039
-71.0345
-71.0302
-71.0258
-71.0216
-71.0174
-71.0132
-71.0092
-71.0051
-71.0012
-70.9973
-70.9934
-70.9897
-70.9859
-70.9823
-70.9786
-70.9751
-70.9716
-70.9681
-70.9647
-70.9613
-70.958
-70.9548
-70.9515
-70.9484
-70.9453
-70.9422
-70.9392
-70.9362
-70.9333
-70.9304
-70.9275
-70.9247
-70.922
-70.9193
-70.9166
-70.914
-70.9114
-70.9088
-70.9063
-70.9038
-70.9014
-70.899
-70.8967
-70.8943
-70.8921
-70.8898
-70.8876
-70.8854
-70.8833
-70.8812
-70.8791
-70.877
-70.875
-70.873
-70.8711
-70.8692
-70.8673
-70.8654
-70.8636
-70.8618
-70.8601
-70.8583
-70.8566
-70.8549
-70.8533
-70.8516
-70.85
-70.8485
-70.8469
-70.8454
-70.8439
-70.8424
-70.841
-70.8396
-70.8382
-70.8368
-70.8354
-70.8341
-70.8328
-70.8315
-70.8303
-70.829
-70.8278
-70.8266
-70.8254
-70.8243
-70.8231
-70.822
-70.8209
-70.8198
-70.8188
-70.8177
-70.8167
-70.8157
-70.8147
-70.8137
-70.8128
-70.8118
-70.8109
-70.81
-70.8091
-70.8083
-70.8074
-70.8066
-70.8057
-70.8049
-70.8041
-70.8034
-70.8026
-70.8018
-70.8011
-70.8004
-70.7997
-70.799
-70.7983
-70.7976
-70.797
-70.7963
-70.7957
-70.7951
-70.7945
-70.7939
-70.7933
-70.7927
-70.7922
-70.7916
-70.7911
-70.7905
-70.79
-70.7895
-70.789
-70.7885
-70.788
-70.7876
-70.7871
-70.7867
-70.7862
-70.7858
-70.7854
-70.785
-70.7845
-70.7842
-70.7838
-70.7834
-70.783
-70.7826
-70.7823
-70.7819
-70.7816
-70.7813
-70.7809
-70.7806
-70.7803
-70.78
-70.7797
-70.7794
-70.7791
-70.7789
-70.7786
-70.7783
-70.7781
-70.7778
-70.7776
-70.7773
-70.7771
-70.7769
-70.7766
-70.7764
-70.7762
-70.776
-70.7758
-70.7756
-70.7754
-70.7752
-70.775
-70.7749
-70.7747
-70.7745
-70.7744
-70.7742
-70.774
-70.7739
-70.7738
-70.7736
-70.7735
-70.7733
-70.7732
-70.7731
-70.773
-70.7728
-70.7727
-70.7726
-70.7725
-70.7724
-70.7723
-70.7722
-70.7721
-70.772
-70.7719
-70.7718
-70.7718
-70.7717
-70.7716
-70.7715
-70.7715
-70.7714
-70.7713
-70.7713
-70.7712
-70.7711
-70.7711
-70.771
-70.771
-70.7709
-70.7709
-70.7708
-70.7708
-70.7708
-70.7707
-70.7707
-70.7706
-70.7706
-70.7706
-70.7706
-70.7705
-70.7705
-70.7705
-70.7705
-70.7704
-70.7704
-70.7704
-70.7704
-70.7704
-70.7704
-70.7704
-70.7703
-70.7703
-70.7703
-70.7703
-70.7703
-70.7703
-70.7703
-70.7703
-70.7703
-70.7703
-70.7703
-70.7703
-70.7703
-70.7703
-70.7704
-70.7704
-70.7704
-70.7704
-70.7704
-70.7704
-70.7704
-70.7704
-70.7705
-70.7705
-70.7705
-70.7705
-70.7705
-70.7705
-70.7706
-70.7706
-70.7706
-70.7706
-70.7706
-70.7707
-70.7707
-70.7707
-70.7707
-70.7708
-70.7708
-70.7708
-70.7708
-70.7709
-70.7709
-70.7709
-70.771
-70.771
-70.771
-70.771
-70.7711
-70.7711
-70.7711
-70.7712
-70.7712
-70.7712
-70.7713
-70.7713
-70.7713
-70.7714
-70.7714
-70.7714
-70.7715
-70.7715
-70.7715
-70.7716
-70.7716
-70.7716
-70.7717
-70.7717
-70.7717
-70.7718
-70.7718
-70.7718
-70.7719
-70.7719
-70.7719
-70.772
-70.772
-70.772
-70.7721
-70.7721
-70.7721
-70.7722
-70.7722
-70.7723
-70.7723
-70.7723
-70.7724
-70.7724
-70.7724
-70.7725
-70.7725
-70.7725
-70.7726
-70.7726
-70.7726
-70.7727
-70.7727
-70.7727
-70.7728
-70.7728
-70.7729
-70.7729
-70.7729
-70.773
-70.773
-70.773
-70.7731
-70.7731
-70.7731
-70.7732
-70.7732
-70.7732
-70.7733
-70.7733
-70.7733
-70.7734
-70.7734
-70.7734
-70.7735
-70.7735
-70.7735
-70.7736
-70.7736
-70.7736
-70.7737
-70.7737
-70.7737
-70.7738
-70.7738

