-70
-70.1661
-70.23
-70.2566
-70.2695
-70.2773
-70.283
-70.2879
-70.2925
-70.297
-70.3014
-70.3057
-70.31
-70.3142
-70.3185
-70.3226
-70.3268
-70.3309
-70.335
-70.3391
-70.3431
-70.3471
-70.351
-70.3549
-70.3588
-70.3626
-70.3664
-70.3701
-70.3738
-70.3775
-70.3811
-70.3847
-70.3883
-70.3918
-70.3953
-70.3987
-70.4021
-70.4055
-70.4088
-70.4121
-70.4154
-70.4186
-70.4218
-70.4249
-70.428
-70.4311
-70.4341
-70.4372
-70.4401
-70.4431
-70.446
-70.4489
-70.4517
-70.4545
-70.4573
-70.4601
-70.4628
-70.4655
-70.4682
-70.4708
-70.4734
-70.476
-70.4785
-70.481
-70.4835
-70.486
-70.4884
-70.4908
-70.4932
-70.4955
-70.4978
-70.5001
-70.5024
-70.5046
-70.5068
-70.509
-70.5112
-70.5133
-70.5154
-70.5175
-70.5196
-70.5216
-70.5236
-70.5256
-70.5276
-70.5295
-70.5315
-70.5334
-70.5352
-70.5371
-70.5389
-70.5407
-70.5425
-70.5443
-70.5461
-70.5478
-70.5495
-70.5512
-70.5528
-70.5545
-70.5561
-70.5577
-70.5593
-70.5609
-70.5624
-70.5639
-70.5655
-70.5669
-70.5684
-70.5699
-70.5713
-70.5727
-70.5741
-70.5755
-70.5769
-70.5782
-70.5796
-70.5809
-70.5822
-70.5835
-70.5848
-70.586
-70.5873
-70.5885
-70.5897
-70.5909
-70.5921
-70.5932
-70.5944
-70.5955
-70.5966
-70.5977
-70.5988
-70.5999
-70.601
-70.602
-70.603
-70.6041
-70.6051
-70.6061
-70.6071
-70.608
-70.609
-70.6099
-70.6109
-70.6118
-70.6127
-70.6136
-70.6145
-70.6154
-70.6162
-70.6171
-70.6179
-70.6187
-70.6196
-70.6204
-70.6212
-70.622
-70.6227
-70.6235
-70.6242
-70.625
-70.6257
-70.6265
-70.6272
-70.6279
-70.6286
-70.6293
-70.6299
-70.6306
-70.6313
-70.6319
-70.6325
-70.6332
-70.6338
-70.6344
-70.635
-70.6356
-70.6362
-70.6368
-70.6374
-70.6379
-70.6385
-70.639
-70.6396
-70.6401
-70.6406
-70.6411
-70.6417
-70.6422
-70.6427
-70.6431
-70.6436
-70.6441
-70.6446
-70.645
-70.6455
-70.6459
-70.6464
-70.6468
-70.6472
-70.6476
-70.6481
-70.6485
-70.6489
-70.6493
-70.6497
-70.65
-70.6504
-70.6508
-70.6512
-70.6515
-70.6519
-70.6522
-70.6526
-70.6529
-70.6533
-70.6536
-70.6539
-70.6542
-70.6545
-70.6549
-70.6552
-70.6555
-70.6558
-70.656
-70.6563
-70.6566
-70.6569
-70.6572
-70.6574
-70.6577
-70.658
-70.6582
-70.6585
-70.6587
-70.6589
-70.6592
-70.6594
-70.6597
-70.6599
-70.6601
-70.6603
-70.6605
-70.6607
-70.661
-70.6612
-70.6614
-70.6616
-70.6617
-70.6619
-70.6621
-70.6623
-70.6625
-70.6627
-70.6628
-70.663
-70.6632
-70.6633
-70.6635
-70.6637
-70.6638
-70.664
-70.6641
-70.6643
-70.6644
-70.6646
-70.6647
-70.6648
-70.665
-70.6651
-70.6652
-70.6653
-70.6655
-70.6656
-70.6657
-70.6658
-70.6659
-70.666
-70.6662
-70.6663
-70.6664
-70.6665
-70.6666
-70.6667
-70.6668
-70.6669
-70.667
-70.667
-70.6671
-70.6672
-70.6673
-70.6674
-70.6675
-70.6675
-70.6676
-70.6677
-70.6678
-70.6678
-70.6679
-70.668
-70.668
-70.6681
-70.6682
-70.6682
-70.6683
-70.6683
-70.6684
-70.6685
-70.6685
-70.6686
-70.6686
-70.6687
-70.6687
-70.6688
-70.6688
-70.6688
-70.6689
-70.6689
-70.669
-70.669
-70.669
-70.6691
-70.6691
-70.6691
-70.6692
-70.6692
-70.6692
-70.6693
-70.6693
-70.6693
-70.6694
-70.6694
-70.6694
-70.6694
-70.6694
-70.6695
-70.6695
-70.6695
-70.6695
-70.6695
-70.6696
-70.6696
-70.6696
-70.6696
-70.6696
-70.6696
-70.6696
-70.6697
-70.6697
-70.6697
-70.6697
-70.6697
-70.6697
-70.6697
-70.6697
-70.6697
-70.6697
-70.6697
-70.6697
-70.6697
-70.6697
-70.6697
-70.6697
-70.6697
-70.6697
-70.6697
-70.6697
-70.6697
-70.6697
-70.6697
-70.6697
-70.6697
-70.6697
-70.6697
-70.6697
-70.6697
-70.6697
-70.6697
-70.6697
-70.6697
-70.6697
-70.6697
-70.6696
-70.6696
-70.6696
-70.6696
-70.6696
-70.6696
-70.6696
-70.6696
-70.6696
-70.6695
-70.6695
-70.6695
-70.6695
-70.6695
-70.6695
-70.6695
-70.6695
-70.6694
-70.6694
-70.6694
-70.6694
-70.6694
-70.6694
-70.6693
-70.6693
-70.6693
-70.6693
-70.6693
-70.6693
-70.6693
-70.6692
-70.6692
-70.6692
-70.6692
-70.6692
-70.6691
-70.6691
-70.6691
-70.6691
-70.6691
-70.6691
-70.669
-70.669
-70.669
-70.669
-70.669
-70.6689
-70.6689
-70.6689
-70.6689
-70.6689
-70.6688
-70.6688
-70.6688
-70.6688
-70.6688
-70.6687
-70.6687
-70.6687
-70.6687
-70.6686
-70.6686
-70.6686
-70.6686
-70.6686
-70.6685
-70.6685
-70.6685
-70.6685
-70.6685
-70.6684
-70.6684
-70.6684
-70.6684
-70.6684
-70.6683
-70.6683
-70.6683
-70.6683
-70.6682
-70.6682
-70.6682
-70.6682
-70.6682
-70.6681
-70.6681
-70.6681
-70.6681
-70.6681
-70.6777
-70.9206
-71.7638
-72.7203
-73.4423
-73.9157
-74.1703
-74.2918
-74.351
-74.3809
-74.4039
-74.4485
-74.5077
-74.5646
-74.6137
-74.6477
-74.6658
-74.6716
-74.6699
-74.6641
-74.6577
-74.6648
-74.6878
-74.7143
-74.7381
-74.7559
-74.7626
-74.7602
-74.7525
-74.7415
-74.7286
-74.7143
-74.699
-74.6824
-74.6643
-74.6448
-74.624
-74.6018
-74.5783
-74.5535
-74.5275
-74.5005
-74.4725
-74.4436
-74.4138
-74.3833
-74.352
-74.3202
-74.2878
-74.2549
-74.2215
-74.1879
-74.1539
-74.1197
-74.0852
-74.0507
-74.016
-73.9814
-73.9467
-73.912
-73.8773
-73.8428
-73.8084
-73.7741
-73.7399
-73.706
-73.6722
-73.6386
-73.6053
-73.5721
-73.5392
-73.5066
-73.4742
-73.4421
-73.4102
-73.3787
-73.3474
-73.3164
-73.2856
-73.2552
-73.225
-73.1951
-73.1655
-73.1361
-73.1071
-73.0783
-73.0499
-73.0217
-72.9937
-72.9661
-72.9387
-72.9116
-72.8848
-72.8582
-72.8319
-72.8059
-72.7802
-72.7547
-72.7294
-72.7045
-72.6798
-72.6553
-72.6311
-72.6072
-72.5835
-72.56
-72.5368
-72.5138
-72.4911
-72.4686
-72.4464
-72.4243
-72.4026
-72.381
-72.3597
-72.3387
-72.3178
-72.2972
-72.2768
-72.2566
-72.2367
-72.2169
-72.1974
-72.1781
-72.159
-72.1401
-72.1214
-72.1029
-72.0846
-72.0665
-72.0486
-72.0309
-72.0134
-71.9961
-71.979
-71.9621
-71.9453
-71.9287
-71.9124
-71.8962
-71.8802
-71.8643
-71.8486
-71.8332
-71.8178
-71.8027
-71.7877
-71.7729
-71.7583
-71.7438
-71.7295
-71.7153
-71.7013
-71.6875
-71.6856
-71.6942
-71.6999
-71.7006
-71.6973
-71.6913
-71.6834
-71.6742
-71.6654
-71.6727
-71.6882
-71.7078
-71.7219
-71.7288
-71.7301
-71.7274
-71.7221
-71.7149
-71.7064
-71.704
-71.7079
-71.716
-71.7266
-71.7326
-71.7336
-71.734
-71.7487
-71.7633
-71.7713
-71.7745
-71.7826
-71.7898
-71.7991
-71.8102
-71.8166
-71.8177
-71.823
-71.8312
-71.8352
-71.8346
-71.8323
-71.8367
-71.8407
-71.845
-71.8537
-71.8589
-71.8608
-71.8679
-71.8734
-71.8743
-71.8712
-71.8658
-71.8675
-71.8707
-71.8706
-71.8756
-71.8818
-71.8862
-71.8952
-71.9014
-71.9025
-71.8994
-71.8934
-71.8896
-71.8925
-71.8935
-71.8914
-71.8955
-71.902
-71.9136
-71.9223
-71.9252
-71.9234
-71.9181
-71.9105
-71.9079
-71.9103
-71.9101
-71.9063
-71.9065
-71.9175
-71.9313
-71.9393
-71.9412
-71.9385
-71.9326
-71.9244
-71.9193
-71.9212
-71.9214
-71.9181
-71.9132
-71.9244
-71.94
-71.9494
-71.9522
-71.9501
-71.9446
-71.9367
-71.9274
-71.9258
-71.9275
-71.9261
-71.9213
-71.9221
-71.935
-71.9486
-71.9557
-71.9569
-71.9536
-71.9472
-71.9388
-71.93
-71.9299
-71.9317
-71.9389
-71.952
-71.9661
-71.974
-71.9758
-71.9729
-71.9668
-71.9608
-71.9616
-71.9617
-71.9584
-71.9596
-71.9637
-71.9726
-71.9815
-71.9851
-71.9836
-71.9784
-71.9759
-71.9783
-71.9783
-71.9745
-71.9678
-71.9667
-71.969
-71.971
-71.9947
-72.0214
-72.0461
-72.075
-72.1033
-72.1254
-72.138
-72.1428
-72.1547
-72.1917
-72.3243
-72.5103
-72.7362
-72.9449
-73.115
-73.2335
-73.3064
-73.3712
-73.5033
-73.7185
-73.9436
-74.1337
-74.2751
-74.3664
-74.4179
-74.4447
-74.4547
-74.4642
-74.4954
-74.5459
-74.604
-74.652
-74.6871
-74.7068
-74.7135
-74.7126
-74.7077
-74.704
-74.7076
-74.7211
-74.7396
-74.7551
-74.7667
-74.7728
-74.7722
-74.767
-74.7602
-74.7522
-74.7462
-74.7484
-74.7577
-74.7674
-74.7744
-74.7791
-74.7803
-74.7762
-74.7691
-74.7604
-74.7508
-74.7465
-74.751
-74.7605
-74.7688
-74.774
-74.7769
-74.7768
-74.7725
-74.7651
-74.757
-74.7482
-74.746
-74.752
-74.7614
-74.7682
-74.7715
-74.7717
-74.7706
-74.7671
-74.7605
-74.7534
-74.7465
-74.7442
-74.7495
-74.7584
-74.765
-74.768
-74.7674
-74.7662
-74.7639
-74.759
-74.7527
-74.7459
-74.7422
-74.7445
-74.7519
-74.7588
-74.7621
-74.7626
-74.7611
-74.759
-74.7548
-74.7498
-74.7448
-74.74
-74.7398
-74.7445
-74.7526
-74.758
-74.7599
-74.7592
-74.757
-74.7528
-74.7486
-74.7435
-74.7386
-74.7341
-74.7346
-74.7397
-74.7481
-74.753
-74.7543
-74.7536
-74.7515
-74.7468
-74.7429
-74.7396
-74.7347
-74.7311
-74.7317
-74.7352
-74.7424
-74.7482
-74.7503
-74.7507
-74.7482
-74.7445
-74.74
-74.7351
-74.7307
-74.7259
-74.7229
-74.7249
-74.73
-74.7372
-74.7422
-74.7443
-74.7447
-74.7422
-74.7388
-74.7364
-74.7326
-74.7273
-74.7225
-74.7201
-74.7194
-74.7217
-74.7288
-74.7348
-74.7384
-74.7389
-74.7377
-74.7343
-74.7298
-74.7268
-74.7231
-74.7177
-74.7135
-74.7125
-74.7139
-74.7153
-74.7205
-74.727
-74.7324
-74.7333
-74.7324
-74.7292
-74.7256
-74.7214
-74.717
-74.7137
-74.7104
-74.7076
-74.7078
-74.7096
-74.7123
-74.7158
-74.7191
-74.7226
-74.7238
-74.7238
-74.7211
-74.7164
-74.7106
-74.7053
-74.7031
-74.7032
-74.7014
-74.7008
-74.7035
-74.7056
-74.709
-74.7114
-74.7127
-74.7128
-74.7119
-74.7136
-74.7127
-74.7074
-74.7011
-74.6956
-74.6922
-74.6935
-74.6957
-74.6959
-74.6962
-74.6967
-74.6987
-74.7007
-74.7021
-74.7019
-74.6993
-74.699
-74.7008
-74.6984
-74.6937
-74.6899
-74.6874
-74.6838
-74.6835
-74.6861
-74.6892
-74.6913
-74.69
-74.6889
-74.6891
-74.6887
-74.6877
-74.6866
-74.6851
-74.6853
-74.6844
-74.6827
-74.682
-74.6806
-74.6783
-74.6758
-74.6739
-74.6739
-74.6766
-74.6785
-74.6772
-74.6764
-74.6751
-74.6743
-74.6728
-74.6733
-74.6736
-74.6721
-74.6696
-74.6679
-74.6686
-74.6696
-74.6698
-74.6691
-74.6686
-74.6678
-74.6639
-74.6629
-74.6648
-74.664
-74.6603
-74.6569
-74.6542
-74.6517
-74.6522
-74.6542
-74.6528
-74.6508
-74.6506
-74.6508
-74.6518
-74.6526
-74.6543
-74.6562
-74.6576
-74.6556
-74.6496
-74.6441
-74.644
-74.645
-74.6447
-74.6432
-74.6415
-74.6376
-74.6367
-74.6348
-74.6329
-74.6302
-74.6289
-74.6331
-74.6364
-74.6388
-74.64
-74.6411
-74.6431
-74.6428
-74.6419
-74.6391
-74.6322
-74.6248
-74.6215
-74.6192
-74.6175
-74.6147
-74.6143
-74.6142
-74.6143
-74.6151
-74.6132
-74.6087
-74.6041
-74.602
-74.6006
-74.6028
-74.6064
-74.6082
-74.613
-74.6163
-74.6179
-74.6183
-74.6165
-74.61
-74.6039
-74.6007
-74.5986
-74.5952
-74.591
-74.5848
-74.5808
-74.5835
-74.5901
-74.5916
-74.5888
-74.59
-74.5907
-74.5905
-74.5898
-74.585
-74.5819
-74.5823
-74.5836
-74.5849
-74.5867
-74.5899
-74.5891
-74.5871
-74.5854
-74.5854
-74.581
-74.573
-74.5672
-74.5635
-74.5597
-74.5576
-74.5548
-74.5481
-74.5427
-74.5447
-74.5485
-74.5502
-74.5486
-74.5491
-74.5536
-74.554
-74.5504
-74.5477
-74.5457
-74.5432
-74.5438
-74.5471
-74.5478
-74.5465
-74.5435
-74.5374
-74.5319
-74.5292
-74.5274
-74.5235
-74.52
-74.5174
-74.5153
-74.5118
-74.5092
-74.506
-74.5059
-74.5025
-74.4992
-74.5029
-74.5064
-74.5092
-74.5106
-74.5075
-74.5035
-74.501
-74.5017
-74.5044
-74.5037
-74.5007
-74.499
-74.498
-74.4994
-74.5032
-74.5072
-74.5127
-74.5149
-74.5123
-74.5059
-74.4984
-74.4922
-74.4859
-74.4791
-74.4705
-74.4624
-74.454
-74.4499
-74.4484
-74.4476
-74.4448
-74.4418
-74.4434
-74.4506
-74.4601
-74.4646
-74.4621
-74.4567
-74.4549
-74.4545
-74.4527
-74.4509
-74.4487
-74.4418
-74.4317
-74.4266
-74.4278
-74.431
-74.4305
-74.4267
-74.4243
-74.4254
-74.4236
-74.4198
-74.4161
-74.4178
-74.4226
-74.4241
-74.4218
-74.4169
-74.4107
-74.4012
-74.3899
-74.3805
-74.3736
-74.3656
-74.3598
-74.3518
-74.3466
-74.343
-74.3409
-74.3404
-74.3382
-74.334
-74.3333
-74.3455
-74.3554
-74.3567
-74.3604
-74.3646
-74.3655
-74.3624
-74.3607
-74.3641
-74.3649
-74.3629
-74.358
-74.3477
-74.3332
-74.314
-74.2967
-74.2872
-74.2857
-74.2877
-74.2893
-74.2931
-74.3007
-74.3057
-74.3084
-74.3157
-74.3194
-74.3172
-74.3117
-74.3062
-74.3015
-74.2967
-74.2894
-74.2803
-74.2696
-74.2668
-74.2683
-74.265
-74.2582
-74.2496
-74.2401
-74.2298
-74.2174
-74.212
-74.2092
-74.2103
-74.2167
-74.2219
-74.2244
-74.2189
-74.2106
-74.203
-74.1991
-74.201
-74.197
-74.1929
-74.1962
-74.2
-74.2008
-74.2031
-74.204
-74.2008
-74.1976
-74.1918
-74.1918
-74.1941
-74.1964
-74.2004
-74.2006
-74.1963
-74.1902
-74.1815
-74.172
-74.1583
-74.1436
-74.1329
-74.1255
-74.1181
-74.1059
-74.0914
-74.0792
-74.0715
-74.0748
-74.0827
-74.086
-74.0915
-74.0984
-74.1022
-74.1046
-74.103
-74.0964
-74.0869
-74.0833
-74.0909
-74.105
-74.1126
-74.1091
-74.0967
-74.0797
-74.0634
-74.0544
-74.045
-74.0341
-74.0291
-74.0355
-74.0457
-74.0535
-74.056
-74.0511
-74.0418
-74.0324
-74.0307
-74.0256
-74.0133
-73.999
-73.9816
-73.9641
-73.9519
-73.9434
-73.9358
-73.9312
-73.9307
-73.9315
-73.9295
-73.927
-73.9212
-73.9171
-73.9179
-73.9373
-73.9612
-73.9793
-73.9863
-73.9857
-73.9774
-73.9677
-73.9586
-73.9494
-73.9364
-73.9231
-73.9162
-73.9179
-73.9275
-73.9401
-73.9509
-73.9607
-73.9651
-73.96
-73.947
-73.9284
-73.9058
-73.8805
-73.8556
-73.8335
-73.8098
-73.7835
-73.7579
-73.7467
-73.7394
-73.7343
-73.7291
-73.7226
-73.7132
-73.7038
-73.6911
-73.6747
-73.6657
-73.6566
-73.642
-73.6261
-73.6118
-73.6061
-73.6008
-73.5923
-73.5882
-73.5856
-73.5847
-73.5907
-73.5965
-73.5976
-73.5936
-73.5891
-73.5855
-73.577
-73.5626
-73.5434
-73.5243
-73.5086
-73.4956
-73.4836
-73.474
-73.4802
-73.4907
-73.4943
-73.4885
-73.4755
-73.4575
-73.4359
-73.412
-73.3885
-73.3788
-73.3815
-73.3793
-73.3696
-73.3596
-73.3533
-73.3497
-73.3418
-73.3425
-73.3478
-73.3535
-73.3593
-73.3597
-73.3522
-73.3401
-73.3326
-73.3306
-73.3292
-73.3284
-73.3216
-73.3092
-73.3003
-73.2904
-73.276
-73.2648
-73.256
-73.2515
-73.2476
-73.2459
-73.2392
-73.2265
-73.2093
-73.1907
-73.1805
-73.1788
-73.1742
-73.1637
-73.1567
-73.1497
-73.1379
-73.1217
-73.1021
-73.0802
-73.0567
-73.0321
-73.0067
-72.9807
-72.9543
-72.9276
-72.9007
-72.8737
-72.8467
-72.8198
-72.7928
-72.766
-72.7393
-72.7128
-72.6864
-72.6602
-72.6342
-72.6084
-72.5828
-72.5574
-72.5323
-72.5074
-72.4864
-72.4787
-72.4716
-72.4608
-72.4466
-72.4298
-72.4115
-72.392
-72.3719
-72.3513
-72.3304
-72.3094
-72.2883
-72.2672
-72.2462
-72.2252
-72.2044
-72.1836
-72.1631
-72.1427
-72.1224
-72.1024
-72.0825
-72.0629
-72.0434
-72.0241
-72.005
-71.9862
-71.9675
-71.9491
-71.9308
-71.9128
-71.895
-71.8836
-71.8877
-71.8914
-71.89
-71.8844
-71.8756
-71.8647
-71.8524
-71.8392
-71.8253
-71.811
-71.7964
-71.7816
-71.7668
-71.7518
-71.7369
-71.722
-71.7072
-71.6924
-71.6778
-71.6632
-71.6488
-71.6345
-71.6203
-71.6063
-71.5924
-71.5786
-71.565
-71.5516
-71.5383
-71.5251
-71.5121
-71.4993
-71.4866
-71.474
-71.4616
-71.4494
-71.4372
-71.4253
-71.4135
-71.4018
-71.3903
-71.3789
-71.3677
-71.3565
-71.3456
-71.3348
-71.3241
-71.3135
-71.3031
-71.2928
-71.2827
-71.2727
-71.2628
-71.253
-71.2434
-71.2339
-71.2245
-71.2152
-71.2061
-71.1971
-71.1881
-71.1793
-71.1707
-71.1621
-71.1536
-71.1453
-71.1371
-71.1289
-71.1209
-71.113
-71.1052
-71.0975
-71.0899
-71.0824
-71.075
-71.0677
-71.0605
-71.0534
-71.0464
-71.0394
-71.0326
-71.0259
-71.0192
-71.0127
-71.0062
-70.9998
-70.9935
-70.9873
-70.9812
-70.9752
-70.9692
-70.9634
-70.9576
-70.9519
-70.9462
-70.9407
-70.9352
-70.9298
-70.9245
-70.9192
-70.9141
-70.909
-70.9039
-70.899
-70.8941
-70.8893
-70.8845
-70.8798
-70.8752
-70.8707
-70.8662
-70.8618
-70.8574
-70.8531
-70.8489
-70.8447
-70.8406
-70.8366
-70.8326
-70.8286
-70.8248
-70.8209
-70.8172
-70.8135
-70.8098
-70.8062
-70.8027
-70.7992
-70.7958
-70.7924
-70.7891
-70.7858
-70.7826
-70.7794
-70.7763
-70.7732
-70.7701
-70.7671
-70.7642
-70.7613
-70.7585
-70.7556
-70.7529
-70.7502
-70.7475
-70.7448
-70.7423
-70.7397
-70.7372
-70.7347
-70.7323
-70.7299
-70.7275
-70.7252
-70.723
-70.7207
-70.7185
-70.7164
-70.7142
-70.7121
-70.7101
-70.708
-70.7061
-70.7041
-70.7022
-70.7003
-70.6984
-70.6966
-70.6948
-70.693
-70.6913
-70.6896
-70.6879
-70.6863
-70.6847
-70.6831
-70.6815
-70.68
-70.6785
-70.677
-70.6756
-70.6741
-70.6727
-70.6714
-70.67
-70.6687
-70.6674
-70.6661
-70.6649
-70.6637
-70.6625
-70.6613
-70.6601
-70.659
-70.6579
-70.6568
-70.6557
-70.6547
-70.6537
-70.6527
-70.6517
-70.6507
-70.6498
-70.6489
-70.648
-70.6471
-70.6462
-70.6454
-70.6445
-70.6437
-70.6429
-70.6421
-70.6414
-70.6406
-70.6399
-70.6392
-70.6385
-70.6378
-70.6372
-70.6365
-70.6359
-70.6353
-70.6347
-70.6341
-70.6335
-70.6329
-70.6324
-70.6319
-70.6313
-70.6308
-70.6304
-70.6299
-70.6294
-70.629
-70.6285
-70.6281
-70.6277
-70.6273
-70.6269
-70.6265
-70.6261
-70.6258
-70.6254
-70.6251
-70.6247
-70.6244
-70.6241
-70.6238
-70.6235
-70.6233
-70.623
-70.6227
-70.6225
-70.6222
-70.622
-70.6218
-70.6216
-70.6214
-70.6212
-70.621
-70.6208
-70.6206
-70.6205
-70.6203
-70.6202
-70.62
-70.6199
-70.6197
-70.6196
-70.6195
-70.6194
-70.6193
-70.6192
-70.6191
-70.619
-70.619
-70.6189
-70.6188
-70.6188
-70.6187
-70.6187
-70.6186
-70.6186
-70.6186
-70.6186
-70.6185
-70.6185
-70.6185
-70.6185
-70.6185
-70.6185
-70.6185
-70.6186
-70.6186
-70.6186
-70.6186
-70.6187
-70.6187
-70.6187
-70.6188
-70.6188
-70.6189
-70.619
-70.619
-70.6191
-70.6191
-70.6192
-70.6193
-70.6194
-70.6194
-70.6195
-70.6196
-70.6197
-70.6198
-70.6199
-70.62
-70.6201
-70.6202
-70.6203
-70.6204
-70.6205
-70.6206
-70.6208
-70.6209
-70.621
-70.6211
-70.6212
-70.6214
-70.6215
-70.6216
-70.6218
-70.6219
-70.622
-70.6222
-70.6223
-70.6225
-70.6226
-70.6228
-70.6229
-70.6231
-70.6232
-70.6234
-70.6235
-70.6237
-70.6238
-70.624
-70.6241
-70.6243
-70.6245
-70.6246
-70.6248
-70.6249
-70.6251
-70.6253
-70.6254
-70.6256
-70.6258
-70.6259
-70.6261
-70.6263
-70.6265
-70.6266
-70.6268
-70.627
-70.6271
-70.6273
-70.6275
-70.6277
-70.6278
-70.628
-70.6282
-70.6284
-70.6286
-70.6287
-70.6289
-70.6291
-70.6293
-70.6294
-70.6296
-70.6298
-70.63
-70.6302
-70.6303
-70.6305
-70.6307
-70.6309
-70.6311
-70.6312
-70.6314
-70.6316
-70.6318
-70.632
-70.6321
-70.6323
-70.6325
-70.6327
-70.6329
-70.633
-70.6332
-70.6334
-70.6336
-70.6338
-70.6339
-70.6341
-70.6343
-70.6345
-70.6347
-70.6348
-70.635
-70.6352
-70.6354
-70.6355
-70.6357
-70.6359
-70.6361
-70.6362
-70.6364
-70.6366
-70.6368
-70.6369
-70.6371
-70.6373
-70.6375
-70.6376
-70.6378
-70.638
-70.6381
-70.6383
-70.6385
-70.6386
-70.6388
-70.639
-70.6391
-70.6393
-70.6395
-70.6396
-70.6398
-70.64
-70.6401
-70.6403
-70.6405
-70.6406
-70.6408
-70.6409
-70.6411
-70.6413
-70.6414
-70.6416
-70.6417
-70.6419
-70.642
-70.6422
-70.6424
-70.6425
-70.6427
-70.6428
-70.643
-70.6431
-70.6433
-70.6434
-70.6436
-70.6437
-70.6439
-70.644

