-70
-70.1661
-70.23
-70.2566
-70.2695
-70.2773
-70.283
-70.2879
-70.2925
-70.297
-70.3014
-70.3057
-70.31
-70.3142
-70.3185
-70.3226
-70.3268
-70.3309
-70.335
-70.3391
-70.3431
-70.3471
-70.351
-70.3549
-70.3588
-70.3626
-70.3664
-70.3701
-70.3738
-70.3775
-70.3811
-70.3847
-70.3883
-70.3918
-70.3953
-70.3987
-70.4021
-70.4055
-70.4088
-70.4121
-70.4154
-70.4186
-70.4218
-70.4249
-70.428
-70.4311
-70.4341
-70.4372
-70.4401
-70.4431
-70.446
-70.4489
-70.4517
-70.4545
-70.4573
-70.4601
-70.4628
-70.4655
-70.4682
-70.4708
-70.4734
-70.476
-70.4785
-70.481
-70.4835
-70.486
-70.4884
-70.4908
-70.4932
-70.4955
-70.4978
-70.5001
-70.5024
-70.5046
-70.5068
-70.509
-70.5112
-70.5133
-70.5154
-70.5175
-70.5196
-70.5216
-70.5236
-70.5256
-70.5276
-70.5295
-70.5315
-70.5334
-70.5352
-70.5371
-70.5389
-70.5407
-70.5425
-70.5443
-70.5461
-70.5478
-70.5495
-70.5512
-70.5528
-70.5545
-70.5561
-70.5577
-70.5593
-70.5609
-70.5624
-70.5639
-70.5655
-70.5669
-70.5684
-70.5699
-70.5713
-70.5727
-70.5741
-70.5755
-70.5769
-70.5782
-70.5796
-70.5809
-70.5822
-70.5835
-70.5848
-70.586
-70.5873
-70.5885
-70.5897
-70.5909
-70.5921
-70.5932
-70.5944
-70.5955
-70.5966
-70.5977
-70.5988
-70.5999
-70.601
-70.602
-70.603
-70.6041
-70.6051
-70.6061
-70.6071
-70.608
-70.609
-70.6099
-70.6109
-70.6118
-70.6127
-70.6136
-70.6145
-70.6154
-70.6162
-70.6171
-70.6179
-70.6187
-70.6196
-70.6204
-70.6212
-70.622
-70.6227
-70.6235
-70.6242
-70.625
-70.6257
-70.6265
-70.6272
-70.6279
-70.6286
-70.6293
-70.6299
-70.6306
-70.6313
-70.6319
-70.6325
-70.6332
-70.6338
-70.6344
-70.635
-70.6356
-70.6362
-70.6368
-70.6374
-70.6379
-70.6385
-70.639
-70.6396
-70.6401
-70.6406
-70.6411
-70.6417
-70.6422
-70.6427
-70.6431
-70.6436
-70.6441
-70.6446
-70.645
-70.6455
-70.6459
-70.6464
-70.6468
-70.6472
-70.6476
-70.6481
-70.6485
-70.6489
-70.6493
-70.6497
-70.65
-70.6504
-70.6508
-70.6512
-70.6515
-70.6519
-70.6522
-70.6526
-70.6529
-70.6533
-70.6536
-70.6539
-70.6542
-70.6545
-70.6549
-70.6552
-70.6555
-70.6558
-70.656
-70.6563
-70.6566
-70.6569
-70.6572
-70.6574
-70.6577
-70.658
-70.6582
-70.6585
-70.6587
-70.6589
-70.6592
-70.6594
-70.6597
-70.6599
-70.6601
-70.6603
-70.6605
-70.6607
-70.661
-70.6612
-70.6614
-70.6616
-70.6617
-70.6619
-70.6621
-70.6623
-70.6625
-70.6627
-70.6628
-70.663
-70.6632
-70.6633
-70.6635
-70.6637
-70.6638
-70.664
-70.6641
-70.6643
-70.6644
-70.6646
-70.6647
-70.6648
-70.665
-70.6651
-70.6652
-70.6653
-70.6655
-70.6656
-70.6657
-70.6658
-70.6659
-70.666
-70.6662
-70.6663
-70.6664
-70.6665
-70.6666
-70.6667
-70.6668
-70.6669
-70.667
-70.667
-70.6671
-70.6672
-70.6673
-70.6674
-70.6675
-70.6675
-70.6676
-70.6677
-70.6678
-70.6678
-70.6679
-70.668
-70.668
-70.6681
-70.6682
-70.6682
-70.6683
-70.6683
-70.6684
-70.6685
-70.6685
-70.6686
-70.6686
-70.6687
-70.6687
-70.6688
-70.6688
-70.6688
-70.6689
-70.6689
-70.669
-70.669
-70.669
-70.6691
-70.6691
-70.6691
-70.6692
-70.6692
-70.6692
-70.6693
-70.6693
-70.6693
-70.6694
-70.6694
-70.6694
-70.6694
-70.6694
-70.6695
-70.6695
-70.6695
-70.6695
-70.6695
-70.6696
-70.6696
-70.6696
-70.6696
-70.6696
-70.6696
-70.6696
-70.6697
-70.6697
-70.6697
-70.6697
-70.6697
-70.6697
-70.6697
-70.6697
-70.6697
-70.6697
-70.6697
-70.6697
-70.6697
-70.6697
-70.6697
-70.6697
-70.6697
-70.6697
-70.6697
-70.6697
-70.6697
-70.6697
-70.6697
-70.6697
-70.6697
-70.6697
-70.6697
-70.6697
-70.6697
-70.6697
-70.6697
-70.6697
-70.6697
-70.6697
-70.6697
-70.6696
-70.6696
-70.6696
-70.6696
-70.6696
-70.6696
-70.6696
-70.6696
-70.6696
-70.6695
-70.6695
-70.6695
-70.6695
-70.6695
-70.6695
-70.6695
-70.6695
-70.6694
-70.6694
-70.6694
-70.6694
-70.6694
-70.6694
-70.6693
-70.6693
-70.6693
-70.6693
-70.6693
-70.6693
-70.6693
-70.6692
-70.6692
-70.6692
-70.6692
-70.6692
-70.6691
-70.6691
-70.6691
-70.6691
-70.6691
-70.6691
-70.669
-70.669
-70.669
-70.669
-70.669
-70.6689
-70.6689
-70.6689
-70.6689
-70.6689
-70.6688
-70.6688
-70.6688
-70.6688
-70.6688
-70.6687
-70.6687
-70.6687
-70.6687
-70.6686
-70.6686
-70.6686
-70.6686
-70.6686
-70.6685
-70.6685
-70.6685
-70.6685
-70.6685
-70.6684
-70.6684
-70.6684
-70.6684
-70.6684
-70.6683
-70.6683
-70.6683
-70.6683
-70.6682
-70.6682
-70.6682
-70.6682
-70.6682
-70.6681
-70.6681
-70.6681
-70.6681
-70.6681
-70.6929
-70.9601
-71.625
-72.4776
-73.2363
-73.7414
-74.0087
-68.5771
-54.7902
-51.332
-49.4324
-47.0086
-36.8118
-6.83941
-35.4816
-66.9803
-68.8814
-67.9055
-66.8588
-65.791
-64.7208
-63.6665
-62.6464
-61.6753
-60.7648
-59.6812
-58.7795
-58.0115
-57.339
-56.7493
-56.2359
-55.7758
-55.3556
-55.0079
-54.72
-54.4822
-54.2875
-54.127
-53.9761
-53.8541
-53.7597
-53.6869
-53.631
-53.5885
-53.5562
-53.5164
-53.4848
-53.4638
-53.4504
-53.4423
-53.438
-53.4366
-53.4373
-53.4298
-53.4166
-53.4098
-53.4078
-53.4088
-53.4114
-53.4152
-53.4198
-53.4249
-53.4305
-53.4365
-53.4237
-53.4125
-53.4082
-53.408
-53.41
-53.4131
-53.4169
-53.421
-53.4253
-53.4299
-53.4345
-53.4393
-53.4435
-53.4472
-53.4503
-53.4404
-53.4155
-53.4034
-53.3982
-53.3954
-53.3926
-53.388
-53.3791
-53.3581
-53.2689
-52.7166
-52.5858
-52.7013
-52.8419
-52.9549
-53.035
-53.0889
-53.1253
-53.1517
-53.1737
-53.1952
-53.219
-53.2475
-53.2834
-53.3339
-53.4208
-53.4514
-53.461
-53.4656
-53.4701
-53.4763
-53.4847
-53.4958
-53.5093
-53.5249
-53.5427
-53.5628
-53.5854
-53.6106
-53.6386
-53.6697
-53.704
-53.7418
-53.7836
-53.8296
-53.88
-53.9352
-53.9953
-54.0609
-54.1322
-54.2097
-54.2934
-54.3838
-54.4815
-54.5871
-54.701
-54.8237
-54.956
-54.2837
-53.5189
-53.3287
-53.3043
-53.3263
-53.3598
-53.3944
-53.4274
-53.4582
-53.4873
-53.5151
-53.5421
-53.5687
-53.5956
-53.6229
-53.6511
-53.6804
-53.7123
-53.7465
-53.7827
-53.8212
-53.8624
-53.9067
-53.9543
-54.0056
-54.061
-54.1206
-54.186
-54.2579
-54.3345
-54.4161
-54.5034
-54.5968
-54.6969
-54.8039
-54.9184
-55.041
-55.172
-55.3166
-55.4721
-55.6344
-53.7391
-53.2417
-53.1575
-53.1801
-53.2271
-53.2753
-53.319
-53.3574
-53.3917
-53.4224
-53.4501
-53.4756
-53.4996
-53.5227
-53.5453
-53.568
-53.5911
-53.6149
-53.6397
-53.6669
-53.6967
-53.7282
-53.7615
-53.797
-53.8351
-53.876
-53.9201
-53.9677
-54.0189
-54.074
-54.1338
-54.2032
-54.2781
-54.3562
-54.4384
-54.5254
-54.6177
-54.7158
-54.8198
-54.9304
-55.0477
-55.1719
-55.3049
-55.4584
-55.6194
-55.7825
-55.9485
-56.1188
-56.2941
-54.3787
-53.2262
-53.009
-53.0188
-53.0816
-53.1498
-53.211
-53.2634
-53.3076
-53.3452
-53.3775
-53.4058
-53.4312
-53.4543
-53.476
-53.4965
-53.5155
-53.5336
-53.5519
-53.5721
-53.5928
-53.6134
-53.6341
-53.6547
-53.6755
-53.6965
-53.7174
-53.7381
-53.758
-53.7766
-53.7932
-53.8074
-53.8254
-53.8403
-53.8458
-53.8384
-53.8138
-53.7643
-53.6759
-53.5206
-53.2304
-52.5573
-49.0672
-34.1942
-14.4783
-32.2651
-50.4777
-58.947
-61.2693
-60.6285
-59.762
-58.9305
-58.1682
-57.482
-56.8734
-56.3416
-55.8822
-55.4903
-55.1614
-54.8884
-54.665
-54.4855
-54.3445
-54.2372
-54.16
-54.1083
-54.0782
-54.0673
-54.0744
-54.0968
-54.1328
-54.1817
-54.2429
-54.3159
-54.4005
-54.4972
-54.6082
-54.7366
-54.8955
-55.0733
-55.2618
-55.4548
-55.6537
-55.8607
-56.0796
-56.322
-56.6017
-56.9113
-57.2591
-57.6354
-58.0131
-58.384
-58.756
-59.1358
-59.527
-59.939
-60.3944
-60.8895
-61.4206
-61.9637
-62.4945
-63.0067
-63.5077
-64.0007
-64.492
-64.988
-65.4989
-66.0178
-66.538
-67.0541
-67.5503
-68.0138
-68.4477
-68.8563
-69.2443
-69.6143
-69.9771
-70.3346
-70.6827
-71.016
-71.3336
-71.6229
-71.8819
-72.1153
-72.3273
-72.5204
-72.7024
-72.8774
-73.0481
-73.2109
-73.3633
-73.505
-73.6304
-73.7382
-73.8323
-73.9141
-73.9871
-74.0556
-74.122
-74.1887
-74.2527
-74.312
-74.3662
-74.4132
-74.4521
-74.4838
-74.5091
-74.5307
-74.5509
-74.5716
-74.5956
-74.6209
-74.6438
-74.6642
-74.6816
-74.6957
-74.7053
-74.7104
-74.7131
-74.7156
-74.7191
-74.7251
-74.7354
-74.7455
-74.7544
-74.761
-74.7666
-74.77
-74.7703
-74.7673
-74.7641
-74.7618
-74.7611
-74.7635
-74.7696
-74.7751
-74.7788
-74.7809
-74.7821
-74.7824
-74.78
-74.7756
-74.7707
-74.7667
-74.7641
-74.7645
-74.7682
-74.7728
-74.7755
-74.7763
-74.7757
-74.7748
-74.7727
-74.7693
-74.7656
-74.7619
-74.7585
-74.7576
-74.7596
-74.7629
-74.767
-74.7682
-74.7669
-74.7645
-74.7619
-74.7582
-74.7545
-74.7521
-74.749
-74.7464
-74.7462
-74.7481
-74.7506
-74.7554
-74.7569
-74.7549
-74.7516
-74.7475
-74.7447
-74.7417
-74.7401
-74.7387
-74.7368
-74.736
-74.737
-74.7386
-74.7428
-74.7468
-74.7459
-74.7419
-74.7358
-74.7299
-74.727
-74.726
-74.7239
-74.7225
-74.7229
-74.7234
-74.7247
-74.7257
-74.7298
-74.7341
-74.7335
-74.7301
-74.7243
-74.7173
-74.7133
-74.7131
-74.7128
-74.7099
-74.7097
-74.711
-74.7136
-74.7153
-74.7161
-74.7192
-74.7215
-74.7195
-74.7146
-74.7085
-74.7011
-74.6973
-74.6968
-74.696
-74.695
-74.6945
-74.6948
-74.6978
-74.7012
-74.7022
-74.7039
-74.7052
-74.7047
-74.7016
-74.6973
-74.6925
-74.6879
-74.685
-74.6833
-74.6812
-74.6824
-74.6831
-74.6831
-74.6843
-74.6868
-74.6874
-74.6892
-74.6909
-74.6904
-74.687
-74.6813
-74.6755
-74.6736
-74.6712
-74.6674
-74.6652
-74.6653
-74.666
-74.6674
-74.6674
-74.6676
-74.6677
-74.6673
-74.6687
-74.6707
-74.6708
-74.6697
-74.6671
-74.6636
-74.6604
-74.6578
-74.6553
-74.6528
-74.6523
-74.6545
-74.655
-74.6518
-74.6501
-74.6505
-74.65
-74.6489
-74.6485
-74.6495
-74.6502
-74.6493
-74.6486
-74.6469
-74.6463
-74.6429
-74.6388
-74.6359
-74.6333
-74.6329
-74.6354
-74.6349
-74.6307
-74.6258
-74.6235
-74.6248
-74.6243
-74.6241
-74.6255
-74.6252
-74.6244
-74.6231
-74.6235
-74.6257
-74.6265
-74.6273
-74.6262
-74.6238
-74.6226
-74.6207
-74.6182
-74.6134
-74.6073
-74.6032
-74.6009
-74.5999
-74.599
-74.5982
-74.5987
-74.6011
-74.6031
-74.6022
-74.6001
-74.5989
-74.6015
-74.6046
-74.6052
-74.6055
-74.6036
-74.603
-74.6016
-74.5991
-74.5945
-74.5874
-74.5767
-74.567
-74.5598
-74.5588
-74.5613
-74.5625
-74.5617
-74.5613
-74.5661
-74.5734
-74.5743
-74.5741
-74.5758
-74.577
-74.5748
-74.5748
-74.5755
-74.5749
-74.5772
-74.5768
-74.5728
-74.5716
-74.5687
-74.5609
-74.55
-74.5389
-74.5304
-74.5253
-74.5237
-74.5232
-74.5226
-74.5219
-74.5232
-74.5281
-74.5392
-74.5471
-74.5516
-74.5533
-74.5495
-74.5455
-74.5427
-74.543
-74.5462
-74.5451
-74.5424
-74.5408
-74.538
-74.5353
-74.5325
-74.5289
-74.5196
-74.505
-74.4899
-74.48
-74.4752
-74.4728
-74.4723
-74.4692
-74.4704
-74.476
-74.481
-74.4858
-74.4931
-74.5006
-74.5043
-74.5054
-74.5028
-74.5005
-74.499
-74.5002
-74.499
-74.4978
-74.5007
-74.5013
-74.4964
-74.4914
-74.4866
-74.4807
-74.4758
-74.4695
-74.46
-74.4506
-74.4391
-74.4262
-74.4165
-74.4093
-74.4074
-74.4108
-74.4162
-74.4232
-74.4295
-74.4338
-74.4362
-74.44
-74.446
-74.4524
-74.4546
-74.4504
-74.4465
-74.4444
-74.4398
-74.4345
-74.4331
-74.4369
-74.4405
-74.4417
-74.4404
-74.4414
-74.4416
-74.4389
-74.4317
-74.4242
-74.4155
-74.4045
-74.3929
-74.3818
-74.3708
-74.3592
-74.3485
-74.3381
-74.3334
-74.3375
-74.3493
-74.3557
-74.356
-74.3577
-74.36
-74.3628
-74.3668
-74.3683
-74.3703
-74.3699
-74.3737
-74.3819
-74.3876
-74.3883
-74.384
-74.3773
-74.3662
-74.3561
-74.3498
-74.3425
-74.3334
-74.3271
-74.3254
-74.3246
-74.3262
-74.3234
-74.3254
-74.3264
-74.3252
-74.3193
-74.3098
-74.3
-74.2926
-74.2846
-74.2735
-74.2621
-74.2564
-74.2535
-74.2462
-74.2344
-74.2285
-74.232
-74.2392
-74.2486
-74.2572
-74.2609
-74.258
-74.2482
-74.241
-74.2425
-74.2491
-74.2559
-74.2561
-74.2517
-74.2559
-74.2592
-74.2596
-74.2602
-74.2602
-74.2592
-74.2624
-74.2645
-74.2651
-74.2674
-74.2638
-74.2546
-74.242
-74.2289
-74.2121
-74.1939
-74.1742
-74.1637
-74.1613
-74.1612
-74.1622
-74.1705
-74.1779
-74.1755
-74.1641
-74.1488
-74.1346
-74.1193
-74.1136
-74.1128
-74.11
-74.1025
-74.0907
-74.079
-74.0711
-74.062
-74.0565
-74.0574
-74.056
-74.0536
-74.0512
-74.0557
-74.0684
-74.0832
-74.092
-74.1004
-74.1055
-74.1058
-74.1037
-74.098
-74.0906
-74.0809
-74.0694
-74.0648
-74.0671
-74.0686
-74.0654
-74.061
-74.0607
-74.0625
-74.0619
-74.0645
-74.062
-74.0528
-74.0457
-74.0423
-74.0389
-74.0425
-74.0544
-74.0663
-74.0722
-74.0735
-74.0716
-74.0686
-74.0621
-74.0505
-74.0377
-74.0252
-74.0129
-73.9996
-73.9842
-73.9741
-73.969
-73.9648
-73.9614
-73.9532
-73.9385
-73.9268
-73.9215
-73.9206
-73.9159
-73.9128
-73.9056
-73.9042
-73.9067
-73.9034
-73.8965
-73.8955
-73.891
-73.8791
-73.8613
-73.8393
-73.8211
-73.8073
-73.7937
-73.7924
-73.7961
-73.797
-73.7903
-73.7811
-73.7687
-73.7552
-73.7408
-73.7232
-73.712
-73.703
-73.6962
-73.6905
-73.6838
-73.6796
-73.6727
-73.6597
-73.6475
-73.6419
-73.65
-73.6645
-73.6719
-73.6801
-73.6956
-73.718
-73.7361
-73.7417
-73.7445
-73.7462
-73.7415
-73.7376
-73.7362
-73.7387
-73.7402
-73.7387
-73.7347
-73.7271
-73.7134
-73.6947
-73.6729
-73.6546
-73.6404
-73.6337
-73.6312
-73.6293
-73.6379
-73.6436
-73.6455
-73.6417
-73.6309
-73.6203
-73.6119
-73.6056
-73.6007
-73.5908
-73.5754
-73.5626
-73.556
-73.5509
-73.5484
-73.5457
-73.5369
-73.5219
-73.5067
-73.4962
-73.4887
-73.4771
-73.4613
-73.454
-73.4585
-73.4622
-73.4637
-73.4589
-73.4546
-73.4465
-73.4328
-73.4145
-73.4048
-73.4108
-73.4151
-73.4185
-73.4151
-73.4083
-73.4025
-73.3919
-73.3763
-73.3598
-73.3481
-73.3416
-73.3344
-73.3218
-73.3046
-73.2838
-73.2608
-73.2431
-73.2287
-73.2115
-73.1946
-73.1835
-73.1703
-73.1531
-73.1327
-73.11
-73.0856
-73.0602
-73.0399
-73.0311
-73.0289
-73.0224
-73.0151
-73.0118
-73.0082
-73.0121
-73.0206
-73.0285
-73.036
-73.0366
-73.0397
-73.0421
-73.0477
-73.0485
-73.0423
-73.0303
-73.0143
-72.9955
-72.9747
-72.9525
-72.9292
-72.9053
-72.8898
-72.8797
-72.8668
-72.8504
-72.8313
-72.8102
-72.7879
-72.7648
-72.741
-72.7169
-72.6925
-72.668
-72.6434
-72.6188
-72.5942
-72.5697
-72.5454
-72.5212
-72.4971
-72.4732
-72.4494
-72.4259
-72.4026
-72.3896
-72.3857
-72.3795
-72.3692
-72.3556
-72.3397
-72.3223
-72.304
-72.2849
-72.2655
-72.2458
-72.2259
-72.206
-72.1861
-72.1662
-72.1464
-72.1267
-72.1071
-72.0876
-72.0683
-72.0492
-72.0302
-72.0114
-71.9928
-71.9743
-71.9561
-71.9381
-71.9202
-71.9025
-71.8851
-71.8678
-71.8507
-71.8338
-71.8171
-71.8006
-71.7843
-71.7681
-71.7522
-71.7364
-71.7209
-71.7055
-71.6903
-71.6752
-71.6604
-71.6457
-71.6312
-71.6169
-71.6028
-71.5888
-71.575
-71.5614
-71.5479
-71.5346
-71.5215
-71.5085
-71.4957
-71.483
-71.4705
-71.4581
-71.4459
-71.4339
-71.422
-71.4102
-71.3986
-71.3871
-71.3758
-71.3647
-71.3536
-71.3427
-71.332
-71.3213
-71.3109
-71.3005
-71.2903
-71.2802
-71.2703
-71.2605
-71.2508
-71.2412
-71.2317
-71.2224
-71.2132
-71.2041
-71.1952
-71.1863
-71.1776
-71.1689
-71.1604
-71.152
-71.1437
-71.1356
-71.1275
-71.1195
-71.1117
-71.1039
-71.0963
-71.0887
-71.0812
-71.0739
-71.0666
-71.0595
-71.0524
-71.0454
-71.0386
-71.0318
-71.0251
-71.0185
-71.012
-71.0055
-70.9992
-70.993
-70.9868
-70.9807
-70.9747
-70.9688
-70.963
-70.9572
-70.9515
-70.9459
-70.9404
-70.935
-70.9296
-70.9243
-70.9191
-70.914
-70.9089
-70.9039
-70.8989
-70.8941
-70.8893
-70.8846
-70.8799
-70.8753
-70.8708
-70.8663
-70.8619
-70.8576
-70.8533
-70.8491
-70.845
-70.8409
-70.8369
-70.8329
-70.829
-70.8251
-70.8213
-70.8176
-70.8139
-70.8103
-70.8067
-70.8032
-70.7997
-70.7963
-70.7929
-70.7896
-70.7864
-70.7831
-70.78
-70.7769
-70.7738
-70.7708
-70.7678
-70.7649
-70.762
-70.7591
-70.7563
-70.7536
-70.7509
-70.7482
-70.7456
-70.743
-70.7405
-70.738
-70.7355
-70.7331
-70.7307
-70.7284
-70.7261
-70.7238
-70.7216
-70.7194
-70.7172
-70.7151
-70.713
-70.7109
-70.7089
-70.7069
-70.705
-70.7031
-70.7012
-70.6993
-70.6975
-70.6957
-70.694
-70.6922
-70.6905
-70.6889
-70.6872
-70.6856
-70.684
-70.6825
-70.681
-70.6795
-70.678
-70.6765
-70.6751
-70.6737
-70.6724
-70.671
-70.6697
-70.6684
-70.6671
-70.6659
-70.6647
-70.6635
-70.6623
-70.6611
-70.66
-70.6589
-70.6578
-70.6567
-70.6557
-70.6547
-70.6537
-70.6527
-70.6517
-70.6508
-70.6499
-70.649
-70.6481
-70.6472
-70.6464
-70.6455
-70.6447
-70.6439
-70.6431
-70.6424
-70.6416
-70.6409
-70.6402
-70.6395
-70.6388
-70.6382
-70.6375
-70.6369
-70.6363
-70.6357
-70.6351
-70.6345
-70.6339
-70.6334
-70.6328
-70.6323
-70.6318
-70.6313
-70.6308
-70.6304
-70.6299
-70.6295
-70.629
-70.6286
-70.6282
-70.6278
-70.6274
-70.6271
-70.6267
-70.6263
-70.626
-70.6257
-70.6254
-70.625
-70.6247
-70.6245
-70.6242
-70.6239
-70.6236
-70.6234
-70.6231
-70.6229
-70.6227
-70.6225
-70.6223
-70.6221
-70.6219
-70.6217
-70.6215
-70.6213
-70.6212
-70.621
-70.6209
-70.6207
-70.6206
-70.6205
-70.6204
-70.6202
-70.6201
-70.62
-70.62
-70.6199
-70.6198
-70.6197
-70.6197
-70.6196
-70.6195
-70.6195
-70.6194
-70.6194
-70.6194
-70.6194
-70.6193
-70.6193
-70.6193
-70.6193
-70.6193
-70.6193
-70.6193
-70.6193
-70.6193
-70.6194
-70.6194
-70.6194
-70.6194
-70.6195
-70.6195
-70.6196
-70.6196
-70.6197
-70.6197
-70.6198
-70.6198
-70.6199
-70.62
-70.6201
-70.6201
-70.6202
-70.6203
-70.6204
-70.6205
-70.6206
-70.6207
-70.6208
-70.6209
-70.621
-70.6211
-70.6212
-70.6213
-70.6214
-70.6215
-70.6216
-70.6217
-70.6219
-70.622
-70.6221
-70.6222
-70.6224
-70.6225
-70.6226
-70.6228
-70.6229
-70.6231
-70.6232
-70.6233
-70.6235
-70.6236
-70.6238
-70.6239
-70.6241
-70.6242
-70.6244
-70.6245
-70.6247
-70.6248
-70.625
-70.6251
-70.6253
-70.6255
-70.6256
-70.6258
-70.626
-70.6261
-70.6263
-70.6264
-70.6266
-70.6268
-70.6269
-70.6271
-70.6273
-70.6275
-70.6276
-70.6278
-70.628
-70.6281
-70.6283
-70.6285
-70.6287
-70.6288
-70.629
-70.6292
-70.6294
-70.6295
-70.6297
-70.6299
-70.6301
-70.6302
-70.6304
-70.6306
-70.6308
-70.6309
-70.6311
-70.6313
-70.6315
-70.6317
-70.6318
-70.632
-70.6322
-70.6324
-70.6325
-70.6327
-70.6329
-70.6331
-70.6332
-70.6334
-70.6336
-70.6338
-70.634
-70.6341
-70.6343
-70.6345
-70.6347
-70.6348
-70.635
-70.6352
-70.6354
-70.6355
-70.6357
-70.6359
-70.6361
-70.6362
-70.6364
-70.6366
-70.6367
-70.6369
-70.6371
-70.6373
-70.6374
-70.6376
-70.6378
-70.6379
-70.6381
-70.6383
-70.6384
-70.6386
-70.6388
-70.6389
-70.6391
-70.6393
-70.6394
-70.6396
-70.6398
-70.6399
-70.6401
-70.6402
-70.6404
-70.6406
-70.6407
-70.6409
-70.641
-70.6412
-70.6414
-70.6415
-70.6417
-70.6418
-70.642
-70.6421
-70.6423
-70.6424
-70.6426
-70.6427
-70.6429
-70.643
-70.6432
-70.6433
-70.6435
-70.6436
-70.6438
-70.6439
-70.6441
-70.6442
-70.6444
-70.6445
-70.6447

