-70
-70.1661
-70.23
-70.2566
-70.2695
-70.2773
-70.283
-70.2879
-70.2925
-70.297
-70.3014
-70.3057
-70.31
-70.3142
-70.3185
-70.3226
-70.3268
-70.3309
-70.335
-70.3391
-70.3431
-70.3471
-70.351
-70.3549
-70.3588
-70.3626
-70.3664
-70.3701
-70.3738
-70.3775
-70.3811
-70.3847
-70.3883
-70.3918
-70.3953
-70.3987
-70.4021
-70.4055
-70.4088
-70.4121
-70.4154
-70.4186
-70.4218
-70.4249
-70.428
-70.4311
-70.4341
-70.4372
-70.4401
-70.4431
-70.446
-70.4489
-70.4517
-70.4545
-70.4573
-70.4601
-70.4628
-70.4655
-70.4682
-70.4708
-70.4734
-70.476
-70.4785
-70.481
-70.4835
-70.486
-70.4884
-70.4908
-70.4932
-70.4955
-70.4978
-70.5001
-70.5024
-70.5046
-70.5068
-70.509
-70.5112
-70.5133
-70.5154
-70.5175
-70.5196
-70.5216
-70.5236
-70.5256
-70.5276
-70.5295
-70.5315
-70.5334
-70.5352
-70.5371
-70.5389
-70.5407
-70.5425
-70.5443
-70.5461
-70.5478
-70.5495
-70.5512
-70.5528
-70.5545
-70.5561
-70.5577
-70.5593
-70.5609
-70.5624
-70.5639
-70.5655
-70.5669
-70.5684
-70.5699
-70.5713
-70.5727
-70.5741
-70.5755
-70.5769
-70.5782
-70.5796
-70.5809
-70.5822
-70.5835
-70.5848
-70.586
-70.5873
-70.5885
-70.5897
-70.5909
-70.5921
-70.5932
-70.5944
-70.5955
-70.5966
-70.5977
-70.5988
-70.5999
-70.601
-70.602
-70.603
-70.6041
-70.6051
-70.6061
-70.6071
-70.608
-70.609
-70.6099
-70.6109
-70.6118
-70.6127
-70.6136
-70.6145
-70.6154
-70.6162
-70.6171
-70.6179
-70.6187
-70.6196
-70.6204
-70.6212
-70.622
-70.6227
-70.6235
-70.6242
-70.625
-70.6257
-70.6265
-70.6272
-70.6279
-70.6286
-70.6293
-70.6299
-70.6306
-70.6313
-70.6319
-70.6325
-70.6332
-70.6338
-70.6344
-70.635
-70.6356
-70.6362
-70.6368
-70.6374
-70.6379
-70.6385
-70.639
-70.6396
-70.6401
-70.6406
-70.6411
-70.6417
-70.6422
-70.6427
-70.6431
-70.6436
-70.6441
-70.6446
-70.645
-70.6455
-70.6459
-70.6464
-70.6468
-70.6472
-70.6476
-70.6481
-70.6485
-70.6489
-70.6493
-70.6497
-70.65
-70.6504
-70.6508
-70.6512
-70.6515
-70.6519
-70.6522
-70.6526
-70.6529
-70.6533
-70.6536
-70.6539
-70.6542
-70.6545
-70.6549
-70.6552
-70.6555
-70.6558
-70.656
-70.6563
-70.6566
-70.6569
-70.6572
-70.6574
-70.6577
-70.658
-70.6582
-70.6585
-70.6587
-70.6589
-70.6592
-70.6594
-70.6597
-70.6599
-70.6601
-70.6603
-70.6605
-70.6607
-70.661
-70.6612
-70.6614
-70.6616
-70.6617
-70.6619
-70.6621
-70.6623
-70.6625
-70.6627
-70.6628
-70.663
-70.6632
-70.6633
-70.6635
-70.6637
-70.6638
-70.664
-70.6641
-70.6643
-70.6644
-70.6646
-70.6647
-70.6648
-70.665
-70.6651
-70.6652
-70.6653
-70.6655
-70.6656
-70.6657
-70.6658
-70.6659
-70.666
-70.6662
-70.6663
-70.6664
-70.6665
-70.6666
-70.6667
-70.6668
-70.6669
-70.667
-70.667
-70.6671
-70.6672
-70.6673
-70.6674
-70.6675
-70.6675
-70.6676
-70.6677
-70.6678
-70.6678
-70.6679
-70.668
-70.668
-70.6681
-70.6682
-70.6682
-70.6683
-70.6683
-70.6684
-70.6685
-70.6685
-70.6686
-70.6686
-70.6687
-70.6687
-70.6688
-70.6688
-70.6688
-70.6689
-70.6689
-70.669
-70.669
-70.669
-70.6691
-70.6691
-70.6691
-70.6692
-70.6692
-70.6692
-70.6693
-70.6693
-70.6693
-70.6694
-70.6694
-70.6694
-70.6694
-70.6694
-70.6695
-70.6695
-70.6695
-70.6695
-70.6695
-70.6696
-70.6696
-70.6696
-70.6696
-70.6696
-70.6696
-70.6696
-70.6697
-70.6697
-70.6697
-70.6697
-70.6697
-70.6697
-70.6697
-70.6697
-70.6697
-70.6697
-70.6697
-70.6697
-70.6697
-70.6697
-70.6697
-70.6697
-70.6697
-70.6697
-70.6697
-70.6697
-70.6697
-70.6697
-70.6697
-70.6697
-70.6697
-70.6697
-70.6697
-70.6697
-70.6697
-70.6697
-70.6697
-70.6697
-70.6697
-70.6697
-70.6697
-70.6696
-70.6696
-70.6696
-70.6696
-70.6696
-70.6696
-70.6696
-70.6696
-70.6696
-70.6695
-70.6695
-70.6695
-70.6695
-70.6695
-70.6695
-70.6695
-70.6695
-70.6694
-70.6694
-70.6694
-70.6694
-70.6694
-70.6694
-70.6693
-70.6693
-70.6693
-70.6693
-70.6693
-70.6693
-70.6693
-70.6692
-70.6692
-70.6692
-70.6692
-70.6692
-70.6691
-70.6691
-70.6691
-70.6691
-70.6691
-70.6691
-70.669
-70.669
-70.669
-70.669
-70.669
-70.6689
-70.6689
-70.6689
-70.6689
-70.6689
-70.6688
-70.6688
-70.6688
-70.6688
-70.6688
-70.6687
-70.6687
-70.6687
-70.6687
-70.6686
-70.6686
-70.6686
-70.6686
-70.6686
-70.6685
-70.6685
-70.6685
-70.6685
-70.6685
-70.6684
-70.6684
-70.6684
-70.6684
-70.6684
-70.6683
-70.6683
-70.6683
-70.6683
-70.6682
-70.6682
-70.6682
-70.6682
-70.6682
-70.6681
-70.6681
-70.6681
-70.6681
-70.6681
-70.6682
-70.7828
-71.4596
-72.3697
-73.1777
-73.7316
-63.9326
-53.7427
-50.9502
-49.1403
-46.5869
-33.4755
-10.9478
-37.9784
-67.7495
-68.7211
-67.7285
-66.6775
-65.6085
-64.5397
-63.4889
-62.4744
-61.5123
-60.573
-59.5094
-58.6394
-57.8907
-57.2338
-56.6582
-56.1579
-55.7002
-55.293
-54.957
-54.6786
-54.4491
-54.2614
-54.1031
-53.956
-53.8393
-53.7491
-53.6796
-53.6263
-53.586
-53.5531
-53.513
-53.4833
-53.4639
-53.4517
-53.4445
-53.4409
-53.44
-53.4412
-53.43
-53.4175
-53.4116
-53.4103
-53.4117
-53.4148
-53.4189
-53.4237
-53.4292
-53.4351
-53.4392
-53.4237
-53.4136
-53.4101
-53.4105
-53.4129
-53.4163
-53.4203
-53.4248
-53.4295
-53.4344
-53.4394
-53.4446
-53.4499
-53.4552
-53.4597
-53.4422
-53.4179
-53.4071
-53.403
-53.4015
-53.4006
-53.399
-53.3957
-53.3891
-53.3753
-53.3395
-53.1023
-52.4723
-52.4602
-52.6206
-52.7806
-52.903
-52.9878
-53.0447
-53.0839
-53.1136
-53.1395
-53.1659
-53.1958
-53.269
-53.4005
-53.4445
-53.4572
-53.4618
-53.4657
-53.4711
-53.4787
-53.4886
-53.5012
-53.5169
-53.535
-53.5555
-53.5784
-53.604
-53.6325
-53.6641
-53.6991
-53.7378
-53.7805
-53.8276
-53.8794
-53.9361
-53.9981
-54.0658
-54.1395
-54.2195
-54.306
-54.3995
-54.5005
-54.6097
-54.7275
-54.8545
-54.9914
-54.0506
-53.458
-53.3186
-53.3086
-53.3345
-53.3687
-53.4032
-53.4358
-53.4665
-53.4955
-53.5234
-53.5506
-53.5776
-53.6049
-53.6329
-53.6619
-53.6922
-53.7243
-53.7584
-53.7948
-53.8339
-53.8759
-53.9211
-53.9699
-54.0225
-54.0792
-54.1404
-54.2064
-54.2773
-54.3534
-54.4352
-54.5231
-54.6177
-54.7191
-54.8277
-54.944
-55.0724
-55.2169
-55.3689
-55.5267
-55.146
-53.5759
-53.2071
-53.1565
-53.1877
-53.2362
-53.2841
-53.3275
-53.3658
-53.3995
-53.4295
-53.4567
-53.482
-53.5059
-53.5291
-53.5519
-53.5749
-53.5988
-53.6244
-53.6511
-53.6789
-53.7083
-53.7396
-53.7731
-53.8092
-53.848
-53.8899
-53.9351
-53.9861
-54.0432
-54.1038
-54.1678
-54.2358
-54.308
-54.3851
-54.4674
-54.5553
-54.649
-54.7488
-54.8589
-54.9841
-55.1153
-55.2507
-55.391
-55.5367
-55.6882
-55.8457
-56.0094
-56.1794
-56.3555
-53.994
-53.1418
-52.9973
-53.0258
-53.0929
-53.161
-53.2208
-53.2715
-53.3144
-53.351
-53.3827
-53.4106
-53.4359
-53.4601
-53.4829
-53.5046
-53.5257
-53.5467
-53.5681
-53.5897
-53.6105
-53.6317
-53.6535
-53.6762
-53.7007
-53.7297
-53.7598
-53.7899
-53.82
-53.8502
-53.8801
-53.9095
-53.9378
-53.9641
-53.9875
-54.0067
-54.0195
-54.0331
-54.0438
-54.038
-54.0082
-53.9457
-53.8347
-53.6429
-53.2976
-52.5618
-49.7315
-42.8863
-48.1863
-52.3001
-53.7221
-53.9851
-53.957
-53.8699
-53.7797
-53.6998
-53.6331
-53.5799
-53.5398
-53.5134
-53.4986
-53.4951
-53.503
-53.5218
-53.55
-53.5862
-53.6294
-53.6793
-53.7367
-53.8042
-53.8819
-53.9667
-54.0569
-54.1534
-54.2577
-54.3705
-54.4928
-54.6297
-54.7945
-54.9887
-55.1905
-55.4068
-55.6286
-55.8555
-56.0911
-56.3386
-56.6085
-56.9184
-57.2788
-57.6722
-58.0733
-58.4828
-58.8887
-59.292
-59.7007
-60.1206
-60.5607
-61.0379
-61.5621
-62.1065
-62.6465
-63.1806
-63.7019
-64.21
-64.7082
-65.1988
-65.6863
-66.1794
-66.6867
-67.2001
-67.6987
-68.1724
-68.6195
-69.0378
-69.4293
-69.7968
-70.1445
-70.4792
-70.8093
-71.1331
-71.4434
-71.7305
-71.9928
-72.2305
-72.4448
-72.6382
-72.8138
-72.9766
-73.1327
-73.2856
-73.4328
-73.5697
-73.6927
-73.8015
-73.8968
-73.98
-74.0525
-74.1163
-74.1755
-74.2333
-74.2914
-74.3483
-74.4011
-74.4479
-74.4876
-74.5205
-74.5477
-74.5697
-74.5876
-74.6044
-74.6222
-74.6425
-74.6641
-74.6849
-74.7032
-74.718
-74.7283
-74.7351
-74.7385
-74.7396
-74.7408
-74.7437
-74.7498
-74.7584
-74.7686
-74.7778
-74.785
-74.7892
-74.7899
-74.7882
-74.7844
-74.78
-74.7768
-74.7766
-74.7794
-74.7842
-74.7901
-74.795
-74.7983
-74.7991
-74.797
-74.7927
-74.7871
-74.7826
-74.779
-74.7777
-74.7795
-74.7826
-74.787
-74.791
-74.7932
-74.7936
-74.7912
-74.7869
-74.7809
-74.776
-74.7719
-74.7692
-74.7689
-74.7713
-74.7741
-74.7783
-74.7814
-74.7821
-74.7816
-74.7786
-74.7735
-74.7688
-74.7649
-74.7615
-74.7592
-74.7593
-74.7617
-74.7634
-74.7666
-74.7699
-74.7708
-74.7696
-74.7658
-74.76
-74.7558
-74.7532
-74.7503
-74.7473
-74.7461
-74.7482
-74.7508
-74.7533
-74.7559
-74.759
-74.7594
-74.7568
-74.7517
-74.7465
-74.7433
-74.7416
-74.7393
-74.7366
-74.7346
-74.7361
-74.739
-74.741
-74.7426
-74.7449
-74.7454
-74.743
-74.7387
-74.7338
-74.7311
-74.7287
-74.7265
-74.7252
-74.7238
-74.7231
-74.7242
-74.7278
-74.7302
-74.7316
-74.7329
-74.7333
-74.7308
-74.7259
-74.7219
-74.7193
-74.7167
-74.7133
-74.7118
-74.7104
-74.7086
-74.7084
-74.7117
-74.7139
-74.7148
-74.716
-74.7178
-74.7181
-74.7156
-74.7124
-74.7088
-74.7046
-74.7016
-74.7001
-74.6983
-74.6957
-74.6954
-74.6954
-74.6981
-74.7006
-74.7007
-74.7007
-74.7016
-74.7029
-74.7037
-74.7041
-74.7016
-74.6961
-74.6896
-74.6846
-74.6818
-74.679
-74.6757
-74.6751
-74.6768
-74.6794
-74.682
-74.6839
-74.6837
-74.6828
-74.6823
-74.6848
-74.6895
-74.6919
-74.6886
-74.6825
-74.6761
-74.6712
-74.6673
-74.6638
-74.6591
-74.6552
-74.6549
-74.6582
-74.6622
-74.6648
-74.6666
-74.6653
-74.6653
-74.6677
-74.6717
-74.6734
-74.6735
-74.6705
-74.6655
-74.6608
-74.655
-74.6484
-74.6422
-74.6368
-74.6338
-74.6322
-74.6322
-74.632
-74.6337
-74.6379
-74.6408
-74.6417
-74.6473
-74.6524
-74.6563
-74.6576
-74.6545
-74.6528
-74.6517
-74.6495
-74.6442
-74.6353
-74.6258
-74.6181
-74.6143
-74.6127
-74.613
-74.612
-74.6064
-74.6031
-74.6049
-74.6105
-74.6171
-74.6221
-74.629
-74.6335
-74.6338
-74.6337
-74.6332
-74.6316
-74.6282
-74.6236
-74.6178
-74.6096
-74.6001
-74.5915
-74.5867
-74.5853
-74.5853
-74.5837
-74.5805
-74.5747
-74.568
-74.5671
-74.5766
-74.5868
-74.5927
-74.5986
-74.6053
-74.6079
-74.6072
-74.6085
-74.613
-74.6115
-74.6057
-74.5995
-74.5923
-74.5838
-74.5742
-74.5649
-74.5577
-74.5529
-74.5531
-74.5536
-74.5536
-74.5499
-74.5408
-74.5354
-74.5359
-74.5433
-74.5528
-74.5588
-74.5611
-74.5648
-74.5683
-74.5705
-74.572
-74.5737
-74.5755
-74.5759
-74.5726
-74.5643
-74.5564
-74.5507
-74.542
-74.5313
-74.5221
-74.5144
-74.5096
-74.5074
-74.5044
-74.5003
-74.5028
-74.5039
-74.5035
-74.502
-74.5002
-74.5013
-74.5108
-74.5208
-74.5225
-74.5178
-74.5142
-74.5132
-74.5176
-74.5257
-74.5339
-74.5375
-74.5386
-74.5378
-74.5326
-74.5263
-74.5204
-74.5099
-74.4959
-74.4818
-74.4675
-74.4601
-74.4593
-74.4598
-74.4594
-74.4535
-74.4452
-74.4403
-74.4457
-74.4561
-74.4625
-74.463
-74.4587
-74.4556
-74.4575
-74.462
-74.4636
-74.463
-74.4604
-74.4593
-74.459
-74.4577
-74.461
-74.4696
-74.4772
-74.4777
-74.4776
-74.4749
-74.4678
-74.4589
-74.4538
-74.4479
-74.4367
-74.4204
-74.4018
-74.3863
-74.381
-74.3816
-74.3797
-74.3805
-74.3832
-74.3844
-74.3853
-74.3855
-74.3816
-74.3796
-74.3767
-74.3693
-74.3706
-74.3731
-74.3751
-74.374
-74.3721
-74.3746
-74.3768
-74.3759
-74.3761
-74.3744
-74.3763
-74.3823
-74.3877
-74.3916
-74.3926
-74.392
-74.3917
-74.3914
-74.3886
-74.3816
-74.374
-74.3672
-74.3629
-74.3595
-74.3527
-74.341
-74.3251
-74.3086
-74.2927
-74.2776
-74.2718
-74.2718
-74.2726
-74.2787
-74.2901
-74.2999
-74.3056
-74.3036
-74.3045
-74.3089
-74.3102
-74.3032
-74.2932
-74.2853
-74.2771
-74.2668
-74.2578
-74.244
-74.2322
-74.225
-74.2206
-74.2192
-74.2259
-74.2424
-74.2541
-74.2592
-74.2628
-74.2657
-74.2669
-74.2685
-74.2714
-74.2728
-74.2731
-74.2689
-74.2598
-74.2462
-74.2365
-74.2365
-74.2394
-74.2415
-74.2405
-74.2365
-74.2299
-74.2249
-74.221
-74.2135
-74.203
-74.1944
-74.1813
-74.1628
-74.1439
-74.1268
-74.1083
-74.1034
-74.1105
-74.1177
-74.1264
-74.1345
-74.1468
-74.1573
-74.1648
-74.1659
-74.1609
-74.1519
-74.1417
-74.1337
-74.1281
-74.125
-74.1183
-74.108
-74.099
-74.0899
-74.0899
-74.0939
-74.0921
-74.0821
-74.0693
-74.0564
-74.0397
-74.0185
-73.9938
-73.9689
-73.9529
-73.9496
-73.9586
-73.9824
-74.0099
-74.036
-74.0559
-74.0651
-74.0661
-74.0589
-74.0453
-74.034
-74.025
-74.0245
-74.0232
-74.0209
-74.0163
-74.0124
-74.0035
-73.9973
-73.9999
-74.003
-74.0041
-74.0061
-74.0035
-73.9929
-73.9775
-73.9612
-73.9415
-73.926
-73.9232
-73.9203
-73.9134
-73.9061
-73.9045
-73.909
-73.9159
-73.9218
-73.924
-73.9195
-73.9125
-73.9124
-73.917
-73.9161
-73.9067
-73.8905
-73.8711
-73.8568
-73.8517
-73.8537
-73.8536
-73.8499
-73.8442
-73.8465
-73.8526
-73.8553
-73.8592
-73.8687
-73.8804
-73.8848
-73.893
-73.8964
-73.8934
-73.8915
-73.8908
-73.8832
-73.8688
-73.8518
-73.8355
-73.8172
-73.8009
-73.7824
-73.7602
-73.7351
-73.7129
-73.7025
-73.6951
-73.6924
-73.6956
-73.7018
-73.7091
-73.7137
-73.7092
-73.697
-73.6791
-73.6573
-73.6327
-73.6062
-73.5783
-73.5492
-73.5194
-73.4942
-73.4767
-73.4697
-73.4632
-73.4563
-73.4522
-73.4548
-73.4554
-73.4549
-73.451
-73.4476
-73.4407
-73.4307
-73.4225
-73.4139
-73.4164
-73.4273
-73.438
-73.4397
-73.4333
-73.4279
-73.4192
-73.4052
-73.3869
-73.3654
-73.3416
-73.3163
-73.2898
-73.2646
-73.2622
-73.2739
-73.2836
-73.2837
-73.2753
-73.2615
-73.2519
-73.2419
-73.2303
-73.2312
-73.2327
-73.2271
-73.215
-73.2007
-73.1919
-73.181
-73.1657
-73.153
-73.1561
-73.1747
-73.1908
-73.196
-73.1988
-73.1991
-73.1927
-73.1804
-73.1638
-73.1468
-73.1379
-73.137
-73.1339
-73.1246
-73.1101
-73.0919
-73.071
-73.0484
-73.0246
-72.9998
-72.9743
-72.9484
-72.9222
-72.8957
-72.8692
-72.8425
-72.8158
-72.7892
-72.7627
-72.7362
-72.7099
-72.6838
-72.6578
-72.632
-72.6064
-72.581
-72.5558
-72.5309
-72.5061
-72.4816
-72.4574
-72.4334
-72.4096
-72.3861
-72.3629
-72.3399
-72.3171
-72.2946
-72.2723
-72.2503
-72.2286
-72.2071
-72.1858
-72.1647
-72.144
-72.1234
-72.1031
-72.083
-72.0631
-72.0435
-72.0241
-72.005
-71.9906
-71.9924
-71.9949
-71.9926
-71.9859
-71.9761
-71.9641
-71.9508
-71.9364
-71.9214
-71.906
-71.8904
-71.8745
-71.8585
-71.8426
-71.8266
-71.8106
-71.7948
-71.7916
-71.7997
-71.8046
-71.8041
-71.7994
-71.7916
-71.7818
-71.7707
-71.7586
-71.7459
-71.7328
-71.7193
-71.7057
-71.6919
-71.6781
-71.6643
-71.6504
-71.6366
-71.6229
-71.6093
-71.5957
-71.5823
-71.569
-71.5558
-71.5427
-71.5297
-71.5169
-71.5042
-71.4917
-71.4792
-71.467
-71.4548
-71.4428
-71.431
-71.4193
-71.4077
-71.3963
-71.3849
-71.3738
-71.3628
-71.3519
-71.3411
-71.3305
-71.32
-71.3096
-71.2994
-71.2893
-71.2793
-71.2695
-71.2598
-71.2502
-71.2407
-71.2314
-71.2221
-71.213
-71.204
-71.1951
-71.1864
-71.1777
-71.1692
-71.1608
-71.1524
-71.1442
-71.1361
-71.1281
-71.1202
-71.1124
-71.1048
-71.0972
-71.0897
-71.0823
-71.075
-71.0678
-71.0607
-71.0537
-71.0468
-71.04
-71.0332
-71.0266
-71.0201
-71.0136
-71.0072
-71.0009
-70.9947
-70.9886
-70.9826
-70.9766
-70.9708
-70.965
-70.9593
-70.9536
-70.9481
-70.9426
-70.9372
-70.9318
-70.9266
-70.9214
-70.9163
-70.9113
-70.9063
-70.9014
-70.8966
-70.8918
-70.8871
-70.8825
-70.8779
-70.8734
-70.869
-70.8646
-70.8603
-70.856
-70.8519
-70.8477
-70.8437
-70.8397
-70.8357
-70.8318
-70.828
-70.8242
-70.8205
-70.8168
-70.8132
-70.8096
-70.8061
-70.8027
-70.7993
-70.7959
-70.7926
-70.7894
-70.7862
-70.783
-70.7799
-70.7768
-70.7738
-70.7709
-70.7679
-70.7651
-70.7622
-70.7594
-70.7567
-70.754
-70.7513
-70.7487
-70.7461
-70.7436
-70.7411
-70.7387
-70.7362
-70.7339
-70.7315
-70.7292
-70.7269
-70.7247
-70.7225
-70.7204
-70.7182
-70.7161
-70.7141
-70.7121
-70.7101
-70.7081
-70.7062
-70.7043
-70.7025
-70.7007
-70.6989
-70.6971
-70.6954
-70.6937
-70.692
-70.6903
-70.6887
-70.6871
-70.6856
-70.684
-70.6825
-70.6811
-70.6796
-70.6782
-70.6768
-70.6754
-70.6741
-70.6727
-70.6714
-70.6702
-70.6689
-70.6677
-70.6665
-70.6653
-70.6641
-70.663
-70.6619
-70.6608
-70.6597
-70.6586
-70.6576
-70.6566
-70.6556
-70.6546
-70.6537
-70.6528
-70.6518
-70.6509
-70.6501
-70.6492
-70.6484
-70.6475
-70.6467
-70.6459
-70.6452
-70.6444
-70.6437
-70.643
-70.6423
-70.6416
-70.6409
-70.6402
-70.6396
-70.639
-70.6383
-70.6377
-70.6371
-70.6366
-70.636
-70.6355
-70.6349
-70.6344
-70.6339
-70.6334
-70.6329
-70.6325
-70.632
-70.6316
-70.6311
-70.6307
-70.6303
-70.6299
-70.6295
-70.6292
-70.6288
-70.6284
-70.6281
-70.6278
-70.6274
-70.6271
-70.6268
-70.6265
-70.6262
-70.626
-70.6257
-70.6254
-70.6252
-70.625
-70.6247
-70.6245
-70.6243
-70.6241
-70.6239
-70.6237
-70.6235
-70.6234
-70.6232
-70.623
-70.6229
-70.6227
-70.6226
-70.6225
-70.6223
-70.6222
-70.6221
-70.622
-70.6219
-70.6218
-70.6217
-70.6217
-70.6216
-70.6215
-70.6215
-70.6214
-70.6214
-70.6213
-70.6213
-70.6212
-70.6212
-70.6212
-70.6212
-70.6212
-70.6212
-70.6212
-70.6212
-70.6212
-70.6212
-70.6212
-70.6212
-70.6212
-70.6212
-70.6213
-70.6213
-70.6213
-70.6214
-70.6214
-70.6215
-70.6215
-70.6216
-70.6216
-70.6217
-70.6218
-70.6218
-70.6219
-70.622
-70.6221
-70.6222
-70.6222
-70.6223
-70.6224
-70.6225
-70.6226
-70.6227
-70.6228
-70.6229
-70.623
-70.6231
-70.6232
-70.6233
-70.6234
-70.6236
-70.6237
-70.6238
-70.6239
-70.624
-70.6242
-70.6243
-70.6244
-70.6245
-70.6247
-70.6248
-70.6249
-70.6251
-70.6252
-70.6254
-70.6255
-70.6256
-70.6258
-70.6259
-70.6261
-70.6262
-70.6264
-70.6265
-70.6267
-70.6268
-70.627
-70.6271
-70.6273
-70.6274
-70.6276
-70.6278
-70.6279
-70.6281
-70.6282
-70.6284
-70.6286
-70.6287
-70.6289
-70.629
-70.6292
-70.6294
-70.6295
-70.6297
-70.6299
-70.63
-70.6302
-70.6304
-70.6305
-70.6307
-70.6309
-70.631
-70.6312
-70.6314
-70.6315
-70.6317
-70.6319
-70.6321
-70.6322
-70.6324
-70.6326
-70.6327
-70.6329
-70.6331
-70.6332
-70.6334
-70.6336
-70.6338
-70.6339
-70.6341
-70.6343
-70.6344
-70.6346
-70.6348
-70.6349
-70.6351
-70.6353
-70.6355
-70.6356
-70.6358
-70.636
-70.6361
-70.6363
-70.6365
-70.6366
-70.6368
-70.637
-70.6371
-70.6373
-70.6375
-70.6376
-70.6378
-70.638
-70.6381
-70.6383
-70.6384
-70.6386
-70.6388
-70.6389
-70.6391
-70.6393
-70.6394
-70.6396
-70.6397
-70.6399
-70.64
-70.6402
-70.6404
-70.6405
-70.6407
-70.6408
-70.641
-70.6411
-70.6413
-70.6415
-70.6416
-70.6418
-70.6419
-70.6421
-70.6422
-70.6424
-70.6425
-70.6427
-70.6428
-70.643
-70.6431
-70.6433
-70.6434
-70.6436
-70.6437
-70.6438
-70.644
-70.6441
-70.6443
-70.6444
-70.6446
-70.6447
-70.6448
-70.645
-70.6451

