-70
-70.1661
-70.23
-70.2566
-70.2695
-70.2773
-70.283
-70.2879
-70.2925
-70.297
-70.3014
-70.3057
-70.31
-70.3142
-70.3185
-70.3226
-70.3268
-70.3309
-70.335
-70.3391
-70.3431
-70.3471
-70.351
-70.3549
-70.3588
-70.3626
-70.3664
-70.3701
-70.3738
-70.3775
-70.3811
-70.3847
-70.3883
-70.3918
-70.3953
-70.3987
-70.4021
-70.4055
-70.4088
-70.4121
-70.4154
-70.4186
-70.4218
-70.4249
-70.428
-70.4311
-70.4341
-70.4372
-70.4401
-70.4431
-70.446
-70.4489
-70.4517
-70.4545
-70.4573
-70.4601
-70.4628
-70.4655
-70.4682
-70.4708
-70.4734
-70.476
-70.4785
-70.481
-70.4835
-70.486
-70.4884
-70.4908
-70.4932
-70.4955
-70.4978
-70.5001
-70.5024
-70.5046
-70.5068
-70.509
-70.5112
-70.5133
-70.5154
-70.5175
-70.5196
-70.5216
-70.5236
-70.5256
-70.5276
-70.5295
-70.5315
-70.5334
-70.5352
-70.5371
-70.5389
-70.5407
-70.5425
-70.5443
-70.5461
-70.5478
-70.5495
-70.5512
-70.5528
-70.5545
-70.5561
-70.5577
-70.5593
-70.5609
-70.5624
-70.5639
-70.5655
-70.5669
-70.5684
-70.5699
-70.5713
-70.5727
-70.5741
-70.5755
-70.5769
-70.5782
-70.5796
-70.5809
-70.5822
-70.5835
-70.5848
-70.586
-70.5873
-70.5885
-70.5897
-70.5909
-70.5921
-70.5932
-70.5944
-70.5955
-70.5966
-70.5977
-70.5988
-70.5999
-70.601
-70.602
-70.603
-70.6041
-70.6051
-70.6061
-70.6071
-70.608
-70.609
-70.6099
-70.6109
-70.6118
-70.6127
-70.6136
-70.6145
-70.6154
-70.6162
-70.6171
-70.6179
-70.6187
-70.6196
-70.6204
-70.6212
-70.622
-70.6227
-70.6235
-70.6242
-70.625
-70.6257
-70.6265
-70.6272
-70.6279
-70.6286
-70.6293
-70.6299
-70.6306
-70.6313
-70.6319
-70.6325
-70.6332
-70.6338
-70.6344
-70.635
-70.6356
-70.6362
-70.6368
-70.6374
-70.6379
-70.6385
-70.639
-70.6396
-70.6401
-70.6406
-70.6411
-70.6417
-70.6422
-70.6427
-70.6431
-70.6436
-70.6441
-70.6446
-70.645
-70.6455
-70.6459
-70.6464
-70.6468
-70.6472
-70.6476
-70.6481
-70.6485
-70.6489
-70.6493
-70.6497
-70.65
-70.6504
-70.6508
-70.6512
-70.6515
-70.6519
-70.6522
-70.6526
-70.6529
-70.6533
-70.6536
-70.6539
-70.6542
-70.6545
-70.6549
-70.6552
-70.6555
-70.6558
-70.656
-70.6563
-70.6566
-70.6569
-70.6572
-70.6574
-70.6577
-70.658
-70.6582
-70.6585
-70.6587
-70.6589
-70.6592
-70.6594
-70.6597
-70.6599
-70.6601
-70.6603
-70.6605
-70.6607
-70.661
-70.6612
-70.6614
-70.6616
-70.6617
-70.6619
-70.6621
-70.6623
-70.6625
-70.6627
-70.6628
-70.663
-70.6632
-70.6633
-70.6635
-70.6637
-70.6638
-70.664
-70.6641
-70.6643
-70.6644
-70.6646
-70.6647
-70.6648
-70.665
-70.6651
-70.6652
-70.6653
-70.6655
-70.6656
-70.6657
-70.6658
-70.6659
-70.666
-70.6662
-70.6663
-70.6664
-70.6665
-70.6666
-70.6667
-70.6668
-70.6669
-70.667
-70.667
-70.6671
-70.6672
-70.6673
-70.6674
-70.6675
-70.6675
-70.6676
-70.6677
-70.6678
-70.6678
-70.6679
-70.668
-70.668
-70.6681
-70.6682
-70.6682
-70.6683
-70.6683
-70.6684
-70.6685
-70.6685
-70.6686
-70.6686
-70.6687
-70.6687
-70.6688
-70.6688
-70.6688
-70.6689
-70.6689
-70.669
-70.669
-70.669
-70.6691
-70.6691
-70.6691
-70.6692
-70.6692
-70.6692
-70.6693
-70.6693
-70.6693
-70.6694
-70.6694
-70.6694
-70.6694
-70.6694
-70.6695
-70.6695
-70.6695
-70.6695
-70.6695
-70.6696
-70.6696
-70.6696
-70.6696
-70.6696
-70.6696
-70.6696
-70.6697
-70.6697
-70.6697
-70.6697
-70.6697
-70.6697
-70.6697
-70.6697
-70.6697
-70.6697
-70.6697
-70.6697
-70.6697
-70.6697
-70.6697
-70.6697
-70.6697
-70.6697
-70.6697
-70.6697
-70.6697
-70.6697
-70.6697
-70.6697
-70.6697
-70.6697
-70.6697
-70.6697
-70.6697
-70.6697
-70.6697
-70.6697
-70.6697
-70.6697
-70.6697
-70.6696
-70.6696
-70.6696
-70.6696
-70.6696
-70.6696
-70.6696
-70.6696
-70.6696
-70.6695
-70.6695
-70.6695
-70.6695
-70.6695
-70.6695
-70.6695
-70.6695
-70.6694
-70.6694
-70.6694
-70.6694
-70.6694
-70.6694
-70.6693
-70.6693
-70.6693
-70.6693
-70.6693
-70.6693
-70.6693
-70.6692
-70.6692
-70.6692
-70.6692
-70.6692
-70.6691
-70.6691
-70.6691
-70.6691
-70.6691
-70.6691
-70.669
-70.669
-70.669
-70.669
-70.669
-70.6689
-70.6689
-70.6689
-70.6689
-70.6689
-70.6688
-70.6688
-70.6688
-70.6688
-70.6688
-70.6687
-70.6687
-70.6687
-70.6687
-70.6686
-70.6686
-70.6686
-70.6686
-70.6686
-70.6685
-70.6685
-70.6685
-70.6685
-70.6685
-70.6684
-70.6684
-70.6684
-70.6684
-70.6684
-70.6683
-70.6683
-70.6683
-70.6683
-70.6682
-70.6682
-70.6682
-70.6682
-70.6682
-70.6681
-70.6681
-70.6681
-70.6681
-70.6681
-70.6692
-70.8946
-71.6128
-72.4554
-73.232
-73.7749
-74.0678
-74.2149
-74.287
-74.3222
-74.3494
-74.3918
-74.4455
-74.5089
-74.5698
-74.6107
-74.6322
-74.6391
-74.6387
-74.6344
-74.6301
-74.6368
-74.6552
-74.6816
-74.7116
-74.733
-74.7411
-74.7401
-74.7332
-74.7226
-74.7094
-74.6944
-74.6783
-74.6608
-74.6419
-74.6217
-74.6002
-74.5774
-74.5532
-74.5279
-74.5014
-74.4739
-74.4455
-74.4161
-74.386
-74.3552
-74.3237
-74.2916
-74.259
-74.2259
-74.1925
-74.1587
-74.1247
-74.0905
-74.0561
-74.0216
-73.987
-73.9525
-73.9179
-73.8834
-73.8489
-73.8145
-73.7803
-73.7462
-73.7123
-73.6786
-73.645
-73.6117
-73.5786
-73.5457
-73.5131
-73.4807
-73.4486
-73.4168
-73.3852
-73.3539
-73.3229
-73.2921
-73.2617
-73.2315
-73.2016
-73.1719
-73.1426
-73.1135
-73.0848
-73.0563
-73.028
-73.0001
-72.9724
-72.945
-72.9179
-72.8911
-72.8645
-72.8382
-72.8122
-72.7864
-72.7609
-72.7356
-72.7106
-72.6859
-72.6614
-72.6372
-72.6132
-72.5895
-72.566
-72.5428
-72.5198
-72.497
-72.4745
-72.4522
-72.4302
-72.4084
-72.3868
-72.3655
-72.3444
-72.3235
-72.3029
-72.2824
-72.2622
-72.2423
-72.2225
-72.2029
-72.1836
-72.1644
-72.1455
-72.1268
-72.1083
-72.09
-72.0718
-72.0539
-72.0362
-72.0187
-72.0013
-71.9842
-71.9672
-71.9504
-71.9339
-71.9174
-71.9012
-71.8852
-71.8693
-71.8536
-71.8381
-71.8227
-71.8076
-71.7926
-71.7777
-71.7631
-71.7485
-71.7342
-71.72
-71.706
-71.6921
-71.6784
-71.6649
-71.6515
-71.6382
-71.6251
-71.6121
-71.5993
-71.5867
-71.5742
-71.5618
-71.5496
-71.5375
-71.5289
-71.5378
-71.5487
-71.5545
-71.5554
-71.5528
-71.5477
-71.541
-71.5436
-71.5771
-71.6116
-71.644
-71.6708
-71.6879
-71.6968
-71.6999
-71.699
-71.6952
-71.6908
-71.7039
-71.7228
-71.7378
-71.7548
-71.7672
-71.773
-71.7738
-71.7709
-71.7654
-71.7581
-71.7561
-71.7698
-71.7827
-71.7937
-71.8072
-71.8159
-71.8188
-71.8172
-71.8125
-71.8056
-71.7972
-71.7987
-71.8137
-71.8254
-71.8342
-71.8463
-71.8544
-71.8569
-71.8549
-71.8499
-71.8426
-71.8337
-71.8318
-71.8458
-71.8581
-71.8646
-71.8747
-71.8838
-71.8875
-71.8865
-71.8819
-71.8749
-71.8662
-71.858
-71.8676
-71.8816
-71.8897
-71.8936
-71.9024
-71.9092
-71.9109
-71.9083
-71.9026
-71.8947
-71.8852
-71.8808
-71.8937
-71.9061
-71.9122
-71.9143
-71.9218
-71.9277
-71.9287
-71.9256
-71.9195
-71.9112
-71.9015
-71.8951
-71.907
-71.9199
-71.9265
-71.9273
-71.9306
-71.9372
-71.9399
-71.9382
-71.933
-71.9254
-71.9161
-71.9057
-71.9104
-71.9248
-71.9344
-71.9376
-71.936
-71.9398
-71.9453
-71.9466
-71.9437
-71.9377
-71.9408
-71.9545
-71.9644
-71.9679
-71.9664
-71.9612
-71.9536
-71.9487
-71.9507
-71.9511
-71.9478
-71.9514
-71.9664
-71.9783
-71.9835
-71.983
-71.9786
-71.9714
-71.9623
-71.9518
-71.9431
-71.9444
-71.9619
-71.9914
-72.0257
-72.0508
-72.0648
-72.0704
-72.0721
-72.086
-72.1314
-72.2914
-72.5334
-72.774
-72.954
-73.0788
-73.1706
-73.2359
-73.2978
-73.4036
-73.5737
-73.7939
-74.001
-74.1529
-74.2477
-74.3019
-74.3291
-74.3395
-74.3474
-74.3818
-74.4458
-74.5294
-74.5999
-74.6473
-74.6715
-74.68
-74.6789
-74.6721
-74.6651
-74.6666
-74.6806
-74.7055
-74.7288
-74.7453
-74.7526
-74.7526
-74.7474
-74.738
-74.7273
-74.7204
-74.7225
-74.7342
-74.7479
-74.7598
-74.7667
-74.7664
-74.7607
-74.7506
-74.7383
-74.7264
-74.7222
-74.7288
-74.7413
-74.7527
-74.7624
-74.767
-74.7652
-74.758
-74.7473
-74.735
-74.7246
-74.7225
-74.7296
-74.7395
-74.7477
-74.7556
-74.7599
-74.7595
-74.7531
-74.7436
-74.7331
-74.7249
-74.724
-74.7308
-74.7391
-74.7452
-74.7515
-74.755
-74.7553
-74.751
-74.7417
-74.73
-74.7207
-74.7181
-74.7237
-74.7317
-74.7374
-74.7424
-74.7476
-74.7496
-74.749
-74.7442
-74.7355
-74.7242
-74.7182
-74.7196
-74.7262
-74.732
-74.7341
-74.7365
-74.7394
-74.7399
-74.7377
-74.7343
-74.7279
-74.719
-74.7153
-74.7179
-74.7247
-74.7299
-74.7317
-74.7322
-74.7342
-74.7341
-74.7327
-74.7297
-74.7246
-74.718
-74.7139
-74.7138
-74.718
-74.7228
-74.7246
-74.7235
-74.7238
-74.7245
-74.7232
-74.7229
-74.7206
-74.7153
-74.7128
-74.7127
-74.7154
-74.7194
-74.7221
-74.7218
-74.7195
-74.7175
-74.717
-74.7154
-74.7124
-74.7101
-74.7068
-74.7047
-74.7058
-74.7097
-74.7142
-74.7162
-74.7157
-74.7132
-74.711
-74.7091
-74.7083
-74.7069
-74.7023
-74.699
-74.7004
-74.7021
-74.7038
-74.7091
-74.7135
-74.7135
-74.7102
-74.7057
-74.7028
-74.7
-74.6964
-74.6946
-74.692
-74.6869
-74.687
-74.692
-74.6959
-74.7004
-74.705
-74.7082
-74.7071
-74.7027
-74.6981
-74.6947
-74.6908
-74.6871
-74.6845
-74.6825
-74.6803
-74.6795
-74.6814
-74.6878
-74.6949
-74.6992
-74.6998
-74.6976
-74.6946
-74.6898
-74.6848
-74.6811
-74.6769
-74.6738
-74.6727
-74.6717
-74.6711
-74.6686
-74.6693
-74.677
-74.6872
-74.6932
-74.6935
-74.6901
-74.6849
-74.6797
-74.6751
-74.6717
-74.6689
-74.6645
-74.6618
-74.662
-74.6624
-74.6618
-74.6597
-74.6603
-74.6646
-74.6731
-74.6812
-74.6824
-74.6786
-74.6716
-74.6646
-74.6602
-74.6582
-74.6584
-74.6551
-74.6522
-74.6512
-74.6518
-74.6512
-74.6501
-74.6517
-74.6529
-74.6568
-74.6623
-74.6669
-74.6687
-74.6656
-74.6584
-74.6508
-74.6449
-74.6424
-74.6405
-74.6387
-74.6383
-74.6381
-74.6382
-74.6397
-74.6382
-74.638
-74.6396
-74.6407
-74.6434
-74.646
-74.6472
-74.6466
-74.6457
-74.6435
-74.637
-74.6301
-74.6267
-74.6249
-74.6233
-74.6236
-74.6235
-74.6218
-74.6221
-74.6226
-74.6253
-74.6302
-74.6302
-74.6298
-74.6309
-74.6295
-74.6282
-74.6276
-74.6241
-74.6199
-74.6164
-74.6139
-74.6097
-74.6054
-74.6031
-74.6003
-74.5983
-74.597
-74.5957
-74.5986
-74.6019
-74.601
-74.6048
-74.6106
-74.6118
-74.6124
-74.6138
-74.6129
-74.6082
-74.6025
-74.5985
-74.5954
-74.5922
-74.5888
-74.5852
-74.5818
-74.5825
-74.587
-74.5885
-74.5841
-74.5762
-74.5719
-74.5707
-74.5737
-74.5762
-74.5807
-74.5847
-74.5842
-74.5841
-74.5879
-74.5915
-74.5911
-74.5872
-74.5827
-74.5771
-74.5697
-74.5632
-74.5576
-74.552
-74.5432
-74.5389
-74.5408
-74.547
-74.5553
-74.5597
-74.5566
-74.5497
-74.5449
-74.5406
-74.5346
-74.5344
-74.5374
-74.5414
-74.5416
-74.5405
-74.5433
-74.5513
-74.5554
-74.5534
-74.5499
-74.5478
-74.5461
-74.5431
-74.5367
-74.5275
-74.5193
-74.5166
-74.5138
-74.5098
-74.5066
-74.5055
-74.5093
-74.5147
-74.5166
-74.5173
-74.5182
-74.5163
-74.5122
-74.5088
-74.5056
-74.5071
-74.5079
-74.5055
-74.5011
-74.4969
-74.4978
-74.5012
-74.504
-74.5063
-74.504
-74.4988
-74.4939
-74.4913
-74.49
-74.4874
-74.4813
-74.4753
-74.4731
-74.472
-74.4683
-74.4621
-74.4562
-74.4498
-74.4463
-74.4423
-74.4418
-74.4438
-74.4489
-74.4516
-74.4516
-74.4505
-74.4518
-74.457
-74.4603
-74.4587
-74.4534
-74.4466
-74.4395
-74.4372
-74.4343
-74.4366
-74.4386
-74.4342
-74.4222
-74.4121
-74.4123
-74.4153
-74.4191
-74.4187
-74.4179
-74.4183
-74.4147
-74.4116
-74.4094
-74.4035
-74.3967
-74.3895
-74.3828
-74.3757
-74.3682
-74.3622
-74.3601
-74.364
-74.3724
-74.3795
-74.3827
-74.3841
-74.3828
-74.3811
-74.3811
-74.3808
-74.3802
-74.3792
-74.3795
-74.3796
-74.3796
-74.3791
-74.3805
-74.3839
-74.3815
-74.3776
-74.3746
-74.3711
-74.3654
-74.3574
-74.3458
-74.3309
-74.3186
-74.309
-74.3051
-74.3119
-74.3207
-74.3246
-74.3299
-74.3337
-74.3301
-74.3254
-74.3198
-74.3134
-74.3047
-74.2943
-74.2817
-74.2674
-74.2521
-74.2361
-74.2236
-74.218
-74.2208
-74.2261
-74.2316
-74.2362
-74.2362
-74.2338
-74.2289
-74.2299
-74.2395
-74.2465
-74.2489
-74.2514
-74.2543
-74.249
-74.2403
-74.2343
-74.2321
-74.237
-74.242
-74.2425
-74.2437
-74.2447
-74.2414
-74.2331
-74.2264
-74.2312
-74.2377
-74.2409
-74.2422
-74.2378
-74.2305
-74.219
-74.2072
-74.1991
-74.1897
-74.187
-74.1836
-74.1804
-74.1779
-74.1772
-74.1722
-74.1657
-74.1585
-74.1501
-74.1463
-74.1486
-74.1466
-74.1393
-74.126
-74.1071
-74.084
-74.0647
-74.0518
-74.0392
-74.0223
-74.0066
-73.9972
-73.9911
-73.989
-73.9839
-73.9761
-73.9731
-73.9739
-73.9819
-73.9872
-73.9901
-73.9995
-74.0137
-74.0213
-74.0252
-74.0248
-74.0205
-74.011
-74.0006
-73.9914
-73.9843
-73.9835
-73.996
-74.0064
-74.0081
-74.002
-74.0053
-74.0105
-74.0111
-74.0043
-74
-74.0005
-74.0006
-74.0032
-74.0064
-74.0055
-74.0013
-73.9996
-73.9961
-73.9878
-73.9804
-73.9698
-73.9608
-73.9599
-73.9671
-73.9793
-73.9854
-73.987
-73.9869
-73.9868
-73.9833
-73.9797
-73.9705
-73.9602
-73.9552
-73.9548
-73.9514
-73.9406
-73.9251
-73.9107
-73.9053
-73.9081
-73.9188
-73.9292
-73.9379
-73.9457
-73.9517
-73.9565
-73.9544
-73.9483
-73.9362
-73.9212
-73.9078
-73.8988
-73.8875
-73.8707
-73.8493
-73.8246
-73.7975
-73.7702
-73.7471
-73.7231
-73.6968
-73.6685
-73.641
-73.6189
-73.6024
-73.5847
-73.5688
-73.5545
-73.5429
-73.5285
-73.5114
-73.5078
-73.5093
-73.5039
-73.4945
-73.4854
-73.4717
-73.4596
-73.4559
-73.4493
-73.4435
-73.4375
-73.4376
-73.437
-73.4304
-73.425
-73.4233
-73.4182
-73.4103
-73.4033
-73.3918
-73.3752
-73.3689
-73.3764
-73.3783
-73.3716
-73.3582
-73.3402
-73.3256
-73.3127
-73.2964
-73.2766
-73.254
-73.2295
-73.2098
-73.199
-73.2092
-73.2215
-73.2241
-73.2227
-73.2211
-73.2265
-73.2355
-73.2366
-73.2327
-73.2307
-73.2318
-73.2306
-73.2227
-73.2123
-73.2055
-73.1954
-73.1806
-73.1685
-73.1592
-73.1464
-73.1295
-73.114
-73.1109
-73.111
-73.1052
-73.0933
-73.0814
-73.0742
-73.0639
-73.0491
-73.0308
-73.0171
-73.0078
-72.9954
-72.9791
-72.9599
-72.9473
-72.9386
-72.9265
-72.9106
-72.8917
-72.8707
-72.8482
-72.8248
-72.8007
-72.7804
-72.7701
-72.7593
-72.7449
-72.7274
-72.7077
-72.6866
-72.6644
-72.6416
-72.6184
-72.5949
-72.5712
-72.5475
-72.5238
-72.5001
-72.4765
-72.453
-72.4305
-72.4215
-72.4168
-72.4086
-72.3965
-72.3816
-72.3647
-72.3465
-72.3274
-72.3078
-72.2879
-72.2677
-72.2474
-72.2271
-72.2068
-72.1865
-72.1664
-72.1463
-72.1263
-72.1066
-72.0869
-72.0675
-72.0482
-72.0291
-72.0101
-71.9914
-71.9729
-71.9545
-71.9364
-71.9184
-71.9007
-71.8831
-71.8658
-71.8486
-71.8316
-71.8149
-71.7983
-71.7819
-71.7657
-71.7497
-71.7339
-71.7183
-71.7029
-71.6876
-71.6725
-71.6576
-71.6429
-71.6284
-71.614
-71.5998
-71.5858
-71.572
-71.5583
-71.5448
-71.5315
-71.5183
-71.5053
-71.4924
-71.4797
-71.4672
-71.4548
-71.4425
-71.4305
-71.4185
-71.4068
-71.3951
-71.3836
-71.3723
-71.3611
-71.35
-71.3391
-71.3283
-71.3177
-71.3072
-71.2968
-71.2866
-71.2765
-71.2666
-71.2567
-71.247
-71.2374
-71.228
-71.2186
-71.2094
-71.2003
-71.1913
-71.1825
-71.1737
-71.1651
-71.1566
-71.1482
-71.1399
-71.1317
-71.1236
-71.1157
-71.1078
-71.1
-71.0924
-71.0848
-71.0774
-71.07
-71.0627
-71.0556
-71.0485
-71.0415
-71.0347
-71.0279
-71.0212
-71.0146
-71.0081
-71.0017
-70.9953
-70.9891
-70.9829
-70.9768
-70.9708
-70.9649
-70.9591
-70.9533
-70.9477
-70.9421
-70.9366
-70.9311
-70.9258
-70.9205
-70.9153
-70.9101
-70.9051
-70.9001
-70.8952
-70.8903
-70.8855
-70.8808
-70.8762
-70.8716
-70.8671
-70.8626
-70.8582
-70.8539
-70.8496
-70.8455
-70.8413
-70.8372
-70.8332
-70.8293
-70.8254
-70.8215
-70.8177
-70.814
-70.8103
-70.8067
-70.8032
-70.7997
-70.7962
-70.7928
-70.7894
-70.7861
-70.7829
-70.7797
-70.7765
-70.7734
-70.7704
-70.7674
-70.7644
-70.7615
-70.7586
-70.7558
-70.753
-70.7503
-70.7476
-70.7449
-70.7423
-70.7398
-70.7372
-70.7347
-70.7323
-70.7299
-70.7275
-70.7252
-70.7229
-70.7207
-70.7184
-70.7163
-70.7141
-70.712
-70.7099
-70.7079
-70.7059
-70.7039
-70.702
-70.7001
-70.6982
-70.6964
-70.6946
-70.6928
-70.6911
-70.6893
-70.6877
-70.686
-70.6844
-70.6828
-70.6812
-70.6797
-70.6782
-70.6767
-70.6752
-70.6738
-70.6724
-70.671
-70.6697
-70.6683
-70.667
-70.6658
-70.6645
-70.6633
-70.6621
-70.6609
-70.6597
-70.6586
-70.6575
-70.6564
-70.6553
-70.6543
-70.6532
-70.6522
-70.6512
-70.6503
-70.6493
-70.6484
-70.6475
-70.6466
-70.6457
-70.6449
-70.644
-70.6432
-70.6424
-70.6416
-70.6409
-70.6401
-70.6394
-70.6387
-70.638
-70.6373
-70.6366
-70.636
-70.6354
-70.6347
-70.6341
-70.6335
-70.633
-70.6324
-70.6319
-70.6313
-70.6308
-70.6303
-70.6298
-70.6293
-70.6289
-70.6284
-70.628
-70.6275
-70.6271
-70.6267
-70.6263
-70.6259
-70.6256
-70.6252
-70.6249
-70.6245
-70.6242
-70.6239
-70.6236
-70.6233
-70.623
-70.6227
-70.6224
-70.6222
-70.6219
-70.6217
-70.6214
-70.6212
-70.621
-70.6208
-70.6206
-70.6204
-70.6202
-70.6201
-70.6199
-70.6197
-70.6196
-70.6195
-70.6193
-70.6192
-70.6191
-70.619
-70.6189
-70.6188
-70.6187
-70.6186
-70.6185
-70.6184
-70.6184
-70.6183
-70.6182
-70.6182
-70.6182
-70.6181
-70.6181
-70.6181
-70.618
-70.618
-70.618
-70.618
-70.618
-70.618
-70.618
-70.618
-70.618
-70.6181
-70.6181
-70.6181
-70.6182
-70.6182
-70.6182
-70.6183
-70.6183
-70.6184
-70.6185
-70.6185
-70.6186
-70.6186
-70.6187
-70.6188
-70.6189
-70.619
-70.619
-70.6191
-70.6192
-70.6193
-70.6194
-70.6195
-70.6196
-70.6197
-70.6198
-70.62
-70.6201
-70.6202
-70.6203
-70.6204
-70.6205
-70.6207
-70.6208
-70.6209
-70.6211
-70.6212
-70.6213
-70.6215
-70.6216
-70.6217
-70.6219
-70.622
-70.6222
-70.6223
-70.6225
-70.6226
-70.6228
-70.6229
-70.6231
-70.6232
-70.6234
-70.6236
-70.6237
-70.6239
-70.624
-70.6242
-70.6244
-70.6245
-70.6247
-70.6249
-70.625
-70.6252
-70.6254
-70.6256
-70.6257
-70.6259
-70.6261
-70.6262
-70.6264
-70.6266
-70.6268
-70.627
-70.6271
-70.6273
-70.6275
-70.6277
-70.6278
-70.628
-70.6282
-70.6284
-70.6286
-70.6287
-70.6289
-70.6291
-70.6293
-70.6295
-70.6297
-70.6298
-70.63
-70.6302
-70.6304
-70.6306
-70.6307
-70.6309
-70.6311
-70.6313
-70.6315
-70.6317
-70.6318
-70.632
-70.6322
-70.6324
-70.6326
-70.6327
-70.6329
-70.6331
-70.6333
-70.6335
-70.6337
-70.6338
-70.634
-70.6342
-70.6344
-70.6346
-70.6347
-70.6349
-70.6351
-70.6353
-70.6354
-70.6356
-70.6358
-70.636
-70.6362
-70.6363
-70.6365
-70.6367
-70.6369
-70.637
-70.6372
-70.6374
-70.6375
-70.6377
-70.6379
-70.6381
-70.6382
-70.6384
-70.6386
-70.6387
-70.6389
-70.6391
-70.6392
-70.6394
-70.6396
-70.6397
-70.6399
-70.6401
-70.6402
-70.6404
-70.6406
-70.6407
-70.6409
-70.641
-70.6412
-70.6414
-70.6415
-70.6417
-70.6418
-70.642
-70.6421
-70.6423
-70.6425
-70.6426
-70.6428
-70.6429
-70.6431
-70.6432
-70.6434
-70.6435
-70.6437
-70.6438
-70.644
-70.6441
-70.6443
-70.6444
-70.6446
-70.6447
-70.6448
-70.645
-70.6451
-70.6453

