-70
-70.1661
-70.23
-70.2566
-70.2695
-70.2773
-70.283
-70.2879
-70.2925
-70.297
-70.3014
-70.3057
-70.31
-70.3142
-70.3185
-70.3226
-70.3268
-70.3309
-70.335
-70.3391
-70.3431
-70.3471
-70.351
-70.3549
-70.3588
-70.3626
-70.3664
-70.3701
-70.3738
-70.3775
-70.3811
-70.3847
-70.3883
-70.3918
-70.3953
-70.3987
-70.4021
-70.4055
-70.4088
-70.4121
-70.4154
-70.4186
-70.4218
-70.4249
-70.428
-70.4311
-70.4341
-70.4372
-70.4401
-70.4431
-70.446
-70.4489
-70.4517
-70.4545
-70.4573
-70.4601
-70.4628
-70.4655
-70.4682
-70.4708
-70.4734
-70.476
-70.4785
-70.481
-70.4835
-70.486
-70.4884
-70.4908
-70.4932
-70.4955
-70.4978
-70.5001
-70.5024
-70.5046
-70.5068
-70.509
-70.5112
-70.5133
-70.5154
-70.5175
-70.5196
-70.5216
-70.5236
-70.5256
-70.5276
-70.5295
-70.5315
-70.5334
-70.5352
-70.5371
-70.5389
-70.5407
-70.5425
-70.5443
-70.5461
-70.5478
-70.5495
-70.5512
-70.5528
-70.5545
-70.5561
-70.5577
-70.5593
-70.5609
-70.5624
-70.5639
-70.5655
-70.5669
-70.5684
-70.5699
-70.5713
-70.5727
-70.5741
-70.5755
-70.5769
-70.5782
-70.5796
-70.5809
-70.5822
-70.5835
-70.5848
-70.586
-70.5873
-70.5885
-70.5897
-70.5909
-70.5921
-70.5932
-70.5944
-70.5955
-70.5966
-70.5977
-70.5988
-70.5999
-70.601
-70.602
-70.603
-70.6041
-70.6051
-70.6061
-70.6071
-70.608
-70.609
-70.6099
-70.6109
-70.6118
-70.6127
-70.6136
-70.6145
-70.6154
-70.6162
-70.6171
-70.6179
-70.6187
-70.6196
-70.6204
-70.6212
-70.622
-70.6227
-70.6235
-70.6242
-70.625
-70.6257
-70.6265
-70.6272
-70.6279
-70.6286
-70.6293
-70.6299
-70.6306
-70.6313
-70.6319
-70.6325
-70.6332
-70.6338
-70.6344
-70.635
-70.6356
-70.6362
-70.6368
-70.6374
-70.6379
-70.6385
-70.639
-70.6396
-70.6401
-70.6406
-70.6411
-70.6417
-70.6422
-70.6427
-70.6431
-70.6436
-70.6441
-70.6446
-70.645
-70.6455
-70.6459
-70.6464
-70.6468
-70.6472
-70.6476
-70.6481
-70.6485
-70.6489
-70.6493
-70.6497
-70.65
-70.6504
-70.6508
-70.6512
-70.6515
-70.6519
-70.6522
-70.6526
-70.6529
-70.6533
-70.6536
-70.6539
-70.6542
-70.6545
-70.6549
-70.6552
-70.6555
-70.6558
-70.656
-70.6563
-70.6566
-70.6569
-70.6572
-70.6574
-70.6577
-70.658
-70.6582
-70.6585
-70.6587
-70.6589
-70.6592
-70.6594
-70.6597
-70.6599
-70.6601
-70.6603
-70.6605
-70.6607
-70.661
-70.6612
-70.6614
-70.6616
-70.6617
-70.6619
-70.6621
-70.6623
-70.6625
-70.6627
-70.6628
-70.663
-70.6632
-70.6633
-70.6635
-70.6637
-70.6638
-70.664
-70.6641
-70.6643
-70.6644
-70.6646
-70.6647
-70.6648
-70.665
-70.6651
-70.6652
-70.6653
-70.6655
-70.6656
-70.6657
-70.6658
-70.6659
-70.666
-70.6662
-70.6663
-70.6664
-70.6665
-70.6666
-70.6667
-70.6668
-70.6669
-70.667
-70.667
-70.6671
-70.6672
-70.6673
-70.6674
-70.6675
-70.6675
-70.6676
-70.6677
-70.6678
-70.6678
-70.6679
-70.668
-70.668
-70.6681
-70.6682
-70.6682
-70.6683
-70.6683
-70.6684
-70.6685
-70.6685
-70.6686
-70.6686
-70.6687
-70.6687
-70.6688
-70.6688
-70.6688
-70.6689
-70.6689
-70.669
-70.669
-70.669
-70.6691
-70.6691
-70.6691
-70.6692
-70.6692
-70.6692
-70.6693
-70.6693
-70.6693
-70.6694
-70.6694
-70.6694
-70.6694
-70.6694
-70.6695
-70.6695
-70.6695
-70.6695
-70.6695
-70.6696
-70.6696
-70.6696
-70.6696
-70.6696
-70.6696
-70.6696
-70.6697
-70.6697
-70.6697
-70.6697
-70.6697
-70.6697
-70.6697
-70.6697
-70.6697
-70.6697
-70.6697
-70.6697
-70.6697
-70.6697
-70.6697
-70.6697
-70.6697
-70.6697
-70.6697
-70.6697
-70.6697
-70.6697
-70.6697
-70.6697
-70.6697
-70.6697
-70.6697
-70.6697
-70.6697
-70.6697
-70.6697
-70.6697
-70.6697
-70.6697
-70.6697
-70.6696
-70.6696
-70.6696
-70.6696
-70.6696
-70.6696
-70.6696
-70.6696
-70.6696
-70.6695
-70.6695
-70.6695
-70.6695
-70.6695
-70.6695
-70.6695
-70.6695
-70.6694
-70.6694
-70.6694
-70.6694
-70.6694
-70.6694
-70.6693
-70.6693
-70.6693
-70.6693
-70.6693
-70.6693
-70.6693
-70.6692
-70.6692
-70.6692
-70.6692
-70.6692
-70.6691
-70.6691
-70.6691
-70.6691
-70.6691
-70.6691
-70.669
-70.669
-70.669
-70.669
-70.669
-70.6689
-70.6689
-70.6689
-70.6689
-70.6689
-70.6688
-70.6688
-70.6688
-70.6688
-70.6688
-70.6687
-70.6687
-70.6687
-70.6687
-70.6686
-70.6686
-70.6686
-70.6686
-70.6686
-70.6685
-70.6685
-70.6685
-70.6685
-70.6685
-70.6684
-70.6684
-70.6684
-70.6684
-70.6684
-70.6683
-70.6683
-70.6683
-70.6683
-70.6682
-70.6682
-70.6682
-70.6682
-70.6682
-70.6681
-70.6681
-70.6681
-70.6681
-70.6681
-70.6823
-70.967
-71.7899
-72.7427
-73.4775
-73.9401
-74.1852
-74.3036
-74.3597
-74.3872
-74.4108
-74.4534
-74.511
-74.5719
-74.622
-74.6544
-57.1603
-51.9955
-49.7494
-46.9812
-32.4226
-11.863
-38.2821
-68.4572
-69.1646
-68.1846
-67.1338
-65.9943
-64.8783
-63.782
-62.7152
-61.6915
-60.7233
-59.8205
-58.9904
-58.202
-57.4919
-56.8706
-56.3287
-55.859
-55.4546
-55.1107
-54.8193
-54.5752
-54.3673
-54.167
-54.0073
-53.8827
-53.7855
-53.7098
-53.6512
-53.6065
-53.5731
-53.5488
-53.5319
-53.5211
-53.5151
-53.5132
-53.4842
-53.444
-53.4238
-53.4157
-53.414
-53.4156
-53.4193
-53.4242
-53.43
-53.4364
-53.4434
-53.4508
-53.4586
-53.4669
-53.4755
-53.4844
-53.4937
-53.5034
-53.5134
-53.5237
-53.5335
-53.5418
-53.5488
-53.5546
-53.5582
-53.5586
-53.5545
-53.5346
-53.4139
-53.3686
-53.3526
-53.3398
-53.3052
-52.9864
-52.6557
-52.7214
-52.8567
-52.9737
-53.0584
-53.1154
-53.1529
-53.1788
-53.1989
-53.2171
-53.2362
-53.2582
-53.2853
-53.3201
-53.365
-53.4217
-53.4895
-53.5667
-53.6518
-53.7442
-53.8446
-53.9555
-54.078
-54.2094
-54.3492
-54.4982
-54.6582
-54.8304
-55.0161
-55.2165
-55.432
-55.6627
-55.9093
-56.1728
-56.4536
-56.7512
-57.0654
-57.3963
-57.7441
-58.1077
-58.4868
-58.881
-59.2891
-59.71
-60.1428
-60.5857
-61.0375
-61.4965
-61.9607
-62.4286
-62.8979
-63.3669
-63.8335
-64.2959
-64.7522
-65.2006
-65.6396
-66.0675
-66.4831
-66.8853
-67.2729
-67.6453
-68.0018
-68.3441
-68.6811
-69.0017
-69.3018
-69.5821
-69.8438
-70.088
-70.3157
-62.0309
-53.4827
-51.4373
-50.8046
-50.7761
-51.1237
-51.632
-52.1247
-52.5086
-52.7789
-52.9686
-53.1074
-53.2124
-53.2951
-53.3643
-53.4245
-53.4787
-53.5302
-53.5795
-53.6271
-53.6738
-53.7219
-53.7731
-53.8259
-53.8805
-53.939
-54.0002
-54.0657
-54.1362
-54.2099
-54.2865
-54.3672
-54.4575
-54.5573
-54.6611
-54.769
-54.8874
-55.0133
-55.1504
-55.2943
-55.4418
-55.5934
-55.7523
-55.9296
-56.1244
-56.3228
-56.5217
-56.7279
-56.9516
-57.1919
-57.4332
-57.6702
-57.9038
-58.1386
-58.3927
-58.667
-58.9435
-59.2075
-59.4604
-59.7192
-60.0148
-60.3056
-60.5753
-60.8272
-61.0656
-61.313
-61.5691
-61.838
-62.0977
-62.3356
-62.5545
-62.7785
-63.0428
-63.2949
-63.5195
-63.7215
-63.9075
-64.1071
-64.3091
-64.5222
-64.7266
-64.9097
-65.0746
-65.2446
-65.4365
-65.633
-65.8082
-65.9616
-66.0987
-66.2451
-66.3952
-66.5439
-66.6993
-66.8404
-66.9646
-67.09
-67.223
-67.3536
-67.4921
-67.6183
-67.7285
-67.8324
-67.9525
-68.0728
-68.2018
-68.3373
-68.4778
-68.6156
-68.7422
-68.8731
-68.9947
-69.103
-69.2154
-69.3233
-69.4192
-69.5042
-69.5855
-69.6861
-69.7933
-69.8878
-69.9743
-70.0639
-70.1447
-70.2262
-70.3059
-70.3754
-70.4351
-70.4873
-70.5338
-70.586
-70.659
-70.7297
-70.7998
-70.8846
-70.9799
-71.0863
-71.1824
-71.2579
-71.3159
-71.3616
-71.413
-71.5078
-71.7041
-71.9917
-72.3161
-72.5841
-72.7925
-72.9467
-73.0622
-73.1643
-73.2969
-73.5108
-73.7632
-73.9912
-74.1652
-74.2777
-74.345
-74.3828
-74.4033
-74.4246
-74.4645
-74.5318
-74.6
-74.6546
-74.6929
-74.7152
-74.7255
-74.7282
-74.7269
-74.7273
-74.7348
-74.7522
-74.7709
-74.7867
-74.7981
-74.805
-74.8064
-74.8038
-74.7985
-74.7937
-74.7915
-74.7952
-74.8024
-74.8101
-74.8161
-74.8195
-74.82
-74.8167
-74.8109
-74.8038
-74.7976
-74.7958
-74.7992
-74.8056
-74.8115
-74.8155
-74.8173
-74.8162
-74.8119
-74.806
-74.7993
-74.7938
-74.7926
-74.7958
-74.8014
-74.8061
-74.8091
-74.8102
-74.8083
-74.8038
-74.799
-74.7942
-74.7893
-74.7879
-74.7903
-74.7947
-74.7993
-74.802
-74.8034
-74.8018
-74.7984
-74.7933
-74.7888
-74.7844
-74.7815
-74.7832
-74.7861
-74.7896
-74.7929
-74.7953
-74.7956
-74.7928
-74.7885
-74.7837
-74.7795
-74.7757
-74.7757
-74.7789
-74.782
-74.7851
-74.7872
-74.788
-74.7873
-74.7841
-74.7798
-74.7753
-74.7712
-74.7678
-74.7686
-74.7728
-74.7761
-74.7783
-74.7795
-74.7799
-74.7793
-74.7771
-74.7733
-74.769
-74.7652
-74.7627
-74.7623
-74.7653
-74.7682
-74.7705
-74.7716
-74.7722
-74.7717
-74.7704
-74.7679
-74.7648
-74.7611
-74.7566
-74.7535
-74.7546
-74.7578
-74.7605
-74.7626
-74.7643
-74.7646
-74.7642
-74.7626
-74.7611
-74.759
-74.756
-74.7513
-74.7461
-74.7449
-74.7472
-74.7503
-74.753
-74.7559
-74.7571
-74.7573
-74.7562
-74.7536
-74.7517
-74.7502
-74.7464
-74.7419
-74.7378
-74.7366
-74.7371
-74.7396
-74.7434
-74.7484
-74.7511
-74.7503
-74.7478
-74.7458
-74.7435
-74.7423
-74.7391
-74.7344
-74.731
-74.7292
-74.7275
-74.7285
-74.731
-74.7344
-74.7396
-74.7423
-74.7415
-74.739
-74.7366
-74.7343
-74.7316
-74.7282
-74.7244
-74.7224
-74.7217
-74.7204
-74.7201
-74.7225
-74.7227
-74.7245
-74.7295
-74.7317
-74.7307
-74.7284
-74.7269
-74.7244
-74.719
-74.7137
-74.7111
-74.7128
-74.7128
-74.7116
-74.7108
-74.712
-74.7123
-74.7125
-74.7144
-74.718
-74.7189
-74.7196
-74.7187
-74.7156
-74.7116
-74.7059
-74.702
-74.7017
-74.7025
-74.7022
-74.7004
-74.6989
-74.6994
-74.7006
-74.7003
-74.7019
-74.7032
-74.703
-74.7038
-74.7049
-74.7034
-74.6988
-74.6944
-74.691
-74.6911
-74.6923
-74.6912
-74.6884
-74.6865
-74.684
-74.6854
-74.6876
-74.6869
-74.6888
-74.6901
-74.6917
-74.6915
-74.6894
-74.6898
-74.6883
-74.6829
-74.6787
-74.6777
-74.6792
-74.6801
-74.6772
-74.6722
-74.6696
-74.6684
-74.6688
-74.6701
-74.6695
-74.6689
-74.6718
-74.6758
-74.6767
-74.6737
-74.6702
-74.6673
-74.665
-74.6627
-74.6595
-74.6595
-74.6606
-74.6602
-74.6598
-74.6573
-74.6543
-74.6522
-74.6526
-74.6516
-74.6532
-74.6542
-74.6528
-74.6554
-74.6583
-74.6573
-74.6554
-74.6542
-74.6545
-74.6553
-74.6531
-74.6472
-74.6399
-74.6358
-74.6357
-74.6353
-74.6324
-74.6299
-74.6298
-74.6309
-74.6298
-74.6274
-74.6281
-74.6322
-74.634
-74.6351
-74.6354
-74.6364
-74.6356
-74.6329
-74.631
-74.6273
-74.6242
-74.6227
-74.6209
-74.6189
-74.613
-74.6085
-74.603
-74.5992
-74.5975
-74.5976
-74.5985
-74.6015
-74.6024
-74.6012
-74.6008
-74.6013
-74.6073
-74.6138
-74.6149
-74.6124
-74.6135
-74.6142
-74.6109
-74.6087
-74.6087
-74.6053
-74.5969
-74.5917
-74.5913
-74.5911
-74.5878
-74.5849
-74.5793
-74.5723
-74.5674
-74.5641
-74.5608
-74.5589
-74.556
-74.5537
-74.5575
-74.5648
-74.5688
-74.5701
-74.5739
-74.5766
-74.5794
-74.5809
-74.5813
-74.5795
-74.5763
-74.5749
-74.5726
-74.5699
-74.5639
-74.5552
-74.546
-74.5426
-74.5407
-74.538
-74.5416
-74.5462
-74.5441
-74.5363
-74.5277
-74.5181
-74.5094
-74.5016
-74.4944
-74.4934
-74.4958
-74.4987
-74.5036
-74.5113
-74.5212
-74.5281
-74.5326
-74.5357
-74.5366
-74.5334
-74.5272
-74.5222
-74.5221
-74.5242
-74.5249
-74.5221
-74.5189
-74.5152
-74.509
-74.5014
-74.492
-74.4863
-74.4888
-74.4943
-74.5037
-74.5082
-74.5046
-74.4958
-74.4885
-74.4824
-74.4754
-74.4635
-74.4516
-74.4413
-74.4324
-74.4306
-74.4336
-74.4407
-74.449
-74.4512
-74.4484
-74.4436
-74.4422
-74.4457
-74.4518
-74.4574
-74.4592
-74.4583
-74.458
-74.4616
-74.4664
-74.4691
-74.4662
-74.4614
-74.4535
-74.4414
-74.4312
-74.4239
-74.4209
-74.4164
-74.4091
-74.4005
-74.3935
-74.3987
-74.4073
-74.4178
-74.425
-74.4243
-74.4191
-74.4123
-74.4101
-74.4062
-74.3975
-74.3895
-74.3842
-74.3759
-74.368
-74.3611
-74.3572
-74.3526
-74.3481
-74.3471
-74.3435
-74.3413
-74.3383
-74.3347
-74.3296
-74.322
-74.3102
-74.2996
-74.2924
-74.2925
-74.2947
-74.3107
-74.3296
-74.3386
-74.344
-74.3464
-74.3488
-74.3505
-74.3468
-74.3372
-74.3298
-74.3247
-74.3185
-74.3111
-74.3084
-74.3079
-74.3028
-74.2953
-74.2845
-74.2713
-74.2636
-74.2565
-74.2554
-74.2613
-74.2643
-74.2612
-74.2605
-74.2683
-74.2839
-74.3034
-74.3191
-74.3267
-74.3231
-74.3115
-74.2991
-74.2898
-74.2792
-74.2672
-74.2545
-74.2451
-74.2337
-74.2225
-74.2107
-74.1984
-74.1928
-74.1935
-74.1893
-74.1836
-74.1752
-74.165
-74.1536
-74.1406
-74.1294
-74.1201
-74.1064
-74.0907
-74.0716
-74.0522
-74.0534
-74.0625
-74.0731
-74.0859
-74.0931
-74.0939
-74.094
-74.1005
-74.1117
-74.1204
-74.1265
-74.1305
-74.1272
-74.1258
-74.1226
-74.1227
-74.1244
-74.122
-74.1153
-74.1136
-74.1191
-74.1218
-74.1155
-74.1013
-74.0845
-74.0737
-74.0644
-74.0606
-74.0524
-74.0407
-74.0361
-74.0397
-74.0456
-74.0488
-74.0487
-74.0404
-74.0293
-74.0193
-74.0088
-74.004
-74.0069
-74.0153
-74.0193
-74.0244
-74.0316
-74.0414
-74.0474
-74.0555
-74.0688
-74.0771
-74.0748
-74.0679
-74.0644
-74.0651
-74.065
-74.0586
-74.0486
-74.0333
-74.0132
-73.9962
-73.9813
-73.9625
-73.9415
-73.9216
-73.9071
-73.9045
-73.9079
-73.914
-73.9153
-73.9241
-73.9315
-73.9377
-73.9357
-73.926
-73.9154
-73.9083
-73.9003
-73.8871
-73.8737
-73.8572
-73.8384
-73.8208
-73.8006
-73.7769
-73.7533
-73.736
-73.7212
-73.7027
-73.6801
-73.6545
-73.628
-73.6129
-73.6107
-73.6095
-73.6057
-73.5989
-73.5859
-73.5675
-73.5453
-73.5226
-73.5119
-73.512
-73.5292
-73.5433
-73.5525
-73.5585
-73.5589
-73.5561
-73.5507
-73.5419
-73.5371
-73.5341
-73.5323
-73.5326
-73.5291
-73.5188
-73.5112
-73.5115
-73.5134
-73.5085
-73.4965
-73.4792
-73.461
-73.447
-73.4309
-73.4111
-73.3883
-73.3634
-73.3426
-73.3258
-73.3118
-73.3008
-73.2976
-73.3174
-73.3433
-73.3675
-73.3833
-73.3944
-73.3964
-73.3898
-73.3797
-73.372
-73.3608
-73.345
-73.326
-73.3125
-73.301
-73.2941
-73.2844
-73.27
-73.2595
-73.2494
-73.2351
-73.2185
-73.2077
-73.1957
-73.1821
-73.1739
-73.1651
-73.1608
-73.1536
-73.1411
-73.1241
-73.1108
-73.1013
-73.0885
-73.0717
-73.0518
-73.0297
-73.0062
-72.99
-72.9783
-72.9639
-72.9461
-72.9256
-72.9033
-72.8798
-72.8554
-72.8336
-72.8223
-72.8111
-72.7965
-72.7786
-72.7585
-72.7369
-72.7143
-72.6909
-72.6672
-72.6431
-72.6189
-72.5946
-72.5704
-72.5461
-72.5219
-72.4979
-72.474
-72.4502
-72.4266
-72.413
-72.4081
-72.4011
-72.39
-72.3758
-72.3593
-72.3415
-72.3295
-72.3289
-72.3265
-72.3193
-72.3083
-72.2946
-72.2789
-72.262
-72.2442
-72.2258
-72.2071
-72.1881
-72.1689
-72.1497
-72.1305
-72.1112
-72.0921
-72.073
-72.054
-72.0352
-72.0225
-72.0246
-72.0263
-72.0232
-72.0159
-72.0055
-71.9932
-71.9795
-71.9649
-71.9497
-71.934
-71.9181
-71.9021
-71.8859
-71.8697
-71.8535
-71.8374
-71.8213
-71.8053
-71.7894
-71.7736
-71.758
-71.7425
-71.7271
-71.7119
-71.6968
-71.6819
-71.6672
-71.6526
-71.6382
-71.6239
-71.6098
-71.5958
-71.582
-71.5684
-71.555
-71.5416
-71.5285
-71.5155
-71.5026
-71.49
-71.4774
-71.465
-71.4528
-71.4407
-71.4288
-71.417
-71.4054
-71.3939
-71.3825
-71.3713
-71.3602
-71.3493
-71.3385
-71.3278
-71.3173
-71.3069
-71.2967
-71.2866
-71.2766
-71.2667
-71.257
-71.2474
-71.2379
-71.2285
-71.2193
-71.2101
-71.2011
-71.1922
-71.1835
-71.1748
-71.1663
-71.1578
-71.1495
-71.1413
-71.1332
-71.1251
-71.1172
-71.1094
-71.1018
-71.0942
-71.0867
-71.0793
-71.072
-71.0648
-71.0577
-71.0507
-71.0438
-71.0369
-71.0302
-71.0236
-71.017
-71.0106
-71.0042
-70.9979
-70.9917
-70.9856
-70.9795
-70.9736
-70.9677
-70.9619
-70.9562
-70.9506
-70.945
-70.9396
-70.9342
-70.9288
-70.9236
-70.9184
-70.9133
-70.9083
-70.9033
-70.8984
-70.8936
-70.8888
-70.8841
-70.8795
-70.875
-70.8705
-70.866
-70.8617
-70.8574
-70.8531
-70.8489
-70.8448
-70.8408
-70.8368
-70.8328
-70.829
-70.8251
-70.8214
-70.8176
-70.814
-70.8104
-70.8068
-70.8033
-70.7999
-70.7965
-70.7931
-70.7899
-70.7866
-70.7834
-70.7803
-70.7772
-70.7741
-70.7711
-70.7682
-70.7653
-70.7624
-70.7596
-70.7568
-70.7541
-70.7514
-70.7487
-70.7461
-70.7435
-70.741
-70.7385
-70.7361
-70.7337
-70.7313
-70.729
-70.7267
-70.7244
-70.7222
-70.72
-70.7179
-70.7158
-70.7137
-70.7117
-70.7096
-70.7077
-70.7057
-70.7038
-70.7019
-70.7001
-70.6983
-70.6965
-70.6948
-70.693
-70.6913
-70.6897
-70.6881
-70.6864
-70.6849
-70.6833
-70.6818
-70.6803
-70.6788
-70.6774
-70.676
-70.6746
-70.6732
-70.6719
-70.6706
-70.6693
-70.668
-70.6668
-70.6656
-70.6644
-70.6632
-70.6621
-70.6609
-70.6598
-70.6588
-70.6577
-70.6567
-70.6556
-70.6546
-70.6537
-70.6527
-70.6517
-70.6508
-70.6499
-70.649
-70.6482
-70.6473
-70.6465
-70.6457
-70.6449
-70.6441
-70.6434
-70.6426
-70.6419
-70.6412
-70.6405
-70.6398
-70.6391
-70.6385
-70.6379
-70.6372
-70.6366
-70.636
-70.6355
-70.6349
-70.6344
-70.6338
-70.6333
-70.6328
-70.6323
-70.6318
-70.6313
-70.6309
-70.6304
-70.63
-70.6296
-70.6292
-70.6288
-70.6284
-70.628
-70.6277
-70.6273
-70.627
-70.6266
-70.6263
-70.626
-70.6257
-70.6254
-70.6251
-70.6248
-70.6246
-70.6243
-70.6241
-70.6238
-70.6236
-70.6234
-70.6232
-70.623
-70.6228
-70.6226
-70.6224
-70.6222
-70.6221
-70.6219
-70.6218
-70.6216
-70.6215
-70.6214
-70.6213
-70.6211
-70.621
-70.6209
-70.6208
-70.6207
-70.6207
-70.6206
-70.6205
-70.6205
-70.6204
-70.6203
-70.6203
-70.6203
-70.6202
-70.6202
-70.6202
-70.6201
-70.6201
-70.6201
-70.6201
-70.6201
-70.6201
-70.6201
-70.6201
-70.6202
-70.6202
-70.6202
-70.6202
-70.6203
-70.6203
-70.6203
-70.6204
-70.6204
-70.6205
-70.6206
-70.6206
-70.6207
-70.6207
-70.6208
-70.6209
-70.621
-70.621
-70.6211
-70.6212
-70.6213
-70.6214
-70.6215
-70.6216
-70.6217
-70.6218
-70.6219
-70.622
-70.6221
-70.6222
-70.6223
-70.6224
-70.6226
-70.6227
-70.6228
-70.6229
-70.623
-70.6232
-70.6233
-70.6234
-70.6236
-70.6237
-70.6238
-70.624
-70.6241
-70.6243
-70.6244
-70.6245
-70.6247
-70.6248
-70.625
-70.6251
-70.6253
-70.6254
-70.6256
-70.6257
-70.6259
-70.6261
-70.6262
-70.6264
-70.6265
-70.6267
-70.6269
-70.627
-70.6272
-70.6273
-70.6275
-70.6277
-70.6278
-70.628
-70.6282
-70.6283
-70.6285
-70.6287
-70.6288
-70.629
-70.6292
-70.6294
-70.6295
-70.6297
-70.6299
-70.63
-70.6302
-70.6304
-70.6306
-70.6307
-70.6309
-70.6311
-70.6312
-70.6314
-70.6316
-70.6318
-70.6319
-70.6321
-70.6323
-70.6325
-70.6326
-70.6328
-70.633
-70.6332
-70.6333
-70.6335
-70.6337
-70.6339
-70.634
-70.6342
-70.6344
-70.6346
-70.6347
-70.6349
-70.6351
-70.6352
-70.6354
-70.6356
-70.6358
-70.6359
-70.6361
-70.6363
-70.6364
-70.6366
-70.6368
-70.6369
-70.6371
-70.6373
-70.6375
-70.6376
-70.6378
-70.638
-70.6381
-70.6383
-70.6385
-70.6386
-70.6388
-70.6389
-70.6391
-70.6393
-70.6394
-70.6396
-70.6398
-70.6399
-70.6401
-70.6402
-70.6404
-70.6406
-70.6407
-70.6409
-70.641
-70.6412
-70.6413
-70.6415
-70.6417
-70.6418
-70.642
-70.6421
-70.6423
-70.6424
-70.6426
-70.6427
-70.6429
-70.643
-70.6432

