-70
-70.1661
-70.23
-70.2566
-70.2695
-70.2773
-70.283
-70.2879
-70.2925
-70.297
-70.3014
-70.3057
-70.31
-70.3142
-70.3185
-70.3226
-70.3268
-70.3309
-70.335
-70.3391
-70.3431
-70.3471
-70.351
-70.3549
-70.3588
-70.3626
-70.3664
-70.3701
-70.3738
-70.3775
-70.3811
-70.3847
-70.3883
-70.3918
-70.3953
-70.3987
-70.4021
-70.4055
-70.4088
-70.4121
-70.4154
-70.4186
-70.4218
-70.4249
-70.428
-70.4311
-70.4341
-70.4372
-70.4401
-70.4431
-70.446
-70.4489
-70.4517
-70.4545
-70.4573
-70.4601
-70.4628
-70.4655
-70.4682
-70.4708
-70.4734
-70.476
-70.4785
-70.481
-70.4835
-70.486
-70.4884
-70.4908
-70.4932
-70.4955
-70.4978
-70.5001
-70.5024
-70.5046
-70.5068
-70.509
-70.5112
-70.5133
-70.5154
-70.5175
-70.5196
-70.5216
-70.5236
-70.5256
-70.5276
-70.5295
-70.5315
-70.5334
-70.5352
-70.5371
-70.5389
-70.5407
-70.5425
-70.5443
-70.5461
-70.5478
-70.5495
-70.5512
-70.5528
-70.5545
-70.5561
-70.5577
-70.5593
-70.5609
-70.5624
-70.5639
-70.5655
-70.5669
-70.5684
-70.5699
-70.5713
-70.5727
-70.5741
-70.5755
-70.5769
-70.5782
-70.5796
-70.5809
-70.5822
-70.5835
-70.5848
-70.586
-70.5873
-70.5885
-70.5897
-70.5909
-70.5921
-70.5932
-70.5944
-70.5955
-70.5966
-70.5977
-70.5988
-70.5999
-70.601
-70.602
-70.603
-70.6041
-70.6051
-70.6061
-70.6071
-70.608
-70.609
-70.6099
-70.6109
-70.6118
-70.6127
-70.6136
-70.6145
-70.6154
-70.6162
-70.6171
-70.6179
-70.6187
-70.6196
-70.6204
-70.6212
-70.622
-70.6227
-70.6235
-70.6242
-70.625
-70.6257
-70.6265
-70.6272
-70.6279
-70.6286
-70.6293
-70.6299
-70.6306
-70.6313
-70.6319
-70.6325
-70.6332
-70.6338
-70.6344
-70.635
-70.6356
-70.6362
-70.6368
-70.6374
-70.6379
-70.6385
-70.639
-70.6396
-70.6401
-70.6406
-70.6411
-70.6417
-70.6422
-70.6427
-70.6431
-70.6436
-70.6441
-70.6446
-70.645
-70.6455
-70.6459
-70.6464
-70.6468
-70.6472
-70.6476
-70.6481
-70.6485
-70.6489
-70.6493
-70.6497
-70.65
-70.6504
-70.6508
-70.6512
-70.6515
-70.6519
-70.6522
-70.6526
-70.6529
-70.6533
-70.6536
-70.6539
-70.6542
-70.6545
-70.6549
-70.6552
-70.6555
-70.6558
-70.656
-70.6563
-70.6566
-70.6569
-70.6572
-70.6574
-70.6577
-70.658
-70.6582
-70.6585
-70.6587
-70.6589
-70.6592
-70.6594
-70.6597
-70.6599
-70.6601
-70.6603
-70.6605
-70.6607
-70.661
-70.6612
-70.6614
-70.6616
-70.6617
-70.6619
-70.6621
-70.6623
-70.6625
-70.6627
-70.6628
-70.663
-70.6632
-70.6633
-70.6635
-70.6637
-70.6638
-70.664
-70.6641
-70.6643
-70.6644
-70.6646
-70.6647
-70.6648
-70.665
-70.6651
-70.6652
-70.6653
-70.6655
-70.6656
-70.6657
-70.6658
-70.6659
-70.666
-70.6662
-70.6663
-70.6664
-70.6665
-70.6666
-70.6667
-70.6668
-70.6669
-70.667
-70.667
-70.6671
-70.6672
-70.6673
-70.6674
-70.6675
-70.6675
-70.6676
-70.6677
-70.6678
-70.6678
-70.6679
-70.668
-70.668
-70.6681
-70.6682
-70.6682
-70.6683
-70.6683
-70.6684
-70.6685
-70.6685
-70.6686
-70.6686
-70.6687
-70.6687
-70.6688
-70.6688
-70.6688
-70.6689
-70.6689
-70.669
-70.669
-70.669
-70.6691
-70.6691
-70.6691
-70.6692
-70.6692
-70.6692
-70.6693
-70.6693
-70.6693
-70.6694
-70.6694
-70.6694
-70.6694
-70.6694
-70.6695
-70.6695
-70.6695
-70.6695
-70.6695
-70.6696
-70.6696
-70.6696
-70.6696
-70.6696
-70.6696
-70.6696
-70.6697
-70.6697
-70.6697
-70.6697
-70.6697
-70.6697
-70.6697
-70.6697
-70.6697
-70.6697
-70.6697
-70.6697
-70.6697
-70.6697
-70.6697
-70.6697
-70.6697
-70.6697
-70.6697
-70.6697
-70.6697
-70.6697
-70.6697
-70.6697
-70.6697
-70.6697
-70.6697
-70.6697
-70.6697
-70.6697
-70.6697
-70.6697
-70.6697
-70.6697
-70.6697
-70.6696
-70.6696
-70.6696
-70.6696
-70.6696
-70.6696
-70.6696
-70.6696
-70.6696
-70.6695
-70.6695
-70.6695
-70.6695
-70.6695
-70.6695
-70.6695
-70.6695
-70.6694
-70.6694
-70.6694
-70.6694
-70.6694
-70.6694
-70.6693
-70.6693
-70.6693
-70.6693
-70.6693
-70.6693
-70.6693
-70.6692
-70.6692
-70.6692
-70.6692
-70.6692
-70.6691
-70.6691
-70.6691
-70.6691
-70.6691
-70.6691
-70.669
-70.669
-70.669
-70.669
-70.669
-70.6689
-70.6689
-70.6689
-70.6689
-70.6689
-70.6688
-70.6688
-70.6688
-70.6688
-70.6688
-70.6687
-70.6687
-70.6687
-70.6687
-70.6686
-70.6686
-70.6686
-70.6686
-70.6686
-70.6685
-70.6685
-70.6685
-70.6685
-59.1694
-52.6306
-50.4459
-48.7191
-45.9461
-27.0879
-15.3362
-41.5325
-68.2106
-68.4227
-67.4033
-66.336
-65.2539
-64.1751
-63.1169
-62.0955
-61.1246
-60.2157
-59.3767
-58.6129
-57.9294
-57.3778
-56.9783
-56.6449
-56.3559
-55.9757
-55.1108
-54.6624
-54.3551
-54.1459
-53.9936
-53.8778
-53.7887
-53.7202
-53.6681
-53.629
-53.6006
-53.5812
-53.5693
-53.5636
-53.5637
-53.5704
-53.5681
-53.5074
-53.4723
-53.4562
-53.4314
-53.4183
-53.4152
-53.4112
-53.4052
-53.4043
-53.4037
-53.4007
-53.4009
-53.4027
-53.401
-53.4011
-53.4028
-53.4016
-53.4016
-53.4033
-53.4062
-53.4059
-53.4056
-53.4068
-53.4065
-53.4056
-53.4062
-53.408
-53.4104
-53.4127
-53.4113
-53.4107
-53.4114
-53.4096
-53.4085
-53.4089
-53.4102
-53.4122
-53.4146
-53.4173
-53.4202
-53.4181
-53.4156
-53.415
-53.4133
-53.4106
-53.4097
-53.4101
-53.4113
-53.413
-53.4149
-53.4171
-53.4194
-53.4219
-53.4244
-53.4271
-53.4297
-53.4308
-53.4216
-53.415
-53.4117
-53.4078
-53.4033
-53.4007
-53.399
-53.3972
-53.3943
-53.3889
-53.3762
-53.3183
-53.0121
-52.957
-53.0213
-53.0957
-53.1547
-53.1962
-53.2242
-53.2434
-53.2578
-53.2701
-53.2823
-53.296
-53.3125
-53.3334
-53.367
-53.4105
-53.4297
-53.4392
-53.4436
-53.4415
-53.4404
-53.4413
-53.4442
-53.4486
-53.4543
-53.4612
-53.4693
-53.4786
-53.4892
-53.5012
-53.5145
-53.5293
-53.5456
-53.5637
-53.5836
-53.6055
-53.6294
-53.6557
-53.6844
-53.7158
-53.7502
-53.7879
-53.8291
-53.874
-53.9229
-53.9762
-54.0341
-54.097
-54.1652
-54.2391
-54.261
-53.6588
-53.4496
-53.3996
-53.4
-53.3882
-53.381
-53.3863
-53.397
-53.4096
-53.4225
-53.4353
-53.4478
-53.46
-53.4722
-53.4845
-53.497
-53.51
-53.5234
-53.5377
-53.5527
-53.5688
-53.586
-53.6046
-53.6246
-53.6462
-53.6696
-53.695
-53.7227
-53.7528
-53.7856
-53.8213
-53.86
-53.902
-53.9476
-53.997
-54.0505
-54.1083
-54.1707
-54.238
-54.3103
-54.3879
-54.4712
-54.4553
-53.5962
-53.3551
-53.3103
-53.32
-53.3386
-53.3395
-53.3473
-53.3597
-53.3732
-53.3863
-53.3985
-53.4098
-53.4204
-53.4304
-53.4399
-53.4493
-53.4587
-53.4681
-53.4778
-53.4879
-53.4985
-53.5097
-53.5217
-53.5345
-53.5483
-53.5632
-53.5793
-53.5967
-53.6156
-53.636
-53.6582
-53.6822
-53.7084
-53.7369
-53.7678
-53.8015
-53.8373
-53.8724
-53.9087
-53.9465
-53.9861
-54.0275
-54.07
-54.1129
-54.1558
-54.1977
-54.2375
-54.2742
-54.3062
-54.3321
-54.3497
-54.3556
-53.5809
-53.2867
-53.2365
-53.2455
-53.2649
-53.2803
-53.2882
-53.2827
-53.1385
-52.9784
-53.0194
-53.096
-53.1609
-53.2074
-53.2391
-53.2607
-53.2762
-53.2886
-53.2998
-53.3114
-53.3244
-53.3402
-53.36
-53.3852
-53.4162
-53.4527
-53.4938
-53.539
-53.5882
-53.6419
-53.7019
-53.7676
-53.8386
-53.915
-53.9977
-54.0875
-54.185
-54.2909
-54.4053
-54.5293
-53.7939
-53.4733
-53.3956
-53.3914
-53.4092
-53.4332
-53.4587
-53.4738
-53.444
-53.4307
-53.4311
-53.438
-53.448
-53.4594
-53.4717
-53.4847
-53.4984
-53.5129
-53.5285
-53.5451
-53.5627
-53.5812
-53.6011
-53.6224
-53.6454
-53.6718
-53.7045
-53.7412
-53.7824
-53.8279
-53.8768
-53.9277
-53.9823
-54.04
-54.1042
-54.1898
-54.3006
-54.4183
-54.5395
-54.6637
-54.7897
-54.9195
-55.0569
-55.2055
-55.3703
-55.573
-55.8073
-56.0528
-56.3043
-56.5642
-56.8318
-57.1083
-57.3974
-57.7051
-58.033
-58.3974
-58.8065
-59.2396
-59.6812
-60.1281
-60.5743
-61.024
-61.4755
-61.9343
-62.4025
-62.889
-63.4208
-63.9702
-64.5207
-65.0548
-65.5687
-66.059
-66.5315
-66.9856
-67.4257
-67.856
-68.2944
-68.75
-69.1914
-69.6131
-70.0021
-70.358
-70.6824
-70.9819
-71.2588
-71.5167
-71.7602
-72.0056
-72.2521
-72.482
-72.6946
-72.8855
-73.0537
-73.2018
-73.3338
-73.4529
-73.5607
-73.6604
-73.7612
-73.8642
-73.9594
-74.0456
-74.1226
-74.189
-74.2447
-74.2922
-74.3342
-74.3711
-74.404
-74.4376
-74.476
-74.5139
-74.5469
-74.5759
-74.6009
-74.6215
-74.6374
-74.6491
-74.6591
-74.6674
-74.6754
-74.6861
-74.7015
-74.7168
-74.7284
-74.7379
-74.7456
-74.7514
-74.7553
-74.7566
-74.7558
-74.755
-74.7553
-74.7575
-74.765
-74.7738
-74.7786
-74.7816
-74.7838
-74.7846
-74.7853
-74.7849
-74.7821
-74.7782
-74.7752
-74.7735
-74.7761
-74.7824
-74.7876
-74.7891
-74.7892
-74.7891
-74.7876
-74.7867
-74.7855
-74.783
-74.7791
-74.775
-74.7731
-74.7746
-74.7793
-74.7836
-74.7853
-74.7846
-74.7835
-74.7821
-74.7802
-74.7785
-74.7773
-74.7748
-74.7713
-74.7681
-74.7673
-74.7696
-74.7728
-74.7757
-74.7766
-74.7758
-74.7747
-74.7732
-74.7706
-74.7687
-74.7671
-74.7656
-74.7634
-74.7613
-74.76
-74.7601
-74.7624
-74.7648
-74.7662
-74.7659
-74.7653
-74.7638
-74.7622
-74.7599
-74.757
-74.755
-74.7547
-74.7538
-74.7527
-74.7516
-74.7507
-74.7518
-74.7537
-74.7552
-74.7555
-74.7545
-74.753
-74.7517
-74.7498
-74.7466
-74.7438
-74.7429
-74.7432
-74.7428
-74.7423
-74.7406
-74.7408
-74.7414
-74.7426
-74.7443
-74.7445
-74.7438
-74.7428
-74.7396
-74.7366
-74.7342
-74.7328
-74.7302
-74.7303
-74.7308
-74.7302
-74.729
-74.7289
-74.7307
-74.7314
-74.7322
-74.7331
-74.7323
-74.7315
-74.7311
-74.7272
-74.7235
-74.7202
-74.718
-74.7165
-74.7155
-74.7152
-74.7157
-74.7147
-74.7157
-74.7187
-74.7206
-74.7209
-74.7225
-74.7212
-74.7183
-74.7172
-74.716
-74.7126
-74.7099
-74.7077
-74.7041
-74.7012
-74.6979
-74.6967
-74.6965
-74.6971
-74.6996
-74.704
-74.7073
-74.7087
-74.7087
-74.7098
-74.7083
-74.7055
-74.7022
-74.6974
-74.6963
-74.6949
-74.6919
-74.6892
-74.6865
-74.6839
-74.6796
-74.676
-74.6737
-74.6754
-74.6817
-74.6881
-74.6925
-74.6935
-74.693
-74.6935
-74.6942
-74.6915
-74.6879
-74.6836
-74.6798
-74.677
-74.6748
-74.6721
-74.6694
-74.6666
-74.6653
-74.6613
-74.6561
-74.6527
-74.6553
-74.6602
-74.6628
-74.6662
-74.6708
-74.6734
-74.6734
-74.6745
-74.6744
-74.6709
-74.6684
-74.6676
-74.6644
-74.6591
-74.6532
-74.6507
-74.6477
-74.6446
-74.643
-74.6395
-74.6378
-74.6359
-74.6325
-74.6324
-74.6357
-74.6395
-74.6425
-74.6428
-74.6426
-74.645
-74.646
-74.6453
-74.645
-74.6457
-74.6451
-74.6465
-74.646
-74.6417
-74.6347
-74.6277
-74.6254
-74.6231
-74.6189
-74.6131
-74.609
-74.6092
-74.6105
-74.6078
-74.6054
-74.6041
-74.606
-74.6093
-74.6125
-74.6159
-74.6151
-74.6106
-74.607
-74.6057
-74.6073
-74.6116
-74.6154
-74.6165
-74.6167
-74.6156
-74.613
-74.6076
-74.6022
-74.5978
-74.595
-74.5909
-74.5871
-74.5822
-74.5771
-74.5735
-74.5681
-74.566
-74.5694
-74.5725
-74.5717
-74.5696
-74.5657
-74.5671
-74.5708
-74.5704
-74.5691
-74.567
-74.5671
-74.5665
-74.5662
-74.5697
-74.5763
-74.5808
-74.5818
-74.579
-74.5747
-74.5698
-74.5669
-74.5611
-74.5553
-74.5502
-74.5496
-74.5493
-74.5427
-74.5317
-74.5244
-74.521
-74.5196
-74.5208
-74.5236
-74.5268
-74.5249
-74.5205
-74.5149
-74.5111
-74.5074
-74.5026
-74.4986
-74.4992
-74.5034
-74.5101
-74.5196
-74.5239
-74.525
-74.5293
-74.5297
-74.5291
-74.5257
-74.5266
-74.5268
-74.525
-74.5244
-74.5216
-74.5196
-74.514
-74.502
-74.489
-74.4785
-74.4679
-74.4608
-74.4597
-74.464
-74.4645
-74.4587
-74.4514
-74.4457
-74.4443
-74.446
-74.4471
-74.4473
-74.4479
-74.4446
-74.4403
-74.4345
-74.4241
-74.4186
-74.4164
-74.4136
-74.4146
-74.4216
-74.4329
-74.4418
-74.4487
-74.4546
-74.4584
-74.4638
-74.4657
-74.464
-74.4634
-74.4615
-74.4574
-74.4556
-74.4523
-74.4498
-74.4504
-74.4501
-74.4467
-74.4359
-74.419
-74.4004
-74.3844
-74.372
-74.3627
-74.3563
-74.3505
-74.3524
-74.3537
-74.3527
-74.3468
-74.3393
-74.3369
-74.3327
-74.3249
-74.3195
-74.3115
-74.2995
-74.2883
-74.2831
-74.2882
-74.3006
-74.3104
-74.3161
-74.3168
-74.3183
-74.3292
-74.3385
-74.3397
-74.3332
-74.3274
-74.3218
-74.3159
-74.313
-74.3145
-74.3216
-74.3324
-74.3394
-74.3433
-74.3449
-74.3419
-74.3381
-74.3336
-74.3283
-74.3284
-74.3389
-74.3458
-74.3481
-74.349
-74.3451
-74.3346
-74.324
-74.3114
-74.2953
-74.2805
-74.2651
-74.2508
-74.2408
-74.2374
-74.234
-74.2288
-74.2247
-74.2155
-74.2032
-74.1942
-74.1874
-74.1797
-74.1689
-74.1553
-74.1433
-74.1278
-74.1138
-74.1087
-74.1059
-74.1005
-74.0932
-74.0895
-74.0806
-74.0649
-74.0457
-74.0262
-74.0116
-74.0084
-74.0198
-74.0473
-74.0781
-74.1021
-74.1215
-74.1385
-74.1544
-74.1631
-74.1661
-74.1637
-74.1597
-74.157
-74.1593
-74.1656
-74.174
-74.1775
-74.1721
-74.167
-74.1645
-74.1616
-74.1585
-74.151
-74.1462
-74.146
-74.1472
-74.1445
-74.1364
-74.1239
-74.1086
-74.0905
-74.0784
-74.0685
-74.0642
-74.0593
-74.058
-74.0587
-74.0564
-74.052
-74.0479
-74.0461
-74.0432
-74.0349
-74.0315
-74.035
-74.0417
-74.0477
-74.0533
-74.055
-74.0541
-74.0562
-74.0595
-74.0611
-74.0647
-74.0665
-74.0652
-74.0613
-74.0545
-74.0422
-74.0284
-74.0114
-73.9938
-73.9801
-73.9683
-73.9537
-73.9348
-73.9167
-73.8996
-73.8826
-73.862
-73.8377
-73.8107
-73.7855
-73.7693
-73.752
-73.7323
-73.7152
-73.7011
-73.6888
-73.6771
-73.6632
-73.6503
-73.6345
-73.6208
-73.605
-73.585
-73.5673
-73.5505
-73.5304
-73.509
-73.4957
-73.4996
-73.5112
-73.5183
-73.5325
-73.5594
-73.5804
-73.588
-73.5905
-73.5874
-73.5798
-73.5725
-73.5607
-73.5445
-73.5315
-73.5293
-73.5301
-73.524
-73.521
-73.5247
-73.528
-73.5304
-73.5273
-73.5169
-73.5009
-73.4807
-73.4577
-73.4373
-73.4283
-73.4407
-73.4639
-73.479
-73.4817
-73.4749
-73.4689
-73.4686
-73.4747
-73.4872
-73.5026
-73.5115
-73.5102
-73.5007
-73.4853
-73.4659
-73.4437
-73.4194
-73.3994
-73.3833
-73.3649
-73.3465
-73.3332
-73.3179
-73.3048
-73.294
-73.2794
-73.2606
-73.2388
-73.2149
-73.1894
-73.1629
-73.1412
-73.1262
-73.1094
-73.0895
-73.072
-73.064
-73.0635
-73.0592
-73.0487
-73.0332
-73.0143
-72.9949
-72.9842
-72.9735
-72.9589
-72.9408
-72.9216
-72.9115
-72.9023
-72.8892
-72.8727
-72.8637
-72.8571
-72.8466
-72.8319
-72.814
-72.794
-72.7724
-72.7499
-72.7267
-72.7029
-72.6789
-72.6546
-72.6303
-72.6059
-72.5814
-72.5571
-72.5328
-72.5087
-72.4847
-72.4608
-72.4423
-72.4366
-72.4306
-72.4206
-72.4071
-72.391
-72.3733
-72.3546
-72.335
-72.3151
-72.2948
-72.2743
-72.2538
-72.2333
-72.2127
-72.1923
-72.172
-72.1517
-72.1316
-72.1117
-72.0919
-72.0723
-72.0529
-72.0337
-72.0147
-71.9958
-71.9772
-71.9587
-71.9405
-71.9224
-71.9046
-71.8869
-71.8695
-71.8522
-71.8352
-71.8183
-71.8017
-71.7852
-71.7689
-71.7528
-71.7369
-71.7212
-71.7057
-71.6904
-71.6752
-71.6603
-71.6455
-71.6309
-71.6164
-71.6022
-71.5881
-71.5742
-71.5605
-71.5469
-71.5335
-71.5202
-71.5072
-71.4942
-71.4815
-71.4689
-71.4564
-71.4442
-71.432
-71.42
-71.4082
-71.3965
-71.385
-71.3736
-71.3623
-71.3512
-71.3403
-71.3294
-71.3188
-71.3082
-71.2978
-71.2875
-71.2774
-71.2674
-71.2575
-71.2477
-71.2381
-71.2286
-71.2192
-71.21
-71.2009
-71.1918
-71.1829
-71.1742
-71.1655
-71.1569
-71.1485
-71.1402
-71.132
-71.1238
-71.1158
-71.1079
-71.1002
-71.0925
-71.0849
-71.0774
-71.07
-71.0627
-71.0555
-71.0484
-71.0414
-71.0345
-71.0277
-71.021
-71.0144
-71.0079
-71.0014
-70.9951
-70.9888
-70.9826
-70.9765
-70.9705
-70.9646
-70.9587
-70.9529
-70.9473
-70.9416
-70.9361
-70.9307
-70.9253
-70.92
-70.9147
-70.9096
-70.9045
-70.8995
-70.8946
-70.8897
-70.8849
-70.8802
-70.8755
-70.8709
-70.8664
-70.8619
-70.8575
-70.8532
-70.8489
-70.8447
-70.8406
-70.8365
-70.8325
-70.8285
-70.8246
-70.8207
-70.8169
-70.8132
-70.8095
-70.8059
-70.8023
-70.7988
-70.7953
-70.7919
-70.7886
-70.7853
-70.782
-70.7788
-70.7756
-70.7725
-70.7695
-70.7664
-70.7635
-70.7606
-70.7577
-70.7548
-70.7521
-70.7493
-70.7466
-70.744
-70.7413
-70.7388
-70.7362
-70.7338
-70.7313
-70.7289
-70.7265
-70.7242
-70.7219
-70.7196
-70.7174
-70.7153
-70.7131
-70.711
-70.7089
-70.7069
-70.7049
-70.7029
-70.701
-70.6991
-70.6972
-70.6954
-70.6936
-70.6918
-70.69
-70.6883
-70.6866
-70.685
-70.6834
-70.6818
-70.6802
-70.6787
-70.6771
-70.6757
-70.6742
-70.6728
-70.6714
-70.67
-70.6686
-70.6673
-70.666
-70.6647
-70.6635
-70.6623
-70.6611
-70.6599
-70.6587
-70.6576
-70.6565
-70.6554
-70.6543
-70.6533
-70.6522
-70.6512
-70.6502
-70.6493
-70.6483
-70.6474
-70.6465
-70.6456
-70.6447
-70.6439
-70.6431
-70.6422
-70.6414
-70.6407
-70.6399
-70.6392
-70.6384
-70.6377
-70.637
-70.6364
-70.6357
-70.635
-70.6344
-70.6338
-70.6332
-70.6326
-70.632
-70.6315
-70.6309
-70.6304
-70.6299
-70.6294
-70.6289
-70.6284
-70.628
-70.6275
-70.6271
-70.6266
-70.6262
-70.6258
-70.6254
-70.6251
-70.6247
-70.6243
-70.624
-70.6236
-70.6233
-70.623
-70.6227
-70.6224
-70.6221
-70.6219
-70.6216
-70.6213
-70.6211
-70.6209
-70.6206
-70.6204
-70.6202
-70.62
-70.6198
-70.6196
-70.6194
-70.6193
-70.6191
-70.619
-70.6188
-70.6187
-70.6185
-70.6184
-70.6183
-70.6182
-70.6181
-70.618
-70.6179
-70.6178
-70.6178
-70.6177
-70.6176
-70.6176
-70.6175
-70.6175
-70.6174
-70.6174
-70.6174
-70.6173
-70.6173
-70.6173
-70.6173
-70.6173
-70.6173
-70.6173
-70.6173
-70.6173
-70.6174
-70.6174
-70.6174
-70.6175
-70.6175
-70.6175
-70.6176
-70.6176
-70.6177
-70.6178
-70.6178
-70.6179
-70.618
-70.618
-70.6181
-70.6182
-70.6183
-70.6184
-70.6184
-70.6185
-70.6186
-70.6187
-70.6188
-70.6189
-70.619
-70.6192
-70.6193
-70.6194
-70.6195
-70.6196
-70.6197
-70.6199
-70.62
-70.6201
-70.6203
-70.6204
-70.6205
-70.6207
-70.6208
-70.6209
-70.6211
-70.6212
-70.6214
-70.6215
-70.6217
-70.6218
-70.622
-70.6221
-70.6223
-70.6224
-70.6226
-70.6228
-70.6229
-70.6231
-70.6233
-70.6234
-70.6236
-70.6237
-70.6239
-70.6241
-70.6243
-70.6244
-70.6246
-70.6248
-70.6249
-70.6251
-70.6253
-70.6255
-70.6256
-70.6258
-70.626
-70.6262
-70.6264
-70.6265
-70.6267
-70.6269
-70.6271
-70.6273
-70.6274
-70.6276
-70.6278
-70.628
-70.6282
-70.6284
-70.6285
-70.6287
-70.6289
-70.6291
-70.6293
-70.6295
-70.6297
-70.6298
-70.63
-70.6302
-70.6304
-70.6306
-70.6308
-70.6309
-70.6311
-70.6313
-70.6315
-70.6317
-70.6319
-70.6321
-70.6322
-70.6324
-70.6326
-70.6328
-70.633
-70.6332
-70.6333
-70.6335
-70.6337
-70.6339
-70.6341
-70.6343
-70.6344
-70.6346
-70.6348
-70.635
-70.6352
-70.6353
-70.6355
-70.6357
-70.6359
-70.6361
-70.6362
-70.6364
-70.6366
-70.6368
-70.6369
-70.6371
-70.6373
-70.6375
-70.6376
-70.6378
-70.638
-70.6382
-70.6383
-70.6385
-70.6387
-70.6388
-70.639
-70.6392
-70.6393
-70.6395
-70.6397
-70.6398
-70.64
-70.6402
-70.6403
-70.6405
-70.6407
-70.6408
-70.641
-70.6411
-70.6413
-70.6415
-70.6416
-70.6418
-70.6419
-70.6421
-70.6423
-70.6424
-70.6426
-70.6427
-70.6429
-70.643
-70.6432
-70.6433
-70.6435
-70.6436
-70.6438
-70.6439

