-70
-70.1661
-70.23
-70.2566
-70.2695
-70.2773
-70.283
-70.2879
-70.2925
-70.297
-70.3014
-70.3057
-70.31
-70.3142
-70.3185
-70.3226
-70.3268
-70.3309
-70.335
-70.3391
-70.3431
-70.3471
-70.351
-70.3549
-70.3588
-70.3626
-70.3664
-70.3701
-70.3738
-70.3775
-70.3811
-70.3847
-70.3883
-70.3918
-70.3953
-70.3987
-70.4021
-70.4055
-70.4088
-70.4121
-70.4154
-70.4186
-70.4218
-70.4249
-70.428
-70.4311
-70.4341
-70.4372
-70.4401
-70.4431
-70.446
-70.4489
-70.4517
-70.4545
-70.4573
-70.4601
-70.4628
-70.4655
-70.4682
-70.4708
-70.4734
-70.476
-70.4785
-70.481
-70.4835
-70.486
-70.4884
-70.4908
-70.4932
-70.4955
-70.4978
-70.5001
-70.5024
-70.5046
-70.5068
-70.509
-70.5112
-70.5133
-70.5154
-70.5175
-70.5196
-70.5216
-70.5236
-70.5256
-70.5276
-70.5295
-70.5315
-70.5334
-70.5352
-70.5371
-70.5389
-70.5407
-70.5425
-70.5443
-70.5461
-70.5478
-70.5495
-70.5512
-70.5528
-70.5545
-70.5561
-70.5577
-70.5593
-70.5609
-70.5624
-70.5639
-70.5655
-70.5669
-70.5684
-70.5699
-70.5713
-70.5727
-70.5741
-70.5755
-70.5769
-70.5782
-70.5796
-70.5809
-70.5822
-70.5835
-70.5848
-70.586
-70.5873
-70.5885
-70.5897
-70.5909
-70.5921
-70.5932
-70.5944
-70.5955
-70.5966
-70.5977
-70.5988
-70.5999
-70.601
-70.602
-70.603
-70.6041
-70.6051
-70.6061
-70.6071
-70.608
-70.609
-70.6099
-70.6109
-70.6118
-70.6127
-70.6136
-70.6145
-70.6154
-70.6162
-70.6171
-70.6179
-70.6187
-70.6196
-70.6204
-70.6212
-70.622
-70.6227
-70.6235
-70.6242
-70.625
-70.6257
-70.6265
-70.6272
-70.6279
-70.6286
-70.6293
-70.6299
-70.6306
-70.6313
-70.6319
-70.6325
-70.6332
-70.6338
-70.6344
-70.635
-70.6356
-70.6362
-70.6368
-70.6374
-70.6379
-70.6385
-70.639
-70.6396
-70.6401
-70.6406
-70.6411
-70.6417
-70.6422
-70.6427
-70.6431
-70.6436
-70.6441
-70.6446
-70.645
-70.6455
-70.6459
-70.6464
-70.6468
-70.6472
-70.6476
-70.6481
-70.6485
-70.6489
-70.6493
-70.6497
-70.65
-70.6504
-70.6508
-70.6512
-70.6515
-70.6519
-70.6522
-70.6526
-70.6529
-70.6533
-70.6536
-70.6539
-70.6542
-70.6545
-70.6549
-70.6552
-70.6555
-70.6558
-70.656
-70.6563
-70.6566
-70.6569
-70.6572
-70.6574
-70.6577
-70.658
-70.6582
-70.6585
-70.6587
-70.6589
-70.6592
-70.6594
-70.6597
-70.6599
-70.6601
-70.6603
-70.6605
-70.6607
-70.661
-70.6612
-70.6614
-70.6616
-70.6617
-70.6619
-70.6621
-70.6623
-70.6625
-70.6627
-70.6628
-70.663
-70.6632
-70.6633
-70.6635
-70.6637
-70.6638
-70.664
-70.6641
-70.6643
-70.6644
-70.6646
-70.6647
-70.6648
-70.665
-70.6651
-70.6652
-70.6653
-70.6655
-70.6656
-70.6657
-70.6658
-70.6659
-70.666
-70.6662
-70.6663
-70.6664
-70.6665
-70.6666
-70.6667
-70.6668
-70.6669
-70.667
-70.667
-70.6671
-70.6672
-70.6673
-70.6674
-70.6675
-70.6675
-70.6676
-70.6677
-70.6678
-70.6678
-70.6679
-70.668
-70.668
-70.6681
-70.6682
-70.6682
-70.6683
-70.6683
-70.6684
-70.6685
-70.6685
-70.6686
-70.6686
-70.6687
-70.6687
-70.6688
-70.6688
-70.6688
-70.6689
-70.6689
-70.669
-70.669
-70.669
-70.6691
-70.6691
-70.6691
-70.6692
-70.6692
-70.6692
-70.6693
-70.6693
-70.6693
-70.6694
-70.6694
-70.6694
-70.6694
-70.6694
-70.6695
-70.6695
-70.6695
-70.6695
-70.6695
-70.6696
-70.6696
-70.6696
-70.6696
-70.6696
-70.6696
-70.6696
-70.6697
-70.6697
-70.6697
-70.6697
-70.6697
-70.6697
-70.6697
-70.6697
-70.6697
-70.6697
-70.6697
-70.6697
-70.6697
-70.6697
-70.6697
-70.6697
-70.6697
-70.6697
-70.6697
-70.6697
-70.6697
-70.6697
-70.6697
-70.6697
-70.6697
-70.6697
-70.6697
-70.6697
-70.6697
-70.6697
-70.6697
-70.6697
-70.6697
-70.6697
-70.6697
-70.6696
-70.6696
-70.6696
-70.6696
-70.6696
-70.6696
-70.6696
-70.6696
-70.6696
-70.6695
-70.6695
-70.6695
-70.6695
-70.6695
-70.6695
-70.6695
-70.6695
-70.6694
-70.6694
-70.6694
-70.6694
-70.6694
-70.6694
-70.6693
-70.6693
-70.6693
-70.6693
-70.6693
-70.6693
-70.6693
-70.6692
-70.6692
-70.6692
-70.6692
-70.6692
-70.6691
-70.6691
-70.6691
-70.6691
-70.6691
-70.6691
-70.669
-70.669
-70.669
-70.669
-70.669
-70.6689
-70.6689
-70.6689
-70.6689
-70.6689
-70.6688
-70.6688
-70.6688
-70.6688
-70.6688
-70.6687
-70.6687
-70.6687
-70.6687
-70.6686
-70.6686
-70.6686
-70.6686
-70.6686
-70.6685
-70.6685
-70.6685
-70.6685
-70.6685
-70.6684
-70.6684
-70.6684
-70.6684
-70.6684
-70.6683
-70.6683
-70.6683
-70.6683
-70.6682
-70.6682
-70.6682
-70.6682
-70.6682
-70.6681
-70.6681
-70.6681
-70.6681
-70.6681
-70.6737
-70.9043
-71.6133
-72.5018
-73.2645
-73.7944
-74.0777
-74.2138
-74.2791
-74.3113
-74.338
-74.3795
-74.4369
-74.5019
-74.5649
-74.6083
-74.6291
-74.6361
-74.6347
-74.6282
-74.6223
-74.6272
-74.6464
-74.6748
-74.7059
-74.7288
-74.7373
-74.7356
-74.7279
-74.7167
-74.7036
-74.6892
-74.6735
-74.6563
-74.6376
-74.6174
-74.5958
-74.5728
-74.5486
-74.5231
-74.4965
-74.4689
-74.4404
-74.411
-74.3808
-74.3499
-74.3183
-74.2862
-74.2536
-74.2205
-74.187
-74.1533
-74.1193
-74.085
-74.0507
-74.0162
-73.9816
-73.9471
-73.9125
-73.878
-73.8436
-73.8093
-73.7751
-73.741
-73.7071
-73.6734
-73.64
-73.6067
-73.5736
-73.5408
-73.5082
-73.4759
-73.4438
-73.412
-73.3805
-73.3492
-73.3183
-73.2876
-73.2572
-73.227
-73.1972
-73.1676
-73.1383
-73.1093
-73.0806
-73.0521
-73.0239
-72.996
-72.9684
-72.9411
-72.914
-72.8872
-72.8607
-72.8344
-72.8084
-72.7827
-72.7572
-72.732
-72.707
-72.6824
-72.6579
-72.6337
-72.6098
-72.5861
-72.5627
-72.5395
-72.5165
-72.4938
-72.4713
-72.4491
-72.4271
-72.4053
-72.3838
-72.3625
-72.3414
-72.3206
-72.3
-72.2796
-72.2594
-72.2395
-72.2197
-72.2002
-72.1809
-72.1618
-72.1429
-72.1242
-72.1057
-72.0875
-72.0694
-72.0515
-72.0338
-72.0163
-71.999
-71.9819
-71.9649
-71.9482
-71.9316
-71.9152
-71.899
-71.883
-71.8672
-71.8515
-71.836
-71.8207
-71.8056
-71.7906
-71.7758
-71.7611
-71.7466
-71.7323
-71.7181
-71.7041
-71.6903
-71.6766
-71.6631
-71.6497
-71.6365
-71.6234
-71.6105
-71.5977
-71.5851
-71.5726
-71.5635
-71.5718
-71.5821
-71.5873
-71.5878
-71.5847
-71.5792
-71.572
-71.5638
-71.5548
-71.5455
-71.5452
-71.5495
-71.551
-71.5491
-71.5446
-71.5383
-71.5307
-71.5222
-71.5132
-71.5059
-71.5187
-71.5442
-71.5649
-71.5772
-71.5827
-71.5835
-71.5811
-71.5763
-71.57
-71.5629
-71.5643
-71.5747
-71.5907
-71.6021
-71.6075
-71.6081
-71.6055
-71.6005
-71.594
-71.5863
-71.5812
-71.5844
-71.5909
-71.6034
-71.6127
-71.6167
-71.6164
-71.613
-71.6075
-71.6005
-71.5925
-71.5897
-71.594
-71.5973
-71.607
-71.6171
-71.6223
-71.623
-71.6203
-71.6153
-71.6086
-71.6008
-71.5982
-71.6027
-71.6054
-71.6066
-71.6153
-71.6232
-71.6265
-71.6258
-71.6221
-71.6164
-71.6093
-71.6031
-71.6065
-71.6108
-71.6115
-71.611
-71.6185
-71.6257
-71.6285
-71.6274
-71.6235
-71.6176
-71.6104
-71.6083
-71.6133
-71.6165
-71.616
-71.6125
-71.6145
-71.6219
-71.6263
-71.6266
-71.6237
-71.6185
-71.6118
-71.6101
-71.6156
-71.6191
-71.6189
-71.6156
-71.6104
-71.6136
-71.6203
-71.6235
-71.6229
-71.622
-71.6285
-71.634
-71.6356
-71.6336
-71.6291
-71.6228
-71.6152
-71.6119
-71.617
-71.6208
-71.6289
-71.6392
-71.6451
-71.6464
-71.6442
-71.6394
-71.633
-71.6254
-71.6169
-71.6079
-71.6014
-71.6101
-71.6277
-71.6476
-71.6784
-71.7202
-71.7574
-71.7821
-71.7964
-71.8031
-71.8046
-71.8025
-71.7991
-71.8352
-71.9494
-72.1659
-72.3896
-72.5707
-72.7104
-72.8031
-72.8644
-72.9127
-72.997
-73.1977
-73.4779
-73.7789
-73.9985
-74.1342
-74.213
-74.2555
-74.2813
-74.3065
-74.347
-74.4132
-74.4933
-74.5644
-74.6136
-74.6394
-74.6495
-74.6507
-74.6514
-74.6534
-74.6589
-74.6749
-74.6972
-74.7201
-74.737
-74.7444
-74.7437
-74.7382
-74.731
-74.7238
-74.7176
-74.719
-74.7287
-74.7408
-74.7533
-74.76
-74.7599
-74.7544
-74.7468
-74.7382
-74.7299
-74.7256
-74.7297
-74.7381
-74.7476
-74.7565
-74.7601
-74.7579
-74.7517
-74.7449
-74.737
-74.729
-74.7261
-74.731
-74.7379
-74.7458
-74.7528
-74.7559
-74.7539
-74.7488
-74.7421
-74.7347
-74.7274
-74.7249
-74.729
-74.735
-74.7418
-74.7483
-74.7513
-74.7502
-74.7457
-74.7394
-74.7321
-74.7255
-74.7227
-74.7254
-74.7294
-74.7344
-74.7403
-74.7445
-74.7448
-74.7418
-74.7369
-74.732
-74.7255
-74.7213
-74.7222
-74.7259
-74.7289
-74.7317
-74.7357
-74.7387
-74.738
-74.7339
-74.729
-74.7239
-74.7186
-74.7158
-74.718
-74.7222
-74.7251
-74.7265
-74.7305
-74.7335
-74.7338
-74.7303
-74.7251
-74.7198
-74.7152
-74.7133
-74.714
-74.7169
-74.7193
-74.72
-74.7211
-74.724
-74.7252
-74.7235
-74.7195
-74.7147
-74.71
-74.7075
-74.7085
-74.7117
-74.715
-74.7171
-74.7166
-74.7166
-74.7183
-74.7196
-74.7179
-74.7147
-74.7102
-74.7052
-74.7016
-74.6998
-74.7021
-74.7058
-74.7077
-74.7086
-74.7082
-74.7074
-74.7076
-74.709
-74.7092
-74.7075
-74.704
-74.7007
-74.6985
-74.6973
-74.6984
-74.7007
-74.7029
-74.7034
-74.7032
-74.7022
-74.7004
-74.7005
-74.7005
-74.699
-74.6955
-74.6918
-74.6898
-74.6888
-74.6892
-74.6899
-74.6896
-74.6912
-74.6919
-74.6927
-74.6926
-74.6912
-74.6932
-74.6949
-74.6937
-74.6901
-74.6868
-74.685
-74.6849
-74.6859
-74.686
-74.6841
-74.6814
-74.6795
-74.6786
-74.6794
-74.6787
-74.6789
-74.6825
-74.684
-74.6822
-74.6783
-74.6743
-74.6722
-74.6754
-74.6785
-74.6785
-74.6753
-74.6713
-74.6678
-74.6632
-74.6627
-74.6645
-74.6671
-74.6725
-74.677
-74.6777
-74.6752
-74.6711
-74.6679
-74.6679
-74.668
-74.6672
-74.6666
-74.6634
-74.6579
-74.6538
-74.6483
-74.6441
-74.6438
-74.6473
-74.6525
-74.6578
-74.6634
-74.6649
-74.6625
-74.6611
-74.661
-74.6619
-74.6588
-74.6547
-74.6524
-74.6486
-74.6427
-74.6384
-74.6336
-74.6271
-74.6258
-74.6326
-74.6367
-74.6406
-74.6447
-74.6484
-74.6509
-74.651
-74.65
-74.6528
-74.6524
-74.6472
-74.6405
-74.6362
-74.6319
-74.626
-74.6203
-74.6163
-74.6096
-74.605
-74.6089
-74.6152
-74.6193
-74.6226
-74.6255
-74.6267
-74.6293
-74.6312
-74.6335
-74.6388
-74.6405
-74.6364
-74.6281
-74.6213
-74.6171
-74.6113
-74.6042
-74.5979
-74.5948
-74.5922
-74.591
-74.5892
-74.5891
-74.5934
-74.5974
-74.6028
-74.6061
-74.6063
-74.6066
-74.608
-74.6113
-74.6163
-74.6173
-74.6153
-74.6086
-74.6011
-74.5974
-74.5926
-74.5841
-74.5782
-74.5734
-74.5725
-74.5753
-74.5782
-74.5766
-74.5731
-74.5714
-74.5722
-74.5725
-74.5738
-74.5761
-74.5775
-74.5791
-74.5816
-74.5874
-74.5882
-74.5841
-74.5789
-74.5753
-74.5698
-74.5665
-74.5661
-74.5609
-74.5541
-74.5494
-74.549
-74.5508
-74.5524
-74.554
-74.5538
-74.5488
-74.5406
-74.5367
-74.5349
-74.5328
-74.533
-74.5363
-74.542
-74.5478
-74.5486
-74.5512
-74.5539
-74.5527
-74.5488
-74.5395
-74.5268
-74.5165
-74.5164
-74.5212
-74.5233
-74.5189
-74.5149
-74.5175
-74.5236
-74.5301
-74.5355
-74.539
-74.536
-74.5269
-74.514
-74.5023
-74.4983
-74.4977
-74.4955
-74.4916
-74.4942
-74.5017
-74.5079
-74.509
-74.5088
-74.508
-74.5078
-74.5059
-74.4999
-74.4904
-74.4763
-74.4588
-74.4474
-74.4453
-74.4481
-74.4512
-74.45
-74.4549
-74.4665
-74.4761
-74.4834
-74.487
-74.4861
-74.4844
-74.483
-74.4796
-74.471
-74.4584
-74.4458
-74.4362
-74.4311
-74.4281
-74.4304
-74.4339
-74.4385
-74.4414
-74.4452
-74.4484
-74.4518
-74.4514
-74.4465
-74.4408
-74.4352
-74.4301
-74.4206
-74.4092
-74.3957
-74.3817
-74.3731
-74.3718
-74.372
-74.3718
-74.3756
-74.3806
-74.3872
-74.3926
-74.399
-74.4047
-74.4095
-74.4111
-74.4119
-74.4119
-74.4125
-74.4139
-74.4126
-74.4083
-74.3996
-74.3864
-74.3737
-74.3698
-74.3717
-74.372
-74.3709
-74.3668
-74.3637
-74.3644
-74.3648
-74.3697
-74.3789
-74.3809
-74.376
-74.3707
-74.3632
-74.3559
-74.3497
-74.3405
-74.3297
-74.3175
-74.3024
-74.2905
-74.2892
-74.2933
-74.2963
-74.298
-74.2964
-74.2909
-74.2866
-74.2836
-74.2857
-74.2905
-74.2962
-74.2984
-74.2935
-74.2836
-74.2711
-74.2581
-74.2498
-74.2439
-74.2372
-74.2386
-74.2505
-74.2585
-74.2563
-74.2528
-74.2499
-74.2449
-74.2402
-74.2393
-74.2416
-74.2473
-74.2501
-74.246
-74.2371
-74.2255
-74.2148
-74.2071
-74.2128
-74.2179
-74.2201
-74.2167
-74.2144
-74.2188
-74.2229
-74.2298
-74.2358
-74.2374
-74.2323
-74.2194
-74.201
-74.1816
-74.1633
-74.1465
-74.1321
-74.1262
-74.1273
-74.1358
-74.1462
-74.1557
-74.161
-74.1612
-74.1617
-74.1584
-74.1503
-74.1404
-74.1348
-74.1331
-74.1267
-74.1174
-74.1108
-74.1003
-74.0907
-74.0785
-74.0677
-74.0551
-74.0433
-74.0334
-74.0301
-74.0264
-74.0231
-74.0218
-74.0178
-74.0127
-74.0043
-74.0023
-74.0043
-74.0081
-74.0116
-74.0094
-74.0039
-74.0009
-73.9963
-73.9846
-73.9711
-73.9709
-73.9824
-74.0041
-74.0196
-74.0234
-74.0196
-74.0162
-74.0132
-74.0112
-74.0028
-73.9885
-73.9787
-73.979
-73.9846
-73.9845
-73.9787
-73.9805
-73.9851
-73.9855
-73.9818
-73.9778
-73.9686
-73.9567
-73.9426
-73.929
-73.9241
-73.9301
-73.9376
-73.9445
-73.9507
-73.9522
-73.9453
-73.9354
-73.922
-73.909
-73.8975
-73.8827
-73.8688
-73.8626
-73.864
-73.8671
-73.8685
-73.8718
-73.8765
-73.8824
-73.8905
-73.8993
-73.9055
-73.9137
-73.9201
-73.9181
-73.9123
-73.9036
-73.8966
-73.8868
-73.8713
-73.8511
-73.8288
-73.8115
-73.7968
-73.7826
-73.7677
-73.7494
-73.739
-73.7355
-73.7331
-73.7321
-73.725
-73.7199
-73.7222
-73.7188
-73.7079
-73.6962
-73.6826
-73.6644
-73.6424
-73.6176
-73.5913
-73.57
-73.5514
-73.5369
-73.5208
-73.5076
-73.4925
-73.4775
-73.4641
-73.4472
-73.4264
-73.4148
-73.4168
-73.4229
-73.4241
-73.417
-73.4041
-73.3968
-73.3946
-73.3944
-73.3969
-73.3965
-73.3887
-73.3837
-73.3852
-73.3826
-73.3807
-73.3788
-73.3765
-73.3727
-73.3687
-73.3638
-73.3589
-73.3488
-73.3334
-73.3141
-73.292
-73.2679
-73.2425
-73.2232
-73.2077
-73.193
-73.1833
-73.1709
-73.1541
-73.1339
-73.1113
-73.0897
-73.0761
-73.0677
-73.0628
-73.0538
-73.0486
-73.0461
-73.0479
-73.0476
-73.0499
-73.0508
-73.0538
-73.0531
-73.0553
-73.0533
-73.0448
-73.0313
-73.014
-72.9979
-72.9892
-72.9788
-72.9643
-72.9464
-72.9262
-72.9042
-72.881
-72.861
-72.8503
-72.8388
-72.8237
-72.8056
-72.7853
-72.7635
-72.7407
-72.7173
-72.6934
-72.6692
-72.6449
-72.6205
-72.5961
-72.5717
-72.5473
-72.5231
-72.499
-72.475
-72.4513
-72.4277
-72.4042
-72.381
-72.3581
-72.3353
-72.3128
-72.2904
-72.2683
-72.2465
-72.2249
-72.2035
-72.1823
-72.1614
-72.1407
-72.1202
-72.0999
-72.0799
-72.0601
-72.0406
-72.0212
-72.0021
-71.9832
-71.9646
-71.9461
-71.9279
-71.9098
-71.892
-71.8744
-71.857
-71.8398
-71.8228
-71.806
-71.7895
-71.7731
-71.7569
-71.7409
-71.7251
-71.7095
-71.694
-71.6788
-71.6637
-71.6489
-71.6342
-71.6197
-71.6053
-71.5912
-71.5772
-71.5634
-71.5497
-71.5362
-71.5229
-71.5098
-71.4968
-71.484
-71.4713
-71.4588
-71.4464
-71.4342
-71.4222
-71.4103
-71.3986
-71.387
-71.3755
-71.3642
-71.353
-71.342
-71.3312
-71.3204
-71.3098
-71.2994
-71.289
-71.2788
-71.2688
-71.2589
-71.2491
-71.2394
-71.2299
-71.2204
-71.2111
-71.202
-71.1929
-71.184
-71.1751
-71.1664
-71.1578
-71.1494
-71.141
-71.1327
-71.1246
-71.1166
-71.1086
-71.1008
-71.0931
-71.0855
-71.0779
-71.0705
-71.0632
-71.056
-71.0489
-71.0418
-71.0349
-71.0281
-71.0213
-71.0147
-71.0081
-71.0016
-70.9953
-70.989
-70.9828
-70.9766
-70.9706
-70.9646
-70.9588
-70.953
-70.9473
-70.9416
-70.9361
-70.9306
-70.9252
-70.9199
-70.9146
-70.9095
-70.9044
-70.8993
-70.8944
-70.8895
-70.8847
-70.8799
-70.8752
-70.8706
-70.8661
-70.8616
-70.8572
-70.8528
-70.8486
-70.8443
-70.8402
-70.8361
-70.832
-70.8281
-70.8241
-70.8203
-70.8165
-70.8127
-70.809
-70.8054
-70.8018
-70.7983
-70.7948
-70.7914
-70.788
-70.7847
-70.7814
-70.7782
-70.775
-70.7719
-70.7688
-70.7658
-70.7628
-70.7599
-70.757
-70.7542
-70.7514
-70.7487
-70.7459
-70.7433
-70.7407
-70.7381
-70.7355
-70.7331
-70.7306
-70.7282
-70.7258
-70.7235
-70.7212
-70.7189
-70.7167
-70.7145
-70.7124
-70.7102
-70.7082
-70.7061
-70.7041
-70.7021
-70.7002
-70.6983
-70.6964
-70.6946
-70.6928
-70.691
-70.6892
-70.6875
-70.6858
-70.6842
-70.6826
-70.681
-70.6794
-70.6779
-70.6763
-70.6749
-70.6734
-70.672
-70.6706
-70.6692
-70.6678
-70.6665
-70.6652
-70.6639
-70.6627
-70.6614
-70.6602
-70.6591
-70.6579
-70.6568
-70.6556
-70.6546
-70.6535
-70.6524
-70.6514
-70.6504
-70.6494
-70.6485
-70.6475
-70.6466
-70.6457
-70.6448
-70.6439
-70.6431
-70.6423
-70.6414
-70.6406
-70.6399
-70.6391
-70.6384
-70.6376
-70.6369
-70.6362
-70.6356
-70.6349
-70.6343
-70.6336
-70.633
-70.6324
-70.6318
-70.6313
-70.6307
-70.6302
-70.6296
-70.6291
-70.6286
-70.6281
-70.6277
-70.6272
-70.6267
-70.6263
-70.6259
-70.6255
-70.6251
-70.6247
-70.6243
-70.6239
-70.6236
-70.6232
-70.6229
-70.6226
-70.6223
-70.622
-70.6217
-70.6214
-70.6211
-70.6209
-70.6206
-70.6204
-70.6201
-70.6199
-70.6197
-70.6195
-70.6193
-70.6191
-70.6189
-70.6188
-70.6186
-70.6184
-70.6183
-70.6181
-70.618
-70.6179
-70.6178
-70.6177
-70.6175
-70.6174
-70.6174
-70.6173
-70.6172
-70.6171
-70.6171
-70.617
-70.6169
-70.6169
-70.6169
-70.6168
-70.6168
-70.6168
-70.6167
-70.6167
-70.6167
-70.6167
-70.6167
-70.6167
-70.6167
-70.6167
-70.6168
-70.6168
-70.6168
-70.6169
-70.6169
-70.6169
-70.617
-70.617
-70.6171
-70.6171
-70.6172
-70.6173
-70.6173
-70.6174
-70.6175
-70.6176
-70.6177
-70.6177
-70.6178
-70.6179
-70.618
-70.6181
-70.6182
-70.6183
-70.6184
-70.6185
-70.6187
-70.6188
-70.6189
-70.619
-70.6191
-70.6193
-70.6194
-70.6195
-70.6196
-70.6198
-70.6199
-70.6201
-70.6202
-70.6203
-70.6205
-70.6206
-70.6208
-70.6209
-70.6211
-70.6212
-70.6214
-70.6215
-70.6217
-70.6219
-70.622
-70.6222
-70.6223
-70.6225
-70.6227
-70.6228
-70.623
-70.6232
-70.6233
-70.6235
-70.6237
-70.6239
-70.624
-70.6242
-70.6244
-70.6246
-70.6247
-70.6249
-70.6251
-70.6253
-70.6255
-70.6256
-70.6258
-70.626
-70.6262
-70.6264
-70.6265
-70.6267
-70.6269
-70.6271
-70.6273
-70.6275
-70.6277
-70.6278
-70.628
-70.6282
-70.6284
-70.6286
-70.6288
-70.629
-70.6291
-70.6293
-70.6295
-70.6297
-70.6299
-70.6301
-70.6303
-70.6305
-70.6306
-70.6308
-70.631
-70.6312
-70.6314
-70.6316
-70.6318
-70.632
-70.6321
-70.6323
-70.6325
-70.6327
-70.6329
-70.6331
-70.6333
-70.6334
-70.6336
-70.6338
-70.634
-70.6342
-70.6344
-70.6345
-70.6347
-70.6349
-70.6351
-70.6353
-70.6355
-70.6356
-70.6358
-70.636
-70.6362
-70.6363
-70.6365
-70.6367
-70.6369
-70.6371
-70.6372
-70.6374
-70.6376
-70.6378
-70.6379
-70.6381
-70.6383
-70.6385
-70.6386
-70.6388
-70.639
-70.6391
-70.6393
-70.6395
-70.6396
-70.6398
-70.64
-70.6401
-70.6403
-70.6405
-70.6406
-70.6408
-70.641
-70.6411
-70.6413
-70.6414
-70.6416
-70.6418
-70.6419
-70.6421
-70.6422
-70.6424
-70.6426
-70.6427
-70.6429
-70.643
-70.6432
-70.6433
-70.6435
-70.6436
-70.6438
-70.6439
-70.6441
-70.6442
-70.6444
-70.6445
-70.6447
-70.6448
-70.645
-70.6451
-70.6452
-70.6454
-70.6455
-70.6457
-70.6458

