-70
-70.1661
-70.23
-70.2566
-70.2695
-70.2773
-70.283
-70.2879
-70.2925
-70.297
-70.3014
-70.3057
-70.31
-70.3142
-70.3185
-70.3226
-70.3268
-70.3309
-70.335
-70.3391
-70.3431
-70.3471
-70.351
-70.3549
-70.3588
-70.3626
-70.3664
-70.3701
-70.3738
-70.3775
-70.3811
-70.3847
-70.3883
-70.3918
-70.3953
-70.3987
-70.4021
-70.4055
-70.4088
-70.4121
-70.4154
-70.4186
-70.4218
-70.4249
-70.428
-70.4311
-70.4341
-70.4372
-70.4401
-70.4431
-70.446
-70.4489
-70.4517
-70.4545
-70.4573
-70.4601
-70.4628
-70.4655
-70.4682
-70.4708
-70.4734
-70.476
-70.4785
-70.481
-70.4835
-70.486
-70.4884
-70.4908
-70.4932
-70.4955
-70.4978
-70.5001
-70.5024
-70.5046
-70.5068
-70.509
-70.5112
-70.5133
-70.5154
-70.5175
-70.5196
-70.5216
-70.5236
-70.5256
-70.5276
-70.5295
-70.5315
-70.5334
-70.5352
-70.5371
-70.5389
-70.5407
-70.5425
-70.5443
-70.5461
-70.5478
-70.5495
-70.5512
-70.5528
-70.5545
-70.5561
-70.5577
-70.5593
-70.5609
-70.5624
-70.5639
-70.5655
-70.5669
-70.5684
-70.5699
-70.5713
-70.5727
-70.5741
-70.5755
-70.5769
-70.5782
-70.5796
-70.5809
-70.5822
-70.5835
-70.5848
-70.586
-70.5873
-70.5885
-70.5897
-70.5909
-70.5921
-70.5932
-70.5944
-70.5955
-70.5966
-70.5977
-70.5988
-70.5999
-70.601
-70.602
-70.603
-70.6041
-70.6051
-70.6061
-70.6071
-70.608
-70.609
-70.6099
-70.6109
-70.6118
-70.6127
-70.6136
-70.6145
-70.6154
-70.6162
-70.6171
-70.6179
-70.6187
-70.6196
-70.6204
-70.6212
-70.622
-70.6227
-70.6235
-70.6242
-70.625
-70.6257
-70.6265
-70.6272
-70.6279
-70.6286
-70.6293
-70.6299
-70.6306
-70.6313
-70.6319
-70.6325
-70.6332
-70.6338
-70.6344
-70.635
-70.6356
-70.6362
-70.6368
-70.6374
-70.6379
-70.6385
-70.639
-70.6396
-70.6401
-70.6406
-70.6411
-70.6417
-70.6422
-70.6427
-70.6431
-70.6436
-70.6441
-70.6446
-70.645
-70.6455
-70.6459
-70.6464
-70.6468
-70.6472
-70.6476
-70.6481
-70.6485
-70.6489
-70.6493
-70.6497
-70.65
-70.6504
-70.6508
-70.6512
-70.6515
-70.6519
-70.6522
-70.6526
-70.6529
-70.6533
-70.6536
-70.6539
-70.6542
-70.6545
-70.6549
-70.6552
-70.6555
-70.6558
-70.656
-70.6563
-70.6566
-70.6569
-70.6572
-70.6574
-70.6577
-70.658
-70.6582
-70.6585
-70.6587
-70.6589
-70.6592
-70.6594
-70.6597
-70.6599
-70.6601
-70.6603
-70.6605
-70.6607
-70.661
-70.6612
-70.6614
-70.6616
-70.6617
-70.6619
-70.6621
-70.6623
-70.6625
-70.6627
-70.6628
-70.663
-70.6632
-70.6633
-70.6635
-70.6637
-70.6638
-70.664
-70.6641
-70.6643
-70.6644
-70.6646
-70.6647
-70.6648
-70.665
-70.6651
-70.6652
-70.6653
-70.6655
-70.6656
-70.6657
-70.6658
-70.6659
-70.666
-70.6662
-70.6663
-70.6664
-70.6665
-70.6666
-70.6667
-70.6668
-70.6669
-70.667
-70.667
-70.6671
-70.6672
-70.6673
-70.6674
-70.6675
-70.6675
-70.6676
-70.6677
-70.6678
-70.6678
-70.6679
-70.668
-70.668
-70.6681
-70.6682
-70.6682
-70.6683
-70.6683
-70.6684
-70.6685
-70.6685
-70.6686
-70.6686
-70.6687
-70.6687
-70.6688
-70.6688
-70.6688
-70.6689
-70.6689
-70.669
-70.669
-70.669
-70.6691
-70.6691
-70.6691
-70.6692
-70.6692
-70.6692
-70.6693
-70.6693
-70.6693
-70.6694
-70.6694
-70.6694
-70.6694
-70.6694
-70.6695
-70.6695
-70.6695
-70.6695
-70.6695
-70.6696
-70.6696
-70.6696
-70.6696
-70.6696
-70.6696
-70.6696
-70.6697
-70.6697
-70.6697
-70.6697
-70.6697
-70.6697
-70.6697
-70.6697
-70.6697
-70.6697
-70.6697
-70.6697
-70.6697
-70.6697
-70.6697
-70.6697
-70.6697
-70.6697
-70.6697
-70.6697
-70.6697
-70.6697
-70.6697
-70.6697
-70.6697
-70.6697
-70.6697
-70.6697
-70.6697
-70.6697
-70.6697
-70.6697
-70.6697
-70.6697
-70.6697
-70.6696
-70.6696
-70.6696
-70.6696
-70.6696
-70.6696
-70.6696
-70.6696
-70.6696
-70.6695
-70.6695
-70.6695
-70.6695
-70.6695
-70.6695
-70.6695
-70.6695
-70.6694
-70.6694
-70.6694
-70.6694
-70.6694
-70.6694
-70.6693
-70.6693
-70.6693
-70.6693
-70.6693
-70.6693
-70.6693
-70.6692
-70.6692
-70.6692
-70.6692
-70.6692
-70.6691
-70.6691
-70.6691
-70.6691
-70.6691
-70.6691
-70.669
-70.669
-70.669
-70.669
-70.669
-70.6689
-70.6689
-70.6689
-70.6689
-70.6689
-70.6688
-70.6688
-70.6688
-70.6688
-70.6688
-70.6687
-70.6687
-70.6687
-70.6687
-70.6686
-70.6686
-70.6686
-70.6686
-70.6686
-70.6685
-70.6685
-70.6685
-70.6685
-70.6685
-70.6684
-70.6684
-70.6684
-70.6684
-70.6684
-70.6683
-70.6683
-70.6683
-70.6683
-70.6682
-70.6682
-70.6682
-70.6682
-70.6682
-70.6681
-70.6681
-70.6681
-70.6681
-70.6681
-70.672
-70.859
-71.5326
-72.4503
-73.2741
-73.8138
-56.9988
-52.0414
-49.9753
-47.9221
-42.8053
10.9714
-27.8023
-59.4176
-68.9591
-68.0939
-67.044
-65.9655
-64.8781
-63.7995
-62.7472
-61.7375
-60.7842
-59.8979
-59.0537
-58.1865
-57.4637
-56.8419
-56.3017
-55.8337
-55.4311
-55.075
-54.7644
-54.5079
-54.2976
-54.1259
-53.9851
-53.8685
-53.7644
-53.6816
-53.6173
-53.5677
-53.5298
-53.5009
-53.4791
-53.4551
-53.4354
-53.422
-53.4134
-53.4081
-53.4051
-53.4039
-53.4041
-53.4037
-53.3961
-53.3913
-53.3898
-53.3901
-53.3916
-53.3939
-53.3965
-53.3996
-53.4028
-53.4063
-53.41
-53.4039
-53.3973
-53.3948
-53.3948
-53.396
-53.3979
-53.4002
-53.4026
-53.4052
-53.4078
-53.4105
-53.4132
-53.4157
-53.4179
-53.4198
-53.4213
-53.4203
-53.4071
-53.3969
-53.3922
-53.3898
-53.3876
-53.3838
-53.3754
-53.3428
-53.1038
-53.0223
-53.0719
-53.1365
-53.1886
-53.2256
-53.2505
-53.2674
-53.2797
-53.2899
-53.2997
-53.3104
-53.3232
-53.3394
-53.3602
-53.3872
-53.4207
-53.4602
-53.4711
-53.4594
-53.4448
-53.4368
-53.4351
-53.4367
-53.4403
-53.4453
-53.4514
-53.4587
-53.4671
-53.4765
-53.4871
-53.4989
-53.5119
-53.5262
-53.5421
-53.5594
-53.5785
-53.5994
-53.6222
-53.6471
-53.6743
-53.7041
-53.7367
-53.7723
-53.8113
-53.8537
-53.9
-53.9504
-54.0052
-54.0647
-54.1293
-54.1993
-54.2749
-54.3564
-53.93
-53.5131
-53.3979
-53.3484
-53.3405
-53.3513
-53.3677
-53.385
-53.4016
-53.4172
-53.4317
-53.4455
-53.4588
-53.4717
-53.4846
-53.4977
-53.511
-53.5249
-53.5395
-53.5549
-53.5713
-53.5888
-53.6077
-53.6281
-53.6501
-53.6739
-53.7002
-53.7305
-53.7632
-53.7982
-53.8357
-53.8762
-53.92
-53.9673
-54.0184
-54.0738
-54.1365
-54.2107
-54.2894
-54.371
-54.4567
-54.5475
-54.6441
-54.0663
-53.4536
-53.3087
-53.293
-53.2908
-53.3032
-53.3225
-53.3426
-53.3613
-53.3782
-53.3933
-53.407
-53.4194
-53.431
-53.4422
-53.4536
-53.4651
-53.4765
-53.4879
-53.4996
-53.5118
-53.5247
-53.5384
-53.553
-53.5687
-53.5864
-53.607
-53.6298
-53.6539
-53.6792
-53.7063
-53.7355
-53.7671
-53.8014
-53.8387
-53.879
-53.9246
-53.9772
-54.0373
-54.101
-54.1672
-54.2369
-54.3104
-54.3887
-54.4722
-54.5613
-54.6564
-54.7584
-54.8769
-55.0089
-55.1548
-55.3042
-55.4557
-53.668
-53.2254
-53.1563
-53.1808
-53.225
-53.2524
-53.2749
-53.2993
-53.3225
-53.3436
-53.3621
-53.3783
-53.3926
-53.4054
-53.4171
-53.428
-53.4383
-53.4485
-53.4586
-53.4696
-53.481
-53.4935
-53.5068
-53.5204
-53.5346
-53.5498
-53.5661
-53.5836
-53.6026
-53.6239
-53.6489
-53.6778
-53.7091
-53.7419
-53.7768
-53.8143
-53.8549
-53.8989
-53.9466
-53.8934
-53.5045
-53.3916
-53.3705
-53.3759
-53.3885
-53.4025
-53.4164
-53.4297
-53.4426
-53.4552
-53.4678
-53.4527
-53.4277
-53.419
-53.4188
-53.4221
-53.4269
-53.4325
-53.4386
-53.4451
-53.4521
-53.4595
-53.4675
-53.4767
-53.4948
-53.5166
-53.5429
-53.5789
-53.6167
-53.6503
-53.6811
-53.712
-53.7503
-53.8027
-53.8812
-53.9778
-54.0775
-54.1723
-54.2618
-54.3488
-54.4385
-54.5342
-54.6425
-54.7728
-54.9361
-55.1237
-55.3176
-55.5097
-55.7044
-55.9049
-56.1142
-56.3361
-56.577
-56.847
-57.1603
-57.5172
-57.8859
-58.2525
-58.6246
-59.004
-59.3903
-59.7842
-60.1906
-60.6221
-61.0926
-61.6109
-62.1569
-62.6904
-63.2073
-63.7135
-64.2096
-64.6938
-65.1661
-65.6333
-66.1147
-66.6191
-67.1405
-67.6559
-68.1354
-68.5784
-68.9911
-69.3741
-69.731
-70.0636
-70.3815
-70.7012
-71.0264
-71.347
-71.6508
-71.925
-72.1679
-72.385
-72.5781
-72.752
-72.9087
-73.0543
-73.1996
-73.3444
-73.4843
-73.6158
-73.7335
-73.8366
-73.9254
-74.0028
-74.0694
-74.1281
-74.1812
-74.2349
-74.2886
-74.3413
-74.3912
-74.437
-74.4767
-74.5103
-74.5381
-74.5604
-74.5775
-74.5919
-74.6072
-74.6251
-74.6427
-74.661
-74.6787
-74.6952
-74.7094
-74.7199
-74.7277
-74.7324
-74.7341
-74.7349
-74.7382
-74.7443
-74.7498
-74.7554
-74.7614
-74.7672
-74.7731
-74.7763
-74.7766
-74.7758
-74.7737
-74.7712
-74.771
-74.7735
-74.7756
-74.7783
-74.7798
-74.7816
-74.7839
-74.787
-74.7869
-74.7837
-74.78
-74.7768
-74.7751
-74.7752
-74.776
-74.7762
-74.777
-74.7762
-74.7758
-74.7767
-74.7787
-74.7792
-74.7766
-74.772
-74.7684
-74.7679
-74.7695
-74.7706
-74.7707
-74.7707
-74.7698
-74.7678
-74.7673
-74.7678
-74.7683
-74.7676
-74.7638
-74.759
-74.7559
-74.7559
-74.7567
-74.7578
-74.7582
-74.7581
-74.757
-74.7552
-74.7546
-74.7547
-74.7543
-74.7548
-74.754
-74.7507
-74.748
-74.7474
-74.7467
-74.7469
-74.7468
-74.7475
-74.7465
-74.745
-74.7427
-74.7403
-74.7399
-74.7389
-74.7384
-74.7381
-74.7366
-74.7352
-74.7342
-74.7333
-74.7321
-74.7322
-74.7332
-74.7322
-74.7311
-74.73
-74.7281
-74.7266
-74.7271
-74.7264
-74.7256
-74.7264
-74.7271
-74.7261
-74.7246
-74.7233
-74.7214
-74.7189
-74.7184
-74.7169
-74.7139
-74.7112
-74.7092
-74.7072
-74.7084
-74.7098
-74.7081
-74.708
-74.7105
-74.7115
-74.712
-74.7115
-74.7103
-74.7081
-74.707
-74.7051
-74.7019
-74.6983
-74.6957
-74.6928
-74.69
-74.6905
-74.6941
-74.6962
-74.6973
-74.6978
-74.6963
-74.6973
-74.6971
-74.6967
-74.6953
-74.694
-74.6929
-74.6903
-74.684
-74.678
-74.6713
-74.6684
-74.6673
-74.6649
-74.6644
-74.6705
-74.6772
-74.6802
-74.6816
-74.6805
-74.6792
-74.6789
-74.6795
-74.6799
-74.6798
-74.6797
-74.6784
-74.6736
-74.6662
-74.6584
-74.6521
-74.6486
-74.6443
-74.6434
-74.6449
-74.6525
-74.6578
-74.6588
-74.6584
-74.6607
-74.66
-74.659
-74.659
-74.6581
-74.6573
-74.6575
-74.6567
-74.6557
-74.6515
-74.6438
-74.6353
-74.6266
-74.621
-74.6181
-74.6161
-74.6145
-74.6176
-74.6274
-74.6339
-74.6353
-74.6337
-74.6344
-74.6359
-74.637
-74.6368
-74.6367
-74.6352
-74.634
-74.6348
-74.6355
-74.6351
-74.6298
-74.6239
-74.6182
-74.6082
-74.6002
-74.5961
-74.5973
-74.5965
-74.5922
-74.5881
-74.5918
-74.5986
-74.6042
-74.6061
-74.6037
-74.604
-74.6057
-74.6046
-74.6032
-74.6018
-74.6025
-74.6022
-74.6012
-74.6013
-74.5988
-74.5945
-74.5883
-74.5836
-74.5795
-74.5754
-74.573
-74.5713
-74.5646
-74.5593
-74.5549
-74.5514
-74.5524
-74.561
-74.5661
-74.5677
-74.5664
-74.5649
-74.5654
-74.5675
-74.5703
-74.5723
-74.5707
-74.5652
-74.5612
-74.5625
-74.5637
-74.5634
-74.5619
-74.5582
-74.5523
-74.5509
-74.5512
-74.5498
-74.5481
-74.5444
-74.5409
-74.533
-74.5221
-74.5143
-74.5079
-74.5065
-74.5106
-74.5181
-74.5199
-74.5195
-74.5157
-74.5096
-74.5052
-74.5079
-74.5175
-74.5219
-74.5217
-74.5184
-74.5153
-74.5159
-74.5135
-74.5105
-74.5045
-74.4984
-74.4914
-74.4872
-74.487
-74.4909
-74.4966
-74.4988
-74.4967
-74.4918
-74.4863
-74.4838
-74.4803
-74.472
-74.4631
-74.4574
-74.4529
-74.4451
-74.4381
-74.4423
-74.4522
-74.4585
-74.464
-74.4643
-74.4579
-74.4533
-74.4518
-74.4489
-74.449
-74.4493
-74.4488
-74.4466
-74.4476
-74.4529
-74.4548
-74.4517
-74.4432
-74.436
-74.4325
-74.4276
-74.4215
-74.4156
-74.4149
-74.4124
-74.4059
-74.3992
-74.4036
-74.4142
-74.4177
-74.4156
-74.4172
-74.4194
-74.4164
-74.4104
-74.4036
-74.3959
-74.3859
-74.3741
-74.3618
-74.3515
-74.3534
-74.3638
-74.3722
-74.3766
-74.3764
-74.3772
-74.3799
-74.3782
-74.3708
-74.364
-74.3566
-74.3507
-74.3511
-74.349
-74.3426
-74.3411
-74.339
-74.3345
-74.3347
-74.3405
-74.3444
-74.3424
-74.3364
-74.3295
-74.319
-74.3072
-74.2958
-74.2887
-74.2831
-74.2771
-74.2728
-74.2684
-74.2645
-74.2637
-74.2668
-74.2665
-74.2679
-74.2682
-74.27
-74.2764
-74.2809
-74.2787
-74.2777
-74.2724
-74.2644
-74.2609
-74.2549
-74.2469
-74.2365
-74.2281
-74.2193
-74.214
-74.2199
-74.2292
-74.2326
-74.2308
-74.2293
-74.2309
-74.234
-74.2409
-74.2427
-74.2398
-74.235
-74.2283
-74.2195
-74.2118
-74.2055
-74.1991
-74.1889
-74.187
-74.1946
-74.2013
-74.204
-74.2005
-74.1921
-74.1822
-74.1773
-74.1694
-74.158
-74.1439
-74.1362
-74.1278
-74.1135
-74.0998
-74.089
-74.0746
-74.0553
-74.0393
-74.0333
-74.0301
-74.0251
-74.0223
-74.0195
-74.013
-74.0035
-73.9941
-74.0013
-74.0183
-74.0396
-74.0582
-74.0676
-74.0723
-74.0741
-74.0717
-74.064
-74.0525
-74.0413
-74.0379
-74.0414
-74.0476
-74.0502
-74.0489
-74.0402
-74.0247
-74.0082
-73.998
-73.9961
-74.0006
-74.0048
-74.0037
-74.0006
-74.0003
-74.0024
-74.0027
-73.9956
-73.9854
-73.9797
-73.9822
-73.9873
-74.0021
-74.0184
-74.032
-74.0449
-74.0537
-74.0575
-74.0552
-74.0507
-74.0441
-74.0325
-74.0192
-74.0039
-73.9946
-73.9926
-73.9894
-73.9831
-73.9734
-73.9617
-73.9485
-73.9334
-73.9195
-73.9082
-73.8968
-73.8852
-73.881
-73.8839
-73.8859
-73.8912
-73.9068
-73.9195
-73.9205
-73.914
-73.9101
-73.9088
-73.9056
-73.8957
-73.8796
-73.8588
-73.8347
-73.8082
-73.7815
-73.7598
-73.7432
-73.7251
-73.7032
-73.6781
-73.6507
-73.6216
-73.5914
-73.5637
-73.541
-73.5174
-73.4948
-73.4762
-73.4555
-73.4318
-73.4058
-73.3845
-73.3689
-73.367
-73.3731
-73.3722
-73.3633
-73.355
-73.3505
-73.3543
-73.3546
-73.3472
-73.3393
-73.341
-73.3387
-73.3292
-73.319
-73.3128
-73.316
-73.3198
-73.3281
-73.3378
-73.3387
-73.3311
-73.3174
-73.2999
-73.2874
-73.2752
-73.2609
-73.2514
-73.2471
-73.2425
-73.2324
-73.2171
-73.1979
-73.1771
-73.1635
-73.152
-73.146
-73.1377
-73.1244
-73.1113
-73.1031
-73.0919
-73.0763
-73.0572
-73.0358
-73.0163
-73.0047
-72.992
-72.9816
-72.9756
-72.966
-72.952
-72.944
-72.9376
-72.9269
-72.9119
-72.8936
-72.8732
-72.8512
-72.8281
-72.8124
-72.8075
-72.8105
-72.8092
-72.8014
-72.7886
-72.7723
-72.7535
-72.7331
-72.7116
-72.6892
-72.6663
-72.643
-72.6194
-72.5991
-72.5907
-72.5827
-72.571
-72.5559
-72.5385
-72.5194
-72.4992
-72.4782
-72.4568
-72.4352
-72.4133
-72.3914
-72.3694
-72.3475
-72.3256
-72.3039
-72.2823
-72.2608
-72.2395
-72.2286
-72.2271
-72.2231
-72.2149
-72.2032
-72.1892
-72.1737
-72.1581
-72.1564
-72.1588
-72.1567
-72.15
-72.1398
-72.1272
-72.113
-72.0977
-72.0816
-72.0649
-72.048
-72.0308
-72.0134
-71.996
-71.9786
-71.9612
-71.9438
-71.9266
-71.9094
-71.8923
-71.8754
-71.8586
-71.8419
-71.8254
-71.8091
-71.7929
-71.7769
-71.761
-71.7453
-71.7298
-71.7145
-71.6993
-71.6843
-71.6694
-71.6548
-71.6403
-71.626
-71.6118
-71.5978
-71.584
-71.5703
-71.5568
-71.5435
-71.5303
-71.5173
-71.5044
-71.4917
-71.4792
-71.4668
-71.4545
-71.4424
-71.4305
-71.4187
-71.407
-71.3955
-71.3842
-71.3729
-71.3618
-71.3509
-71.3401
-71.3294
-71.3189
-71.3085
-71.2982
-71.2881
-71.2781
-71.2682
-71.2585
-71.2489
-71.2394
-71.23
-71.2207
-71.2116
-71.2026
-71.1937
-71.1849
-71.1762
-71.1677
-71.1592
-71.1509
-71.1427
-71.1346
-71.1265
-71.1186
-71.1108
-71.1031
-71.0955
-71.088
-71.0806
-71.0733
-71.0661
-71.059
-71.052
-71.0451
-71.0382
-71.0315
-71.0249
-71.0183
-71.0118
-71.0054
-70.9992
-70.9929
-70.9868
-70.9808
-70.9748
-70.9689
-70.9631
-70.9574
-70.9518
-70.9462
-70.9407
-70.9353
-70.93
-70.9247
-70.9196
-70.9144
-70.9094
-70.9044
-70.8995
-70.8947
-70.8899
-70.8852
-70.8806
-70.876
-70.8715
-70.8671
-70.8627
-70.8584
-70.8542
-70.85
-70.8459
-70.8418
-70.8378
-70.8338
-70.83
-70.8261
-70.8223
-70.8186
-70.815
-70.8114
-70.8078
-70.8043
-70.8008
-70.7974
-70.7941
-70.7908
-70.7875
-70.7843
-70.7812
-70.7781
-70.775
-70.772
-70.769
-70.7661
-70.7633
-70.7604
-70.7576
-70.7549
-70.7522
-70.7495
-70.7469
-70.7444
-70.7418
-70.7393
-70.7369
-70.7345
-70.7321
-70.7298
-70.7275
-70.7252
-70.723
-70.7208
-70.7186
-70.7165
-70.7144
-70.7124
-70.7104
-70.7084
-70.7065
-70.7045
-70.7027
-70.7008
-70.699
-70.6972
-70.6954
-70.6937
-70.692
-70.6904
-70.6887
-70.6871
-70.6855
-70.684
-70.6825
-70.681
-70.6795
-70.678
-70.6766
-70.6752
-70.6739
-70.6725
-70.6712
-70.6699
-70.6686
-70.6674
-70.6662
-70.665
-70.6638
-70.6626
-70.6615
-70.6604
-70.6593
-70.6582
-70.6572
-70.6562
-70.6552
-70.6542
-70.6532
-70.6523
-70.6513
-70.6504
-70.6496
-70.6487
-70.6478
-70.647
-70.6462
-70.6454
-70.6446
-70.6438
-70.6431
-70.6424
-70.6416
-70.6409
-70.6403
-70.6396
-70.6389
-70.6383
-70.6377
-70.6371
-70.6365
-70.6359
-70.6353
-70.6348
-70.6342
-70.6337
-70.6332
-70.6327
-70.6322
-70.6317
-70.6313
-70.6308
-70.6304
-70.63
-70.6296
-70.6292
-70.6288
-70.6284
-70.628
-70.6277
-70.6273
-70.627
-70.6267
-70.6263
-70.626
-70.6257
-70.6255
-70.6252
-70.6249
-70.6247
-70.6244
-70.6242
-70.6239
-70.6237
-70.6235
-70.6233
-70.6231
-70.6229
-70.6227
-70.6225
-70.6224
-70.6222
-70.6221
-70.6219
-70.6218
-70.6217
-70.6215
-70.6214
-70.6213
-70.6212
-70.6211
-70.621
-70.6209
-70.6209
-70.6208
-70.6207
-70.6207
-70.6206
-70.6206
-70.6205
-70.6205
-70.6204
-70.6204
-70.6204
-70.6204
-70.6204
-70.6203
-70.6203
-70.6203
-70.6204
-70.6204
-70.6204
-70.6204
-70.6204
-70.6204
-70.6205
-70.6205
-70.6206
-70.6206
-70.6206
-70.6207
-70.6208
-70.6208
-70.6209
-70.6209
-70.621
-70.6211
-70.6211
-70.6212
-70.6213
-70.6214
-70.6215
-70.6216
-70.6217
-70.6217
-70.6218
-70.6219
-70.622
-70.6222
-70.6223
-70.6224
-70.6225
-70.6226
-70.6227
-70.6228
-70.6229
-70.6231
-70.6232
-70.6233
-70.6234
-70.6236
-70.6237
-70.6238
-70.624
-70.6241
-70.6243
-70.6244
-70.6245
-70.6247
-70.6248
-70.625
-70.6251
-70.6253
-70.6254
-70.6256
-70.6257
-70.6259
-70.626
-70.6262
-70.6263
-70.6265
-70.6266
-70.6268
-70.627
-70.6271
-70.6273
-70.6275
-70.6276
-70.6278
-70.6279
-70.6281
-70.6283
-70.6284
-70.6286
-70.6288
-70.6289
-70.6291
-70.6293
-70.6294
-70.6296
-70.6298
-70.63
-70.6301
-70.6303
-70.6305
-70.6306
-70.6308
-70.631
-70.6312
-70.6313
-70.6315
-70.6317
-70.6319
-70.632
-70.6322
-70.6324
-70.6325
-70.6327
-70.6329
-70.6331
-70.6332
-70.6334
-70.6336
-70.6338
-70.6339
-70.6341
-70.6343
-70.6344
-70.6346
-70.6348
-70.635
-70.6351
-70.6353
-70.6355
-70.6356
-70.6358
-70.636
-70.6362
-70.6363
-70.6365
-70.6367
-70.6368
-70.637
-70.6372
-70.6373
-70.6375
-70.6377
-70.6378
-70.638
-70.6382
-70.6383
-70.6385
-70.6387
-70.6388
-70.639
-70.6392
-70.6393
-70.6395
-70.6396
-70.6398
-70.64
-70.6401
-70.6403
-70.6404
-70.6406
-70.6408
-70.6409
-70.6411
-70.6412
-70.6414
-70.6415
-70.6417
-70.6418
-70.642
-70.6422
-70.6423
-70.6425
-70.6426
-70.6428
-70.6429
-70.6431
-70.6432
-70.6434
-70.6435
-70.6436
-70.6438
-70.6439
-70.6441
-70.6442
-70.6444
-70.6445
-70.6447
-70.6448
-70.6449
-70.6451
-70.6452
-70.6454
-70.6455
-70.6456
-70.6458

