-70
-70.1661
-70.23
-70.2566
-70.2695
-70.2773
-70.283
-70.2879
-70.2925
-70.297
-70.3014
-70.3057
-70.31
-70.3142
-70.3185
-70.3226
-70.3268
-70.3309
-70.335
-70.3391
-70.3431
-70.3471
-70.351
-70.3549
-70.3588
-70.3626
-70.3664
-70.3701
-70.3738
-70.3775
-70.3811
-70.3847
-70.3883
-70.3918
-70.3953
-70.3987
-70.4021
-70.4055
-70.4088
-70.4121
-70.4154
-70.4186
-70.4218
-70.4249
-70.428
-70.4311
-70.4341
-70.4372
-70.4401
-70.4431
-70.446
-70.4489
-70.4517
-70.4545
-70.4573
-70.4601
-70.4628
-70.4655
-70.4682
-70.4708
-70.4734
-70.476
-70.4785
-70.481
-70.4835
-70.486
-70.4884
-70.4908
-70.4932
-70.4955
-70.4978
-70.5001
-70.5024
-70.5046
-70.5068
-70.509
-70.5112
-70.5133
-70.5154
-70.5175
-70.5196
-70.5216
-70.5236
-70.5256
-70.5276
-70.5295
-70.5315
-70.5334
-70.5352
-70.5371
-70.5389
-70.5407
-70.5425
-70.5443
-70.5461
-70.5478
-70.5495
-70.5512
-70.5528
-70.5545
-70.5561
-70.5577
-70.5593
-70.5609
-70.5624
-70.5639
-70.5655
-70.5669
-70.5684
-70.5699
-70.5713
-70.5727
-70.5741
-70.5755
-70.5769
-70.5782
-70.5796
-70.5809
-70.5822
-70.5835
-70.5848
-70.586
-70.5873
-70.5885
-70.5897
-70.5909
-70.5921
-70.5932
-70.5944
-70.5955
-70.5966
-70.5977
-70.5988
-70.5999
-70.601
-70.602
-70.603
-70.6041
-70.6051
-70.6061
-70.6071
-70.608
-70.609
-70.6099
-70.6109
-70.6118
-70.6127
-70.6136
-70.6145
-70.6154
-70.6162
-70.6171
-70.6179
-70.6187
-70.6196
-70.6204
-70.6212
-70.622
-70.6227
-70.6235
-70.6242
-70.625
-70.6257
-70.6265
-70.6272
-70.6279
-70.6286
-70.6293
-70.6299
-70.6306
-70.6313
-70.6319
-70.6325
-70.6332
-70.6338
-70.6344
-70.635
-70.6356
-70.6362
-70.6368
-70.6374
-70.6379
-70.6385
-70.639
-70.6396
-70.6401
-70.6406
-70.6411
-70.6417
-70.6422
-70.6427
-70.6431
-70.6436
-70.6441
-70.6446
-70.645
-70.6455
-70.6459
-70.6464
-70.6468
-70.6472
-70.6476
-70.6481
-70.6485
-70.6489
-70.6493
-70.6497
-70.65
-70.6504
-70.6508
-70.6512
-70.6515
-70.6519
-70.6522
-70.6526
-70.6529
-70.6533
-70.6536
-70.6539
-70.6542
-70.6545
-70.6549
-70.6552
-70.6555
-70.6558
-70.656
-70.6563
-70.6566
-70.6569
-70.6572
-70.6574
-70.6577
-70.658
-70.6582
-70.6585
-70.6587
-70.6589
-70.6592
-70.6594
-70.6597
-70.6599
-70.6601
-70.6603
-70.6605
-70.6607
-70.661
-70.6612
-70.6614
-70.6616
-70.6617
-70.6619
-70.6621
-70.6623
-70.6625
-70.6627
-70.6628
-70.663
-70.6632
-70.6633
-70.6635
-70.6637
-70.6638
-70.664
-70.6641
-70.6643
-70.6644
-70.6646
-70.6647
-70.6648
-70.665
-70.6651
-70.6652
-70.6653
-70.6655
-70.6656
-70.6657
-70.6658
-70.6659
-70.666
-70.6662
-70.6663
-70.6664
-70.6665
-70.6666
-70.6667
-70.6668
-70.6669
-70.667
-70.667
-70.6671
-70.6672
-70.6673
-70.6674
-70.6675
-70.6675
-70.6676
-70.6677
-70.6678
-70.6678
-70.6679
-70.668
-70.668
-70.6681
-70.6682
-70.6682
-70.6683
-70.6683
-70.6684
-70.6685
-70.6685
-70.6686
-70.6686
-70.6687
-70.6687
-70.6688
-70.6688
-70.6688
-70.6689
-70.6689
-70.669
-70.669
-70.669
-70.6691
-70.6691
-70.6691
-70.6692
-70.6692
-70.6692
-70.6693
-70.6693
-70.6693
-70.6694
-70.6694
-70.6694
-70.6694
-70.6694
-70.6695
-70.6695
-70.6695
-70.6695
-70.6695
-70.6696
-70.6696
-70.6696
-70.6696
-70.6696
-70.6696
-70.6696
-70.6697
-70.6697
-70.6697
-70.6697
-70.6697
-70.6697
-70.6697
-70.6697
-70.6697
-70.6697
-70.6697
-70.6697
-70.6697
-70.6697
-70.6697
-70.6697
-70.6697
-70.6697
-70.6697
-70.6697
-70.6697
-70.6697
-70.6697
-70.6697
-70.6697
-70.6697
-70.6697
-70.6697
-70.6697
-70.6697
-70.6697
-70.6697
-70.6697
-70.6697
-70.6697
-70.6696
-70.6696
-70.6696
-70.6696
-70.6696
-70.6696
-70.6696
-70.6696
-70.6696
-70.6695
-70.6695
-70.6695
-70.6695
-70.6695
-70.6695
-70.6695
-70.6695
-70.6694
-70.6694
-70.6694
-70.6694
-70.6694
-70.6694
-70.6693
-70.6693
-70.6693
-70.6693
-70.6693
-70.6693
-70.6693
-70.6692
-70.6692
-70.6692
-70.6692
-70.6692
-70.6691
-70.6691
-70.6691
-70.6691
-70.6691
-70.6691
-70.669
-70.669
-70.669
-70.669
-70.669
-70.6689
-70.6689
-70.6689
-70.6689
-70.6689
-70.6688
-70.6688
-70.6688
-70.6688
-70.6688
-70.6687
-70.6687
-70.6687
-70.6687
-70.6686
-70.6686
-70.6686
-70.6686
-70.6686
-70.6685
-70.6685
-70.6685
-70.6685
-70.6685
-70.6684
-70.6684
-70.6684
-70.6684
-70.6684
-70.6683
-70.6683
-70.6683
-70.6683
-70.6682
-70.6682
-70.6682
-70.6682
-70.6682
-70.6681
-70.6681
-70.6681
-70.6681
-70.6681
-70.668
-70.8827
-71.6052
-72.5284
-73.3273
-73.8555
-58.018
-52.2882
-50.1102
-48.0526
-43.2028
11.7946
-26.9817
-58.1513
-68.9773
-68.1339
-67.0823
-66.0003
-64.9078
-63.8226
-62.7622
-61.7429
-60.7781
-59.8437
-58.986
-58.2002
-57.4888
-56.8641
-56.3187
-55.8431
-55.4293
-55.0761
-54.7717
-54.5139
-54.3007
-54.1257
-53.9794
-53.8592
-53.7604
-53.6786
-53.6134
-53.5625
-53.523
-53.4914
-53.4662
-53.4463
-53.4293
-53.4161
-53.407
-53.4008
-53.397
-53.3948
-53.3923
-53.3903
-53.3885
-53.3856
-53.384
-53.3839
-53.3848
-53.3863
-53.3882
-53.3904
-53.3928
-53.3942
-53.3939
-53.394
-53.3924
-53.3905
-53.39
-53.3906
-53.3919
-53.3935
-53.3953
-53.3971
-53.3991
-53.4011
-53.4031
-53.405
-53.4067
-53.4082
-53.4086
-53.4043
-53.401
-53.3969
-53.393
-53.3904
-53.3886
-53.3864
-53.3821
-53.3693
-53.2574
-53.1485
-53.169
-53.2119
-53.249
-53.2761
-53.2946
-53.307
-53.3158
-53.3228
-53.3292
-53.3361
-53.344
-53.3539
-53.3666
-53.3831
-53.4038
-53.4288
-53.4426
-53.4421
-53.4378
-53.4323
-53.4267
-53.4238
-53.4238
-53.4256
-53.4287
-53.4327
-53.4375
-53.443
-53.4493
-53.4563
-53.4642
-53.4729
-53.4824
-53.493
-53.5045
-53.5172
-53.531
-53.5462
-53.5628
-53.5809
-53.6007
-53.6223
-53.6458
-53.6715
-53.6996
-53.7303
-53.7638
-53.8005
-53.8404
-53.884
-53.9314
-53.9829
-54.0388
-53.7554
-53.509
-53.4112
-53.3762
-53.3655
-53.3664
-53.3743
-53.3846
-53.3951
-53.4052
-53.4147
-53.4238
-53.4325
-53.441
-53.4494
-53.4582
-53.4671
-53.4763
-53.4858
-53.4958
-53.5065
-53.5178
-53.53
-53.5431
-53.5573
-53.5738
-53.5932
-53.6142
-53.636
-53.6592
-53.684
-53.7108
-53.7398
-53.7714
-53.8057
-53.8445
-53.8929
-53.9464
-54.0017
-54.0592
-54.12
-54.1849
-54.2542
-54.3283
-54.0261
-53.5025
-53.3407
-53.3053
-53.3096
-53.3202
-53.3351
-53.3505
-53.3649
-53.3777
-53.3892
-53.3995
-53.4088
-53.4179
-53.4269
-53.4356
-53.4439
-53.4521
-53.4603
-53.4688
-53.4775
-53.4868
-53.4966
-53.5072
-53.5199
-53.5347
-53.5509
-53.5676
-53.5851
-53.6036
-53.6235
-53.645
-53.6682
-53.6934
-53.7212
-53.7546
-53.7931
-53.8376
-53.8852
-53.9342
-53.9857
-54.0402
-54.0986
-54.1613
-54.2287
-54.3008
-54.3819
-54.478
-54.5841
-54.7031
-54.8296
-54.9583
-55.0905
-55.2282
-55.3723
-53.7776
-53.2422
-53.1419
-53.1575
-53.1942
-53.2306
-53.2644
-53.294
-53.3193
-53.3406
-53.3587
-53.3742
-53.3876
-53.3995
-53.4101
-53.4202
-53.4301
-53.4398
-53.4497
-53.4598
-53.4703
-53.481
-53.4919
-53.5034
-53.5155
-53.5284
-53.5436
-53.5609
-53.5799
-53.6009
-53.6241
-53.6484
-53.6741
-53.7015
-53.7313
-53.7637
-53.7989
-53.8404
-53.889
-53.9416
-54.0022
-53.8928
-53.5107
-53.3997
-53.3678
-53.3561
-53.3603
-53.3701
-53.3812
-53.3924
-53.4038
-53.4145
-53.4255
-53.43
-53.4232
-53.4207
-53.4218
-53.4248
-53.429
-53.4345
-53.4418
-53.4514
-53.4635
-53.477
-53.4918
-53.507
-53.5215
-53.5358
-53.5523
-53.574
-53.603
-53.6421
-53.6866
-53.7279
-53.7676
-53.807
-53.8481
-53.8921
-53.9424
-54.0049
-54.076
-54.1578
-54.2477
-54.339
-54.4334
-54.5319
-54.6367
-54.7493
-54.8742
-55.0168
-55.1771
-55.3585
-55.558
-55.7663
-55.9825
-56.2071
-56.4422
-56.6897
-56.9546
-57.2454
-57.5621
-57.908
-58.2849
-58.6843
-59.0885
-59.4985
-59.9155
-60.3374
-60.7689
-61.2186
-61.6962
-62.1936
-62.7149
-63.2558
-63.7971
-64.3229
-64.834
-65.3287
-65.805
-66.2709
-66.7362
-67.2017
-67.6682
-68.1378
-68.6021
-69.0438
-69.4537
-69.8368
-70.1934
-70.5202
-70.8235
-71.1119
-71.3892
-71.657
-71.9135
-72.1623
-72.3944
-72.6037
-72.7911
-72.9608
-73.1158
-73.2561
-73.3827
-73.5006
-73.6136
-73.7206
-73.8227
-73.9193
-74.0058
-74.081
-74.1467
-74.2046
-74.2571
-74.3042
-74.3454
-74.3838
-74.4213
-74.4563
-74.491
-74.5246
-74.5546
-74.5796
-74.5998
-74.6168
-74.6325
-74.6476
-74.6606
-74.6719
-74.6827
-74.6926
-74.7032
-74.7145
-74.7238
-74.7322
-74.7372
-74.7405
-74.7435
-74.7463
-74.7498
-74.7531
-74.7564
-74.759
-74.7613
-74.7646
-74.7687
-74.7717
-74.7744
-74.775
-74.7738
-74.7734
-74.7726
-74.7726
-74.7734
-74.7734
-74.7729
-74.7725
-74.7728
-74.7746
-74.7756
-74.7759
-74.776
-74.7737
-74.7715
-74.7703
-74.7692
-74.7693
-74.769
-74.7693
-74.7684
-74.7682
-74.7689
-74.7707
-74.7713
-74.7709
-74.7698
-74.7672
-74.7628
-74.7596
-74.7589
-74.7582
-74.7572
-74.7572
-74.7568
-74.757
-74.7573
-74.7574
-74.7596
-74.7597
-74.7587
-74.758
-74.7542
-74.7493
-74.7464
-74.7463
-74.7464
-74.7459
-74.7461
-74.7457
-74.747
-74.7475
-74.7476
-74.7491
-74.7489
-74.7474
-74.7451
-74.7426
-74.7379
-74.7327
-74.7306
-74.7303
-74.7304
-74.7307
-74.7304
-74.7293
-74.7314
-74.7335
-74.7353
-74.738
-74.7378
-74.7354
-74.7322
-74.7295
-74.7262
-74.7223
-74.7178
-74.7168
-74.7172
-74.7168
-74.7165
-74.7152
-74.7151
-74.7166
-74.7183
-74.7222
-74.7249
-74.7252
-74.723
-74.7186
-74.7139
-74.7094
-74.7056
-74.7026
-74.6998
-74.6993
-74.6988
-74.6975
-74.6958
-74.6971
-74.7004
-74.7033
-74.7044
-74.7061
-74.7106
-74.7134
-74.712
-74.7073
-74.7019
-74.6947
-74.69
-74.6876
-74.6858
-74.683
-74.6793
-74.6764
-74.6751
-74.6734
-74.6773
-74.6839
-74.687
-74.6864
-74.6895
-74.6939
-74.6951
-74.6945
-74.6926
-74.6879
-74.6804
-74.6756
-74.6713
-74.6698
-74.6688
-74.6622
-74.6529
-74.6469
-74.6472
-74.6505
-74.6557
-74.6595
-74.6632
-74.6684
-74.6731
-74.6778
-74.6784
-74.6767
-74.6745
-74.6697
-74.6657
-74.6626
-74.6587
-74.655
-74.6541
-74.6504
-74.6429
-74.6319
-74.6237
-74.6186
-74.618
-74.6205
-74.6267
-74.6313
-74.6366
-74.6449
-74.651
-74.6562
-74.6584
-74.6579
-74.6556
-74.6507
-74.6448
-74.6392
-74.6356
-74.6342
-74.6348
-74.6329
-74.6258
-74.6167
-74.6076
-74.6001
-74.5939
-74.5896
-74.5857
-74.5854
-74.5917
-74.5983
-74.6064
-74.6115
-74.6175
-74.624
-74.6319
-74.6366
-74.6347
-74.6279
-74.6227
-74.6184
-74.6134
-74.6081
-74.6066
-74.6056
-74.602
-74.5972
-74.59
-74.5808
-74.5718
-74.565
-74.5575
-74.554
-74.5505
-74.549
-74.5513
-74.5591
-74.5681
-74.5756
-74.579
-74.5816
-74.5866
-74.5927
-74.5968
-74.599
-74.5974
-74.5923
-74.5886
-74.5832
-74.5796
-74.5814
-74.582
-74.578
-74.5704
-74.5601
-74.5472
-74.5333
-74.5244
-74.5189
-74.513
-74.5094
-74.5068
-74.5056
-74.5084
-74.5103
-74.5097
-74.5123
-74.5214
-74.5298
-74.5348
-74.5418
-74.5451
-74.5468
-74.5468
-74.5466
-74.5458
-74.5435
-74.5408
-74.5385
-74.5369
-74.5393
-74.5437
-74.5444
-74.5423
-74.5366
-74.5246
-74.5089
-74.4901
-74.4726
-74.4592
-74.4502
-74.4431
-74.4373
-74.4403
-74.4424
-74.4415
-74.4457
-74.4557
-74.4611
-74.4624
-74.4623
-74.4621
-74.4681
-74.4782
-74.4876
-74.4929
-74.4933
-74.4946
-74.4942
-74.4909
-74.4894
-74.4885
-74.482
-74.4725
-74.4676
-74.4689
-74.4736
-74.4846
-74.491
-74.489
-74.4808
-74.4662
-74.4489
-74.4335
-74.4196
-74.4069
-74.3909
-74.3745
-74.3628
-74.3546
-74.3501
-74.3531
-74.3592
-74.3589
-74.3565
-74.3544
-74.355
-74.363
-74.3662
-74.3654
-74.373
-74.3858
-74.3938
-74.4
-74.4037
-74.4013
-74.4016
-74.4052
-74.4061
-74.4067
-74.4057
-74.4051
-74.4031
-74.3999
-74.3998
-74.3959
-74.3956
-74.3982
-74.394
-74.387
-74.3841
-74.381
-74.3742
-74.3698
-74.3645
-74.3557
-74.3451
-74.3358
-74.3224
-74.3069
-74.2916
-74.2767
-74.2624
-74.2545
-74.2499
-74.2423
-74.2349
-74.2257
-74.2197
-74.2174
-74.2176
-74.2172
-74.2123
-74.2123
-74.2197
-74.224
-74.2288
-74.2367
-74.2399
-74.2352
-74.2279
-74.2248
-74.2311
-74.2375
-74.2466
-74.2565
-74.2655
-74.2715
-74.2724
-74.2681
-74.2598
-74.2455
-74.2353
-74.2398
-74.2556
-74.2693
-74.2783
-74.2838
-74.2845
-74.2853
-74.2906
-74.2926
-74.2866
-74.2774
-74.2643
-74.2493
-74.2428
-74.2363
-74.2258
-74.2156
-74.2066
-74.1954
-74.1818
-74.168
-74.1549
-74.1437
-74.1317
-74.1175
-74.1105
-74.1042
-74.0921
-74.0777
-74.0628
-74.0457
-74.032
-74.0168
-74.0024
-73.9885
-73.9739
-73.9665
-73.9625
-73.9655
-73.9707
-73.9719
-73.9719
-73.9702
-73.9725
-73.9723
-73.9656
-73.9548
-73.9456
-73.9469
-73.9573
-73.9713
-73.9805
-73.9892
-74.001
-74.0071
-74.0099
-74.0099
-74.0101
-74.0096
-74.0023
-73.9905
-73.977
-73.9689
-73.9679
-73.9698
-73.9727
-73.9674
-73.9581
-73.9598
-73.9637
-73.9642
-73.9748
-73.9844
-73.9914
-73.9961
-74.0062
-74.0161
-74.0186
-74.0115
-74.001
-73.992
-73.9796
-73.9722
-73.9713
-73.973
-73.9781
-73.9882
-73.996
-74.0026
-74.0082
-74.0083
-74.0091
-74.0134
-74.0173
-74.0287
-74.0339
-74.029
-74.0202
-74.0068
-73.9892
-73.9754
-73.9658
-73.9552
-73.9435
-73.9319
-73.9212
-73.9075
-73.8888
-73.867
-73.8475
-73.8296
-73.8169
-73.8073
-73.7961
-73.7803
-73.7663
-73.7555
-73.7424
-73.7303
-73.7202
-73.7127
-73.7029
-73.6875
-73.6673
-73.6453
-73.6295
-73.618
-73.6035
-73.5908
-73.5804
-73.5713
-73.564
-73.553
-73.5367
-73.516
-73.4925
-73.4735
-73.4559
-73.4354
-73.412
-73.3866
-73.3705
-73.3652
-73.3637
-73.3571
-73.3487
-73.341
-73.3286
-73.3114
-73.2906
-73.2743
-73.2605
-73.2436
-73.2257
-73.2134
-73.1996
-73.182
-73.1655
-73.1543
-73.1407
-73.1231
-73.1072
-73.1055
-73.1144
-73.1296
-73.1452
-73.1553
-73.1559
-73.1568
-73.1554
-73.1477
-73.1346
-73.1174
-73.0975
-73.0755
-73.0548
-73.0424
-73.0295
-73.013
-73.0008
-72.9925
-72.9809
-72.9651
-72.9535
-72.946
-72.9351
-72.92
-72.9017
-72.8811
-72.8589
-72.8357
-72.8184
-72.8088
-72.7973
-72.7822
-72.7641
-72.7439
-72.7223
-72.6997
-72.6765
-72.6529
-72.6291
-72.605
-72.581
-72.5569
-72.5328
-72.5088
-72.485
-72.4612
-72.4376
-72.4142
-72.391
-72.368
-72.3451
-72.3225
-72.3001
-72.278
-72.256
-72.2343
-72.2157
-72.2122
-72.2106
-72.2047
-72.1949
-72.1822
-72.1746
-72.1781
-72.188
-72.2035
-72.2125
-72.2137
-72.2091
-72.2004
-72.189
-72.1756
-72.1608
-72.1451
-72.1287
-72.1117
-72.0945
-72.077
-72.0593
-72.0416
-72.0238
-72.006
-71.9883
-71.9706
-71.953
-71.9355
-71.9181
-71.9009
-71.8838
-71.8669
-71.8501
-71.8334
-71.817
-71.8055
-71.8108
-71.8169
-71.8178
-71.8141
-71.807
-71.7976
-71.7867
-71.7747
-71.762
-71.7489
-71.7354
-71.7217
-71.7079
-71.694
-71.6801
-71.6661
-71.6523
-71.6384
-71.6247
-71.6111
-71.5975
-71.5841
-71.5708
-71.5576
-71.5445
-71.5316
-71.5188
-71.5062
-71.4937
-71.4813
-71.469
-71.4569
-71.445
-71.4332
-71.4215
-71.41
-71.3986
-71.3873
-71.3762
-71.3652
-71.3543
-71.3436
-71.333
-71.3226
-71.3122
-71.302
-71.292
-71.282
-71.2722
-71.2625
-71.253
-71.2435
-71.2342
-71.225
-71.2159
-71.207
-71.1981
-71.1894
-71.1807
-71.1722
-71.1638
-71.1555
-71.1473
-71.1393
-71.1313
-71.1234
-71.1156
-71.108
-71.1004
-71.0929
-71.0855
-71.0783
-71.0711
-71.064
-71.057
-71.0501
-71.0433
-71.0366
-71.03
-71.0234
-71.017
-71.0106
-71.0043
-70.9981
-70.992
-70.986
-70.98
-70.9742
-70.9684
-70.9627
-70.957
-70.9515
-70.946
-70.9406
-70.9353
-70.93
-70.9249
-70.9197
-70.9147
-70.9097
-70.9048
-70.9
-70.8952
-70.8905
-70.8859
-70.8814
-70.8769
-70.8724
-70.868
-70.8637
-70.8595
-70.8553
-70.8512
-70.8471
-70.8431
-70.8391
-70.8352
-70.8314
-70.8276
-70.8239
-70.8202
-70.8166
-70.813
-70.8095
-70.806
-70.8026
-70.7993
-70.796
-70.7927
-70.7895
-70.7863
-70.7832
-70.7801
-70.7771
-70.7741
-70.7712
-70.7683
-70.7655
-70.7627
-70.7599
-70.7572
-70.7546
-70.7519
-70.7493
-70.7468
-70.7443
-70.7418
-70.7394
-70.737
-70.7346
-70.7323
-70.73
-70.7278
-70.7256
-70.7234
-70.7213
-70.7192
-70.7171
-70.7151
-70.7131
-70.7111
-70.7092
-70.7073
-70.7054
-70.7036
-70.7018
-70.7
-70.6983
-70.6966
-70.6949
-70.6932
-70.6916
-70.69
-70.6884
-70.6869
-70.6853
-70.6839
-70.6824
-70.681
-70.6795
-70.6782
-70.6768
-70.6755
-70.6741
-70.6728
-70.6716
-70.6703
-70.6691
-70.6679
-70.6667
-70.6656
-70.6645
-70.6634
-70.6623
-70.6612
-70.6602
-70.6591
-70.6581
-70.6571
-70.6562
-70.6552
-70.6543
-70.6534
-70.6525
-70.6516
-70.6508
-70.6499
-70.6491
-70.6483
-70.6475
-70.6468
-70.646
-70.6453
-70.6445
-70.6438
-70.6432
-70.6425
-70.6418
-70.6412
-70.6405
-70.6399
-70.6393
-70.6387
-70.6382
-70.6376
-70.6371
-70.6365
-70.636
-70.6355
-70.635
-70.6345
-70.6341
-70.6336
-70.6332
-70.6327
-70.6323
-70.6319
-70.6315
-70.6311
-70.6307
-70.6304
-70.63
-70.6297
-70.6293
-70.629
-70.6287
-70.6284
-70.6281
-70.6278
-70.6275
-70.6273
-70.627
-70.6268
-70.6265
-70.6263
-70.6261
-70.6258
-70.6256
-70.6254
-70.6252
-70.625
-70.6249
-70.6247
-70.6245
-70.6244
-70.6242
-70.6241
-70.624
-70.6238
-70.6237
-70.6236
-70.6235
-70.6234
-70.6233
-70.6232
-70.6231
-70.623
-70.623
-70.6229
-70.6228
-70.6228
-70.6227
-70.6227
-70.6227
-70.6226
-70.6226
-70.6226
-70.6225
-70.6225
-70.6225
-70.6225
-70.6225
-70.6225
-70.6225
-70.6225
-70.6226
-70.6226
-70.6226
-70.6226
-70.6227
-70.6227
-70.6227
-70.6228
-70.6228
-70.6229
-70.6229
-70.623
-70.623
-70.6231
-70.6232
-70.6232
-70.6233
-70.6234
-70.6235
-70.6235
-70.6236
-70.6237
-70.6238
-70.6239
-70.624
-70.6241
-70.6242
-70.6243
-70.6244
-70.6245
-70.6246
-70.6247
-70.6248
-70.6249
-70.625
-70.6252
-70.6253
-70.6254
-70.6255
-70.6256
-70.6258
-70.6259
-70.626
-70.6262
-70.6263
-70.6264
-70.6266
-70.6267
-70.6268
-70.627
-70.6271
-70.6272
-70.6274
-70.6275
-70.6277
-70.6278
-70.628
-70.6281
-70.6283
-70.6284
-70.6286
-70.6287
-70.6289
-70.629
-70.6292
-70.6293
-70.6295
-70.6296
-70.6298
-70.63
-70.6301
-70.6303
-70.6304
-70.6306
-70.6308
-70.6309
-70.6311
-70.6312
-70.6314
-70.6316
-70.6317
-70.6319
-70.632
-70.6322
-70.6324
-70.6325
-70.6327
-70.6329
-70.633
-70.6332
-70.6334
-70.6335
-70.6337
-70.6339
-70.634
-70.6342
-70.6343
-70.6345
-70.6347
-70.6348
-70.635
-70.6352
-70.6353
-70.6355
-70.6357
-70.6358
-70.636
-70.6362
-70.6363
-70.6365
-70.6366
-70.6368
-70.637
-70.6371
-70.6373
-70.6375
-70.6376
-70.6378
-70.6379
-70.6381
-70.6383
-70.6384
-70.6386
-70.6387
-70.6389
-70.6391
-70.6392
-70.6394
-70.6395
-70.6397
-70.6398
-70.64
-70.6402
-70.6403
-70.6405
-70.6406
-70.6408
-70.6409
-70.6411
-70.6412
-70.6414
-70.6415
-70.6417
-70.6418
-70.642
-70.6421
-70.6423
-70.6424
-70.6426
-70.6427
-70.6429
-70.643
-70.6432
-70.6433
-70.6435
-70.6436
-70.6437
-70.6439
-70.644
-70.6442
-70.6443
-70.6444
-70.6446
-70.6447
-70.6449
-70.645

