-70
-70.1661
-70.23
-70.2566
-70.2695
-70.2773
-70.283
-70.2879
-70.2925
-70.297
-70.3014
-70.3057
-70.31
-70.3142
-70.3185
-70.3226
-70.3268
-70.3309
-70.335
-70.3391
-70.3431
-70.3471
-70.351
-70.3549
-70.3588
-70.3626
-70.3664
-70.3701
-70.3738
-70.3775
-70.3811
-70.3847
-70.3883
-70.3918
-70.3953
-70.3987
-70.4021
-70.4055
-70.4088
-70.4121
-70.4154
-70.4186
-70.4218
-70.4249
-70.428
-70.4311
-70.4341
-70.4372
-70.4401
-70.4431
-70.446
-70.4489
-70.4517
-70.4545
-70.4573
-70.4601
-70.4628
-70.4655
-70.4682
-70.4708
-70.4734
-70.476
-70.4785
-70.481
-70.4835
-70.486
-70.4884
-70.4908
-70.4932
-70.4955
-70.4978
-70.5001
-70.5024
-70.5046
-70.5068
-70.509
-70.5112
-70.5133
-70.5154
-70.5175
-70.5196
-70.5216
-70.5236
-70.5256
-70.5276
-70.5295
-70.5315
-70.5334
-70.5352
-70.5371
-70.5389
-70.5407
-70.5425
-70.5443
-70.5461
-70.5478
-70.5495
-70.5512
-70.5528
-70.5545
-70.5561
-70.5577
-70.5593
-70.5609
-70.5624
-70.5639
-70.5655
-70.5669
-70.5684
-70.5699
-70.5713
-70.5727
-70.5741
-70.5755
-70.5769
-70.5782
-70.5796
-70.5809
-70.5822
-70.5835
-70.5848
-70.586
-70.5873
-70.5885
-70.5897
-70.5909
-70.5921
-70.5932
-70.5944
-70.5955
-70.5966
-70.5977
-70.5988
-70.5999
-70.601
-70.602
-70.603
-70.6041
-70.6051
-70.6061
-70.6071
-70.608
-70.609
-70.6099
-70.6109
-70.6118
-70.6127
-70.6136
-70.6145
-70.6154
-70.6162
-70.6171
-70.6179
-70.6187
-70.6196
-70.6204
-70.6212
-70.622
-70.6227
-70.6235
-70.6242
-70.625
-70.6257
-70.6265
-70.6272
-70.6279
-70.6286
-70.6293
-70.6299
-70.6306
-70.6313
-70.6319
-70.6325
-70.6332
-70.6338
-70.6344
-70.635
-70.6356
-70.6362
-70.6368
-70.6374
-70.6379
-70.6385
-70.639
-70.6396
-70.6401
-70.6406
-70.6411
-70.6417
-70.6422
-70.6427
-70.6431
-70.6436
-70.6441
-70.6446
-70.645
-70.6455
-70.6459
-70.6464
-70.6468
-70.6472
-70.6476
-70.6481
-70.6485
-70.6489
-70.6493
-70.6497
-70.65
-70.6504
-70.6508
-70.6512
-70.6515
-70.6519
-70.6522
-70.6526
-70.6529
-70.6533
-70.6536
-70.6539
-70.6542
-70.6545
-70.6549
-70.6552
-70.6555
-70.6558
-70.656
-70.6563
-70.6566
-70.6569
-70.6572
-70.6574
-70.6577
-70.658
-70.6582
-70.6585
-70.6587
-70.6589
-70.6592
-70.6594
-70.6597
-70.6599
-70.6601
-70.6603
-70.6605
-70.6607
-70.661
-70.6612
-70.6614
-70.6616
-70.6617
-70.6619
-70.6621
-70.6623
-70.6625
-70.6627
-70.6628
-70.663
-70.6632
-70.6633
-70.6635
-70.6637
-70.6638
-70.664
-70.6641
-70.6643
-70.6644
-70.6646
-70.6647
-70.6648
-70.665
-70.6651
-70.6652
-70.6653
-70.6655
-70.6656
-70.6657
-70.6658
-70.6659
-70.666
-70.6662
-70.6663
-70.6664
-70.6665
-70.6666
-70.6667
-70.6668
-70.6669
-70.667
-70.667
-70.6671
-70.6672
-70.6673
-70.6674
-70.6675
-70.6675
-70.6676
-70.6677
-70.6678
-70.6678
-70.6679
-70.668
-70.668
-70.6681
-70.6682
-70.6682
-70.6683
-70.6683
-70.6684
-70.6685
-70.6685
-70.6686
-70.6686
-70.6687
-70.6687
-70.6688
-70.6688
-70.6688
-70.6689
-70.6689
-70.669
-70.669
-70.669
-70.6691
-70.6691
-70.6691
-70.6692
-70.6692
-70.6692
-70.6693
-70.6693
-70.6693
-70.6694
-70.6694
-70.6694
-70.6694
-70.6694
-70.6695
-70.6695
-70.6695
-70.6695
-70.6695
-70.6696
-70.6696
-70.6696
-70.6696
-70.6696
-70.6696
-70.6696
-70.6697
-70.6697
-70.6697
-70.6697
-70.6697
-70.6697
-70.6697
-70.6697
-70.6697
-70.6697
-70.6697
-70.6697
-70.6697
-70.6697
-70.6697
-70.6697
-70.6697
-70.6697
-70.6697
-70.6697
-70.6697
-70.6697
-70.6697
-70.6697
-70.6697
-70.6697
-70.6697
-70.6697
-70.6697
-70.6697
-70.6697
-70.6697
-70.6697
-70.6697
-70.6697
-70.6696
-70.6696
-70.6696
-70.6696
-70.6696
-70.6696
-70.6696
-70.6696
-70.6696
-70.6695
-70.6695
-70.6695
-70.6695
-70.6695
-70.6695
-70.6695
-70.6695
-70.6694
-70.6694
-70.6694
-70.6694
-70.6694
-70.6694
-70.6693
-70.6693
-70.6693
-70.6693
-70.6693
-70.6693
-70.6693
-70.6692
-70.6692
-70.6692
-70.6692
-70.6692
-70.6691
-70.6691
-70.6691
-70.6691
-70.6691
-70.6691
-70.669
-70.669
-70.669
-70.669
-70.669
-70.6689
-70.6689
-70.6689
-70.6689
-70.6689
-70.6688
-70.6688
-70.6688
-70.6688
-70.6688
-70.6687
-70.6687
-70.6687
-70.6687
-70.6686
-70.6686
-70.6686
-70.6686
-70.6686
-70.6685
-70.6685
-70.6685
-70.6685
-70.6685
-70.6684
-70.6684
-70.6684
-70.6684
-70.6684
-70.6683
-70.6683
-70.6683
-70.6683
-70.6682
-70.6682
-70.6682
-70.6682
-70.6682
-70.6681
-70.6681
-70.6681
-70.6681
-70.6681
-70.6773
-70.8221
-71.3677
-72.2643
-73.1521
-73.7425
-74.0533
-62.2053
-53.3332
-50.7441
-48.8859
-45.9049
-22.4335
-17.0974
-43.2492
-68.6914
-68.6196
-67.6093
-66.555
-65.4849
-64.4174
-63.3708
-62.3629
-61.4088
-60.4228
-59.3939
-58.5459
-57.8101
-57.1636
-56.597
-56.105
-55.6501
-55.251
-54.9218
-54.6492
-54.4246
-54.2412
-54.0862
-53.9417
-53.8272
-53.7391
-53.6713
-53.6194
-53.5803
-53.5507
-53.5122
-53.4816
-53.4616
-53.4492
-53.4419
-53.4384
-53.4376
-53.4388
-53.4351
-53.4203
-53.4121
-53.4094
-53.41
-53.4126
-53.4165
-53.4211
-53.4264
-53.4321
-53.4382
-53.4423
-53.4251
-53.4141
-53.4102
-53.4104
-53.4127
-53.4161
-53.42
-53.4243
-53.4289
-53.4336
-53.4384
-53.4434
-53.4478
-53.4517
-53.4551
-53.4578
-53.4446
-53.4154
-53.4016
-53.3955
-53.3918
-53.3874
-53.3796
-53.3621
-53.297
-52.8051
-52.6174
-52.7161
-52.852
-52.964
-53.0442
-53.0982
-53.1345
-53.1605
-53.1817
-53.2021
-53.2243
-53.2507
-53.2838
-53.3266
-53.3816
-53.4499
-53.5304
-53.5105
-53.4842
-53.4747
-53.4737
-53.4778
-53.4852
-53.4951
-53.5071
-53.5212
-53.5375
-53.5559
-53.5766
-53.5997
-53.6253
-53.6536
-53.6847
-53.7191
-53.7569
-53.7984
-53.8439
-53.8936
-53.9478
-54.0068
-54.071
-54.1408
-54.2164
-54.2982
-54.3864
-54.4817
-54.5846
-54.6956
-54.8152
-54.944
-55.0828
-55.232
-55.3919
-54.0109
-53.3818
-53.2474
-53.2484
-53.2848
-53.3276
-53.3688
-53.4067
-53.4412
-53.4731
-53.5035
-53.5325
-53.5606
-53.5882
-53.616
-53.6443
-53.6747
-53.7069
-53.7406
-53.7762
-53.815
-53.8569
-53.9015
-53.9492
-54.0003
-54.0552
-54.1155
-54.1822
-54.257
-54.3377
-54.4227
-54.5155
-54.6142
-54.7182
-54.8282
-54.9453
-55.0702
-55.2084
-55.3593
-55.5226
-55.692
-55.8683
-56.06
-54.2028
-53.2734
-53.0926
-53.1014
-53.1554
-53.2151
-53.2699
-53.3178
-53.3593
-53.3955
-53.428
-53.4577
-53.485
-53.5106
-53.5353
-53.5596
-53.5849
-53.6123
-53.6405
-53.6693
-53.6992
-53.7313
-53.7673
-53.8055
-53.8459
-53.8889
-53.9349
-53.9854
-54.046
-54.1118
-54.1801
-54.2515
-54.3266
-54.4089
-54.5014
-54.5989
-54.7008
-54.8079
-54.9211
-55.0501
-55.202
-55.3582
-55.5158
-55.6767
-55.8426
-56.0166
-56.2126
-56.4168
-56.6225
-56.8301
-57.041
-57.2746
-56.3876
-53.519
-52.9181
-52.8529
-52.9212
-53.0147
-53.103
-53.179
-53.2424
-53.2953
-53.3403
-53.3793
-53.415
-53.4474
-53.4768
-53.5043
-53.5305
-53.5562
-53.582
-53.6087
-53.638
-53.6685
-53.7
-53.7335
-53.7718
-53.816
-53.8632
-53.9122
-53.9638
-54.0186
-54.0781
-54.1466
-54.2203
-54.2974
-54.3843
-54.4856
-54.5917
-54.7007
-54.814
-54.9332
-54.2987
-53.4383
-53.2465
-53.2296
-53.2569
-53.2929
-53.3282
-53.3598
-53.3877
-53.4125
-53.4351
-53.456
-53.4758
-53.495
-53.514
-53.535
-53.5586
-53.584
-53.6115
-53.6392
-53.6676
-53.6973
-53.729
-53.7631
-53.8036
-53.86
-53.9317
-54.0393
-54.1878
-54.3265
-54.4561
-54.5807
-54.7013
-54.8289
-55.0078
-55.295
-55.6156
-55.9444
-56.2647
-56.5547
-56.8266
-57.0987
-57.3824
-57.6834
-58.0397
-58.4851
-58.9732
-59.4591
-59.9403
-60.4017
-60.8466
-61.2891
-61.7364
-62.1932
-62.6787
-63.2156
-63.7915
-64.36
-64.9099
-65.4394
-65.9369
-66.41
-66.8663
-67.3065
-67.7391
-68.1838
-68.6473
-69.1001
-69.5269
-69.9219
-70.2843
-70.6116
-70.9092
-71.1848
-71.441
-71.6931
-71.9494
-72.2054
-72.4446
-72.6616
-72.8551
-73.0267
-73.1767
-73.3084
-73.426
-73.5334
-73.6392
-73.7458
-73.853
-73.9527
-74.0405
-74.1165
-74.1835
-74.2412
-74.2895
-74.3303
-74.3667
-74.4037
-74.4424
-74.4832
-74.5223
-74.5558
-74.5836
-74.607
-74.6261
-74.6411
-74.6522
-74.6608
-74.6701
-74.6817
-74.6956
-74.7122
-74.7276
-74.739
-74.7473
-74.7532
-74.7572
-74.7591
-74.7595
-74.7594
-74.761
-74.7639
-74.7691
-74.7758
-74.7824
-74.7863
-74.788
-74.788
-74.7875
-74.7858
-74.7835
-74.782
-74.7817
-74.7819
-74.7839
-74.7871
-74.7906
-74.7926
-74.7928
-74.7914
-74.7897
-74.7876
-74.7847
-74.7822
-74.7806
-74.7798
-74.7791
-74.7807
-74.7826
-74.7841
-74.7845
-74.7841
-74.7831
-74.7809
-74.7779
-74.7755
-74.7736
-74.773
-74.7722
-74.7716
-74.7727
-74.7738
-74.7741
-74.7739
-74.7734
-74.7723
-74.7691
-74.7658
-74.7633
-74.7612
-74.7604
-74.7605
-74.7596
-74.7603
-74.7624
-74.7637
-74.7642
-74.7636
-74.762
-74.7599
-74.7566
-74.7538
-74.7507
-74.7493
-74.7485
-74.7485
-74.7476
-74.7478
-74.7496
-74.7512
-74.7515
-74.7502
-74.7482
-74.7458
-74.7435
-74.7414
-74.7383
-74.7358
-74.7347
-74.7362
-74.7356
-74.7346
-74.7364
-74.74
-74.7424
-74.7421
-74.7396
-74.7363
-74.7336
-74.7305
-74.7281
-74.7258
-74.7237
-74.7213
-74.7213
-74.7215
-74.7196
-74.7178
-74.7201
-74.7234
-74.726
-74.7266
-74.725
-74.7217
-74.7183
-74.7154
-74.7119
-74.7114
-74.7112
-74.7098
-74.7098
-74.7096
-74.7089
-74.7078
-74.707
-74.7089
-74.7114
-74.714
-74.7141
-74.7114
-74.7073
-74.7028
-74.6994
-74.6955
-74.6934
-74.6935
-74.6935
-74.694
-74.692
-74.6892
-74.6867
-74.6855
-74.6869
-74.6898
-74.6929
-74.6956
-74.6958
-74.6931
-74.6904
-74.6867
-74.6825
-74.6814
-74.6794
-74.6788
-74.6821
-74.6843
-74.6822
-74.6773
-74.6753
-74.672
-74.6701
-74.6748
-74.6799
-74.6804
-74.6776
-74.6758
-74.6733
-74.6689
-74.6634
-74.6602
-74.6605
-74.6602
-74.6579
-74.6582
-74.6599
-74.6593
-74.6558
-74.6522
-74.6492
-74.6471
-74.6487
-74.652
-74.6562
-74.6565
-74.6548
-74.6528
-74.6497
-74.6465
-74.6431
-74.6427
-74.6444
-74.6431
-74.6423
-74.6423
-74.6428
-74.6442
-74.6437
-74.6398
-74.6399
-74.6386
-74.635
-74.634
-74.635
-74.636
-74.6362
-74.635
-74.6324
-74.6275
-74.6225
-74.6159
-74.6105
-74.6115
-74.6138
-74.6121
-74.6099
-74.6088
-74.6091
-74.6094
-74.61
-74.6114
-74.6117
-74.6127
-74.6136
-74.612
-74.6054
-74.6001
-74.6017
-74.6055
-74.6066
-74.603
-74.597
-74.5932
-74.5891
-74.5858
-74.5846
-74.5834
-74.5796
-74.5769
-74.5789
-74.5804
-74.5797
-74.5798
-74.5831
-74.5866
-74.5887
-74.5946
-74.6007
-74.6001
-74.593
-74.5847
-74.5787
-74.5766
-74.5757
-74.577
-74.5773
-74.5745
-74.568
-74.5592
-74.5513
-74.5456
-74.5435
-74.544
-74.5433
-74.5398
-74.5337
-74.5291
-74.5269
-74.527
-74.5328
-74.5394
-74.5437
-74.5452
-74.5436
-74.545
-74.5486
-74.5523
-74.5511
-74.5473
-74.5395
-74.5324
-74.5317
-74.5314
-74.5305
-74.5253
-74.5157
-74.512
-74.5094
-74.5068
-74.5025
-74.4989
-74.4962
-74.4912
-74.4919
-74.4912
-74.4857
-74.4792
-74.4776
-74.4797
-74.4796
-74.486
-74.4954
-74.5005
-74.5019
-74.502
-74.4994
-74.4933
-74.4929
-74.4952
-74.4968
-74.498
-74.4966
-74.4913
-74.4872
-74.4832
-74.4798
-74.4796
-74.4793
-74.4733
-74.4656
-74.4589
-74.4548
-74.4514
-74.449
-74.4496
-74.4478
-74.4423
-74.4358
-74.4288
-74.4261
-74.4219
-74.4157
-74.4115
-74.4156
-74.4197
-74.4269
-74.4341
-74.437
-74.4343
-74.4347
-74.4323
-74.4292
-74.4272
-74.4227
-74.4179
-74.4161
-74.412
-74.4094
-74.4065
-74.4038
-74.4013
-74.3957
-74.3911
-74.3841
-74.3751
-74.368
-74.3666
-74.3723
-74.3745
-74.3735
-74.3668
-74.3559
-74.3468
-74.346
-74.3458
-74.3398
-74.3408
-74.3421
-74.3412
-74.3365
-74.3303
-74.3291
-74.3349
-74.3413
-74.346
-74.3452
-74.3373
-74.3298
-74.3267
-74.33
-74.3366
-74.3389
-74.3368
-74.3317
-74.3225
-74.3148
-74.3133
-74.3086
-74.3023
-74.2966
-74.2911
-74.2897
-74.2873
-74.2789
-74.2688
-74.255
-74.2431
-74.2383
-74.2368
-74.236
-74.2459
-74.2516
-74.2509
-74.2516
-74.2545
-74.2619
-74.2665
-74.2638
-74.2548
-74.2412
-74.2255
-74.2123
-74.2062
-74.2031
-74.2029
-74.2092
-74.2173
-74.218
-74.21
-74.2008
-74.1931
-74.1852
-74.1865
-74.2031
-74.2188
-74.2245
-74.2229
-74.2194
-74.2219
-74.2254
-74.2274
-74.2247
-74.218
-74.2113
-74.2074
-74.2011
-74.1898
-74.1764
-74.1628
-74.1539
-74.1434
-74.1336
-74.1263
-74.1204
-74.1157
-74.1072
-74.0936
-74.0778
-74.0646
-74.0624
-74.0639
-74.0614
-74.0612
-74.0626
-74.0568
-74.047
-74.0322
-74.0123
-73.9886
-73.9662
-73.9494
-73.9372
-73.9275
-73.9213
-73.9152
-73.9167
-73.9308
-73.9398
-73.9475
-73.9511
-73.9535
-73.9702
-73.9915
-74.0176
-74.0403
-74.0592
-74.0681
-74.0698
-74.0673
-74.0621
-74.0573
-74.0551
-74.0507
-74.0424
-74.0348
-74.0307
-74.031
-74.0262
-74.0147
-74.0043
-73.996
-73.9865
-73.9755
-73.9696
-73.9647
-73.9555
-73.9536
-73.9562
-73.9549
-73.9471
-73.9429
-73.9387
-73.928
-73.9127
-73.8971
-73.8826
-73.8726
-73.8643
-73.8613
-73.8687
-73.8779
-73.8806
-73.8792
-73.8772
-73.8705
-73.8655
-73.8686
-73.8854
-73.9072
-73.9265
-73.9343
-73.9339
-73.9354
-73.9343
-73.9255
-73.9102
-73.8901
-73.8666
-73.841
-73.8189
-73.8016
-73.7845
-73.7637
-73.7417
-73.7223
-73.7057
-73.6891
-73.6688
-73.6477
-73.641
-73.6406
-73.6385
-73.6349
-73.6272
-73.6132
-73.5941
-73.5715
-73.5462
-73.5192
-73.4918
-73.4707
-73.4616
-73.458
-73.4489
-73.4336
-73.4138
-73.3952
-73.3801
-73.366
-73.3637
-73.3597
-73.349
-73.3328
-73.3131
-73.2986
-73.2845
-73.2669
-73.246
-73.2232
-73.207
-73.1921
-73.1741
-73.1533
-73.1386
-73.1259
-73.1099
-73.0905
-73.072
-73.0821
-73.1114
-73.1374
-73.1499
-73.1557
-73.1596
-73.158
-73.1586
-73.1552
-73.1481
-73.1447
-73.1397
-73.1385
-73.1339
-73.1234
-73.1081
-73.0895
-73.0685
-73.0458
-73.03
-73.0184
-73.0039
-72.9919
-72.9844
-72.9737
-72.9635
-72.9587
-72.9504
-72.9373
-72.9212
-72.9126
-72.9115
-72.9138
-72.9108
-72.9114
-72.9114
-72.9054
-72.894
-72.8786
-72.8603
-72.8401
-72.8186
-72.796
-72.7782
-72.7693
-72.759
-72.7449
-72.7278
-72.7084
-72.6876
-72.6658
-72.652
-72.6455
-72.6364
-72.6237
-72.6193
-72.6175
-72.6113
-72.6003
-72.5858
-72.5689
-72.5503
-72.5306
-72.5101
-72.489
-72.4676
-72.4523
-72.4479
-72.4422
-72.4323
-72.4191
-72.4033
-72.386
-72.3675
-72.3483
-72.3286
-72.3086
-72.2884
-72.2681
-72.2478
-72.2275
-72.2072
-72.187
-72.1669
-72.1469
-72.1271
-72.1074
-72.0879
-72.0686
-72.0494
-72.0304
-72.0116
-71.993
-71.9746
-71.9564
-71.9384
-71.9206
-71.9029
-71.8855
-71.8682
-71.8512
-71.8344
-71.8177
-71.8012
-71.7849
-71.7689
-71.753
-71.7372
-71.7217
-71.7064
-71.6912
-71.6762
-71.6614
-71.6468
-71.6323
-71.6181
-71.6039
-71.59
-71.5762
-71.5626
-71.5492
-71.5359
-71.5228
-71.5099
-71.4971
-71.4844
-71.472
-71.4596
-71.4475
-71.4354
-71.4236
-71.4118
-71.4002
-71.3888
-71.3775
-71.3664
-71.3553
-71.3445
-71.3337
-71.3231
-71.3127
-71.3023
-71.2921
-71.2821
-71.2722
-71.2623
-71.2527
-71.2431
-71.2337
-71.2244
-71.2152
-71.2061
-71.1972
-71.1883
-71.1796
-71.171
-71.1625
-71.1541
-71.1458
-71.1376
-71.1296
-71.1216
-71.1138
-71.106
-71.0984
-71.0908
-71.0834
-71.076
-71.0688
-71.0616
-71.0546
-71.0476
-71.0407
-71.034
-71.0273
-71.0207
-71.0142
-71.0077
-71.0014
-70.9952
-70.989
-70.9829
-70.9769
-70.971
-70.9652
-70.9594
-70.9537
-70.9481
-70.9426
-70.9372
-70.9318
-70.9265
-70.9213
-70.9162
-70.9111
-70.9061
-70.9012
-70.8963
-70.8915
-70.8868
-70.8821
-70.8775
-70.873
-70.8685
-70.8641
-70.8598
-70.8555
-70.8513
-70.8472
-70.8431
-70.839
-70.8351
-70.8312
-70.8273
-70.8235
-70.8198
-70.8161
-70.8124
-70.8088
-70.8053
-70.8018
-70.7984
-70.7951
-70.7917
-70.7885
-70.7852
-70.7821
-70.7789
-70.7759
-70.7728
-70.7699
-70.7669
-70.764
-70.7612
-70.7584
-70.7556
-70.7529
-70.7502
-70.7476
-70.745
-70.7425
-70.74
-70.7375
-70.7351
-70.7327
-70.7303
-70.728
-70.7257
-70.7235
-70.7213
-70.7191
-70.717
-70.7149
-70.7128
-70.7108
-70.7088
-70.7069
-70.7049
-70.703
-70.7012
-70.6993
-70.6976
-70.6958
-70.694
-70.6923
-70.6907
-70.689
-70.6874
-70.6858
-70.6842
-70.6827
-70.6812
-70.6797
-70.6783
-70.6768
-70.6754
-70.6741
-70.6727
-70.6714
-70.6701
-70.6688
-70.6675
-70.6663
-70.6651
-70.6639
-70.6628
-70.6616
-70.6605
-70.6594
-70.6583
-70.6573
-70.6562
-70.6552
-70.6542
-70.6533
-70.6523
-70.6514
-70.6505
-70.6496
-70.6487
-70.6478
-70.647
-70.6462
-70.6454
-70.6446
-70.6438
-70.6431
-70.6423
-70.6416
-70.6409
-70.6402
-70.6395
-70.6389
-70.6382
-70.6376
-70.637
-70.6364
-70.6358
-70.6353
-70.6347
-70.6342
-70.6336
-70.6331
-70.6326
-70.6321
-70.6316
-70.6312
-70.6307
-70.6303
-70.6299
-70.6294
-70.629
-70.6287
-70.6283
-70.6279
-70.6275
-70.6272
-70.6268
-70.6265
-70.6262
-70.6259
-70.6256
-70.6253
-70.625
-70.6248
-70.6245
-70.6242
-70.624
-70.6238
-70.6235
-70.6233
-70.6231
-70.6229
-70.6227
-70.6225
-70.6224
-70.6222
-70.622
-70.6219
-70.6217
-70.6216
-70.6215
-70.6213
-70.6212
-70.6211
-70.621
-70.6209
-70.6208
-70.6207
-70.6207
-70.6206
-70.6205
-70.6205
-70.6204
-70.6204
-70.6203
-70.6203
-70.6202
-70.6202
-70.6202
-70.6202
-70.6202
-70.6201
-70.6201
-70.6201
-70.6201
-70.6202
-70.6202
-70.6202
-70.6202
-70.6202
-70.6203
-70.6203
-70.6203
-70.6204
-70.6204
-70.6205
-70.6205
-70.6206
-70.6207
-70.6207
-70.6208
-70.6209
-70.6209
-70.621
-70.6211
-70.6212
-70.6213
-70.6214
-70.6214
-70.6215
-70.6216
-70.6217
-70.6218
-70.6219
-70.6221
-70.6222
-70.6223
-70.6224
-70.6225
-70.6226
-70.6227
-70.6229
-70.623
-70.6231
-70.6232
-70.6234
-70.6235
-70.6236
-70.6238
-70.6239
-70.6241
-70.6242
-70.6243
-70.6245
-70.6246
-70.6248
-70.6249
-70.6251
-70.6252
-70.6254
-70.6255
-70.6257
-70.6258
-70.626
-70.6261
-70.6263
-70.6265
-70.6266
-70.6268
-70.6269
-70.6271
-70.6273
-70.6274
-70.6276
-70.6278
-70.6279
-70.6281
-70.6283
-70.6284
-70.6286
-70.6288
-70.6289
-70.6291
-70.6293
-70.6294
-70.6296
-70.6298
-70.63
-70.6301
-70.6303
-70.6305
-70.6306
-70.6308
-70.631
-70.6312
-70.6313
-70.6315
-70.6317
-70.6319
-70.632
-70.6322
-70.6324
-70.6326
-70.6327
-70.6329
-70.6331
-70.6332
-70.6334
-70.6336
-70.6338
-70.6339
-70.6341
-70.6343
-70.6345
-70.6346
-70.6348
-70.635
-70.6352
-70.6353
-70.6355
-70.6357
-70.6358
-70.636
-70.6362
-70.6363
-70.6365
-70.6367
-70.6369
-70.637
-70.6372
-70.6374
-70.6375
-70.6377
-70.6379
-70.638
-70.6382
-70.6384
-70.6385
-70.6387
-70.6389
-70.639
-70.6392
-70.6393
-70.6395
-70.6397
-70.6398
-70.64
-70.6402
-70.6403
-70.6405
-70.6406
-70.6408
-70.6409
-70.6411
-70.6413
-70.6414
-70.6416
-70.6417
-70.6419
-70.642
-70.6422
-70.6423
-70.6425
-70.6426
-70.6428
-70.6429
-70.6431
-70.6432
-70.6434
-70.6435
-70.6437
-70.6438
-70.644
-70.6441
-70.6443
-70.6444
-70.6446
-70.6447
-70.6448
-70.645
-70.6451

