-70
-69.6914
-69.4021
-69.1306
-68.8761
-68.6373
-68.4134
-68.2033
-68.0063
-67.8215
-67.6481
-67.4855
-67.333
-67.1899
-67.0557
-66.9298
-66.8116
-66.7008
-66.5969
-66.4994
-66.4078
-66.322
-66.2415
-66.1659
-66.095
-66.0285
-65.966
-65.9075
-65.8525
-65.8009
-65.7525
-65.7071
-65.6645
-65.6245
-65.5869
-65.5517
-65.5186
-65.4876
-65.4585
-65.4312
-65.4055
-65.3814
-65.3588
-65.3376
-65.3177
-65.299
-65.2814
-65.265
-65.2495
-65.235
-65.2214
-65.2086
-65.1966
-65.1853
-65.1747
-65.1648
-65.1555
-65.1467
-65.1385
-65.1308
-65.1236
-65.1168
-65.1104
-65.1044
-65.0988
-65.0935
-65.0885
-65.0839
-65.0795
-65.0754
-65.0715
-65.0679
-65.0645
-65.0613
-65.0583
-65.0555
-65.0529
-65.0504
-65.0481
-65.0459
-65.0438
-65.0419
-65.0401
-65.0384
-65.0368
-65.0353
-65.0339
-65.0326
-65.0313
-65.0302
-65.0291
-65.028
-65.0271
-65.0262
-65.0253
-65.0245
-65.0238
-65.0231
-65.0224
-65.0218
-65.0212
-65.0207
-65.0201
-65.0197
-65.0192
-65.0188
-65.0184
-65.018
-65.0177
-65.0173
-65.017
-65.0167
-65.0165
-65.0162
-65.016
-65.0157
-65.0155
-65.0153
-65.0151
-65.0149
-65.0148
-65.0146
-65.0145
-65.0143
-65.0142
-65.0141
-65.014
-65.0139
-65.0138
-65.0137
-65.0136
-65.0135
-65.0134
-65.0134
-65.0133
-65.0132
-65.0132
-65.0131
-65.013
-65.013
-65.013
-65.0129
-65.0129
-65.0128
-65.0128
-65.0128
-65.0127
-65.0127
-65.0127
-65.0126
-65.0126
-65.0126
-65.0126
-65.0125
-65.0125
-65.0125
-65.0125
-65.0125
-65.0125
-65.0124
-65.0124
-65.0124
-65.0124
-65.0124
-65.0124
-65.0124
-65.0124
-65.0124
-65.0124
-65.0123
-65.0123
-65.0123
-65.0123
-65.0123
-65.0123
-65.0123
-65.0123
-65.0123
-65.0123
-65.0123
-65.0123
-65.0123
-65.0123
-65.0123
-65.0123
-65.0123
-65.0123
-65.0123
-65.0123
-65.0123
-65.0123
-65.0123
-65.0123
-65.0123
-65.0123
-65.0122
-65.0122
-65.0122
-65.0122
-65.0122
-65.0122
-65.0122
-65.0122
-65.0122
-65.0122
-65.0122
-65.0122
-65.0122
-65.0122
-65.0122
-65.0122
-65.0122
-65.0122
-65.0122
-65.0122
-65.0122
-65.0122
-65.0122
-65.0122
-65.0122
-65.0122
-65.0122
-65.0122
-65.0122
-65.0122
-65.0122
-65.0122
-65.0122
-65.0122
-65.0122
-65.0122
-65.0122
-65.0122
-65.0122
-65.0122
-65.0122
-65.0122
-65.0122
-65.0122
-65.0122
-65.0122
-65.0122
-65.0122
-65.0122
-65.0122
-65.0122
-65.0122
-65.0122
-65.0122
-65.0122
-65.0122
-65.0122
-65.0122
-65.0122
-65.0122
-65.0122
-65.0122
-65.0122
-65.0122
-65.0122
-65.0122
-65.0122
-65.0122
-65.0122
-65.0122
-65.0122
-65.0122
-65.0122
-65.0122
-65.0122
-65.0122
-65.0122
-65.0122
-65.0122
-65.0122
-65.0122
-65.0122
-65.0122
-65.0122
-65.0122
-65.0122
-65.0122
-65.0122
-65.0122
-65.0122
-65.0122
-65.0122
-65.0122
-65.0122
-65.0122
-65.0122
-65.0122
-65.0122
-65.0122
-65.0122
-65.0122
-65.0122
-65.0122
-65.0122
-65.0122
-65.0122
-65.0122
-65.0122
-65.0122
-65.0122
-65.0122
-65.0122
-65.0122
-65.0122
-65.0122
-65.0122
-65.0122
-65.0122
-65.0122
-65.0122
-65.0122
-65.0122
-65.0122
-65.0122
-65.0122
-65.0122
-65.0122
-65.0122
-65.0122
-65.0122
-65.0122
-65.0122
-65.0122
-65.0122
-65.0122
-65.0122
-65.0122
-65.0122
-65.0122
-65.0122
-65.0122
-65.0122
-65.0122
-65.0122
-65.0122
-65.0122
-65.0122
-65.0122
-65.0122
-65.0122
-65.0122
-65.0122
-65.0122
-65.0122
-65.0122
-65.0122
-65.0122
-65.0122
-65.0122
-65.0122
-65.0122
-65.0122
-65.0122
-65.0122
-65.0122
-65.0122
-65.0122
-65.0122
-65.0122
-65.0122
-65.0122
-65.0122
-65.0122
-65.0122
-65.0122
-65.0122
-65.0122
-65.0122
-65.0122
-65.0122
-65.0122
-65.0122
-65.0122
-65.0122
-65.0122
-65.0122
-65.0122
-65.0122
-65.0122
-65.0122
-65.0122
-65.0122
-65.0122
-65.0122
-65.0122
-65.0122
-65.0122
-65.0122
-65.0122
-65.0122
-65.0122
-65.0122
-65.0122
-65.0122
-65.0122
-65.0122
-65.0122
-65.0122
-65.0122
-65.0122
-65.0122
-65.0122
-65.0122
-65.0122
-65.0122
-65.0122
-65.0122
-65.0122
-65.0122
-65.0122
-65.0122
-65.0122
-65.0122
-65.0122
-65.0122
-65.0122
-65.0122
-65.0122
-65.0122
-65.0122
-65.0122
-65.0122
-65.0122
-65.0122
-65.0122
-65.0122
-65.0122
-65.0122
-65.0122
-65.0122
-65.0122
-65.0122
-65.0122
-65.0122
-65.0122
-65.0122
-65.0122
-65.0122
-65.0122
-65.0122
-65.0122
-65.0122
-65.0122
-65.0122
-65.0122
-65.0122
-65.0122
-65.0122
-65.0122
-65.0122
-65.0122
-65.0122
-65.0122
-65.0122
-65.0122
-65.0122
-65.0122
-65.0063
-64.9022
-64.4883
-63.5698
-61.7246
-58.9709
-55.8996
-52.6843
-49.4764
-45.127
7.14667
24.4042
-21.1479
-65.1901
-71.7119
-71.9269
-70.4566
-68.4595
-66.441
-64.5917
-62.9742
-61.6205
-60.54
-59.693
-58.6955
-56.5993
-51.2549
-40.1181
47.1547
-3.87924
-44.1537
-56.4909
-49.3348
-40.693
-10.268
-1.54082
-44.8545
-57.6928
-52.5095
-44.9556
-33.3689
25.7762
-25.2419
-60.0808
-61.0057
-55.2439
-48.2294
-39.7263
33.3855
-8.99553
-54.7864
-67.0255
-64.4726
-59.1757
-53.3106
-47.3679
-38.5836
42.2356
-11.8878
-59.8122
-71.6317
-70.4967
-66.8151
-62.4947
-58.1761
-54.0523
-50.029
-45.2719
-26.1445
26.2206
-23.1044
-69.4663
-75.834
-75.0353
-72.6048
-69.7753
-66.9504
-64.2568
-61.7224
-59.3397
-57.0853
-54.92
-52.7725
-50.4868
-47.6151
-41.6264
50.0448
0.584486
-49.5792
-76.5245
-78.9676
-78.1653
-76.5535
-74.7644
-72.9889
-71.281
-69.6515
-68.0977
-66.6133
-65.1912
-63.8246
-62.5075
-61.2336
-59.9971
-58.7912
-57.608
-56.4371
-55.2633
-54.0631
-52.7971
-51.3903
-49.6762
-47.149
-40.4254
49.107
-3.04292
-55.8437
-78.3331
-80.4815
-79.9234
-78.7148
-77.3607
-76.0045
-74.6858
-73.413
-72.186
-71.0019
-69.8578
-68.7506
-67.6776
-66.6364
-65.6248
-64.6407
-63.6824
-62.7479
-61.8354
-60.9432
-60.069
-59.2105
-58.3648
-57.5279
-56.6951
-55.8595
-55.0115
-54.1372
-53.2149
-52.2083
-51.0508
-49.5983
-47.4365
-42.2927
50.7616
4.08129
-46.3558
-77.9734
-80.9847
-80.6577
-79.5877
-78.351
-77.105
-75.8925
-74.7233
-73.5978
-72.5138
-71.4689
-70.4605
-69.4864
-68.5446
-67.6332
-66.7507
-65.8956
-65.0665
-64.2621
-63.4812
-62.7226
-61.9851
-61.2675
-60.5685
-59.8866
-59.2203
-58.5679
-57.927
-57.2953
-56.6696
-56.0459
-55.4196
-54.784
-54.1302
-53.4464
-52.7136
-51.902
-50.9599
-49.7818
-48.0997
-44.855
-12.4695
25.0954
-23.9784
-74.1411
-80.9035
-81.2169
-80.3369
-79.1838
-77.9948
-76.8344
-75.718
-74.6476
-73.6215
-72.6371
-71.6918
-70.7834
-69.9096
-69.0688
-68.2592
-67.4792
-66.7275
-66.0029
-65.304
-64.6298
-63.9792
-63.3512
-62.7447
-62.1588
-61.5926
-61.045
-60.5151
-60.0018
-59.5041
-59.0208
-58.5509
-58.0929
-57.6458
-57.2077
-56.7775
-56.3529
-55.9322
-55.513
-55.0923
-54.6674
-54.2333
-53.7859
-53.3172
-52.8188
-52.2762
-51.6696
-50.9629
-50.0937
-48.9239
-47.0654
-42.5087
49.0076
5.74383
-45.3772
-78.3371
-81.4467
-81.1785
-80.2034
-79.0818
-77.9607
-76.8789
-75.8444
-74.8571
-73.9145
-73.014
-72.1417
-71.239
-70.319
-69.3118
-68.1931
-67.0136
-65.8401
-64.714
-63.669
-62.7057
-61.818
-60.9984
-60.2402
-59.5371
-58.8833
-58.2734
-57.7025
-57.1654
-56.6578
-56.1749
-55.7128
-55.2663
-54.8318
-54.4038
-53.9772
-53.5464
-53.1031
-52.6393
-52.1404
-51.5897
-50.9553
-50.1863
-49.1758
-47.6528
-44.5346
-10.8685
23.9621
-25.8548
-75.104
-81.2648
-81.464
-80.5808
-79.4663
-78.3354
-77.2445
-76.2062
-75.221
-74.2861
-73.3985
-72.5554
-71.7586
-71.0022
-70.297
-69.6402
-69.0157
-68.4193
-67.849
-67.3033
-66.7809
-66.3035
-65.8842
-65.525
-65.2314
-64.9562
-64.691
-64.4294
-64.1634
-63.8946
-63.6256
-63.3995
-63.2212
-63.0765
-62.9628
-62.8556
-62.7361
-62.6085
-62.4656
-62.3166
-62.1764
-62.0512
-61.9527
-61.885
-61.8427
-61.8079
-61.7611
-61.7032
-61.6278
-61.537
-61.4447
-61.3538
-61.2829
-61.2313
-61.2151
-61.2141
-61.2155
-61.1997
-61.1729
-61.1274
-61.0746
-61.0162
-60.9656
-60.9267
-60.9068
-60.9257
-60.9524
-60.9752
-60.9847
-60.9831
-60.9667
-60.9417
-60.9098
-60.8868
-60.8657
-60.861
-60.8934
-60.9403
-60.9729
-61.0017
-61.014
-61.0199
-61.0142
-61.0012
-60.9928
-60.9869
-60.9823
-61.0017
-61.0545
-61.0972
-61.1328
-61.158
-61.179
-61.192
-61.1928
-61.1899
-61.1931
-61.1937
-61.1986
-61.2238
-61.2785
-61.3182
-61.3517
-61.3788
-61.405
-61.4214
-61.4294
-61.4368
-61.4442
-61.4461
-61.452
-61.4691
-61.512
-61.5553
-61.5819
-61.6161
-61.6429
-61.667
-61.6822
-61.6938
-61.7054
-61.712
-61.7185
-61.724
-61.7406
-61.783
-61.8157
-61.8476
-61.8826
-61.9048
-61.9313
-61.9443
-61.9637
-61.977
-61.9809
-61.9904
-61.9921
-61.9993
-62.0291
-62.0649
-62.0973
-62.1225
-62.1479
-62.172
-62.1926
-62.2157
-62.2322
-62.2366
-62.2458
-62.2479
-62.2457
-62.2495
-62.2824
-62.318
-62.3433
-62.3679
-62.3925
-62.4104
-62.4427
-62.4669
-62.4804
-62.4851
-62.4957
-62.4926
-62.488
-62.4821
-62.5058
-62.5369
-62.5595
-62.5877
-62.6081
-62.6232
-62.6599
-62.689
-62.707
-62.7127
-62.7258
-62.7264
-62.719
-62.7173
-62.7158
-62.7288
-62.7484
-62.7768
-62.802
-62.8117
-62.8369
-62.8711
-62.9054
-62.9223
-62.9315
-62.9455
-62.9453
-62.9389
-62.9423
-62.9343
-62.9272
-62.9351
-62.9586
-62.9826
-63.0002
-63.0158
-63.045
-63.0777
-63.108
-63.1208
-63.139
-63.1509
-63.15
-63.1531
-63.1542
-63.1423
-63.1276
-63.1219
-63.132
-63.1453
-63.1632
-63.1867
-63.213
-63.2404
-63.2702
-63.2939
-63.3126
-63.3349
-63.3475
-63.3548
-63.3553
-63.3518
-63.3364
-63.3206
-63.3171
-63.3039
-63.3059
-63.3088
-63.3402
-63.3764
-63.4033
-63.4239
-63.442
-63.4625
-63.4936
-63.5233
-63.5416
-63.544
-63.5416
-63.5351
-63.5204
-63.5084
-63.4998
-63.4861
-63.463
-63.4516
-63.4635
-63.5036
-63.5444
-63.5743
-63.5874
-63.5935
-63.6169
-63.6672
-63.7018
-63.7177
-63.7185
-63.7125
-63.7061
-63.6998
-63.6895
-63.6703
-63.6567
-63.6373
-63.6102
-63.5908
-63.61
-63.6335
-63.6808
-63.7146
-63.7313
-63.7344
-63.7598
-63.8054
-63.8461
-63.8691
-63.8763
-63.8706
-63.8668
-63.871
-63.8663
-63.8512
-63.8278
-63.8065
-63.7866
-63.7621
-63.7495
-63.7435
-63.7507
-63.7779
-63.811
-63.8425
-63.868
-63.8909
-63.9249
-63.9492
-63.9763
-64.0018
-64.0132
-64.0117
-64.014
-64.0239
-64.0228
-64.0113
-63.9913
-63.9646
-63.9357
-63.915
-63.9006
-63.8966
-63.8913
-63.8885
-63.8884
-63.8962
-63.9247
-63.9611
-63.9947
-64.0317
-64.0684
-64.0898
-64.0974
-64.1018
-64.1189
-64.1324
-64.1442
-64.1567
-64.1623
-64.1572
-64.1432
-64.1221
-64.0952
-64.0639
-64.0381
-64.0319
-64.0346
-64.0322
-64.034
-64.0324
-64.0274
-64.0287
-64.0366
-64.0584
-64.0818
-64.12
-64.1672
-64.1986
-64.2153
-64.22
-64.2149
-64.212
-64.2316
-64.2498
-64.2634
-64.2751
-64.2763
-64.2682
-64.2528
-64.2314
-64.2053
-64.1756
-64.1568
-64.1508
-64.1586
-64.1598
-64.167
-64.1741
-64.1832
-64.1839
-64.1769
-64.1637
-64.1499
-64.1465
-64.1765
-64.2211
-64.2522
-64.2804
-64.3025
-64.313
-64.3271
-64.3346
-64.3328
-64.3233
-64.318
-64.3375
-64.356
-64.3638
-64.3623
-64.3533
-64.3381
-64.3181
-64.295
-64.2826
-64.2685
-64.2637
-64.2659
-64.2785
-64.3057
-64.3239
-64.3319
-64.3314
-64.324
-64.3111
-64.2938
-64.273
-64.2495
-64.2361
-64.251
-64.2784
-64.3005
-64.3245
-64.3449
-64.3688
-64.396
-64.4169
-64.4272
-64.4288
-64.4231
-64.4117
-64.3956
-64.3863
-64.3887
-64.4066
-64.4183
-64.4215
-64.4175
-64.4079
-64.3966
-64.3941
-64.3876
-64.3835
-64.3856
-64.3956
-64.4121
-64.4339
-64.454
-64.4647
-64.4672
-64.4629
-64.4533
-64.4392
-64.4218
-64.4017
-64.3795
-64.3559
-64.3365
-64.3416
-64.345
-64.3429
-64.3363
-64.3514
-64.3849
-64.409
-64.4235
-64.4375
-64.4531
-64.4612
-64.4624
-64.4699
-64.476
-64.4758
-64.4702
-64.4603
-64.4527
-64.4522
-64.4477
-64.4389
-64.4312
-64.432
-64.4396
-64.4486
-64.4653
-64.477
-64.4847
-64.5032
-64.5268
-64.5422
-64.5512
-64.5668
-64.5763
-64.5787
-64.5753
-64.5729
-64.5763
-64.5748
-64.5683
-64.5577
-64.544
-64.5279
-64.5098
-64.4903
-64.4699
-64.4488
-64.4274
-64.4148
-64.4246
-64.4314
-64.4333
-64.4415
-64.4513
-64.4558
-64.4556
-64.4517
-64.4447
-64.436
-64.4452
-64.4631
-64.475
-64.4811
-64.4822
-64.4795
-64.4735
-64.4725
-64.4779
-64.4794
-64.4771
-64.4716
-64.4713
-64.4775
-64.4843
-64.4985
-64.5079
-64.5121
-64.5119
-64.5082
-64.5017
-64.4948
-64.5098
-64.5278
-64.5412
-64.5626
-64.5789
-64.5958
-64.6231
-64.6521
-64.6722
-64.6902
-64.7114
-64.725
-64.7316
-64.7322
-64.7281
-64.72
-64.7089
-64.6954
-64.6799
-64.6631
-64.6452
-64.6275
-64.6238
-64.6202
-64.6138
-64.605
-64.5943
-64.5823
-64.5692
-64.5553
-64.541
-64.5264
-64.5117
-64.4971
-64.4826
-64.4858
-64.5099
-64.5411
-64.5653
-64.5824
-64.5935
-64.5997
-64.6018
-64.6006
-64.5966
-64.5905
-64.5827
-64.5736
-64.5634
-64.5525
-64.5412
-64.5295
-64.5177
-64.5059
-64.4943
-64.4828
-64.4716
-64.4607
-64.4502
-64.4401
-64.4339
-64.442
-64.4494
-64.4541
-64.4684
-64.4865
-64.5001
-64.5097
-64.5159
-64.5192
-64.5203
-64.5194
-64.5171
-64.5135
-64.509
-64.5037
-64.498
-64.4918
-64.4854
-64.4789
-64.4895
-64.5349
-64.5754
-64.6067
-64.6303
-64.6475
-64.6592
-64.6763
-64.6971
-64.712
-64.7216
-64.73
-64.749
-64.7635
-64.7724
-64.7767
-64.777
-64.7743
-64.769
-64.7616
-64.7663
-64.7734
-64.7764
-64.7759
-64.7726
-64.767
-64.7596
-64.7542
-64.7617
-64.7672
-64.7689
-64.7675
-64.7637
-64.7579
-64.7505
-64.742
-64.7325
-64.7223
-64.7117
-64.7008
-64.704
-64.7109
-64.7147
-64.7157
-64.7145
-64.7113
-64.7067
-64.7009
-64.6943
-64.6869
-64.6791
-64.671
-64.6626
-64.6542
-64.6459
-64.6376
-64.6294
-64.6215
-64.6139
-64.6065
-64.5994
-64.6054
-64.6178
-64.6274
-64.6341
-64.6385
-64.6409
-64.6417
-64.6413
-64.6398
-64.6375
-64.6345
-64.631
-64.6271
-64.623
-64.6188
-64.6144
-64.61
-64.6057
-64.6014
-64.5972
-64.5932
-64.5893
-64.5856
-64.5821
-64.5787
-64.5756
-64.5727
-64.5699
-64.5674
-64.5651
-64.563
-64.561
-64.5593
-64.5577
-64.5563
-64.5551
-64.5541
-64.5532
-64.5524
-64.5518
-64.5514
-64.551
-64.5508
-64.5507
-64.5507
-64.5508
-64.5511
-64.5645
-64.5842
-64.6007
-64.614
-64.6246
-64.633
-64.6395
-64.6444
-64.6479
-64.6504
-64.6519
-64.6527
-64.6529
-64.6525
-64.6518
-64.6508
-64.6496
-64.6482
-64.6467
-64.6451
-64.6435
-64.6419
-64.6403
-64.6388
-64.6373
-64.6359
-64.6346
-64.6333
-64.6322
-64.6312
-64.6302
-64.6294
-64.6463
-64.6651
-64.6804
-64.6925
-64.702
-64.7093
-64.7147
-64.7185
-64.721
-64.7224
-64.723
-64.7228
-64.7221
-64.7209
-64.7193
-64.7175
-64.7155
-64.7133
-64.7111
-64.7088
-64.7065
-64.7042
-64.702
-64.6999
-64.6978
-64.6958
-64.694
-64.6922
-64.6906
-64.689
-64.6876
-64.6863
-64.6852
-64.6841
-64.6832
-64.6824
-64.6817
-64.681
-64.6805
-64.6801
-64.6798
-64.6796
-64.6794
-64.6794
-64.6794
-64.6795
-64.6796
-64.6799
-64.6801
-64.6805
-64.6809
-64.6814
-64.6819
-64.6824
-64.683
-64.6837
-64.6843
-64.6851
-64.6858
-64.6866
-64.6874
-64.6882
-64.6891
-64.69
-64.6909
-64.6918
-64.6928
-64.6938
-64.6948
-64.6958
-64.6968
-64.6978
-64.6988
-64.6999
-64.701
-64.702
-64.7031
-64.7042
-64.7053
-64.7064
-64.7075
-64.7086
-64.7097
-64.7109
-64.712
-64.7131
-64.7142
-64.7154
-64.7165
-64.7176
-64.7187
-64.7199
-64.721
-64.7221
-64.7233
-64.7244
-64.7255
-64.7267
-64.7278
-64.7289
-64.73
-64.7312
-64.7323
-64.7334
-64.7345
-64.7356
-64.7367
-64.7379
-64.739
-64.7401
-64.7412
-64.7423
-64.7433
-64.7444
-64.7455
-64.7466
-64.7477
-64.7488
-64.7498
-64.7509
-64.752
-64.753
-64.7541
-64.7551
-64.7562
-64.7572
-64.7583
-64.7593
-64.7604
-64.7614
-64.7624
-64.7635
-64.7645
-64.7655
-64.7665
-64.7675
-64.7685
-64.7695
-64.7705
-64.7715
-64.7725
-64.7735
-64.7745
-64.7755
-64.7764
-64.7774
-64.7784
-64.7793
-64.7803
-64.7813
-64.7822
-64.7832
-64.7841
-64.785
-64.786
-64.7869
-64.7878
-64.7888
-64.7897
-64.7906
-64.7915
-64.7924
-64.7933
-64.7943
-64.7952
-64.7961
-64.7969
-64.7978
-64.7987
-64.7996
-64.8005
-64.8014
-64.8022
-64.8031
-64.804
-64.8048
-64.8057
-64.8065
-64.8074
-64.8082
-64.8091
-64.8099
-64.8108
-64.8116
-64.8124
-64.8132
-64.8141
-64.8149
-64.8157
-64.8165
-64.8173
-64.8181
-64.8189
-64.8197
-64.8205
-64.8213
-64.8221
-64.8229
-64.8237
-64.8245
-64.8253
-64.826
-64.8268
-64.8276
-64.8283
-64.8291
-64.8299
-64.8306
-64.8314
-64.8321
-64.8329
-64.8336
-64.8344
-64.8351
-64.8358
-64.8366
-64.8373
-64.838
-64.8387
-64.8395
-64.8402
-64.8409
-64.8416
-64.8423
-64.843
-64.8437
-64.8444
-64.8451
-64.8458
-64.8465
-64.8472
-64.8479
-64.8486
-64.8492
-64.8499
-64.8506
-64.8513
-64.8519
-64.8526
-64.8533
-64.8539
-64.8546
-64.8552
-64.8559
-64.8565
-64.8572
-64.8578
-64.8585
-64.8591
-64.8598
-64.8604
-64.861
-64.8617
-64.8623
-64.8629
-64.8635
-64.8641
-64.8648
-64.8654
-64.866
-64.8666
-64.8672
-64.8678
-64.8684
-64.869
-64.8696
-64.8702
-64.8708
-64.8714
-64.872
-64.8726
-64.8731
-64.8737
-64.8743
-64.8749
-64.8755
-64.876
-64.8766
-64.8772
-64.8777
-64.8783
-64.8788
-64.8794
-64.88
-64.8805
-64.8811
-64.8816
-64.8822
-64.8827
-64.8832
-64.8838
-64.8843
-64.8849
-64.8854
-64.8859
-64.8864
-64.887
-64.8875
-64.888
-64.8885
-64.8891
-64.8896
-64.8901
-64.8906
-64.8911
-64.8916
-64.8921
-64.8926
-64.8931
-64.8936
-64.8941
-64.8946
-64.8951
-64.8956
-64.8961
-64.8966
-64.8971
-64.8976
-64.898
-64.8985
-64.899
-64.8995
-64.8999
-64.9004
-64.9009
-64.9014
-64.9018
-64.9023
-64.9027
-64.9032
-64.9037
-64.9041
-64.9046
-64.905
-64.9055
-64.9059
-64.9064
-64.9068
-64.9073
-64.9077
-64.9082
-64.9086
-64.909
-64.9095
-64.9099
-64.9103
-64.9108
-64.9112
-64.9116
-64.912
-64.9125
-64.9129
-64.9133
-64.9137
-64.9141
-64.9145
-64.915
-64.9154
-64.9158
-64.9162
-64.9166
-64.917
-64.9174
-64.9178
-64.9182
-64.9186
-64.919
-64.9194
-64.9198
-64.9202
-64.9206
-64.921
-64.9213
-64.9217
-64.9221
-64.9225
-64.9229
-64.9233
-64.9236
-64.924
-64.9244
-64.9248
-64.9251
-64.9255
-64.9259
-64.9262
-64.9266
-64.927
-64.9273
-64.9277
-64.928
-64.9284
-64.9288
-64.9291
-64.9295
-64.9298
-64.9302
-64.9305
-64.9309
-64.9312
-64.9316
-64.9319
-64.9323
-64.9326
-64.9329
-64.9333
-64.9336
-64.9339
-64.9343
-64.9346
-64.9349
-64.9353
-64.9356
-64.9359
-64.9363
-64.9366
-64.9369
-64.9372
-64.9375
-64.9379
-64.9382
-64.9385
-64.9388
-64.9391
-64.9394
-64.9398
-64.9401
-64.9404
-64.9407
-64.941
-64.9413
-64.9416
-64.9419
-64.9422
-64.9425
-64.9428
-64.9431
-64.9434
-64.9437
-64.944
-64.9443
-64.9446
-64.9449
-64.9452
-64.9455
-64.9457
-64.946
-64.9463
-64.9466
-64.9469
-64.9472
-64.9474
-64.9477
-64.948
-64.9483
-64.9486
-64.9488
-64.9491
-64.9494
-64.9497
-64.9499
-64.9502
-64.9505
-64.9507
-64.951
-64.9513
-64.9515
-64.9518
-64.9521
-64.9523
-64.9526
-64.9528
-64.9531
-64.9534
-64.9536
-64.9539
-64.9541
-64.9544
-64.9546
-64.9549
-64.9551
-64.9554
-64.9556
-64.9559

