-70
-70.1661
-70.23
-70.2566
-70.2695
-70.2773
-70.283
-70.2879
-70.2925
-70.297
-70.3014
-70.3057
-70.31
-70.3142
-70.3185
-70.3226
-70.3268
-70.3309
-70.335
-70.3391
-70.3431
-70.3471
-70.351
-70.3549
-70.3588
-70.3626
-70.3664
-70.3701
-70.3738
-70.3775
-70.3811
-70.3847
-70.3883
-70.3918
-70.3953
-70.3987
-70.4021
-70.4055
-70.4088
-70.4121
-70.4154
-70.4186
-70.4218
-70.4249
-70.428
-70.4311
-70.4341
-70.4372
-70.4401
-70.4431
-70.446
-70.4489
-70.4517
-70.4545
-70.4573
-70.4601
-70.4628
-70.4655
-70.4682
-70.4708
-70.4734
-70.476
-70.4785
-70.481
-70.4835
-70.486
-70.4884
-70.4908
-70.4932
-70.4955
-70.4978
-70.5001
-70.5024
-70.5046
-70.5068
-70.509
-70.5112
-70.5133
-70.5154
-70.5175
-70.5196
-70.5216
-70.5236
-70.5256
-70.5276
-70.5295
-70.5315
-70.5334
-70.5352
-70.5371
-70.5389
-70.5407
-70.5425
-70.5443
-70.5461
-70.5478
-70.5495
-70.5512
-70.5528
-70.5545
-70.5561
-70.5577
-70.5593
-70.5609
-70.5624
-70.5639
-70.5655
-70.5669
-70.5684
-70.5699
-70.5713
-70.5727
-70.5741
-70.5755
-70.5769
-70.5782
-70.5796
-70.5809
-70.5822
-70.5835
-70.5848
-70.586
-70.5873
-70.5885
-70.5897
-70.5909
-70.5921
-70.5932
-70.5944
-70.5955
-70.5966
-70.5977
-70.5988
-70.5999
-70.601
-70.602
-70.603
-70.6041
-70.6051
-70.6061
-70.6071
-70.608
-70.609
-70.6099
-70.6109
-70.6118
-70.6127
-70.6136
-70.6145
-70.6154
-70.6162
-70.6171
-70.6179
-70.6187
-70.6196
-70.6204
-70.6212
-70.622
-70.6227
-70.6235
-70.6242
-70.625
-70.6257
-70.6265
-70.6272
-70.6279
-70.6286
-70.6293
-70.6299
-70.6306
-70.6313
-70.6319
-70.6325
-70.6332
-70.6338
-70.6344
-70.635
-70.6356
-70.6362
-70.6368
-70.6374
-70.6379
-70.6385
-70.639
-70.6396
-70.6401
-70.6406
-70.6411
-70.6417
-70.6422
-70.6427
-70.6431
-70.6436
-70.6441
-70.6446
-70.645
-70.6455
-70.6459
-70.6464
-70.6468
-70.6472
-70.6476
-70.6481
-70.6485
-70.6489
-70.6493
-70.6497
-70.65
-70.6504
-70.6508
-70.6512
-70.6515
-70.6519
-70.6522
-70.6526
-70.6529
-70.6533
-70.6536
-70.6539
-70.6542
-70.6545
-70.6549
-70.6552
-70.6555
-70.6558
-70.656
-70.6563
-70.6566
-70.6569
-70.6572
-70.6574
-70.6577
-70.658
-70.6582
-70.6585
-70.6587
-70.6589
-70.6592
-70.6594
-70.6597
-70.6599
-70.6601
-70.6603
-70.6605
-70.6607
-70.661
-70.6612
-70.6614
-70.6616
-70.6617
-70.6619
-70.6621
-70.6623
-70.6625
-70.6627
-70.6628
-70.663
-70.6632
-70.6633
-70.6635
-70.6637
-70.6638
-70.664
-70.6641
-70.6643
-70.6644
-70.6646
-70.6647
-70.6648
-70.665
-70.6651
-70.6652
-70.6653
-70.6655
-70.6656
-70.6657
-70.6658
-70.6659
-70.666
-70.6662
-70.6663
-70.6664
-70.6665
-70.6666
-70.6667
-70.6668
-70.6669
-70.667
-70.667
-70.6671
-70.6672
-70.6673
-70.6674
-70.6675
-70.6675
-70.6676
-70.6677
-70.6678
-70.6678
-70.6679
-70.668
-70.668
-70.6681
-70.6682
-70.6682
-70.6683
-70.6683
-70.6684
-70.6685
-70.6685
-70.6686
-70.6686
-70.6687
-70.6687
-70.6688
-70.6688
-70.6688
-70.6689
-70.6689
-70.669
-70.669
-70.669
-70.6691
-70.6691
-70.6691
-70.6692
-70.6692
-70.6692
-70.6693
-70.6693
-70.6693
-70.6694
-70.6694
-70.6694
-70.6694
-70.6694
-70.6695
-70.6695
-70.6695
-70.6695
-70.6695
-70.6696
-70.6696
-70.6696
-70.6696
-70.6696
-70.6696
-70.6696
-70.6697
-70.6697
-70.6697
-70.6697
-70.6697
-70.6697
-70.6697
-70.6697
-70.6697
-70.6697
-70.6697
-70.6697
-70.6697
-70.6697
-70.6697
-70.6697
-70.6697
-70.6697
-70.6697
-70.6697
-70.6697
-70.6697
-70.6697
-70.6697
-70.6697
-70.6697
-70.6697
-70.6697
-70.6697
-70.6697
-70.6697
-70.6697
-70.6697
-70.6697
-70.6697
-70.6696
-70.6696
-70.6696
-70.6696
-70.6696
-70.6696
-70.6696
-70.6696
-70.6696
-70.6695
-70.6695
-70.6695
-70.6695
-70.6695
-70.6695
-70.6695
-70.6695
-70.6694
-70.6694
-70.6694
-70.6694
-70.6694
-70.6694
-70.6693
-70.6693
-70.6693
-70.6693
-70.6693
-70.6693
-70.6693
-70.6692
-70.6692
-70.6692
-70.6692
-70.6692
-70.6691
-70.6691
-70.6691
-70.6691
-70.6691
-70.6691
-70.669
-70.669
-70.669
-70.669
-70.669
-70.6689
-70.6689
-70.6689
-70.6689
-70.6689
-70.6688
-70.6688
-70.6688
-70.6688
-70.6688
-70.6687
-70.6687
-70.6687
-70.6687
-70.6686
-70.6686
-70.6686
-70.6686
-70.6686
-70.6685
-70.6685
-70.6685
-70.6685
-70.6685
-70.6684
-70.6684
-70.6684
-70.6684
-70.6684
-70.6683
-70.6683
-70.6683
-70.6683
-70.6682
-70.6682
-70.6682
-70.6682
-70.6682
-70.6681
-70.6681
-70.6681
-70.6681
-70.6681
-70.6727
-70.808
-71.4344
-72.3965
-73.2545
-73.7939
-71.2507
-55.4331
-51.5714
-49.6724
-47.5186
-40.8805
3.6124
-31.0713
-63.7181
-68.9595
-68.0327
-66.9909
-65.9254
-64.8548
-63.797
-62.7705
-61.7924
-60.8748
-59.8031
-58.8822
-58.1019
-57.4191
-56.8202
-56.2982
-55.8345
-55.4052
-55.0496
-54.7552
-54.512
-54.3126
-54.1497
-53.9961
-53.8704
-53.773
-53.6979
-53.6403
-53.5964
-53.5637
-53.5239
-53.4907
-53.4685
-53.4545
-53.446
-53.4414
-53.4399
-53.4405
-53.4347
-53.4204
-53.4127
-53.4103
-53.411
-53.4137
-53.4175
-53.4222
-53.4275
-53.4333
-53.4395
-53.4284
-53.4157
-53.4106
-53.4101
-53.412
-53.4152
-53.4191
-53.4235
-53.4281
-53.433
-53.438
-53.4432
-53.4485
-53.4539
-53.4588
-53.4524
-53.4238
-53.4096
-53.4041
-53.4021
-53.4012
-53.4001
-53.3976
-53.3926
-53.3824
-53.3592
-53.2712
-52.6349
-52.4134
-52.5396
-52.7105
-52.8512
-52.9519
-53.0199
-53.0658
-53.099
-53.1263
-53.1523
-53.1808
-53.2146
-53.3712
-53.4357
-53.4546
-53.4604
-53.4641
-53.4688
-53.4756
-53.4848
-53.4964
-53.5111
-53.5285
-53.5483
-53.5705
-53.5952
-53.6228
-53.6535
-53.6874
-53.725
-53.7665
-53.8123
-53.8626
-53.9178
-53.9783
-54.0443
-54.1162
-54.1943
-54.279
-54.3704
-54.4692
-54.576
-54.6913
-54.8156
-54.9496
-54.4304
-53.5616
-53.3393
-53.3057
-53.3253
-53.3583
-53.3931
-53.4264
-53.4576
-53.4871
-53.5153
-53.5426
-53.5697
-53.5969
-53.6246
-53.6533
-53.6833
-53.7148
-53.7483
-53.7846
-53.8246
-53.8673
-53.9128
-53.9616
-54.014
-54.0703
-54.1313
-54.2003
-54.2746
-54.3533
-54.4395
-54.5318
-54.6297
-54.7336
-54.8443
-54.9626
-55.0891
-55.2282
-55.3791
-55.537
-55.7041
-53.8618
-53.2614
-53.152
-53.1703
-53.2184
-53.269
-53.3155
-53.3574
-53.3943
-53.4269
-53.4566
-53.4844
-53.5106
-53.5362
-53.5618
-53.5873
-53.6133
-53.6413
-53.6713
-53.7026
-53.7352
-53.7698
-53.8086
-53.8503
-53.8964
-53.9459
-53.9981
-54.056
-54.1192
-54.1895
-54.2643
-54.3423
-54.4246
-54.5148
-54.6156
-54.7274
-54.8448
-54.9671
-55.1026
-55.2462
-55.3996
-55.5654
-55.7357
-55.9103
-56.0904
-56.287
-56.5129
-56.7446
-56.9756
-54.9385
-53.2754
-52.9461
-52.9394
-53.0115
-53.0948
-53.1703
-53.2345
-53.2892
-53.3366
-53.3774
-53.4136
-53.4462
-53.476
-53.5037
-53.5306
-53.5578
-53.5848
-53.6118
-53.6395
-53.6696
-53.7036
-53.7403
-53.7806
-53.8232
-53.8676
-53.9144
-53.9646
-54.0218
-54.0841
-54.1498
-54.2194
-54.2967
-54.3823
-54.4764
-54.5865
-54.7019
-54.8196
-54.9415
-55.0693
-55.2057
-55.3603
-55.5232
-55.7003
-55.8874
-56.0917
-56.3199
-56.1362
-53.6469
-53.0904
-53.0147
-53.0588
-53.1274
-53.1934
-53.2514
-53.3014
-53.3448
-53.3826
-53.4164
-53.4467
-53.4744
-53.501
-53.5272
-53.5527
-53.5782
-53.604
-53.6317
-53.6631
-53.6963
-53.7306
-53.7683
-53.8098
-53.8536
-53.9029
-53.956
-54.0122
-54.0724
-54.1471
-54.2403
-54.3718
-54.5547
-54.7739
-54.9908
-55.1889
-55.3753
-55.5613
-55.7665
-56.0447
-56.4654
-56.9739
-57.4721
-57.9321
-58.3388
-58.7195
-59.0911
-59.464
-59.8509
-60.2952
-60.8445
-61.4801
-62.0926
-62.6617
-63.1878
-63.6835
-64.165
-64.6421
-65.1154
-65.6093
-66.1468
-66.7113
-67.2523
-67.7531
-68.2164
-68.6386
-69.0312
-69.4042
-69.7564
-70.095
-70.4381
-70.7902
-71.1367
-71.4538
-71.7382
-71.9921
-72.2156
-72.4177
-72.6002
-72.7669
-72.9279
-73.0897
-73.2547
-73.4128
-73.5529
-73.6743
-73.78
-73.8699
-73.949
-74.0184
-74.0803
-74.1416
-74.2043
-74.2696
-74.3319
-74.3867
-74.4321
-74.4699
-74.5014
-74.5266
-74.5478
-74.5658
-74.5842
-74.6047
-74.629
-74.6551
-74.6777
-74.696
-74.7089
-74.7196
-74.7267
-74.7307
-74.7325
-74.734
-74.7381
-74.7459
-74.7565
-74.7671
-74.7757
-74.7819
-74.7852
-74.7867
-74.7864
-74.7839
-74.7804
-74.778
-74.7783
-74.7825
-74.7889
-74.7948
-74.7989
-74.8007
-74.8013
-74.8001
-74.7971
-74.7925
-74.7873
-74.7823
-74.7804
-74.783
-74.7874
-74.7919
-74.7955
-74.7971
-74.7971
-74.796
-74.7929
-74.7892
-74.7851
-74.7805
-74.7765
-74.7769
-74.7795
-74.7825
-74.7854
-74.7873
-74.7883
-74.7873
-74.7838
-74.7798
-74.7759
-74.7722
-74.7678
-74.765
-74.7661
-74.769
-74.7719
-74.7746
-74.7772
-74.7789
-74.7784
-74.7749
-74.7699
-74.7658
-74.7622
-74.7572
-74.7527
-74.7525
-74.755
-74.7585
-74.7616
-74.7648
-74.7676
-74.7679
-74.7659
-74.7616
-74.7557
-74.7501
-74.7464
-74.7419
-74.7385
-74.7387
-74.7423
-74.7477
-74.7517
-74.7553
-74.7585
-74.7584
-74.7557
-74.7511
-74.7455
-74.7394
-74.7324
-74.7265
-74.7226
-74.7226
-74.7247
-74.7306
-74.7369
-74.7409
-74.7455
-74.7483
-74.7473
-74.7441
-74.7389
-74.7327
-74.727
-74.7202
-74.7121
-74.7055
-74.7058
-74.7103
-74.7154
-74.7216
-74.7261
-74.73
-74.7323
-74.7332
-74.733
-74.7295
-74.7247
-74.719
-74.7122
-74.706
-74.6987
-74.6909
-74.6889
-74.6928
-74.6976
-74.7044
-74.7126
-74.7165
-74.7194
-74.7204
-74.7197
-74.7171
-74.7132
-74.7099
-74.705
-74.698
-74.6902
-74.684
-74.679
-74.6765
-74.675
-74.6747
-74.6799
-74.6903
-74.6957
-74.6982
-74.7007
-74.7018
-74.7015
-74.7003
-74.6981
-74.6936
-74.6888
-74.6832
-74.6772
-74.6707
-74.6649
-74.6631
-74.662
-74.6613
-74.6615
-74.6678
-74.6748
-74.6779
-74.6814
-74.6848
-74.6848
-74.6834
-74.6835
-74.6814
-74.6765
-74.6711
-74.6664
-74.6622
-74.6551
-74.6462
-74.6433
-74.6421
-74.6419
-74.6418
-74.6416
-74.6448
-74.6469
-74.6496
-74.6529
-74.6583
-74.6611
-74.6611
-74.6618
-74.6619
-74.661
-74.6588
-74.6527
-74.6461
-74.638
-74.6299
-74.6246
-74.6253
-74.6258
-74.6275
-74.6286
-74.6266
-74.627
-74.6285
-74.6275
-74.6253
-74.6253
-74.6298
-74.6337
-74.6386
-74.6421
-74.6419
-74.64
-74.6362
-74.6291
-74.6221
-74.6144
-74.6053
-74.5982
-74.5977
-74.5966
-74.5954
-74.5987
-74.6004
-74.5992
-74.6001
-74.6021
-74.6008
-74.5977
-74.5957
-74.5953
-74.5996
-74.6037
-74.6034
-74.6042
-74.6053
-74.6062
-74.6041
-74.6011
-74.5937
-74.5845
-74.576
-74.568
-74.567
-74.5727
-74.5761
-74.5742
-74.574
-74.5731
-74.5703
-74.5711
-74.5726
-74.5715
-74.5709
-74.5708
-74.57
-74.5692
-74.5726
-74.5748
-74.5736
-74.5691
-74.5664
-74.5647
-74.5618
-74.5591
-74.5591
-74.5593
-74.5551
-74.5446
-74.5338
-74.5269
-74.5268
-74.5294
-74.5312
-74.5331
-74.5376
-74.5382
-74.5328
-74.5275
-74.5289
-74.5311
-74.5315
-74.5281
-74.524
-74.5235
-74.5258
-74.5268
-74.5266
-74.5256
-74.5228
-74.5166
-74.5103
-74.5058
-74.5019
-74.5004
-74.4978
-74.495
-74.4921
-74.4887
-74.4835
-74.4768
-74.4766
-74.4818
-74.4858
-74.4834
-74.4786
-74.4772
-74.4818
-74.4868
-74.4854
-74.4763
-74.4698
-74.4723
-74.4739
-74.4747
-74.4723
-74.4712
-74.4705
-74.4687
-74.4666
-74.4628
-74.464
-74.4673
-74.469
-74.4694
-74.4666
-74.4606
-74.4552
-74.4524
-74.4492
-74.4431
-74.436
-74.4309
-74.4236
-74.4156
-74.4086
-74.4076
-74.4149
-74.4237
-74.4311
-74.4338
-74.4298
-74.4268
-74.4238
-74.4195
-74.4214
-74.4192
-74.4122
-74.4056
-74.4008
-74.4014
-74.4001
-74.3977
-74.3958
-74.3925
-74.3897
-74.3885
-74.3839
-74.38
-74.3776
-74.3727
-74.3651
-74.3566
-74.3543
-74.3553
-74.3531
-74.3526
-74.3529
-74.3498
-74.3496
-74.349
-74.346
-74.3422
-74.3373
-74.3291
-74.3196
-74.3154
-74.3162
-74.313
-74.3135
-74.3205
-74.3253
-74.3253
-74.3226
-74.3191
-74.3156
-74.3125
-74.3094
-74.3027
-74.2945
-74.2955
-74.2988
-74.295
-74.2853
-74.2755
-74.2639
-74.26
-74.2649
-74.2748
-74.2802
-74.2796
-74.2714
-74.2604
-74.2503
-74.2405
-74.2282
-74.2142
-74.2024
-74.1979
-74.199
-74.2047
-74.2093
-74.213
-74.2163
-74.2138
-74.2135
-74.2136
-74.2076
-74.1974
-74.1852
-74.176
-74.1738
-74.1713
-74.1751
-74.1858
-74.1897
-74.1925
-74.1923
-74.1879
-74.1859
-74.1838
-74.18
-74.1711
-74.1604
-74.1594
-74.1635
-74.1657
-74.1652
-74.1633
-74.1587
-74.1518
-74.1468
-74.1452
-74.1406
-74.1369
-74.1306
-74.1224
-74.1123
-74.0966
-74.0797
-74.0697
-74.0747
-74.0789
-74.0769
-74.0683
-74.0581
-74.0468
-74.0337
-74.0179
-74.0063
-74.0149
-74.0273
-74.0392
-74.0535
-74.0644
-74.0679
-74.0685
-74.0622
-74.0486
-74.0333
-74.0264
-74.0239
-74.0208
-74.0114
-73.9986
-73.9876
-73.9782
-73.9684
-73.9597
-73.9576
-73.96
-73.9588
-73.9543
-73.9492
-73.9521
-73.9578
-73.9615
-73.9578
-73.9504
-73.9408
-73.9345
-73.9377
-73.9421
-73.9429
-73.9489
-73.9562
-73.9605
-73.9626
-73.9601
-73.9523
-73.942
-73.9283
-73.9097
-73.8903
-73.8801
-73.8731
-73.8678
-73.8692
-73.8704
-73.873
-73.869
-73.8571
-73.8436
-73.8345
-73.8217
-73.8036
-73.7844
-73.7778
-73.7914
-73.8159
-73.8443
-73.8645
-73.8753
-73.8763
-73.868
-73.8556
-73.8486
-73.8439
-73.8344
-73.8221
-73.8121
-73.8074
-73.7988
-73.7849
-73.7714
-73.757
-73.7476
-73.7381
-73.7288
-73.7259
-73.7238
-73.715
-73.6996
-73.6799
-73.6627
-73.645
-73.6239
-73.5997
-73.5733
-73.5455
-73.5229
-73.5024
-73.4795
-73.4542
-73.435
-73.4262
-73.4148
-73.401
-73.3932
-73.3962
-73.3967
-73.4018
-73.4076
-73.4052
-73.3951
-73.3792
-73.3613
-73.3593
-73.3651
-73.3644
-73.3558
-73.341
-73.3221
-73.3002
-73.2762
-73.2508
-73.2243
-73.1996
-73.1856
-73.1812
-73.1826
-73.1801
-73.1732
-73.1692
-73.1621
-73.1665
-73.183
-73.1929
-73.1958
-73.1987
-73.1954
-73.1855
-73.1708
-73.1609
-73.152
-73.1391
-73.1298
-73.1222
-73.1104
-73.0991
-73.1011
-73.1118
-73.1191
-73.1176
-73.1105
-73.1071
-73.101
-73.0953
-73.0921
-73.0889
-73.0883
-73.0863
-73.0876
-73.0927
-73.0953
-73.0905
-73.0796
-73.0641
-73.0455
-73.0247
-73.0023
-72.9788
-72.9544
-72.9295
-72.9041
-72.8784
-72.8525
-72.8265
-72.8004
-72.7743
-72.7482
-72.7222
-72.6966
-72.6822
-72.6729
-72.6608
-72.6453
-72.6272
-72.6073
-72.5862
-72.5643
-72.542
-72.5193
-72.4965
-72.4737
-72.4621
-72.4575
-72.4501
-72.4386
-72.4241
-72.4074
-72.3892
-72.3701
-72.3504
-72.3302
-72.3099
-72.2893
-72.2716
-72.2684
-72.2669
-72.2611
-72.2512
-72.2384
-72.2235
-72.2074
-72.1903
-72.1726
-72.1545
-72.1361
-72.1176
-72.099
-72.0804
-72.0618
-72.0433
-72.0249
-72.0065
-71.9883
-71.9703
-71.9523
-71.9346
-71.917
-71.8995
-71.8823
-71.8652
-71.8483
-71.8315
-71.815
-71.7986
-71.7824
-71.7664
-71.7506
-71.7349
-71.7195
-71.7042
-71.6891
-71.6741
-71.6594
-71.6448
-71.6304
-71.6161
-71.6021
-71.5882
-71.5744
-71.5608
-71.5474
-71.5342
-71.5211
-71.5082
-71.4954
-71.4828
-71.4704
-71.4581
-71.4459
-71.4339
-71.4221
-71.4103
-71.3988
-71.3874
-71.3761
-71.365
-71.354
-71.3431
-71.3324
-71.3218
-71.3114
-71.3011
-71.2909
-71.2809
-71.2709
-71.2612
-71.2515
-71.242
-71.2325
-71.2232
-71.2141
-71.205
-71.1961
-71.1873
-71.1786
-71.17
-71.1615
-71.1531
-71.1448
-71.1367
-71.1286
-71.1207
-71.1129
-71.1051
-71.0975
-71.09
-71.0825
-71.0752
-71.0679
-71.0608
-71.0538
-71.0468
-71.04
-71.0332
-71.0265
-71.0199
-71.0134
-71.007
-71.0007
-70.9945
-70.9883
-70.9822
-70.9763
-70.9704
-70.9645
-70.9588
-70.9531
-70.9475
-70.942
-70.9366
-70.9312
-70.926
-70.9207
-70.9156
-70.9105
-70.9056
-70.9006
-70.8958
-70.891
-70.8863
-70.8816
-70.877
-70.8725
-70.8681
-70.8637
-70.8594
-70.8551
-70.8509
-70.8467
-70.8427
-70.8386
-70.8347
-70.8308
-70.8269
-70.8231
-70.8194
-70.8157
-70.8121
-70.8085
-70.805
-70.8015
-70.7981
-70.7947
-70.7914
-70.7882
-70.7849
-70.7818
-70.7787
-70.7756
-70.7726
-70.7696
-70.7667
-70.7638
-70.7609
-70.7581
-70.7554
-70.7527
-70.75
-70.7474
-70.7448
-70.7422
-70.7397
-70.7373
-70.7349
-70.7325
-70.7301
-70.7278
-70.7255
-70.7233
-70.7211
-70.719
-70.7168
-70.7147
-70.7127
-70.7107
-70.7087
-70.7067
-70.7048
-70.7029
-70.701
-70.6992
-70.6974
-70.6957
-70.6939
-70.6922
-70.6905
-70.6889
-70.6873
-70.6857
-70.6841
-70.6826
-70.6811
-70.6796
-70.6782
-70.6767
-70.6753
-70.674
-70.6726
-70.6713
-70.67
-70.6687
-70.6675
-70.6662
-70.665
-70.6639
-70.6627
-70.6616
-70.6605
-70.6594
-70.6583
-70.6572
-70.6562
-70.6552
-70.6542
-70.6532
-70.6523
-70.6514
-70.6504
-70.6496
-70.6487
-70.6478
-70.647
-70.6462
-70.6454
-70.6446
-70.6438
-70.6431
-70.6423
-70.6416
-70.6409
-70.6402
-70.6395
-70.6389
-70.6382
-70.6376
-70.637
-70.6364
-70.6358
-70.6353
-70.6347
-70.6342
-70.6336
-70.6331
-70.6326
-70.6321
-70.6317
-70.6312
-70.6308
-70.6303
-70.6299
-70.6295
-70.6291
-70.6287
-70.6283
-70.6279
-70.6276
-70.6272
-70.6269
-70.6266
-70.6262
-70.6259
-70.6256
-70.6253
-70.6251
-70.6248
-70.6245
-70.6243
-70.624
-70.6238
-70.6236
-70.6234
-70.6232
-70.623
-70.6228
-70.6226
-70.6224
-70.6222
-70.6221
-70.6219
-70.6218
-70.6216
-70.6215
-70.6214
-70.6213
-70.6212
-70.6211
-70.621
-70.6209
-70.6208
-70.6207
-70.6206
-70.6206
-70.6205
-70.6205
-70.6204
-70.6204
-70.6203
-70.6203
-70.6203
-70.6202
-70.6202
-70.6202
-70.6202
-70.6202
-70.6202
-70.6202
-70.6202
-70.6202
-70.6202
-70.6203
-70.6203
-70.6203
-70.6204
-70.6204
-70.6204
-70.6205
-70.6205
-70.6206
-70.6207
-70.6207
-70.6208
-70.6209
-70.6209
-70.621
-70.6211
-70.6212
-70.6212
-70.6213
-70.6214
-70.6215
-70.6216
-70.6217
-70.6218
-70.6219
-70.622
-70.6221
-70.6222
-70.6223
-70.6224
-70.6226
-70.6227
-70.6228
-70.6229
-70.623
-70.6232
-70.6233
-70.6234
-70.6236
-70.6237
-70.6238
-70.624
-70.6241
-70.6243
-70.6244
-70.6245
-70.6247
-70.6248
-70.625
-70.6251
-70.6253
-70.6254
-70.6256
-70.6257
-70.6259
-70.626
-70.6262
-70.6264
-70.6265
-70.6267
-70.6268
-70.627
-70.6272
-70.6273
-70.6275
-70.6276
-70.6278
-70.628
-70.6281
-70.6283
-70.6285
-70.6286
-70.6288
-70.629
-70.6291
-70.6293
-70.6295
-70.6297
-70.6298
-70.63
-70.6302
-70.6303
-70.6305
-70.6307
-70.6309
-70.631
-70.6312
-70.6314
-70.6316
-70.6317
-70.6319
-70.6321
-70.6323
-70.6324
-70.6326
-70.6328
-70.6329
-70.6331
-70.6333
-70.6335
-70.6336
-70.6338
-70.634
-70.6342
-70.6343
-70.6345
-70.6347
-70.6349
-70.635
-70.6352
-70.6354
-70.6355
-70.6357
-70.6359
-70.6361
-70.6362
-70.6364
-70.6366
-70.6367
-70.6369
-70.6371
-70.6372
-70.6374
-70.6376
-70.6377
-70.6379
-70.6381
-70.6382
-70.6384
-70.6386
-70.6387
-70.6389
-70.6391
-70.6392
-70.6394
-70.6395
-70.6397
-70.6399
-70.64
-70.6402
-70.6404
-70.6405
-70.6407
-70.6408
-70.641
-70.6411
-70.6413
-70.6415
-70.6416
-70.6418
-70.6419
-70.6421
-70.6422
-70.6424
-70.6425
-70.6427
-70.6428
-70.643
-70.6431
-70.6433
-70.6434
-70.6436
-70.6437
-70.6439
-70.644
-70.6442
-70.6443

