-70
-70.1661
-70.23
-70.2566
-70.2695
-70.2773
-70.283
-70.2879
-70.2925
-70.297
-70.3014
-70.3057
-70.31
-70.3142
-70.3185
-70.3226
-70.3268
-70.3309
-70.335
-70.3391
-70.3431
-70.3471
-70.351
-70.3549
-70.3588
-70.3626
-70.3664
-70.3701
-70.3738
-70.3775
-70.3811
-70.3847
-70.3883
-70.3918
-70.3953
-70.3987
-70.4021
-70.4055
-70.4088
-70.4121
-70.4154
-70.4186
-70.4218
-70.4249
-70.428
-70.4311
-70.4341
-70.4372
-70.4401
-70.4431
-70.446
-70.4489
-70.4517
-70.4545
-70.4573
-70.4601
-70.4628
-70.4655
-70.4682
-70.4708
-70.4734
-70.476
-70.4785
-70.481
-70.4835
-70.486
-70.4884
-70.4908
-70.4932
-70.4955
-70.4978
-70.5001
-70.5024
-70.5046
-70.5068
-70.509
-70.5112
-70.5133
-70.5154
-70.5175
-70.5196
-70.5216
-70.5236
-70.5256
-70.5276
-70.5295
-70.5315
-70.5334
-70.5352
-70.5371
-70.5389
-70.5407
-70.5425
-70.5443
-70.5461
-70.5478
-70.5495
-70.5512
-70.5528
-70.5545
-70.5561
-70.5577
-70.5593
-70.5609
-70.5624
-70.5639
-70.5655
-70.5669
-70.5684
-70.5699
-70.5713
-70.5727
-70.5741
-70.5755
-70.5769
-70.5782
-70.5796
-70.5809
-70.5822
-70.5835
-70.5848
-70.586
-70.5873
-70.5885
-70.5897
-70.5909
-70.5921
-70.5932
-70.5944
-70.5955
-70.5966
-70.5977
-70.5988
-70.5999
-70.601
-70.602
-70.603
-70.6041
-70.6051
-70.6061
-70.6071
-70.608
-70.609
-70.6099
-70.6109
-70.6118
-70.6127
-70.6136
-70.6145
-70.6154
-70.6162
-70.6171
-70.6179
-70.6187
-70.6196
-70.6204
-70.6212
-70.622
-70.6227
-70.6235
-70.6242
-70.625
-70.6257
-70.6265
-70.6272
-70.6279
-70.6286
-70.6293
-70.6299
-70.6306
-70.6313
-70.6319
-70.6325
-70.6332
-70.6338
-70.6344
-70.635
-70.6356
-70.6362
-70.6368
-70.6374
-70.6379
-70.6385
-70.639
-70.6396
-70.6401
-70.6406
-70.6411
-70.6417
-70.6422
-70.6427
-70.6431
-70.6436
-70.6441
-70.6446
-70.645
-70.6455
-70.6459
-70.6464
-70.6468
-70.6472
-70.6476
-70.6481
-70.6485
-70.6489
-70.6493
-70.6497
-70.65
-70.6504
-70.6508
-70.6512
-70.6515
-70.6519
-70.6522
-70.6526
-70.6529
-70.6533
-70.6536
-70.6539
-70.6542
-70.6545
-70.6549
-70.6552
-70.6555
-70.6558
-70.656
-70.6563
-70.6566
-70.6569
-70.6572
-70.6574
-70.6577
-70.658
-70.6582
-70.6585
-70.6587
-70.6589
-70.6592
-70.6594
-70.6597
-70.6599
-70.6601
-70.6603
-70.6605
-70.6607
-70.661
-70.6612
-70.6614
-70.6616
-70.6617
-70.6619
-70.6621
-70.6623
-70.6625
-70.6627
-70.6628
-70.663
-70.6632
-70.6633
-70.6635
-70.6637
-70.6638
-70.664
-70.6641
-70.6643
-70.6644
-70.6646
-70.6647
-70.6648
-70.665
-70.6651
-70.6652
-70.6653
-70.6655
-70.6656
-70.6657
-70.6658
-70.6659
-70.666
-70.6662
-70.6663
-70.6664
-70.6665
-70.6666
-70.6667
-70.6668
-70.6669
-70.667
-70.667
-70.6671
-70.6672
-70.6673
-70.6674
-70.6675
-70.6675
-70.6676
-70.6677
-70.6678
-70.6678
-70.6679
-70.668
-70.668
-70.6681
-70.6682
-70.6682
-70.6683
-70.6683
-70.6684
-70.6685
-70.6685
-70.6686
-70.6686
-70.6687
-70.6687
-70.6688
-70.6688
-70.6688
-70.6689
-70.6689
-70.669
-70.669
-70.669
-70.6691
-70.6691
-70.6691
-70.6692
-70.6692
-70.6692
-70.6693
-70.6693
-70.6693
-70.6694
-70.6694
-70.6694
-70.6694
-70.6694
-70.6695
-70.6695
-70.6695
-70.6695
-70.6695
-70.6696
-70.6696
-70.6696
-70.6696
-70.6696
-70.6696
-70.6696
-70.6697
-70.6697
-70.6697
-70.6697
-70.6697
-70.6697
-70.6697
-70.6697
-70.6697
-70.6697
-70.6697
-70.6697
-70.6697
-70.6697
-70.6697
-70.6697
-70.6697
-70.6697
-70.6697
-70.6697
-70.6697
-70.6697
-70.6697
-70.6697
-70.6697
-70.6697
-70.6697
-70.6697
-70.6697
-70.6697
-70.6697
-70.6697
-70.6697
-70.6697
-70.6697
-70.6696
-70.6696
-70.6696
-70.6696
-70.6696
-70.6696
-70.6696
-70.6696
-70.6696
-70.6695
-70.6695
-70.6695
-70.6695
-70.6695
-70.6695
-70.6695
-70.6695
-70.6694
-70.6694
-70.6694
-70.6694
-70.6694
-70.6694
-70.6693
-70.6693
-70.6693
-70.6693
-70.6693
-70.6693
-70.6693
-70.6692
-70.6692
-70.6692
-70.6692
-70.6692
-70.6691
-70.6691
-70.6691
-70.6691
-70.6691
-70.6691
-70.669
-70.669
-70.669
-70.669
-70.669
-70.6689
-70.6689
-70.6689
-70.6689
-70.6689
-70.6688
-70.6688
-70.6688
-70.6688
-70.6688
-70.6687
-70.6687
-70.6687
-70.6687
-70.6686
-70.6686
-70.6686
-70.6686
-70.6686
-70.6685
-70.6685
-70.6685
-70.6685
-70.6685
-70.6684
-70.6684
-70.6684
-70.6684
-70.6684
-70.6683
-70.6683
-70.6683
-70.6683
-70.6682
-70.6682
-70.6682
-70.6682
-70.6682
-70.6681
-70.6681
-70.6681
-70.6681
-70.6681
-70.6732
-70.9105
-71.7134
-72.6741
-73.4161
-73.8903
-74.1352
-56.0651
-51.6578
-49.621
-47.2312
-38.3294
-3.99929
-34.0776
-66.219
-68.8823
-67.9072
-66.8503
-65.7696
-64.6832
-63.6093
-62.5655
-61.5677
-60.628
-59.7044
-58.7981
-58.0178
-57.3357
-56.7363
-56.2128
-55.7585
-55.3544
-55.003
-54.709
-54.465
-54.2641
-54.0995
-53.9609
-53.8402
-53.7429
-53.6665
-53.6068
-53.5606
-53.5251
-53.4969
-53.4692
-53.4463
-53.4304
-53.4196
-53.4126
-53.4084
-53.4062
-53.4056
-53.4028
-53.3962
-53.3913
-53.3895
-53.3897
-53.391
-53.3932
-53.3958
-53.3988
-53.4021
-53.4056
-53.4062
-53.4018
-53.3964
-53.3942
-53.3942
-53.3955
-53.3974
-53.3997
-53.4022
-53.4048
-53.4075
-53.4103
-53.4131
-53.4158
-53.4181
-53.4202
-53.422
-53.4132
-53.405
-53.3972
-53.3929
-53.3906
-53.3886
-53.3855
-53.379
-53.3599
-53.1954
-53.0082
-53.0351
-53.1027
-53.1627
-53.2065
-53.2364
-53.2564
-53.2706
-53.2817
-53.2919
-53.3027
-53.3152
-53.3307
-53.3506
-53.3765
-53.4091
-53.4356
-53.443
-53.4467
-53.4439
-53.4389
-53.4377
-53.4393
-53.4427
-53.4476
-53.4537
-53.461
-53.4694
-53.479
-53.4898
-53.5018
-53.5152
-53.53
-53.5462
-53.5642
-53.5838
-53.6054
-53.6289
-53.6547
-53.6828
-53.7136
-53.7473
-53.7842
-53.8245
-53.8684
-53.9162
-53.9683
-54.0249
-54.0863
-54.153
-54.2253
-54.2467
-53.655
-53.4488
-53.3995
-53.3998
-53.388
-53.3809
-53.3861
-53.3967
-53.4091
-53.4219
-53.4344
-53.4467
-53.4588
-53.4708
-53.4828
-53.4951
-53.5078
-53.5211
-53.5351
-53.5499
-53.5657
-53.5826
-53.6008
-53.6205
-53.6418
-53.6648
-53.6898
-53.717
-53.7466
-53.7788
-53.8139
-53.8543
-53.8991
-53.9467
-53.9974
-54.0518
-54.1103
-54.1734
-54.2412
-54.3139
-54.3919
-54.4784
-54.4676
-53.6005
-53.3569
-53.3114
-53.3209
-53.3443
-53.3464
-53.3506
-53.361
-53.3736
-53.3865
-53.3989
-53.4103
-53.421
-53.4312
-53.4409
-53.4505
-53.46
-53.4697
-53.4796
-53.49
-53.5017
-53.514
-53.5268
-53.5405
-53.5551
-53.5707
-53.5876
-53.6059
-53.6257
-53.6472
-53.6708
-53.6985
-53.7288
-53.7609
-53.7952
-53.8322
-53.8721
-53.9151
-53.9616
-54.0119
-54.0661
-54.1244
-54.1922
-54.2679
-54.3468
-54.429
-54.5156
-54.6073
-54.7044
-54.8073
-54.9163
-55.0319
-55.1541
-53.9128
-53.2991
-53.1838
-53.1929
-53.23
-53.2697
-53.2882
-53.3045
-53.3225
-53.3398
-53.3553
-53.3688
-53.3805
-53.3909
-53.4001
-53.408
-53.4147
-53.4204
-53.4252
-53.4289
-53.4315
-53.4327
-53.432
-53.4286
-53.4211
-53.4076
-53.3834
-53.3301
-53.151
-51.8191
-51.011
-51.19
-51.5946
-51.9672
-52.2438
-52.435
-52.5697
-52.6665
-52.7451
-52.8198
-52.9006
-52.9959
-53.1143
-53.2637
-53.5001
-53.5763
-53.5756
-53.5533
-53.532
-53.5157
-53.5042
-53.4972
-53.4937
-53.4932
-53.4953
-53.4999
-53.5066
-53.5154
-53.5266
-53.5402
-53.5555
-53.5727
-53.5918
-53.6131
-53.6372
-53.6667
-53.7019
-53.7401
-53.7817
-53.826
-53.8722
-53.9213
-53.9741
-54.0335
-54.1026
-54.184
-54.2779
-54.3793
-54.4849
-54.5937
-54.7065
-54.8258
-54.9548
-55.098
-55.2617
-55.4529
-55.6619
-55.8861
-56.12
-56.3614
-56.6109
-56.871
-57.1454
-57.4406
-57.7675
-58.1257
-58.5098
-58.9156
-59.3333
-59.7565
-60.1851
-60.6165
-61.0562
-61.5128
-61.9926
-62.4964
-63.0176
-63.5572
-64.0976
-64.6239
-65.1319
-65.6225
-66.0952
-66.5573
-67.0164
-67.4814
-67.9449
-68.4053
-68.8598
-69.29
-69.688
-70.0543
-70.3914
-70.704
-70.9966
-71.2776
-71.5505
-71.8134
-72.0669
-72.3109
-72.5346
-72.7336
-72.9117
-73.07
-73.2128
-73.3419
-73.4627
-73.5779
-73.6879
-73.793
-73.8939
-73.9859
-74.066
-74.1348
-74.1952
-74.2479
-74.2944
-74.3371
-74.3771
-74.4159
-74.4542
-74.4923
-74.5276
-74.5582
-74.5833
-74.6038
-74.6218
-74.6364
-74.6488
-74.6605
-74.6715
-74.6827
-74.6955
-74.7095
-74.7217
-74.7313
-74.7381
-74.7436
-74.7479
-74.7512
-74.7536
-74.7558
-74.7575
-74.7597
-74.7639
-74.7702
-74.775
-74.7778
-74.779
-74.7798
-74.7796
-74.7786
-74.7782
-74.7777
-74.7766
-74.7753
-74.7762
-74.7792
-74.7829
-74.7846
-74.785
-74.7843
-74.7829
-74.7805
-74.7784
-74.778
-74.7772
-74.7753
-74.7732
-74.7744
-74.7765
-74.7795
-74.7804
-74.7793
-74.7776
-74.774
-74.7711
-74.7687
-74.7673
-74.7675
-74.7664
-74.7648
-74.7648
-74.7673
-74.7703
-74.7733
-74.7736
-74.7709
-74.7677
-74.7632
-74.7597
-74.7571
-74.7552
-74.7553
-74.7547
-74.7535
-74.7536
-74.7555
-74.759
-74.7632
-74.7642
-74.7612
-74.7565
-74.7531
-74.7488
-74.745
-74.7432
-74.7419
-74.7416
-74.7414
-74.742
-74.7441
-74.7466
-74.7506
-74.7541
-74.7543
-74.751
-74.7466
-74.7426
-74.7382
-74.7332
-74.7293
-74.7265
-74.7235
-74.7234
-74.7268
-74.7295
-74.7333
-74.7366
-74.7397
-74.7414
-74.7407
-74.7388
-74.7356
-74.7308
-74.7264
-74.7215
-74.717
-74.713
-74.709
-74.7075
-74.712
-74.7175
-74.7201
-74.7226
-74.7262
-74.7293
-74.7289
-74.7279
-74.725
-74.7203
-74.7155
-74.7097
-74.7049
-74.6999
-74.6957
-74.6922
-74.6922
-74.6941
-74.6968
-74.7022
-74.7062
-74.7084
-74.7134
-74.7176
-74.7182
-74.715
-74.7101
-74.7056
-74.7007
-74.6948
-74.6901
-74.6869
-74.6825
-74.6805
-74.6797
-74.6781
-74.6784
-74.6793
-74.6845
-74.6906
-74.6943
-74.6985
-74.7014
-74.7006
-74.6976
-74.6926
-74.6862
-74.6801
-74.6754
-74.6728
-74.67
-74.6663
-74.6642
-74.6623
-74.661
-74.6578
-74.6565
-74.6592
-74.6647
-74.6701
-74.6771
-74.6835
-74.6856
-74.6848
-74.6809
-74.6767
-74.6729
-74.6677
-74.6611
-74.6565
-74.6531
-74.6488
-74.6467
-74.6448
-74.6435
-74.6414
-74.6391
-74.6369
-74.6344
-74.6356
-74.6413
-74.6469
-74.6533
-74.6583
-74.6622
-74.6628
-74.6593
-74.655
-74.6501
-74.6444
-74.6391
-74.6358
-74.6318
-74.6262
-74.6209
-74.6176
-74.6156
-74.6159
-74.6155
-74.6171
-74.616
-74.6138
-74.6141
-74.6187
-74.6205
-74.6224
-74.6279
-74.6334
-74.6381
-74.6413
-74.6385
-74.6323
-74.6256
-74.621
-74.6155
-74.6098
-74.6058
-74.6048
-74.6011
-74.5955
-74.5896
-74.5855
-74.5805
-74.5767
-74.5775
-74.5815
-74.5835
-74.5841
-74.5875
-74.5909
-74.5897
-74.5894
-74.5912
-74.5933
-74.5978
-74.6023
-74.6049
-74.6025
-74.5962
-74.5873
-74.5803
-74.5764
-74.5753
-74.575
-74.5731
-74.5683
-74.5631
-74.5581
-74.5522
-74.5434
-74.5367
-74.5349
-74.5366
-74.5398
-74.5434
-74.5485
-74.5572
-74.563
-74.5626
-74.5602
-74.557
-74.553
-74.5507
-74.5496
-74.5508
-74.5552
-74.5594
-74.558
-74.5515
-74.5441
-74.5363
-74.5347
-74.5384
-74.5382
-74.534
-74.5284
-74.5221
-74.5185
-74.5165
-74.5106
-74.499
-74.4888
-74.4844
-74.4867
-74.4902
-74.4954
-74.4965
-74.494
-74.4975
-74.5022
-74.505
-74.5034
-74.4986
-74.494
-74.4929
-74.4943
-74.4934
-74.4923
-74.488
-74.485
-74.4828
-74.4817
-74.4799
-74.4821
-74.4824
-74.4814
-74.482
-74.4848
-74.4825
-74.4737
-74.464
-74.4526
-74.4434
-74.4415
-74.4476
-74.4535
-74.4534
-74.45
-74.4457
-74.4421
-74.4369
-74.4298
-74.4229
-74.4201
-74.4165
-74.4106
-74.4119
-74.4146
-74.4177
-74.4205
-74.4215
-74.4271
-74.4299
-74.4246
-74.4183
-74.4135
-74.405
-74.3983
-74.3969
-74.4013
-74.4083
-74.41
-74.4059
-74.3996
-74.3955
-74.3915
-74.3922
-74.3968
-74.3996
-74.3955
-74.3897
-74.3851
-74.3796
-74.3712
-74.3644
-74.3641
-74.3665
-74.368
-74.3706
-74.372
-74.3725
-74.3692
-74.3667
-74.3635
-74.3589
-74.3526
-74.3423
-74.3289
-74.3125
-74.2998
-74.292
-74.2881
-74.2892
-74.2961
-74.2985
-74.2945
-74.2889
-74.2861
-74.2813
-74.2805
-74.2841
-74.2863
-74.2853
-74.2817
-74.2782
-74.2734
-74.2728
-74.2703
-74.2622
-74.2523
-74.2457
-74.2472
-74.2574
-74.2647
-74.2648
-74.2595
-74.2505
-74.2407
-74.2391
-74.2376
-74.2333
-74.2336
-74.2381
-74.2373
-74.2317
-74.2266
-74.2225
-74.2201
-74.219
-74.2205
-74.2225
-74.2235
-74.2274
-74.2279
-74.2244
-74.2236
-74.22
-74.2173
-74.211
-74.2025
-74.201
-74.2
-74.1931
-74.1856
-74.1801
-74.1689
-74.1554
-74.1432
-74.1334
-74.125
-74.1182
-74.1131
-74.108
-74.0989
-74.0868
-74.0743
-74.0718
-74.0803
-74.0849
-74.0831
-74.0787
-74.0824
-74.0927
-74.101
-74.1011
-74.0918
-74.0784
-74.0681
-74.0592
-74.0484
-74.0392
-74.034
-74.031
-74.0263
-74.0279
-74.0286
-74.0247
-74.0234
-74.0194
-74.0168
-74.0167
-74.0155
-74.016
-74.0126
-74.0113
-74.0126
-74.0203
-74.0336
-74.0427
-74.0411
-74.0329
-74.0255
-74.0205
-74.0226
-74.0278
-74.028
-74.0232
-74.0161
-74.0049
-73.988
-73.9685
-73.954
-73.9389
-73.9257
-73.9142
-73.9023
-73.8965
-73.8947
-73.8941
-73.8925
-73.8835
-73.8683
-73.8532
-73.8438
-73.8426
-73.8438
-73.8463
-73.8532
-73.8669
-73.8738
-73.8702
-73.8628
-73.8529
-73.8444
-73.8361
-73.8229
-73.8092
-73.8035
-73.7985
-73.789
-73.7791
-73.7726
-73.7691
-73.7652
-73.7584
-73.7534
-73.7494
-73.7525
-73.7614
-73.7643
-73.763
-73.7564
-73.7433
-73.731
-73.7239
-73.7194
-73.7139
-73.713
-73.7082
-73.7014
-73.6918
-73.6768
-73.6654
-73.664
-73.6675
-73.6701
-73.6684
-73.6591
-73.6465
-73.6347
-73.619
-73.6055
-73.6012
-73.6011
-73.6017
-73.6027
-73.5992
-73.5889
-73.5795
-73.5677
-73.5511
-73.5306
-73.5076
-73.494
-73.4863
-73.4764
-73.4706
-73.4678
-73.4601
-73.4461
-73.4277
-73.4196
-73.4189
-73.4197
-73.4142
-73.4019
-73.3844
-73.3634
-73.3401
-73.3226
-73.3071
-73.2886
-73.2671
-73.2495
-73.2359
-73.2195
-73.1997
-73.1771
-73.1526
-73.1269
-73.1002
-73.073
-73.0453
-73.0233
-73.0085
-72.9983
-72.9933
-72.9943
-72.9936
-72.996
-72.9968
-72.9916
-72.9905
-72.9881
-72.9799
-72.9666
-72.9496
-72.93
-72.9086
-72.886
-72.8624
-72.8381
-72.8135
-72.7981
-72.7884
-72.776
-72.7602
-72.7415
-72.721
-72.7
-72.6901
-72.6831
-72.6726
-72.6582
-72.641
-72.6218
-72.6013
-72.5799
-72.5579
-72.5355
-72.5128
-72.49
-72.4753
-72.4707
-72.4643
-72.4537
-72.4396
-72.4233
-72.4053
-72.3862
-72.3665
-72.3463
-72.3258
-72.3051
-72.2844
-72.2636
-72.2429
-72.2222
-72.2016
-72.1811
-72.1608
-72.1406
-72.1205
-72.1007
-72.081
-72.0615
-72.0422
-72.0231
-72.0042
-71.9854
-71.9669
-71.9486
-71.9305
-71.9126
-71.8949
-71.8773
-71.86
-71.8429
-71.826
-71.8093
-71.7927
-71.7764
-71.7603
-71.7443
-71.7285
-71.713
-71.6976
-71.6824
-71.6673
-71.6525
-71.6378
-71.6233
-71.609
-71.5949
-71.5809
-71.5671
-71.5535
-71.54
-71.5267
-71.5136
-71.5006
-71.4878
-71.4752
-71.4627
-71.4503
-71.4382
-71.4261
-71.4142
-71.4025
-71.3909
-71.3795
-71.3682
-71.357
-71.346
-71.3351
-71.3244
-71.3138
-71.3033
-71.293
-71.2828
-71.2728
-71.2628
-71.253
-71.2434
-71.2338
-71.2244
-71.2151
-71.2059
-71.1969
-71.1879
-71.1791
-71.1704
-71.1618
-71.1533
-71.1449
-71.1367
-71.1285
-71.1205
-71.1125
-71.1047
-71.097
-71.0893
-71.0818
-71.0744
-71.0671
-71.0598
-71.0527
-71.0457
-71.0387
-71.0319
-71.0251
-71.0185
-71.0119
-71.0054
-70.999
-70.9927
-70.9865
-70.9804
-70.9743
-70.9683
-70.9625
-70.9567
-70.9509
-70.9453
-70.9397
-70.9342
-70.9288
-70.9235
-70.9182
-70.913
-70.9079
-70.9029
-70.8979
-70.893
-70.8882
-70.8834
-70.8787
-70.8741
-70.8696
-70.8651
-70.8606
-70.8563
-70.852
-70.8477
-70.8436
-70.8394
-70.8354
-70.8314
-70.8275
-70.8236
-70.8198
-70.816
-70.8123
-70.8086
-70.805
-70.8015
-70.798
-70.7946
-70.7912
-70.7878
-70.7846
-70.7813
-70.7781
-70.775
-70.7719
-70.7689
-70.7659
-70.7629
-70.76
-70.7572
-70.7544
-70.7516
-70.7489
-70.7462
-70.7436
-70.741
-70.7384
-70.7359
-70.7334
-70.731
-70.7286
-70.7263
-70.724
-70.7217
-70.7194
-70.7172
-70.7151
-70.7129
-70.7109
-70.7088
-70.7068
-70.7048
-70.7028
-70.7009
-70.699
-70.6972
-70.6953
-70.6935
-70.6918
-70.69
-70.6883
-70.6867
-70.685
-70.6834
-70.6818
-70.6803
-70.6787
-70.6772
-70.6758
-70.6743
-70.6729
-70.6715
-70.6701
-70.6688
-70.6675
-70.6662
-70.6649
-70.6637
-70.6625
-70.6613
-70.6601
-70.6589
-70.6578
-70.6567
-70.6556
-70.6546
-70.6535
-70.6525
-70.6515
-70.6505
-70.6496
-70.6486
-70.6477
-70.6468
-70.6459
-70.6451
-70.6442
-70.6434
-70.6426
-70.6418
-70.641
-70.6403
-70.6395
-70.6388
-70.6381
-70.6374
-70.6367
-70.6361
-70.6354
-70.6348
-70.6342
-70.6336
-70.633
-70.6324
-70.6319
-70.6314
-70.6308
-70.6303
-70.6298
-70.6293
-70.6289
-70.6284
-70.6279
-70.6275
-70.6271
-70.6267
-70.6263
-70.6259
-70.6255
-70.6251
-70.6248
-70.6244
-70.6241
-70.6238
-70.6235
-70.6232
-70.6229
-70.6226
-70.6223
-70.6221
-70.6218
-70.6216
-70.6213
-70.6211
-70.6209
-70.6207
-70.6205
-70.6203
-70.6201
-70.6199
-70.6197
-70.6196
-70.6194
-70.6193
-70.6192
-70.619
-70.6189
-70.6188
-70.6187
-70.6186
-70.6185
-70.6184
-70.6183
-70.6182
-70.6182
-70.6181
-70.618
-70.618
-70.6179
-70.6179
-70.6179
-70.6178
-70.6178
-70.6178
-70.6178
-70.6178
-70.6178
-70.6178
-70.6178
-70.6178
-70.6178
-70.6178
-70.6179
-70.6179
-70.6179
-70.618
-70.618
-70.618
-70.6181
-70.6182
-70.6182
-70.6183
-70.6183
-70.6184
-70.6185
-70.6186
-70.6186
-70.6187
-70.6188
-70.6189
-70.619
-70.6191
-70.6192
-70.6193
-70.6194
-70.6195
-70.6196
-70.6197
-70.6198
-70.6199
-70.62
-70.6202
-70.6203
-70.6204
-70.6205
-70.6207
-70.6208
-70.6209
-70.6211
-70.6212
-70.6213
-70.6215
-70.6216
-70.6218
-70.6219
-70.6221
-70.6222
-70.6224
-70.6225
-70.6227
-70.6228
-70.623
-70.6231
-70.6233
-70.6235
-70.6236
-70.6238
-70.624
-70.6241
-70.6243
-70.6245
-70.6246
-70.6248
-70.625
-70.6251
-70.6253
-70.6255
-70.6257
-70.6258
-70.626
-70.6262
-70.6264
-70.6265
-70.6267
-70.6269
-70.6271
-70.6272
-70.6274
-70.6276
-70.6278
-70.628
-70.6281
-70.6283
-70.6285
-70.6287
-70.6289
-70.6291
-70.6292
-70.6294
-70.6296
-70.6298
-70.63
-70.6301
-70.6303
-70.6305
-70.6307
-70.6309
-70.6311
-70.6312
-70.6314
-70.6316
-70.6318
-70.632
-70.6322
-70.6323
-70.6325
-70.6327
-70.6329
-70.6331
-70.6333
-70.6334
-70.6336
-70.6338
-70.634
-70.6342
-70.6343
-70.6345
-70.6347
-70.6349
-70.6351
-70.6352
-70.6354
-70.6356
-70.6358
-70.636
-70.6361
-70.6363
-70.6365
-70.6367
-70.6368
-70.637
-70.6372
-70.6374
-70.6375
-70.6377
-70.6379
-70.638
-70.6382
-70.6384
-70.6386
-70.6387
-70.6389
-70.6391
-70.6392
-70.6394
-70.6396
-70.6397
-70.6399
-70.6401
-70.6402
-70.6404
-70.6405
-70.6407
-70.6409
-70.641
-70.6412
-70.6414
-70.6415
-70.6417
-70.6418
-70.642
-70.6421
-70.6423
-70.6425
-70.6426
-70.6428
-70.6429
-70.6431
-70.6432
-70.6434
-70.6435
-70.6437
-70.6438
-70.644
-70.6441
-70.6443
-70.6444
-70.6446

