-70
-70.1661
-70.23
-70.2566
-70.2695
-70.2773
-70.283
-70.2879
-70.2925
-70.297
-70.3014
-70.3057
-70.31
-70.3142
-70.3185
-70.3226
-70.3268
-70.3309
-70.335
-70.3391
-70.3431
-70.3471
-70.351
-70.3549
-70.3588
-70.3626
-70.3664
-70.3701
-70.3738
-70.3775
-70.3811
-70.3847
-70.3883
-70.3918
-70.3953
-70.3987
-70.4021
-70.4055
-70.4088
-70.4121
-70.4154
-70.4186
-70.4218
-70.4249
-70.428
-70.4311
-70.4341
-70.4372
-70.4401
-70.4431
-70.446
-70.4489
-70.4517
-70.4545
-70.4573
-70.4601
-70.4628
-70.4655
-70.4682
-70.4708
-70.4734
-70.476
-70.4785
-70.481
-70.4835
-70.486
-70.4884
-70.4908
-70.4932
-70.4955
-70.4978
-70.5001
-70.5024
-70.5046
-70.5068
-70.509
-70.5112
-70.5133
-70.5154
-70.5175
-70.5196
-70.5216
-70.5236
-70.5256
-70.5276
-70.5295
-70.5315
-70.5334
-70.5352
-70.5371
-70.5389
-70.5407
-70.5425
-70.5443
-70.5461
-70.5478
-70.5495
-70.5512
-70.5528
-70.5545
-70.5561
-70.5577
-70.5593
-70.5609
-70.5624
-70.5639
-70.5655
-70.5669
-70.5684
-70.5699
-70.5713
-70.5727
-70.5741
-70.5755
-70.5769
-70.5782
-70.5796
-70.5809
-70.5822
-70.5835
-70.5848
-70.586
-70.5873
-70.5885
-70.5897
-70.5909
-70.5921
-70.5932
-70.5944
-70.5955
-70.5966
-70.5977
-70.5988
-70.5999
-70.601
-70.602
-70.603
-70.6041
-70.6051
-70.6061
-70.6071
-70.608
-70.609
-70.6099
-70.6109
-70.6118
-70.6127
-70.6136
-70.6145
-70.6154
-70.6162
-70.6171
-70.6179
-70.6187
-70.6196
-70.6204
-70.6212
-70.622
-70.6227
-70.6235
-70.6242
-70.625
-70.6257
-70.6265
-70.6272
-70.6279
-70.6286
-70.6293
-70.6299
-70.6306
-70.6313
-70.6319
-70.6325
-70.6332
-70.6338
-70.6344
-70.635
-70.6356
-70.6362
-70.6368
-70.6374
-70.6379
-70.6385
-70.639
-70.6396
-70.6401
-70.6406
-70.6411
-70.6417
-70.6422
-70.6427
-70.6431
-70.6436
-70.6441
-70.6446
-70.645
-70.6455
-70.6459
-70.6464
-70.6468
-70.6472
-70.6476
-70.6481
-70.6485
-70.6489
-70.6493
-70.6497
-70.65
-70.6504
-70.6508
-70.6512
-70.6515
-70.6519
-70.6522
-70.6526
-70.6529
-70.6533
-70.6536
-70.6539
-70.6542
-70.6545
-70.6549
-70.6552
-70.6555
-70.6558
-70.656
-70.6563
-70.6566
-70.6569
-70.6572
-70.6574
-70.6577
-70.658
-70.6582
-70.6585
-70.6587
-70.6589
-70.6592
-70.6594
-70.6597
-70.6599
-70.6601
-70.6603
-70.6605
-70.6607
-70.661
-70.6612
-70.6614
-70.6616
-70.6617
-70.6619
-70.6621
-70.6623
-70.6625
-70.6627
-70.6628
-70.663
-70.6632
-70.6633
-70.6635
-70.6637
-70.6638
-70.664
-70.6641
-70.6643
-70.6644
-70.6646
-70.6647
-70.6648
-70.665
-70.6651
-70.6652
-70.6653
-70.6655
-70.6656
-70.6657
-70.6658
-70.6659
-70.666
-70.6662
-70.6663
-70.6664
-70.6665
-70.6666
-70.6667
-70.6668
-70.6669
-70.667
-70.667
-70.6671
-70.6672
-70.6673
-70.6674
-70.6675
-70.6675
-70.6676
-70.6677
-70.6678
-70.6678
-70.6679
-70.668
-70.668
-70.6681
-70.6682
-70.6682
-70.6683
-70.6683
-70.6684
-70.6685
-70.6685
-70.6686
-70.6686
-70.6687
-70.6687
-70.6688
-70.6688
-70.6688
-70.6689
-70.6689
-70.669
-70.669
-70.669
-70.6691
-70.6691
-70.6691
-70.6692
-70.6692
-70.6692
-70.6693
-70.6693
-70.6693
-70.6694
-70.6694
-70.6694
-70.6694
-70.6694
-70.6695
-70.6695
-70.6695
-70.6695
-70.6695
-70.6696
-70.6696
-70.6696
-70.6696
-70.6696
-70.6696
-70.6696
-70.6697
-70.6697
-70.6697
-70.6697
-70.6697
-70.6697
-70.6697
-70.6697
-70.6697
-70.6697
-70.6697
-70.6697
-70.6697
-70.6697
-70.6697
-70.6697
-70.6697
-70.6697
-70.6697
-70.6697
-70.6697
-70.6697
-70.6697
-70.6697
-70.6697
-70.6697
-70.6697
-70.6697
-70.6697
-70.6697
-70.6697
-70.6697
-70.6697
-70.6697
-70.6697
-70.6696
-70.6696
-70.6696
-70.6696
-70.6696
-70.6696
-70.6696
-70.6696
-70.6696
-70.6695
-70.6695
-70.6695
-70.6695
-70.6695
-70.6695
-70.6695
-70.6695
-70.6694
-70.6694
-70.6694
-70.6694
-70.6694
-70.6694
-70.6693
-70.6693
-70.6693
-70.6693
-70.6693
-70.6693
-70.6693
-70.6692
-70.6692
-70.6692
-70.6692
-70.6692
-70.6691
-70.6691
-70.6691
-70.6691
-70.6691
-70.6691
-70.669
-70.669
-70.669
-70.669
-70.669
-70.6689
-70.6689
-70.6689
-70.6689
-70.6689
-70.6688
-70.6688
-70.6688
-70.6688
-70.6688
-70.6687
-70.6687
-70.6687
-70.6687
-70.6686
-70.6686
-70.6686
-70.6686
-70.6686
-70.6685
-70.6685
-70.6685
-70.6685
-70.6685
-70.6684
-70.6684
-70.6684
-70.6684
-70.6684
-70.6683
-70.6683
-70.6683
-70.6683
-70.6682
-70.6682
-70.6682
-70.6682
-70.6682
-70.6681
-70.6681
-70.6681
-70.6681
-70.6681
-70.6799
-70.9349
-71.6839
-72.527
-73.2203
-73.7184
-71.1831
-55.3888
-51.4684
-49.4866
-47.0336
-36.922
-6.64417
-35.3723
-66.8662
-68.8153
-67.8286
-66.7689
-65.6866
-64.6
-63.5272
-62.4856
-61.4873
-60.4822
-59.5595
-58.708
-57.9464
-57.2731
-56.6797
-56.1608
-55.709
-55.3107
-54.968
-54.6791
-54.4385
-54.2399
-54.0766
-53.9409
-53.8267
-53.7312
-53.6547
-53.5947
-53.548
-53.5119
-53.4834
-53.4597
-53.4399
-53.4252
-53.4148
-53.4077
-53.402
-53.3969
-53.3938
-53.3905
-53.3878
-53.3854
-53.3845
-53.3849
-53.386
-53.3878
-53.3899
-53.3923
-53.3949
-53.3971
-53.3962
-53.3959
-53.3942
-53.3931
-53.3927
-53.3917
-53.3918
-53.3927
-53.3942
-53.3959
-53.3977
-53.3996
-53.4016
-53.4034
-53.4051
-53.4041
-53.4011
-53.3993
-53.3984
-53.3962
-53.3935
-53.3914
-53.3889
-53.3849
-53.3759
-53.3375
-53.1054
-53.0555
-53.1055
-53.1638
-53.2098
-53.2422
-53.264
-53.2788
-53.2897
-53.299
-53.308
-53.3181
-53.3301
-53.3454
-53.3829
-53.406
-53.4184
-53.4271
-53.4352
-53.4438
-53.4498
-53.4448
-53.4426
-53.4399
-53.4345
-53.4328
-53.4339
-53.4368
-53.4412
-53.4465
-53.4529
-53.4601
-53.4682
-53.4772
-53.4872
-53.4982
-53.5103
-53.5236
-53.5381
-53.5539
-53.5713
-53.5902
-53.6109
-53.6334
-53.658
-53.6849
-53.7142
-53.7463
-53.5861
-53.4944
-53.4642
-53.4593
-53.4647
-53.4744
-53.4864
-53.4998
-53.5141
-53.5078
-53.4707
-53.4535
-53.4495
-53.4519
-53.4576
-53.465
-53.4735
-53.4829
-53.493
-53.5039
-53.5155
-53.528
-53.5414
-53.5559
-53.5715
-53.5884
-53.6066
-53.6264
-53.6478
-53.6712
-53.6965
-53.7241
-53.7542
-53.787
-53.8227
-53.8615
-53.9035
-53.9492
-53.9986
-54.0522
-53.9988
-53.5507
-53.4108
-53.3814
-53.3857
-53.3996
-53.4159
-53.4324
-53.4485
-53.4641
-53.4794
-53.4947
-53.51
-53.4906
-53.4481
-53.4313
-53.4278
-53.4302
-53.4352
-53.4414
-53.4484
-53.456
-53.464
-53.4725
-53.4821
-53.4923
-53.503
-53.5144
-53.5265
-53.5396
-53.5536
-53.5688
-53.5853
-53.6032
-53.6229
-53.646
-53.6709
-53.6973
-53.7257
-53.7564
-53.7896
-53.8256
-53.8646
-53.9068
-53.9525
-54.0027
-54.0617
-54.1254
-54.1922
-53.7681
-53.4248
-53.3442
-53.3377
-53.3512
-53.3691
-53.3868
-53.403
-53.4179
-53.4321
-53.4451
-53.4573
-53.4688
-53.4799
-53.4906
-53.5009
-53.48
-53.4317
-53.4081
-53.3956
-53.3928
-53.394
-53.3962
-53.3985
-53.4006
-53.402
-53.4028
-53.4025
-53.4007
-53.3964
-53.3874
-53.3666
-53.2888
-52.7837
-52.5804
-52.6633
-52.7951
-52.9087
-52.9922
-53.0501
-53.0905
-53.1209
-53.1471
-53.1761
-53.208
-53.2441
-53.2881
-53.3477
-53.4357
-53.464
-53.4717
-53.4749
-53.4786
-53.4842
-53.4928
-53.5044
-53.5181
-53.534
-53.552
-53.5128
-53.4825
-53.4713
-53.4702
-53.4744
-53.4817
-53.4912
-53.5025
-53.5154
-53.5297
-53.5454
-53.5626
-53.5814
-53.602
-53.6244
-53.6488
-53.6755
-53.705
-53.7394
-53.7782
-53.8228
-53.8743
-53.9293
-53.9857
-54.0448
-54.109
-54.18
-54.2645
-54.3706
-54.4927
-54.6205
-54.7505
-54.8821
-55.0181
-55.1627
-55.3179
-55.4901
-55.689
-55.919
-56.1762
-56.442
-56.7129
-56.9912
-57.2766
-57.573
-57.8848
-58.2204
-58.5856
-58.9896
-59.436
-59.8934
-60.3486
-60.8043
-61.2581
-61.7097
-62.1633
-62.6282
-63.1126
-63.629
-64.1763
-64.7363
-65.274
-65.7869
-66.2757
-66.7413
-67.1831
-67.6071
-68.026
-68.4502
-68.8826
-69.32
-69.7406
-70.1261
-70.4768
-70.7941
-71.0828
-71.345
-71.5873
-71.8227
-72.0563
-72.2894
-72.5167
-72.7307
-72.9205
-73.0875
-73.2316
-73.3587
-73.4698
-73.5692
-73.6657
-73.7618
-73.8576
-73.949
-74.0367
-74.1149
-74.1826
-74.2384
-74.2843
-74.3235
-74.357
-74.389
-74.4219
-74.4565
-74.4895
-74.5226
-74.5537
-74.5807
-74.6033
-74.6192
-74.6293
-74.637
-74.6441
-74.6522
-74.6626
-74.674
-74.6848
-74.698
-74.7098
-74.7202
-74.7291
-74.7327
-74.732
-74.7304
-74.7299
-74.7302
-74.7329
-74.7356
-74.7384
-74.7436
-74.7489
-74.7521
-74.7571
-74.759
-74.7565
-74.7532
-74.7493
-74.7472
-74.7481
-74.7485
-74.7478
-74.7488
-74.7518
-74.7543
-74.7547
-74.7571
-74.7579
-74.7561
-74.7529
-74.7482
-74.7453
-74.7446
-74.7431
-74.7409
-74.7408
-74.7429
-74.7447
-74.7439
-74.744
-74.7472
-74.7491
-74.7469
-74.7431
-74.7395
-74.7369
-74.7344
-74.7323
-74.7303
-74.7315
-74.7333
-74.7329
-74.7313
-74.7318
-74.7352
-74.7369
-74.7345
-74.7312
-74.7287
-74.7243
-74.7196
-74.7176
-74.7165
-74.7182
-74.7202
-74.7206
-74.7196
-74.7209
-74.7225
-74.7241
-74.724
-74.7225
-74.7195
-74.7165
-74.7103
-74.7054
-74.7028
-74.7022
-74.7035
-74.7048
-74.7058
-74.7067
-74.708
-74.7082
-74.7079
-74.7094
-74.7087
-74.706
-74.7022
-74.6985
-74.694
-74.6893
-74.6864
-74.6879
-74.6901
-74.6936
-74.6966
-74.6974
-74.6964
-74.6951
-74.6943
-74.6956
-74.6951
-74.692
-74.6881
-74.6832
-74.6784
-74.6716
-74.6664
-74.6664
-74.6717
-74.6764
-74.6812
-74.6828
-74.6819
-74.6801
-74.6791
-74.678
-74.6782
-74.6792
-74.6779
-74.6724
-74.6668
-74.6607
-74.655
-74.6507
-74.6503
-74.6572
-74.6629
-74.6654
-74.6671
-74.6679
-74.668
-74.6666
-74.6643
-74.6628
-74.66
-74.6585
-74.6572
-74.6525
-74.6452
-74.6369
-74.6302
-74.6282
-74.6315
-74.6369
-74.6434
-74.6455
-74.645
-74.646
-74.6489
-74.6514
-74.6506
-74.6499
-74.6471
-74.6424
-74.6384
-74.6356
-74.6334
-74.6296
-74.6219
-74.613
-74.6075
-74.6088
-74.6139
-74.6203
-74.6267
-74.6271
-74.6253
-74.6261
-74.6291
-74.6327
-74.6328
-74.6295
-74.6247
-74.6187
-74.6132
-74.6077
-74.6053
-74.6037
-74.6022
-74.5991
-74.5939
-74.5861
-74.5803
-74.579
-74.5841
-74.5949
-74.6027
-74.6047
-74.6048
-74.6052
-74.6083
-74.6121
-74.6129
-74.6081
-74.5998
-74.5932
-74.5887
-74.5845
-74.5808
-74.5779
-74.5781
-74.5787
-74.5773
-74.5711
-74.562
-74.5532
-74.5485
-74.5459
-74.5508
-74.5647
-74.5782
-74.5839
-74.5834
-74.5785
-74.5786
-74.5785
-74.5784
-74.5738
-74.566
-74.5597
-74.5548
-74.5517
-74.5495
-74.5482
-74.5463
-74.544
-74.5428
-74.5395
-74.5332
-74.5238
-74.5152
-74.5136
-74.513
-74.5154
-74.5177
-74.5243
-74.5345
-74.5433
-74.5489
-74.5507
-74.5497
-74.5483
-74.5461
-74.5418
-74.5367
-74.5326
-74.5269
-74.5257
-74.5229
-74.5209
-74.5183
-74.513
-74.5066
-74.4983
-74.4903
-74.4854
-74.4795
-74.4753
-74.4722
-74.474
-74.4766
-74.4795
-74.4835
-74.4839
-74.4848
-74.4838
-74.4825
-74.4863
-74.4921
-74.4949
-74.4977
-74.4993
-74.4983
-74.4969
-74.4929
-74.4886
-74.4851
-74.4815
-74.4808
-74.4791
-74.4719
-74.4632
-74.4552
-74.445
-74.4318
-74.4169
-74.4081
-74.406
-74.4061
-74.4099
-74.411
-74.413
-74.4169
-74.4208
-74.4261
-74.4288
-74.4275
-74.4242
-74.4235
-74.4229
-74.4239
-74.424
-74.4213
-74.4188
-74.4214
-74.4246
-74.4326
-74.4394
-74.4445
-74.45
-74.4517
-74.4498
-74.4422
-74.4318
-74.4183
-74.4067
-74.3974
-74.3871
-74.3761
-74.3647
-74.3522
-74.3427
-74.3365
-74.3325
-74.3277
-74.3219
-74.313
-74.3068
-74.3096
-74.3168
-74.3258
-74.3341
-74.3444
-74.3501
-74.353
-74.3556
-74.3543
-74.3531
-74.3528
-74.3517
-74.3483
-74.3442
-74.3426
-74.3434
-74.3407
-74.3332
-74.3279
-74.3282
-74.336
-74.3434
-74.3479
-74.3557
-74.3606
-74.3577
-74.3504
-74.3388
-74.324
-74.3071
-74.2899
-74.2778
-74.2707
-74.2622
-74.2484
-74.2345
-74.2251
-74.2185
-74.2101
-74.1979
-74.191
-74.1873
-74.1798
-74.1703
-74.1614
-74.156
-74.1533
-74.1456
-74.1449
-74.1617
-74.1827
-74.2025
-74.2168
-74.229
-74.2397
-74.2475
-74.2483
-74.2429
-74.2411
-74.2416
-74.2387
-74.2285
-74.2193
-74.2136
-74.2122
-74.2135
-74.2171
-74.2216
-74.2246
-74.222
-74.2181
-74.2116
-74.1989
-74.185
-74.1722
-74.1659
-74.1675
-74.1712
-74.1728
-74.1712
-74.1645
-74.1531
-74.1422
-74.1351
-74.1252
-74.1143
-74.1003
-74.09
-74.0858
-74.082
-74.0825
-74.0814
-74.0726
-74.0568
-74.0365
-74.0198
-74.0027
-73.9818
-73.9602
-73.9421
-73.9286
-73.9141
-73.9075
-73.9066
-73.9123
-73.9232
-73.9375
-73.9462
-73.9441
-73.94
-73.9336
-73.922
-73.9188
-73.932
-73.9469
-73.9578
-73.9748
-73.9972
-74.0191
-74.0435
-74.0633
-74.0739
-74.0737
-74.0644
-74.0518
-74.0394
-74.0358
-74.0418
-74.0477
-74.0476
-74.0426
-74.032
-74.0154
-73.9986
-73.9854
-73.9759
-73.9792
-73.9913
-74.0026
-74.0079
-74.0139
-74.018
-74.0143
-74.0024
-73.9867
-73.9705
-73.9575
-73.9459
-73.9391
-73.936
-73.9268
-73.911
-73.8975
-73.8868
-73.8761
-73.8614
-73.8505
-73.8403
-73.8279
-73.8144
-73.7964
-73.7782
-73.7623
-73.7488
-73.7372
-73.7272
-73.7309
-73.736
-73.7326
-73.7339
-73.7386
-73.7374
-73.7331
-73.7225
-73.706
-73.6886
-73.6768
-73.6656
-73.6498
-73.6295
-73.6067
-73.5877
-73.5688
-73.5548
-73.5487
-73.546
-73.5388
-73.5362
-73.5372
-73.5375
-73.5335
-73.5288
-73.5207
-73.5136
-73.5024
-73.491
-73.4833
-73.4773
-73.4662
-73.4551
-73.4525
-73.4471
-73.4428
-73.4449
-73.4416
-73.4312
-73.4213
-73.4112
-73.4001
-73.392
-73.3891
-73.3904
-73.3903
-73.39
-73.3909
-73.3875
-73.3774
-73.363
-73.3599
-73.3584
-73.3505
-73.3367
-73.3184
-73.297
-73.2734
-73.2483
-73.2221
-73.1951
-73.1674
-73.1394
-73.111
-73.0825
-73.0556
-73.0564
-73.0666
-73.0691
-73.0715
-73.0984
-73.1479
-73.1888
-73.2197
-73.2406
-73.2559
-73.2609
-73.2568
-73.2462
-73.2317
-73.2226
-73.2136
-73.2003
-73.1858
-73.1771
-73.1665
-73.1516
-73.1349
-73.1308
-73.133
-73.1378
-73.1396
-73.1386
-73.1391
-73.1341
-73.123
-73.1074
-73.0885
-73.0722
-73.0627
-73.051
-73.0354
-73.0259
-73.0306
-73.0327
-73.0274
-73.0159
-73.0001
-72.9812
-72.9603
-72.9379
-72.9144
-72.8903
-72.8655
-72.8405
-72.8151
-72.794
-72.7834
-72.7725
-72.758
-72.7404
-72.7206
-72.6993
-72.6771
-72.6543
-72.631
-72.6074
-72.5838
-72.56
-72.5363
-72.5126
-72.489
-72.4655
-72.4421
-72.4241
-72.4188
-72.4133
-72.4037
-72.3959
-72.3982
-72.3983
-72.393
-72.3831
-72.3701
-72.3548
-72.3381
-72.3203
-72.3018
-72.2828
-72.2635
-72.244
-72.2244
-72.2047
-72.185
-72.1653
-72.1457
-72.1262
-72.1068
-72.0875
-72.0684
-72.0494
-72.0306
-72.0181
-72.0207
-72.0229
-72.0202
-72.0133
-72.0032
-71.9912
-71.9777
-71.9633
-71.9483
-71.9328
-71.9171
-71.9012
-71.8852
-71.8692
-71.8532
-71.8372
-71.8213
-71.8054
-71.7897
-71.7741
-71.7586
-71.7432
-71.728
-71.7129
-71.698
-71.6832
-71.6686
-71.6542
-71.6399
-71.6257
-71.6117
-71.5979
-71.5842
-71.5707
-71.5573
-71.5441
-71.5311
-71.5182
-71.5055
-71.4929
-71.4804
-71.4682
-71.456
-71.444
-71.4322
-71.4205
-71.4089
-71.3975
-71.3862
-71.3751
-71.3641
-71.3532
-71.3425
-71.3319
-71.3215
-71.3112
-71.301
-71.2909
-71.281
-71.2712
-71.2615
-71.2519
-71.2425
-71.2332
-71.224
-71.2149
-71.206
-71.1971
-71.1884
-71.1798
-71.1713
-71.1629
-71.1546
-71.1464
-71.1383
-71.1304
-71.1225
-71.1147
-71.1071
-71.0995
-71.092
-71.0847
-71.0774
-71.0702
-71.0632
-71.0562
-71.0493
-71.0425
-71.0358
-71.0292
-71.0226
-71.0162
-71.0098
-71.0036
-70.9974
-70.9913
-70.9853
-70.9793
-70.9735
-70.9677
-70.962
-70.9564
-70.9508
-70.9453
-70.9399
-70.9346
-70.9294
-70.9242
-70.9191
-70.9141
-70.9091
-70.9042
-70.8994
-70.8946
-70.89
-70.8853
-70.8808
-70.8763
-70.8718
-70.8675
-70.8632
-70.8589
-70.8547
-70.8506
-70.8466
-70.8426
-70.8386
-70.8347
-70.8309
-70.8271
-70.8234
-70.8197
-70.8161
-70.8125
-70.809
-70.8056
-70.8022
-70.7988
-70.7955
-70.7923
-70.7891
-70.7859
-70.7828
-70.7797
-70.7767
-70.7737
-70.7708
-70.7679
-70.7651
-70.7623
-70.7595
-70.7568
-70.7542
-70.7515
-70.749
-70.7464
-70.7439
-70.7415
-70.739
-70.7366
-70.7343
-70.732
-70.7297
-70.7275
-70.7253
-70.7231
-70.721
-70.7189
-70.7168
-70.7148
-70.7128
-70.7108
-70.7089
-70.707
-70.7051
-70.7033
-70.7015
-70.6997
-70.698
-70.6963
-70.6946
-70.6929
-70.6913
-70.6897
-70.6882
-70.6866
-70.6851
-70.6836
-70.6821
-70.6807
-70.6793
-70.6779
-70.6766
-70.6752
-70.6739
-70.6726
-70.6714
-70.6701
-70.6689
-70.6677
-70.6665
-70.6654
-70.6643
-70.6632
-70.6621
-70.661
-70.66
-70.6589
-70.6579
-70.657
-70.656
-70.655
-70.6541
-70.6532
-70.6523
-70.6515
-70.6506
-70.6498
-70.6489
-70.6481
-70.6474
-70.6466
-70.6458
-70.6451
-70.6444
-70.6437
-70.643
-70.6423
-70.6417
-70.641
-70.6404
-70.6398
-70.6392
-70.6386
-70.638
-70.6375
-70.6369
-70.6364
-70.6359
-70.6354
-70.6349
-70.6344
-70.634
-70.6335
-70.6331
-70.6326
-70.6322
-70.6318
-70.6314
-70.631
-70.6306
-70.6303
-70.6299
-70.6296
-70.6292
-70.6289
-70.6286
-70.6283
-70.628
-70.6277
-70.6274
-70.6272
-70.6269
-70.6267
-70.6264
-70.6262
-70.626
-70.6258
-70.6255
-70.6253
-70.6252
-70.625
-70.6248
-70.6246
-70.6245
-70.6243
-70.6242
-70.624
-70.6239
-70.6238
-70.6236
-70.6235
-70.6234
-70.6233
-70.6232
-70.6231
-70.6231
-70.623
-70.6229
-70.6228
-70.6228
-70.6227
-70.6227
-70.6226
-70.6226
-70.6226
-70.6225
-70.6225
-70.6225
-70.6225
-70.6225
-70.6225
-70.6225
-70.6225
-70.6225
-70.6225
-70.6225
-70.6225
-70.6226
-70.6226
-70.6226
-70.6227
-70.6227
-70.6227
-70.6228
-70.6228
-70.6229
-70.6229
-70.623
-70.6231
-70.6231
-70.6232
-70.6233
-70.6234
-70.6234
-70.6235
-70.6236
-70.6237
-70.6238
-70.6239
-70.624
-70.6241
-70.6242
-70.6243
-70.6244
-70.6245
-70.6246
-70.6247
-70.6248
-70.6249
-70.625
-70.6251
-70.6253
-70.6254
-70.6255
-70.6256
-70.6258
-70.6259
-70.626
-70.6261
-70.6263
-70.6264
-70.6265
-70.6267
-70.6268
-70.627
-70.6271
-70.6272
-70.6274
-70.6275
-70.6277
-70.6278
-70.628
-70.6281
-70.6283
-70.6284
-70.6286
-70.6287
-70.6289
-70.629
-70.6292
-70.6293
-70.6295
-70.6296
-70.6298
-70.63
-70.6301
-70.6303
-70.6304
-70.6306
-70.6307
-70.6309
-70.6311
-70.6312
-70.6314
-70.6316
-70.6317
-70.6319
-70.632
-70.6322
-70.6324
-70.6325
-70.6327
-70.6329
-70.633
-70.6332
-70.6334
-70.6335
-70.6337
-70.6338
-70.634
-70.6342
-70.6343
-70.6345
-70.6347
-70.6348
-70.635
-70.6352
-70.6353
-70.6355
-70.6357
-70.6358
-70.636
-70.6362
-70.6363
-70.6365
-70.6366
-70.6368
-70.637
-70.6371
-70.6373
-70.6375
-70.6376
-70.6378
-70.6379
-70.6381
-70.6383
-70.6384
-70.6386
-70.6387
-70.6389
-70.6391
-70.6392
-70.6394
-70.6395
-70.6397
-70.6398
-70.64
-70.6402
-70.6403
-70.6405
-70.6406
-70.6408
-70.6409
-70.6411
-70.6412
-70.6414
-70.6415
-70.6417
-70.6418
-70.642
-70.6421
-70.6423
-70.6424
-70.6426
-70.6427
-70.6429
-70.643
-70.6432
-70.6433
-70.6435
-70.6436
-70.6437
-70.6439

