-70
-70.1661
-70.23
-70.2566
-70.2695
-70.2773
-70.283
-70.2879
-70.2925
-70.297
-70.3014
-70.3057
-70.31
-70.3142
-70.3185
-70.3226
-70.3268
-70.3309
-70.335
-70.3391
-70.3431
-70.3471
-70.351
-70.3549
-70.3588
-70.3626
-70.3664
-70.3701
-70.3738
-70.3775
-70.3811
-70.3847
-70.3883
-70.3918
-70.3953
-70.3987
-70.4021
-70.4055
-70.4088
-70.4121
-70.4154
-70.4186
-70.4218
-70.4249
-70.428
-70.4311
-70.4341
-70.4372
-70.4401
-70.4431
-70.446
-70.4489
-70.4517
-70.4545
-70.4573
-70.4601
-70.4628
-70.4655
-70.4682
-70.4708
-70.4734
-70.476
-70.4785
-70.481
-70.4835
-70.486
-70.4884
-70.4908
-70.4932
-70.4955
-70.4978
-70.5001
-70.5024
-70.5046
-70.5068
-70.509
-70.5112
-70.5133
-70.5154
-70.5175
-70.5196
-70.5216
-70.5236
-70.5256
-70.5276
-70.5295
-70.5315
-70.5334
-70.5352
-70.5371
-70.5389
-70.5407
-70.5425
-70.5443
-70.5461
-70.5478
-70.5495
-70.5512
-70.5528
-70.5545
-70.5561
-70.5577
-70.5593
-70.5609
-70.5624
-70.5639
-70.5655
-70.5669
-70.5684
-70.5699
-70.5713
-70.5727
-70.5741
-70.5755
-70.5769
-70.5782
-70.5796
-70.5809
-70.5822
-70.5835
-70.5848
-70.586
-70.5873
-70.5885
-70.5897
-70.5909
-70.5921
-70.5932
-70.5944
-70.5955
-70.5966
-70.5977
-70.5988
-70.5999
-70.601
-70.602
-70.603
-70.6041
-70.6051
-70.6061
-70.6071
-70.608
-70.609
-70.6099
-70.6109
-70.6118
-70.6127
-70.6136
-70.6145
-70.6154
-70.6162
-70.6171
-70.6179
-70.6187
-70.6196
-70.6204
-70.6212
-70.622
-70.6227
-70.6235
-70.6242
-70.625
-70.6257
-70.6265
-70.6272
-70.6279
-70.6286
-70.6293
-70.6299
-70.6306
-70.6313
-70.6319
-70.6325
-70.6332
-70.6338
-70.6344
-70.635
-70.6356
-70.6362
-70.6368
-70.6374
-70.6379
-70.6385
-70.639
-70.6396
-70.6401
-70.6406
-70.6411
-70.6417
-70.6422
-70.6427
-70.6431
-70.6436
-70.6441
-70.6446
-70.645
-70.6455
-70.6459
-70.6464
-70.6468
-70.6472
-70.6476
-70.6481
-70.6485
-70.6489
-70.6493
-70.6497
-70.65
-70.6504
-70.6508
-70.6512
-70.6515
-70.6519
-70.6522
-70.6526
-70.6529
-70.6533
-70.6536
-70.6539
-70.6542
-70.6545
-70.6549
-70.6552
-70.6555
-70.6558
-70.656
-70.6563
-70.6566
-70.6569
-70.6572
-70.6574
-70.6577
-70.658
-70.6582
-70.6585
-70.6587
-70.6589
-70.6592
-70.6594
-70.6597
-70.6599
-70.6601
-70.6603
-70.6605
-70.6607
-70.661
-70.6612
-70.6614
-70.6616
-70.6617
-70.6619
-70.6621
-70.6623
-70.6625
-70.6627
-70.6628
-70.663
-70.6632
-70.6633
-70.6635
-70.6637
-70.6638
-70.664
-70.6641
-70.6643
-70.6644
-70.6646
-70.6647
-70.6648
-70.665
-70.6651
-70.6652
-70.6653
-70.6655
-70.6656
-70.6657
-70.6658
-70.6659
-70.666
-70.6662
-70.6663
-70.6664
-70.6665
-70.6666
-70.6667
-70.6668
-70.6669
-70.667
-70.667
-70.6671
-70.6672
-70.6673
-70.6674
-70.6675
-70.6675
-70.6676
-70.6677
-70.6678
-70.6678
-70.6679
-70.668
-70.668
-70.6681
-70.6682
-70.6682
-70.6683
-70.6683
-70.6684
-70.6685
-70.6685
-70.6686
-70.6686
-70.6687
-70.6687
-70.6688
-70.6688
-70.6688
-70.6689
-70.6689
-70.669
-70.669
-70.669
-70.6691
-70.6691
-70.6691
-70.6692
-70.6692
-70.6692
-70.6693
-70.6693
-70.6693
-70.6694
-70.6694
-70.6694
-70.6694
-70.6694
-70.6695
-70.6695
-70.6695
-70.6695
-70.6695
-70.6696
-70.6696
-70.6696
-70.6696
-70.6696
-70.6696
-70.6696
-70.6697
-70.6697
-70.6697
-70.6697
-70.6697
-70.6697
-70.6697
-70.6697
-70.6697
-70.6697
-70.6697
-70.6697
-70.6697
-70.6697
-70.6697
-70.6697
-70.6697
-70.6697
-70.6697
-70.6697
-70.6697
-70.6697
-70.6697
-70.6697
-70.6697
-70.6697
-70.6697
-70.6697
-70.6697
-70.6697
-70.6697
-70.6697
-70.6697
-70.6697
-70.6697
-70.6696
-70.6696
-70.6696
-70.6696
-70.6696
-70.6696
-70.6696
-70.6696
-70.6696
-70.6695
-70.6695
-70.6695
-70.6695
-70.6695
-70.6695
-70.6695
-70.6695
-70.6694
-70.6694
-70.6694
-70.6694
-70.6694
-70.6694
-70.6693
-70.6693
-70.6693
-70.6693
-70.6693
-70.6693
-70.6693
-70.6692
-70.6692
-70.6692
-70.6692
-70.6692
-70.6691
-70.6691
-70.6691
-70.6691
-70.6691
-70.6691
-70.669
-70.669
-70.669
-70.669
-70.669
-70.6689
-70.6689
-70.6689
-70.6689
-70.6689
-70.6688
-70.6688
-70.6688
-70.6688
-70.6688
-70.6687
-70.6687
-70.6687
-70.6687
-70.6686
-70.6686
-70.6686
-70.6686
-70.6686
-70.6685
-70.6685
-70.6685
-70.6685
-70.6685
-70.6684
-70.6684
-70.6684
-70.6684
-70.6684
-70.6683
-70.6683
-70.6683
-70.6683
-70.6682
-70.6682
-70.6682
-70.6682
-70.6682
-70.6681
-70.6681
-70.6681
-70.6681
-70.6681
-70.6712
-70.8196
-71.5349
-72.534
-73.3177
-73.8054
-74.0554
-74.1785
-74.2397
-74.2702
-74.2912
-74.3319
-74.4083
-74.4869
-74.5518
-74.589
-74.605
-74.6092
-74.6064
-74.6002
-74.5927
-74.5977
-74.6281
-74.6653
-74.698
-74.7172
-74.7221
-74.7182
-74.7092
-74.697
-74.6827
-74.6679
-74.6524
-74.6354
-74.6176
-74.599
-74.5787
-74.5565
-74.5328
-74.5076
-74.4812
-74.4537
-74.4252
-74.3959
-74.3657
-74.3348
-74.3033
-74.2712
-74.2386
-74.2055
-74.1721
-74.1384
-74.1045
-74.0703
-74.036
-74.0016
-73.9672
-73.9327
-73.8983
-73.8639
-73.8296
-73.7954
-73.7613
-73.7274
-73.6936
-73.6601
-73.6267
-73.5935
-73.5606
-73.5279
-73.4955
-73.4633
-73.4314
-73.3997
-73.3683
-73.3372
-73.3064
-73.2758
-73.2456
-73.2155
-73.1858
-73.1564
-73.1272
-73.0983
-73.0697
-73.0414
-73.0134
-72.9856
-72.9581
-72.9309
-72.9039
-72.8773
-72.8509
-72.8247
-72.7988
-72.7732
-72.7479
-72.7228
-72.6979
-72.6734
-72.649
-72.625
-72.6011
-72.5775
-72.5542
-72.5311
-72.5083
-72.4857
-72.4633
-72.4412
-72.4193
-72.3976
-72.3762
-72.355
-72.334
-72.3133
-72.2928
-72.2725
-72.2524
-72.2325
-72.2129
-72.1934
-72.1742
-72.1552
-72.1364
-72.1178
-72.0994
-72.0812
-72.0632
-72.0454
-72.0278
-72.0103
-71.9931
-71.9761
-71.9592
-71.9426
-71.9261
-71.9098
-71.8936
-71.8777
-71.8619
-71.8463
-71.8309
-71.8157
-71.8006
-71.7857
-71.7709
-71.7563
-71.7419
-71.7277
-71.7136
-71.6996
-71.6858
-71.6754
-71.6816
-71.6897
-71.693
-71.6917
-71.6871
-71.6802
-71.6717
-71.667
-71.6782
-71.6896
-71.7042
-71.7181
-71.7258
-71.7279
-71.7259
-71.721
-71.7141
-71.7064
-71.7174
-71.7432
-71.7647
-71.7865
-71.8026
-71.8109
-71.8133
-71.8116
-71.8206
-71.8359
-71.8524
-71.8795
-71.9014
-71.9158
-71.9316
-71.9433
-71.9484
-71.9482
-71.9477
-71.9535
-71.9574
-71.9678
-71.9866
-72
-72.0065
-72.0158
-72.0237
-72.0262
-72.0241
-72.0253
-72.0288
-72.0293
-72.0367
-72.0523
-72.0637
-72.0681
-72.0702
-72.0765
-72.0798
-72.0785
-72.0811
-72.0846
-72.0843
-72.0878
-72.0992
-72.1108
-72.1163
-72.1159
-72.1153
-72.1192
-72.1202
-72.1239
-72.1287
-72.1292
-72.1293
-72.1339
-72.1439
-72.1521
-72.1545
-72.1516
-72.1468
-72.1481
-72.1511
-72.1584
-72.1626
-72.1615
-72.1633
-72.1667
-72.1732
-72.1802
-72.182
-72.1788
-72.1718
-72.1676
-72.1723
-72.1817
-72.1866
-72.1857
-72.1866
-72.1898
-72.191
-72.1967
-72.2002
-72.1986
-72.1928
-72.1841
-72.1797
-72.1902
-72.199
-72.2015
-72.2009
-72.2048
-72.2064
-72.2066
-72.2112
-72.2127
-72.2095
-72.2089
-72.2201
-72.2292
-72.234
-72.2408
-72.2439
-72.2464
-72.2505
-72.2507
-72.2462
-72.2383
-72.2309
-72.2325
-72.2405
-72.2469
-72.2556
-72.2603
-72.2666
-72.2717
-72.2717
-72.2669
-72.2586
-72.2479
-72.2386
-72.236
-72.2364
-72.2441
-72.2559
-72.2641
-72.2742
-72.2802
-72.2802
-72.2753
-72.2669
-72.2668
-72.3445
-72.4959
-72.6944
-72.8902
-73.0613
-73.1946
-73.2818
-73.3376
-73.3732
-73.4479
-73.6128
-73.8188
-74.0117
-74.1571
-74.2523
-74.3076
-74.3366
-74.3479
-74.3613
-74.4051
-74.4715
-74.5399
-74.5934
-74.6287
-74.6487
-74.6561
-74.6543
-74.6465
-74.6414
-74.6505
-74.6699
-74.6936
-74.7143
-74.728
-74.7338
-74.7336
-74.7284
-74.7194
-74.7102
-74.7074
-74.7106
-74.7205
-74.7332
-74.743
-74.7472
-74.7468
-74.7423
-74.7331
-74.7219
-74.715
-74.713
-74.7156
-74.7256
-74.7362
-74.7445
-74.7472
-74.7453
-74.7397
-74.7301
-74.7201
-74.714
-74.7123
-74.7148
-74.7231
-74.7318
-74.7388
-74.7416
-74.7396
-74.7347
-74.7274
-74.7195
-74.7146
-74.7131
-74.7141
-74.7194
-74.7264
-74.7318
-74.7349
-74.7341
-74.7303
-74.7253
-74.719
-74.7142
-74.7126
-74.7119
-74.7136
-74.7177
-74.7225
-74.7266
-74.728
-74.7266
-74.7226
-74.7183
-74.7145
-74.7123
-74.7111
-74.7099
-74.7106
-74.7135
-74.7165
-74.7189
-74.719
-74.7186
-74.7174
-74.7133
-74.7111
-74.7099
-74.7091
-74.7084
-74.7077
-74.7075
-74.7081
-74.7091
-74.7092
-74.7085
-74.7095
-74.7082
-74.7059
-74.7073
-74.708
-74.707
-74.7054
-74.7029
-74.7023
-74.7015
-74.7016
-74.7017
-74.7016
-74.702
-74.7018
-74.7015
-74.7023
-74.7034
-74.703
-74.7006
-74.696
-74.693
-74.6905
-74.689
-74.6918
-74.6939
-74.6948
-74.6951
-74.6962
-74.6976
-74.6984
-74.6998
-74.6992
-74.6947
-74.6896
-74.6859
-74.683
-74.6825
-74.6845
-74.6855
-74.6847
-74.6859
-74.6888
-74.6902
-74.6902
-74.6899
-74.689
-74.6852
-74.6808
-74.6774
-74.675
-74.6754
-74.6763
-74.6764
-74.6767
-74.6779
-74.682
-74.6854
-74.686
-74.6855
-74.6829
-74.6796
-74.6751
-74.6721
-74.6694
-74.6678
-74.6678
-74.6667
-74.6644
-74.6636
-74.6651
-74.6689
-74.6731
-74.675
-74.6766
-74.6741
-74.6688
-74.6647
-74.6606
-74.6591
-74.6602
-74.6603
-74.6601
-74.6584
-74.656
-74.6562
-74.6586
-74.6622
-74.666
-74.6679
-74.668
-74.6645
-74.6592
-74.6536
-74.6485
-74.6485
-74.6496
-74.6478
-74.6449
-74.6433
-74.6419
-74.6412
-74.6429
-74.6472
-74.6506
-74.6535
-74.6563
-74.6567
-74.6538
-74.6464
-74.6408
-74.6365
-74.634
-74.634
-74.6335
-74.6308
-74.6302
-74.6312
-74.6323
-74.6343
-74.6357
-74.6381
-74.6399
-74.6397
-74.6415
-74.6442
-74.6423
-74.6366
-74.632
-74.6275
-74.6216
-74.6155
-74.6121
-74.6097
-74.6064
-74.6052
-74.6093
-74.615
-74.6213
-74.6239
-74.6244
-74.6262
-74.6263
-74.6259
-74.6252
-74.6255
-74.6235
-74.6193
-74.6162
-74.6103
-74.6017
-74.5931
-74.5889
-74.5848
-74.5816
-74.5809
-74.5842
-74.5914
-74.6015
-74.6074
-74.6098
-74.6118
-74.6116
-74.6104
-74.6103
-74.611
-74.6095
-74.6057
-74.6011
-74.5958
-74.5885
-74.5813
-74.5742
-74.567
-74.5613
-74.5575
-74.5542
-74.5533
-74.5596
-74.5687
-74.5761
-74.5836
-74.5889
-74.5922
-74.5924
-74.5907
-74.5912
-74.5927
-74.5929
-74.5873
-74.5789
-74.5718
-74.5651
-74.5583
-74.5516
-74.5469
-74.5415
-74.5373
-74.5329
-74.525
-74.518
-74.517
-74.5231
-74.5311
-74.5406
-74.5512
-74.5583
-74.5625
-74.5643
-74.5654
-74.5682
-74.5683
-74.5675
-74.5652
-74.5606
-74.5517
-74.54
-74.5316
-74.5248
-74.5189
-74.5133
-74.5092
-74.5047
-74.5007
-74.4997
-74.4994
-74.4987
-74.4973
-74.4973
-74.4968
-74.5005
-74.5088
-74.52
-74.5326
-74.537
-74.5368
-74.5355
-74.5335
-74.5304
-74.5283
-74.524
-74.5181
-74.5124
-74.5065
-74.4999
-74.4927
-74.4838
-74.472
-74.4652
-74.4615
-74.4572
-74.4492
-74.4451
-74.4459
-74.4518
-74.458
-74.4598
-74.4562
-74.4543
-74.4556
-74.4585
-74.4654
-74.4695
-74.4731
-74.4811
-74.4856
-74.4865
-74.4837
-74.4797
-74.4778
-74.4763
-74.4698
-74.4578
-74.442
-74.4297
-74.4252
-74.4258
-74.4252
-74.4218
-74.4135
-74.4009
-74.3931
-74.3888
-74.3897
-74.3918
-74.3937
-74.3992
-74.4019
-74.4048
-74.4101
-74.4131
-74.4158
-74.4185
-74.4215
-74.4254
-74.4307
-74.4367
-74.4418
-74.4416
-74.4369
-74.4305
-74.4236
-74.4172
-74.4094
-74.4046
-74.4052
-74.4075
-74.4053
-74.3977
-74.3863
-74.3759
-74.3638
-74.3489
-74.3335
-74.3217
-74.3178
-74.3184
-74.3154
-74.31
-74.3049
-74.3055
-74.309
-74.3102
-74.3122
-74.3173
-74.322
-74.3247
-74.3258
-74.3271
-74.3271
-74.3276
-74.3261
-74.3265
-74.3295
-74.3345
-74.3426
-74.3505
-74.3529
-74.3538
-74.3526
-74.3528
-74.3471
-74.3383
-74.3307
-74.3214
-74.3092
-74.2988
-74.2899
-74.2782
-74.2697
-74.2638
-74.2607
-74.2577
-74.2569
-74.2565
-74.2498
-74.241
-74.2269
-74.21
-74.1933
-74.1775
-74.1635
-74.1541
-74.1472
-74.1465
-74.1474
-74.1492
-74.15
-74.151
-74.1602
-74.1742
-74.1787
-74.1763
-74.173
-74.1765
-74.1792
-74.1831
-74.1854
-74.1881
-74.1921
-74.1945
-74.1963
-74.1981
-74.1986
-74.1991
-74.1971
-74.1916
-74.182
-74.1801
-74.184
-74.1887
-74.1943
-74.2018
-74.2042
-74.2019
-74.1959
-74.1912
-74.1853
-74.1741
-74.1605
-74.1487
-74.1414
-74.1367
-74.1356
-74.1349
-74.129
-74.1187
-74.1038
-74.0839
-74.0631
-74.0488
-74.0341
-74.0237
-74.0181
-74.0129
-74.0026
-73.9898
-73.9731
-73.956
-73.9399
-73.9285
-73.9301
-73.9326
-73.9299
-73.9217
-73.9138
-73.9077
-73.9002
-73.8942
-73.8928
-73.9007
-73.9153
-73.9257
-73.9301
-73.9344
-73.9352
-73.9347
-73.9424
-73.9517
-73.9561
-73.9556
-73.9523
-73.9544
-73.957
-73.9575
-73.9569
-73.9523
-73.9496
-73.9461
-73.9437
-73.9424
-73.9408
-73.9434
-73.944
-73.9388
-73.9344
-73.9293
-73.9329
-73.94
-73.9385
-73.928
-73.9145
-73.9107
-73.9115
-73.9168
-73.9302
-73.9393
-73.9384
-73.9369
-73.9308
-73.921
-73.9138
-73.9025
-73.8923
-73.8839
-73.8751
-73.867
-73.8664
-73.8722
-73.8824
-73.8852
-73.8782
-73.8658
-73.8586
-73.8624
-73.8668
-73.8719
-73.87
-73.8647
-73.8664
-73.8732
-73.8753
-73.873
-73.8637
-73.8479
-73.8275
-73.8037
-73.7822
-73.7619
-73.7441
-73.7275
-73.713
-73.6954
-73.6773
-73.6602
-73.64
-73.6165
-73.5903
-73.5636
-73.5424
-73.5215
-73.5045
-73.4875
-73.4792
-73.474
-73.4631
-73.4492
-73.4377
-73.4228
-73.4037
-73.3833
-73.368
-73.3512
-73.3309
-73.3125
-73.2977
-73.2853
-73.2821
-73.279
-73.2719
-73.2674
-73.2669
-73.2632
-73.2542
-73.248
-73.2412
-73.2391
-73.2416
-73.2394
-73.2301
-73.2152
-73.1966
-73.1857
-73.1851
-73.1807
-73.1724
-73.1674
-73.1591
-73.149
-73.1493
-73.1515
-73.1471
-73.1362
-73.1229
-73.1149
-73.1047
-73.0936
-73.0872
-73.0777
-73.0636
-73.0457
-73.0252
-73.0086
-72.9981
-72.9851
-72.9685
-72.9538
-72.9454
-72.9346
-72.9197
-72.9016
-72.881
-72.859
-72.8447
-72.8352
-72.8228
-72.8068
-72.7881
-72.7674
-72.7454
-72.7225
-72.6991
-72.6752
-72.6511
-72.6292
-72.6193
-72.6108
-72.5987
-72.5833
-72.5655
-72.546
-72.5254
-72.5041
-72.4824
-72.4603
-72.4381
-72.4158
-72.3934
-72.3712
-72.349
-72.3286
-72.3222
-72.3188
-72.3115
-72.3004
-72.2865
-72.2706
-72.2535
-72.2354
-72.2169
-72.198
-72.1788
-72.1595
-72.1402
-72.1209
-72.1016
-72.0824
-72.0634
-72.0444
-72.0255
-72.0069
-71.9883
-71.97
-71.9518
-71.9338
-71.916
-71.8983
-71.8871
-71.8912
-71.8948
-71.8935
-71.8879
-71.8792
-71.8684
-71.8562
-71.843
-71.8292
-71.8149
-71.8004
-71.7857
-71.7709
-71.7561
-71.7412
-71.7264
-71.7116
-71.6969
-71.6823
-71.6678
-71.6534
-71.6392
-71.625
-71.611
-71.5972
-71.5835
-71.5699
-71.5565
-71.5433
-71.5301
-71.5172
-71.5044
-71.4917
-71.4792
-71.4668
-71.4546
-71.4425
-71.4306
-71.4188
-71.4071
-71.3956
-71.3843
-71.3731
-71.362
-71.351
-71.3402
-71.3295
-71.319
-71.3086
-71.2984
-71.2882
-71.2782
-71.2683
-71.2586
-71.249
-71.2395
-71.2301
-71.2208
-71.2117
-71.2027
-71.1938
-71.185
-71.1763
-71.1677
-71.1593
-71.1509
-71.1427
-71.1346
-71.1266
-71.1187
-71.1108
-71.1031
-71.0955
-71.088
-71.0806
-71.0733
-71.0661
-71.059
-71.052
-71.045
-71.0382
-71.0315
-71.0248
-71.0183
-71.0118
-71.0054
-70.9991
-70.9929
-70.9868
-70.9807
-70.9747
-70.9689
-70.9631
-70.9573
-70.9517
-70.9461
-70.9407
-70.9352
-70.9299
-70.9246
-70.9195
-70.9143
-70.9093
-70.9043
-70.8994
-70.8946
-70.8898
-70.8851
-70.8805
-70.8759
-70.8714
-70.867
-70.8626
-70.8583
-70.854
-70.8499
-70.8457
-70.8417
-70.8377
-70.8337
-70.8298
-70.826
-70.8222
-70.8185
-70.8148
-70.8112
-70.8076
-70.8041
-70.8007
-70.7973
-70.7939
-70.7906
-70.7874
-70.7842
-70.781
-70.7779
-70.7749
-70.7719
-70.7689
-70.766
-70.7631
-70.7603
-70.7575
-70.7547
-70.752
-70.7494
-70.7468
-70.7442
-70.7417
-70.7392
-70.7367
-70.7343
-70.7319
-70.7296
-70.7273
-70.725
-70.7228
-70.7206
-70.7185
-70.7164
-70.7143
-70.7122
-70.7102
-70.7082
-70.7063
-70.7044
-70.7025
-70.7006
-70.6988
-70.697
-70.6953
-70.6936
-70.6919
-70.6902
-70.6886
-70.6869
-70.6854
-70.6838
-70.6823
-70.6808
-70.6793
-70.6779
-70.6765
-70.6751
-70.6737
-70.6724
-70.671
-70.6697
-70.6685
-70.6672
-70.666
-70.6648
-70.6636
-70.6625
-70.6613
-70.6602
-70.6591
-70.6581
-70.657
-70.656
-70.655
-70.654
-70.6531
-70.6521
-70.6512
-70.6503
-70.6494
-70.6485
-70.6477
-70.6468
-70.646
-70.6452
-70.6444
-70.6437
-70.6429
-70.6422
-70.6415
-70.6408
-70.6401
-70.6394
-70.6388
-70.6382
-70.6375
-70.6369
-70.6363
-70.6358
-70.6352
-70.6346
-70.6341
-70.6336
-70.6331
-70.6326
-70.6321
-70.6316
-70.6311
-70.6307
-70.6303
-70.6298
-70.6294
-70.629
-70.6286
-70.6283
-70.6279
-70.6275
-70.6272
-70.6269
-70.6265
-70.6262
-70.6259
-70.6256
-70.6253
-70.6251
-70.6248
-70.6245
-70.6243
-70.624
-70.6238
-70.6236
-70.6234
-70.6232
-70.623
-70.6228
-70.6226
-70.6224
-70.6223
-70.6221
-70.622
-70.6218
-70.6217
-70.6215
-70.6214
-70.6213
-70.6212
-70.6211
-70.621
-70.6209
-70.6208
-70.6207
-70.6207
-70.6206
-70.6206
-70.6205
-70.6204
-70.6204
-70.6204
-70.6203
-70.6203
-70.6203
-70.6203
-70.6203
-70.6203
-70.6203
-70.6203
-70.6203
-70.6203
-70.6203
-70.6203
-70.6203
-70.6204
-70.6204
-70.6204
-70.6205
-70.6205
-70.6206
-70.6206
-70.6207
-70.6207
-70.6208
-70.6209
-70.6209
-70.621
-70.6211
-70.6211
-70.6212
-70.6213
-70.6214
-70.6215
-70.6216
-70.6217
-70.6218
-70.6219
-70.622
-70.6221
-70.6222
-70.6223
-70.6224
-70.6225
-70.6226
-70.6228
-70.6229
-70.623
-70.6231
-70.6233
-70.6234
-70.6235
-70.6236
-70.6238
-70.6239
-70.6241
-70.6242
-70.6243
-70.6245
-70.6246
-70.6248
-70.6249
-70.6251
-70.6252
-70.6254
-70.6255
-70.6257
-70.6258
-70.626
-70.6261
-70.6263
-70.6264
-70.6266
-70.6268
-70.6269
-70.6271
-70.6272
-70.6274
-70.6276
-70.6277
-70.6279
-70.6281
-70.6282
-70.6284
-70.6286
-70.6287
-70.6289
-70.6291
-70.6292
-70.6294
-70.6296
-70.6297
-70.6299
-70.6301
-70.6303
-70.6304
-70.6306
-70.6308
-70.6309
-70.6311
-70.6313
-70.6315
-70.6316
-70.6318
-70.632
-70.6322
-70.6323
-70.6325
-70.6327
-70.6328
-70.633
-70.6332
-70.6334
-70.6335
-70.6337
-70.6339
-70.6341
-70.6342
-70.6344
-70.6346
-70.6348
-70.6349
-70.6351
-70.6353
-70.6354
-70.6356
-70.6358
-70.636
-70.6361
-70.6363
-70.6365
-70.6366
-70.6368
-70.637
-70.6371
-70.6373
-70.6375
-70.6376
-70.6378
-70.638
-70.6381
-70.6383
-70.6385
-70.6386
-70.6388
-70.639
-70.6391
-70.6393
-70.6395
-70.6396
-70.6398
-70.6399
-70.6401
-70.6403
-70.6404
-70.6406
-70.6407
-70.6409
-70.641
-70.6412
-70.6414
-70.6415
-70.6417
-70.6418
-70.642
-70.6421
-70.6423
-70.6424
-70.6426
-70.6427
-70.6429
-70.643
-70.6432
-70.6433
-70.6435
-70.6436
-70.6438
-70.6439
-70.6441
-70.6442
-70.6444
-70.6445
-70.6446
-70.6448
-70.6449
-70.6451
-70.6452
-70.6453
-70.6455
-70.6456
-70.6458
-70.6459
-70.646
-70.6462
-70.6463
-70.6464
-70.6466
-70.6467

