-70
-70.1661
-70.23
-70.2566
-70.2695
-70.2773
-70.283
-70.2879
-70.2925
-70.297
-70.3014
-70.3057
-70.31
-70.3142
-70.3185
-70.3226
-70.3268
-70.3309
-70.335
-70.3391
-70.3431
-70.3471
-70.351
-70.3549
-70.3588
-70.3626
-70.3664
-70.3701
-70.3738
-70.3775
-70.3811
-70.3847
-70.3883
-70.3918
-70.3953
-70.3987
-70.4021
-70.4055
-70.4088
-70.4121
-70.4154
-70.4186
-70.4218
-70.4249
-70.428
-70.4311
-70.4341
-70.4372
-70.4401
-70.4431
-70.446
-70.4489
-70.4517
-70.4545
-70.4573
-70.4601
-70.4628
-70.4655
-70.4682
-70.4708
-70.4734
-70.476
-70.4785
-70.481
-70.4835
-70.486
-70.4884
-70.4908
-70.4932
-70.4955
-70.4978
-70.5001
-70.5024
-70.5046
-70.5068
-70.509
-70.5112
-70.5133
-70.5154
-70.5175
-70.5196
-70.5216
-70.5236
-70.5256
-70.5276
-70.5295
-70.5315
-70.5334
-70.5352
-70.5371
-70.5389
-70.5407
-70.5425
-70.5443
-70.5461
-70.5478
-70.5495
-70.5512
-70.5528
-70.5545
-70.5561
-70.5577
-70.5593
-70.5609
-70.5624
-70.5639
-70.5655
-70.5669
-70.5684
-70.5699
-70.5713
-70.5727
-70.5741
-70.5755
-70.5769
-70.5782
-70.5796
-70.5809
-70.5822
-70.5835
-70.5848
-70.586
-70.5873
-70.5885
-70.5897
-70.5909
-70.5921
-70.5932
-70.5944
-70.5955
-70.5966
-70.5977
-70.5988
-70.5999
-70.601
-70.602
-70.603
-70.6041
-70.6051
-70.6061
-70.6071
-70.608
-70.609
-70.6099
-70.6109
-70.6118
-70.6127
-70.6136
-70.6145
-70.6154
-70.6162
-70.6171
-70.6179
-70.6187
-70.6196
-70.6204
-70.6212
-70.622
-70.6227
-70.6235
-70.6242
-70.625
-70.6257
-70.6265
-70.6272
-70.6279
-70.6286
-70.6293
-70.6299
-70.6306
-70.6313
-70.6319
-70.6325
-70.6332
-70.6338
-70.6344
-70.635
-70.6356
-70.6362
-70.6368
-70.6374
-70.6379
-70.6385
-70.639
-70.6396
-70.6401
-70.6406
-70.6411
-70.6417
-70.6422
-70.6427
-70.6431
-70.6436
-70.6441
-70.6446
-70.645
-70.6455
-70.6459
-70.6464
-70.6468
-70.6472
-70.6476
-70.6481
-70.6485
-70.6489
-70.6493
-70.6497
-70.65
-70.6504
-70.6508
-70.6512
-70.6515
-70.6519
-70.6522
-70.6526
-70.6529
-70.6533
-70.6536
-70.6539
-70.6542
-70.6545
-70.6549
-70.6552
-70.6555
-70.6558
-70.656
-70.6563
-70.6566
-70.6569
-70.6572
-70.6574
-70.6577
-70.658
-70.6582
-70.6585
-70.6587
-70.6589
-70.6592
-70.6594
-70.6597
-70.6599
-70.6601
-70.6603
-70.6605
-70.6607
-70.661
-70.6612
-70.6614
-70.6616
-70.6617
-70.6619
-70.6621
-70.6623
-70.6625
-70.6627
-70.6628
-70.663
-70.6632
-70.6633
-70.6635
-70.6637
-70.6638
-70.664
-70.6641
-70.6643
-70.6644
-70.6646
-70.6647
-70.6648
-70.665
-70.6651
-70.6652
-70.6653
-70.6655
-70.6656
-70.6657
-70.6658
-70.6659
-70.666
-70.6662
-70.6663
-70.6664
-70.6665
-70.6666
-70.6667
-70.6668
-70.6669
-70.667
-70.667
-70.6671
-70.6672
-70.6673
-70.6674
-70.6675
-70.6675
-70.6676
-70.6677
-70.6678
-70.6678
-70.6679
-70.668
-70.668
-70.6681
-70.6682
-70.6682
-70.6683
-70.6683
-70.6684
-70.6685
-70.6685
-70.6686
-70.6686
-70.6687
-70.6687
-70.6688
-70.6688
-70.6688
-70.6689
-70.6689
-70.669
-70.669
-70.669
-70.6691
-70.6691
-70.6691
-70.6692
-70.6692
-70.6692
-70.6693
-70.6693
-70.6693
-70.6694
-70.6694
-70.6694
-70.6694
-70.6694
-70.6695
-70.6695
-70.6695
-70.6695
-70.6695
-70.6696
-70.6696
-70.6696
-70.6696
-70.6696
-70.6696
-70.6696
-70.6697
-70.6697
-70.6697
-70.6697
-70.6697
-70.6697
-70.6697
-70.6697
-70.6697
-70.6697
-70.6697
-70.6697
-70.6697
-70.6697
-70.6697
-70.6697
-70.6697
-70.6697
-70.6697
-70.6697
-70.6697
-70.6697
-70.6697
-70.6697
-70.6697
-70.6697
-70.6697
-70.6697
-70.6697
-70.6697
-70.6697
-70.6697
-70.6697
-70.6697
-70.6697
-70.6696
-70.6696
-70.6696
-70.6696
-70.6696
-70.6696
-70.6696
-70.6696
-70.6696
-70.6695
-70.6695
-70.6695
-70.6695
-70.6695
-70.6695
-70.6695
-70.6695
-70.6694
-70.6694
-70.6694
-70.6694
-70.6694
-70.6694
-70.6693
-70.6693
-70.6693
-70.6693
-70.6693
-70.6693
-70.6693
-70.6692
-70.6692
-70.6692
-70.6692
-70.6692
-70.6691
-70.6691
-70.6691
-70.6691
-70.6691
-70.6691
-70.669
-70.669
-70.669
-70.669
-70.669
-70.6689
-70.6689
-70.6689
-70.6689
-70.6689
-70.6688
-70.6688
-70.6688
-70.6688
-70.6688
-70.6687
-70.6687
-70.6687
-70.6687
-70.6686
-70.6686
-70.6686
-70.6686
-70.6686
-70.6685
-70.6685
-70.6685
-70.6685
-70.6685
-70.6684
-70.6684
-70.6684
-70.6684
-70.6684
-70.6683
-70.6683
-70.6683
-70.6683
-70.6682
-70.6682
-70.6682
-70.6682
-70.6682
-70.6681
-70.6681
-70.6681
-70.6681
-70.6681
-70.6723
-70.8703
-71.5768
-72.561
-73.341
-61.9708
-53.3038
-50.776
-49.0149
-46.4428
-32.5538
-11.7758
-38.5826
-67.8247
-68.6446
-67.6482
-66.5957
-65.5265
-64.459
-63.4108
-62.3988
-61.4395
-60.5294
-59.4577
-58.5836
-57.8382
-57.1866
-56.6165
-56.1217
-55.6779
-55.2716
-54.9368
-54.6608
-54.4341
-54.2493
-54.0971
-53.9521
-53.8353
-53.7455
-53.6767
-53.6242
-53.5846
-53.5554
-53.5195
-53.4871
-53.4658
-53.4527
-53.4451
-53.4415
-53.4407
-53.442
-53.4417
-53.4263
-53.4163
-53.4126
-53.4128
-53.4152
-53.4191
-53.4238
-53.4292
-53.4351
-53.4415
-53.4474
-53.4303
-53.4178
-53.4132
-53.4131
-53.4154
-53.4188
-53.423
-53.4276
-53.4325
-53.4376
-53.4429
-53.4483
-53.454
-53.4597
-53.4654
-53.4703
-53.457
-53.4243
-53.4093
-53.4037
-53.4016
-53.4006
-53.399
-53.3957
-53.3891
-53.375
-53.3385
-53.0927
-52.461
-52.4522
-52.6144
-52.7757
-52.8988
-52.9841
-53.0414
-53.0808
-53.1108
-53.137
-53.1637
-53.1941
-53.2311
-53.2783
-53.3506
-53.4418
-53.4686
-53.4752
-53.4776
-53.4808
-53.486
-53.4938
-53.5047
-53.518
-53.5335
-53.5515
-53.5719
-53.5949
-53.6206
-53.6493
-53.6811
-53.7164
-53.7553
-53.7982
-53.8455
-53.8973
-53.9539
-54.0156
-54.0829
-54.156
-54.2354
-54.3211
-54.4137
-54.5138
-54.6218
-54.7384
-54.864
-54.9994
-55.1452
-55.3018
-54.2649
-53.4585
-53.2721
-53.2571
-53.2882
-53.3293
-53.3699
-53.4077
-53.4423
-53.4744
-53.5045
-53.5333
-53.5614
-53.5892
-53.6172
-53.6459
-53.6755
-53.7065
-53.7393
-53.7744
-53.8119
-53.8521
-53.8954
-53.942
-53.9922
-54.0464
-54.1049
-54.168
-54.236
-54.3089
-54.3872
-54.4713
-54.5617
-54.6587
-54.7625
-54.8736
-54.9926
-55.1197
-55.2552
-55.3991
-55.551
-55.7193
-55.9076
-54.3445
-53.3179
-53.1105
-53.1104
-53.1604
-53.2173
-53.2698
-53.3156
-53.3554
-53.3908
-53.4222
-53.4505
-53.4765
-53.5009
-53.5244
-53.5475
-53.5705
-53.594
-53.6183
-53.6444
-53.673
-53.7031
-53.7348
-53.7685
-53.8046
-53.8433
-53.8851
-53.93
-53.9785
-54.0307
-54.0899
-54.1564
-54.2265
-54.3
-54.3775
-54.4599
-54.5476
-54.6409
-54.7401
-54.8455
-54.9574
-55.0823
-55.2234
-55.3693
-55.5179
-55.6705
-55.828
-55.9908
-56.1593
-56.3334
-56.5129
-56.6968
-56.8865
-56.0581
-53.4774
-52.942
-52.8886
-52.9538
-53.0403
-53.1212
-53.19
-53.2473
-53.2952
-53.3357
-53.3708
-53.4023
-53.4305
-53.4561
-53.48
-53.5027
-53.5246
-53.5452
-53.5653
-53.5853
-53.6057
-53.6268
-53.6487
-53.6743
-53.7009
-53.7275
-53.754
-53.7804
-53.8068
-53.8327
-53.8576
-53.8808
-53.9015
-53.9212
-53.9444
-53.9615
-53.9673
-53.9583
-53.9293
-53.8719
-53.771
-53.5963
-53.2794
-52.8379
-53.0296
-52.6842
-52.6928
-52.861
-53.0053
-53.1041
-53.1671
-53.2063
-53.2316
-53.2494
-53.264
-53.2778
-53.2931
-53.3132
-53.3378
-53.368
-53.4054
-53.4505
-53.5022
-53.5599
-53.6234
-53.6963
-53.7826
-53.8927
-54.0357
-54.1888
-54.325
-54.4505
-54.5764
-54.7091
-54.8516
-55.0202
-55.2362
-55.4932
-55.7535
-56.0104
-56.2636
-56.5182
-56.7822
-57.0607
-57.3626
-57.6993
-58.071
-58.4685
-58.882
-59.3052
-59.7329
-60.1647
-60.6044
-61.0558
-61.524
-62.0108
-62.5244
-63.0556
-63.5922
-64.1259
-64.651
-65.1603
-65.6555
-66.1405
-66.6183
-67.0901
-67.5612
-68.0327
-68.4943
-68.9377
-69.3594
-69.7536
-70.1179
-70.4568
-70.7754
-71.0774
-71.3647
-71.643
-71.9114
-72.1643
-72.3984
-72.6145
-72.8088
-72.9819
-73.1373
-73.2794
-73.4105
-73.5337
-73.6517
-73.7645
-73.8692
-73.964
-74.0508
-74.1271
-74.1926
-74.2493
-74.2995
-74.345
-74.3878
-74.4291
-74.47
-74.5083
-74.5424
-74.5733
-74.6016
-74.6244
-74.6425
-74.6572
-74.6698
-74.6817
-74.6935
-74.7064
-74.7201
-74.7327
-74.7429
-74.7528
-74.7622
-74.7683
-74.7716
-74.7729
-74.7738
-74.7748
-74.7763
-74.7799
-74.7848
-74.7893
-74.7922
-74.7954
-74.7994
-74.8015
-74.8014
-74.7997
-74.7977
-74.7956
-74.7936
-74.7938
-74.7951
-74.7964
-74.7967
-74.7969
-74.7983
-74.8
-74.8
-74.7989
-74.7973
-74.7949
-74.792
-74.7905
-74.7906
-74.7907
-74.7901
-74.7888
-74.7886
-74.7896
-74.7906
-74.7905
-74.7898
-74.7894
-74.7865
-74.7829
-74.781
-74.7804
-74.7799
-74.7785
-74.7763
-74.7746
-74.7761
-74.7775
-74.7786
-74.7794
-74.779
-74.7773
-74.7748
-74.772
-74.7709
-74.7706
-74.7694
-74.7665
-74.7632
-74.7623
-74.7641
-74.7649
-74.7662
-74.7673
-74.7662
-74.7628
-74.7612
-74.7596
-74.7589
-74.7589
-74.758
-74.7553
-74.7524
-74.7512
-74.7508
-74.7527
-74.755
-74.7566
-74.7553
-74.752
-74.7499
-74.7472
-74.7465
-74.7478
-74.7481
-74.7461
-74.7424
-74.7402
-74.7382
-74.7361
-74.7386
-74.7421
-74.7431
-74.7414
-74.7373
-74.7358
-74.7343
-74.7326
-74.733
-74.7351
-74.7361
-74.7341
-74.7308
-74.7287
-74.7262
-74.7263
-74.7275
-74.7295
-74.7297
-74.7272
-74.7237
-74.7225
-74.7206
-74.7178
-74.7158
-74.7171
-74.7205
-74.721
-74.7186
-74.7142
-74.712
-74.7134
-74.7146
-74.7134
-74.7125
-74.7118
-74.7114
-74.71
-74.7091
-74.7055
-74.7022
-74.7007
-74.7036
-74.7061
-74.7073
-74.707
-74.7029
-74.6994
-74.7014
-74.7025
-74.7015
-74.6988
-74.6952
-74.6937
-74.6923
-74.6911
-74.6905
-74.6867
-74.6823
-74.6809
-74.6843
-74.6884
-74.6917
-74.6897
-74.6866
-74.6843
-74.685
-74.6858
-74.6849
-74.685
-74.6824
-74.6785
-74.6755
-74.6712
-74.6707
-74.6712
-74.6703
-74.6679
-74.6649
-74.6644
-74.6687
-74.674
-74.677
-74.675
-74.6718
-74.6693
-74.6675
-74.6665
-74.6661
-74.6661
-74.6644
-74.6591
-74.652
-74.6455
-74.6404
-74.6396
-74.6424
-74.6443
-74.6455
-74.6436
-74.6434
-74.6467
-74.6505
-74.6557
-74.6576
-74.6565
-74.6535
-74.6497
-74.6471
-74.6432
-74.6414
-74.6407
-74.6415
-74.6396
-74.633
-74.6228
-74.6165
-74.6127
-74.6097
-74.6103
-74.6144
-74.6182
-74.6217
-74.6248
-74.6273
-74.6287
-74.6334
-74.6383
-74.6405
-74.6377
-74.6309
-74.6249
-74.6207
-74.615
-74.6084
-74.604
-74.6
-74.6013
-74.6011
-74.5947
-74.5871
-74.5818
-74.5776
-74.5744
-74.574
-74.5742
-74.5796
-74.5829
-74.5867
-74.5946
-74.6023
-74.6081
-74.6147
-74.6178
-74.615
-74.6076
-74.5998
-74.5934
-74.59
-74.587
-74.5812
-74.5738
-74.568
-74.5612
-74.5582
-74.559
-74.5576
-74.5541
-74.5495
-74.5416
-74.5357
-74.535
-74.5414
-74.5465
-74.5457
-74.5445
-74.5457
-74.55
-74.5587
-74.5691
-74.5782
-74.585
-74.5857
-74.5805
-74.5726
-74.5617
-74.5518
-74.544
-74.5424
-74.5421
-74.5365
-74.5257
-74.5137
-74.5049
-74.4979
-74.4952
-74.4985
-74.5002
-74.4971
-74.4935
-74.4886
-74.4855
-74.4886
-74.4911
-74.4917
-74.495
-74.4998
-74.5037
-74.5056
-74.5066
-74.5093
-74.511
-74.5104
-74.5124
-74.5222
-74.529
-74.5277
-74.5192
-74.5093
-74.4999
-74.4946
-74.4908
-74.488
-74.4824
-74.4752
-74.4677
-74.4577
-74.4506
-74.4427
-74.4347
-74.4287
-74.4258
-74.4274
-74.4345
-74.4411
-74.4403
-74.4361
-74.4358
-74.4365
-74.4352
-74.4356
-74.4408
-74.4427
-74.4427
-74.4448
-74.4471
-74.4423
-74.4327
-74.4292
-74.4293
-74.4295
-74.4341
-74.4357
-74.4353
-74.437
-74.4431
-74.45
-74.4534
-74.4494
-74.4382
-74.4241
-74.4075
-74.3908
-74.3766
-74.3694
-74.3625
-74.3587
-74.3549
-74.3493
-74.3401
-74.3307
-74.3269
-74.3285
-74.3298
-74.3299
-74.3342
-74.3418
-74.3461
-74.3461
-74.3432
-74.3431
-74.3451
-74.3524
-74.361
-74.3633
-74.3605
-74.3586
-74.3544
-74.3498
-74.3413
-74.3279
-74.314
-74.3024
-74.2925
-74.2869
-74.2886
-74.2924
-74.2939
-74.2998
-74.3076
-74.3114
-74.3099
-74.3141
-74.327
-74.334
-74.3303
-74.3204
-74.3111
-74.3048
-74.3
-74.2948
-74.2882
-74.2765
-74.2604
-74.2448
-74.2272
-74.2083
-74.1896
-74.1756
-74.1729
-74.1683
-74.1658
-74.1702
-74.178
-74.1814
-74.1787
-74.1762
-74.1738
-74.1713
-74.1699
-74.1664
-74.1693
-74.1749
-74.1786
-74.1865
-74.2001
-74.2125
-74.2243
-74.2336
-74.2402
-74.2447
-74.2446
-74.2362
-74.2227
-74.2093
-74.2002
-74.1874
-74.173
-74.1622
-74.1522
-74.1383
-74.1238
-74.1121
-74.0978
-74.085
-74.0705
-74.0549
-74.0386
-74.0341
-74.0419
-74.0556
-74.0644
-74.0706
-74.0806
-74.095
-74.1082
-74.1155
-74.1207
-74.1204
-74.1146
-74.1175
-74.1245
-74.1307
-74.1313
-74.1235
-74.1086
-74.0917
-74.0735
-74.0583
-74.0435
-74.0253
-74.0072
-73.9869
-73.9711
-73.9664
-73.9633
-73.9564
-73.9461
-73.941
-73.945
-73.9513
-73.9525
-73.952
-73.9514
-73.9488
-73.9441
-73.9433
-73.9527
-73.9617
-73.9663
-73.9639
-73.9575
-73.9451
-73.9307
-73.9202
-73.9064
-73.8881
-73.8749
-73.8632
-73.8563
-73.8472
-73.8362
-73.8242
-73.8173
-73.8127
-73.8107
-73.8065
-73.8044
-73.8145
-73.8314
-73.8488
-73.8743
-73.8987
-73.9142
-73.9187
-73.9221
-73.92
-73.915
-73.9098
-73.9004
-73.89
-73.8773
-73.8651
-73.8591
-73.8567
-73.8505
-73.8375
-73.8234
-73.8146
-73.8155
-73.817
-73.8127
-73.8053
-73.7947
-73.7786
-73.7613
-73.745
-73.7255
-73.7025
-73.6821
-73.6675
-73.6639
-73.663
-73.6603
-73.6537
-73.6407
-73.6254
-73.6116
-73.5945
-73.5735
-73.5495
-73.5233
-73.4955
-73.4666
-73.4372
-73.4145
-73.4011
-73.3894
-73.3736
-73.3534
-73.3311
-73.3179
-73.3121
-73.3086
-73.3047
-73.3051
-73.3204
-73.3306
-73.3304
-73.3216
-73.307
-73.2915
-73.2901
-73.2883
-73.2942
-73.3198
-73.3403
-73.3477
-73.3445
-73.3338
-73.318
-73.2987
-73.2768
-73.2532
-73.2282
-73.2023
-73.1762
-73.1604
-73.1606
-73.1668
-73.1752
-73.1784
-73.1734
-73.1616
-73.1452
-73.1256
-73.1056
-73.0937
-73.0817
-73.066
-73.047
-73.0255
-73.0063
-72.9954
-72.9837
-72.9777
-72.9726
-72.9627
-72.948
-72.9299
-72.9095
-72.8904
-72.8806
-72.8705
-72.863
-72.8604
-72.8536
-72.8418
-72.826
-72.8075
-72.7954
-72.7893
-72.78
-72.7666
-72.7499
-72.7309
-72.7104
-72.6887
-72.6663
-72.6434
-72.6201
-72.5966
-72.573
-72.557
-72.5506
-72.5424
-72.5303
-72.5151
-72.4975
-72.4785
-72.4586
-72.4379
-72.4169
-72.3955
-72.3741
-72.3525
-72.3396
-72.3375
-72.3333
-72.3248
-72.3127
-72.2981
-72.2818
-72.2643
-72.2462
-72.2275
-72.2085
-72.1893
-72.17
-72.1506
-72.1313
-72.112
-72.0928
-72.0737
-72.0547
-72.0404
-72.0419
-72.0442
-72.0416
-72.0346
-72.0245
-72.0123
-71.9986
-71.984
-71.9687
-71.953
-71.937
-71.9208
-71.9046
-71.8882
-71.8719
-71.8557
-71.8394
-71.8233
-71.8073
-71.7914
-71.7756
-71.76
-71.7445
-71.7291
-71.7139
-71.6989
-71.684
-71.6692
-71.6547
-71.6403
-71.626
-71.6119
-71.598
-71.5842
-71.5706
-71.5572
-71.5439
-71.5308
-71.5178
-71.505
-71.4923
-71.4798
-71.4674
-71.4552
-71.4432
-71.4313
-71.4195
-71.4079
-71.3964
-71.3851
-71.3739
-71.3628
-71.3519
-71.3411
-71.3305
-71.32
-71.3096
-71.2993
-71.2892
-71.2793
-71.2694
-71.2597
-71.2501
-71.2406
-71.2313
-71.222
-71.2129
-71.2039
-71.195
-71.1862
-71.1776
-71.1691
-71.1606
-71.1523
-71.1441
-71.136
-71.128
-71.1201
-71.1123
-71.1046
-71.097
-71.0895
-71.0821
-71.0748
-71.0676
-71.0605
-71.0535
-71.0466
-71.0398
-71.0331
-71.0264
-71.0199
-71.0134
-71.007
-71.0008
-70.9945
-70.9884
-70.9824
-70.9764
-70.9706
-70.9648
-70.9591
-70.9534
-70.9479
-70.9424
-70.937
-70.9316
-70.9264
-70.9212
-70.9161
-70.9111
-70.9061
-70.9012
-70.8964
-70.8916
-70.8869
-70.8823
-70.8777
-70.8732
-70.8688
-70.8644
-70.8601
-70.8558
-70.8517
-70.8475
-70.8435
-70.8395
-70.8355
-70.8316
-70.8278
-70.824
-70.8203
-70.8166
-70.813
-70.8094
-70.8059
-70.8025
-70.7991
-70.7957
-70.7924
-70.7892
-70.786
-70.7828
-70.7797
-70.7767
-70.7736
-70.7707
-70.7677
-70.7649
-70.762
-70.7593
-70.7565
-70.7538
-70.7511
-70.7485
-70.7459
-70.7434
-70.7409
-70.7385
-70.736
-70.7337
-70.7313
-70.729
-70.7268
-70.7245
-70.7223
-70.7202
-70.7181
-70.716
-70.7139
-70.7119
-70.7099
-70.708
-70.706
-70.7041
-70.7023
-70.7005
-70.6987
-70.6969
-70.6952
-70.6935
-70.6918
-70.6902
-70.6885
-70.687
-70.6854
-70.6839
-70.6824
-70.6809
-70.6794
-70.678
-70.6766
-70.6752
-70.6739
-70.6726
-70.6713
-70.67
-70.6687
-70.6675
-70.6663
-70.6651
-70.664
-70.6628
-70.6617
-70.6606
-70.6595
-70.6585
-70.6575
-70.6564
-70.6555
-70.6545
-70.6535
-70.6526
-70.6517
-70.6508
-70.6499
-70.6491
-70.6482
-70.6474
-70.6466
-70.6458
-70.645
-70.6443
-70.6435
-70.6428
-70.6421
-70.6414
-70.6407
-70.6401
-70.6394
-70.6388
-70.6382
-70.6376
-70.637
-70.6364
-70.6359
-70.6353
-70.6348
-70.6343
-70.6338
-70.6333
-70.6328
-70.6323
-70.6319
-70.6314
-70.631
-70.6306
-70.6302
-70.6298
-70.6294
-70.629
-70.6287
-70.6283
-70.628
-70.6276
-70.6273
-70.627
-70.6267
-70.6264
-70.6261
-70.6259
-70.6256
-70.6253
-70.6251
-70.6249
-70.6246
-70.6244
-70.6242
-70.624
-70.6238
-70.6236
-70.6234
-70.6232
-70.6231
-70.6229
-70.6228
-70.6226
-70.6225
-70.6224
-70.6222
-70.6221
-70.622
-70.6219
-70.6218
-70.6217
-70.6216
-70.6216
-70.6215
-70.6214
-70.6214
-70.6213
-70.6213
-70.6212
-70.6212
-70.6212
-70.6211
-70.6211
-70.6211
-70.6211
-70.6211
-70.6211
-70.6211
-70.6211
-70.6211
-70.6211
-70.6211
-70.6211
-70.6212
-70.6212
-70.6212
-70.6213
-70.6213
-70.6214
-70.6214
-70.6215
-70.6215
-70.6216
-70.6216
-70.6217
-70.6218
-70.6218
-70.6219
-70.622
-70.6221
-70.6222
-70.6222
-70.6223
-70.6224
-70.6225
-70.6226
-70.6227
-70.6228
-70.6229
-70.623
-70.6231
-70.6233
-70.6234
-70.6235
-70.6236
-70.6237
-70.6238
-70.624
-70.6241
-70.6242
-70.6244
-70.6245
-70.6246
-70.6248
-70.6249
-70.625
-70.6252
-70.6253
-70.6254
-70.6256
-70.6257
-70.6259
-70.626
-70.6262
-70.6263
-70.6265
-70.6266
-70.6268
-70.6269
-70.6271
-70.6272
-70.6274
-70.6276
-70.6277
-70.6279
-70.628
-70.6282
-70.6283
-70.6285
-70.6287
-70.6288
-70.629
-70.6292
-70.6293
-70.6295
-70.6297
-70.6298
-70.63
-70.6302
-70.6303
-70.6305
-70.6307
-70.6308
-70.631
-70.6312
-70.6313
-70.6315
-70.6317
-70.6318
-70.632
-70.6322
-70.6324
-70.6325
-70.6327
-70.6329
-70.633
-70.6332
-70.6334
-70.6335
-70.6337
-70.6339
-70.6341
-70.6342
-70.6344
-70.6346
-70.6347
-70.6349
-70.6351
-70.6352
-70.6354
-70.6356
-70.6358
-70.6359
-70.6361
-70.6363
-70.6364
-70.6366
-70.6368
-70.6369
-70.6371
-70.6373
-70.6374
-70.6376
-70.6378
-70.6379
-70.6381
-70.6382
-70.6384
-70.6386
-70.6387
-70.6389
-70.6391
-70.6392
-70.6394
-70.6395
-70.6397
-70.6399
-70.64
-70.6402
-70.6403
-70.6405
-70.6407
-70.6408
-70.641
-70.6411
-70.6413
-70.6414
-70.6416
-70.6417
-70.6419
-70.642
-70.6422
-70.6423
-70.6425
-70.6426
-70.6428
-70.6429
-70.6431
-70.6432
-70.6434

