-70
-70.1661
-70.23
-70.2566
-70.2695
-70.2773
-70.283
-70.2879
-70.2925
-70.297
-70.3014
-70.3057
-70.31
-70.3142
-70.3185
-70.3226
-70.3268
-70.3309
-70.335
-70.3391
-70.3431
-70.3471
-70.351
-70.3549
-70.3588
-70.3626
-70.3664
-70.3701
-70.3738
-70.3775
-70.3811
-70.3847
-70.3883
-70.3918
-70.3953
-70.3987
-70.4021
-70.4055
-70.4088
-70.4121
-70.4154
-70.4186
-70.4218
-70.4249
-70.428
-70.4311
-70.4341
-70.4372
-70.4401
-70.4431
-70.446
-70.4489
-70.4517
-70.4545
-70.4573
-70.4601
-70.4628
-70.4655
-70.4682
-70.4708
-70.4734
-70.476
-70.4785
-70.481
-70.4835
-70.486
-70.4884
-70.4908
-70.4932
-70.4955
-70.4978
-70.5001
-70.5024
-70.5046
-70.5068
-70.509
-70.5112
-70.5133
-70.5154
-70.5175
-70.5196
-70.5216
-70.5236
-70.5256
-70.5276
-70.5295
-70.5315
-70.5334
-70.5352
-70.5371
-70.5389
-70.5407
-70.5425
-70.5443
-70.5461
-70.5478
-70.5495
-70.5512
-70.5528
-70.5545
-70.5561
-70.5577
-70.5593
-70.5609
-70.5624
-70.5639
-70.5655
-70.5669
-70.5684
-70.5699
-70.5713
-70.5727
-70.5741
-70.5755
-70.5769
-70.5782
-70.5796
-70.5809
-70.5822
-70.5835
-70.5848
-70.586
-70.5873
-70.5885
-70.5897
-70.5909
-70.5921
-70.5932
-70.5944
-70.5955
-70.5966
-70.5977
-70.5988
-70.5999
-70.601
-70.602
-70.603
-70.6041
-70.6051
-70.6061
-70.6071
-70.608
-70.609
-70.6099
-70.6109
-70.6118
-70.6127
-70.6136
-70.6145
-70.6154
-70.6162
-70.6171
-70.6179
-70.6187
-70.6196
-70.6204
-70.6212
-70.622
-70.6227
-70.6235
-70.6242
-70.625
-70.6257
-70.6265
-70.6272
-70.6279
-70.6286
-70.6293
-70.6299
-70.6306
-70.6313
-70.6319
-70.6325
-70.6332
-70.6338
-70.6344
-70.635
-70.6356
-70.6362
-70.6368
-70.6374
-70.6379
-70.6385
-70.639
-70.6396
-70.6401
-70.6406
-70.6411
-70.6417
-70.6422
-70.6427
-70.6431
-70.6436
-70.6441
-70.6446
-70.645
-70.6455
-70.6459
-70.6464
-70.6468
-70.6472
-70.6476
-70.6481
-70.6485
-70.6489
-70.6493
-70.6497
-70.65
-70.6504
-70.6508
-70.6512
-70.6515
-70.6519
-70.6522
-70.6526
-70.6529
-70.6533
-70.6536
-70.6539
-70.6542
-70.6545
-70.6549
-70.6552
-70.6555
-70.6558
-70.656
-70.6563
-70.6566
-70.6569
-70.6572
-70.6574
-70.6577
-70.658
-70.6582
-70.6585
-70.6587
-70.6589
-70.6592
-70.6594
-70.6597
-70.6599
-70.6601
-70.6603
-70.6605
-70.6607
-70.661
-70.6612
-70.6614
-70.6616
-70.6617
-70.6619
-70.6621
-70.6623
-70.6625
-70.6627
-70.6628
-70.663
-70.6632
-70.6633
-70.6635
-70.6637
-70.6638
-70.664
-70.6641
-70.6643
-70.6644
-70.6646
-70.6647
-70.6648
-70.665
-70.6651
-70.6652
-70.6653
-70.6655
-70.6656
-70.6657
-70.6658
-70.6659
-70.666
-70.6662
-70.6663
-70.6664
-70.6665
-70.6666
-70.6667
-70.6668
-70.6669
-70.667
-70.667
-70.6671
-70.6672
-70.6673
-70.6674
-70.6675
-70.6675
-70.6676
-70.6677
-70.6678
-70.6678
-70.6679
-70.668
-70.668
-70.6681
-70.6682
-70.6682
-70.6683
-70.6683
-70.6684
-70.6685
-70.6685
-70.6686
-70.6686
-70.6687
-70.6687
-70.6688
-70.6688
-70.6688
-70.6689
-70.6689
-70.669
-70.669
-70.669
-70.6691
-70.6691
-70.6691
-70.6692
-70.6692
-70.6692
-70.6693
-70.6693
-70.6693
-70.6694
-70.6694
-70.6694
-70.6694
-70.6694
-70.6695
-70.6695
-70.6695
-70.6695
-70.6695
-70.6696
-70.6696
-70.6696
-70.6696
-70.6696
-70.6696
-70.6696
-70.6697
-70.6697
-70.6697
-70.6697
-70.6697
-70.6697
-70.6697
-70.6697
-70.6697
-70.6697
-70.6697
-70.6697
-70.6697
-70.6697
-70.6697
-70.6697
-70.6697
-70.6697
-70.6697
-70.6697
-70.6697
-70.6697
-70.6697
-70.6697
-70.6697
-70.6697
-70.6697
-70.6697
-70.6697
-70.6697
-70.6697
-70.6697
-70.6697
-70.6697
-70.6697
-70.6696
-70.6696
-70.6696
-70.6696
-70.6696
-70.6696
-70.6696
-70.6696
-70.6696
-70.6695
-70.6695
-70.6695
-70.6695
-70.6695
-70.6695
-70.6695
-70.6695
-70.6694
-70.6694
-70.6694
-70.6694
-70.6694
-70.6694
-70.6693
-70.6693
-70.6693
-70.6693
-70.6693
-70.6693
-70.6693
-70.6692
-70.6692
-70.6692
-70.6692
-70.6692
-70.6691
-70.6691
-70.6691
-70.6691
-70.6691
-70.6691
-70.669
-70.669
-70.669
-70.669
-70.669
-70.6689
-70.6689
-70.6689
-70.6689
-70.6689
-70.6688
-70.6688
-70.6688
-70.6688
-70.6688
-70.6687
-70.6687
-70.6687
-70.6687
-70.6686
-70.6686
-70.6686
-70.6686
-70.6686
-70.6685
-70.6685
-70.6685
-70.6685
-70.6685
-70.6684
-60.5174
-52.9591
-50.6203
-48.906
-46.366
-32.7928
-11.5465
-38.4808
-67.6356
-68.5153
-67.5085
-66.4437
-65.3623
-64.2824
-63.2214
-62.1955
-61.2191
-60.3035
-59.4586
-58.7183
-58.1223
-57.6081
-56.7944
-56.1183
-55.5986
-55.1984
-54.8638
-54.5827
-54.3545
-54.1704
-54.021
-53.8996
-53.8019
-53.7239
-53.6623
-53.6144
-53.5779
-53.5509
-53.5318
-53.5199
-53.512
-53.4788
-53.4466
-53.4234
-53.4106
-53.4013
-53.3971
-53.3944
-53.3901
-53.3873
-53.3857
-53.3853
-53.3854
-53.3864
-53.3863
-53.3862
-53.3861
-53.3869
-53.3875
-53.3886
-53.3903
-53.3911
-53.3912
-53.3913
-53.3917
-53.3922
-53.3929
-53.394
-53.3956
-53.3972
-53.3973
-53.397
-53.3965
-53.3967
-53.3968
-53.3971
-53.3979
-53.399
-53.4004
-53.4019
-53.4035
-53.4038
-53.4024
-53.401
-53.4002
-53.4002
-53.3998
-53.3999
-53.4005
-53.4013
-53.4023
-53.4035
-53.4047
-53.4059
-53.4073
-53.4086
-53.4099
-53.411
-53.4089
-53.4045
-53.4008
-53.3988
-53.3979
-53.397
-53.3957
-53.3944
-53.3925
-53.3889
-53.3792
-53.3
-53.1923
-53.2031
-53.2379
-53.2695
-53.2928
-53.3089
-53.3198
-53.3274
-53.3335
-53.339
-53.3448
-53.3516
-53.36
-53.3707
-53.385
-53.4037
-53.4139
-53.4167
-53.4175
-53.4186
-53.4202
-53.4226
-53.4227
-53.423
-53.4243
-53.4266
-53.4298
-53.4337
-53.4383
-53.4436
-53.4496
-53.4563
-53.4638
-53.472
-53.4811
-53.4911
-53.5022
-53.5142
-53.5274
-53.5419
-53.5577
-53.5749
-53.5938
-53.6144
-53.6368
-53.6614
-53.6881
-53.7174
-53.7494
-53.7843
-53.7574
-53.557
-53.4766
-53.4128
-53.3883
-53.3858
-53.3912
-53.399
-53.4074
-53.4139
-53.4141
-53.4154
-53.4185
-53.4226
-53.4272
-53.4323
-53.4377
-53.4433
-53.4493
-53.4556
-53.4623
-53.4694
-53.4771
-53.4853
-53.4941
-53.5037
-53.5141
-53.5254
-53.5377
-53.551
-53.5664
-53.5834
-53.6027
-53.6235
-53.6456
-53.6691
-53.6945
-53.722
-53.752
-53.7845
-53.8208
-53.8615
-53.9069
-53.7041
-53.4813
-53.4159
-53.3838
-53.367
-53.3658
-53.3718
-53.38
-53.3886
-53.3968
-53.4046
-53.4107
-53.4102
-53.4104
-53.4123
-53.4151
-53.4186
-53.4223
-53.4264
-53.431
-53.4359
-53.4412
-53.4468
-53.4526
-53.4587
-53.4653
-53.4724
-53.4801
-53.4884
-53.4974
-53.5079
-53.5197
-53.533
-53.5472
-53.5621
-53.5782
-53.5955
-53.6142
-53.6345
-53.6566
-53.6806
-53.708
-53.7396
-53.7759
-53.8152
-53.8565
-53.9001
-53.9468
-53.9969
-54.0509
-54.1091
-54.1717
-53.6133
-53.3944
-53.348
-53.3395
-53.34
-53.3495
-53.3575
-53.3642
-53.3721
-53.3802
-53.3879
-53.395
-53.4016
-53.4079
-53.4141
-53.4194
-53.4161
-53.4139
-53.414
-53.4157
-53.4182
-53.4212
-53.4247
-53.4285
-53.4326
-53.437
-53.4418
-53.4474
-53.4534
-53.4597
-53.4663
-53.4732
-53.4804
-53.4881
-53.4963
-53.5051
-53.5154
-53.5276
-53.5408
-53.5541
-53.5674
-53.581
-53.5948
-53.4991
-53.4299
-53.4085
-53.4042
-53.4049
-53.3988
-53.3965
-53.3971
-53.3988
-53.3988
-53.3968
-53.3959
-53.3956
-53.395
-53.3936
-53.3913
-53.3862
-53.3742
-53.3348
-53.1497
-53.1195
-53.1707
-53.2232
-53.2641
-53.2956
-53.3283
-53.3574
-53.3793
-53.3955
-53.4089
-53.4224
-53.4364
-53.4544
-53.4827
-53.5278
-53.5829
-53.6352
-53.6793
-53.7174
-53.7543
-53.7932
-53.8364
-53.8874
-53.9478
-54.0175
-54.0938
-54.1735
-54.2556
-54.3408
-54.4316
-54.5297
-54.6369
-54.7553
-54.8871
-55.0344
-55.1971
-55.3733
-55.5602
-55.7568
-55.9643
-56.1843
-56.4195
-56.6718
-56.9453
-57.2445
-57.5711
-57.9198
-58.2849
-58.6642
-59.0514
-59.4471
-59.8549
-60.2759
-60.715
-61.182
-61.6779
-62.1935
-62.7181
-63.2427
-63.7657
-64.2763
-64.7742
-65.2621
-65.7426
-66.2229
-66.7099
-67.2032
-67.6927
-68.1671
-68.6169
-69.0457
-69.4501
-69.8259
-70.1749
-70.5014
-70.8135
-71.1179
-71.4135
-71.6978
-71.9642
-72.2073
-72.43
-72.6347
-72.8207
-72.9876
-73.1375
-73.2755
-73.4076
-73.5341
-73.6557
-73.7686
-73.8705
-73.9603
-74.0407
-74.1134
-74.1783
-74.2351
-74.285
-74.3308
-74.3757
-74.4184
-74.4593
-74.4972
-74.5305
-74.559
-74.5838
-74.6056
-74.6253
-74.6425
-74.6578
-74.6713
-74.6852
-74.6985
-74.7115
-74.7238
-74.7343
-74.7424
-74.7489
-74.7537
-74.7579
-74.7611
-74.7644
-74.7678
-74.772
-74.7761
-74.7804
-74.7839
-74.7876
-74.7902
-74.7916
-74.7923
-74.7921
-74.7911
-74.7898
-74.7897
-74.791
-74.7932
-74.7953
-74.7972
-74.7977
-74.7983
-74.798
-74.7963
-74.7944
-74.7924
-74.7897
-74.7868
-74.7854
-74.7857
-74.7873
-74.7901
-74.7927
-74.7946
-74.7947
-74.7947
-74.7925
-74.7896
-74.7875
-74.7848
-74.7809
-74.7777
-74.7769
-74.777
-74.7779
-74.78
-74.7823
-74.7846
-74.7846
-74.7838
-74.7816
-74.7783
-74.7756
-74.7731
-74.7692
-74.7664
-74.7656
-74.7657
-74.7664
-74.768
-74.7694
-74.7723
-74.7745
-74.7742
-74.7735
-74.772
-74.7691
-74.7657
-74.7621
-74.7591
-74.7557
-74.7546
-74.7536
-74.7525
-74.753
-74.7539
-74.7555
-74.7581
-74.7588
-74.7569
-74.7574
-74.7582
-74.7563
-74.7524
-74.7493
-74.7474
-74.7465
-74.745
-74.7438
-74.7425
-74.7415
-74.742
-74.7436
-74.7449
-74.7456
-74.7433
-74.7428
-74.7444
-74.7447
-74.7422
-74.7386
-74.7353
-74.7335
-74.7331
-74.7308
-74.7281
-74.7264
-74.7254
-74.7254
-74.7251
-74.727
-74.7286
-74.7275
-74.7269
-74.7262
-74.7279
-74.7283
-74.7277
-74.726
-74.7235
-74.7231
-74.7223
-74.7208
-74.7178
-74.7148
-74.7126
-74.7123
-74.7111
-74.7109
-74.7123
-74.7139
-74.7117
-74.7076
-74.7072
-74.7091
-74.7096
-74.7081
-74.7061
-74.704
-74.703
-74.7033
-74.7035
-74.7018
-74.6978
-74.6947
-74.6929
-74.6917
-74.6925
-74.6942
-74.6965
-74.6962
-74.6928
-74.6895
-74.6884
-74.6907
-74.6941
-74.692
-74.6896
-74.6888
-74.6872
-74.6863
-74.6854
-74.6846
-74.6833
-74.6806
-74.6785
-74.6776
-74.6758
-74.6737
-74.6752
-74.6767
-74.6762
-74.6726
-74.6668
-74.6658
-74.666
-74.6665
-74.6669
-74.6661
-74.6658
-74.6659
-74.664
-74.6598
-74.6572
-74.6551
-74.652
-74.6506
-74.6525
-74.6539
-74.6544
-74.654
-74.6558
-74.6559
-74.6556
-74.6551
-74.6533
-74.6506
-74.6463
-74.6417
-74.6388
-74.6406
-74.6453
-74.648
-74.6481
-74.6464
-74.6433
-74.6399
-74.6344
-74.6261
-74.6216
-74.6186
-74.6187
-74.6215
-74.6237
-74.6213
-74.6243
-74.6293
-74.6299
-74.6289
-74.629
-74.6294
-74.6281
-74.6217
-74.6135
-74.6082
-74.6045
-74.6032
-74.6051
-74.6113
-74.6158
-74.6166
-74.6125
-74.6054
-74.6006
-74.596
-74.5893
-74.5819
-74.5759
-74.5746
-74.5726
-74.5728
-74.5757
-74.5816
-74.5868
-74.591
-74.5946
-74.5949
-74.598
-74.6017
-74.6019
-74.5954
-74.5854
-74.5762
-74.5711
-74.5694
-74.5695
-74.5736
-74.578
-74.5802
-74.5796
-74.5774
-74.5751
-74.5733
-74.5701
-74.5611
-74.551
-74.5435
-74.5353
-74.5269
-74.5241
-74.5272
-74.5304
-74.5292
-74.5257
-74.5256
-74.5325
-74.5401
-74.5449
-74.5429
-74.5444
-74.5488
-74.551
-74.5471
-74.5389
-74.5299
-74.524
-74.5211
-74.5202
-74.522
-74.5202
-74.5189
-74.5229
-74.5254
-74.5273
-74.5272
-74.5233
-74.5175
-74.5079
-74.4977
-74.4903
-74.4811
-74.4723
-74.4674
-74.4633
-74.4623
-74.4616
-74.4615
-74.4631
-74.4627
-74.4594
-74.4565
-74.4578
-74.462
-74.465
-74.4702
-74.4722
-74.4676
-74.4635
-74.4637
-74.4663
-74.4689
-74.4699
-74.4711
-74.4686
-74.4594
-74.4501
-74.4473
-74.4482
-74.4473
-74.449
-74.4507
-74.4523
-74.4548
-74.4544
-74.4516
-74.4457
-74.4483
-74.45
-74.4444
-74.434
-74.4215
-74.4089
-74.3956
-74.3819
-74.3733
-74.3659
-74.3651
-74.3711
-74.3776
-74.3841
-74.3865
-74.3865
-74.3839
-74.383
-74.3812
-74.3792
-74.3779
-74.3767
-74.3707
-74.3643
-74.3602
-74.3546
-74.3489
-74.3445
-74.3435
-74.3466
-74.3495
-74.3535
-74.3578
-74.3584
-74.3588
-74.3577
-74.3527
-74.3474
-74.3417
-74.3328
-74.3251
-74.3232
-74.324
-74.3215
-74.3174
-74.3146
-74.3136
-74.3115
-74.3077
-74.3019
-74.3019
-74.3009
-74.2947
-74.2847
-74.2789
-74.2784
-74.2765
-74.2738
-74.2719
-74.2682
-74.2617
-74.2606
-74.2647
-74.2626
-74.2559
-74.2545
-74.2567
-74.2591
-74.2613
-74.259
-74.2524
-74.2433
-74.233
-74.2285
-74.2268
-74.2252
-74.221
-74.2132
-74.2072
-74.2036
-74.1989
-74.192
-74.1837
-74.1763
-74.1677
-74.1559
-74.1472
-74.1396
-74.1274
-74.1108
-74.0952
-74.0923
-74.0997
-74.1154
-74.1328
-74.145
-74.1498
-74.1576
-74.1644
-74.1618
-74.1539
-74.1526
-74.1512
-74.1441
-74.135
-74.1271
-74.1189
-74.1105
-74.1042
-74.0957
-74.0873
-74.0784
-74.0736
-74.08
-74.096
-74.105
-74.1056
-74.0973
-74.0834
-74.0728
-74.0665
-74.0577
-74.0485
-74.0383
-74.027
-74.015
-74.0043
-73.9904
-73.9809
-73.9813
-73.9872
-73.9906
-73.9933
-73.9957
-73.9949
-73.986
-73.9724
-73.9625
-73.9602
-73.9574
-73.9679
-73.9865
-74.0014
-74.0168
-74.0231
-74.0234
-74.021
-74.0158
-74.0111
-74.0137
-74.0237
-74.0282
-74.0405
-74.0547
-74.0583
-74.0513
-74.0367
-74.017
-73.9938
-73.9713
-73.9537
-73.9362
-73.9209
-73.9087
-73.8937
-73.883
-73.8787
-73.8745
-73.8648
-73.8502
-73.8408
-73.8301
-73.8183
-73.8045
-73.7859
-73.7677
-73.7567
-73.743
-73.7243
-73.7016
-73.6759
-73.6495
-73.6294
-73.6154
-73.6042
-73.5928
-73.5771
-73.5691
-73.5633
-73.5633
-73.5635
-73.559
-73.5557
-73.5598
-73.5607
-73.5535
-73.5395
-73.5234
-73.5232
-73.5409
-73.5543
-73.5628
-73.5635
-73.5557
-73.5413
-73.5224
-73.5012
-73.4852
-73.4692
-73.4568
-73.4444
-73.4314
-73.4219
-73.4164
-73.408
-73.4005
-73.3923
-73.379
-73.3678
-73.3661
-73.3667
-73.3665
-73.3597
-73.3464
-73.3324
-73.3221
-73.3087
-73.2923
-73.289
-73.2881
-73.287
-73.2889
-73.2915
-73.2873
-73.2774
-73.2711
-73.2627
-73.2494
-73.2318
-73.2111
-73.1882
-73.1673
-73.154
-73.1396
-73.1229
-73.113
-73.1029
-73.0885
-73.0703
-73.0493
-73.0263
-73.0021
-72.9769
-72.9512
-72.9249
-72.8984
-72.8718
-72.845
-72.8182
-72.7914
-72.7647
-72.7452
-72.7346
-72.7226
-72.7071
-72.6888
-72.6684
-72.6468
-72.6243
-72.6013
-72.5779
-72.5543
-72.5307
-72.507
-72.4833
-72.4598
-72.4363
-72.413
-72.3898
-72.3668
-72.348
-72.3448
-72.3565
-72.3666
-72.3689
-72.3645
-72.3552
-72.3425
-72.3277
-72.3113
-72.2938
-72.2756
-72.2569
-72.2378
-72.2185
-72.199
-72.1795
-72.1599
-72.1404
-72.1209
-72.1015
-72.0822
-72.063
-72.044
-72.0251
-72.0063
-71.9878
-71.9694
-71.9512
-71.9331
-71.9153
-71.8976
-71.8802
-71.8629
-71.8458
-71.8289
-71.8122
-71.7956
-71.7793
-71.7632
-71.7472
-71.7314
-71.7158
-71.7004
-71.6852
-71.6702
-71.6553
-71.6406
-71.6261
-71.6118
-71.5976
-71.5836
-71.5698
-71.5561
-71.5427
-71.5293
-71.5162
-71.5032
-71.4903
-71.4777
-71.4651
-71.4528
-71.4406
-71.4285
-71.4166
-71.4048
-71.3932
-71.3818
-71.3704
-71.3592
-71.3482
-71.3373
-71.3265
-71.3159
-71.3054
-71.2951
-71.2849
-71.2748
-71.2649
-71.255
-71.2453
-71.2358
-71.2263
-71.217
-71.2078
-71.1987
-71.1898
-71.1809
-71.1722
-71.1636
-71.1551
-71.1467
-71.1384
-71.1302
-71.1222
-71.1142
-71.1063
-71.0986
-71.0909
-71.0834
-71.076
-71.0686
-71.0614
-71.0542
-71.0472
-71.0402
-71.0333
-71.0266
-71.0199
-71.0133
-71.0068
-71.0004
-70.9941
-70.9878
-70.9817
-70.9756
-70.9696
-70.9637
-70.9579
-70.9522
-70.9465
-70.9409
-70.9354
-70.93
-70.9247
-70.9194
-70.9142
-70.9091
-70.904
-70.899
-70.8941
-70.8893
-70.8845
-70.8798
-70.8752
-70.8706
-70.8661
-70.8616
-70.8573
-70.8529
-70.8487
-70.8445
-70.8404
-70.8363
-70.8323
-70.8284
-70.8245
-70.8206
-70.8169
-70.8131
-70.8095
-70.8059
-70.8023
-70.7988
-70.7954
-70.792
-70.7886
-70.7853
-70.7821
-70.7789
-70.7758
-70.7727
-70.7696
-70.7666
-70.7637
-70.7607
-70.7579
-70.7551
-70.7523
-70.7496
-70.7469
-70.7442
-70.7416
-70.7391
-70.7365
-70.7341
-70.7316
-70.7292
-70.7269
-70.7245
-70.7223
-70.72
-70.7178
-70.7156
-70.7135
-70.7114
-70.7093
-70.7073
-70.7053
-70.7033
-70.7014
-70.6995
-70.6976
-70.6958
-70.694
-70.6922
-70.6905
-70.6888
-70.6871
-70.6855
-70.6839
-70.6823
-70.6807
-70.6792
-70.6777
-70.6762
-70.6747
-70.6733
-70.6719
-70.6705
-70.6692
-70.6679
-70.6666
-70.6653
-70.664
-70.6628
-70.6616
-70.6604
-70.6593
-70.6581
-70.657
-70.656
-70.6549
-70.6538
-70.6528
-70.6518
-70.6508
-70.6499
-70.6489
-70.648
-70.6471
-70.6462
-70.6453
-70.6445
-70.6437
-70.6428
-70.6421
-70.6413
-70.6405
-70.6398
-70.639
-70.6383
-70.6376
-70.637
-70.6363
-70.6357
-70.635
-70.6344
-70.6338
-70.6332
-70.6327
-70.6321
-70.6315
-70.631
-70.6305
-70.63
-70.6295
-70.629
-70.6286
-70.6281
-70.6277
-70.6273
-70.6268
-70.6264
-70.626
-70.6257
-70.6253
-70.6249
-70.6246
-70.6243
-70.6239
-70.6236
-70.6233
-70.623
-70.6227
-70.6225
-70.6222
-70.6219
-70.6217
-70.6214
-70.6212
-70.621
-70.6208
-70.6206
-70.6204
-70.6202
-70.62
-70.6199
-70.6197
-70.6195
-70.6194
-70.6193
-70.6191
-70.619
-70.6189
-70.6188
-70.6187
-70.6186
-70.6185
-70.6184
-70.6183
-70.6182
-70.6182
-70.6181
-70.6181
-70.618
-70.618
-70.6179
-70.6179
-70.6179
-70.6179
-70.6179
-70.6178
-70.6178
-70.6178
-70.6178
-70.6179
-70.6179
-70.6179
-70.6179
-70.6179
-70.618
-70.618
-70.6181
-70.6181
-70.6181
-70.6182
-70.6183
-70.6183
-70.6184
-70.6184
-70.6185
-70.6186
-70.6187
-70.6187
-70.6188
-70.6189
-70.619
-70.6191
-70.6192
-70.6193
-70.6194
-70.6195
-70.6196
-70.6197
-70.6198
-70.62
-70.6201
-70.6202
-70.6203
-70.6204
-70.6206
-70.6207
-70.6208
-70.621
-70.6211
-70.6212
-70.6214
-70.6215
-70.6216
-70.6218
-70.6219
-70.6221
-70.6222
-70.6224
-70.6225
-70.6227
-70.6228
-70.623
-70.6232
-70.6233
-70.6235
-70.6236
-70.6238
-70.624
-70.6241
-70.6243
-70.6245
-70.6246
-70.6248
-70.625
-70.6251
-70.6253
-70.6255
-70.6257
-70.6258
-70.626
-70.6262
-70.6264
-70.6265
-70.6267
-70.6269
-70.6271
-70.6272
-70.6274
-70.6276
-70.6278
-70.628
-70.6281
-70.6283
-70.6285
-70.6287
-70.6289
-70.629
-70.6292
-70.6294
-70.6296
-70.6298
-70.63
-70.6301
-70.6303
-70.6305
-70.6307
-70.6309
-70.6311
-70.6312
-70.6314
-70.6316
-70.6318
-70.632
-70.6322
-70.6323
-70.6325
-70.6327
-70.6329
-70.6331
-70.6332
-70.6334
-70.6336
-70.6338
-70.634
-70.6342
-70.6343
-70.6345
-70.6347
-70.6349
-70.635
-70.6352
-70.6354
-70.6356
-70.6358
-70.6359
-70.6361
-70.6363
-70.6365
-70.6366
-70.6368
-70.637
-70.6372
-70.6373
-70.6375
-70.6377
-70.6379
-70.638
-70.6382
-70.6384
-70.6385
-70.6387
-70.6389
-70.639
-70.6392
-70.6394
-70.6395
-70.6397
-70.6399
-70.64
-70.6402
-70.6404
-70.6405
-70.6407
-70.6409
-70.641
-70.6412
-70.6413
-70.6415
-70.6417
-70.6418
-70.642
-70.6421
-70.6423
-70.6424
-70.6426
-70.6427
-70.6429
-70.643
-70.6432
-70.6434
-70.6435
-70.6437
-70.6438
-70.6439
-70.6441
-70.6442

