-70
-70.1661
-70.23
-70.2566
-70.2695
-70.2773
-70.283
-70.2879
-70.2925
-70.297
-70.3014
-70.3057
-70.31
-70.3142
-70.3185
-70.3226
-70.3268
-70.3309
-70.335
-70.3391
-70.3431
-70.3471
-70.351
-70.3549
-70.3588
-70.3626
-70.3664
-70.3701
-70.3738
-70.3775
-70.3811
-70.3847
-70.3883
-70.3918
-70.3953
-70.3987
-70.4021
-70.4055
-70.4088
-70.4121
-70.4154
-70.4186
-70.4218
-70.4249
-70.428
-70.4311
-70.4341
-70.4372
-70.4401
-70.4431
-70.446
-70.4489
-70.4517
-70.4545
-70.4573
-70.4601
-70.4628
-70.4655
-70.4682
-70.4708
-70.4734
-70.476
-70.4785
-70.481
-70.4835
-70.486
-70.4884
-70.4908
-70.4932
-70.4955
-70.4978
-70.5001
-70.5024
-70.5046
-70.5068
-70.509
-70.5112
-70.5133
-70.5154
-70.5175
-70.5196
-70.5216
-70.5236
-70.5256
-70.5276
-70.5295
-70.5315
-70.5334
-70.5352
-70.5371
-70.5389
-70.5407
-70.5425
-70.5443
-70.5461
-70.5478
-70.5495
-70.5512
-70.5528
-70.5545
-70.5561
-70.5577
-70.5593
-70.5609
-70.5624
-70.5639
-70.5655
-70.5669
-70.5684
-70.5699
-70.5713
-70.5727
-70.5741
-70.5755
-70.5769
-70.5782
-70.5796
-70.5809
-70.5822
-70.5835
-70.5848
-70.586
-70.5873
-70.5885
-70.5897
-70.5909
-70.5921
-70.5932
-70.5944
-70.5955
-70.5966
-70.5977
-70.5988
-70.5999
-70.601
-70.602
-70.603
-70.6041
-70.6051
-70.6061
-70.6071
-70.608
-70.609
-70.6099
-70.6109
-70.6118
-70.6127
-70.6136
-70.6145
-70.6154
-70.6162
-70.6171
-70.6179
-70.6187
-70.6196
-70.6204
-70.6212
-70.622
-70.6227
-70.6235
-70.6242
-70.625
-70.6257
-70.6265
-70.6272
-70.6279
-70.6286
-70.6293
-70.6299
-70.6306
-70.6313
-70.6319
-70.6325
-70.6332
-70.6338
-70.6344
-70.635
-70.6356
-70.6362
-70.6368
-70.6374
-70.6379
-70.6385
-70.639
-70.6396
-70.6401
-70.6406
-70.6411
-70.6417
-70.6422
-70.6427
-70.6431
-70.6436
-70.6441
-70.6446
-70.645
-70.6455
-70.6459
-70.6464
-70.6468
-70.6472
-70.6476
-70.6481
-70.6485
-70.6489
-70.6493
-70.6497
-70.65
-70.6504
-70.6508
-70.6512
-70.6515
-70.6519
-70.6522
-70.6526
-70.6529
-70.6533
-70.6536
-70.6539
-70.6542
-70.6545
-70.6549
-70.6552
-70.6555
-70.6558
-70.656
-70.6563
-70.6566
-70.6569
-70.6572
-70.6574
-70.6577
-70.658
-70.6582
-70.6585
-70.6587
-70.6589
-70.6592
-70.6594
-70.6597
-70.6599
-70.6601
-70.6603
-70.6605
-70.6607
-70.661
-70.6612
-70.6614
-70.6616
-70.6617
-70.6619
-70.6621
-70.6623
-70.6625
-70.6627
-70.6628
-70.663
-70.6632
-70.6633
-70.6635
-70.6637
-70.6638
-70.664
-70.6641
-70.6643
-70.6644
-70.6646
-70.6647
-70.6648
-70.665
-70.6651
-70.6652
-70.6653
-70.6655
-70.6656
-70.6657
-70.6658
-70.6659
-70.666
-70.6662
-70.6663
-70.6664
-70.6665
-70.6666
-70.6667
-70.6668
-70.6669
-70.667
-70.667
-70.6671
-70.6672
-70.6673
-70.6674
-70.6675
-70.6675
-70.6676
-70.6677
-70.6678
-70.6678
-70.6679
-70.668
-70.668
-70.6681
-70.6682
-70.6682
-70.6683
-70.6683
-70.6684
-70.6685
-70.6685
-70.6686
-70.6686
-70.6687
-70.6687
-70.6688
-70.6688
-70.6688
-70.6689
-70.6689
-70.669
-70.669
-70.669
-70.6691
-70.6691
-70.6691
-70.6692
-70.6692
-70.6692
-70.6693
-70.6693
-70.6693
-70.6694
-70.6694
-70.6694
-70.6694
-70.6694
-70.6695
-70.6695
-70.6695
-70.6695
-70.6695
-70.6696
-70.6696
-70.6696
-70.6696
-70.6696
-70.6696
-70.6696
-70.6697
-70.6697
-70.6697
-70.6697
-70.6697
-70.6697
-70.6697
-70.6697
-70.6697
-70.6697
-70.6697
-70.6697
-70.6697
-70.6697
-70.6697
-70.6697
-70.6697
-70.6697
-70.6697
-70.6697
-70.6697
-70.6697
-70.6697
-70.6697
-70.6697
-70.6697
-70.6697
-70.6697
-70.6697
-70.6697
-70.6697
-70.6697
-70.6697
-70.6697
-70.6697
-70.6696
-70.6696
-70.6696
-70.6696
-70.6696
-70.6696
-70.6696
-70.6696
-70.6696
-70.6695
-70.6695
-70.6695
-70.6695
-70.6695
-70.6695
-70.6695
-70.6695
-70.6694
-70.6694
-70.6694
-70.6694
-70.6694
-70.6694
-70.6693
-70.6693
-70.6693
-70.6693
-70.6693
-70.6693
-70.6693
-70.6692
-70.6692
-70.6692
-70.6692
-70.6692
-70.6691
-70.6691
-70.6691
-70.6691
-70.6691
-70.6691
-70.669
-70.669
-70.669
-70.669
-70.669
-70.6689
-70.6689
-70.6689
-70.6689
-70.6689
-70.6688
-70.6688
-70.6688
-70.6688
-70.6688
-70.6687
-70.6687
-70.6687
-70.6687
-70.6686
-70.6686
-70.6686
-70.6686
-70.6686
-70.6685
-70.6685
-70.6685
-70.6685
-70.6685
-70.6684
-70.6684
-70.6684
-70.6684
-70.6684
-70.6683
-70.6683
-70.6683
-70.6683
-70.6682
-70.6682
-70.6682
-70.6682
-70.6682
-70.6681
-70.6681
-70.6681
-70.6681
-70.6681
-70.6735
-70.844
-71.5069
-72.4177
-73.205
-73.7276
-55.9013
-51.5954
-49.5736
-47.1945
-38.4015
-3.74134
-33.9995
-66.056
-68.7983
-67.8172
-66.7523
-65.6635
-64.5693
-63.4874
-62.4349
-61.4275
-60.4779
-59.5713
-58.7254
-57.9639
-57.2836
-56.6847
-56.1616
-55.7068
-55.311
-54.972
-54.6828
-54.4399
-54.239
-54.0738
-53.936
-53.8217
-53.7282
-53.6524
-53.5921
-53.5448
-53.508
-53.4787
-53.4546
-53.4353
-53.4201
-53.4087
-53.4007
-53.3952
-53.3916
-53.3891
-53.3868
-53.3841
-53.382
-53.3806
-53.3801
-53.3805
-53.3815
-53.3829
-53.3846
-53.3865
-53.3876
-53.3882
-53.388
-53.387
-53.3866
-53.3865
-53.3871
-53.3881
-53.3894
-53.3909
-53.3924
-53.3941
-53.3957
-53.3973
-53.3989
-53.3999
-53.3987
-53.3978
-53.3967
-53.3949
-53.3928
-53.3914
-53.3899
-53.3886
-53.3869
-53.3835
-53.373
-53.2808
-53.2021
-53.2195
-53.2528
-53.2813
-53.3021
-53.3163
-53.3258
-53.3326
-53.338
-53.3431
-53.3484
-53.3547
-53.3712
-53.3861
-53.396
-53.4038
-53.4098
-53.4141
-53.4181
-53.4217
-53.4221
-53.4208
-53.4196
-53.42
-53.4217
-53.4243
-53.4278
-53.4319
-53.4367
-53.4421
-53.4482
-53.455
-53.4625
-53.4708
-53.4799
-53.4899
-53.5009
-53.513
-53.5261
-53.5405
-53.5563
-53.5735
-53.5923
-53.6127
-53.6351
-53.631
-53.5302
-53.4823
-53.467
-53.4662
-53.4536
-53.4388
-53.4345
-53.4364
-53.4413
-53.4478
-53.4537
-53.4442
-53.4308
-53.4226
-53.4206
-53.422
-53.4251
-53.4291
-53.4337
-53.4389
-53.4443
-53.4501
-53.4563
-53.4628
-53.4699
-53.4774
-53.4856
-53.4944
-53.504
-53.5148
-53.5263
-53.5388
-53.5523
-53.5669
-53.5828
-53.6002
-53.6204
-53.6423
-53.6656
-53.6916
-53.5726
-53.4739
-53.4411
-53.4345
-53.4385
-53.428
-53.4183
-53.4168
-53.4197
-53.4245
-53.4305
-53.4371
-53.4439
-53.451
-53.4586
-53.4507
-53.4297
-53.4179
-53.4144
-53.4148
-53.4169
-53.42
-53.4238
-53.4278
-53.4321
-53.4369
-53.4419
-53.4474
-53.4535
-53.4598
-53.4665
-53.4737
-53.4815
-53.4905
-53.5002
-53.5107
-53.5227
-53.5355
-53.5496
-53.5655
-53.5825
-53.6005
-53.6199
-53.6408
-53.6638
-53.6905
-53.7198
-53.7531
-53.7891
-53.6988
-53.4857
-53.4189
-53.4048
-53.4079
-53.401
-53.3957
-53.3972
-53.4021
-53.4085
-53.4153
-53.4221
-53.429
-53.4361
-53.4433
-53.4506
-53.458
-53.4658
-53.474
-53.4827
-53.4903
-53.4475
-53.4193
-53.4102
-53.4089
-53.4108
-53.4139
-53.4176
-53.4215
-53.4256
-53.4299
-53.4345
-53.4393
-53.4448
-53.4514
-53.4583
-53.4655
-53.4737
-53.4826
-53.492
-53.502
-53.5127
-53.5244
-53.5371
-53.552
-53.5697
-53.5891
-53.6106
-53.5026
-53.4453
-53.4274
-53.4249
-53.4283
-53.4342
-53.4412
-53.4298
-53.4208
-53.4188
-53.4207
-53.4243
-53.4288
-53.4337
-53.4391
-53.4449
-53.451
-53.4577
-53.4648
-53.4612
-53.4409
-53.4312
-53.4228
-53.4162
-53.4144
-53.4152
-53.4174
-53.4204
-53.4239
-53.4278
-53.4335
-53.4408
-53.4498
-53.4622
-53.4761
-53.49
-53.504
-53.5179
-53.5316
-53.5468
-53.5688
-53.6006
-53.6399
-53.6829
-53.7254
-53.7657
-53.8054
-53.8462
-53.8896
-53.9398
-54.0046
-54.0821
-54.1666
-54.2583
-54.353
-54.4494
-54.5488
-54.6538
-54.7657
-54.8903
-55.0358
-55.2045
-55.3914
-55.5918
-55.8039
-56.0234
-56.2491
-56.4859
-56.7348
-56.9985
-57.29
-57.6164
-57.9752
-58.3558
-58.753
-59.1618
-59.5754
-59.9903
-60.4086
-60.8345
-61.2789
-61.7535
-62.263
-62.7957
-63.3346
-63.8715
-64.3983
-64.9068
-65.3948
-65.863
-66.3186
-66.7723
-67.2395
-67.7175
-68.1926
-68.6507
-69.086
-69.491
-69.8656
-70.2112
-70.528
-70.8232
-71.1031
-71.3794
-71.6549
-71.9198
-72.1691
-72.3983
-72.6038
-72.7884
-72.9549
-73.1042
-73.2389
-73.3619
-73.4796
-73.5954
-73.7072
-73.8095
-73.9051
-73.9902
-74.0632
-74.1273
-74.1834
-74.2339
-74.2794
-74.3208
-74.3606
-74.4016
-74.4412
-74.4767
-74.5099
-74.5391
-74.5626
-74.5812
-74.5975
-74.6117
-74.6245
-74.6363
-74.6479
-74.6617
-74.6752
-74.6868
-74.6963
-74.7062
-74.7139
-74.7174
-74.7198
-74.7224
-74.7241
-74.7274
-74.7313
-74.7363
-74.7419
-74.7473
-74.7505
-74.7522
-74.7549
-74.7565
-74.7548
-74.7519
-74.7489
-74.7456
-74.7445
-74.7468
-74.7505
-74.754
-74.7562
-74.7566
-74.7555
-74.755
-74.7568
-74.7567
-74.7533
-74.7482
-74.7441
-74.7414
-74.7419
-74.7453
-74.7499
-74.7531
-74.7533
-74.7523
-74.75
-74.7485
-74.7478
-74.7463
-74.7412
-74.7342
-74.7288
-74.7258
-74.7252
-74.7272
-74.7322
-74.7381
-74.7398
-74.74
-74.7389
-74.7374
-74.7371
-74.7366
-74.7335
-74.7276
-74.721
-74.7156
-74.7147
-74.7143
-74.7168
-74.7208
-74.725
-74.726
-74.7277
-74.7268
-74.7246
-74.7235
-74.7206
-74.7158
-74.7094
-74.7034
-74.6962
-74.6947
-74.695
-74.6978
-74.7008
-74.7055
-74.7072
-74.7097
-74.7136
-74.7155
-74.7152
-74.7137
-74.7097
-74.7042
-74.6984
-74.6912
-74.685
-74.6812
-74.6794
-74.6798
-74.6827
-74.6865
-74.6899
-74.6919
-74.6945
-74.6964
-74.696
-74.695
-74.6931
-74.6879
-74.6836
-74.6783
-74.6716
-74.6659
-74.6632
-74.6602
-74.6594
-74.6614
-74.6674
-74.6729
-74.6761
-74.6797
-74.6819
-74.6812
-74.6798
-74.6788
-74.678
-74.6745
-74.6691
-74.663
-74.6559
-74.65
-74.6461
-74.6422
-74.6393
-74.6409
-74.6454
-74.6501
-74.6551
-74.6584
-74.6597
-74.6601
-74.6577
-74.6543
-74.6529
-74.6526
-74.6493
-74.6454
-74.6416
-74.6359
-74.6313
-74.6272
-74.623
-74.6198
-74.62
-74.6228
-74.629
-74.6343
-74.6373
-74.6403
-74.64
-74.6404
-74.6388
-74.6338
-74.6299
-74.6289
-74.6269
-74.6241
-74.6198
-74.6124
-74.6096
-74.6079
-74.6068
-74.6025
-74.5996
-74.5988
-74.6001
-74.6038
-74.6056
-74.6089
-74.6123
-74.6129
-74.6117
-74.6117
-74.6105
-74.608
-74.6027
-74.5977
-74.5978
-74.5967
-74.59
-74.5832
-74.5788
-74.5775
-74.5761
-74.5767
-74.5785
-74.5807
-74.5818
-74.5823
-74.5809
-74.5771
-74.5776
-74.5833
-74.5875
-74.586
-74.5817
-74.5778
-74.5741
-74.5691
-74.5639
-74.5633
-74.5638
-74.5618
-74.5554
-74.5499
-74.5477
-74.5458
-74.5445
-74.5459
-74.5484
-74.5507
-74.5505
-74.5471
-74.5454
-74.5458
-74.5466
-74.5445
-74.5428
-74.543
-74.5439
-74.5465
-74.5455
-74.5415
-74.5358
-74.5294
-74.5239
-74.5233
-74.524
-74.5244
-74.5251
-74.5229
-74.5162
-74.5106
-74.5076
-74.5059
-74.5072
-74.5122
-74.5141
-74.5134
-74.5096
-74.5064
-74.504
-74.505
-74.506
-74.5052
-74.502
-74.4999
-74.497
-74.4934
-74.4892
-74.4856
-74.4859
-74.4842
-74.4792
-74.4753
-74.473
-74.4697
-74.4673
-74.4645
-74.4598
-74.4605
-74.4631
-74.4658
-74.4668
-74.4637
-74.4614
-74.464
-74.4628
-74.4605
-74.4584
-74.4508
-74.4445
-74.4399
-74.436
-74.4382
-74.4428
-74.446
-74.4438
-74.4394
-74.4312
-74.4214
-74.4153
-74.4127
-74.4087
-74.4041
-74.4015
-74.3997
-74.4055
-74.4189
-74.4252
-74.4245
-74.4194
-74.4119
-74.4031
-74.3984
-74.3952
-74.3944
-74.3995
-74.4077
-74.4123
-74.4106
-74.4098
-74.4118
-74.412
-74.4054
-74.3974
-74.3902
-74.3831
-74.3762
-74.373
-74.3692
-74.3646
-74.3623
-74.3611
-74.3597
-74.3567
-74.357
-74.356
-74.3502
-74.3424
-74.3351
-74.3278
-74.3167
-74.3063
-74.3005
-74.2989
-74.2979
-74.3033
-74.3116
-74.317
-74.3152
-74.31
-74.3068
-74.3079
-74.3106
-74.3098
-74.3065
-74.3027
-74.2973
-74.297
-74.2962
-74.2966
-74.2909
-74.2833
-74.279
-74.2854
-74.2954
-74.3017
-74.3042
-74.3091
-74.3099
-74.3019
-74.2872
-74.2725
-74.2636
-74.2551
-74.2421
-74.2302
-74.2271
-74.2223
-74.2175
-74.2175
-74.2213
-74.2226
-74.2188
-74.2084
-74.1929
-74.1787
-74.1677
-74.1606
-74.158
-74.157
-74.1561
-74.1571
-74.1605
-74.1643
-74.1646
-74.1612
-74.1555
-74.1505
-74.1445
-74.1407
-74.143
-74.1403
-74.1345
-74.1259
-74.1151
-74.1083
-74.1143
-74.1246
-74.1256
-74.1199
-74.1169
-74.1178
-74.1177
-74.1118
-74.1051
-74.1015
-74.1046
-74.1126
-74.1219
-74.1313
-74.1354
-74.1323
-74.124
-74.1124
-74.104
-74.0965
-74.0925
-74.0883
-74.0839
-74.08
-74.0765
-74.0734
-74.0733
-74.0723
-74.0644
-74.0525
-74.0418
-74.0449
-74.0488
-74.0438
-74.0306
-74.0166
-74.0153
-74.0169
-74.0197
-74.0169
-74.007
-73.9946
-73.9796
-73.9667
-73.9524
-73.9362
-73.9221
-73.9092
-73.9026
-73.9008
-73.908
-73.9261
-73.9414
-73.9533
-73.9671
-73.971
-73.9691
-73.9658
-73.958
-73.9473
-73.9315
-73.9122
-73.8986
-73.8841
-73.8717
-73.8668
-73.8579
-73.8435
-73.8288
-73.811
-73.7917
-73.7811
-73.7791
-73.7826
-73.7885
-73.7878
-73.7791
-73.7738
-73.7728
-73.7778
-73.7867
-73.7919
-73.7941
-73.8003
-73.8069
-73.8049
-73.7946
-73.786
-73.7818
-73.7817
-73.7763
-73.7706
-73.773
-73.778
-73.7899
-73.7978
-73.7956
-73.7895
-73.785
-73.7821
-73.7746
-73.7648
-73.7597
-73.753
-73.7448
-73.7312
-73.7126
-73.6909
-73.6734
-73.6625
-73.6671
-73.672
-73.6721
-73.6677
-73.6563
-73.6392
-73.618
-73.5938
-73.5677
-73.54
-73.5132
-73.4923
-73.4711
-73.4473
-73.4214
-73.3938
-73.3651
-73.3358
-73.3248
-73.3297
-73.3509
-73.3717
-73.394
-73.4083
-73.4109
-73.411
-73.4073
-73.4032
-73.4065
-73.4052
-73.3971
-73.3904
-73.39
-73.3962
-73.3958
-73.3894
-73.3937
-73.4037
-73.4067
-73.4008
-73.3882
-73.3709
-73.3505
-73.3391
-73.3407
-73.3497
-73.3562
-73.3613
-73.3779
-73.3906
-73.3925
-73.3869
-73.4031
-73.4327
-73.4697
-73.4938
-73.5027
-73.5016
-73.502
-73.5043
-73.5007
-73.4902
-73.4745
-73.4549
-73.4328
-73.4086
-73.3831
-73.3564
-73.329
-73.3009
-73.2723
-73.2434
-73.2142
-73.1848
-73.1554
-73.1259
-73.0973
-73.0872
-73.0839
-73.0757
-73.0619
-73.0439
-73.023
-73.004
-72.9931
-72.981
-72.968
-72.9616
-72.9533
-72.9403
-72.9235
-72.9039
-72.8854
-72.8761
-72.8662
-72.8525
-72.8353
-72.8157
-72.7944
-72.772
-72.7487
-72.725
-72.7009
-72.6766
-72.6521
-72.6276
-72.6031
-72.5787
-72.5543
-72.5301
-72.5064
-72.4947
-72.4885
-72.4793
-72.4663
-72.4506
-72.4329
-72.4139
-72.3942
-72.3738
-72.3532
-72.3323
-72.3113
-72.2903
-72.2693
-72.2484
-72.2276
-72.2069
-72.1863
-72.1659
-72.1456
-72.1255
-72.1056
-72.0859
-72.0664
-72.0471
-72.0279
-72.009
-71.9903
-71.9718
-71.9534
-71.9353
-71.9174
-71.8997
-71.8822
-71.8649
-71.8478
-71.8309
-71.8141
-71.7976
-71.7813
-71.7651
-71.7492
-71.7334
-71.7179
-71.7025
-71.6873
-71.6723
-71.6574
-71.6428
-71.6283
-71.614
-71.5998
-71.5859
-71.5721
-71.5584
-71.545
-71.5317
-71.5186
-71.5056
-71.4928
-71.4801
-71.4676
-71.4553
-71.4431
-71.431
-71.4192
-71.4074
-71.3958
-71.3844
-71.3731
-71.3619
-71.3509
-71.34
-71.3293
-71.3186
-71.3082
-71.2978
-71.2876
-71.2776
-71.2676
-71.2578
-71.2482
-71.2386
-71.2292
-71.2199
-71.2107
-71.2016
-71.1926
-71.1838
-71.1751
-71.1665
-71.158
-71.1496
-71.1413
-71.1331
-71.1251
-71.1171
-71.1093
-71.1015
-71.0939
-71.0864
-71.0789
-71.0716
-71.0643
-71.0572
-71.0501
-71.0432
-71.0363
-71.0295
-71.0229
-71.0163
-71.0098
-71.0034
-70.997
-70.9908
-70.9847
-70.9786
-70.9726
-70.9667
-70.9609
-70.9551
-70.9495
-70.9439
-70.9384
-70.933
-70.9276
-70.9223
-70.9171
-70.912
-70.9069
-70.9019
-70.897
-70.8922
-70.8874
-70.8827
-70.878
-70.8735
-70.8689
-70.8645
-70.8601
-70.8558
-70.8515
-70.8473
-70.8432
-70.8391
-70.8351
-70.8312
-70.8273
-70.8234
-70.8196
-70.8159
-70.8122
-70.8086
-70.8051
-70.8015
-70.7981
-70.7947
-70.7913
-70.788
-70.7848
-70.7816
-70.7784
-70.7753
-70.7722
-70.7692
-70.7663
-70.7633
-70.7605
-70.7576
-70.7549
-70.7521
-70.7494
-70.7468
-70.7442
-70.7416
-70.7391
-70.7366
-70.7341
-70.7317
-70.7293
-70.727
-70.7247
-70.7224
-70.7202
-70.718
-70.7159
-70.7138
-70.7117
-70.7097
-70.7077
-70.7057
-70.7037
-70.7018
-70.7
-70.6981
-70.6963
-70.6945
-70.6928
-70.691
-70.6894
-70.6877
-70.6861
-70.6845
-70.6829
-70.6813
-70.6798
-70.6783
-70.6769
-70.6754
-70.674
-70.6726
-70.6713
-70.6699
-70.6686
-70.6674
-70.6661
-70.6649
-70.6636
-70.6625
-70.6613
-70.6601
-70.659
-70.6579
-70.6568
-70.6558
-70.6547
-70.6537
-70.6527
-70.6518
-70.6508
-70.6499
-70.649
-70.6481
-70.6472
-70.6463
-70.6455
-70.6447
-70.6438
-70.6431
-70.6423
-70.6415
-70.6408
-70.6401
-70.6394
-70.6387
-70.638
-70.6374
-70.6367
-70.6361
-70.6355
-70.6349
-70.6343
-70.6337
-70.6332
-70.6326
-70.6321
-70.6316
-70.6311
-70.6306
-70.6301
-70.6297
-70.6292
-70.6288
-70.6283
-70.6279
-70.6275
-70.6271
-70.6268
-70.6264
-70.626
-70.6257
-70.6254
-70.625
-70.6247
-70.6244
-70.6241
-70.6238
-70.6236
-70.6233
-70.623
-70.6228
-70.6225
-70.6223
-70.6221
-70.6219
-70.6217
-70.6215
-70.6213
-70.6211
-70.6209
-70.6208
-70.6206
-70.6205
-70.6203
-70.6202
-70.6201
-70.62
-70.6198
-70.6197
-70.6196
-70.6195
-70.6195
-70.6194
-70.6193
-70.6192
-70.6192
-70.6191
-70.6191
-70.619
-70.619
-70.619
-70.6189
-70.6189
-70.6189
-70.6189
-70.6189
-70.6189
-70.6189
-70.6189
-70.6189
-70.6189
-70.6189
-70.6189
-70.619
-70.619
-70.619
-70.6191
-70.6191
-70.6192
-70.6192
-70.6193
-70.6194
-70.6194
-70.6195
-70.6196
-70.6196
-70.6197
-70.6198
-70.6199
-70.62
-70.62
-70.6201
-70.6202
-70.6203
-70.6204
-70.6205
-70.6206
-70.6207
-70.6209
-70.621
-70.6211
-70.6212
-70.6213
-70.6214
-70.6216
-70.6217
-70.6218
-70.622
-70.6221
-70.6222
-70.6224
-70.6225
-70.6226
-70.6228
-70.6229
-70.6231
-70.6232
-70.6234
-70.6235
-70.6237
-70.6238
-70.624
-70.6241
-70.6243
-70.6244
-70.6246
-70.6248
-70.6249
-70.6251
-70.6252
-70.6254
-70.6256
-70.6257
-70.6259
-70.6261
-70.6262
-70.6264
-70.6266
-70.6267
-70.6269
-70.6271
-70.6273
-70.6274
-70.6276
-70.6278
-70.6279
-70.6281
-70.6283
-70.6285
-70.6286
-70.6288
-70.629
-70.6292
-70.6294
-70.6295
-70.6297
-70.6299
-70.6301
-70.6302
-70.6304
-70.6306
-70.6308
-70.631
-70.6311
-70.6313
-70.6315
-70.6317
-70.6319
-70.632
-70.6322
-70.6324
-70.6326
-70.6327
-70.6329
-70.6331
-70.6333
-70.6335
-70.6336
-70.6338
-70.634
-70.6342
-70.6343
-70.6345
-70.6347
-70.6349
-70.6351
-70.6352
-70.6354
-70.6356
-70.6358
-70.6359
-70.6361
-70.6363
-70.6365
-70.6366
-70.6368
-70.637
-70.6371
-70.6373
-70.6375
-70.6377
-70.6378
-70.638
-70.6382
-70.6383
-70.6385
-70.6387
-70.6388
-70.639
-70.6392
-70.6393
-70.6395
-70.6397
-70.6398
-70.64
-70.6401
-70.6403
-70.6405
-70.6406
-70.6408
-70.641
-70.6411
-70.6413
-70.6414
-70.6416
-70.6417
-70.6419
-70.6421
-70.6422
-70.6424
-70.6425
-70.6427
-70.6428
-70.643
-70.6431
-70.6433
-70.6434
-70.6436
-70.6437
-70.6439
-70.644
-70.6442
-70.6443
-70.6444
-70.6446
-70.6447
-70.6449

