-70
-70.1661
-70.23
-70.2566
-70.2695
-70.2773
-70.283
-70.2879
-70.2925
-70.297
-70.3014
-70.3057
-70.31
-70.3142
-70.3185
-70.3226
-70.3268
-70.3309
-70.335
-70.3391
-70.3431
-70.3471
-70.351
-70.3549
-70.3588
-70.3626
-70.3664
-70.3701
-70.3738
-70.3775
-70.3811
-70.3847
-70.3883
-70.3918
-70.3953
-70.3987
-70.4021
-70.4055
-70.4088
-70.4121
-70.4154
-70.4186
-70.4218
-70.4249
-70.428
-70.4311
-70.4341
-70.4372
-70.4401
-70.4431
-70.446
-70.4489
-70.4517
-70.4545
-70.4573
-70.4601
-70.4628
-70.4655
-70.4682
-70.4708
-70.4734
-70.476
-70.4785
-70.481
-70.4835
-70.486
-70.4884
-70.4908
-70.4932
-70.4955
-70.4978
-70.5001
-70.5024
-70.5046
-70.5068
-70.509
-70.5112
-70.5133
-70.5154
-70.5175
-70.5196
-70.5216
-70.5236
-70.5256
-70.5276
-70.5295
-70.5315
-70.5334
-70.5352
-70.5371
-70.5389
-70.5407
-70.5425
-70.5443
-70.5461
-70.5478
-70.5495
-70.5512
-70.5528
-70.5545
-70.5561
-70.5577
-70.5593
-70.5609
-70.5624
-70.5639
-70.5655
-70.5669
-70.5684
-70.5699
-70.5713
-70.5727
-70.5741
-70.5755
-70.5769
-70.5782
-70.5796
-70.5809
-70.5822
-70.5835
-70.5848
-70.586
-70.5873
-70.5885
-70.5897
-70.5909
-70.5921
-70.5932
-70.5944
-70.5955
-70.5966
-70.5977
-70.5988
-70.5999
-70.601
-70.602
-70.603
-70.6041
-70.6051
-70.6061
-70.6071
-70.608
-70.609
-70.6099
-70.6109
-70.6118
-70.6127
-70.6136
-70.6145
-70.6154
-70.6162
-70.6171
-70.6179
-70.6187
-70.6196
-70.6204
-70.6212
-70.622
-70.6227
-70.6235
-70.6242
-70.625
-70.6257
-70.6265
-70.6272
-70.6279
-70.6286
-70.6293
-70.6299
-70.6306
-70.6313
-70.6319
-70.6325
-70.6332
-70.6338
-70.6344
-70.635
-70.6356
-70.6362
-70.6368
-70.6374
-70.6379
-70.6385
-70.639
-70.6396
-70.6401
-70.6406
-70.6411
-70.6417
-70.6422
-70.6427
-70.6431
-70.6436
-70.6441
-70.6446
-70.645
-70.6455
-70.6459
-70.6464
-70.6468
-70.6472
-70.6476
-70.6481
-70.6485
-70.6489
-70.6493
-70.6497
-70.65
-70.6504
-70.6508
-70.6512
-70.6515
-70.6519
-70.6522
-70.6526
-70.6529
-70.6533
-70.6536
-70.6539
-70.6542
-70.6545
-70.6549
-70.6552
-70.6555
-70.6558
-70.656
-70.6563
-70.6566
-70.6569
-70.6572
-70.6574
-70.6577
-70.658
-70.6582
-70.6585
-70.6587
-70.6589
-70.6592
-70.6594
-70.6597
-70.6599
-70.6601
-70.6603
-70.6605
-70.6607
-70.661
-70.6612
-70.6614
-70.6616
-70.6617
-70.6619
-70.6621
-70.6623
-70.6625
-70.6627
-70.6628
-70.663
-70.6632
-70.6633
-70.6635
-70.6637
-70.6638
-70.664
-70.6641
-70.6643
-70.6644
-70.6646
-70.6647
-70.6648
-70.665
-70.6651
-70.6652
-70.6653
-70.6655
-70.6656
-70.6657
-70.6658
-70.6659
-70.666
-70.6662
-70.6663
-70.6664
-70.6665
-70.6666
-70.6667
-70.6668
-70.6669
-70.667
-70.667
-70.6671
-70.6672
-70.6673
-70.6674
-70.6675
-70.6675
-70.6676
-70.6677
-70.6678
-70.6678
-70.6679
-70.668
-70.668
-70.6681
-70.6682
-70.6682
-70.6683
-70.6683
-70.6684
-70.6685
-70.6685
-70.6686
-70.6686
-70.6687
-70.6687
-70.6688
-70.6688
-70.6688
-70.6689
-70.6689
-70.669
-70.669
-70.669
-70.6691
-70.6691
-70.6691
-70.6692
-70.6692
-70.6692
-70.6693
-70.6693
-70.6693
-70.6694
-70.6694
-70.6694
-70.6694
-70.6694
-70.6695
-70.6695
-70.6695
-70.6695
-70.6695
-70.6696
-70.6696
-70.6696
-70.6696
-70.6696
-70.6696
-70.6696
-70.6697
-70.6697
-70.6697
-70.6697
-70.6697
-70.6697
-70.6697
-70.6697
-70.6697
-70.6697
-70.6697
-70.6697
-70.6697
-70.6697
-70.6697
-70.6697
-70.6697
-70.6697
-70.6697
-70.6697
-70.6697
-70.6697
-70.6697
-70.6697
-70.6697
-70.6697
-70.6697
-70.6697
-70.6697
-70.6697
-70.6697
-70.6697
-70.6697
-70.6697
-70.6697
-70.6696
-70.6696
-70.6696
-70.6696
-70.6696
-70.6696
-70.6696
-70.6696
-70.6696
-70.6695
-70.6695
-70.6695
-70.6695
-70.6695
-70.6695
-70.6695
-70.6695
-70.6694
-70.6694
-70.6694
-70.6694
-70.6694
-70.6694
-70.6693
-70.6693
-70.6693
-70.6693
-70.6693
-70.6693
-70.6693
-70.6692
-70.6692
-70.6692
-70.6692
-70.6692
-70.6691
-70.6691
-70.6691
-70.6691
-70.6691
-70.6691
-70.669
-70.669
-70.669
-70.669
-70.669
-70.6689
-70.6689
-70.6689
-70.6689
-70.6689
-70.6688
-70.6688
-70.6688
-70.6688
-70.6688
-70.6687
-70.6687
-70.6687
-70.6687
-70.6686
-70.6686
-70.6686
-70.6686
-70.6686
-70.6685
-70.6685
-70.6685
-70.6685
-70.6685
-70.6684
-70.6684
-70.6684
-70.6684
-70.6684
-70.6683
-70.6683
-70.6683
-70.6683
-70.6682
-70.6682
-70.6682
-70.6682
-70.6682
-70.6681
-70.6681
-70.6681
-70.6681
-70.6681
-70.6805
-71.0516
-71.9368
-72.8348
-73.5128
-73.9581
-74.1922
-74.3032
-74.3557
-74.3816
-74.4067
-74.4539
-74.5118
-74.5704
-74.6199
-74.6525
-74.6676
-74.6713
-74.6682
-74.6615
-74.6554
-74.6654
-74.6884
-74.7157
-74.7404
-74.7566
-74.7613
-74.7577
-74.7492
-74.7378
-74.7243
-74.7097
-74.6954
-74.6799
-74.663
-74.6449
-74.6253
-74.6042
-74.5814
-74.5571
-74.5316
-74.505
-74.4772
-74.4486
-74.4191
-74.3887
-74.3577
-74.3259
-74.2937
-74.2609
-74.2277
-74.1941
-74.1601
-74.126
-74.0916
-74.0571
-74.0225
-73.9878
-73.9531
-73.9184
-73.8838
-73.8492
-73.8147
-73.7804
-73.7462
-73.7122
-73.6784
-73.6448
-73.6114
-73.5782
-73.5453
-73.5126
-73.4801
-73.4479
-73.416
-73.3844
-73.353
-73.322
-73.2912
-73.2606
-73.2304
-73.2005
-73.1708
-73.1414
-73.1123
-73.0835
-73.0549
-73.0267
-72.9987
-72.971
-72.9435
-72.9164
-72.8895
-72.8629
-72.8365
-72.8105
-72.7846
-72.7591
-72.7338
-72.7088
-72.684
-72.6595
-72.6353
-72.6113
-72.5875
-72.564
-72.5407
-72.5177
-72.4949
-72.4724
-72.4501
-72.4281
-72.4062
-72.3846
-72.3633
-72.3422
-72.3213
-72.3006
-72.2802
-72.26
-72.24
-72.2202
-72.2006
-72.1812
-72.1621
-72.1431
-72.1244
-72.1059
-72.0876
-72.0694
-72.0515
-72.0338
-72.0162
-71.9989
-71.9817
-71.9647
-71.948
-71.9314
-71.9149
-71.8987
-71.8827
-71.8668
-71.8511
-71.8356
-71.8202
-71.805
-71.79
-71.7752
-71.7605
-71.746
-71.7316
-71.7175
-71.7034
-71.6896
-71.6759
-71.6623
-71.6489
-71.6356
-71.6225
-71.6096
-71.5968
-71.5841
-71.5716
-71.5592
-71.547
-71.5349
-71.523
-71.5112
-71.4995
-71.488
-71.4767
-71.4803
-71.4932
-71.5148
-71.5418
-71.5612
-71.5721
-71.5767
-71.5769
-71.574
-71.569
-71.5663
-71.5724
-71.5803
-71.5945
-71.6059
-71.6116
-71.6126
-71.6101
-71.6052
-71.5987
-71.5911
-71.5904
-71.5944
-71.6025
-71.6136
-71.6204
-71.6223
-71.6204
-71.6159
-71.6096
-71.602
-71.5942
-71.5954
-71.5996
-71.6089
-71.6203
-71.6269
-71.6286
-71.6266
-71.622
-71.6156
-71.608
-71.5995
-71.5988
-71.6032
-71.6122
-71.6243
-71.6318
-71.6342
-71.6327
-71.6284
-71.6223
-71.6148
-71.6064
-71.6011
-71.6049
-71.6109
-71.6234
-71.6332
-71.6376
-71.6376
-71.6344
-71.629
-71.622
-71.614
-71.6052
-71.6032
-71.6077
-71.6149
-71.6273
-71.6361
-71.6395
-71.6388
-71.6351
-71.6293
-71.6221
-71.614
-71.6051
-71.6019
-71.6064
-71.613
-71.6257
-71.6353
-71.6394
-71.6391
-71.6358
-71.6303
-71.6233
-71.6153
-71.6065
-71.5985
-71.6008
-71.6055
-71.6166
-71.6288
-71.6358
-71.6378
-71.636
-71.6316
-71.6254
-71.618
-71.6178
-71.6222
-71.6297
-71.6412
-71.6487
-71.6511
-71.6497
-71.6456
-71.6395
-71.6321
-71.6238
-71.6208
-71.6251
-71.6313
-71.6434
-71.6523
-71.656
-71.6554
-71.6519
-71.6462
-71.6391
-71.631
-71.6221
-71.6189
-71.6233
-71.6289
-71.6411
-71.6508
-71.6552
-71.6552
-71.6555
-71.6806
-71.7951
-72.0436
-72.3091
-72.566
-72.7948
-72.9624
-73.0723
-73.147
-73.2263
-73.3672
-73.5956
-73.8565
-74.0816
-74.2416
-74.3423
-74.396
-74.4203
-74.4303
-74.4448
-74.4784
-74.5323
-74.5934
-74.6476
-74.6826
-74.7014
-74.7073
-74.7045
-74.6979
-74.6935
-74.6956
-74.7087
-74.7296
-74.7514
-74.7653
-74.7714
-74.7712
-74.7656
-74.7562
-74.7465
-74.7401
-74.7402
-74.7494
-74.7625
-74.7756
-74.7809
-74.7812
-74.7768
-74.768
-74.7567
-74.7473
-74.7424
-74.7446
-74.7544
-74.7669
-74.7777
-74.781
-74.7798
-74.7751
-74.7658
-74.7553
-74.7464
-74.7418
-74.7434
-74.752
-74.7631
-74.7724
-74.7762
-74.7753
-74.7719
-74.7645
-74.7554
-74.7475
-74.7427
-74.7428
-74.7483
-74.7582
-74.7669
-74.7713
-74.7709
-74.7679
-74.7623
-74.7544
-74.7468
-74.7405
-74.7387
-74.7411
-74.7484
-74.758
-74.7648
-74.767
-74.7651
-74.7614
-74.7565
-74.7509
-74.7443
-74.7399
-74.7377
-74.7391
-74.7444
-74.7522
-74.7581
-74.759
-74.756
-74.7526
-74.7499
-74.7471
-74.7432
-74.7399
-74.7375
-74.7374
-74.7397
-74.7459
-74.7524
-74.7545
-74.7519
-74.7478
-74.7447
-74.7422
-74.7408
-74.7376
-74.7346
-74.7318
-74.7314
-74.7339
-74.74
-74.7458
-74.7472
-74.745
-74.7418
-74.7389
-74.7378
-74.7374
-74.7358
-74.7335
-74.7301
-74.7287
-74.7297
-74.7332
-74.7377
-74.7403
-74.7386
-74.7343
-74.7303
-74.7296
-74.7289
-74.7279
-74.7276
-74.7259
-74.724
-74.7238
-74.7253
-74.7293
-74.7338
-74.735
-74.733
-74.7284
-74.7258
-74.7255
-74.7246
-74.7225
-74.721
-74.7202
-74.7183
-74.7169
-74.7166
-74.7191
-74.7224
-74.7247
-74.7237
-74.7208
-74.7181
-74.7179
-74.7172
-74.7167
-74.7149
-74.7127
-74.7121
-74.7114
-74.7119
-74.7121
-74.7138
-74.7169
-74.7189
-74.7176
-74.7158
-74.7134
-74.7132
-74.711
-74.7092
-74.7076
-74.7033
-74.6992
-74.6975
-74.6978
-74.6996
-74.7
-74.7026
-74.706
-74.7081
-74.7083
-74.7066
-74.7065
-74.7059
-74.7055
-74.7052
-74.7012
-74.6961
-74.6931
-74.6893
-74.6869
-74.6872
-74.6887
-74.6907
-74.6948
-74.6993
-74.7019
-74.701
-74.6994
-74.6978
-74.6962
-74.6952
-74.6936
-74.6884
-74.6809
-74.6769
-74.6741
-74.6713
-74.6687
-74.6693
-74.6709
-74.676
-74.682
-74.6886
-74.6927
-74.6936
-74.6934
-74.6912
-74.6896
-74.6894
-74.6863
-74.68
-74.6717
-74.6661
-74.6622
-74.6592
-74.6568
-74.6546
-74.6555
-74.6589
-74.6622
-74.6678
-74.6743
-74.6787
-74.6824
-74.6804
-74.6786
-74.6767
-74.6754
-74.6707
-74.6633
-74.6549
-74.6487
-74.6444
-74.6404
-74.6377
-74.6354
-74.6352
-74.6358
-74.639
-74.6448
-74.65
-74.6567
-74.6632
-74.6688
-74.672
-74.6714
-74.6687
-74.6667
-74.6612
-74.6555
-74.6478
-74.6389
-74.632
-74.6276
-74.6231
-74.6211
-74.6212
-74.6194
-74.6164
-74.6163
-74.62
-74.6254
-74.6289
-74.6339
-74.6409
-74.6442
-74.6472
-74.6497
-74.6487
-74.6442
-74.639
-74.6329
-74.6253
-74.6188
-74.612
-74.6055
-74.6005
-74.5972
-74.5976
-74.5982
-74.5973
-74.5947
-74.5922
-74.5938
-74.5993
-74.6049
-74.6086
-74.6121
-74.6185
-74.6246
-74.6258
-74.6281
-74.6301
-74.6293
-74.6229
-74.6138
-74.6058
-74.5975
-74.5882
-74.5839
-74.5817
-74.5797
-74.5781
-74.576
-74.5759
-74.5764
-74.5736
-74.5681
-74.5632
-74.5657
-74.5695
-74.571
-74.5725
-74.574
-74.5756
-74.579
-74.5821
-74.5857
-74.5911
-74.5937
-74.594
-74.59
-74.5816
-74.5711
-74.5602
-74.5504
-74.5442
-74.5386
-74.5371
-74.5402
-74.5419
-74.5452
-74.5472
-74.5466
-74.5418
-74.5319
-74.5247
-74.5222
-74.5187
-74.5219
-74.5281
-74.5352
-74.5396
-74.5418
-74.5404
-74.5382
-74.5411
-74.5478
-74.5515
-74.5523
-74.5519
-74.5521
-74.5502
-74.5449
-74.5394
-74.531
-74.5181
-74.5082
-74.5016
-74.4961
-74.4962
-74.4987
-74.4995
-74.5005
-74.5013
-74.5011
-74.5009
-74.4958
-74.4869
-74.4776
-74.4675
-74.4579
-74.4541
-74.4577
-74.4697
-74.4805
-74.4901
-74.4944
-74.4905
-74.4849
-74.4784
-74.4795
-74.4848
-74.4867
-74.4836
-74.4772
-74.4694
-74.4662
-74.4677
-74.47
-74.4708
-74.4669
-74.4651
-74.4634
-74.4596
-74.4515
-74.4413
-74.4307
-74.4194
-74.4124
-74.4061
-74.4047
-74.4063
-74.4127
-74.4204
-74.4249
-74.4217
-74.4132
-74.4017
-74.3895
-74.3772
-74.3682
-74.3668
-74.3677
-74.3716
-74.388
-74.4015
-74.4077
-74.4102
-74.4073
-74.404
-74.4065
-74.4102
-74.4109
-74.4077
-74.405
-74.4028
-74.4012
-74.3957
-74.3887
-74.382
-74.3737
-74.3639
-74.3587
-74.3574
-74.3612
-74.3689
-74.3753
-74.3766
-74.3731
-74.3654
-74.3533
-74.3374
-74.3217
-74.3112
-74.3013
-74.2955
-74.2956
-74.2968
-74.3019
-74.3096
-74.3112
-74.3136
-74.3156
-74.3145
-74.3084
-74.2977
-74.2886
-74.2834
-74.2873
-74.2921
-74.289
-74.2795
-74.2692
-74.2587
-74.2522
-74.2558
-74.2599
-74.2591
-74.2568
-74.2601
-74.267
-74.2706
-74.2728
-74.2776
-74.2863
-74.2941
-74.2968
-74.2994
-74.2988
-74.2934
-74.2881
-74.2826
-74.2804
-74.2757
-74.2661
-74.2528
-74.2422
-74.2315
-74.2168
-74.202
-74.1916
-74.1779
-74.1659
-74.1558
-74.1488
-74.1444
-74.1418
-74.1358
-74.1311
-74.1217
-74.1093
-74.0992
-74.0969
-74.1025
-74.1047
-74.1034
-74.1009
-74.1033
-74.1043
-74.0979
-74.0891
-74.0864
-74.091
-74.1022
-74.1125
-74.114
-74.1099
-74.1068
-74.1077
-74.109
-74.1031
-74.0929
-74.0815
-74.0784
-74.0738
-74.0666
-74.0688
-74.0769
-74.0827
-74.0834
-74.0825
-74.0779
-74.0725
-74.0622
-74.0555
-74.0503
-74.0456
-74.0416
-74.0445
-74.05
-74.0547
-74.0609
-74.0605
-74.0512
-74.0371
-74.0307
-74.0367
-74.0424
-74.0421
-74.0334
-74.0177
-73.9976
-73.9821
-73.9673
-73.9586
-73.9523
-73.9406
-73.9327
-73.9299
-73.9318
-73.9371
-73.9544
-73.9702
-73.9739
-73.9694
-73.9677
-73.965
-73.9644
-73.9701
-73.974
-73.9699
-73.9639
-73.9564
-73.9465
-73.934
-73.9207
-73.9099
-73.8961
-73.8773
-73.858
-73.839
-73.8169
-73.7917
-73.7672
-73.7514
-73.7382
-73.7254
-73.7085
-73.687
-73.6621
-73.6353
-73.6133
-73.5978
-73.5836
-73.5722
-73.5695
-73.5674
-73.5645
-73.5631
-73.5585
-73.5484
-73.5394
-73.5269
-73.5152
-73.5064
-73.5029
-73.5078
-73.5117
-73.5179
-73.5289
-73.5457
-73.5581
-73.5654
-73.5636
-73.5555
-73.5481
-73.5376
-73.5302
-73.5281
-73.5285
-73.529
-73.5259
-73.5158
-73.5
-73.48
-73.4571
-73.433
-73.4167
-73.4085
-73.4058
-73.4129
-73.4204
-73.4207
-73.42
-73.414
-73.4079
-73.4007
-73.3888
-73.3857
-73.3941
-73.3993
-73.403
-73.3998
-73.3893
-73.3734
-73.3552
-73.3436
-73.34
-73.3413
-73.3388
-73.3371
-73.3319
-73.3206
-73.3043
-73.2843
-73.2618
-73.2438
-73.2362
-73.2313
-73.2215
-73.2063
-73.1927
-73.183
-73.1701
-73.1531
-73.1328
-73.1138
-73.1039
-73.1022
-73.0976
-73.087
-73.0715
-73.0524
-73.0313
-73.0175
-73.0066
-72.9923
-72.9746
-72.957
-72.9476
-72.9373
-72.9305
-72.9268
-72.9186
-72.9094
-72.9061
-72.8996
-72.8881
-72.8726
-72.8541
-72.8337
-72.8118
-72.789
-72.7656
-72.7416
-72.7173
-72.6928
-72.6682
-72.6435
-72.6189
-72.5942
-72.5697
-72.5452
-72.5209
-72.4967
-72.4727
-72.4489
-72.4253
-72.4019
-72.3787
-72.3596
-72.3544
-72.3499
-72.3413
-72.3291
-72.3142
-72.2976
-72.2798
-72.2612
-72.2422
-72.2228
-72.2032
-72.1835
-72.1638
-72.1442
-72.1245
-72.105
-72.0856
-72.0663
-72.0472
-72.0282
-72.0094
-71.9907
-71.9723
-71.954
-71.9359
-71.918
-71.9003
-71.8828
-71.8654
-71.8483
-71.8313
-71.8146
-71.798
-71.7817
-71.7655
-71.7495
-71.7337
-71.7181
-71.7026
-71.6874
-71.6723
-71.6574
-71.6427
-71.6282
-71.6138
-71.5996
-71.5856
-71.5718
-71.5581
-71.5446
-71.5312
-71.5181
-71.505
-71.4922
-71.4795
-71.4669
-71.4545
-71.4423
-71.4302
-71.4183
-71.4065
-71.3949
-71.3834
-71.3721
-71.3609
-71.3498
-71.3389
-71.3281
-71.3175
-71.307
-71.2966
-71.2864
-71.2763
-71.2663
-71.2565
-71.2468
-71.2372
-71.2277
-71.2184
-71.2092
-71.2001
-71.1911
-71.1822
-71.1735
-71.1649
-71.1563
-71.1479
-71.1396
-71.1314
-71.1234
-71.1154
-71.1075
-71.0998
-71.0921
-71.0846
-71.0771
-71.0697
-71.0625
-71.0553
-71.0483
-71.0413
-71.0344
-71.0276
-71.0209
-71.0143
-71.0078
-71.0014
-70.9951
-70.9888
-70.9827
-70.9766
-70.9706
-70.9647
-70.9588
-70.9531
-70.9474
-70.9418
-70.9363
-70.9309
-70.9255
-70.9202
-70.915
-70.9099
-70.9048
-70.8998
-70.8949
-70.8901
-70.8853
-70.8806
-70.8759
-70.8713
-70.8668
-70.8624
-70.858
-70.8537
-70.8494
-70.8452
-70.8411
-70.837
-70.833
-70.829
-70.8251
-70.8213
-70.8175
-70.8138
-70.8101
-70.8065
-70.8029
-70.7994
-70.796
-70.7926
-70.7892
-70.7859
-70.7827
-70.7795
-70.7763
-70.7732
-70.7702
-70.7671
-70.7642
-70.7613
-70.7584
-70.7556
-70.7528
-70.7501
-70.7474
-70.7447
-70.7421
-70.7395
-70.737
-70.7345
-70.7321
-70.7297
-70.7273
-70.725
-70.7227
-70.7204
-70.7182
-70.7161
-70.7139
-70.7118
-70.7097
-70.7077
-70.7057
-70.7037
-70.7018
-70.6999
-70.698
-70.6962
-70.6944
-70.6926
-70.6909
-70.6892
-70.6875
-70.6858
-70.6842
-70.6826
-70.681
-70.6795
-70.678
-70.6765
-70.675
-70.6736
-70.6722
-70.6708
-70.6695
-70.6682
-70.6669
-70.6656
-70.6643
-70.6631
-70.6619
-70.6607
-70.6596
-70.6584
-70.6573
-70.6562
-70.6551
-70.6541
-70.6531
-70.6521
-70.6511
-70.6501
-70.6492
-70.6482
-70.6473
-70.6464
-70.6456
-70.6447
-70.6439
-70.6431
-70.6423
-70.6415
-70.6407
-70.64
-70.6393
-70.6385
-70.6378
-70.6372
-70.6365
-70.6358
-70.6352
-70.6346
-70.634
-70.6334
-70.6328
-70.6323
-70.6317
-70.6312
-70.6307
-70.6302
-70.6297
-70.6292
-70.6287
-70.6283
-70.6278
-70.6274
-70.627
-70.6266
-70.6262
-70.6258
-70.6254
-70.6251
-70.6247
-70.6244
-70.6241
-70.6237
-70.6234
-70.6231
-70.6229
-70.6226
-70.6223
-70.6221
-70.6218
-70.6216
-70.6213
-70.6211
-70.6209
-70.6207
-70.6205
-70.6203
-70.6201
-70.62
-70.6198
-70.6196
-70.6195
-70.6194
-70.6192
-70.6191
-70.619
-70.6189
-70.6188
-70.6187
-70.6186
-70.6185
-70.6184
-70.6183
-70.6183
-70.6182
-70.6182
-70.6181
-70.6181
-70.618
-70.618
-70.618
-70.6179
-70.6179
-70.6179
-70.6179
-70.6179
-70.6179
-70.6179
-70.6179
-70.618
-70.618
-70.618
-70.618
-70.6181
-70.6181
-70.6182
-70.6182
-70.6183
-70.6183
-70.6184
-70.6184
-70.6185
-70.6186
-70.6186
-70.6187
-70.6188
-70.6189
-70.619
-70.6191
-70.6192
-70.6193
-70.6194
-70.6195
-70.6196
-70.6197
-70.6198
-70.6199
-70.62
-70.6201
-70.6202
-70.6204
-70.6205
-70.6206
-70.6207
-70.6209
-70.621
-70.6211
-70.6213
-70.6214
-70.6215
-70.6217
-70.6218
-70.622
-70.6221
-70.6223
-70.6224
-70.6226
-70.6227
-70.6229
-70.623
-70.6232
-70.6233
-70.6235
-70.6237
-70.6238
-70.624
-70.6242
-70.6243
-70.6245
-70.6247
-70.6248
-70.625
-70.6252
-70.6253
-70.6255
-70.6257
-70.6259
-70.626
-70.6262
-70.6264
-70.6266
-70.6267
-70.6269
-70.6271
-70.6273
-70.6274
-70.6276
-70.6278
-70.628
-70.6282
-70.6283
-70.6285
-70.6287
-70.6289
-70.6291
-70.6292
-70.6294
-70.6296
-70.6298
-70.63
-70.6302
-70.6303
-70.6305
-70.6307
-70.6309
-70.6311
-70.6313
-70.6314
-70.6316
-70.6318
-70.632
-70.6322
-70.6324
-70.6325
-70.6327
-70.6329
-70.6331
-70.6333
-70.6334
-70.6336
-70.6338
-70.634
-70.6342
-70.6343
-70.6345
-70.6347
-70.6349
-70.6351
-70.6352
-70.6354
-70.6356
-70.6358
-70.6359
-70.6361
-70.6363
-70.6365
-70.6367
-70.6368
-70.637
-70.6372
-70.6373
-70.6375
-70.6377
-70.6379
-70.638
-70.6382
-70.6384
-70.6385
-70.6387
-70.6389
-70.6391
-70.6392
-70.6394
-70.6396
-70.6397
-70.6399
-70.64
-70.6402
-70.6404
-70.6405
-70.6407
-70.6409
-70.641
-70.6412
-70.6413
-70.6415
-70.6417
-70.6418
-70.642
-70.6421
-70.6423
-70.6424
-70.6426
-70.6427
-70.6429
-70.6431
-70.6432
-70.6434

