-70
-70.1661
-70.23
-70.2566
-70.2695
-70.2773
-70.283
-70.2879
-70.2925
-70.297
-70.3014
-70.3057
-70.31
-70.3142
-70.3185
-70.3226
-70.3268
-70.3309
-70.335
-70.3391
-70.3431
-70.3471
-70.351
-70.3549
-70.3588
-70.3626
-70.3664
-70.3701
-70.3738
-70.3775
-70.3811
-70.3847
-70.3883
-70.3918
-70.3953
-70.3987
-70.4021
-70.4055
-70.4088
-70.4121
-70.4154
-70.4186
-70.4218
-70.4249
-70.428
-70.4311
-70.4341
-70.4372
-70.4401
-70.4431
-70.446
-70.4489
-70.4517
-70.4545
-70.4573
-70.4601
-70.4628
-70.4655
-70.4682
-70.4708
-70.4734
-70.476
-70.4785
-70.481
-70.4835
-70.486
-70.4884
-70.4908
-70.4932
-70.4955
-70.4978
-70.5001
-70.5024
-70.5046
-70.5068
-70.509
-70.5112
-70.5133
-70.5154
-70.5175
-70.5196
-70.5216
-70.5236
-70.5256
-70.5276
-70.5295
-70.5315
-70.5334
-70.5352
-70.5371
-70.5389
-70.5407
-70.5425
-70.5443
-70.5461
-70.5478
-70.5495
-70.5512
-70.5528
-70.5545
-70.5561
-70.5577
-70.5593
-70.5609
-70.5624
-70.5639
-70.5655
-70.5669
-70.5684
-70.5699
-70.5713
-70.5727
-70.5741
-70.5755
-70.5769
-70.5782
-70.5796
-70.5809
-70.5822
-70.5835
-70.5848
-70.586
-70.5873
-70.5885
-70.5897
-70.5909
-70.5921
-70.5932
-70.5944
-70.5955
-70.5966
-70.5977
-70.5988
-70.5999
-70.601
-70.602
-70.603
-70.6041
-70.6051
-70.6061
-70.6071
-70.608
-70.609
-70.6099
-70.6109
-70.6118
-70.6127
-70.6136
-70.6145
-70.6154
-70.6162
-70.6171
-70.6179
-70.6187
-70.6196
-70.6204
-70.6212
-70.622
-70.6227
-70.6235
-70.6242
-70.625
-70.6257
-70.6265
-70.6272
-70.6279
-70.6286
-70.6293
-70.6299
-70.6306
-70.6313
-70.6319
-70.6325
-70.6332
-70.6338
-70.6344
-70.635
-70.6356
-70.6362
-70.6368
-70.6374
-70.6379
-70.6385
-70.639
-70.6396
-70.6401
-70.6406
-70.6411
-70.6417
-70.6422
-70.6427
-70.6431
-70.6436
-70.6441
-70.6446
-70.645
-70.6455
-70.6459
-70.6464
-70.6468
-70.6472
-70.6476
-70.6481
-70.6485
-70.6489
-70.6493
-70.6497
-70.65
-70.6504
-70.6508
-70.6512
-70.6515
-70.6519
-70.6522
-70.6526
-70.6529
-70.6533
-70.6536
-70.6539
-70.6542
-70.6545
-70.6549
-70.6552
-70.6555
-70.6558
-70.656
-70.6563
-70.6566
-70.6569
-70.6572
-70.6574
-70.6577
-70.658
-70.6582
-70.6585
-70.6587
-70.6589
-70.6592
-70.6594
-70.6597
-70.6599
-70.6601
-70.6603
-70.6605
-70.6607
-70.661
-70.6612
-70.6614
-70.6616
-70.6617
-70.6619
-70.6621
-70.6623
-70.6625
-70.6627
-70.6628
-70.663
-70.6632
-70.6633
-70.6635
-70.6637
-70.6638
-70.664
-70.6641
-70.6643
-70.6644
-70.6646
-70.6647
-70.6648
-70.665
-70.6651
-70.6652
-70.6653
-70.6655
-70.6656
-70.6657
-70.6658
-70.6659
-70.666
-70.6662
-70.6663
-70.6664
-70.6665
-70.6666
-70.6667
-70.6668
-70.6669
-70.667
-70.667
-70.6671
-70.6672
-70.6673
-70.6674
-70.6675
-70.6675
-70.6676
-70.6677
-70.6678
-70.6678
-70.6679
-70.668
-70.668
-70.6681
-70.6682
-70.6682
-70.6683
-70.6683
-70.6684
-70.6685
-70.6685
-70.6686
-70.6686
-70.6687
-70.6687
-70.6688
-70.6688
-70.6688
-70.6689
-70.6689
-70.669
-70.669
-70.669
-70.6691
-70.6691
-70.6691
-70.6692
-70.6692
-70.6692
-70.6693
-70.6693
-70.6693
-70.6694
-70.6694
-70.6694
-70.6694
-70.6694
-70.6695
-70.6695
-70.6695
-70.6695
-70.6695
-70.6696
-70.6696
-70.6696
-70.6696
-70.6696
-70.6696
-70.6696
-70.6697
-70.6697
-70.6697
-70.6697
-70.6697
-70.6697
-70.6697
-70.6697
-70.6697
-70.6697
-70.6697
-70.6697
-70.6697
-70.6697
-70.6697
-70.6697
-70.6697
-70.6697
-70.6697
-70.6697
-70.6697
-70.6697
-70.6697
-70.6697
-70.6697
-70.6697
-70.6697
-70.6697
-70.6697
-70.6697
-70.6697
-70.6697
-70.6697
-70.6697
-70.6697
-70.6696
-70.6696
-70.6696
-70.6696
-70.6696
-70.6696
-70.6696
-70.6696
-70.6696
-70.6695
-70.6695
-70.6695
-70.6695
-70.6695
-70.6695
-70.6695
-70.6695
-70.6694
-70.6694
-70.6694
-70.6694
-70.6694
-70.6694
-70.6693
-70.6693
-70.6693
-70.6693
-70.6693
-70.6693
-70.6693
-70.6692
-70.6692
-70.6692
-70.6692
-70.6692
-70.6691
-70.6691
-70.6691
-70.6691
-70.6691
-70.6691
-70.669
-70.669
-70.669
-70.669
-70.669
-70.6689
-70.6689
-70.6689
-70.6689
-70.6689
-70.6688
-70.6688
-70.6688
-70.6688
-70.6688
-70.6687
-70.6687
-70.6687
-70.6687
-70.6686
-70.6686
-70.6686
-70.6686
-70.6686
-70.6685
-70.6685
-70.6685
-70.6685
-70.6685
-70.6684
-70.6684
-70.6684
-70.6684
-70.6684
-70.6683
-70.6683
-70.6683
-70.6683
-70.6682
-70.6682
-70.6682
-70.6682
-70.6682
-70.6681
-70.6681
-70.6681
-70.6681
-70.6681
-70.6718
-70.8626
-71.6096
-72.5815
-73.3247
-73.806
-74.0671
-74.1974
-57.0707
-52.0407
-49.9752
-47.874
-42.2937
9.1043
-28.8863
-61.2079
-69.0945
-68.21
-67.1738
-66.1105
-65.039
-63.9788
-62.948
-61.9613
-61.0312
-60.1238
-59.0788
-58.242
-57.5317
-56.914
-56.3763
-55.9114
-55.491
-55.1122
-54.801
-54.5458
-54.3373
-54.1679
-54.0283
-53.8945
-53.7873
-53.7055
-53.6432
-53.596
-53.5607
-53.535
-53.5025
-53.473
-53.4539
-53.4422
-53.4357
-53.4327
-53.4323
-53.4339
-53.4364
-53.4229
-53.4123
-53.408
-53.4078
-53.4099
-53.4134
-53.4178
-53.4228
-53.4282
-53.4341
-53.4403
-53.4352
-53.4188
-53.4111
-53.4091
-53.4102
-53.4129
-53.4163
-53.4202
-53.4244
-53.4287
-53.4331
-53.4371
-53.4406
-53.4435
-53.4459
-53.4474
-53.4474
-53.436
-53.4075
-53.393
-53.3846
-53.3757
-53.3582
-53.2825
-52.8411
-52.7546
-52.8527
-52.9653
-53.0542
-53.1165
-53.1578
-53.1855
-53.2058
-53.2228
-53.2394
-53.2578
-53.28
-53.3079
-53.3441
-53.3906
-53.4481
-53.5152
-53.5904
-53.6726
-53.7617
-53.5759
-53.4914
-53.4675
-53.4652
-53.4713
-53.4816
-53.4944
-53.5092
-53.5258
-53.5442
-53.5645
-53.5867
-53.611
-53.6376
-53.6667
-53.6985
-53.7332
-53.7712
-53.8128
-53.8581
-53.9074
-53.9611
-54.0195
-54.0829
-54.1518
-54.2264
-54.3068
-54.3937
-54.4874
-54.5886
-54.6977
-54.8151
-54.9416
-55.0777
-55.2241
-55.3808
-55.3336
-53.72
-53.2939
-53.2187
-53.2383
-53.2809
-53.3259
-53.3679
-53.4059
-53.4402
-53.4718
-53.5012
-53.5291
-53.5562
-53.5831
-53.6101
-53.6376
-53.6662
-53.696
-53.7277
-53.7614
-53.7976
-53.8364
-53.8781
-53.9231
-53.9716
-54.024
-54.0804
-54.1412
-54.2068
-54.2772
-54.3526
-54.4336
-54.5271
-54.6297
-54.74
-54.864
-54.9937
-55.1279
-55.268
-55.415
-55.5689
-55.7304
-55.9062
-55.4119
-53.5526
-53.1363
-53.0854
-53.1261
-53.1847
-53.241
-53.2907
-53.3337
-53.371
-53.4043
-53.4341
-53.4613
-53.4873
-53.5119
-53.5357
-53.5591
-53.5826
-53.6067
-53.6317
-53.6584
-53.6882
-53.7198
-53.754
-53.7922
-53.8328
-53.8755
-53.921
-53.9697
-54.022
-54.0783
-54.1403
-54.2115
-54.287
-54.368
-54.4593
-54.5553
-54.655
-54.7594
-54.8694
-54.9859
-55.1092
-55.2401
-55.39
-55.5504
-55.7139
-55.8942
-56.0858
-56.2787
-56.4732
-56.6702
-56.8705
-57.0745
-57.2823
-56.3439
-53.4908
-52.899
-52.8382
-52.9095
-53.005
-53.0944
-53.1707
-53.2339
-53.2867
-53.3314
-53.3697
-53.4035
-53.4346
-53.463
-53.4894
-53.5158
-53.5419
-53.5677
-53.5935
-53.62
-53.6475
-53.6767
-53.71
-53.746
-53.784
-53.8248
-53.8718
-53.9224
-53.9757
-54.0324
-54.0929
-54.158
-54.2311
-54.3138
-54.4008
-54.4921
-54.5889
-54.7002
-54.8206
-54.9455
-54.0077
-53.3651
-53.2319
-53.2302
-53.2611
-53.2968
-53.3302
-53.3598
-53.3861
-53.4103
-53.4325
-53.4542
-53.4752
-53.4952
-53.5148
-53.5345
-53.5561
-53.5824
-53.6216
-53.6763
-53.7428
-53.8111
-53.8761
-53.9408
-54.0036
-54.0668
-54.1357
-54.2271
-54.3738
-54.5571
-54.7527
-54.9403
-55.1145
-55.281
-55.4483
-55.6252
-55.8243
-56.0605
-56.3477
-56.6755
-57.017
-57.3569
-57.69
-58.0228
-58.3608
-58.7153
-59.0897
-59.4938
-59.9472
-60.4406
-60.954
-61.4666
-61.967
-62.4524
-62.9325
-63.4114
-63.8929
-64.385
-64.8976
-65.4342
-65.9794
-66.5068
-67.0133
-67.4863
-67.9267
-68.3429
-68.7403
-69.125
-69.5009
-69.8779
-70.2575
-70.6243
-70.9626
-71.2755
-71.5571
-71.8076
-72.0337
-72.2429
-72.4388
-72.6257
-72.8114
-72.9935
-73.1671
-73.323
-73.4611
-73.5838
-73.6896
-73.7812
-73.8643
-73.9405
-74.0129
-74.0859
-74.1566
-74.225
-74.2866
-74.3392
-74.385
-74.4243
-74.4567
-74.485
-74.5095
-74.5319
-74.557
-74.5809
-74.6056
-74.6303
-74.6509
-74.6674
-74.681
-74.6922
-74.7011
-74.7072
-74.7108
-74.716
-74.7234
-74.7301
-74.7391
-74.7493
-74.7574
-74.7622
-74.7649
-74.7673
-74.7691
-74.7685
-74.7668
-74.7666
-74.7679
-74.7689
-74.7718
-74.7769
-74.7816
-74.7832
-74.7824
-74.7817
-74.781
-74.7794
-74.777
-74.7754
-74.7747
-74.7733
-74.7721
-74.7736
-74.7776
-74.7806
-74.7805
-74.7789
-74.7773
-74.7756
-74.7737
-74.7727
-74.7714
-74.7694
-74.7667
-74.7639
-74.7635
-74.7661
-74.7696
-74.7706
-74.7691
-74.7668
-74.764
-74.7624
-74.7614
-74.7613
-74.7599
-74.7572
-74.7539
-74.7516
-74.7529
-74.7567
-74.7594
-74.7602
-74.758
-74.7551
-74.7514
-74.7494
-74.7484
-74.748
-74.7464
-74.7443
-74.7405
-74.7378
-74.7387
-74.743
-74.746
-74.7468
-74.7454
-74.743
-74.7399
-74.7371
-74.7352
-74.7347
-74.734
-74.7327
-74.7309
-74.7282
-74.7263
-74.728
-74.732
-74.7342
-74.7336
-74.7322
-74.7293
-74.7254
-74.7224
-74.7205
-74.7197
-74.7175
-74.7151
-74.7149
-74.7136
-74.7122
-74.7133
-74.7164
-74.7195
-74.7208
-74.72
-74.7186
-74.7165
-74.7128
-74.7088
-74.7069
-74.7058
-74.704
-74.7011
-74.6989
-74.6975
-74.6964
-74.698
-74.7006
-74.703
-74.7046
-74.7062
-74.7053
-74.703
-74.6986
-74.6938
-74.6908
-74.6889
-74.6882
-74.6856
-74.6829
-74.681
-74.6796
-74.6794
-74.6818
-74.684
-74.685
-74.6876
-74.6918
-74.695
-74.6933
-74.6869
-74.6814
-74.6783
-74.6774
-74.6752
-74.6712
-74.6665
-74.663
-74.6605
-74.6592
-74.6611
-74.6621
-74.6621
-74.6626
-74.6638
-74.668
-74.6727
-74.6756
-74.673
-74.6665
-74.661
-74.6598
-74.66
-74.658
-74.6539
-74.6479
-74.6436
-74.6412
-74.6425
-74.6431
-74.6422
-74.6426
-74.6416
-74.6402
-74.6428
-74.6479
-74.653
-74.6568
-74.6567
-74.6524
-74.6461
-74.6409
-74.6398
-74.6382
-74.6326
-74.6265
-74.6202
-74.6196
-74.6224
-74.6203
-74.6179
-74.6176
-74.6159
-74.6149
-74.6143
-74.6117
-74.6108
-74.6128
-74.6195
-74.6264
-74.6301
-74.6308
-74.6269
-74.6233
-74.6199
-74.616
-74.6109
-74.6041
-74.5973
-74.5955
-74.5969
-74.5989
-74.5963
-74.5935
-74.5914
-74.5934
-74.5956
-74.5942
-74.5905
-74.5882
-74.587
-74.5847
-74.5829
-74.5856
-74.5917
-74.5965
-74.5993
-74.5999
-74.5981
-74.5912
-74.5833
-74.5766
-74.57
-74.5647
-74.5638
-74.5642
-74.562
-74.556
-74.5514
-74.5515
-74.5529
-74.5553
-74.5594
-74.5609
-74.5573
-74.5487
-74.5425
-74.541
-74.5397
-74.5428
-74.5503
-74.5544
-74.5583
-74.5628
-74.5666
-74.5641
-74.5598
-74.5531
-74.5441
-74.5363
-74.531
-74.5273
-74.5279
-74.5256
-74.5213
-74.5168
-74.5132
-74.513
-74.5199
-74.5262
-74.5262
-74.5215
-74.5166
-74.5126
-74.5051
-74.4957
-74.4917
-74.4897
-74.4891
-74.4933
-74.5022
-74.5121
-74.5178
-74.5186
-74.519
-74.5179
-74.514
-74.5067
-74.4972
-74.4862
-74.478
-74.4705
-74.4654
-74.4687
-74.4697
-74.4672
-74.4623
-74.4573
-74.4525
-74.4489
-74.4517
-74.4612
-74.4688
-74.4688
-74.4638
-74.4544
-74.4416
-74.4307
-74.4221
-74.415
-74.4107
-74.4159
-74.4231
-74.4263
-74.4306
-74.4436
-74.4562
-74.4669
-74.4758
-74.4774
-74.472
-74.4631
-74.4519
-74.4401
-74.4268
-74.4149
-74.4039
-74.3958
-74.3935
-74.3941
-74.3965
-74.3971
-74.3939
-74.387
-74.3806
-74.3786
-74.3753
-74.3689
-74.371
-74.3838
-74.3901
-74.3897
-74.3874
-74.3856
-74.3812
-74.3724
-74.3629
-74.3537
-74.3429
-74.3317
-74.3251
-74.3267
-74.332
-74.3355
-74.3409
-74.3472
-74.354
-74.3633
-74.3732
-74.3835
-74.3876
-74.3873
-74.389
-74.3869
-74.3804
-74.3693
-74.3571
-74.3413
-74.3255
-74.3122
-74.3029
-74.2929
-74.2829
-74.2765
-74.2718
-74.2658
-74.2567
-74.2504
-74.2516
-74.2527
-74.2481
-74.2426
-74.234
-74.2219
-74.2149
-74.2209
-74.2299
-74.2371
-74.2379
-74.2429
-74.2443
-74.2367
-74.2244
-74.2164
-74.2132
-74.2174
-74.2171
-74.2109
-74.2035
-74.1948
-74.1904
-74.1836
-74.1773
-74.1795
-74.1864
-74.1898
-74.1938
-74.1996
-74.1995
-74.1965
-74.1982
-74.2098
-74.2335
-74.2583
-74.2712
-74.2711
-74.2638
-74.2515
-74.2418
-74.2297
-74.2143
-74.1989
-74.1864
-74.174
-74.1639
-74.1597
-74.1578
-74.1517
-74.1417
-74.1301
-74.1194
-74.1068
-74.0946
-74.0818
-74.071
-74.0643
-74.0552
-74.04
-74.0196
-73.9994
-73.9843
-73.9761
-73.9705
-73.968
-73.964
-73.9538
-73.9458
-73.9541
-73.9773
-73.9939
-74.0009
-74.004
-74.0077
-74.0071
-74.0047
-74.0031
-73.9955
-73.9865
-73.9826
-73.9776
-73.9725
-73.9829
-74.0017
-74.0123
-74.0133
-74.0048
-73.9896
-73.9736
-73.9579
-73.9458
-73.948
-73.954
-73.9638
-73.9665
-73.966
-73.9627
-73.9563
-73.9476
-73.9457
-73.9394
-73.9273
-73.9146
-73.9077
-73.9151
-73.9227
-73.9248
-73.9254
-73.9268
-73.9336
-73.9343
-73.9282
-73.927
-73.9376
-73.9598
-73.9749
-73.9882
-74.0026
-74.0081
-74.0047
-73.998
-73.9898
-73.9792
-73.967
-73.9546
-73.9405
-73.9264
-73.9131
-73.9002
-73.8919
-73.8833
-73.8722
-73.8609
-73.8564
-73.8561
-73.8497
-73.8457
-73.8394
-73.8265
-73.808
-73.7854
-73.76
-73.741
-73.7342
-73.7258
-73.7171
-73.7074
-73.6965
-73.6836
-73.671
-73.6561
-73.6428
-73.6269
-73.613
-73.5978
-73.5786
-73.562
-73.5468
-73.5349
-73.5204
-73.5015
-73.479
-73.454
-73.4274
-73.4065
-73.3879
-73.3702
-73.3643
-73.3583
-73.3463
-73.3291
-73.3081
-73.2844
-73.259
-73.2323
-73.2119
-73.1953
-73.1764
-73.1611
-73.149
-73.1339
-73.1184
-73.1137
-73.1134
-73.1075
-73.0965
-73.0902
-73.0824
-73.0722
-73.0817
-73.1093
-73.1377
-73.1579
-73.1757
-73.1964
-73.2152
-73.2231
-73.2235
-73.2247
-73.2209
-73.211
-73.1962
-73.1779
-73.1572
-73.1353
-73.1212
-73.1088
-73.0931
-73.0742
-73.0597
-73.0604
-73.0833
-73.1006
-73.1126
-73.1206
-73.1199
-73.1186
-73.1176
-73.1111
-73.099
-73.0863
-73.0794
-73.07
-73.0561
-73.0385
-73.0187
-73.0063
-72.9966
-72.9834
-72.9666
-72.947
-72.9254
-72.9025
-72.8786
-72.8542
-72.8292
-72.804
-72.7786
-72.7531
-72.7276
-72.702
-72.6766
-72.6583
-72.6492
-72.6385
-72.6242
-72.6071
-72.588
-72.5675
-72.5462
-72.5243
-72.502
-72.4795
-72.4569
-72.4343
-72.4118
-72.3892
-72.3668
-72.3445
-72.3224
-72.3004
-72.2786
-72.257
-72.2356
-72.2144
-72.1934
-72.1726
-72.152
-72.1316
-72.1114
-72.0915
-72.0718
-72.0523
-72.033
-72.0139
-71.995
-71.9764
-71.9579
-71.9397
-71.9217
-71.9039
-71.8863
-71.8689
-71.8517
-71.8347
-71.8179
-71.8013
-71.7849
-71.7687
-71.7527
-71.7368
-71.7212
-71.7057
-71.6905
-71.6754
-71.6605
-71.6458
-71.6313
-71.6169
-71.6027
-71.5887
-71.5748
-71.5612
-71.5477
-71.5343
-71.5211
-71.5081
-71.4953
-71.4826
-71.47
-71.4576
-71.4454
-71.4333
-71.4214
-71.4096
-71.398
-71.3865
-71.3751
-71.3639
-71.3529
-71.3419
-71.3312
-71.3205
-71.31
-71.2997
-71.2894
-71.2793
-71.2693
-71.2595
-71.2498
-71.2402
-71.2307
-71.2214
-71.2122
-71.2031
-71.1941
-71.1852
-71.1765
-71.1678
-71.1593
-71.1509
-71.1426
-71.1344
-71.1263
-71.1183
-71.1105
-71.1027
-71.095
-71.0874
-71.08
-71.0726
-71.0653
-71.0582
-71.0511
-71.0441
-71.0372
-71.0304
-71.0237
-71.0171
-71.0106
-71.0042
-70.9978
-70.9916
-70.9854
-70.9793
-70.9733
-70.9674
-70.9616
-70.9558
-70.9501
-70.9445
-70.939
-70.9335
-70.9282
-70.9229
-70.9177
-70.9125
-70.9074
-70.9024
-70.8975
-70.8926
-70.8878
-70.8831
-70.8784
-70.8739
-70.8693
-70.8649
-70.8605
-70.8561
-70.8519
-70.8477
-70.8435
-70.8394
-70.8354
-70.8314
-70.8275
-70.8237
-70.8199
-70.8161
-70.8124
-70.8088
-70.8052
-70.8017
-70.7983
-70.7948
-70.7915
-70.7882
-70.7849
-70.7817
-70.7785
-70.7754
-70.7723
-70.7693
-70.7663
-70.7634
-70.7605
-70.7577
-70.7549
-70.7522
-70.7495
-70.7468
-70.7442
-70.7416
-70.7391
-70.7366
-70.7341
-70.7317
-70.7293
-70.727
-70.7247
-70.7224
-70.7202
-70.718
-70.7158
-70.7137
-70.7116
-70.7096
-70.7076
-70.7056
-70.7036
-70.7017
-70.6998
-70.698
-70.6962
-70.6944
-70.6926
-70.6909
-70.6892
-70.6876
-70.6859
-70.6843
-70.6827
-70.6812
-70.6797
-70.6782
-70.6767
-70.6753
-70.6739
-70.6725
-70.6711
-70.6698
-70.6685
-70.6672
-70.6659
-70.6647
-70.6634
-70.6623
-70.6611
-70.6599
-70.6588
-70.6577
-70.6566
-70.6556
-70.6545
-70.6535
-70.6525
-70.6515
-70.6506
-70.6496
-70.6487
-70.6478
-70.6469
-70.6461
-70.6452
-70.6444
-70.6436
-70.6428
-70.642
-70.6413
-70.6406
-70.6398
-70.6391
-70.6384
-70.6378
-70.6371
-70.6365
-70.6358
-70.6352
-70.6346
-70.634
-70.6335
-70.6329
-70.6324
-70.6318
-70.6313
-70.6308
-70.6303
-70.6299
-70.6294
-70.6289
-70.6285
-70.6281
-70.6277
-70.6273
-70.6269
-70.6265
-70.6261
-70.6258
-70.6254
-70.6251
-70.6248
-70.6245
-70.6241
-70.6239
-70.6236
-70.6233
-70.623
-70.6228
-70.6225
-70.6223
-70.6221
-70.6218
-70.6216
-70.6214
-70.6212
-70.621
-70.6209
-70.6207
-70.6205
-70.6204
-70.6202
-70.6201
-70.6199
-70.6198
-70.6197
-70.6196
-70.6195
-70.6194
-70.6193
-70.6192
-70.6191
-70.6191
-70.619
-70.6189
-70.6189
-70.6188
-70.6188
-70.6187
-70.6187
-70.6187
-70.6187
-70.6186
-70.6186
-70.6186
-70.6186
-70.6186
-70.6186
-70.6186
-70.6187
-70.6187
-70.6187
-70.6187
-70.6188
-70.6188
-70.6189
-70.6189
-70.6189
-70.619
-70.6191
-70.6191
-70.6192
-70.6193
-70.6193
-70.6194
-70.6195
-70.6196
-70.6196
-70.6197
-70.6198
-70.6199
-70.62
-70.6201
-70.6202
-70.6203
-70.6204
-70.6205
-70.6206
-70.6208
-70.6209
-70.621
-70.6211
-70.6212
-70.6214
-70.6215
-70.6216
-70.6218
-70.6219
-70.622
-70.6222
-70.6223
-70.6224
-70.6226
-70.6227
-70.6229
-70.623
-70.6232
-70.6233
-70.6235
-70.6236
-70.6238
-70.6239
-70.6241
-70.6242
-70.6244
-70.6246
-70.6247
-70.6249
-70.6251
-70.6252
-70.6254
-70.6255
-70.6257
-70.6259
-70.6261
-70.6262
-70.6264
-70.6266
-70.6267
-70.6269
-70.6271
-70.6273
-70.6274
-70.6276
-70.6278
-70.628
-70.6281
-70.6283
-70.6285
-70.6287
-70.6288
-70.629
-70.6292
-70.6294
-70.6296
-70.6297
-70.6299
-70.6301
-70.6303
-70.6304
-70.6306
-70.6308
-70.631
-70.6312
-70.6313
-70.6315
-70.6317
-70.6319
-70.6321
-70.6322
-70.6324
-70.6326
-70.6328
-70.633
-70.6331
-70.6333
-70.6335
-70.6337
-70.6339
-70.634
-70.6342
-70.6344
-70.6346
-70.6347
-70.6349
-70.6351
-70.6353
-70.6355
-70.6356
-70.6358
-70.636
-70.6362
-70.6363
-70.6365
-70.6367
-70.6368
-70.637
-70.6372
-70.6374
-70.6375
-70.6377
-70.6379
-70.638
-70.6382
-70.6384
-70.6386
-70.6387
-70.6389
-70.6391
-70.6392
-70.6394
-70.6396
-70.6397
-70.6399
-70.64
-70.6402
-70.6404
-70.6405
-70.6407
-70.6409
-70.641
-70.6412
-70.6413
-70.6415
-70.6416
-70.6418
-70.642
-70.6421
-70.6423
-70.6424
-70.6426
-70.6427
-70.6429
-70.643
-70.6432
-70.6433
-70.6435
-70.6436
-70.6438
-70.6439
-70.6441
-70.6442
-70.6444
-70.6445
-70.6447
-70.6448
-70.6449
-70.6451
-70.6452
-70.6454
-70.6455
-70.6456

