-70
-70.1661
-70.23
-70.2566
-70.2695
-70.2773
-70.283
-70.2879
-70.2925
-70.297
-70.3014
-70.3057
-70.31
-70.3142
-70.3185
-70.3226
-70.3268
-70.3309
-70.335
-70.3391
-70.3431
-70.3471
-70.351
-70.3549
-70.3588
-70.3626
-70.3664
-70.3701
-70.3738
-70.3775
-70.3811
-70.3847
-70.3883
-70.3918
-70.3953
-70.3987
-70.4021
-70.4055
-70.4088
-70.4121
-70.4154
-70.4186
-70.4218
-70.4249
-70.428
-70.4311
-70.4341
-70.4372
-70.4401
-70.4431
-70.446
-70.4489
-70.4517
-70.4545
-70.4573
-70.4601
-70.4628
-70.4655
-70.4682
-70.4708
-70.4734
-70.476
-70.4785
-70.481
-70.4835
-70.486
-70.4884
-70.4908
-70.4932
-70.4955
-70.4978
-70.5001
-70.5024
-70.5046
-70.5068
-70.509
-70.5112
-70.5133
-70.5154
-70.5175
-70.5196
-70.5216
-70.5236
-70.5256
-70.5276
-70.5295
-70.5315
-70.5334
-70.5352
-70.5371
-70.5389
-70.5407
-70.5425
-70.5443
-70.5461
-70.5478
-70.5495
-70.5512
-70.5528
-70.5545
-70.5561
-70.5577
-70.5593
-70.5609
-70.5624
-70.5639
-70.5655
-70.5669
-70.5684
-70.5699
-70.5713
-70.5727
-70.5741
-70.5755
-70.5769
-70.5782
-70.5796
-70.5809
-70.5822
-70.5835
-70.5848
-70.586
-70.5873
-70.5885
-70.5897
-70.5909
-70.5921
-70.5932
-70.5944
-70.5955
-70.5966
-70.5977
-70.5988
-70.5999
-70.601
-70.602
-70.603
-70.6041
-70.6051
-70.6061
-70.6071
-70.608
-70.609
-70.6099
-70.6109
-70.6118
-70.6127
-70.6136
-70.6145
-70.6154
-70.6162
-70.6171
-70.6179
-70.6187
-70.6196
-70.6204
-70.6212
-70.622
-70.6227
-70.6235
-70.6242
-70.625
-70.6257
-70.6265
-70.6272
-70.6279
-70.6286
-70.6293
-70.6299
-70.6306
-70.6313
-70.6319
-70.6325
-70.6332
-70.6338
-70.6344
-70.635
-70.6356
-70.6362
-70.6368
-70.6374
-70.6379
-70.6385
-70.639
-70.6396
-70.6401
-70.6406
-70.6411
-70.6417
-70.6422
-70.6427
-70.6431
-70.6436
-70.6441
-70.6446
-70.645
-70.6455
-70.6459
-70.6464
-70.6468
-70.6472
-70.6476
-70.6481
-70.6485
-70.6489
-70.6493
-70.6497
-70.65
-70.6504
-70.6508
-70.6512
-70.6515
-70.6519
-70.6522
-70.6526
-70.6529
-70.6533
-70.6536
-70.6539
-70.6542
-70.6545
-70.6549
-70.6552
-70.6555
-70.6558
-70.656
-70.6563
-70.6566
-70.6569
-70.6572
-70.6574
-70.6577
-70.658
-70.6582
-70.6585
-70.6587
-70.6589
-70.6592
-70.6594
-70.6597
-70.6599
-70.6601
-70.6603
-70.6605
-70.6607
-70.661
-70.6612
-70.6614
-70.6616
-70.6617
-70.6619
-70.6621
-70.6623
-70.6625
-70.6627
-70.6628
-70.663
-70.6632
-70.6633
-70.6635
-70.6637
-70.6638
-70.664
-70.6641
-70.6643
-70.6644
-70.6646
-70.6647
-70.6648
-70.665
-70.6651
-70.6652
-70.6653
-70.6655
-70.6656
-70.6657
-70.6658
-70.6659
-70.666
-70.6662
-70.6663
-70.6664
-70.6665
-70.6666
-70.6667
-70.6668
-70.6669
-70.667
-70.667
-70.6671
-70.6672
-70.6673
-70.6674
-70.6675
-70.6675
-70.6676
-70.6677
-70.6678
-70.6678
-70.6679
-70.668
-70.668
-70.6681
-70.6682
-70.6682
-70.6683
-70.6683
-70.6684
-70.6685
-70.6685
-70.6686
-70.6686
-70.6687
-70.6687
-70.6688
-70.6688
-70.6688
-70.6689
-70.6689
-70.669
-70.669
-70.669
-70.6691
-70.6691
-70.6691
-70.6692
-70.6692
-70.6692
-70.6693
-70.6693
-70.6693
-70.6694
-70.6694
-70.6694
-70.6694
-70.6694
-70.6695
-70.6695
-70.6695
-70.6695
-70.6695
-70.6696
-70.6696
-70.6696
-70.6696
-70.6696
-70.6696
-70.6696
-70.6697
-70.6697
-70.6697
-70.6697
-70.6697
-70.6697
-70.6697
-70.6697
-70.6697
-70.6697
-70.6697
-70.6697
-70.6697
-70.6697
-70.6697
-70.6697
-70.6697
-70.6697
-70.6697
-70.6697
-70.6697
-70.6697
-70.6697
-70.6697
-70.6697
-70.6697
-70.6697
-70.6697
-70.6697
-70.6697
-70.6697
-70.6697
-70.6697
-70.6697
-70.6697
-70.6696
-70.6696
-70.6696
-70.6696
-70.6696
-70.6696
-70.6696
-70.6696
-70.6696
-70.6695
-70.6695
-70.6695
-70.6695
-70.6695
-70.6695
-70.6695
-70.6695
-70.6694
-70.6694
-70.6694
-70.6694
-70.6694
-70.6694
-70.6693
-70.6693
-70.6693
-70.6693
-70.6693
-70.6693
-70.6693
-70.6692
-70.6692
-70.6692
-70.6692
-70.6692
-70.6691
-70.6691
-70.6691
-70.6691
-70.6691
-70.6691
-70.669
-70.669
-70.669
-70.669
-70.669
-70.6689
-70.6689
-70.6689
-70.6689
-70.6689
-70.6688
-70.6688
-70.6688
-70.6688
-70.6688
-70.6687
-70.6687
-70.6687
-70.6687
-70.6686
-70.6686
-70.6686
-70.6686
-70.6686
-70.6685
-70.6685
-70.6685
-70.6685
-70.6685
-70.6684
-70.6684
-70.6684
-70.6684
-70.6684
-70.6683
-70.6683
-70.6683
-70.6683
-70.6682
-70.6682
-70.6682
-70.6682
-70.6682
-70.6681
-70.6681
-70.6681
-70.6681
-70.6681
-70.6728
-70.7886
-71.5458
-69.8788
-55.1505
-51.452
-49.5894
-47.4786
-41.1802
5.08065
-30.5533
-62.8866
-68.7702
-67.8362
-66.7733
-65.6858
-64.5928
-63.5122
-62.4608
-61.4538
-60.5042
-59.6223
-58.7944
-58.003
-57.315
-56.7147
-56.1862
-55.7255
-55.3311
-54.9887
-54.6963
-54.4531
-54.2525
-54.085
-53.947
-53.833
-53.7374
-53.6613
-53.6014
-53.5534
-53.5152
-53.4858
-53.4629
-53.4424
-53.4269
-53.4159
-53.4079
-53.4012
-53.3967
-53.3942
-53.3931
-53.3912
-53.3881
-53.3866
-53.3865
-53.3866
-53.3864
-53.3871
-53.3884
-53.3902
-53.3923
-53.3947
-53.3955
-53.3935
-53.3923
-53.3924
-53.3933
-53.3931
-53.3933
-53.3942
-53.3955
-53.3971
-53.3989
-53.4007
-53.4027
-53.4046
-53.4066
-53.4084
-53.4069
-53.4038
-53.4004
-53.3975
-53.396
-53.3952
-53.3934
-53.3914
-53.3893
-53.386
-53.3784
-53.3429
-53.1581
-53.1298
-53.171
-53.2162
-53.2514
-53.2761
-53.2928
-53.3041
-53.3126
-53.3198
-53.3269
-53.3349
-53.3446
-53.3639
-53.3895
-53.4042
-53.4139
-53.4219
-53.4249
-53.4267
-53.4293
-53.4303
-53.4288
-53.4289
-53.4307
-53.4339
-53.4381
-53.4432
-53.4493
-53.4562
-53.464
-53.4727
-53.4824
-53.4931
-53.5048
-53.5178
-53.5321
-53.5477
-53.5647
-53.5834
-53.6038
-53.626
-53.6503
-53.6769
-53.7058
-53.7376
-53.7722
-53.8101
-53.6043
-53.4942
-53.4596
-53.4544
-53.4607
-53.4716
-53.4775
-53.4525
-53.4398
-53.4379
-53.4329
-53.425
-53.4234
-53.4258
-53.4301
-53.4356
-53.4417
-53.4485
-53.4557
-53.4632
-53.4712
-53.4796
-53.4886
-53.4982
-53.5085
-53.5196
-53.5317
-53.5449
-53.5596
-53.5753
-53.5923
-53.6107
-53.6306
-53.6523
-53.6769
-53.7045
-53.734
-53.7657
-53.8012
-53.8398
-53.8563
-53.5604
-53.4456
-53.4155
-53.4144
-53.423
-53.4348
-53.4475
-53.4606
-53.4741
-53.479
-53.4476
-53.4318
-53.4279
-53.4209
-53.4142
-53.4131
-53.4151
-53.4185
-53.4227
-53.4275
-53.4328
-53.4382
-53.4438
-53.4498
-53.4561
-53.4632
-53.4708
-53.4788
-53.4873
-53.4965
-53.5065
-53.5181
-53.5306
-53.5439
-53.5582
-53.5738
-53.5918
-53.6115
-53.6324
-53.6548
-53.6789
-53.7051
-53.7341
-53.7681
-53.8049
-53.8439
-53.8856
-53.9328
-53.9432
-53.5363
-53.4057
-53.3774
-53.3797
-53.3909
-53.4041
-53.418
-53.4316
-53.4446
-53.4572
-53.4703
-53.4836
-53.4969
-53.5105
-53.5208
-53.4629
-53.4322
-53.4225
-53.4136
-53.407
-53.406
-53.4079
-53.4114
-53.4155
-53.4199
-53.4244
-53.429
-53.4339
-53.439
-53.4444
-53.4499
-53.4555
-53.462
-53.4689
-53.4765
-53.4851
-53.4941
-53.5034
-53.5131
-53.5232
-53.5337
-53.5446
-53.556
-53.5696
-53.5852
-53.6026
-53.6197
-53.6361
-53.6519
-53.6287
-53.4584
-53.4016
-53.3879
-53.3875
-53.3907
-53.3951
-53.3994
-53.402
-53.4013
-53.3918
-53.3847
-53.378
-53.3677
-53.3092
-53.1459
-53.1413
-53.1861
-53.2321
-53.2678
-53.2915
-53.3067
-53.3171
-53.325
-53.3321
-53.3395
-53.3488
-53.3665
-53.3955
-53.4351
-53.4798
-53.5204
-53.5572
-53.594
-53.6321
-53.6753
-53.7339
-53.8065
-53.8875
-53.9681
-54.0443
-54.1183
-54.1943
-54.2744
-54.3606
-54.4584
-54.5708
-54.6979
-54.8407
-54.9906
-55.1472
-55.3119
-55.4865
-55.672
-55.8708
-56.0881
-56.3269
-56.5899
-56.8765
-57.1795
-57.4981
-57.8274
-58.1681
-58.5217
-58.8912
-59.2804
-59.6941
-60.1336
-60.601
-61.0841
-61.5792
-62.0789
-62.5738
-63.0646
-63.5535
-64.043
-64.5392
-65.0456
-65.5635
-66.0857
-66.5964
-67.0978
-67.5818
-68.036
-68.4632
-68.8685
-69.2548
-69.6283
-69.9959
-70.3579
-70.7053
-71.0306
-71.339
-71.627
-71.8862
-72.1202
-72.3336
-72.5293
-72.7122
-72.8878
-73.0574
-73.2179
-73.3641
-73.4983
-73.6229
-73.7339
-73.831
-73.9167
-73.9924
-74.0615
-74.1272
-74.1908
-74.2521
-74.307
-74.356
-74.4019
-74.4438
-74.4802
-74.5111
-74.5369
-74.5586
-74.579
-74.5986
-74.619
-74.6391
-74.6561
-74.6705
-74.685
-74.6984
-74.7106
-74.7197
-74.7262
-74.731
-74.735
-74.7385
-74.7439
-74.7504
-74.7553
-74.7582
-74.7614
-74.7659
-74.77
-74.7729
-74.774
-74.7746
-74.7747
-74.774
-74.7735
-74.7756
-74.7776
-74.778
-74.7769
-74.7772
-74.7789
-74.7804
-74.7806
-74.7798
-74.7781
-74.7767
-74.7752
-74.7739
-74.7745
-74.7746
-74.7734
-74.7709
-74.7694
-74.7696
-74.7711
-74.7716
-74.7712
-74.7702
-74.7688
-74.7674
-74.7668
-74.7669
-74.7672
-74.7663
-74.7643
-74.7615
-74.76
-74.7594
-74.7591
-74.7593
-74.7575
-74.7566
-74.755
-74.7529
-74.7514
-74.7521
-74.7529
-74.7527
-74.7512
-74.7491
-74.7471
-74.7467
-74.7464
-74.7468
-74.7464
-74.7444
-74.7438
-74.7428
-74.741
-74.74
-74.7396
-74.7408
-74.7416
-74.7407
-74.739
-74.7373
-74.7345
-74.733
-74.7309
-74.7277
-74.7265
-74.7245
-74.7243
-74.7241
-74.7231
-74.7228
-74.7232
-74.7241
-74.7256
-74.727
-74.7278
-74.7265
-74.7242
-74.7222
-74.7183
-74.7138
-74.712
-74.7111
-74.7101
-74.7095
-74.7113
-74.711
-74.7095
-74.71
-74.7124
-74.7145
-74.714
-74.7134
-74.711
-74.7069
-74.7021
-74.6971
-74.6924
-74.6892
-74.6889
-74.6889
-74.6881
-74.6913
-74.6941
-74.6933
-74.692
-74.6964
-74.7003
-74.7012
-74.6997
-74.6992
-74.6969
-74.6917
-74.6864
-74.6821
-74.6771
-74.6732
-74.6724
-74.6714
-74.6726
-74.6748
-74.6768
-74.6773
-74.6789
-74.6813
-74.6819
-74.6824
-74.683
-74.6819
-74.6792
-74.6734
-74.666
-74.6609
-74.657
-74.6536
-74.6515
-74.6497
-74.6475
-74.6469
-74.6508
-74.6547
-74.6567
-74.6601
-74.6627
-74.666
-74.6672
-74.6659
-74.6631
-74.6608
-74.6581
-74.6546
-74.6495
-74.6422
-74.6359
-74.6332
-74.6354
-74.6358
-74.6317
-74.6264
-74.624
-74.6288
-74.6357
-74.6388
-74.6374
-74.6376
-74.6415
-74.6457
-74.647
-74.6445
-74.6391
-74.6319
-74.6262
-74.623
-74.6199
-74.6139
-74.6082
-74.6065
-74.6073
-74.6061
-74.6017
-74.5955
-74.5917
-74.5964
-74.6059
-74.6134
-74.6165
-74.6155
-74.6121
-74.6113
-74.6177
-74.6215
-74.6208
-74.6172
-74.6117
-74.6044
-74.5954
-74.5865
-74.5839
-74.5817
-74.5803
-74.5817
-74.5827
-74.5802
-74.5767
-74.5727
-74.5662
-74.5648
-74.5687
-74.5754
-74.5811
-74.5844
-74.5849
-74.5818
-74.5803
-74.5804
-74.5818
-74.5827
-74.5818
-74.5815
-74.5787
-74.5741
-74.5667
-74.5571
-74.5484
-74.5414
-74.5374
-74.5412
-74.544
-74.5446
-74.5419
-74.5399
-74.5357
-74.5332
-74.5303
-74.5332
-74.538
-74.5379
-74.5359
-74.5376
-74.5384
-74.5378
-74.5363
-74.535
-74.5366
-74.5381
-74.5361
-74.5305
-74.5306
-74.533
-74.5347
-74.5333
-74.5269
-74.5156
-74.4998
-74.4902
-74.4927
-74.4966
-74.4977
-74.4965
-74.4936
-74.4904
-74.4895
-74.4898
-74.4876
-74.4875
-74.4922
-74.4937
-74.4918
-74.4919
-74.4886
-74.4812
-74.4744
-74.4682
-74.4602
-74.4523
-74.4564
-74.4625
-74.4657
-74.4716
-74.4743
-74.4748
-74.4735
-74.47
-74.4684
-74.4692
-74.4667
-74.4596
-74.4502
-74.4429
-74.4399
-74.4433
-74.4456
-74.4451
-74.4449
-74.4419
-74.4364
-74.4277
-74.4209
-74.4166
-74.4175
-74.421
-74.4251
-74.4323
-74.4354
-74.4359
-74.4324
-74.4253
-74.4176
-74.4078
-74.3943
-74.3779
-74.3655
-74.3599
-74.3586
-74.3706
-74.3819
-74.3877
-74.393
-74.3916
-74.3863
-74.3824
-74.3769
-74.3688
-74.3642
-74.3636
-74.3638
-74.361
-74.3581
-74.3632
-74.3678
-74.3689
-74.3635
-74.361
-74.3611
-74.3676
-74.373
-74.3715
-74.364
-74.3523
-74.3379
-74.328
-74.316
-74.3091
-74.3061
-74.3065
-74.3164
-74.3265
-74.3307
-74.3321
-74.3336
-74.336
-74.3308
-74.3177
-74.3031
-74.287
-74.273
-74.2621
-74.2515
-74.2398
-74.2314
-74.2291
-74.2261
-74.2301
-74.2373
-74.2366
-74.2295
-74.2291
-74.2298
-74.2302
-74.2299
-74.2271
-74.2209
-74.2096
-74.2013
-74.1963
-74.192
-74.1918
-74.1968
-74.2019
-74.2071
-74.2134
-74.2191
-74.2204
-74.217
-74.2105
-74.2025
-74.2072
-74.2158
-74.2203
-74.2207
-74.2187
-74.2151
-74.2099
-74.2021
-74.1966
-74.1902
-74.1811
-74.1808
-74.1826
-74.1784
-74.1674
-74.1539
-74.1452
-74.1418
-74.1416
-74.1449
-74.1475
-74.1461
-74.1406
-74.1326
-74.1267
-74.1227
-74.1168
-74.1151
-74.116
-74.1127
-74.1042
-74.0924
-74.0767
-74.0583
-74.0394
-74.0192
-74.007
-74.0027
-73.9978
-73.992
-73.9881
-73.9855
-73.9871
-73.9883
-73.9874
-73.98
-73.9657
-73.9525
-73.947
-73.9468
-73.9541
-73.9581
-73.9568
-73.9486
-73.9433
-73.9407
-73.9418
-73.9468
-73.95
-73.9564
-73.9795
-74.0002
-74.0071
-74.0063
-74.0035
-73.9991
-73.9977
-73.9995
-74.0041
-74.0056
-74.0027
-73.9959
-73.9852
-73.9731
-73.9607
-73.9469
-73.9287
-73.9073
-73.8876
-73.8705
-73.8591
-73.8501
-73.8473
-73.8523
-73.8528
-73.8454
-73.836
-73.8265
-73.8196
-73.8102
-73.8079
-73.8076
-73.8114
-73.834
-73.8508
-73.859
-73.8722
-73.8926
-73.9139
-73.924
-73.9221
-73.9113
-73.8984
-73.8936
-73.8876
-73.8803
-73.875
-73.8661
-73.8561
-73.8442
-73.84
-73.8367
-73.8277
-73.8177
-73.8039
-73.7852
-73.7626
-73.7372
-73.7103
-73.6979
-73.6921
-73.6811
-73.6651
-73.6565
-73.6482
-73.6344
-73.6218
-73.6204
-73.6193
-73.6122
-73.6049
-73.5974
-73.5891
-73.5757
-73.5573
-73.5353
-73.5106
-73.4841
-73.4616
-73.4429
-73.4243
-73.4103
-73.3944
-73.3752
-73.3605
-73.3489
-73.3409
-73.3291
-73.3125
-73.2919
-73.2687
-73.2436
-73.2172
-73.1934
-73.1774
-73.1683
-73.1708
-73.1817
-73.1859
-73.1811
-73.1694
-73.1541
-73.1577
-73.1712
-73.177
-73.1734
-73.1627
-73.147
-73.128
-73.1067
-73.0836
-73.0594
-73.0342
-73.0087
-72.9921
-72.9793
-72.9637
-72.9449
-72.9237
-72.9009
-72.8769
-72.8521
-72.8269
-72.8014
-72.7756
-72.7498
-72.7239
-72.698
-72.6723
-72.6466
-72.6271
-72.6184
-72.6198
-72.6358
-72.6494
-72.6535
-72.6496
-72.6444
-72.6463
-72.6449
-72.6379
-72.6297
-72.6302
-72.6286
-72.6217
-72.6137
-72.6146
-72.6134
-72.6068
-72.5956
-72.5812
-72.5645
-72.5462
-72.5267
-72.5065
-72.4857
-72.4646
-72.4431
-72.4232
-72.4168
-72.4131
-72.4072
-72.4113
-72.4152
-72.413
-72.4055
-72.3967
-72.3992
-72.4012
-72.3978
-72.3895
-72.3776
-72.3634
-72.3514
-72.3521
-72.3523
-72.3476
-72.3384
-72.3261
-72.3116
-72.2956
-72.2785
-72.2607
-72.2425
-72.2238
-72.205
-72.186
-72.1669
-72.1479
-72.1288
-72.1098
-72.0908
-72.072
-72.0533
-72.0347
-72.0162
-71.9979
-71.9798
-71.9618
-71.944
-71.9264
-71.909
-71.8917
-71.8746
-71.8577
-71.841
-71.8244
-71.8081
-71.7919
-71.7759
-71.7601
-71.7444
-71.729
-71.7137
-71.6986
-71.6837
-71.6689
-71.6544
-71.64
-71.6257
-71.6117
-71.5978
-71.584
-71.5705
-71.5571
-71.5438
-71.5307
-71.5178
-71.5051
-71.4925
-71.48
-71.4677
-71.4555
-71.4435
-71.4317
-71.42
-71.4084
-71.397
-71.3857
-71.3745
-71.3635
-71.3527
-71.3419
-71.3314
-71.3209
-71.3106
-71.3004
-71.2903
-71.2804
-71.2706
-71.2609
-71.2513
-71.2419
-71.2326
-71.2234
-71.2143
-71.2054
-71.1965
-71.1878
-71.1792
-71.1707
-71.1623
-71.154
-71.1458
-71.1377
-71.1298
-71.1219
-71.1141
-71.1065
-71.0989
-71.0914
-71.0841
-71.0768
-71.0696
-71.0626
-71.0556
-71.0487
-71.0419
-71.0352
-71.0286
-71.022
-71.0156
-71.0092
-71.003
-70.9968
-70.9907
-70.9847
-70.9787
-70.9729
-70.9671
-70.9614
-70.9558
-70.9502
-70.9448
-70.9394
-70.9341
-70.9288
-70.9236
-70.9185
-70.9135
-70.9085
-70.9037
-70.8988
-70.8941
-70.8894
-70.8848
-70.8802
-70.8757
-70.8713
-70.8669
-70.8626
-70.8584
-70.8542
-70.8501
-70.846
-70.842
-70.8381
-70.8342
-70.8304
-70.8266
-70.8229
-70.8192
-70.8156
-70.812
-70.8085
-70.8051
-70.8017
-70.7983
-70.795
-70.7918
-70.7885
-70.7854
-70.7823
-70.7792
-70.7762
-70.7732
-70.7703
-70.7674
-70.7646
-70.7618
-70.7591
-70.7564
-70.7537
-70.7511
-70.7485
-70.7459
-70.7434
-70.741
-70.7386
-70.7362
-70.7338
-70.7315
-70.7293
-70.727
-70.7248
-70.7227
-70.7205
-70.7184
-70.7164
-70.7144
-70.7124
-70.7104
-70.7085
-70.7066
-70.7047
-70.7029
-70.7011
-70.6993
-70.6976
-70.6959
-70.6942
-70.6925
-70.6909
-70.6893
-70.6878
-70.6862
-70.6847
-70.6832
-70.6818
-70.6803
-70.6789
-70.6775
-70.6762
-70.6748
-70.6735
-70.6722
-70.671
-70.6697
-70.6685
-70.6673
-70.6662
-70.665
-70.6639
-70.6628
-70.6617
-70.6607
-70.6596
-70.6586
-70.6576
-70.6566
-70.6556
-70.6547
-70.6538
-70.6529
-70.652
-70.6511
-70.6503
-70.6494
-70.6486
-70.6478
-70.647
-70.6463
-70.6455
-70.6448
-70.6441
-70.6434
-70.6427
-70.642
-70.6414
-70.6407
-70.6401
-70.6395
-70.6389
-70.6383
-70.6378
-70.6372
-70.6367
-70.6361
-70.6356
-70.6351
-70.6346
-70.6341
-70.6337
-70.6332
-70.6328
-70.6324
-70.6319
-70.6315
-70.6311
-70.6308
-70.6304
-70.63
-70.6297
-70.6293
-70.629
-70.6287
-70.6284
-70.628
-70.6278
-70.6275
-70.6272
-70.6269
-70.6267
-70.6264
-70.6262
-70.626
-70.6257
-70.6255
-70.6253
-70.6251
-70.6249
-70.6247
-70.6246
-70.6244
-70.6242
-70.6241
-70.6239
-70.6238
-70.6237
-70.6236
-70.6234
-70.6233
-70.6232
-70.6231
-70.623
-70.6229
-70.6229
-70.6228
-70.6227
-70.6227
-70.6226
-70.6225
-70.6225
-70.6225
-70.6224
-70.6224
-70.6224
-70.6223
-70.6223
-70.6223
-70.6223
-70.6223
-70.6223
-70.6223
-70.6223
-70.6223
-70.6223
-70.6224
-70.6224
-70.6224
-70.6225
-70.6225
-70.6225
-70.6226
-70.6226
-70.6227
-70.6227
-70.6228
-70.6229
-70.6229
-70.623
-70.6231
-70.6231
-70.6232
-70.6233
-70.6234
-70.6235
-70.6235
-70.6236
-70.6237
-70.6238
-70.6239
-70.624
-70.6241
-70.6242
-70.6243
-70.6244
-70.6245
-70.6247
-70.6248
-70.6249
-70.625
-70.6251
-70.6253
-70.6254
-70.6255
-70.6256
-70.6258
-70.6259
-70.626
-70.6262
-70.6263
-70.6264
-70.6266
-70.6267
-70.6268
-70.627
-70.6271
-70.6273
-70.6274
-70.6276
-70.6277
-70.6279
-70.628
-70.6282
-70.6283
-70.6285
-70.6286
-70.6288
-70.6289
-70.6291
-70.6292
-70.6294
-70.6295
-70.6297
-70.6299
-70.63
-70.6302
-70.6303
-70.6305
-70.6307
-70.6308
-70.631
-70.6311
-70.6313
-70.6315
-70.6316
-70.6318
-70.632
-70.6321
-70.6323
-70.6325
-70.6326
-70.6328
-70.6329
-70.6331
-70.6333
-70.6334
-70.6336
-70.6338
-70.6339
-70.6341
-70.6343
-70.6344
-70.6346
-70.6348
-70.6349
-70.6351
-70.6353
-70.6354
-70.6356
-70.6358
-70.6359
-70.6361
-70.6362
-70.6364
-70.6366
-70.6367
-70.6369
-70.6371
-70.6372
-70.6374
-70.6376
-70.6377
-70.6379
-70.638
-70.6382
-70.6384
-70.6385
-70.6387
-70.6388
-70.639
-70.6392
-70.6393
-70.6395
-70.6396
-70.6398
-70.6399
-70.6401
-70.6403
-70.6404
-70.6406
-70.6407
-70.6409
-70.641
-70.6412
-70.6413
-70.6415
-70.6416
-70.6418
-70.6419
-70.6421
-70.6422
-70.6424
-70.6425
-70.6427
-70.6428
-70.643
-70.6431
-70.6433
-70.6434
-70.6436
-70.6437
-70.6438
-70.644
-70.6441
-70.6443

