-70
-69.6914
-69.4021
-69.1306
-68.8761
-68.6373
-68.4134
-68.2033
-68.0063
-67.8215
-67.6481
-67.4855
-67.333
-67.1899
-67.0557
-66.9298
-66.8116
-66.7008
-66.5969
-66.4994
-66.4078
-66.322
-66.2415
-66.1659
-66.095
-66.0285
-65.966
-65.9075
-65.8525
-65.8009
-65.7525
-65.7071
-65.6645
-65.6245
-65.5869
-65.5517
-65.5186
-65.4876
-65.4585
-65.4312
-65.4055
-65.3814
-65.3588
-65.3376
-65.3177
-65.299
-65.2814
-65.265
-65.2495
-65.235
-65.2214
-65.2086
-65.1966
-65.1853
-65.1747
-65.1648
-65.1555
-65.1467
-65.1385
-65.1308
-65.1236
-65.1168
-65.1104
-65.1044
-65.0988
-65.0935
-65.0885
-65.0839
-65.0795
-65.0754
-65.0715
-65.0679
-65.0645
-65.0613
-65.0583
-65.0555
-65.0529
-65.0504
-65.0481
-65.0459
-65.0438
-65.0419
-65.0401
-65.0384
-65.0368
-65.0353
-65.0339
-65.0326
-65.0313
-65.0302
-65.0291
-65.028
-65.0271
-65.0262
-65.0253
-65.0245
-65.0238
-65.0231
-65.0224
-65.0218
-65.0212
-65.0207
-65.0201
-65.0197
-65.0192
-65.0188
-65.0184
-65.018
-65.0177
-65.0173
-65.017
-65.0167
-65.0165
-65.0162
-65.016
-65.0157
-65.0155
-65.0153
-65.0151
-65.0149
-65.0148
-65.0146
-65.0145
-65.0143
-65.0142
-65.0141
-65.014
-65.0139
-65.0138
-65.0137
-65.0136
-65.0135
-65.0134
-65.0134
-65.0133
-65.0132
-65.0132
-65.0131
-65.013
-65.013
-65.013
-65.0129
-65.0129
-65.0128
-65.0128
-65.0128
-65.0127
-65.0127
-65.0127
-65.0126
-65.0126
-65.0126
-65.0126
-65.0125
-65.0125
-65.0125
-65.0125
-65.0125
-65.0125
-65.0124
-65.0124
-65.0124
-65.0124
-65.0124
-65.0124
-65.0124
-65.0124
-65.0124
-65.0124
-65.0123
-65.0123
-65.0123
-65.0123
-65.0123
-65.0123
-65.0123
-65.0123
-65.0123
-65.0123
-65.0123
-65.0123
-65.0123
-65.0123
-65.0123
-65.0123
-65.0123
-65.0123
-65.0123
-65.0123
-65.0123
-65.0123
-65.0123
-65.0123
-65.0123
-65.0123
-65.0122
-65.0122
-65.0122
-65.0122
-65.0122
-65.0122
-65.0122
-65.0122
-65.0122
-65.0122
-65.0122
-65.0122
-65.0122
-65.0122
-65.0122
-65.0122
-65.0122
-65.0122
-65.0122
-65.0122
-65.0122
-65.0122
-65.0122
-65.0122
-65.0122
-65.0122
-65.0122
-65.0122
-65.0122
-65.0122
-65.0122
-65.0122
-65.0122
-65.0122
-65.0122
-65.0122
-65.0122
-65.0122
-65.0122
-65.0122
-65.0122
-65.0122
-65.0122
-65.0122
-65.0122
-65.0122
-65.0122
-65.0122
-65.0122
-65.0122
-65.0122
-65.0122
-65.0122
-65.0122
-65.0122
-65.0122
-65.0122
-65.0122
-65.0122
-65.0122
-65.0122
-65.0122
-65.0122
-65.0122
-65.0122
-65.0122
-65.0122
-65.0122
-65.0122
-65.0122
-65.0122
-65.0122
-65.0122
-65.0122
-65.0122
-65.0122
-65.0122
-65.0122
-65.0122
-65.0122
-65.0122
-65.0122
-65.0122
-65.0122
-65.0122
-65.0122
-65.0122
-65.0122
-65.0122
-65.0122
-65.0122
-65.0122
-65.0122
-65.0122
-65.0122
-65.0122
-65.0122
-65.0122
-65.0122
-65.0122
-65.0122
-65.0122
-65.0122
-65.0122
-65.0122
-65.0122
-65.0122
-65.0122
-65.0122
-65.0122
-65.0122
-65.0122
-65.0122
-65.0122
-65.0122
-65.0122
-65.0122
-65.0122
-65.0122
-65.0122
-65.0122
-65.0122
-65.0122
-65.0122
-65.0122
-65.0122
-65.0122
-65.0122
-65.0122
-65.0122
-65.0122
-65.0122
-65.0122
-65.0122
-65.0122
-65.0122
-65.0122
-65.0122
-65.0122
-65.0122
-65.0122
-65.0122
-65.0122
-65.0122
-65.0122
-65.0122
-65.0122
-65.0122
-65.0122
-65.0122
-65.0122
-65.0122
-65.0122
-65.0122
-65.0122
-65.0122
-65.0122
-65.0122
-65.0122
-65.0122
-65.0122
-65.0122
-65.0122
-65.0122
-65.0122
-65.0122
-65.0122
-65.0122
-65.0122
-65.0122
-65.0122
-65.0122
-65.0122
-65.0122
-65.0122
-65.0122
-65.0122
-65.0122
-65.0122
-65.0122
-65.0122
-65.0122
-65.0122
-65.0122
-65.0122
-65.0122
-65.0122
-65.0122
-65.0122
-65.0122
-65.0122
-65.0122
-65.0122
-65.0122
-65.0122
-65.0122
-65.0122
-65.0122
-65.0122
-65.0122
-65.0122
-65.0122
-65.0122
-65.0122
-65.0122
-65.0122
-65.0122
-65.0122
-65.0122
-65.0122
-65.0122
-65.0122
-65.0122
-65.0122
-65.0122
-65.0122
-65.0122
-65.0122
-65.0122
-65.0122
-65.0122
-65.0122
-65.0122
-65.0122
-65.0122
-65.0122
-65.0122
-65.0122
-65.0122
-65.0122
-65.0122
-65.0122
-65.0122
-65.0122
-65.0122
-65.0122
-65.0122
-65.0122
-65.0122
-65.0122
-65.0122
-65.0122
-65.0122
-65.0122
-65.0122
-65.0122
-65.0122
-65.0122
-65.0122
-65.0122
-65.0122
-65.0122
-65.0122
-65.0122
-65.0122
-65.0122
-65.0122
-65.0122
-65.0122
-65.0122
-65.0122
-65.0122
-65.0122
-65.0122
-65.0122
-65.0122
-65.0122
-64.9635
-64.6891
-63.8735
-62.2437
-59.402
-55.8373
-52.2696
-48.4447
-41.7184
51.8207
3.49723
-40.4152
-68.9699
-71.4076
-70.4342
-68.3793
-66.0978
-63.942
-62.0286
-60.3776
-58.9997
-57.8769
-57.0278
-56.3725
-55.5923
-53.493
-48.3369
-33.3615
36.7648
-12.9471
-53.4054
-55.8903
-47.9393
-38.8317
15.3741
-10.4928
-51.312
-57.8212
-52.0339
-44.5119
-31.8939
23.1493
-27.5979
-61.1659
-61.4665
-55.6675
-48.6725
-40.424
30.1835
-6.37037
-52.6605
-67.2008
-64.9892
-59.8052
-53.9954
-48.1554
-40.4602
42.4151
-6.17102
-54.5406
-71.4757
-71.0621
-67.6069
-63.3721
-59.0934
-55.0074
-51.0846
-46.8147
-37.8159
42.8847
-11.5964
-62.3341
-75.4359
-75.6918
-73.5792
-70.8508
-68.0557
-65.3714
-62.844
-60.4733
-58.2413
-56.1187
-54.0578
-51.9682
-49.6414
-46.3957
-35.7841
40.2957
-12.4873
-65.2657
-78.0846
-79.0067
-77.8662
-76.1998
-74.4415
-72.7212
-71.0734
-69.5031
-68.0059
-66.5756
-65.2053
-63.8888
-62.6202
-61.3941
-60.2049
-59.0467
-57.9125
-56.7936
-55.6777
-54.5465
-53.3707
-52.099
-50.6291
-48.7065
-45.3622
-20.3306
28.2937
-20.6502
-71.9141
-79.9484
-80.4484
-79.5182
-78.2354
-76.8917
-75.5696
-74.2906
-73.0579
-71.87
-70.7239
-69.6165
-68.5452
-67.5073
-66.5006
-65.5232
-64.573
-63.6483
-62.7475
-61.8688
-61.0106
-60.1708
-59.3473
-58.5375
-57.7381
-56.9448
-56.1522
-55.3526
-54.5352
-53.684
-52.7735
-51.761
-50.5639
-48.9901
-46.414
-37.3536
43.5719
-9.85155
-64.6677
-79.7008
-81.0697
-80.4071
-79.2667
-78.0317
-76.8076
-75.6224
-74.4816
-73.3843
-72.3281
-71.3106
-70.3292
-69.3819
-68.4667
-67.5819
-66.7259
-65.8972
-65.0946
-64.3168
-63.5626
-62.8308
-62.1204
-61.4301
-60.7588
-60.1051
-59.4677
-58.8448
-58.2348
-57.6356
-57.0446
-56.4589
-55.8747
-55.2875
-54.6913
-54.0777
-53.4362
-52.7498
-51.9927
-51.1213
-50.0499
-48.5779
-46.0287
-35.833
41.122
-12.4629
-67.443
-80.2413
-81.3408
-80.6469
-79.5427
-78.3659
-77.2082
-76.0929
-75.024
-74.0002
-73.0191
-72.0781
-71.1748
-70.307
-69.4728
-68.6705
-67.8985
-67.1554
-66.4398
-65.7506
-65.0866
-64.4466
-63.8297
-63.2349
-62.6612
-62.1076
-61.5733
-61.0573
-60.5586
-60.0763
-59.6095
-59.157
-58.718
-58.2911
-57.8755
-57.4698
-57.0727
-56.683
-56.2987
-55.9186
-55.5405
-55.1621
-54.7814
-54.3945
-53.998
-53.5875
-53.1555
-52.6948
-52.1911
-51.6274
-50.9707
-50.1665
-49.098
-47.458
-43.9131
19.1581
16.9637
-31.9238
-76.4269
-81.2803
-81.3234
-80.4292
-79.3312
-78.1202
-76.6623
-75.034
-73.2763
-71.5783
-69.9617
-68.3199
-66.6756
-65.1486
-63.7563
-62.4946
-61.3484
-60.3047
-59.3515
-58.4775
-57.6723
-56.9261
-56.2293
-55.5725
-54.9458
-54.3394
-53.7423
-53.1408
-52.5196
-51.8545
-51.1105
-50.2255
-49.069
-47.2869
-43.1738
44.0643
10.1738
-39.669
-77.9035
-81.4746
-81.1866
-80.1307
-78.9263
-77.7342
-76.5958
-75.519
-74.5021
-73.5416
-72.6335
-71.774
-70.9597
-70.1877
-69.4554
-68.7601
-68.0999
-67.4878
-66.9399
-66.4345
-65.951
-65.4866
-65.0405
-64.6118
-64.2304
-63.8945
-63.6003
-63.3675
-63.2366
-63.1402
-63.0495
-62.9452
-62.8171
-62.6694
-62.5318
-62.4254
-62.3362
-62.3039
-62.3192
-62.3325
-62.3288
-62.303
-62.2462
-62.1628
-62.0982
-62.0601
-62.0474
-62.0557
-62.0918
-62.1355
-62.1576
-62.1635
-62.1405
-62.0881
-62.0292
-61.9881
-61.9736
-61.9656
-61.9835
-62.0272
-62.0588
-62.0705
-62.0702
-62.0433
-61.9954
-61.9533
-61.9376
-61.9356
-61.9433
-61.9769
-62.0243
-62.0578
-62.0708
-62.0763
-62.0591
-62.0253
-62.003
-62.0063
-62.0131
-62.0377
-62.0779
-62.1227
-62.1608
-62.1796
-62.1862
-62.181
-62.1615
-62.1517
-62.1649
-62.1798
-62.2063
-62.2477
-62.2886
-62.33
-62.3519
-62.3564
-62.3566
-62.3503
-62.342
-62.361
-62.3783
-62.397
-62.443
-62.4801
-62.5121
-62.5439
-62.5561
-62.5538
-62.5445
-62.5446
-62.5601
-62.5825
-62.5979
-62.6256
-62.6732
-62.705
-62.7309
-62.7516
-62.7633
-62.7571
-62.7411
-62.7514
-62.7733
-62.7969
-62.8118
-62.8383
-62.8881
-62.9196
-62.9417
-62.9563
-62.9661
-62.9635
-62.9484
-62.9478
-62.9685
-62.9937
-63.012
-63.0343
-63.0723
-63.116
-63.14
-63.1518
-63.1586
-63.159
-63.1526
-63.1424
-63.1538
-63.1598
-63.185
-63.2053
-63.2304
-63.2692
-63.3148
-63.3402
-63.3487
-63.3512
-63.3468
-63.3355
-63.3351
-63.344
-63.3452
-63.3527
-63.3712
-63.3982
-63.4282
-63.4758
-63.5127
-63.5327
-63.5324
-63.5266
-63.5156
-63.5069
-63.5217
-63.5271
-63.5192
-63.5208
-63.5331
-63.5604
-63.5917
-63.6388
-63.6814
-63.7044
-63.7107
-63.6972
-63.6841
-63.682
-63.6953
-63.7017
-63.6957
-63.6835
-63.6887
-63.7013
-63.7163
-63.7536
-63.8032
-63.8438
-63.8656
-63.8719
-63.8574
-63.8432
-63.8485
-63.8602
-63.8627
-63.8512
-63.8363
-63.8359
-63.8427
-63.8477
-63.8677
-63.905
-63.9557
-63.9918
-64.0135
-64.0168
-64.0108
-64.0033
-64.0095
-64.0152
-64.015
-63.9988
-63.9764
-63.9845
-63.9826
-63.9794
-63.9859
-64.0195
-64.0545
-64.0989
-64.129
-64.1491
-64.1611
-64.1637
-64.1536
-64.1569
-64.1588
-64.1499
-64.1335
-64.1122
-64.1167
-64.1179
-64.1022
-64.0966
-64.1224
-64.1522
-64.19
-64.2198
-64.2554
-64.2858
-64.306
-64.3084
-64.2993
-64.289
-64.2865
-64.2709
-64.2537
-64.2428
-64.2437
-64.2371
-64.2266
-64.2069
-64.2161
-64.2405
-64.2622
-64.3017
-64.3427
-64.3727
-64.4117
-64.4334
-64.435
-64.4319
-64.4154
-64.3961
-64.384
-64.3665
-64.3562
-64.3567
-64.3544
-64.3375
-64.3152
-64.3008
-64.3185
-64.331
-64.3529
-64.3949
-64.4413
-64.4845
-64.5176
-64.5302
-64.539
-64.5454
-64.537
-64.5143
-64.4825
-64.4749
-64.4663
-64.4471
-64.4533
-64.4537
-64.4397
-64.4137
-64.3857
-64.3963
-64.4223
-64.4415
-64.4609
-64.4987
-64.5444
-64.5901
-64.6218
-64.6331
-64.6341
-64.6304
-64.6259
-64.6097
-64.5835
-64.5603
-64.549
-64.5389
-64.5256
-64.5277
-64.5296
-64.5189
-64.4968
-64.4754
-64.4742
-64.4994
-64.5271
-64.5403
-64.5661
-64.5974
-64.6344
-64.6639
-64.6948
-64.7119
-64.7246
-64.7232
-64.7083
-64.6823
-64.6629
-64.6506
-64.6285
-64.5992
-64.587
-64.5843
-64.5894
-64.5845
-64.5811
-64.5691
-64.5687
-64.5742
-64.5771
-64.5944
-64.6073
-64.628
-64.6537
-64.6727
-64.6979
-64.7111
-64.7341
-64.75
-64.7716
-64.7866
-64.7866
-64.774
-64.7594
-64.743
-64.7178
-64.6852
-64.6583
-64.6301
-64.6016
-64.6124
-64.6268
-64.6283
-64.63
-64.6342
-64.6435
-64.6503
-64.6585
-64.6572
-64.6831
-64.7051
-64.7124
-64.7158
-64.7226
-64.736
-64.7576
-64.7691
-64.781
-64.7947
-64.8075
-64.8133
-64.8112
-64.8152
-64.8188
-64.8115
-64.7944
-64.7696
-64.7386
-64.7027
-64.6632
-64.621
-64.593
-64.6069
-64.6414
-64.6682
-64.6808
-64.6816
-64.6844
-64.6939
-64.7121
-64.735
-64.7459
-64.7564
-64.7756
-64.7835
-64.7801
-64.7805
-64.7749
-64.7614
-64.7658
-64.7824
-64.8089
-64.8338
-64.845
-64.8441
-64.8353
-64.8341
-64.838
-64.8331
-64.8266
-64.8209
-64.8075
-64.7872
-64.7614
-64.7314
-64.6982
-64.6697
-64.6505
-64.6457
-64.6462
-64.6405
-64.6417
-64.6553
-64.6749
-64.6926
-64.7129
-64.7324
-64.7543
-64.7763
-64.794
-64.8005
-64.803
-64.8141
-64.8249
-64.8259
-64.8189
-64.8182
-64.8121
-64.799
-64.7801
-64.7839
-64.8014
-64.8191
-64.835
-64.8524
-64.8686
-64.8814
-64.8839
-64.8776
-64.8642
-64.845
-64.8212
-64.7982
-64.7833
-64.7649
-64.7455
-64.7406
-64.7417
-64.7366
-64.7256
-64.7097
-64.6907
-64.6822
-64.682
-64.6823
-64.6765
-64.6656
-64.6505
-64.6408
-64.6546
-64.676
-64.702
-64.7193
-64.7322
-64.7614
-64.7829
-64.7939
-64.7962
-64.7956
-64.8001
-64.8084
-64.8159
-64.8291
-64.8359
-64.8348
-64.8279
-64.8289
-64.8261
-64.8172
-64.809
-64.8064
-64.7996
-64.8097
-64.8225
-64.8443
-64.8715
-64.888
-64.8948
-64.8936
-64.8859
-64.8729
-64.8676
-64.8621
-64.8515
-64.8365
-64.8181
-64.7999
-64.7917
-64.7809
-64.7665
-64.7492
-64.7297
-64.7086
-64.6881
-64.6803
-64.6716
-64.6599
-64.6465
-64.6454
-64.6492
-64.6589
-64.6642
-64.6781
-64.6882
-64.6977
-64.7118
-64.7196
-64.7214
-64.7183
-64.7142
-64.7194
-64.7209
-64.7177
-64.7151
-64.7209
-64.7227
-64.7304
-64.7411
-64.7599
-64.773
-64.7791
-64.7794
-64.775
-64.7668
-64.7555
-64.7419
-64.7264
-64.7127
-64.7156
-64.7285
-64.7508
-64.7766
-64.8035
-64.8217
-64.8319
-64.8355
-64.8414
-64.8561
-64.8763
-64.8891
-64.8947
-64.8941
-64.8905
-64.8966
-64.899
-64.8959
-64.8903
-64.8952
-64.8999
-64.9171
-64.9406
-64.956
-64.9634
-64.9642
-64.9596
-64.9506
-64.9381
-64.9236
-64.9213
-64.9177
-64.91
-64.899
-64.8853
-64.8697
-64.8525
-64.8342
-64.8151
-64.7956
-64.7759
-64.7562
-64.7366
-64.7173
-64.6984
-64.6801
-64.6777
-64.6775
-64.6749
-64.6701
-64.6636
-64.6558
-64.647
-64.6375
-64.6274
-64.6171
-64.6065
-64.5959
-64.5854
-64.575
-64.5648
-64.5549
-64.5453
-64.5381
-64.5462
-64.5576
-64.5804
-64.5996
-64.6136
-64.6234
-64.6296
-64.6329
-64.6477
-64.6641
-64.6758
-64.6833
-64.6873
-64.7044
-64.7208
-64.732
-64.7388
-64.7419
-64.742
-64.7397
-64.7353
-64.7294
-64.7308
-64.7531
-64.7777
-64.7957
-64.8077
-64.8148
-64.8177
-64.8173
-64.8142
-64.8089
-64.8018
-64.7934
-64.7839
-64.7736
-64.7628
-64.7517
-64.7403
-64.7289
-64.7176
-64.7064
-64.6954
-64.6847
-64.6814
-64.69
-64.6967
-64.7005
-64.702
-64.7017
-64.6998
-64.6966
-64.6925
-64.6877
-64.6823
-64.6764
-64.6703
-64.664
-64.6577
-64.6513
-64.6451
-64.6389
-64.6329
-64.6271
-64.6215
-64.6161
-64.611
-64.6083
-64.6224
-64.636
-64.6465
-64.6542
-64.6596
-64.6631
-64.6651
-64.6658
-64.6654
-64.6641
-64.6622
-64.6598
-64.657
-64.6539
-64.6506
-64.6471
-64.6436
-64.6401
-64.6366
-64.6332
-64.6298
-64.6266
-64.6235
-64.6206
-64.6178
-64.6152
-64.6127
-64.6105
-64.6084
-64.6064
-64.6046
-64.603
-64.6016
-64.6003
-64.5991
-64.5981
-64.5973
-64.5966
-64.596
-64.5955
-64.5952
-64.5949
-64.5948
-64.5948
-64.5948
-64.595
-64.5952
-64.5956
-64.596
-64.5965
-64.597
-64.5976
-64.5983
-64.599
-64.5998
-64.6006
-64.6015
-64.6024
-64.6034
-64.6044
-64.6055
-64.6065
-64.6076
-64.6088
-64.6099
-64.6111
-64.6123
-64.6136
-64.6148
-64.6161
-64.6174
-64.6187
-64.62
-64.6213
-64.6227
-64.624
-64.6254
-64.6267
-64.6281
-64.6295
-64.6309
-64.6323
-64.6337
-64.6351
-64.6365
-64.6379
-64.6393
-64.6407
-64.6422
-64.6436
-64.645
-64.6464
-64.6478
-64.6493
-64.6507
-64.6521
-64.6535
-64.6549
-64.6563
-64.6577
-64.6592
-64.6606
-64.662
-64.6634
-64.6648
-64.6661
-64.6675
-64.6689
-64.6703
-64.6717
-64.6731
-64.6744
-64.6758
-64.6772
-64.6785
-64.6799
-64.6812
-64.6826
-64.6839
-64.6853
-64.6866
-64.6879
-64.6892
-64.6906
-64.6919
-64.6932
-64.6945
-64.6958
-64.6971
-64.6984
-64.6997
-64.7009
-64.7022
-64.7035
-64.7048
-64.706
-64.7073
-64.7085
-64.7098
-64.711
-64.7123
-64.7135
-64.7147
-64.7159
-64.7172
-64.7184
-64.7196
-64.7208
-64.722
-64.7232
-64.7244
-64.7256
-64.7267
-64.7279
-64.7291
-64.7303
-64.7314
-64.7326
-64.7337
-64.7349
-64.736
-64.7372
-64.7383
-64.7394
-64.7405
-64.7417
-64.7428
-64.7439
-64.745
-64.7461
-64.7472
-64.7483
-64.7494
-64.7505
-64.7515
-64.7526
-64.7537
-64.7548
-64.7558
-64.7569
-64.7579
-64.759
-64.76
-64.7611
-64.7621
-64.7631
-64.7642
-64.7652
-64.7662
-64.7672
-64.7682
-64.7692
-64.7703
-64.7713
-64.7722
-64.7732
-64.7742
-64.7752
-64.7762
-64.7772
-64.7781
-64.7791
-64.7801
-64.781
-64.782
-64.7829
-64.7839
-64.7848
-64.7858
-64.7867
-64.7876
-64.7886
-64.7895
-64.7904
-64.7913
-64.7922
-64.7931
-64.7941
-64.795
-64.7959
-64.7967
-64.7976
-64.7985
-64.7994
-64.8003
-64.8012
-64.802
-64.8029
-64.8038
-64.8046
-64.8055
-64.8064
-64.8072
-64.8081
-64.8089
-64.8097
-64.8106
-64.8114
-64.8122
-64.8131
-64.8139
-64.8147
-64.8155
-64.8164
-64.8172
-64.818
-64.8188
-64.8196
-64.8204
-64.8212
-64.822
-64.8228
-64.8235
-64.8243
-64.8251
-64.8259
-64.8266
-64.8274
-64.8282
-64.8289
-64.8297
-64.8305
-64.8312
-64.832
-64.8327
-64.8335
-64.8342
-64.8349
-64.8357
-64.8364
-64.8371
-64.8379
-64.8386
-64.8393
-64.84
-64.8407
-64.8415
-64.8422
-64.8429
-64.8436
-64.8443
-64.845
-64.8457
-64.8464
-64.8471
-64.8477
-64.8484
-64.8491
-64.8498
-64.8505
-64.8511
-64.8518
-64.8525
-64.8531
-64.8538
-64.8545
-64.8551
-64.8558
-64.8564
-64.8571
-64.8577
-64.8583
-64.859
-64.8596
-64.8603
-64.8609
-64.8615
-64.8622
-64.8628
-64.8634
-64.864
-64.8646
-64.8653
-64.8659
-64.8665
-64.8671
-64.8677
-64.8683
-64.8689
-64.8695
-64.8701
-64.8707
-64.8713
-64.8719
-64.8724
-64.873
-64.8736
-64.8742
-64.8748
-64.8753
-64.8759
-64.8765
-64.877
-64.8776
-64.8782
-64.8787
-64.8793
-64.8798
-64.8804
-64.8809
-64.8815
-64.882
-64.8826
-64.8831
-64.8837
-64.8842
-64.8847
-64.8853
-64.8858
-64.8863
-64.8869
-64.8874
-64.8879
-64.8884
-64.889
-64.8895
-64.89
-64.8905
-64.891
-64.8915
-64.892
-64.8925
-64.893
-64.8935
-64.894
-64.8945
-64.895
-64.8955
-64.896
-64.8965
-64.897
-64.8975
-64.8979
-64.8984
-64.8989
-64.8994
-64.8998
-64.9003
-64.9008
-64.9013
-64.9017
-64.9022
-64.9026
-64.9031
-64.9036
-64.904
-64.9045
-64.9049
-64.9054
-64.9058
-64.9063
-64.9067
-64.9072
-64.9076
-64.9081
-64.9085
-64.9089
-64.9094
-64.9098
-64.9102
-64.9107
-64.9111
-64.9115
-64.9119
-64.9124
-64.9128
-64.9132
-64.9136
-64.914
-64.9145
-64.9149
-64.9153
-64.9157
-64.9161
-64.9165
-64.9169
-64.9173
-64.9177
-64.9181
-64.9185
-64.9189
-64.9193
-64.9197
-64.9201
-64.9205
-64.9209
-64.9213
-64.9216
-64.922
-64.9224
-64.9228
-64.9232
-64.9236
-64.9239
-64.9243
-64.9247
-64.9251
-64.9254
-64.9258
-64.9262
-64.9265
-64.9269
-64.9273
-64.9276
-64.928
-64.9283
-64.9287
-64.929
-64.9294
-64.9298
-64.9301
-64.9305
-64.9308
-64.9311
-64.9315
-64.9318
-64.9322
-64.9325
-64.9329
-64.9332
-64.9335
-64.9339
-64.9342
-64.9345
-64.9349
-64.9352
-64.9355
-64.9359
-64.9362
-64.9365
-64.9368
-64.9372
-64.9375
-64.9378
-64.9381
-64.9384
-64.9388
-64.9391
-64.9394
-64.9397
-64.94
-64.9403
-64.9406
-64.9409
-64.9412
-64.9415
-64.9418
-64.9422
-64.9425
-64.9428
-64.9431
-64.9433
-64.9436
-64.9439
-64.9442
-64.9445
-64.9448
-64.9451
-64.9454
-64.9457
-64.946
-64.9463
-64.9465
-64.9468
-64.9471
-64.9474
-64.9477
-64.9479
-64.9482
-64.9485
-64.9488
-64.9491
-64.9493
-64.9496
-64.9499
-64.9501
-64.9504
-64.9507
-64.9509
-64.9512
-64.9515
-64.9517
-64.952
-64.9523
-64.9525
-64.9528
-64.953
-64.9533
-64.9536
-64.9538
-64.9541
-64.9543
-64.9546
-64.9548
-64.9551
-64.9553
-64.9556
-64.9558
-64.9561

