-70
-70.1661
-70.23
-70.2566
-70.2695
-70.2773
-70.283
-70.2879
-70.2925
-70.297
-70.3014
-70.3057
-70.31
-70.3142
-70.3185
-70.3226
-70.3268
-70.3309
-70.335
-70.3391
-70.3431
-70.3471
-70.351
-70.3549
-70.3588
-70.3626
-70.3664
-70.3701
-70.3738
-70.3775
-70.3811
-70.3847
-70.3883
-70.3918
-70.3953
-70.3987
-70.4021
-70.4055
-70.4088
-70.4121
-70.4154
-70.4186
-70.4218
-70.4249
-70.428
-70.4311
-70.4341
-70.4372
-70.4401
-70.4431
-70.446
-70.4489
-70.4517
-70.4545
-70.4573
-70.4601
-70.4628
-70.4655
-70.4682
-70.4708
-70.4734
-70.476
-70.4785
-70.481
-70.4835
-70.486
-70.4884
-70.4908
-70.4932
-70.4955
-70.4978
-70.5001
-70.5024
-70.5046
-70.5068
-70.509
-70.5112
-70.5133
-70.5154
-70.5175
-70.5196
-70.5216
-70.5236
-70.5256
-70.5276
-70.5295
-70.5315
-70.5334
-70.5352
-70.5371
-70.5389
-70.5407
-70.5425
-70.5443
-70.5461
-70.5478
-70.5495
-70.5512
-70.5528
-70.5545
-70.5561
-70.5577
-70.5593
-70.5609
-70.5624
-70.5639
-70.5655
-70.5669
-70.5684
-70.5699
-70.5713
-70.5727
-70.5741
-70.5755
-70.5769
-70.5782
-70.5796
-70.5809
-70.5822
-70.5835
-70.5848
-70.586
-70.5873
-70.5885
-70.5897
-70.5909
-70.5921
-70.5932
-70.5944
-70.5955
-70.5966
-70.5977
-70.5988
-70.5999
-70.601
-70.602
-70.603
-70.6041
-70.6051
-70.6061
-70.6071
-70.608
-70.609
-70.6099
-70.6109
-70.6118
-70.6127
-70.6136
-70.6145
-70.6154
-70.6162
-70.6171
-70.6179
-70.6187
-70.6196
-70.6204
-70.6212
-70.622
-70.6227
-70.6235
-70.6242
-70.625
-70.6257
-70.6265
-70.6272
-70.6279
-70.6286
-70.6293
-70.6299
-70.6306
-70.6313
-70.6319
-70.6325
-70.6332
-70.6338
-70.6344
-70.635
-70.6356
-70.6362
-70.6368
-70.6374
-70.6379
-70.6385
-70.639
-70.6396
-70.6401
-70.6406
-70.6411
-70.6417
-70.6422
-70.6427
-70.6431
-70.6436
-70.6441
-70.6446
-70.645
-70.6455
-70.6459
-70.6464
-70.6468
-70.6472
-70.6476
-70.6481
-70.6485
-70.6489
-70.6493
-70.6497
-70.65
-70.6504
-70.6508
-70.6512
-70.6515
-70.6519
-70.6522
-70.6526
-70.6529
-70.6533
-70.6536
-70.6539
-70.6542
-70.6545
-70.6549
-70.6552
-70.6555
-70.6558
-70.656
-70.6563
-70.6566
-70.6569
-70.6572
-70.6574
-70.6577
-70.658
-70.6582
-70.6585
-70.6587
-70.6589
-70.6592
-70.6594
-70.6597
-70.6599
-70.6601
-70.6603
-70.6605
-70.6607
-70.661
-70.6612
-70.6614
-70.6616
-70.6617
-70.6619
-70.6621
-70.6623
-70.6625
-70.6627
-70.6628
-70.663
-70.6632
-70.6633
-70.6635
-70.6637
-70.6638
-70.664
-70.6641
-70.6643
-70.6644
-70.6646
-70.6647
-70.6648
-70.665
-70.6651
-70.6652
-70.6653
-70.6655
-70.6656
-70.6657
-70.6658
-70.6659
-70.666
-70.6662
-70.6663
-70.6664
-70.6665
-70.6666
-70.6667
-70.6668
-70.6669
-70.667
-70.667
-70.6671
-70.6672
-70.6673
-70.6674
-70.6675
-70.6675
-70.6676
-70.6677
-70.6678
-70.6678
-70.6679
-70.668
-70.668
-70.6681
-70.6682
-70.6682
-70.6683
-70.6683
-70.6684
-70.6685
-70.6685
-70.6686
-70.6686
-70.6687
-70.6687
-70.6688
-70.6688
-70.6688
-70.6689
-70.6689
-70.669
-70.669
-70.669
-70.6691
-70.6691
-70.6691
-70.6692
-70.6692
-70.6692
-70.6693
-70.6693
-70.6693
-70.6694
-70.6694
-70.6694
-70.6694
-70.6694
-70.6695
-70.6695
-70.6695
-70.6695
-70.6695
-70.6696
-70.6696
-70.6696
-70.6696
-70.6696
-70.6696
-70.6696
-70.6697
-70.6697
-70.6697
-70.6697
-70.6697
-70.6697
-70.6697
-70.6697
-70.6697
-70.6697
-70.6697
-70.6697
-70.6697
-70.6697
-70.6697
-70.6697
-70.6697
-70.6697
-70.6697
-70.6697
-70.6697
-70.6697
-70.6697
-70.6697
-70.6697
-70.6697
-70.6697
-70.6697
-70.6697
-70.6697
-70.6697
-70.6697
-70.6697
-70.6697
-70.6697
-70.6696
-70.6696
-70.6696
-70.6696
-70.6696
-70.6696
-70.6696
-70.6696
-70.6696
-70.6695
-70.6695
-70.6695
-70.6695
-70.6695
-70.6695
-70.6695
-70.6695
-70.6694
-70.6694
-70.6694
-70.6694
-70.6694
-70.6694
-70.6693
-70.6693
-70.6693
-70.6693
-70.6693
-70.6693
-70.6693
-70.6692
-70.6692
-70.6692
-70.6692
-70.6692
-70.6691
-70.6691
-70.6691
-70.6691
-70.6691
-70.6691
-70.669
-70.669
-70.669
-70.669
-70.669
-70.6689
-70.6689
-70.6689
-70.6689
-70.6689
-70.6688
-70.6688
-70.6688
-70.6688
-70.6688
-70.6687
-70.6687
-70.6687
-70.6687
-70.6686
-70.6686
-70.6686
-70.6686
-70.6686
-70.6685
-70.6685
-70.6685
-70.6685
-70.6685
-70.6684
-70.6684
-70.6684
-70.6684
-70.6684
-70.6683
-70.6683
-70.6683
-70.6683
-70.6682
-70.6682
-70.6682
-70.6682
-70.6682
-70.6681
-70.6681
-70.6681
-70.6681
-70.6681
-70.6801
-70.9426
-71.7073
-72.6909
-70.6603
-55.3244
-51.57
-49.739
-47.7757
-42.7223
10.6912
-27.8505
-59.3893
-68.9179
-68.0666
-67.0278
-65.9633
-64.8931
-63.8351
-62.8065
-61.8233
-60.9003
-59.9746
-58.9552
-58.1386
-57.4427
-56.8373
-56.311
-55.8565
-55.4361
-55.0685
-54.7669
-54.5197
-54.3179
-54.1541
-54.0151
-53.8839
-53.7809
-53.7024
-53.6427
-53.5976
-53.564
-53.5379
-53.5019
-53.4745
-53.4572
-53.4469
-53.4414
-53.4392
-53.4396
-53.4418
-53.4366
-53.4221
-53.4145
-53.4123
-53.4134
-53.4164
-53.4206
-53.4255
-53.4311
-53.4372
-53.4437
-53.4389
-53.4225
-53.4147
-53.4129
-53.4141
-53.4171
-53.4209
-53.4253
-53.43
-53.435
-53.4402
-53.4455
-53.4511
-53.4567
-53.4626
-53.468
-53.4641
-53.4298
-53.4123
-53.4056
-53.4033
-53.4024
-53.4015
-53.3994
-53.395
-53.386
-53.3662
-53.3042
-52.7712
-52.3818
-52.4748
-52.6517
-52.8056
-52.9181
-52.9946
-53.0461
-53.0826
-53.1117
-53.1386
-53.1673
-53.2008
-53.2426
-53.335
-53.435
-53.4645
-53.4723
-53.4752
-53.4786
-53.4838
-53.4916
-53.5023
-53.5158
-53.5317
-53.55
-53.5707
-53.5941
-53.6202
-53.6494
-53.6817
-53.7175
-53.7571
-53.8008
-53.8489
-53.9016
-53.9593
-54.0223
-54.0909
-54.1655
-54.2465
-54.3339
-54.4283
-54.5304
-54.6406
-54.7595
-54.8876
-55.0257
-55.1744
-55.3341
-53.8087
-53.3529
-53.2624
-53.2728
-53.3093
-53.3501
-53.3891
-53.4252
-53.4584
-53.4894
-53.5188
-53.5472
-53.5752
-53.6032
-53.6316
-53.6608
-53.6912
-53.7232
-53.7573
-53.7941
-53.8352
-53.879
-53.9256
-53.9754
-54.0288
-54.0863
-54.1481
-54.2147
-54.2862
-54.3631
-54.4489
-54.5414
-54.6396
-54.7493
-54.8692
-54.995
-55.1272
-55.2667
-55.414
-55.5692
-55.7356
-55.9172
-54.1713
-53.2871
-53.114
-53.1218
-53.173
-53.2294
-53.2811
-53.3263
-53.3657
-53.4005
-53.432
-53.4605
-53.4873
-53.5131
-53.5379
-53.5622
-53.5866
-53.6114
-53.6371
-53.6639
-53.6928
-53.7251
-53.7596
-53.7979
-53.8395
-53.8833
-53.9297
-53.9792
-54.0322
-54.0892
-54.1504
-54.2162
-54.2913
-54.3734
-54.4642
-54.5628
-54.665
-54.7713
-54.8829
-55.0007
-55.1254
-55.257
-55.3958
-55.5422
-55.7091
-55.8901
-56.0879
-56.2881
-56.4882
-56.6895
-56.8932
-54.3118
-53.1379
-52.9262
-52.9484
-53.025
-53.1062
-53.1785
-53.2397
-53.2911
-53.3345
-53.3718
-53.4043
-53.4333
-53.4598
-53.4845
-53.5081
-53.5311
-53.5544
-53.5803
-53.6084
-53.6368
-53.6658
-53.696
-53.728
-53.7623
-53.7991
-53.8387
-53.8816
-53.9278
-53.9778
-54.0343
-54.1052
-54.1816
-54.2597
-54.3402
-54.4248
-54.5145
-54.6099
-54.7114
-54.8194
-54.9412
-54.4697
-53.4656
-53.2404
-53.2165
-53.2432
-53.2795
-53.3145
-53.3458
-53.3734
-53.3979
-53.4206
-53.442
-53.4626
-53.4822
-53.5011
-53.5198
-53.5387
-53.5582
-53.5787
-53.6002
-53.6232
-53.6484
-53.6783
-53.7155
-53.7573
-53.8
-53.8439
-53.8902
-53.9396
-53.9933
-54.0824
-54.2223
-54.4264
-54.6664
-54.8852
-55.0836
-55.2651
-55.4451
-55.649
-55.9164
-56.2865
-56.7194
-57.1484
-57.5601
-57.9461
-58.3125
-58.6707
-59.0358
-59.4418
-59.934
-60.4917
-61.08
-61.6476
-62.196
-62.7165
-63.2155
-63.6984
-64.1744
-64.6666
-65.1924
-65.7331
-66.2818
-66.8134
-67.3194
-67.7983
-68.2441
-68.6588
-69.0468
-69.4188
-69.7955
-70.1677
-70.5307
-70.8782
-71.1982
-71.4942
-71.7633
-72.0047
-72.2219
-72.4199
-72.6102
-72.7963
-72.9742
-73.145
-73.3031
-73.4442
-73.5723
-73.6854
-73.7842
-73.8712
-73.9499
-74.0253
-74.0963
-74.1645
-74.2304
-74.2908
-74.3435
-74.3907
-74.4327
-74.4683
-74.4989
-74.5267
-74.5528
-74.5761
-74.5989
-74.6229
-74.6447
-74.6635
-74.6788
-74.6925
-74.7039
-74.7127
-74.7214
-74.7295
-74.7356
-74.7408
-74.7488
-74.7583
-74.7658
-74.7711
-74.7743
-74.7772
-74.7794
-74.7817
-74.7846
-74.7858
-74.7851
-74.785
-74.7876
-74.7918
-74.7939
-74.7934
-74.7925
-74.7915
-74.7912
-74.7929
-74.7939
-74.7942
-74.7928
-74.7915
-74.792
-74.7945
-74.7962
-74.7942
-74.7912
-74.7886
-74.7881
-74.7885
-74.7894
-74.7881
-74.7857
-74.7836
-74.7828
-74.7835
-74.786
-74.7866
-74.7832
-74.779
-74.7784
-74.7798
-74.7801
-74.7795
-74.778
-74.7752
-74.7736
-74.7735
-74.7743
-74.777
-74.7781
-74.7748
-74.7705
-74.7684
-74.7679
-74.7672
-74.7653
-74.7626
-74.76
-74.7584
-74.7576
-74.7589
-74.7618
-74.7662
-74.7675
-74.7651
-74.7627
-74.7611
-74.7584
-74.7565
-74.7535
-74.7495
-74.746
-74.7448
-74.7443
-74.7458
-74.7485
-74.7525
-74.7555
-74.7545
-74.7532
-74.7503
-74.7462
-74.7425
-74.7388
-74.7349
-74.7301
-74.7268
-74.7276
-74.7301
-74.7331
-74.7359
-74.7407
-74.7458
-74.7478
-74.7473
-74.7427
-74.7381
-74.7328
-74.727
-74.7222
-74.7164
-74.7133
-74.7116
-74.7118
-74.7151
-74.7173
-74.7197
-74.724
-74.7314
-74.7351
-74.733
-74.7287
-74.7238
-74.7176
-74.7108
-74.706
-74.7005
-74.6983
-74.6991
-74.6983
-74.7004
-74.7038
-74.706
-74.7101
-74.7164
-74.7206
-74.7213
-74.7196
-74.7165
-74.711
-74.7048
-74.6981
-74.6909
-74.6837
-74.6797
-74.6797
-74.6799
-74.6798
-74.6808
-74.6838
-74.69
-74.6966
-74.6995
-74.7013
-74.7007
-74.6981
-74.6963
-74.6937
-74.6907
-74.6852
-74.6769
-74.6705
-74.6685
-74.6671
-74.6663
-74.6666
-74.6682
-74.6697
-74.6722
-74.6765
-74.682
-74.6836
-74.6832
-74.683
-74.6804
-74.6765
-74.6729
-74.671
-74.6681
-74.6612
-74.6516
-74.6475
-74.6479
-74.646
-74.6416
-74.6433
-74.649
-74.6522
-74.6511
-74.6495
-74.6518
-74.656
-74.659
-74.6609
-74.6598
-74.6567
-74.6551
-74.6521
-74.647
-74.6419
-74.6374
-74.6351
-74.6347
-74.6342
-74.6338
-74.6315
-74.6289
-74.6308
-74.6342
-74.6349
-74.6318
-74.6282
-74.6284
-74.6314
-74.6346
-74.6351
-74.6355
-74.6345
-74.6299
-74.6239
-74.619
-74.6142
-74.6073
-74.6035
-74.6035
-74.6038
-74.6061
-74.6067
-74.6057
-74.6059
-74.6052
-74.6015
-74.5995
-74.5994
-74.6006
-74.6005
-74.601
-74.6018
-74.6015
-74.601
-74.6024
-74.6023
-74.6016
-74.5985
-74.5942
-74.5875
-74.5793
-74.5738
-74.5783
-74.5837
-74.5854
-74.5845
-74.5807
-74.5771
-74.576
-74.576
-74.5767
-74.5755
-74.5728
-74.5717
-74.5708
-74.572
-74.5725
-74.5723
-74.57
-74.5682
-74.5642
-74.5594
-74.5541
-74.552
-74.5533
-74.5499
-74.5459
-74.5438
-74.5438
-74.5438
-74.5434
-74.5438
-74.5448
-74.5431
-74.5403
-74.5336
-74.5281
-74.5225
-74.5182
-74.518
-74.5244
-74.5284
-74.5281
-74.5257
-74.5226
-74.5191
-74.5182
-74.5212
-74.5253
-74.5245
-74.5206
-74.5167
-74.5121
-74.5039
-74.4954
-74.493
-74.493
-74.4949
-74.4997
-74.5054
-74.5103
-74.5116
-74.5087
-74.5046
-74.5025
-74.4985
-74.4899
-74.4809
-74.4747
-74.4687
-74.4662
-74.4683
-74.4707
-74.4697
-74.4653
-74.4642
-74.4626
-74.4607
-74.4611
-74.462
-74.4624
-74.4651
-74.4659
-74.4666
-74.4657
-74.4643
-74.4602
-74.4556
-74.4512
-74.4433
-74.4336
-74.4273
-74.4216
-74.4178
-74.4204
-74.4304
-74.4424
-74.4531
-74.4575
-74.4571
-74.452
-74.4412
-74.426
-74.4117
-74.4018
-74.3916
-74.3844
-74.3803
-74.3733
-74.3657
-74.367
-74.3721
-74.3757
-74.374
-74.3679
-74.3626
-74.3585
-74.3558
-74.3549
-74.3566
-74.3605
-74.3617
-74.3575
-74.3583
-74.3623
-74.3666
-74.3655
-74.3622
-74.3621
-74.3637
-74.3661
-74.3659
-74.3611
-74.354
-74.345
-74.34
-74.3378
-74.3371
-74.3379
-74.342
-74.3516
-74.3596
-74.3606
-74.3576
-74.3504
-74.3387
-74.3228
-74.3054
-74.2882
-74.2732
-74.2638
-74.2628
-74.2674
-74.268
-74.265
-74.2574
-74.247
-74.2415
-74.2454
-74.2494
-74.2512
-74.2494
-74.2432
-74.2371
-74.2352
-74.2361
-74.2325
-74.2285
-74.2213
-74.2113
-74.2068
-74.2124
-74.2263
-74.2341
-74.2344
-74.2316
-74.2283
-74.2271
-74.2258
-74.2227
-74.2209
-74.2167
-74.2146
-74.2172
-74.2189
-74.221
-74.22
-74.2133
-74.2055
-74.2051
-74.2039
-74.2006
-74.1994
-74.2008
-74.2016
-74.2003
-74.1968
-74.1895
-74.1773
-74.1673
-74.1623
-74.1604
-74.1594
-74.1547
-74.1472
-74.1383
-74.1264
-74.1144
-74.1029
-74.0912
-74.0844
-74.0785
-74.0677
-74.059
-74.0557
-74.0506
-74.04
-74.0231
-74.0079
-74.0028
-74.0013
-74.0002
-74.0008
-74.005
-74.0138
-74.0225
-74.0237
-74.0192
-74.0084
-73.9957
-73.9792
-73.9678
-73.9773
-73.99
-73.9933
-73.9995
-74.0047
-74.0039
-73.9974
-73.9906
-73.9921
-73.9999
-74.0119
-74.0236
-74.0321
-74.0344
-74.0304
-74.0216
-74.0077
-73.9928
-73.9784
-73.9702
-73.9641
-73.9626
-73.9668
-73.9772
-73.9829
-73.988
-73.9874
-73.9784
-73.9626
-73.9419
-73.9201
-73.8996
-73.8768
-73.8592
-73.8505
-73.8431
-73.8474
-73.8522
-73.8525
-73.8528
-73.8506
-73.8409
-73.8265
-73.8256
-73.8398
-73.8533
-73.8557
-73.8479
-73.8349
-73.8241
-73.8195
-73.8113
-73.7967
-73.7772
-73.7584
-73.7398
-73.7198
-73.7034
-73.691
-73.6757
-73.6584
-73.6583
-73.664
-73.6617
-73.6521
-73.6472
-73.6519
-73.6601
-73.664
-73.6589
-73.6493
-73.6429
-73.6428
-73.6535
-73.659
-73.6611
-73.663
-73.6645
-73.6659
-73.6637
-73.6543
-73.6388
-73.6242
-73.6114
-73.6032
-73.6043
-73.6024
-73.5931
-73.5837
-73.5723
-73.5561
-73.5358
-73.5142
-73.5096
-73.5102
-73.5042
-73.4911
-73.4756
-73.463
-73.4476
-73.4282
-73.4057
-73.3809
-73.3545
-73.331
-73.3186
-73.316
-73.3151
-73.3084
-73.3032
-73.2956
-73.2825
-73.2659
-73.2575
-73.256
-73.25
-73.2379
-73.221
-73.2079
-73.1973
-73.1919
-73.1885
-73.1878
-73.182
-73.1701
-73.1536
-73.1338
-73.1116
-73.0935
-73.0879
-73.0861
-73.0791
-73.0663
-73.0499
-73.0401
-73.0311
-73.018
-73.0082
-73.0017
-72.9914
-72.9765
-72.9586
-72.9486
-72.9511
-72.9527
-72.9475
-72.9392
-72.9365
-72.931
-72.9203
-72.9053
-72.8873
-72.8672
-72.8455
-72.8228
-72.7993
-72.7786
-72.7753
-72.7826
-72.7957
-72.803
-72.8017
-72.7936
-72.7807
-72.7646
-72.7462
-72.7263
-72.7052
-72.6833
-72.6608
-72.6379
-72.6148
-72.5914
-72.568
-72.5445
-72.521
-72.4975
-72.4741
-72.4508
-72.4277
-72.4047
-72.3819
-72.3592
-72.3368
-72.3145
-72.2924
-72.2706
-72.249
-72.2275
-72.2063
-72.1853
-72.1646
-72.144
-72.1237
-72.1036
-72.0837
-72.064
-72.0446
-72.0254
-72.0064
-71.9876
-71.969
-71.9506
-71.9325
-71.9145
-71.8968
-71.8793
-71.8619
-71.8448
-71.8279
-71.8112
-71.7947
-71.7783
-71.7622
-71.7463
-71.7305
-71.715
-71.6996
-71.6844
-71.6694
-71.6546
-71.6399
-71.6255
-71.6112
-71.5971
-71.5831
-71.5693
-71.5557
-71.5423
-71.529
-71.5159
-71.5029
-71.4901
-71.4775
-71.465
-71.4527
-71.4405
-71.4285
-71.4166
-71.4049
-71.3933
-71.3819
-71.3706
-71.3595
-71.3485
-71.3376
-71.3269
-71.3163
-71.3058
-71.2955
-71.2854
-71.2753
-71.2654
-71.2556
-71.2459
-71.2364
-71.227
-71.2177
-71.2085
-71.1995
-71.1905
-71.1817
-71.173
-71.1644
-71.1559
-71.1475
-71.1393
-71.1311
-71.1231
-71.1152
-71.1073
-71.0996
-71.092
-71.0844
-71.077
-71.0697
-71.0625
-71.0553
-71.0483
-71.0414
-71.0345
-71.0278
-71.0211
-71.0145
-71.008
-71.0016
-70.9953
-70.9891
-70.983
-70.9769
-70.9709
-70.9651
-70.9592
-70.9535
-70.9479
-70.9423
-70.9368
-70.9314
-70.926
-70.9208
-70.9156
-70.9105
-70.9054
-70.9004
-70.8955
-70.8907
-70.8859
-70.8812
-70.8766
-70.872
-70.8675
-70.8631
-70.8587
-70.8544
-70.8502
-70.846
-70.8419
-70.8378
-70.8338
-70.8299
-70.826
-70.8221
-70.8184
-70.8147
-70.811
-70.8074
-70.8038
-70.8003
-70.7969
-70.7935
-70.7902
-70.7869
-70.7836
-70.7804
-70.7773
-70.7742
-70.7711
-70.7681
-70.7652
-70.7623
-70.7594
-70.7566
-70.7538
-70.7511
-70.7484
-70.7457
-70.7431
-70.7406
-70.7381
-70.7356
-70.7331
-70.7307
-70.7284
-70.7261
-70.7238
-70.7215
-70.7193
-70.7171
-70.715
-70.7129
-70.7108
-70.7088
-70.7068
-70.7048
-70.7029
-70.701
-70.6991
-70.6973
-70.6955
-70.6937
-70.692
-70.6902
-70.6886
-70.6869
-70.6853
-70.6837
-70.6821
-70.6806
-70.6791
-70.6776
-70.6761
-70.6747
-70.6733
-70.6719
-70.6706
-70.6692
-70.6679
-70.6667
-70.6654
-70.6642
-70.663
-70.6618
-70.6606
-70.6595
-70.6584
-70.6573
-70.6562
-70.6552
-70.6541
-70.6531
-70.6521
-70.6512
-70.6502
-70.6493
-70.6484
-70.6475
-70.6466
-70.6458
-70.6449
-70.6441
-70.6433
-70.6425
-70.6418
-70.641
-70.6403
-70.6396
-70.6389
-70.6382
-70.6375
-70.6369
-70.6362
-70.6356
-70.635
-70.6344
-70.6338
-70.6333
-70.6327
-70.6322
-70.6316
-70.6311
-70.6306
-70.6302
-70.6297
-70.6292
-70.6288
-70.6284
-70.6279
-70.6275
-70.6271
-70.6267
-70.6264
-70.626
-70.6256
-70.6253
-70.625
-70.6247
-70.6243
-70.624
-70.6237
-70.6235
-70.6232
-70.6229
-70.6227
-70.6224
-70.6222
-70.622
-70.6218
-70.6216
-70.6214
-70.6212
-70.621
-70.6208
-70.6206
-70.6205
-70.6203
-70.6202
-70.62
-70.6199
-70.6198
-70.6197
-70.6196
-70.6195
-70.6194
-70.6193
-70.6192
-70.6191
-70.619
-70.619
-70.6189
-70.6189
-70.6188
-70.6188
-70.6187
-70.6187
-70.6187
-70.6187
-70.6186
-70.6186
-70.6186
-70.6186
-70.6186
-70.6186
-70.6187
-70.6187
-70.6187
-70.6187
-70.6188
-70.6188
-70.6188
-70.6189
-70.6189
-70.619
-70.619
-70.6191
-70.6192
-70.6192
-70.6193
-70.6194
-70.6194
-70.6195
-70.6196
-70.6197
-70.6198
-70.6199
-70.62
-70.6201
-70.6202
-70.6203
-70.6204
-70.6205
-70.6206
-70.6207
-70.6208
-70.6209
-70.621
-70.6212
-70.6213
-70.6214
-70.6215
-70.6217
-70.6218
-70.6219
-70.6221
-70.6222
-70.6224
-70.6225
-70.6226
-70.6228
-70.6229
-70.6231
-70.6232
-70.6234
-70.6235
-70.6237
-70.6238
-70.624
-70.6242
-70.6243
-70.6245
-70.6246
-70.6248
-70.625
-70.6251
-70.6253
-70.6255
-70.6256
-70.6258
-70.626
-70.6261
-70.6263
-70.6265
-70.6266
-70.6268
-70.627
-70.6272
-70.6273
-70.6275
-70.6277
-70.6279
-70.628
-70.6282
-70.6284
-70.6286
-70.6287
-70.6289
-70.6291
-70.6293
-70.6294
-70.6296
-70.6298
-70.63
-70.6302
-70.6303
-70.6305
-70.6307
-70.6309
-70.6311
-70.6312
-70.6314
-70.6316
-70.6318
-70.632
-70.6321
-70.6323
-70.6325
-70.6327
-70.6329
-70.633
-70.6332
-70.6334
-70.6336
-70.6338
-70.6339
-70.6341
-70.6343
-70.6345
-70.6346
-70.6348
-70.635
-70.6352
-70.6354
-70.6355
-70.6357
-70.6359
-70.6361
-70.6362
-70.6364
-70.6366
-70.6367
-70.6369
-70.6371
-70.6373
-70.6374
-70.6376
-70.6378
-70.6379
-70.6381
-70.6383
-70.6385
-70.6386
-70.6388
-70.639
-70.6391
-70.6393
-70.6395
-70.6396
-70.6398
-70.6399
-70.6401
-70.6403
-70.6404
-70.6406
-70.6408
-70.6409
-70.6411
-70.6412
-70.6414
-70.6416
-70.6417
-70.6419
-70.642
-70.6422
-70.6423
-70.6425
-70.6426
-70.6428
-70.6429
-70.6431
-70.6432
-70.6434
-70.6435
-70.6437
-70.6438
-70.644
-70.6441
-70.6443
-70.6444
-70.6446

