-70
-70.1661
-70.23
-70.2566
-70.2695
-70.2773
-70.283
-70.2879
-70.2925
-70.297
-70.3014
-70.3057
-70.31
-70.3142
-70.3185
-70.3226
-70.3268
-70.3309
-70.335
-70.3391
-70.3431
-70.3471
-70.351
-70.3549
-70.3588
-70.3626
-70.3664
-70.3701
-70.3738
-70.3775
-70.3811
-70.3847
-70.3883
-70.3918
-70.3953
-70.3987
-70.4021
-70.4055
-70.4088
-70.4121
-70.4154
-70.4186
-70.4218
-70.4249
-70.428
-70.4311
-70.4341
-70.4372
-70.4401
-70.4431
-70.446
-70.4489
-70.4517
-70.4545
-70.4573
-70.4601
-70.4628
-70.4655
-70.4682
-70.4708
-70.4734
-70.476
-70.4785
-70.481
-70.4835
-70.486
-70.4884
-70.4908
-70.4932
-70.4955
-70.4978
-70.5001
-70.5024
-70.5046
-70.5068
-70.509
-70.5112
-70.5133
-70.5154
-70.5175
-70.5196
-70.5216
-70.5236
-70.5256
-70.5276
-70.5295
-70.5315
-70.5334
-70.5352
-70.5371
-70.5389
-70.5407
-70.5425
-70.5443
-70.5461
-70.5478
-70.5495
-70.5512
-70.5528
-70.5545
-70.5561
-70.5577
-70.5593
-70.5609
-70.5624
-70.5639
-70.5655
-70.5669
-70.5684
-70.5699
-70.5713
-70.5727
-70.5741
-70.5755
-70.5769
-70.5782
-70.5796
-70.5809
-70.5822
-70.5835
-70.5848
-70.586
-70.5873
-70.5885
-70.5897
-70.5909
-70.5921
-70.5932
-70.5944
-70.5955
-70.5966
-70.5977
-70.5988
-70.5999
-70.601
-70.602
-70.603
-70.6041
-70.6051
-70.6061
-70.6071
-70.608
-70.609
-70.6099
-70.6109
-70.6118
-70.6127
-70.6136
-70.6145
-70.6154
-70.6162
-70.6171
-70.6179
-70.6187
-70.6196
-70.6204
-70.6212
-70.622
-70.6227
-70.6235
-70.6242
-70.625
-70.6257
-70.6265
-70.6272
-70.6279
-70.6286
-70.6293
-70.6299
-70.6306
-70.6313
-70.6319
-70.6325
-70.6332
-70.6338
-70.6344
-70.635
-70.6356
-70.6362
-70.6368
-70.6374
-70.6379
-70.6385
-70.639
-70.6396
-70.6401
-70.6406
-70.6411
-70.6417
-70.6422
-70.6427
-70.6431
-70.6436
-70.6441
-70.6446
-70.645
-70.6455
-70.6459
-70.6464
-70.6468
-70.6472
-70.6476
-70.6481
-70.6485
-70.6489
-70.6493
-70.6497
-70.65
-70.6504
-70.6508
-70.6512
-70.6515
-70.6519
-70.6522
-70.6526
-70.6529
-70.6533
-70.6536
-70.6539
-70.6542
-70.6545
-70.6549
-70.6552
-70.6555
-70.6558
-70.656
-70.6563
-70.6566
-70.6569
-70.6572
-70.6574
-70.6577
-70.658
-70.6582
-70.6585
-70.6587
-70.6589
-70.6592
-70.6594
-70.6597
-70.6599
-70.6601
-70.6603
-70.6605
-70.6607
-70.661
-70.6612
-70.6614
-70.6616
-70.6617
-70.6619
-70.6621
-70.6623
-70.6625
-70.6627
-70.6628
-70.663
-70.6632
-70.6633
-70.6635
-70.6637
-70.6638
-70.664
-70.6641
-70.6643
-70.6644
-70.6646
-70.6647
-70.6648
-70.665
-70.6651
-70.6652
-70.6653
-70.6655
-70.6656
-70.6657
-70.6658
-70.6659
-70.666
-70.6662
-70.6663
-70.6664
-70.6665
-70.6666
-70.6667
-70.6668
-70.6669
-70.667
-70.667
-70.6671
-70.6672
-70.6673
-70.6674
-70.6675
-70.6675
-70.6676
-70.6677
-70.6678
-70.6678
-70.6679
-70.668
-70.668
-70.6681
-70.6682
-70.6682
-70.6683
-70.6683
-70.6684
-70.6685
-70.6685
-70.6686
-70.6686
-70.6687
-70.6687
-70.6688
-70.6688
-70.6688
-70.6689
-70.6689
-70.669
-70.669
-70.669
-70.6691
-70.6691
-70.6691
-70.6692
-70.6692
-70.6692
-70.6693
-70.6693
-70.6693
-70.6694
-70.6694
-70.6694
-70.6694
-70.6694
-70.6695
-70.6695
-70.6695
-70.6695
-70.6695
-70.6696
-70.6696
-70.6696
-70.6696
-70.6696
-70.6696
-70.6696
-70.6697
-70.6697
-70.6697
-70.6697
-70.6697
-70.6697
-70.6697
-70.6697
-70.6697
-70.6697
-70.6697
-70.6697
-70.6697
-70.6697
-70.6697
-70.6697
-70.6697
-70.6697
-70.6697
-70.6697
-70.6697
-70.6697
-70.6697
-70.6697
-70.6697
-70.6697
-70.6697
-70.6697
-70.6697
-70.6697
-70.6697
-70.6697
-70.6697
-70.6697
-70.6697
-70.6696
-70.6696
-70.6696
-70.6696
-70.6696
-70.6696
-70.6696
-70.6696
-70.6696
-70.6695
-70.6695
-70.6695
-70.6695
-70.6695
-70.6695
-70.6695
-70.6695
-70.6694
-70.6694
-70.6694
-70.6694
-70.6694
-70.6694
-70.6693
-70.6693
-70.6693
-70.6693
-70.6693
-70.6693
-70.6693
-70.6692
-70.6692
-70.6692
-70.6692
-70.6692
-70.6691
-70.6691
-70.6691
-70.6691
-70.6691
-70.6691
-70.669
-70.669
-70.669
-70.669
-70.669
-70.6689
-70.6689
-70.6689
-70.6689
-70.6689
-70.6688
-70.6688
-70.6688
-70.6688
-70.6688
-70.6687
-70.6687
-70.6687
-70.6687
-70.6686
-70.6686
-70.6686
-70.6686
-70.6686
-70.6685
-70.6685
-70.6685
-70.6685
-70.6685
-70.6684
-70.6684
-70.6684
-70.6684
-70.6684
-70.6683
-70.6683
-70.6683
-70.6683
-70.6682
-70.6682
-70.6682
-70.6682
-70.6682
-70.6681
-70.6681
-70.6681
-70.6681
-70.6681
-70.6748
-70.9078
-71.5784
-69.7749
-55.1408
-51.5294
-49.7456
-47.8657
-43.2787
10.9516
-26.5089
-57.1199
-68.8053
-67.9888
-66.9352
-65.8536
-64.7646
-63.6859
-62.6349
-61.6269
-60.6753
-59.791
-58.9463
-58.1395
-57.4401
-56.8219
-56.2702
-55.7983
-55.3961
-55.0453
-54.7473
-54.4996
-54.2892
-54.1157
-53.9744
-53.8576
-53.7601
-53.6826
-53.6199
-53.5682
-53.5284
-53.4986
-53.4757
-53.4549
-53.4393
-53.4277
-53.4168
-53.4094
-53.405
-53.403
-53.4025
-53.4018
-53.3987
-53.3972
-53.3955
-53.3932
-53.3928
-53.3938
-53.3956
-53.3981
-53.401
-53.4041
-53.4075
-53.4057
-53.4034
-53.4021
-53.399
-53.3978
-53.3983
-53.3996
-53.4016
-53.4038
-53.4062
-53.4087
-53.4113
-53.414
-53.4166
-53.419
-53.421
-53.4228
-53.4165
-53.408
-53.401
-53.3956
-53.3926
-53.3905
-53.3877
-53.3825
-53.3691
-53.2835
-53.0312
-53.0249
-53.0884
-53.1512
-53.1987
-53.2316
-53.2536
-53.2688
-53.2804
-53.2906
-53.3009
-53.3128
-53.3272
-53.3456
-53.3695
-53.4
-53.4372
-53.4743
-53.464
-53.4463
-53.4372
-53.4347
-53.4359
-53.4392
-53.4439
-53.4498
-53.4567
-53.4647
-53.4739
-53.4841
-53.4956
-53.5082
-53.5223
-53.5377
-53.5547
-53.5734
-53.5939
-53.6163
-53.6408
-53.6675
-53.6967
-53.7287
-53.7638
-53.802
-53.8438
-53.8893
-53.9389
-53.9928
-54.0514
-54.115
-54.184
-54.2586
-54.3389
-54.4257
-54.1894
-53.497
-53.3265
-53.3021
-53.3162
-53.339
-53.3621
-53.3834
-53.4027
-53.4203
-53.4365
-53.4519
-53.4668
-53.4812
-53.4955
-53.5098
-53.5246
-53.5398
-53.5559
-53.5729
-53.5909
-53.6107
-53.6323
-53.6554
-53.6802
-53.707
-53.736
-53.7688
-53.8056
-53.8449
-53.8869
-53.932
-53.9824
-54.0372
-54.0957
-54.1582
-54.2253
-54.2978
-54.3789
-54.4658
-54.5577
-54.6552
-54.7591
-54.1141
-53.4369
-53.2551
-53.2331
-53.2542
-53.2839
-53.3127
-53.3382
-53.3603
-53.3795
-53.3964
-53.4117
-53.4257
-53.4388
-53.4511
-53.463
-53.4752
-53.4877
-53.5003
-53.5133
-53.5269
-53.5412
-53.5565
-53.574
-53.5928
-53.6127
-53.6339
-53.6578
-53.6845
-53.713
-53.7434
-53.7761
-53.8113
-53.8495
-53.8915
-53.9405
-53.9932
-54.0488
-54.109
-54.1781
-54.2518
-54.3284
-54.4091
-54.4947
-54.5856
-54.6824
-54.7856
-54.9055
-55.0354
-55.1693
-55.3147
-55.4754
-53.8764
-53.26
-53.1492
-53.164
-53.1899
-53.2229
-53.2571
-53.2883
-53.3157
-53.3392
-53.3595
-53.3772
-53.3928
-53.4066
-53.4191
-53.4308
-53.4418
-53.4526
-53.4632
-53.474
-53.4853
-53.498
-53.5114
-53.5265
-53.5427
-53.5594
-53.5771
-53.596
-53.6164
-53.6384
-53.6623
-53.6884
-53.7195
-53.7558
-53.7962
-53.8385
-53.883
-53.9305
-53.9815
-54.0366
-54.0961
-54.1603
-54.2297
-54.3052
-54.3975
-54.5033
-54.6119
-54.5785
-53.5645
-53.3095
-53.2532
-53.2563
-53.2784
-53.3034
-53.3265
-53.3468
-53.3646
-53.3811
-53.3961
-53.4093
-53.4213
-53.4324
-53.443
-53.4539
-53.4656
-53.4799
-53.5004
-53.5251
-53.5547
-53.5869
-53.6182
-53.6484
-53.6781
-53.713
-53.7606
-53.83
-53.9121
-54.0013
-54.0895
-54.1755
-54.2586
-54.343
-54.4309
-54.5298
-54.6477
-54.7974
-54.9671
-55.1478
-55.3316
-55.5175
-55.7069
-55.9045
-56.1126
-56.3413
-56.5954
-56.8844
-57.205
-57.5496
-57.9038
-58.2647
-58.6327
-59.0058
-59.3867
-59.7829
-60.2007
-60.6536
-61.149
-61.6665
-62.1963
-62.7142
-63.2215
-63.7183
-64.2018
-64.6755
-65.1487
-65.6303
-66.1378
-66.6603
-67.1804
-67.6809
-68.1479
-68.5817
-68.9863
-69.3621
-69.7141
-70.0496
-70.3761
-70.7112
-71.0447
-71.3638
-71.6594
-71.9247
-72.1604
-72.3718
-72.561
-72.7324
-72.8904
-73.0396
-73.1912
-73.3436
-73.4883
-73.6186
-73.7333
-73.8321
-73.9165
-73.9907
-74.055
-74.1127
-74.166
-74.2201
-74.2785
-74.3355
-74.3881
-74.4333
-74.4717
-74.503
-74.528
-74.5489
-74.566
-74.5809
-74.5955
-74.6134
-74.6348
-74.6564
-74.6765
-74.6917
-74.7037
-74.7127
-74.7184
-74.7222
-74.7246
-74.7249
-74.7252
-74.7299
-74.7384
-74.7481
-74.758
-74.7647
-74.7679
-74.7699
-74.7706
-74.7696
-74.7671
-74.7635
-74.7596
-74.7579
-74.7604
-74.7653
-74.7724
-74.7781
-74.7809
-74.7805
-74.7793
-74.7786
-74.7759
-74.7705
-74.765
-74.761
-74.7588
-74.76
-74.7631
-74.7688
-74.7736
-74.7749
-74.7739
-74.7714
-74.7708
-74.7693
-74.7641
-74.758
-74.7538
-74.7514
-74.7513
-74.7534
-74.758
-74.7636
-74.7656
-74.7651
-74.7639
-74.7609
-74.7582
-74.7553
-74.7501
-74.7448
-74.741
-74.7392
-74.7388
-74.7402
-74.7442
-74.7495
-74.7523
-74.7509
-74.7505
-74.7495
-74.7462
-74.7419
-74.7377
-74.7343
-74.7312
-74.7292
-74.7276
-74.7279
-74.731
-74.7351
-74.7399
-74.7422
-74.7406
-74.739
-74.7369
-74.7317
-74.7255
-74.7208
-74.7169
-74.7151
-74.7132
-74.7111
-74.7088
-74.7127
-74.7169
-74.7215
-74.7263
-74.7287
-74.7278
-74.7257
-74.723
-74.7179
-74.7114
-74.7049
-74.702
-74.7009
-74.7005
-74.6986
-74.6956
-74.6975
-74.7025
-74.7079
-74.7131
-74.7167
-74.7174
-74.7144
-74.7096
-74.7055
-74.6997
-74.6911
-74.6832
-74.6788
-74.6778
-74.6764
-74.6759
-74.6751
-74.6761
-74.6813
-74.687
-74.6928
-74.6992
-74.7027
-74.7025
-74.6995
-74.6959
-74.692
-74.686
-74.678
-74.6692
-74.6633
-74.6617
-74.6597
-74.6571
-74.6558
-74.6583
-74.662
-74.6679
-74.6732
-74.6794
-74.6866
-74.6886
-74.6852
-74.6802
-74.6757
-74.6705
-74.6639
-74.6574
-74.6487
-74.6402
-74.6354
-74.6333
-74.6319
-74.632
-74.631
-74.6318
-74.6363
-74.6432
-74.6505
-74.657
-74.6636
-74.6684
-74.6685
-74.6648
-74.6598
-74.6563
-74.6529
-74.6465
-74.6384
-74.6301
-74.622
-74.6159
-74.6128
-74.6127
-74.6129
-74.6107
-74.6094
-74.6114
-74.6198
-74.6268
-74.6304
-74.6342
-74.637
-74.6417
-74.6419
-74.6387
-74.6335
-74.6314
-74.6277
-74.6217
-74.6133
-74.6039
-74.5971
-74.5918
-74.5858
-74.5796
-74.5779
-74.5788
-74.5779
-74.5779
-74.582
-74.5876
-74.5921
-74.5965
-74.6004
-74.6049
-74.6075
-74.6082
-74.6076
-74.6057
-74.6042
-74.606
-74.605
-74.599
-74.5927
-74.585
-74.5789
-74.5744
-74.5697
-74.5631
-74.5548
-74.5502
-74.55
-74.5499
-74.5516
-74.5549
-74.5582
-74.5619
-74.5627
-74.5613
-74.5627
-74.568
-74.5685
-74.5658
-74.5644
-74.5656
-74.5643
-74.5634
-74.5637
-74.5629
-74.5601
-74.5554
-74.55
-74.5433
-74.5383
-74.5331
-74.5263
-74.5167
-74.5112
-74.5083
-74.5053
-74.5051
-74.5073
-74.5075
-74.5108
-74.5156
-74.5155
-74.5136
-74.512
-74.5089
-74.5101
-74.5123
-74.5121
-74.515
-74.5164
-74.5183
-74.52
-74.5194
-74.5162
-74.5154
-74.5148
-74.5099
-74.5038
-74.4989
-74.4954
-74.4931
-74.4889
-74.4805
-74.4729
-74.4715
-74.47
-74.4661
-74.4623
-74.4593
-74.4548
-74.451
-74.4536
-74.4599
-74.4622
-74.4582
-74.456
-74.454
-74.4485
-74.4474
-74.4495
-74.4526
-74.4554
-74.4599
-74.46
-74.4564
-74.4542
-74.4515
-74.4507
-74.4457
-74.4433
-74.442
-74.4376
-74.4349
-74.4305
-74.4242
-74.4216
-74.4219
-74.4249
-74.4273
-74.4279
-74.4256
-74.4194
-74.4088
-74.3968
-74.3877
-74.3819
-74.3762
-74.3666
-74.357
-74.3564
-74.3698
-74.3811
-74.3827
-74.3766
-74.3718
-74.3655
-74.3563
-74.3523
-74.3585
-74.3659
-74.3683
-74.3696
-74.369
-74.3651
-74.3543
-74.3419
-74.3375
-74.3362
-74.3332
-74.3298
-74.3287
-74.3292
-74.333
-74.3349
-74.3321
-74.3259
-74.3181
-74.3151
-74.3164
-74.3189
-74.3233
-74.3278
-74.3352
-74.3441
-74.35
-74.3485
-74.3404
-74.3273
-74.3124
-74.2989
-74.287
-74.2739
-74.26
-74.2433
-74.2286
-74.2209
-74.225
-74.2338
-74.2392
-74.2448
-74.2469
-74.2441
-74.2372
-74.2346
-74.2374
-74.2397
-74.2425
-74.2436
-74.2454
-74.244
-74.2397
-74.2338
-74.2245
-74.2166
-74.2097
-74.2044
-74.1968
-74.1857
-74.1716
-74.161
-74.1566
-74.1518
-74.1497
-74.1475
-74.1482
-74.1535
-74.1627
-74.1662
-74.1686
-74.1726
-74.1753
-74.1753
-74.1752
-74.1754
-74.1815
-74.1905
-74.1959
-74.1959
-74.1933
-74.1855
-74.1769
-74.1679
-74.1642
-74.1623
-74.1593
-74.1509
-74.1387
-74.1226
-74.104
-74.0937
-74.0884
-74.0824
-74.0732
-74.0633
-74.0494
-74.031
-74.0139
-73.9983
-73.9885
-73.9895
-74.0019
-74.0174
-74.0248
-74.0228
-74.0202
-74.0164
-74.0098
-73.9983
-73.9939
-73.996
-73.997
-73.9958
-74.0059
-74.0125
-74.0125
-74.0042
-73.9952
-73.988
-73.9812
-73.9767
-73.9779
-73.9778
-73.973
-73.9631
-73.9519
-73.9422
-73.9289
-73.9149
-73.8992
-73.8864
-73.8744
-73.8667
-73.8601
-73.851
-73.8361
-73.8188
-73.8094
-73.8068
-73.8067
-73.8122
-73.8249
-73.8414
-73.8547
-73.8615
-73.8642
-73.8675
-73.8677
-73.8693
-73.8695
-73.8834
-73.906
-73.9216
-73.9275
-73.9235
-73.9161
-73.9039
-73.8917
-73.9048
-73.9214
-73.9262
-73.9244
-73.9221
-73.915
-73.9082
-73.9002
-73.8867
-73.868
-73.854
-73.8422
-73.8305
-73.8217
-73.8141
-73.8042
-73.7888
-73.7707
-73.7574
-73.7494
-73.7404
-73.7269
-73.7146
-73.7081
-73.7031
-73.6921
-73.6751
-73.6537
-73.6339
-73.6197
-73.6113
-73.6036
-73.5919
-73.5813
-73.5747
-73.5808
-73.5827
-73.5758
-73.5619
-73.5429
-73.5247
-73.5093
-73.4918
-73.478
-73.4702
-73.4613
-73.447
-73.4281
-73.4058
-73.3812
-73.3548
-73.3274
-73.299
-73.2704
-73.2496
-73.2402
-73.2309
-73.2168
-73.2027
-73.2043
-73.2217
-73.2353
-73.243
-73.2566
-73.2642
-73.2621
-73.2535
-73.2482
-73.248
-73.2675
-73.2933
-73.3152
-73.3263
-73.3264
-73.3182
-73.3084
-73.3081
-73.3081
-73.3016
-73.289
-73.2719
-73.2517
-73.2292
-73.2051
-73.1799
-73.1538
-73.127
-73.0998
-73.0722
-73.0445
-73.0165
-72.9885
-72.9604
-72.9324
-72.9044
-72.8765
-72.8487
-72.8215
-72.8048
-72.793
-72.7786
-72.761
-72.741
-72.7193
-72.6966
-72.6732
-72.6493
-72.6252
-72.6009
-72.5766
-72.5524
-72.5281
-72.504
-72.48
-72.4611
-72.4545
-72.4477
-72.4369
-72.4229
-72.4064
-72.3883
-72.3692
-72.3494
-72.3291
-72.3086
-72.2879
-72.2672
-72.2465
-72.2257
-72.2051
-72.1846
-72.1642
-72.1439
-72.1238
-72.1039
-72.0842
-72.0646
-72.0452
-72.026
-72.0071
-71.9883
-71.9758
-71.9783
-71.9804
-71.9777
-71.9708
-71.9609
-71.9489
-71.9356
-71.9214
-71.9066
-71.8913
-71.8758
-71.8601
-71.8443
-71.8285
-71.8127
-71.797
-71.7813
-71.7657
-71.7502
-71.7348
-71.7196
-71.7044
-71.6895
-71.6746
-71.66
-71.6454
-71.6311
-71.6168
-71.6028
-71.5889
-71.5751
-71.5616
-71.5481
-71.5349
-71.5217
-71.5088
-71.496
-71.4833
-71.4708
-71.4585
-71.4463
-71.4342
-71.4223
-71.4106
-71.399
-71.3875
-71.3762
-71.365
-71.354
-71.3431
-71.3323
-71.3217
-71.3112
-71.3009
-71.2906
-71.2805
-71.2706
-71.2608
-71.2511
-71.2415
-71.232
-71.2227
-71.2135
-71.2044
-71.1954
-71.1866
-71.1778
-71.1692
-71.1607
-71.1523
-71.144
-71.1358
-71.1277
-71.1197
-71.1119
-71.1041
-71.0964
-71.0889
-71.0814
-71.074
-71.0668
-71.0596
-71.0525
-71.0456
-71.0387
-71.0319
-71.0252
-71.0186
-71.0121
-71.0056
-70.9993
-70.993
-70.9869
-70.9808
-70.9748
-70.9689
-70.963
-70.9573
-70.9516
-70.946
-70.9405
-70.935
-70.9296
-70.9243
-70.9191
-70.914
-70.9089
-70.9039
-70.899
-70.8941
-70.8893
-70.8846
-70.8799
-70.8753
-70.8708
-70.8663
-70.8619
-70.8576
-70.8533
-70.8491
-70.845
-70.8409
-70.8368
-70.8329
-70.8289
-70.8251
-70.8213
-70.8176
-70.8139
-70.8102
-70.8067
-70.8031
-70.7997
-70.7962
-70.7929
-70.7896
-70.7863
-70.7831
-70.7799
-70.7768
-70.7737
-70.7707
-70.7677
-70.7648
-70.7619
-70.7591
-70.7563
-70.7535
-70.7508
-70.7481
-70.7455
-70.7429
-70.7404
-70.7379
-70.7354
-70.733
-70.7306
-70.7283
-70.726
-70.7237
-70.7214
-70.7193
-70.7171
-70.715
-70.7129
-70.7108
-70.7088
-70.7068
-70.7049
-70.703
-70.7011
-70.6992
-70.6974
-70.6956
-70.6938
-70.6921
-70.6904
-70.6887
-70.6871
-70.6855
-70.6839
-70.6824
-70.6808
-70.6793
-70.6779
-70.6764
-70.675
-70.6736
-70.6722
-70.6709
-70.6696
-70.6683
-70.667
-70.6658
-70.6645
-70.6633
-70.6622
-70.661
-70.6599
-70.6588
-70.6577
-70.6566
-70.6556
-70.6545
-70.6535
-70.6526
-70.6516
-70.6507
-70.6497
-70.6488
-70.6479
-70.6471
-70.6462
-70.6454
-70.6446
-70.6438
-70.643
-70.6422
-70.6415
-70.6408
-70.6401
-70.6394
-70.6387
-70.638
-70.6374
-70.6367
-70.6361
-70.6355
-70.6349
-70.6344
-70.6338
-70.6332
-70.6327
-70.6322
-70.6317
-70.6312
-70.6307
-70.6302
-70.6298
-70.6293
-70.6289
-70.6285
-70.6281
-70.6277
-70.6273
-70.6269
-70.6266
-70.6262
-70.6259
-70.6255
-70.6252
-70.6249
-70.6246
-70.6243
-70.624
-70.6238
-70.6235
-70.6233
-70.623
-70.6228
-70.6226
-70.6223
-70.6221
-70.6219
-70.6217
-70.6216
-70.6214
-70.6212
-70.621
-70.6209
-70.6207
-70.6206
-70.6205
-70.6204
-70.6202
-70.6201
-70.62
-70.6199
-70.6198
-70.6198
-70.6197
-70.6196
-70.6195
-70.6195
-70.6194
-70.6194
-70.6193
-70.6193
-70.6193
-70.6192
-70.6192
-70.6192
-70.6192
-70.6192
-70.6192
-70.6192
-70.6192
-70.6192
-70.6192
-70.6192
-70.6193
-70.6193
-70.6193
-70.6194
-70.6194
-70.6195
-70.6195
-70.6196
-70.6196
-70.6197
-70.6197
-70.6198
-70.6199
-70.62
-70.62
-70.6201
-70.6202
-70.6203
-70.6204
-70.6205
-70.6206
-70.6207
-70.6208
-70.6209
-70.621
-70.6211
-70.6212
-70.6213
-70.6214
-70.6215
-70.6217
-70.6218
-70.6219
-70.622
-70.6222
-70.6223
-70.6224
-70.6226
-70.6227
-70.6228
-70.623
-70.6231
-70.6233
-70.6234
-70.6235
-70.6237
-70.6238
-70.624
-70.6241
-70.6243
-70.6244
-70.6246
-70.6248
-70.6249
-70.6251
-70.6252
-70.6254
-70.6256
-70.6257
-70.6259
-70.626
-70.6262
-70.6264
-70.6265
-70.6267
-70.6269
-70.627
-70.6272
-70.6274
-70.6276
-70.6277
-70.6279
-70.6281
-70.6282
-70.6284
-70.6286
-70.6288
-70.6289
-70.6291
-70.6293
-70.6295
-70.6296
-70.6298
-70.63
-70.6302
-70.6304
-70.6305
-70.6307
-70.6309
-70.6311
-70.6312
-70.6314
-70.6316
-70.6318
-70.6319
-70.6321
-70.6323
-70.6325
-70.6327
-70.6328
-70.633
-70.6332
-70.6334
-70.6335
-70.6337
-70.6339
-70.6341
-70.6343
-70.6344
-70.6346
-70.6348
-70.635
-70.6351
-70.6353
-70.6355
-70.6357
-70.6358
-70.636
-70.6362
-70.6363
-70.6365
-70.6367
-70.6369
-70.637
-70.6372
-70.6374
-70.6375
-70.6377
-70.6379
-70.6381
-70.6382
-70.6384
-70.6386
-70.6387
-70.6389
-70.6391
-70.6392
-70.6394
-70.6395
-70.6397
-70.6399
-70.64
-70.6402
-70.6404
-70.6405
-70.6407
-70.6408
-70.641
-70.6412
-70.6413
-70.6415
-70.6416
-70.6418
-70.6419
-70.6421
-70.6422
-70.6424
-70.6426
-70.6427
-70.6429
-70.643
-70.6432
-70.6433
-70.6435
-70.6436
-70.6438
-70.6439
-70.644
-70.6442
-70.6443
-70.6445
-70.6446
-70.6448
-70.6449
-70.6451
-70.6452
-70.6453
-70.6455
-70.6456
-70.6457
-70.6459
-70.646

