-70
-70.1661
-70.23
-70.2566
-70.2695
-70.2773
-70.283
-70.2879
-70.2925
-70.297
-70.3014
-70.3057
-70.31
-70.3142
-70.3185
-70.3226
-70.3268
-70.3309
-70.335
-70.3391
-70.3431
-70.3471
-70.351
-70.3549
-70.3588
-70.3626
-70.3664
-70.3701
-70.3738
-70.3775
-70.3811
-70.3847
-70.3883
-70.3918
-70.3953
-70.3987
-70.4021
-70.4055
-70.4088
-70.4121
-70.4154
-70.4186
-70.4218
-70.4249
-70.428
-70.4311
-70.4341
-70.4372
-70.4401
-70.4431
-70.446
-70.4489
-70.4517
-70.4545
-70.4573
-70.4601
-70.4628
-70.4655
-70.4682
-70.4708
-70.4734
-70.476
-70.4785
-70.481
-70.4835
-70.486
-70.4884
-70.4908
-70.4932
-70.4955
-70.4978
-70.5001
-70.5024
-70.5046
-70.5068
-70.509
-70.5112
-70.5133
-70.5154
-70.5175
-70.5196
-70.5216
-70.5236
-70.5256
-70.5276
-70.5295
-70.5315
-70.5334
-70.5352
-70.5371
-70.5389
-70.5407
-70.5425
-70.5443
-70.5461
-70.5478
-70.5495
-70.5512
-70.5528
-70.5545
-70.5561
-70.5577
-70.5593
-70.5609
-70.5624
-70.5639
-70.5655
-70.5669
-70.5684
-70.5699
-70.5713
-70.5727
-70.5741
-70.5755
-70.5769
-70.5782
-70.5796
-70.5809
-70.5822
-70.5835
-70.5848
-70.586
-70.5873
-70.5885
-70.5897
-70.5909
-70.5921
-70.5932
-70.5944
-70.5955
-70.5966
-70.5977
-70.5988
-70.5999
-70.601
-70.602
-70.603
-70.6041
-70.6051
-70.6061
-70.6071
-70.608
-70.609
-70.6099
-70.6109
-70.6118
-70.6127
-70.6136
-70.6145
-70.6154
-70.6162
-70.6171
-70.6179
-70.6187
-70.6196
-70.6204
-70.6212
-70.622
-70.6227
-70.6235
-70.6242
-70.625
-70.6257
-70.6265
-70.6272
-70.6279
-70.6286
-70.6293
-70.6299
-70.6306
-70.6313
-70.6319
-70.6325
-70.6332
-70.6338
-70.6344
-70.635
-70.6356
-70.6362
-70.6368
-70.6374
-70.6379
-70.6385
-70.639
-70.6396
-70.6401
-70.6406
-70.6411
-70.6417
-70.6422
-70.6427
-70.6431
-70.6436
-70.6441
-70.6446
-70.645
-70.6455
-70.6459
-70.6464
-70.6468
-70.6472
-70.6476
-70.6481
-70.6485
-70.6489
-70.6493
-70.6497
-70.65
-70.6504
-70.6508
-70.6512
-70.6515
-70.6519
-70.6522
-70.6526
-70.6529
-70.6533
-70.6536
-70.6539
-70.6542
-70.6545
-70.6549
-70.6552
-70.6555
-70.6558
-70.656
-70.6563
-70.6566
-70.6569
-70.6572
-70.6574
-70.6577
-70.658
-70.6582
-70.6585
-70.6587
-70.6589
-70.6592
-70.6594
-70.6597
-70.6599
-70.6601
-70.6603
-70.6605
-70.6607
-70.661
-70.6612
-70.6614
-70.6616
-70.6617
-70.6619
-70.6621
-70.6623
-70.6625
-70.6627
-70.6628
-70.663
-70.6632
-70.6633
-70.6635
-70.6637
-70.6638
-70.664
-70.6641
-70.6643
-70.6644
-70.6646
-70.6647
-70.6648
-70.665
-70.6651
-70.6652
-70.6653
-70.6655
-70.6656
-70.6657
-70.6658
-70.6659
-70.666
-70.6662
-70.6663
-70.6664
-70.6665
-70.6666
-70.6667
-70.6668
-70.6669
-70.667
-70.667
-70.6671
-70.6672
-70.6673
-70.6674
-70.6675
-70.6675
-70.6676
-70.6677
-70.6678
-70.6678
-70.6679
-70.668
-70.668
-70.6681
-70.6682
-70.6682
-70.6683
-70.6683
-70.6684
-70.6685
-70.6685
-70.6686
-70.6686
-70.6687
-70.6687
-70.6688
-70.6688
-70.6688
-70.6689
-70.6689
-70.669
-70.669
-70.669
-70.6691
-70.6691
-70.6691
-70.6692
-70.6692
-70.6692
-70.6693
-70.6693
-70.6693
-70.6694
-70.6694
-70.6694
-70.6694
-70.6694
-70.6695
-70.6695
-70.6695
-70.6695
-70.6695
-70.6696
-70.6696
-70.6696
-70.6696
-70.6696
-70.6696
-70.6696
-70.6697
-70.6697
-70.6697
-70.6697
-70.6697
-70.6697
-70.6697
-70.6697
-70.6697
-70.6697
-70.6697
-70.6697
-70.6697
-70.6697
-70.6697
-70.6697
-70.6697
-70.6697
-70.6697
-70.6697
-70.6697
-70.6697
-70.6697
-70.6697
-70.6697
-70.6697
-70.6697
-70.6697
-70.6697
-70.6697
-70.6697
-70.6697
-70.6697
-70.6697
-70.6697
-70.6696
-70.6696
-70.6696
-70.6696
-70.6696
-70.6696
-70.6696
-70.6696
-70.6696
-70.6695
-70.6695
-70.6695
-70.6695
-70.6695
-70.6695
-70.6695
-70.6695
-70.6694
-70.6694
-70.6694
-70.6694
-70.6694
-70.6694
-70.6693
-70.6693
-70.6693
-70.6693
-70.6693
-70.6693
-70.6693
-70.6692
-70.6692
-70.6692
-70.6692
-70.6692
-70.6691
-70.6691
-70.6691
-70.6691
-70.6691
-70.6691
-70.669
-70.669
-70.669
-70.669
-70.669
-70.6689
-70.6689
-70.6689
-70.6689
-70.6689
-70.6688
-70.6688
-70.6688
-70.6688
-70.6688
-70.6687
-70.6687
-70.6687
-70.6687
-70.6686
-70.6686
-70.6686
-70.6686
-70.6686
-70.6685
-70.6685
-70.6685
-70.6685
-70.6685
-70.6684
-70.6684
-70.6684
-70.6684
-70.6684
-70.6683
-70.6683
-70.6683
-70.6683
-70.6682
-70.6682
-70.6682
-70.6682
-70.6682
-70.6681
-70.6681
-70.6681
-70.6681
-70.6681
-70.6701
-70.9375
-71.8141
-72.7487
-73.4561
-56.9191
-51.9804
-49.9403
-47.9079
-42.8794
11.1246
-27.6068
-59.0546
-68.9276
-68.07
-67.02
-65.9417
-64.8549
-63.7774
-62.7264
-61.718
-60.7664
-59.8776
-58.9473
-58.1395
-57.4407
-56.8281
-56.2927
-55.8279
-55.4208
-55.0588
-54.7553
-54.5034
-54.296
-54.126
-53.986
-53.8624
-53.7604
-53.6804
-53.618
-53.5695
-53.5323
-53.504
-53.4768
-53.4521
-53.4347
-53.423
-53.4153
-53.4105
-53.408
-53.4071
-53.4063
-53.399
-53.3933
-53.391
-53.3909
-53.3921
-53.3941
-53.3967
-53.3996
-53.4029
-53.4064
-53.4084
-53.4028
-53.397
-53.3949
-53.395
-53.3964
-53.3984
-53.4007
-53.4033
-53.406
-53.4088
-53.4117
-53.4146
-53.4176
-53.4205
-53.4232
-53.425
-53.4154
-53.4041
-53.3974
-53.3946
-53.3935
-53.3927
-53.3913
-53.3887
-53.3831
-53.3689
-53.2906
-52.9801
-52.9526
-53.0241
-53.0995
-53.1578
-53.1983
-53.2254
-53.244
-53.258
-53.2702
-53.2825
-53.2963
-53.3131
-53.3344
-53.3656
-53.4094
-53.4285
-53.4337
-53.4346
-53.4354
-53.4372
-53.4402
-53.4448
-53.4506
-53.4575
-53.4656
-53.4748
-53.4853
-53.4971
-53.5103
-53.525
-53.5412
-53.5592
-53.579
-53.6007
-53.6246
-53.6508
-53.6795
-53.7108
-53.7452
-53.7829
-53.824
-53.8689
-53.9178
-53.9711
-54.029
-54.0919
-54.1602
-54.2342
-54.314
-53.7953
-53.4861
-53.4004
-53.3585
-53.3527
-53.3629
-53.3782
-53.3943
-53.41
-53.4249
-53.439
-53.4526
-53.4658
-53.4788
-53.4919
-53.5053
-53.519
-53.5334
-53.5485
-53.5646
-53.5818
-53.6002
-53.62
-53.6414
-53.6645
-53.6896
-53.7168
-53.7465
-53.7788
-53.8139
-53.852
-53.8941
-53.9425
-53.9946
-54.05
-54.1092
-54.1727
-54.2408
-54.3138
-54.3921
-54.4762
-54.5667
-54.0378
-53.4605
-53.3215
-53.3054
-53.3008
-53.3108
-53.3283
-53.3471
-53.3648
-53.3809
-53.3955
-53.409
-53.4213
-53.4327
-53.4436
-53.4542
-53.4646
-53.4751
-53.4859
-53.497
-53.5087
-53.5216
-53.5358
-53.5508
-53.5667
-53.5836
-53.6019
-53.6215
-53.6428
-53.6658
-53.6908
-53.7179
-53.7489
-53.7843
-53.8222
-53.8625
-53.9055
-53.9517
-54.0014
-54.055
-54.1127
-54.1748
-54.2414
-54.3137
-54.3985
-54.4893
-54.5834
-54.6817
-54.785
-54.8939
-55.0091
-54.1471
-53.374
-53.2133
-53.2076
-53.2397
-53.2686
-53.2866
-53.3068
-53.3267
-53.3449
-53.3608
-53.3746
-53.3867
-53.3971
-53.4063
-53.4145
-53.4219
-53.4292
-53.4358
-53.4417
-53.4468
-53.4513
-53.4549
-53.4574
-53.4584
-53.4574
-53.4533
-53.4446
-53.4284
-53.4015
-53.3492
-53.2149
-52.3653
-50.2161
-49.9931
-50.5004
-51.1165
-51.6129
-51.9555
-52.1916
-52.3544
-52.5663
-53.4378
-53.6563
-53.6737
-53.6519
-53.6212
-53.589
-53.5613
-53.5395
-53.5238
-53.5132
-53.507
-53.5046
-53.5061
-53.5108
-53.5182
-53.5283
-53.5408
-53.5557
-53.5732
-53.5932
-53.6163
-53.6421
-53.6707
-53.7022
-53.7371
-53.7757
-53.818
-53.8647
-53.9185
-53.9804
-54.0539
-54.1327
-54.2172
-54.3079
-54.403
-54.5022
-54.6074
-54.727
-54.8685
-55.03
-55.2153
-55.416
-55.6225
-55.8312
-56.0455
-56.2692
-56.5075
-56.7739
-57.0714
-57.4017
-57.7535
-58.1196
-58.4963
-58.8802
-59.2708
-59.67
-60.0811
-60.5195
-60.987
-61.479
-61.9873
-62.5084
-63.0315
-63.5444
-64.0457
-64.5362
-65.0175
-65.5002
-65.9939
-66.4975
-66.9999
-67.4918
-67.9755
-68.4312
-68.8549
-69.2484
-69.6157
-69.9644
-70.3041
-70.637
-70.9618
-71.2732
-71.5682
-71.8477
-72.0991
-72.3224
-72.5216
-72.7009
-72.8666
-73.0261
-73.1794
-73.3254
-73.4638
-73.5932
-73.7146
-73.8212
-73.9122
-73.9897
-74.0571
-74.1184
-74.1781
-74.2354
-74.2892
-74.341
-74.3902
-74.4367
-74.4774
-74.5114
-74.5377
-74.5586
-74.5767
-74.5957
-74.6148
-74.6327
-74.6498
-74.6674
-74.6855
-74.702
-74.715
-74.7248
-74.7301
-74.733
-74.7359
-74.7401
-74.7453
-74.749
-74.7542
-74.7603
-74.7678
-74.7747
-74.7789
-74.7817
-74.7823
-74.7806
-74.7794
-74.7791
-74.7796
-74.779
-74.7794
-74.7814
-74.7846
-74.7887
-74.7905
-74.7898
-74.7892
-74.7882
-74.7861
-74.7841
-74.783
-74.7811
-74.7795
-74.7801
-74.7813
-74.7834
-74.7859
-74.7859
-74.7842
-74.7825
-74.7828
-74.7815
-74.7799
-74.7777
-74.7753
-74.7732
-74.7722
-74.772
-74.7731
-74.7745
-74.7748
-74.7734
-74.772
-74.7713
-74.7721
-74.7727
-74.7708
-74.7681
-74.7656
-74.7636
-74.7624
-74.7623
-74.7633
-74.7636
-74.7634
-74.7632
-74.7624
-74.7612
-74.7607
-74.7616
-74.7598
-74.7567
-74.7539
-74.7518
-74.7501
-74.7491
-74.7504
-74.7505
-74.7502
-74.7524
-74.7536
-74.7525
-74.7512
-74.75
-74.7491
-74.7477
-74.7455
-74.7425
-74.74
-74.7381
-74.7369
-74.739
-74.7389
-74.74
-74.742
-74.7425
-74.7412
-74.7396
-74.7379
-74.7346
-74.7318
-74.7304
-74.7296
-74.7269
-74.724
-74.7227
-74.7237
-74.7269
-74.7293
-74.7323
-74.733
-74.7323
-74.7313
-74.7294
-74.7272
-74.7235
-74.7178
-74.7139
-74.7134
-74.7124
-74.711
-74.7079
-74.7069
-74.7099
-74.7152
-74.7191
-74.7207
-74.7199
-74.7187
-74.717
-74.7151
-74.7127
-74.7079
-74.7029
-74.6977
-74.6935
-74.6917
-74.6926
-74.6932
-74.6922
-74.6937
-74.7021
-74.7081
-74.7091
-74.7088
-74.709
-74.7075
-74.7052
-74.7014
-74.6975
-74.6927
-74.6873
-74.6834
-74.6785
-74.6727
-74.6687
-74.6678
-74.6683
-74.6724
-74.6813
-74.6886
-74.6915
-74.6916
-74.6921
-74.6938
-74.6933
-74.6903
-74.6851
-74.6789
-74.673
-74.669
-74.6666
-74.6623
-74.6594
-74.6543
-74.6499
-74.6476
-74.6491
-74.6554
-74.6652
-74.6718
-74.6732
-74.6725
-74.6746
-74.6777
-74.6782
-74.6769
-74.6724
-74.6647
-74.6571
-74.6499
-74.645
-74.6424
-74.6388
-74.6351
-74.6309
-74.6274
-74.6277
-74.631
-74.6334
-74.6345
-74.6382
-74.6429
-74.6463
-74.649
-74.6508
-74.6532
-74.6556
-74.6542
-74.6504
-74.6446
-74.6373
-74.6292
-74.6222
-74.6182
-74.6168
-74.6151
-74.6121
-74.6088
-74.6088
-74.6143
-74.6192
-74.6196
-74.615
-74.6102
-74.6094
-74.6117
-74.6168
-74.6223
-74.6246
-74.6255
-74.6252
-74.6228
-74.6202
-74.6179
-74.6144
-74.6078
-74.5992
-74.5904
-74.5832
-74.5802
-74.5817
-74.5804
-74.5809
-74.5853
-74.5889
-74.5913
-74.5926
-74.5897
-74.5823
-74.5782
-74.5762
-74.5752
-74.5807
-74.5854
-74.5852
-74.5844
-74.5834
-74.5807
-74.5772
-74.5743
-74.5698
-74.5663
-74.5684
-74.5679
-74.5611
-74.5522
-74.5454
-74.545
-74.5492
-74.5561
-74.5603
-74.5619
-74.562
-74.5612
-74.558
-74.5553
-74.5531
-74.548
-74.543
-74.5415
-74.5454
-74.5501
-74.5521
-74.5496
-74.5434
-74.5349
-74.5264
-74.5206
-74.5202
-74.5199
-74.5168
-74.5117
-74.509
-74.5059
-74.5027
-74.5012
-74.5
-74.4994
-74.5026
-74.5089
-74.5118
-74.5123
-74.5108
-74.5124
-74.5143
-74.5136
-74.508
-74.5017
-74.4976
-74.4959
-74.4914
-74.4888
-74.4912
-74.499
-74.5047
-74.5059
-74.5005
-74.4956
-74.4895
-74.4813
-74.4682
-74.4523
-74.4404
-74.4372
-74.4372
-74.4346
-74.4325
-74.4285
-74.4235
-74.4196
-74.4203
-74.42
-74.4232
-74.4325
-74.4379
-74.4411
-74.4457
-74.4488
-74.4486
-74.4427
-74.4345
-74.4291
-74.4282
-74.4346
-74.4411
-74.4431
-74.4406
-74.437
-74.4322
-74.4289
-74.4301
-74.4351
-74.4391
-74.4419
-74.442
-74.4393
-74.4358
-74.4282
-74.4197
-74.41
-74.3977
-74.3856
-74.3738
-74.364
-74.3593
-74.3536
-74.3434
-74.336
-74.3255
-74.3141
-74.3082
-74.3053
-74.3017
-74.3026
-74.311
-74.3202
-74.3336
-74.34
-74.3407
-74.3405
-74.3432
-74.3452
-74.3446
-74.3381
-74.3259
-74.31
-74.2942
-74.2804
-74.2656
-74.2703
-74.2912
-74.308
-74.3204
-74.3235
-74.3224
-74.3218
-74.3257
-74.3336
-74.3397
-74.3421
-74.3412
-74.336
-74.3267
-74.3184
-74.3104
-74.3014
-74.2963
-74.2954
-74.2937
-74.2878
-74.277
-74.2686
-74.2599
-74.247
-74.2357
-74.2281
-74.2213
-74.2084
-74.1965
-74.1936
-74.1942
-74.1915
-74.1832
-74.171
-74.1615
-74.1608
-74.1634
-74.1639
-74.1597
-74.1568
-74.1507
-74.1406
-74.128
-74.1187
-74.1143
-74.1104
-74.1104
-74.1175
-74.1272
-74.133
-74.1392
-74.1427
-74.1432
-74.1416
-74.1376
-74.1296
-74.1154
-74.0966
-74.0776
-74.0603
-74.0474
-74.0383
-74.0322
-74.0342
-74.0442
-74.0613
-74.0719
-74.0836
-74.1047
-74.1232
-74.1325
-74.137
-74.1378
-74.1366
-74.1345
-74.1359
-74.1385
-74.1383
-74.1333
-74.1332
-74.1344
-74.1327
-74.1242
-74.116
-74.1101
-74.1063
-74.1017
-74.0987
-74.0958
-74.094
-74.0906
-74.0862
-74.0791
-74.0678
-74.0608
-74.0531
-74.0392
-74.0197
-73.997
-73.9801
-73.971
-73.9757
-73.9847
-73.9877
-73.9864
-73.9882
-73.9868
-73.9826
-73.9749
-73.9652
-73.9554
-73.9454
-73.9455
-73.9459
-73.9383
-73.927
-73.9187
-73.9062
-73.8923
-73.8781
-73.8644
-73.848
-73.8333
-73.8216
-73.8131
-73.8093
-73.809
-73.8083
-73.8062
-73.8051
-73.8006
-73.7891
-73.7716
-73.7498
-73.7293
-73.7166
-73.7028
-73.6899
-73.6754
-73.6588
-73.6441
-73.6263
-73.6093
-73.5987
-73.5879
-73.5722
-73.5575
-73.5448
-73.5399
-73.5355
-73.5277
-73.5202
-73.512
-73.5121
-73.5086
-73.5045
-73.4994
-73.4985
-73.4994
-73.5073
-73.512
-73.5078
-73.4961
-73.4793
-73.4655
-73.452
-73.4348
-73.4149
-73.4002
-73.392
-73.3933
-73.3902
-73.3845
-73.3788
-73.3677
-73.3572
-73.3477
-73.3342
-73.3263
-73.3262
-73.3218
-73.3126
-73.3272
-73.359
-73.3803
-73.3873
-73.3851
-73.3833
-73.3773
-73.3727
-73.3665
-73.3632
-73.3671
-73.3661
-73.3577
-73.3434
-73.3249
-73.3098
-73.3117
-73.3235
-73.3337
-73.3412
-73.3442
-73.3391
-73.3273
-73.3106
-73.2906
-73.2683
-73.2442
-73.2189
-73.1961
-73.1811
-73.1653
-73.1462
-73.1244
-73.1007
-73.0756
-73.0525
-73.0387
-73.0249
-73.0106
-73.0032
-72.994
-72.9802
-72.9626
-72.9423
-72.9242
-72.9147
-72.9039
-72.8892
-72.8712
-72.8509
-72.8289
-72.8059
-72.7821
-72.7578
-72.7332
-72.7084
-72.6834
-72.6585
-72.6335
-72.6086
-72.5838
-72.5591
-72.5345
-72.5134
-72.519
-72.5299
-72.5333
-72.5293
-72.5197
-72.5063
-72.4904
-72.4728
-72.454
-72.4343
-72.4141
-72.3935
-72.3726
-72.3515
-72.3304
-72.3092
-72.2881
-72.267
-72.246
-72.2252
-72.2044
-72.1838
-72.1634
-72.1431
-72.123
-72.1031
-72.0834
-72.0639
-72.0445
-72.0254
-72.0065
-71.9878
-71.9692
-71.9509
-71.9328
-71.9149
-71.8972
-71.8797
-71.8624
-71.8452
-71.8283
-71.8116
-71.7951
-71.7787
-71.7626
-71.7467
-71.7309
-71.7153
-71.6999
-71.6847
-71.6697
-71.6549
-71.6402
-71.6257
-71.6114
-71.5973
-71.5833
-71.5695
-71.5559
-71.5425
-71.5292
-71.516
-71.5031
-71.4903
-71.4776
-71.4651
-71.4528
-71.4406
-71.4286
-71.4167
-71.4049
-71.3933
-71.3819
-71.3706
-71.3594
-71.3484
-71.3375
-71.3268
-71.3162
-71.3057
-71.2954
-71.2852
-71.2752
-71.2652
-71.2554
-71.2458
-71.2362
-71.2268
-71.2175
-71.2083
-71.1992
-71.1903
-71.1815
-71.1727
-71.1641
-71.1556
-71.1473
-71.139
-71.1308
-71.1228
-71.1149
-71.107
-71.0993
-71.0916
-71.0841
-71.0767
-71.0693
-71.0621
-71.055
-71.0479
-71.041
-71.0341
-71.0274
-71.0207
-71.0141
-71.0076
-71.0012
-70.9949
-70.9887
-70.9825
-70.9765
-70.9705
-70.9646
-70.9588
-70.9531
-70.9474
-70.9418
-70.9363
-70.9309
-70.9256
-70.9203
-70.9151
-70.91
-70.9049
-70.9
-70.8951
-70.8902
-70.8855
-70.8808
-70.8761
-70.8715
-70.867
-70.8626
-70.8582
-70.8539
-70.8497
-70.8455
-70.8414
-70.8373
-70.8333
-70.8294
-70.8255
-70.8216
-70.8179
-70.8141
-70.8105
-70.8069
-70.8033
-70.7998
-70.7964
-70.793
-70.7896
-70.7863
-70.7831
-70.7799
-70.7768
-70.7737
-70.7706
-70.7676
-70.7647
-70.7618
-70.7589
-70.7561
-70.7533
-70.7506
-70.7479
-70.7452
-70.7426
-70.7401
-70.7375
-70.7351
-70.7326
-70.7302
-70.7279
-70.7255
-70.7232
-70.721
-70.7188
-70.7166
-70.7145
-70.7124
-70.7103
-70.7083
-70.7063
-70.7043
-70.7024
-70.7005
-70.6986
-70.6968
-70.695
-70.6932
-70.6915
-70.6897
-70.6881
-70.6864
-70.6848
-70.6832
-70.6816
-70.6801
-70.6786
-70.6771
-70.6757
-70.6742
-70.6728
-70.6714
-70.6701
-70.6688
-70.6675
-70.6662
-70.6649
-70.6637
-70.6625
-70.6613
-70.6602
-70.659
-70.6579
-70.6568
-70.6558
-70.6547
-70.6537
-70.6527
-70.6517
-70.6507
-70.6498
-70.6488
-70.6479
-70.647
-70.6462
-70.6453
-70.6445
-70.6437
-70.6429
-70.6421
-70.6413
-70.6406
-70.6399
-70.6391
-70.6384
-70.6378
-70.6371
-70.6364
-70.6358
-70.6352
-70.6346
-70.634
-70.6334
-70.6329
-70.6323
-70.6318
-70.6313
-70.6307
-70.6303
-70.6298
-70.6293
-70.6288
-70.6284
-70.628
-70.6276
-70.6271
-70.6268
-70.6264
-70.626
-70.6256
-70.6253
-70.6249
-70.6246
-70.6243
-70.624
-70.6237
-70.6234
-70.6231
-70.6228
-70.6226
-70.6223
-70.6221
-70.6219
-70.6216
-70.6214
-70.6212
-70.621
-70.6208
-70.6206
-70.6205
-70.6203
-70.6201
-70.62
-70.6199
-70.6197
-70.6196
-70.6195
-70.6194
-70.6192
-70.6191
-70.6191
-70.619
-70.6189
-70.6188
-70.6187
-70.6187
-70.6186
-70.6186
-70.6185
-70.6185
-70.6185
-70.6184
-70.6184
-70.6184
-70.6184
-70.6184
-70.6184
-70.6184
-70.6184
-70.6184
-70.6184
-70.6184
-70.6184
-70.6185
-70.6185
-70.6185
-70.6186
-70.6186
-70.6187
-70.6187
-70.6188
-70.6188
-70.6189
-70.619
-70.619
-70.6191
-70.6192
-70.6193
-70.6194
-70.6195
-70.6195
-70.6196
-70.6197
-70.6198
-70.6199
-70.62
-70.6201
-70.6203
-70.6204
-70.6205
-70.6206
-70.6207
-70.6208
-70.621
-70.6211
-70.6212
-70.6213
-70.6215
-70.6216
-70.6217
-70.6219
-70.622
-70.6222
-70.6223
-70.6225
-70.6226
-70.6227
-70.6229
-70.623
-70.6232
-70.6234
-70.6235
-70.6237
-70.6238
-70.624
-70.6241
-70.6243
-70.6245
-70.6246
-70.6248
-70.625
-70.6251
-70.6253
-70.6255
-70.6256
-70.6258
-70.626
-70.6261
-70.6263
-70.6265
-70.6267
-70.6268
-70.627
-70.6272
-70.6274
-70.6275
-70.6277
-70.6279
-70.6281
-70.6282
-70.6284
-70.6286
-70.6288
-70.629
-70.6291
-70.6293
-70.6295
-70.6297
-70.6299
-70.63
-70.6302
-70.6304
-70.6306
-70.6308
-70.6309
-70.6311
-70.6313
-70.6315
-70.6317
-70.6318
-70.632
-70.6322
-70.6324
-70.6326
-70.6327
-70.6329
-70.6331
-70.6333
-70.6335
-70.6336
-70.6338
-70.634
-70.6342
-70.6344
-70.6345
-70.6347
-70.6349
-70.6351
-70.6352
-70.6354
-70.6356
-70.6358
-70.636
-70.6361
-70.6363
-70.6365
-70.6367
-70.6368
-70.637
-70.6372
-70.6373
-70.6375
-70.6377
-70.6379
-70.638
-70.6382
-70.6384
-70.6385
-70.6387
-70.6389
-70.639
-70.6392
-70.6394
-70.6395
-70.6397
-70.6399
-70.64
-70.6402
-70.6404
-70.6405
-70.6407
-70.6408
-70.641
-70.6412
-70.6413
-70.6415
-70.6416
-70.6418
-70.642
-70.6421
-70.6423
-70.6424
-70.6426
-70.6427
-70.6429
-70.643
-70.6432
-70.6433
-70.6435
-70.6436
-70.6438
-70.6439
-70.6441
-70.6442
-70.6444

