-70
-70.2123
-70.2926
-70.3252
-70.3404
-70.3491
-70.3555
-70.3609
-70.3659
-70.3708
-70.3757
-70.3805
-70.3853
-70.39
-70.3948
-70.3995
-70.4042
-70.4088
-70.4134
-70.4179
-70.4224
-70.4269
-70.4313
-70.4357
-70.44
-70.4443
-70.4485
-70.4527
-70.4569
-70.461
-70.465
-70.469
-70.473
-70.4769
-70.4808
-70.4846
-70.4884
-70.4921
-70.4958
-70.4995
-70.5031
-70.5067
-70.5102
-70.5137
-70.5172
-70.5206
-70.524
-70.5273
-70.5306
-70.5339
-70.5371
-70.5403
-70.5434
-70.5465
-70.5496
-70.5526
-70.5556
-70.5586
-70.5615
-70.5644
-70.5673
-70.5701
-70.5729
-70.5757
-70.5784
-70.5811
-70.5838
-70.5864
-70.589
-70.5916
-70.5941
-70.5966
-70.5991
-70.6016
-70.604
-70.6064
-70.6087
-70.6111
-70.6134
-70.6157
-70.6179
-70.6201
-70.6223
-70.6245
-70.6266
-70.6287
-70.6308
-70.6329
-70.6349
-70.6369
-70.6389
-70.6409
-70.6428
-70.6448
-70.6466
-70.6485
-70.6503
-70.6522
-70.654
-70.6557
-70.6575
-70.6592
-70.6609
-70.6626
-70.6643
-70.6659
-70.6675
-70.6691
-70.6707
-70.6723
-70.6738
-70.6754
-70.6769
-70.6783
-70.6798
-70.6812
-70.6827
-70.6841
-70.6855
-70.6868
-70.6882
-70.6895
-70.6908
-70.6921
-70.6934
-70.6947
-70.6959
-70.6972
-70.6984
-70.6996
-70.7008
-70.702
-70.7031
-70.7042
-70.7054
-70.7065
-70.7076
-70.7087
-70.7097
-70.7108
-70.7118
-70.7128
-70.7138
-70.7148
-70.7158
-70.7168
-70.7177
-70.7187
-70.7196
-70.7205
-70.7214
-70.7223
-70.7232
-70.7241
-70.7249
-70.7258
-70.7266
-70.7274
-70.7282
-70.729
-70.7298
-70.7306
-70.7314
-70.7321
-70.7329
-70.7336
-70.7343
-70.735
-70.7357
-70.7364
-70.7371
-70.7378
-70.7384
-70.7391
-70.7397
-70.7404
-70.741
-70.7416
-70.7422
-70.7428
-70.7434
-70.744
-70.7446
-70.7451
-70.7457
-70.7462
-70.7468
-70.7473
-70.7478
-70.7484
-70.7489
-70.7494
-70.7499
-70.7504
-70.7508
-70.7513
-70.7518
-70.7522
-70.7527
-70.7531
-70.7536
-70.754
-70.7544
-70.7549
-70.7553
-70.7557
-70.7561
-70.7565
-70.7569
-70.7573
-70.7576
-70.758
-70.7584
-70.7587
-70.7591
-70.7594
-70.7598
-70.7601
-70.7605
-70.7608
-70.7611
-70.7614
-70.7617
-70.7621
-70.7624
-70.7627
-70.763
-70.7632
-70.7635
-70.7638
-70.7641
-70.7644
-70.7646
-70.7649
-70.7651
-70.7654
-70.7656
-70.7659
-70.7661
-70.7664
-70.7666
-70.7668
-70.7671
-70.7673
-70.7675
-70.7677
-70.7679
-70.7681
-70.7684
-70.7686
-70.7688
-70.769
-70.7691
-70.7693
-70.7695
-70.7697
-70.7699
-70.7701
-70.7702
-70.7704
-70.7706
-70.7707
-70.7709
-70.7711
-70.7712
-70.7714
-70.7715
-70.7717
-70.7718
-70.772
-70.7721
-70.7722
-70.7724
-70.7725
-70.7726
-70.7728
-70.7729
-70.773
-70.7731
-70.7733
-70.7734
-70.7735
-70.7736
-70.7737
-70.7738
-70.7739
-70.774
-70.7741
-70.7742
-70.7743
-70.7744
-70.7745
-70.7746
-70.7747
-70.7748
-70.7749
-70.775
-70.7751
-70.7751
-70.7752
-70.7753
-70.7754
-70.7755
-70.7755
-70.7756
-70.7757
-70.7758
-70.7758
-70.7759
-70.776
-70.776
-70.7761
-70.7762
-70.7762
-70.7763
-70.7763
-70.7764
-70.7765
-70.7765
-70.7766
-70.7766
-70.7767
-70.7767
-70.7768
-70.7768
-70.7769
-70.7769
-70.777
-70.777
-70.7771
-70.7771
-70.7771
-70.7772
-70.7772
-70.7773
-70.7773
-70.7773
-70.7774
-70.7774
-70.7774
-70.7775
-70.7775
-70.7775
-70.7776
-70.7776
-70.7776
-70.7777
-70.7777
-70.7777
-70.7777
-70.7778
-70.7778
-70.7778
-70.7778
-70.7779
-70.7779
-70.7779
-70.7779
-70.778
-70.778
-70.778
-70.778
-70.778
-70.7781
-70.7781
-70.7781
-70.7781
-70.7781
-70.7781
-70.7782
-70.7782
-70.7782
-70.7782
-70.7782
-70.7782
-70.7782
-70.7783
-70.7783
-70.7783
-70.7783
-70.7783
-70.7783
-70.7783
-70.7783
-70.7783
-70.7783
-70.7784
-70.7784
-70.7784
-70.7784
-70.7784
-70.7784
-70.7784
-70.7784
-70.7784
-70.7784
-70.7784
-70.7784
-70.7784
-70.7784
-70.7784
-70.7784
-70.7784
-70.7784
-70.7784
-70.7785
-70.7785
-70.7785
-70.7785
-70.7785
-70.7785
-70.7785
-70.7785
-70.7785
-70.7785
-70.7785
-70.7785
-70.7785
-70.7785
-70.7785
-70.7785
-70.7785
-70.7785
-70.7785
-70.7785
-70.7785
-70.7785
-70.7785
-70.7785
-70.7785
-70.7785
-70.7785
-70.7785
-70.7785
-70.7785
-70.7785
-70.7784
-70.7784
-70.7784
-70.7784
-70.7784
-70.7784
-70.7784
-70.7784
-70.7784
-70.7784
-70.7784
-70.7784
-70.7784
-70.7784
-70.7784
-70.7784
-70.7784
-70.7784
-70.7784
-70.7784
-70.7784
-70.7784
-70.7784
-70.7784
-70.7784
-70.7784
-70.7784
-70.7784
-70.7784
-70.7783
-70.7783
-70.7783
-70.7783
-70.7783
-70.7783
-70.7783
-70.7837
-70.9787
-71.6099
-72.5623
-61.7201
-53.2388
-50.5152
-47.9213
-35.2715
-19.5545
-58.6299
-70.3178
-69.1949
-67.9032
-66.5479
-65.1637
-63.7879
-62.4565
-61.2014
-60.0479
-59.0127
-58.1046
-57.3203
-56.6122
-56.0191
-55.5469
-55.1706
-54.8699
-54.6374
-54.4572
-54.3179
-54.2149
-54.1409
-54.0851
-54.0449
-54.0159
-53.9942
-53.9786
-53.969
-53.963
-53.9589
-53.9573
-53.9566
-53.956
-53.9553
-53.9558
-53.9573
-53.9581
-53.9596
-53.9618
-53.9639
-53.9648
-53.9659
-53.9662
-53.9673
-53.9685
-53.9689
-53.97
-53.9717
-53.9737
-53.976
-53.9765
-53.9767
-53.9777
-53.9775
-53.9773
-53.9778
-53.9776
-53.9773
-53.9778
-53.9788
-53.9802
-53.9818
-53.9835
-53.9853
-53.9871
-53.9855
-53.9841
-53.9837
-53.9838
-53.9844
-53.9833
-53.9808
-53.9794
-53.978
-53.9755
-53.9735
-53.9714
-53.9682
-53.961
-53.9293
-53.7326
-53.7159
-53.7683
-53.8146
-53.8457
-53.865
-53.8763
-53.8828
-53.9091
-53.9324
-53.9436
-53.9485
-53.9513
-53.9538
-53.9573
-53.9625
-53.9701
-53.9802
-53.989
-53.9948
-53.9997
-54.0027
-54.0015
-54.0019
-54.0042
-54.0079
-54.0125
-54.018
-54.0245
-54.0317
-54.0399
-54.0491
-54.0592
-54.0704
-54.0828
-54.0964
-54.1114
-54.1278
-54.1458
-54.1655
-54.156
-54.0827
-54.0497
-54.041
-54.0432
-54.0503
-54.0597
-54.0706
-54.0825
-54.0954
-54.1093
-54.1242
-54.1403
-54.1577
-54.1649
-54.0879
-54.0476
-54.0354
-54.0296
-54.0135
-54.0074
-54.0083
-54.0125
-54.0181
-54.0246
-54.0315
-54.0387
-54.0464
-54.0545
-54.0632
-54.0725
-54.0824
-54.0932
-54.1048
-54.1174
-54.131
-54.1459
-54.162
-54.1796
-54.1451
-54.0592
-54.0259
-54.0182
-54.0206
-54.027
-54.035
-54.0438
-54.0531
-54.0629
-54.0737
-54.0856
-54.098
-54.1111
-54.1249
-54.1398
-54.1559
-54.1732
-54.1921
-54.1912
-54.0705
-54.0197
-54.0068
-54.008
-53.9973
-53.9907
-53.9909
-53.9942
-53.9989
-54.004
-54.0094
-54.0151
-54.0211
-54.0273
-54.0337
-54.0404
-54.0475
-54.0552
-54.0634
-54.0723
-54.082
-54.0925
-54.1046
-54.1181
-54.1326
-54.148
-54.1012
-54.0299
-54.0053
-54.0007
-54.0035
-54.0089
-54.0154
-54.0226
-54.0303
-54.0382
-54.0463
-54.0548
-54.0637
-54.0733
-54.0835
-54.0945
-54.1064
-54.1194
-54.1336
-54.1507
-54.1692
-54.1886
-54.2075
-54.2268
-54.2471
-54.2687
-54.2916
-54.3157
-54.0714
-53.9804
-53.9622
-53.966
-53.9724
-53.9686
-53.9688
-53.9718
-53.9755
-53.979
-53.9819
-53.9839
-53.985
-53.9849
-53.9833
-53.9801
-53.9729
-53.9565
-53.9082
-53.4936
-53.0688
-53.1723
-53.3458
-53.4779
-53.6389
-53.8649
-53.9495
-53.9708
-53.9705
-53.9646
-53.9586
-53.9546
-53.9535
-53.956
-53.9625
-53.9737
-53.99
-54.0118
-54.0369
-54.0643
-54.0943
-54.1271
-54.1638
-54.2049
-54.2493
-54.2971
-54.1702
-54.0657
-54.0347
-54.0325
-54.0407
-54.0528
-54.0669
-54.0822
-54.0566
-54.0361
-54.0303
-54.0323
-54.0383
-54.0465
-54.0565
-54.0684
-54.0817
-54.0968
-54.1127
-54.1293
-54.1465
-54.1647
-54.1842
-54.2068
-54.2361
-54.2708
-54.3104
-54.3501
-54.3892
-54.4302
-54.4741
-54.5215
-54.5748
-54.6358
-54.7073
-54.7888
-54.8785
-54.9718
-55.0684
-55.1715
-55.2822
-55.4013
-55.5318
-55.6773
-55.8413
-56.0253
-56.2285
-56.4416
-56.6605
-56.8869
-57.1259
-57.3784
-57.6484
-57.9401
-58.2589
-58.6117
-58.9993
-59.4032
-59.8095
-60.2156
-60.6245
-61.0426
-61.4704
-61.913
-62.3755
-62.8639
-63.3872
-63.9292
-64.4641
-64.9782
-65.4691
-65.9384
-66.3967
-66.846
-67.2905
-67.7338
-68.1847
-68.6438
-69.0939
-69.5149
-69.9028
-70.2577
-70.5806
-70.8792
-71.161
-71.4292
-71.6861
-71.938
-72.1861
-72.425
-72.6424
-72.8358
-73.0074
-73.1603
-73.2948
-73.4163
-73.5301
-73.6373
-73.7405
-73.8408
-73.9392
-74.0299
-74.1085
-74.1761
-74.2342
-74.2844
-74.3272
-74.365
-74.4017
-74.4375
-74.4722
-74.5076
-74.5434
-74.5757
-74.6021
-74.6231
-74.6394
-74.6524
-74.6637
-74.6724
-74.6824
-74.6932
-74.7038
-74.7161
-74.7289
-74.7414
-74.7512
-74.7573
-74.7604
-74.7611
-74.7614
-74.7625
-74.7647
-74.7674
-74.7705
-74.7749
-74.78
-74.7854
-74.7907
-74.7936
-74.7933
-74.7911
-74.7878
-74.784
-74.7831
-74.7843
-74.7844
-74.7849
-74.7874
-74.7905
-74.7931
-74.7963
-74.7976
-74.7961
-74.7931
-74.7894
-74.7854
-74.7825
-74.7828
-74.7835
-74.7835
-74.7841
-74.7868
-74.7888
-74.7903
-74.7922
-74.7916
-74.7887
-74.7843
-74.7804
-74.7776
-74.7751
-74.7739
-74.7742
-74.7748
-74.7753
-74.7785
-74.7807
-74.7818
-74.7835
-74.7839
-74.7817
-74.7776
-74.774
-74.7716
-74.769
-74.7673
-74.7656
-74.764
-74.7644
-74.7664
-74.769
-74.7695
-74.7696
-74.7712
-74.7727
-74.7709
-74.7684
-74.7656
-74.7625
-74.7599
-74.7587
-74.7577
-74.7558
-74.7536
-74.7538
-74.7563
-74.7577
-74.7571
-74.7574
-74.7602
-74.7625
-74.7625
-74.7611
-74.7584
-74.7542
-74.752
-74.7508
-74.7495
-74.7467
-74.7422
-74.7397
-74.7391
-74.7399
-74.7404
-74.7404
-74.7425
-74.7466
-74.7512
-74.7525
-74.7508
-74.7489
-74.7456
-74.7446
-74.7439
-74.7407
-74.7369
-74.7325
-74.7287
-74.7268
-74.7244
-74.7225
-74.7225
-74.7248
-74.731
-74.7366
-74.7404
-74.7417
-74.7406
-74.7396
-74.7381
-74.7363
-74.7327
-74.7281
-74.7223
-74.7171
-74.7136
-74.7108
-74.708
-74.7043
-74.7022
-74.7021
-74.7067
-74.7145
-74.7225
-74.7276
-74.7287
-74.7291
-74.7298
-74.7318
-74.7291
-74.7234
-74.7178
-74.712
-74.7044
-74.6987
-74.6957
-74.6939
-74.6909
-74.6877
-74.6856
-74.6861
-74.6876
-74.6934
-74.6998
-74.7084
-74.7146
-74.715
-74.7136
-74.7144
-74.7142
-74.7112
-74.7056
-74.6998
-74.6933
-74.6858
-74.6789
-74.6744
-74.6728
-74.6723
-74.67
-74.6674
-74.6681
-74.6669
-74.6704
-74.676
-74.6817
-74.6898
-74.6947
-74.6989
-74.7002
-74.6986
-74.6954
-74.6923
-74.6879
-74.683
-74.6775
-74.6712
-74.6661
-74.6616
-74.6566
-74.6522
-74.6513
-74.6511
-74.649
-74.6461
-74.6471
-74.6495
-74.6515
-74.6557
-74.6598
-74.6644
-74.6684
-74.6724
-74.673
-74.6698
-74.6673
-74.6653
-74.6625
-74.6576
-74.6519
-74.6463
-74.6434
-74.6402
-74.6389
-74.6357
-74.6301
-74.6288
-74.6284
-74.6247
-74.6201
-74.6178
-74.6201
-74.6215
-74.6272
-74.6351
-74.6403
-74.6425
-74.6453
-74.6478
-74.6458
-74.6397
-74.635
-74.6301
-74.6252
-74.6232
-74.6235
-74.6227
-74.62
-74.6159
-74.6121
-74.6083
-74.6053
-74.6038
-74.6046
-74.6052
-74.6042
-74.5992
-74.5916
-74.5859
-74.5799
-74.5808
-74.5852
-74.5908
-74.5982
-74.6041
-74.6103
-74.6136
-74.6133
-74.6123
-74.607
-74.5981
-74.5918
-74.5841
-74.5763
-74.5665
-74.5631
-74.5652
-74.5693
-74.5716
-74.5724
-74.5706
-74.5663
-74.5634
-74.5645
-74.5635
-74.5589
-74.5572
-74.5581
-74.5578
-74.5538
-74.5454
-74.5357
-74.5278
-74.5277
-74.5339
-74.541
-74.5503
-74.5582
-74.5641
-74.5667
-74.5703
-74.5706
-74.5679
-74.563
-74.5595
-74.5545
-74.5467
-74.5395
-74.5332
-74.5251
-74.5147
-74.5018
-74.4914
-74.4903
-74.4957
-74.5068
-74.5126
-74.5123
-74.5103
-74.5092
-74.5053
-74.4983
-74.4941
-74.4894
-74.4837
-74.4788
-74.4808
-74.4861
-74.4853
-74.4817
-74.4764
-74.4715
-74.4684
-74.4715
-74.4765
-74.4819
-74.4852
-74.4887
-74.4925
-74.4959
-74.4982
-74.4968
-74.4934
-74.4879
-74.4837
-74.4781
-74.4742
-74.4783
-74.4802
-74.4759
-74.4657
-74.4563
-74.4456
-74.4323
-74.4198
-74.4121
-74.4058
-74.4023
-74.404
-74.404
-74.4015
-74.3965
-74.3923
-74.3917
-74.3943
-74.3958
-74.3927
-74.3844
-74.3738
-74.3648
-74.3586
-74.3625
-74.3676
-74.3707
-74.3734
-74.3717
-74.3707
-74.3697
-74.3722
-74.3778
-74.3804
-74.3775
-74.3742
-74.3709
-74.3723
-74.3736
-74.3748
-74.3738
-74.3732
-74.374
-74.3787
-74.3817
-74.3808
-74.3769
-74.3699
-74.3645
-74.3591
-74.3591
-74.3615
-74.3616
-74.3622
-74.3585
-74.3505
-74.3433
-74.34
-74.333
-74.323
-74.3121
-74.2994
-74.2931
-74.294
-74.2948
-74.2976
-74.2974
-74.2931
-74.2817
-74.2641
-74.2468
-74.2345
-74.2246
-74.2149
-74.2043
-74.196
-74.1939
-74.1913
-74.1865
-74.179
-74.1704
-74.1616
-74.1483
-74.1459
-74.1519
-74.1531
-74.153
-74.1493
-74.1496
-74.1592
-74.1696
-74.1845
-74.205
-74.2239
-74.2344
-74.235
-74.2283
-74.2147
-74.1969
-74.1789
-74.169
-74.1653
-74.1602
-74.1602
-74.166
-74.1703
-74.1735
-74.172
-74.1734
-74.1738
-74.1697
-74.1619
-74.1587
-74.157
-74.1656
-74.1778
-74.1879
-74.1929
-74.193
-74.1869
-74.1764
-74.1636
-74.1586
-74.154
-74.1437
-74.1326
-74.13
-74.1337
-74.1427
-74.1508
-74.1494
-74.1411
-74.1288
-74.1121
-74.0988
-74.086
-74.0762
-74.0629
-74.0463
-74.0314
-74.0184
-74.0115
-74.0107
-74.012
-74.0148
-74.022
-74.0306
-74.0352
-74.0364
-74.0349
-74.0348
-74.0335
-74.03
-74.0221
-74.012
-73.997
-73.9811
-73.9645
-73.949
-73.933
-73.919
-73.9065
-73.8901
-73.8712
-73.8547
-73.8408
-73.8287
-73.8173
-73.8119
-73.8034
-73.7888
-73.7749
-73.7664
-73.7668
-73.7699
-73.7718
-73.7732
-73.7819
-73.7857
-73.7802
-73.7671
-73.7487
-73.7289
-73.7119
-73.6929
-73.679
-73.6707
-73.6584
-73.6408
-73.6216
-73.6144
-73.6147
-73.6164
-73.6213
-73.6268
-73.6258
-73.6278
-73.6278
-73.6261
-73.6289
-73.6257
-73.6183
-73.6107
-73.5982
-73.5828
-73.5704
-73.5596
-73.5623
-73.575
-73.5807
-73.5766
-73.5656
-73.5565
-73.5459
-73.5406
-73.546
-73.5574
-73.5605
-73.5543
-73.5412
-73.5233
-73.502
-73.4785
-73.4533
-73.4269
-73.4035
-73.3873
-73.3789
-73.3771
-73.3737
-73.3721
-73.366
-73.3538
-73.3368
-73.3175
-73.3045
-73.2915
-73.2749
-73.2549
-73.2369
-73.2248
-73.2106
-73.1927
-73.1719
-73.1491
-73.1249
-73.108
-73.0955
-73.0804
-73.0619
-73.041
-73.0183
-72.9944
-72.9697
-72.9445
-72.9211
-72.9085
-72.897
-72.8822
-72.8643
-72.8442
-72.8294
-72.8221
-72.8124
-72.7988
-72.782
-72.763
-72.7426
-72.7211
-72.699
-72.6765
-72.6537
-72.6354
-72.6286
-72.6213
-72.6101
-72.5956
-72.5788
-72.5604
-72.552
-72.5496
-72.5438
-72.5337
-72.5202
-72.5044
-72.4871
-72.4688
-72.4497
-72.4302
-72.4103
-72.3903
-72.3702
-72.3501
-72.33
-72.3099
-72.2899
-72.27
-72.2503
-72.2307
-72.2112
-72.1919
-72.1728
-72.1539
-72.1352
-72.1166
-72.0983
-72.0801
-72.0622
-72.0444
-72.0269
-72.0095
-71.9924
-71.9754
-71.9586
-71.9421
-71.9257
-71.9096
-71.8936
-71.8778
-71.8622
-71.8468
-71.8316
-71.8166
-71.8018
-71.7871
-71.7726
-71.7584
-71.7442
-71.7303
-71.7166
-71.703
-71.6896
-71.6763
-71.6632
-71.6503
-71.6376
-71.625
-71.6126
-71.6003
-71.5882
-71.5763
-71.5645
-71.5528
-71.5413
-71.53
-71.5188
-71.5077
-71.4968
-71.4861
-71.4754
-71.4649
-71.4546
-71.4444
-71.4343
-71.4244
-71.4145
-71.4049
-71.3953
-71.3859
-71.3766
-71.3674
-71.3583
-71.3494
-71.3406
-71.3319
-71.3233
-71.3149
-71.3065
-71.2983
-71.2902
-71.2822
-71.2743
-71.2665
-71.2588
-71.2513
-71.2438
-71.2365
-71.2292
-71.222
-71.215
-71.208
-71.2011
-71.1944
-71.1877
-71.1811
-71.1746
-71.1682
-71.1619
-71.1556
-71.1495
-71.1434
-71.1375
-71.1316
-71.1258
-71.1201
-71.1144
-71.1089
-71.1034
-71.098
-71.0926
-71.0874
-71.0822
-71.0771
-71.0721
-71.0671
-71.0622
-71.0574
-71.0527
-71.048
-71.0434
-71.0388
-71.0344
-71.0299
-71.0256
-71.0213
-71.0171
-71.0129
-71.0088
-71.0048
-71.0008
-70.9969
-70.993
-70.9892
-70.9855
-70.9818
-70.9781
-70.9745
-70.971
-70.9675
-70.9641
-70.9607
-70.9574
-70.9541
-70.9509
-70.9477
-70.9446
-70.9415
-70.9385
-70.9355
-70.9325
-70.9296
-70.9268
-70.924
-70.9212
-70.9185
-70.9158
-70.9131
-70.9105
-70.908
-70.9055
-70.903
-70.9005
-70.8981
-70.8958
-70.8935
-70.8912
-70.8889
-70.8867
-70.8845
-70.8823
-70.8802
-70.8782
-70.8761
-70.8741
-70.8721
-70.8702
-70.8682
-70.8663
-70.8645
-70.8627
-70.8609
-70.8591
-70.8574
-70.8556
-70.854
-70.8523
-70.8507
-70.8491
-70.8475
-70.8459
-70.8444
-70.8429
-70.8415
-70.84
-70.8386
-70.8372
-70.8358
-70.8345
-70.8331
-70.8318
-70.8305
-70.8293
-70.828
-70.8268
-70.8256
-70.8244
-70.8233
-70.8222
-70.821
-70.8199
-70.8189
-70.8178
-70.8168
-70.8157
-70.8147
-70.8138
-70.8128
-70.8118
-70.8109
-70.81
-70.8091
-70.8082
-70.8073
-70.8065
-70.8056
-70.8048
-70.804
-70.8032
-70.8025
-70.8017
-70.8009
-70.8002
-70.7995
-70.7988
-70.7981
-70.7974
-70.7968
-70.7961
-70.7955
-70.7948
-70.7942
-70.7936
-70.793
-70.7924
-70.7919
-70.7913
-70.7908
-70.7902
-70.7897
-70.7892
-70.7887
-70.7882
-70.7877
-70.7872
-70.7868
-70.7863
-70.7859
-70.7854
-70.785
-70.7846
-70.7842
-70.7838
-70.7834
-70.783
-70.7826
-70.7823
-70.7819
-70.7816
-70.7812
-70.7809
-70.7806
-70.7802
-70.7799
-70.7796
-70.7793
-70.779
-70.7787
-70.7785
-70.7782
-70.7779
-70.7777
-70.7774
-70.7772
-70.7769
-70.7767
-70.7764
-70.7762
-70.776
-70.7758
-70.7756
-70.7754
-70.7752
-70.775
-70.7748
-70.7746
-70.7744
-70.7743
-70.7741
-70.7739
-70.7738
-70.7736
-70.7735
-70.7733
-70.7732
-70.7731
-70.7729
-70.7728
-70.7727
-70.7725
-70.7724
-70.7723
-70.7722
-70.7721
-70.772
-70.7719
-70.7718
-70.7717
-70.7716
-70.7715
-70.7714
-70.7714
-70.7713
-70.7712
-70.7711
-70.7711
-70.771
-70.7709
-70.7709
-70.7708
-70.7707
-70.7707
-70.7706
-70.7706
-70.7705
-70.7705
-70.7705
-70.7704
-70.7704
-70.7703
-70.7703
-70.7703
-70.7702
-70.7702
-70.7702
-70.7702
-70.7701
-70.7701
-70.7701
-70.7701
-70.7701
-70.7701
-70.77
-70.77
-70.77
-70.77
-70.77
-70.77
-70.77
-70.77
-70.77
-70.77
-70.77
-70.77
-70.77
-70.77
-70.77
-70.77
-70.77
-70.77
-70.77
-70.7701
-70.7701
-70.7701
-70.7701
-70.7701
-70.7701
-70.7701
-70.7702
-70.7702
-70.7702
-70.7702
-70.7702
-70.7703
-70.7703
-70.7703
-70.7703
-70.7703
-70.7704
-70.7704
-70.7704
-70.7704
-70.7705
-70.7705
-70.7705
-70.7706
-70.7706
-70.7706
-70.7706
-70.7707
-70.7707
-70.7707
-70.7708
-70.7708
-70.7708
-70.7709
-70.7709
-70.7709
-70.771
-70.771
-70.771
-70.7711
-70.7711
-70.7711
-70.7712
-70.7712
-70.7712
-70.7713
-70.7713
-70.7713
-70.7714
-70.7714
-70.7714
-70.7715
-70.7715
-70.7716
-70.7716
-70.7716
-70.7717
-70.7717
-70.7717
-70.7718
-70.7718
-70.7718
-70.7719
-70.7719
-70.772
-70.772
-70.772
-70.7721
-70.7721
-70.7721
-70.7722
-70.7722
-70.7723
-70.7723
-70.7723
-70.7724
-70.7724
-70.7724
-70.7725
-70.7725
-70.7726
-70.7726
-70.7726
-70.7727
-70.7727
-70.7727
-70.7728
-70.7728
-70.7728
-70.7729
-70.7729
-70.773
-70.773
-70.773
-70.7731
-70.7731
-70.7731
-70.7732
-70.7732
-70.7732
-70.7733
-70.7733
-70.7733
-70.7734
-70.7734
-70.7734
-70.7735
-70.7735
-70.7735

