-70
-70.1661
-70.23
-70.2566
-70.2695
-70.2773
-70.283
-70.2879
-70.2925
-70.297
-70.3014
-70.3057
-70.31
-70.3142
-70.3185
-70.3226
-70.3268
-70.3309
-70.335
-70.3391
-70.3431
-70.3471
-70.351
-70.3549
-70.3588
-70.3626
-70.3664
-70.3701
-70.3738
-70.3775
-70.3811
-70.3847
-70.3883
-70.3918
-70.3953
-70.3987
-70.4021
-70.4055
-70.4088
-70.4121
-70.4154
-70.4186
-70.4218
-70.4249
-70.428
-70.4311
-70.4341
-70.4372
-70.4401
-70.4431
-70.446
-70.4489
-70.4517
-70.4545
-70.4573
-70.4601
-70.4628
-70.4655
-70.4682
-70.4708
-70.4734
-70.476
-70.4785
-70.481
-70.4835
-70.486
-70.4884
-70.4908
-70.4932
-70.4955
-70.4978
-70.5001
-70.5024
-70.5046
-70.5068
-70.509
-70.5112
-70.5133
-70.5154
-70.5175
-70.5196
-70.5216
-70.5236
-70.5256
-70.5276
-70.5295
-70.5315
-70.5334
-70.5352
-70.5371
-70.5389
-70.5407
-70.5425
-70.5443
-70.5461
-70.5478
-70.5495
-70.5512
-70.5528
-70.5545
-70.5561
-70.5577
-70.5593
-70.5609
-70.5624
-70.5639
-70.5655
-70.5669
-70.5684
-70.5699
-70.5713
-70.5727
-70.5741
-70.5755
-70.5769
-70.5782
-70.5796
-70.5809
-70.5822
-70.5835
-70.5848
-70.586
-70.5873
-70.5885
-70.5897
-70.5909
-70.5921
-70.5932
-70.5944
-70.5955
-70.5966
-70.5977
-70.5988
-70.5999
-70.601
-70.602
-70.603
-70.6041
-70.6051
-70.6061
-70.6071
-70.608
-70.609
-70.6099
-70.6109
-70.6118
-70.6127
-70.6136
-70.6145
-70.6154
-70.6162
-70.6171
-70.6179
-70.6187
-70.6196
-70.6204
-70.6212
-70.622
-70.6227
-70.6235
-70.6242
-70.625
-70.6257
-70.6265
-70.6272
-70.6279
-70.6286
-70.6293
-70.6299
-70.6306
-70.6313
-70.6319
-70.6325
-70.6332
-70.6338
-70.6344
-70.635
-70.6356
-70.6362
-70.6368
-70.6374
-70.6379
-70.6385
-70.639
-70.6396
-70.6401
-70.6406
-70.6411
-70.6417
-70.6422
-70.6427
-70.6431
-70.6436
-70.6441
-70.6446
-70.645
-70.6455
-70.6459
-70.6464
-70.6468
-70.6472
-70.6476
-70.6481
-70.6485
-70.6489
-70.6493
-70.6497
-70.65
-70.6504
-70.6508
-70.6512
-70.6515
-70.6519
-70.6522
-70.6526
-70.6529
-70.6533
-70.6536
-70.6539
-70.6542
-70.6545
-70.6549
-70.6552
-70.6555
-70.6558
-70.656
-70.6563
-70.6566
-70.6569
-70.6572
-70.6574
-70.6577
-70.658
-70.6582
-70.6585
-70.6587
-70.6589
-70.6592
-70.6594
-70.6597
-70.6599
-70.6601
-70.6603
-70.6605
-70.6607
-70.661
-70.6612
-70.6614
-70.6616
-70.6617
-70.6619
-70.6621
-70.6623
-70.6625
-70.6627
-70.6628
-70.663
-70.6632
-70.6633
-70.6635
-70.6637
-70.6638
-70.664
-70.6641
-70.6643
-70.6644
-70.6646
-70.6647
-70.6648
-70.665
-70.6651
-70.6652
-70.6653
-70.6655
-70.6656
-70.6657
-70.6658
-70.6659
-70.666
-70.6662
-70.6663
-70.6664
-70.6665
-70.6666
-70.6667
-70.6668
-70.6669
-70.667
-70.667
-70.6671
-70.6672
-70.6673
-70.6674
-70.6675
-70.6675
-70.6676
-70.6677
-70.6678
-70.6678
-70.6679
-70.668
-70.668
-70.6681
-70.6682
-70.6682
-70.6683
-70.6683
-70.6684
-70.6685
-70.6685
-70.6686
-70.6686
-70.6687
-70.6687
-70.6688
-70.6688
-70.6688
-70.6689
-70.6689
-70.669
-70.669
-70.669
-70.6691
-70.6691
-70.6691
-70.6692
-70.6692
-70.6692
-70.6693
-70.6693
-70.6693
-70.6694
-70.6694
-70.6694
-70.6694
-70.6694
-70.6695
-70.6695
-70.6695
-70.6695
-70.6695
-70.6696
-70.6696
-70.6696
-70.6696
-70.6696
-70.6696
-70.6696
-70.6697
-70.6697
-70.6697
-70.6697
-70.6697
-70.6697
-70.6697
-70.6697
-70.6697
-70.6697
-70.6697
-70.6697
-70.6697
-70.6697
-70.6697
-70.6697
-70.6697
-70.6697
-70.6697
-70.6697
-70.6697
-70.6697
-70.6697
-70.6697
-70.6697
-70.6697
-70.6697
-70.6697
-70.6697
-70.6697
-70.6697
-70.6697
-70.6697
-70.6697
-70.6697
-70.6696
-70.6696
-70.6696
-70.6696
-70.6696
-70.6696
-70.6696
-70.6696
-70.6696
-70.6695
-70.6695
-70.6695
-70.6695
-70.6695
-70.6695
-70.6695
-70.6695
-70.6694
-70.6694
-70.6694
-70.6694
-70.6694
-70.6694
-70.6693
-70.6693
-70.6693
-70.6693
-70.6693
-70.6693
-70.6693
-70.6692
-70.6692
-70.6692
-70.6692
-70.6692
-70.6691
-70.6691
-70.6691
-70.6691
-70.6691
-70.6691
-70.669
-70.669
-70.669
-70.669
-70.669
-70.6689
-70.6689
-70.6689
-70.6689
-70.6689
-70.6688
-70.6688
-70.6688
-70.6688
-70.6688
-70.6687
-70.6687
-70.6687
-70.6687
-70.6686
-70.6686
-70.6686
-70.6686
-70.6686
-70.6685
-70.6685
-70.6685
-70.6685
-70.6685
-70.6684
-70.6684
-70.6684
-70.6684
-70.6684
-70.6683
-70.6683
-70.6683
-70.6683
-70.6682
-70.6682
-70.6682
-70.6682
-70.6682
-70.6681
-70.6681
-70.6681
-70.6681
-70.6681
-70.6688
-70.8054
-71.4826
-72.5034
-73.3752
-73.9077
-74.1759
-62.2576
-53.3433
-50.7438
-48.8732
-45.8393
-20.8248
-17.6084
-43.8213
-68.7528
-68.5679
-67.5281
-66.4493
-65.3552
-64.2626
-63.1891
-62.1514
-61.1635
-60.2369
-59.3497
-58.5171
-57.7694
-57.1141
-56.54
-56.0405
-55.6071
-55.2265
-54.9028
-54.6301
-54.3968
-54.2044
-54.0477
-53.9161
-53.8071
-53.7202
-53.6517
-53.5981
-53.5567
-53.5222
-53.4891
-53.4616
-53.4423
-53.4293
-53.4207
-53.4153
-53.4123
-53.4111
-53.4115
-53.4069
-53.4025
-53.4008
-53.4012
-53.3981
-53.3955
-53.3952
-53.3965
-53.3987
-53.4016
-53.4049
-53.4029
-53.4006
-53.4003
-53.4015
-53.4036
-53.4062
-53.4091
-53.4123
-53.4156
-53.4191
-53.4226
-53.4263
-53.4301
-53.4338
-53.437
-53.4397
-53.4293
-53.4134
-53.4055
-53.4019
-53.3986
-53.3928
-53.3886
-53.3846
-53.378
-53.3602
-53.2179
-52.9948
-53.0147
-53.0857
-53.1502
-53.1976
-53.2298
-53.2514
-53.2664
-53.278
-53.2885
-53.2995
-53.3121
-53.3277
-53.3476
-53.3735
-53.4086
-53.4281
-53.4374
-53.444
-53.4508
-53.4586
-53.4682
-53.4798
-53.4931
-53.508
-53.5246
-53.5431
-53.5637
-53.5866
-53.6119
-53.6397
-53.6704
-53.7042
-53.7413
-53.7822
-53.827
-53.8761
-53.9296
-53.988
-54.0515
-54.1206
-54.1956
-54.2767
-54.3642
-54.4588
-54.5609
-54.6711
-54.7899
-54.9178
-55.0557
-54.4798
-53.5501
-53.317
-53.2837
-53.3059
-53.3416
-53.3785
-53.4135
-53.4459
-53.4761
-53.5047
-53.5322
-53.5591
-53.5858
-53.6128
-53.6405
-53.6692
-53.6993
-53.7312
-53.7652
-53.8017
-53.641
-53.4844
-53.4346
-53.4251
-53.43
-53.4403
-53.4524
-53.4654
-53.4789
-53.4933
-53.5083
-53.5244
-53.5412
-53.5585
-53.5765
-53.5956
-53.6159
-53.6377
-53.6615
-53.6899
-53.7208
-53.7387
-53.538
-53.4517
-53.4273
-53.4253
-53.4315
-53.4407
-53.4512
-53.4627
-53.4751
-53.4877
-53.501
-53.5149
-53.5293
-53.5442
-53.5601
-53.5769
-53.595
-53.615
-53.6378
-53.6633
-53.6903
-53.7206
-53.7532
-53.7878
-53.8247
-53.8644
-53.9072
-53.9535
-54.006
-54.0654
-54.1319
-54.2021
-54.2798
-54.3627
-54.4491
-54.5398
-54.6358
-54.7376
-54.8458
-54.9675
-55.1016
-55.2507
-55.4079
-55.574
-55.753
-55.9351
-56.1201
-56.3097
-56.5048
-56.7052
-56.4395
-53.6325
-53.02
-52.9414
-52.9946
-53.0744
-53.1511
-53.2171
-53.2727
-53.3197
-53.36
-53.395
-53.4267
-53.4558
-53.4829
-53.5095
-53.5353
-53.5614
-53.5883
-53.6155
-53.6432
-53.6721
-53.7025
-53.735
-53.7719
-53.8128
-53.8561
-53.9047
-53.9584
-54.0155
-54.0802
-54.1492
-54.2214
-54.2974
-54.3806
-54.4744
-54.5733
-54.6826
-54.8014
-54.9249
-55.062
-55.2095
-53.9672
-53.3266
-53.2
-53.2053
-53.2421
-53.2828
-53.3208
-53.3546
-53.3843
-53.4111
-53.4357
-53.4584
-53.4797
-53.5002
-53.521
-53.5426
-53.5645
-53.5869
-53.6144
-53.6477
-53.682
-53.7204
-53.7612
-53.8029
-53.8461
-53.8951
-53.959
-54.0559
-54.1939
-54.3443
-54.5136
-54.6893
-54.853
-55.0054
-55.1569
-55.3321
-55.5499
-55.8475
-56.2193
-56.599
-56.9587
-57.2928
-57.6118
-57.9305
-58.2626
-58.6287
-59.0289
-59.4961
-60.0256
-60.5653
-61.0902
-61.588
-62.0683
-62.5425
-63.0165
-63.4967
-63.9902
-64.519
-65.0825
-65.6456
-66.1873
-66.696
-67.1709
-67.619
-68.0459
-68.4548
-68.8517
-69.2477
-69.6591
-70.0661
-70.4477
-70.7966
-71.1123
-71.3958
-71.6532
-71.8904
-72.1104
-72.3195
-72.5256
-72.7349
-72.935
-73.1158
-73.2748
-73.4144
-73.5365
-73.6443
-73.7403
-73.8275
-73.9102
-73.9925
-74.077
-74.1579
-74.2304
-74.2916
-74.3436
-74.3872
-74.4245
-74.4567
-74.4856
-74.513
-74.5409
-74.5723
-74.6039
-74.6328
-74.6557
-74.6733
-74.6873
-74.6978
-74.7056
-74.7126
-74.7198
-74.7267
-74.7366
-74.7488
-74.7623
-74.7741
-74.7809
-74.7847
-74.787
-74.7876
-74.7868
-74.7866
-74.7862
-74.7866
-74.7901
-74.7958
-74.8032
-74.8094
-74.8116
-74.8109
-74.8091
-74.8066
-74.8039
-74.8015
-74.7992
-74.798
-74.7993
-74.8029
-74.808
-74.8133
-74.8155
-74.8135
-74.8102
-74.8067
-74.8029
-74.8003
-74.7973
-74.7941
-74.793
-74.7949
-74.798
-74.8024
-74.807
-74.8081
-74.8052
-74.8019
-74.7988
-74.7952
-74.793
-74.7904
-74.7876
-74.7859
-74.7868
-74.7887
-74.7919
-74.7965
-74.7989
-74.7972
-74.7937
-74.7895
-74.7855
-74.7823
-74.7793
-74.7767
-74.775
-74.7743
-74.7763
-74.778
-74.7814
-74.7877
-74.7905
-74.7892
-74.7852
-74.7807
-74.7771
-74.7733
-74.7688
-74.7653
-74.7632
-74.7623
-74.7644
-74.7662
-74.7681
-74.7718
-74.7763
-74.778
-74.7751
-74.7708
-74.768
-74.7647
-74.7603
-74.7555
-74.7522
-74.7509
-74.7516
-74.7547
-74.7575
-74.7594
-74.7626
-74.7671
-74.7676
-74.7648
-74.7607
-74.758
-74.7554
-74.751
-74.7461
-74.7408
-74.7366
-74.7342
-74.736
-74.7394
-74.7423
-74.7458
-74.75
-74.7536
-74.7545
-74.7515
-74.7477
-74.7461
-74.7449
-74.7426
-74.7385
-74.7332
-74.7284
-74.725
-74.7243
-74.7267
-74.7292
-74.7308
-74.7337
-74.7373
-74.7397
-74.7407
-74.7393
-74.7364
-74.732
-74.7275
-74.7249
-74.7225
-74.7181
-74.713
-74.7103
-74.7071
-74.7089
-74.7125
-74.715
-74.7146
-74.717
-74.7223
-74.7248
-74.7257
-74.728
-74.7278
-74.7229
-74.7171
-74.7137
-74.7106
-74.7065
-74.7031
-74.6999
-74.6952
-74.6942
-74.6959
-74.6969
-74.6968
-74.6967
-74.699
-74.7023
-74.7041
-74.7059
-74.7083
-74.7091
-74.7061
-74.7007
-74.6953
-74.6922
-74.6891
-74.6857
-74.6842
-74.6807
-74.6762
-74.6771
-74.6793
-74.6788
-74.6777
-74.6782
-74.6802
-74.6827
-74.6875
-74.6908
-74.6938
-74.6931
-74.6916
-74.6901
-74.6851
-74.6788
-74.6761
-74.6735
-74.6705
-74.6681
-74.6649
-74.6587
-74.6542
-74.6534
-74.6528
-74.6525
-74.6513
-74.6504
-74.6513
-74.6557
-74.6642
-74.6703
-74.6705
-74.667
-74.6634
-74.6593
-74.6555
-74.653
-74.6535
-74.6518
-74.6494
-74.6498
-74.6492
-74.6449
-74.6395
-74.6351
-74.6337
-74.6326
-74.6306
-74.6288
-74.6259
-74.6245
-74.6276
-74.6342
-74.6406
-74.6466
-74.6505
-74.6501
-74.6452
-74.6376
-74.6312
-74.6277
-74.6268
-74.6257
-74.6245
-74.623
-74.6216
-74.6176
-74.6123
-74.6061
-74.6022
-74.6002
-74.6019
-74.6015
-74.6001
-74.5985
-74.5943
-74.5929
-74.5959
-74.5976
-74.5994
-74.6011
-74.6024
-74.6037
-74.6042
-74.6072
-74.6063
-74.6003
-74.5916
-74.5842
-74.5827
-74.5854
-74.588
-74.5895
-74.587
-74.5811
-74.5735
-74.5668
-74.5659
-74.5678
-74.567
-74.5685
-74.5699
-74.57
-74.5694
-74.5694
-74.5682
-74.5697
-74.5699
-74.5665
-74.5646
-74.5611
-74.5598
-74.5624
-74.5645
-74.5651
-74.5638
-74.5579
-74.5517
-74.5487
-74.5471
-74.5452
-74.5429
-74.5386
-74.5352
-74.5306
-74.5259
-74.5237
-74.5227
-74.5179
-74.5107
-74.5029
-74.4983
-74.4982
-74.4998
-74.5022
-74.5051
-74.5131
-74.5205
-74.5256
-74.527
-74.5261
-74.5233
-74.5206
-74.5183
-74.5171
-74.5163
-74.5123
-74.5099
-74.5052
-74.4972
-74.489
-74.4832
-74.4772
-74.4724
-74.4684
-74.4656
-74.4631
-74.4615
-74.4633
-74.4634
-74.461
-74.4542
-74.4456
-74.4379
-74.4365
-74.4372
-74.4376
-74.4362
-74.433
-74.4298
-74.4267
-74.421
-74.4209
-74.4332
-74.4418
-74.4439
-74.4488
-74.4574
-74.4623
-74.4639
-74.4655
-74.4684
-74.4716
-74.4717
-74.4711
-74.468
-74.4623
-74.4557
-74.4475
-74.439
-74.4348
-74.4308
-74.4219
-74.4117
-74.3985
-74.3867
-74.3758
-74.3681
-74.3651
-74.3622
-74.3566
-74.3522
-74.351
-74.3469
-74.3397
-74.3332
-74.3236
-74.3176
-74.316
-74.3101
-74.3047
-74.2999
-74.2978
-74.3007
-74.3004
-74.3012
-74.3038
-74.3076
-74.3123
-74.3153
-74.3162
-74.3126
-74.3098
-74.3122
-74.3142
-74.3246
-74.3368
-74.3483
-74.3512
-74.3473
-74.3436
-74.342
-74.3459
-74.3493
-74.3552
-74.3609
-74.3622
-74.3606
-74.3552
-74.3481
-74.3382
-74.3306
-74.3226
-74.311
-74.2945
-74.2791
-74.2736
-74.2722
-74.2676
-74.2598
-74.2482
-74.2321
-74.2247
-74.2235
-74.2224
-74.2178
-74.2131
-74.2044
-74.1922
-74.1801
-74.1694
-74.1589
-74.1439
-74.1238
-74.1028
-74.0851
-74.0672
-74.0571
-74.0537
-74.0497
-74.039
-74.026
-74.0221
-74.0248
-74.0211
-74.0137
-74.0063
-74.009
-74.0188
-74.041
-74.0724
-74.0981
-74.1172
-74.1356
-74.1437
-74.1473
-74.1563
-74.1601
-74.1572
-74.1568
-74.1631
-74.169
-74.1685
-74.1606
-74.1458
-74.13
-74.1196
-74.117
-74.1164
-74.1126
-74.112
-74.1123
-74.1234
-74.1412
-74.1527
-74.163
-74.1713
-74.1706
-74.1643
-74.1556
-74.1471
-74.1374
-74.1299
-74.1228
-74.1139
-74.102
-74.0921
-74.0848
-74.0864
-74.0861
-74.0774
-74.0615
-74.0448
-74.0301
-74.0125
-73.9915
-73.9716
-73.9512
-73.9319
-73.9101
-73.8912
-73.877
-73.8713
-73.8767
-73.8919
-73.9119
-73.9238
-73.924
-73.9207
-73.9233
-73.9241
-73.9206
-73.9121
-73.8973
-73.8775
-73.8566
-73.8396
-73.8301
-73.823
-73.8131
-73.7995
-73.7873
-73.7823
-73.7748
-73.7617
-73.7489
-73.7385
-73.726
-73.7146
-73.7079
-73.6971
-73.6807
-73.6596
-73.6353
-73.6088
-73.5806
-73.5513
-73.5211
-73.4903
-73.4625
-73.4405
-73.4177
-73.3947
-73.3809
-73.3723
-73.3706
-73.3795
-73.3852
-73.382
-73.3779
-73.3715
-73.3664
-73.3632
-73.3608
-73.353
-73.3464
-73.3463
-73.3526
-73.3531
-73.3503
-73.3467
-73.3375
-73.3228
-73.3041
-73.2893
-73.2782
-73.2722
-73.264
-73.2609
-73.264
-73.2618
-73.2524
-73.2375
-73.2258
-73.2201
-73.23
-73.2444
-73.2509
-73.2562
-73.2559
-73.2481
-73.2345
-73.22
-73.2103
-73.1982
-73.182
-73.1625
-73.1405
-73.1175
-73.1026
-73.0915
-73.0868
-73.0798
-73.0687
-73.0628
-73.0557
-73.0436
-73.0273
-73.0078
-72.9862
-72.9631
-72.9393
-72.9297
-72.9356
-72.9472
-72.9522
-72.9486
-72.9384
-72.9298
-72.9256
-72.9177
-72.9064
-72.902
-72.897
-72.887
-72.8727
-72.8552
-72.8355
-72.8143
-72.7919
-72.7688
-72.7452
-72.7212
-72.6969
-72.6724
-72.6479
-72.6234
-72.5989
-72.5744
-72.55
-72.5258
-72.5018
-72.4937
-72.5045
-72.5121
-72.5117
-72.5049
-72.4934
-72.4789
-72.4623
-72.4507
-72.4494
-72.446
-72.438
-72.4261
-72.4115
-72.395
-72.3872
-72.3873
-72.3841
-72.3763
-72.3646
-72.3504
-72.3344
-72.3172
-72.2991
-72.2804
-72.2614
-72.2421
-72.2226
-72.2031
-72.1835
-72.1639
-72.1444
-72.125
-72.1056
-72.0908
-72.0912
-72.0924
-72.0888
-72.0811
-72.0703
-72.0575
-72.0432
-72.0281
-72.0123
-71.9962
-71.9797
-71.9631
-71.9464
-71.9296
-71.9129
-71.8962
-71.8796
-71.863
-71.8466
-71.8303
-71.8141
-71.7981
-71.7822
-71.7665
-71.7509
-71.7355
-71.7202
-71.7051
-71.6902
-71.6754
-71.6608
-71.6464
-71.6321
-71.618
-71.604
-71.5902
-71.5766
-71.5631
-71.5498
-71.5367
-71.5237
-71.5109
-71.4982
-71.4856
-71.4733
-71.461
-71.449
-71.437
-71.4252
-71.4136
-71.4021
-71.3908
-71.3795
-71.3685
-71.3575
-71.3467
-71.3361
-71.3255
-71.3151
-71.3049
-71.2947
-71.2847
-71.2749
-71.2651
-71.2555
-71.246
-71.2366
-71.2274
-71.2182
-71.2092
-71.2003
-71.1915
-71.1828
-71.1743
-71.1658
-71.1575
-71.1492
-71.1411
-71.1331
-71.1252
-71.1174
-71.1096
-71.102
-71.0945
-71.0871
-71.0798
-71.0726
-71.0654
-71.0584
-71.0515
-71.0446
-71.0379
-71.0312
-71.0246
-71.0182
-71.0118
-71.0054
-70.9992
-70.9931
-70.987
-70.981
-70.9751
-70.9693
-70.9636
-70.9579
-70.9523
-70.9468
-70.9414
-70.9361
-70.9308
-70.9256
-70.9204
-70.9154
-70.9104
-70.9054
-70.9006
-70.8958
-70.8911
-70.8864
-70.8818
-70.8773
-70.8729
-70.8685
-70.8641
-70.8599
-70.8557
-70.8515
-70.8474
-70.8434
-70.8394
-70.8355
-70.8316
-70.8278
-70.8241
-70.8204
-70.8168
-70.8132
-70.8097
-70.8062
-70.8027
-70.7994
-70.796
-70.7928
-70.7895
-70.7864
-70.7832
-70.7802
-70.7771
-70.7741
-70.7712
-70.7683
-70.7654
-70.7626
-70.7599
-70.7571
-70.7544
-70.7518
-70.7492
-70.7466
-70.7441
-70.7417
-70.7392
-70.7368
-70.7344
-70.7321
-70.7298
-70.7276
-70.7254
-70.7232
-70.7211
-70.7189
-70.7169
-70.7148
-70.7128
-70.7109
-70.7089
-70.707
-70.7051
-70.7033
-70.7015
-70.6997
-70.6979
-70.6962
-70.6945
-70.6929
-70.6912
-70.6896
-70.688
-70.6865
-70.685
-70.6835
-70.682
-70.6806
-70.6791
-70.6777
-70.6764
-70.675
-70.6737
-70.6724
-70.6712
-70.6699
-70.6687
-70.6675
-70.6663
-70.6651
-70.664
-70.6629
-70.6618
-70.6607
-70.6597
-70.6587
-70.6577
-70.6567
-70.6557
-70.6547
-70.6538
-70.6529
-70.652
-70.6511
-70.6503
-70.6494
-70.6486
-70.6478
-70.647
-70.6463
-70.6455
-70.6448
-70.644
-70.6433
-70.6427
-70.642
-70.6413
-70.6407
-70.64
-70.6394
-70.6388
-70.6382
-70.6377
-70.6371
-70.6366
-70.636
-70.6355
-70.635
-70.6345
-70.634
-70.6336
-70.6331
-70.6327
-70.6322
-70.6318
-70.6314
-70.631
-70.6306
-70.6302
-70.6299
-70.6295
-70.6292
-70.6288
-70.6285
-70.6282
-70.6279
-70.6276
-70.6273
-70.627
-70.6268
-70.6265
-70.6263
-70.626
-70.6258
-70.6256
-70.6253
-70.6251
-70.6249
-70.6247
-70.6246
-70.6244
-70.6242
-70.6241
-70.6239
-70.6238
-70.6236
-70.6235
-70.6234
-70.6232
-70.6231
-70.623
-70.6229
-70.6228
-70.6227
-70.6226
-70.6226
-70.6225
-70.6224
-70.6224
-70.6223
-70.6223
-70.6222
-70.6222
-70.6222
-70.6221
-70.6221
-70.6221
-70.6221
-70.6221
-70.6221
-70.6221
-70.6221
-70.6221
-70.6221
-70.6221
-70.6221
-70.6222
-70.6222
-70.6222
-70.6223
-70.6223
-70.6224
-70.6224
-70.6225
-70.6225
-70.6226
-70.6226
-70.6227
-70.6228
-70.6228
-70.6229
-70.623
-70.6231
-70.6231
-70.6232
-70.6233
-70.6234
-70.6235
-70.6236
-70.6237
-70.6238
-70.6239
-70.624
-70.6241
-70.6242
-70.6243
-70.6244
-70.6246
-70.6247
-70.6248
-70.6249
-70.625
-70.6252
-70.6253
-70.6254
-70.6255
-70.6257
-70.6258
-70.6259
-70.6261
-70.6262
-70.6263
-70.6265
-70.6266
-70.6268
-70.6269
-70.6271
-70.6272
-70.6274
-70.6275
-70.6276
-70.6278
-70.6279
-70.6281
-70.6283
-70.6284
-70.6286
-70.6287
-70.6289
-70.629
-70.6292
-70.6293
-70.6295
-70.6297
-70.6298
-70.63
-70.6301
-70.6303
-70.6305
-70.6306
-70.6308
-70.631
-70.6311
-70.6313
-70.6314
-70.6316
-70.6318
-70.6319
-70.6321
-70.6323
-70.6324
-70.6326
-70.6328
-70.6329
-70.6331
-70.6333
-70.6334
-70.6336
-70.6338
-70.6339
-70.6341
-70.6343
-70.6344
-70.6346
-70.6348
-70.6349
-70.6351
-70.6353
-70.6354
-70.6356
-70.6358
-70.6359
-70.6361
-70.6362
-70.6364
-70.6366
-70.6367
-70.6369
-70.6371
-70.6372
-70.6374
-70.6376
-70.6377
-70.6379
-70.638
-70.6382
-70.6384
-70.6385
-70.6387
-70.6389
-70.639
-70.6392
-70.6393
-70.6395
-70.6396
-70.6398
-70.64
-70.6401
-70.6403
-70.6404
-70.6406
-70.6407
-70.6409
-70.641
-70.6412
-70.6414
-70.6415
-70.6417
-70.6418
-70.642
-70.6421
-70.6423
-70.6424
-70.6426
-70.6427
-70.6429
-70.643

