-70
-70.1661
-70.23
-70.2566
-70.2695
-70.2773
-70.283
-70.2879
-70.2925
-70.297
-70.3014
-70.3057
-70.31
-70.3142
-70.3185
-70.3226
-70.3268
-70.3309
-70.335
-70.3391
-70.3431
-70.3471
-70.351
-70.3549
-70.3588
-70.3626
-70.3664
-70.3701
-70.3738
-70.3775
-70.3811
-70.3847
-70.3883
-70.3918
-70.3953
-70.3987
-70.4021
-70.4055
-70.4088
-70.4121
-70.4154
-70.4186
-70.4218
-70.4249
-70.428
-70.4311
-70.4341
-70.4372
-70.4401
-70.4431
-70.446
-70.4489
-70.4517
-70.4545
-70.4573
-70.4601
-70.4628
-70.4655
-70.4682
-70.4708
-70.4734
-70.476
-70.4785
-70.481
-70.4835
-70.486
-70.4884
-70.4908
-70.4932
-70.4955
-70.4978
-70.5001
-70.5024
-70.5046
-70.5068
-70.509
-70.5112
-70.5133
-70.5154
-70.5175
-70.5196
-70.5216
-70.5236
-70.5256
-70.5276
-70.5295
-70.5315
-70.5334
-70.5352
-70.5371
-70.5389
-70.5407
-70.5425
-70.5443
-70.5461
-70.5478
-70.5495
-70.5512
-70.5528
-70.5545
-70.5561
-70.5577
-70.5593
-70.5609
-70.5624
-70.5639
-70.5655
-70.5669
-70.5684
-70.5699
-70.5713
-70.5727
-70.5741
-70.5755
-70.5769
-70.5782
-70.5796
-70.5809
-70.5822
-70.5835
-70.5848
-70.586
-70.5873
-70.5885
-70.5897
-70.5909
-70.5921
-70.5932
-70.5944
-70.5955
-70.5966
-70.5977
-70.5988
-70.5999
-70.601
-70.602
-70.603
-70.6041
-70.6051
-70.6061
-70.6071
-70.608
-70.609
-70.6099
-70.6109
-70.6118
-70.6127
-70.6136
-70.6145
-70.6154
-70.6162
-70.6171
-70.6179
-70.6187
-70.6196
-70.6204
-70.6212
-70.622
-70.6227
-70.6235
-70.6242
-70.625
-70.6257
-70.6265
-70.6272
-70.6279
-70.6286
-70.6293
-70.6299
-70.6306
-70.6313
-70.6319
-70.6325
-70.6332
-70.6338
-70.6344
-70.635
-70.6356
-70.6362
-70.6368
-70.6374
-70.6379
-70.6385
-70.639
-70.6396
-70.6401
-70.6406
-70.6411
-70.6417
-70.6422
-70.6427
-70.6431
-70.6436
-70.6441
-70.6446
-70.645
-70.6455
-70.6459
-70.6464
-70.6468
-70.6472
-70.6476
-70.6481
-70.6485
-70.6489
-70.6493
-70.6497
-70.65
-70.6504
-70.6508
-70.6512
-70.6515
-70.6519
-70.6522
-70.6526
-70.6529
-70.6533
-70.6536
-70.6539
-70.6542
-70.6545
-70.6549
-70.6552
-70.6555
-70.6558
-70.656
-70.6563
-70.6566
-70.6569
-70.6572
-70.6574
-70.6577
-70.658
-70.6582
-70.6585
-70.6587
-70.6589
-70.6592
-70.6594
-70.6597
-70.6599
-70.6601
-70.6603
-70.6605
-70.6607
-70.661
-70.6612
-70.6614
-70.6616
-70.6617
-70.6619
-70.6621
-70.6623
-70.6625
-70.6627
-70.6628
-70.663
-70.6632
-70.6633
-70.6635
-70.6637
-70.6638
-70.664
-70.6641
-70.6643
-70.6644
-70.6646
-70.6647
-70.6648
-70.665
-70.6651
-70.6652
-70.6653
-70.6655
-70.6656
-70.6657
-70.6658
-70.6659
-70.666
-70.6662
-70.6663
-70.6664
-70.6665
-70.6666
-70.6667
-70.6668
-70.6669
-70.667
-70.667
-70.6671
-70.6672
-70.6673
-70.6674
-70.6675
-70.6675
-70.6676
-70.6677
-70.6678
-70.6678
-70.6679
-70.668
-70.668
-70.6681
-70.6682
-70.6682
-70.6683
-70.6683
-70.6684
-70.6685
-70.6685
-70.6686
-70.6686
-70.6687
-70.6687
-70.6688
-70.6688
-70.6688
-70.6689
-70.6689
-70.669
-70.669
-70.669
-70.6691
-70.6691
-70.6691
-70.6692
-70.6692
-70.6692
-70.6693
-70.6693
-70.6693
-70.6694
-70.6694
-70.6694
-70.6694
-70.6694
-70.6695
-70.6695
-70.6695
-70.6695
-70.6695
-70.6696
-70.6696
-70.6696
-70.6696
-70.6696
-70.6696
-70.6696
-70.6697
-70.6697
-70.6697
-70.6697
-70.6697
-70.6697
-70.6697
-70.6697
-70.6697
-70.6697
-70.6697
-70.6697
-70.6697
-70.6697
-70.6697
-70.6697
-70.6697
-70.6697
-70.6697
-70.6697
-70.6697
-70.6697
-70.6697
-70.6697
-70.6697
-70.6697
-70.6697
-70.6697
-70.6697
-70.6697
-70.6697
-70.6697
-70.6697
-70.6697
-70.6697
-70.6696
-70.6696
-70.6696
-70.6696
-70.6696
-70.6696
-70.6696
-70.6696
-70.6696
-70.6695
-70.6695
-70.6695
-70.6695
-70.6695
-70.6695
-70.6695
-70.6695
-70.6694
-70.6694
-70.6694
-70.6694
-70.6694
-70.6694
-70.6693
-70.6693
-70.6693
-70.6693
-70.6693
-70.6693
-70.6693
-70.6692
-70.6692
-70.6692
-70.6692
-70.6692
-70.6691
-70.6691
-70.6691
-70.6691
-70.6691
-70.6691
-70.669
-70.669
-70.669
-70.669
-70.669
-70.6689
-70.6689
-70.6689
-70.6689
-70.6689
-70.6688
-70.6688
-70.6688
-70.6688
-70.6688
-70.6687
-70.6687
-70.6687
-70.6687
-70.6686
-70.6686
-70.6686
-70.6686
-70.6686
-70.6685
-70.6685
-70.6685
-70.6685
-70.6685
-70.6684
-70.6684
-70.6684
-70.6684
-70.6684
-70.6683
-70.6683
-70.6683
-70.6683
-70.6682
-70.6682
-70.6682
-70.6682
-70.6682
-70.6681
-70.6681
-70.6681
-70.6681
-70.6681
-70.6746
-70.8984
-71.676
-72.6336
-73.4297
-73.9184
-62.1731
-53.3349
-50.7564
-48.8686
-45.8264
-21.1245
-17.5406
-43.7198
-68.6561
-68.5208
-67.4957
-66.426
-65.3396
-64.2545
-63.1884
-62.1585
-61.1796
-60.2632
-59.4173
-58.5636
-57.7852
-57.1071
-56.5258
-56.0247
-55.5929
-55.2212
-54.8955
-54.6149
-54.383
-54.194
-54.0398
-53.9139
-53.8068
-53.7168
-53.6435
-53.5867
-53.5434
-53.5104
-53.4856
-53.4646
-53.4449
-53.428
-53.4165
-53.4092
-53.4049
-53.4027
-53.4022
-53.4028
-53.4006
-53.395
-53.3909
-53.3897
-53.3902
-53.3919
-53.3942
-53.3969
-53.4
-53.4032
-53.4067
-53.4087
-53.4021
-53.3967
-53.3948
-53.3951
-53.3965
-53.3985
-53.4008
-53.4032
-53.4057
-53.4084
-53.411
-53.4137
-53.4161
-53.4182
-53.42
-53.4215
-53.4194
-53.4034
-53.3952
-53.3915
-53.3894
-53.387
-53.3827
-53.3719
-53.3175
-53.06
-53.0276
-53.0859
-53.1488
-53.1975
-53.2315
-53.2543
-53.2699
-53.2816
-53.2916
-53.3015
-53.3127
-53.3262
-53.3433
-53.3655
-53.394
-53.4291
-53.465
-53.4592
-53.4488
-53.4386
-53.435
-53.4355
-53.4383
-53.4427
-53.4483
-53.455
-53.4627
-53.4716
-53.4816
-53.4927
-53.5051
-53.5188
-53.5339
-53.5506
-53.5689
-53.5889
-53.6108
-53.6348
-53.661
-53.6896
-53.7209
-53.7552
-53.7926
-53.8335
-53.8781
-53.9267
-53.9795
-54.0369
-54.0993
-54.1669
-54.2401
-54.3191
-53.7926
-53.4816
-53.4
-53.371
-53.3574
-53.3628
-53.3758
-53.3909
-53.4059
-53.4203
-53.4341
-53.4472
-53.4599
-53.4725
-53.485
-53.4978
-53.5109
-53.5246
-53.539
-53.5542
-53.5705
-53.5882
-53.6081
-53.6294
-53.6521
-53.6764
-53.7028
-53.7313
-53.7624
-53.7961
-53.8327
-53.8725
-53.9176
-53.9666
-54.019
-54.0751
-54.1355
-54.2005
-54.2702
-54.3449
-54.4252
-54.5113
-53.9155
-53.4365
-53.3239
-53.3147
-53.3336
-53.3432
-53.3455
-53.3551
-53.3678
-53.3809
-53.3935
-53.4054
-53.4167
-53.4273
-53.4373
-53.4471
-53.4567
-53.4664
-53.4763
-53.4865
-53.4972
-53.5085
-53.5209
-53.5349
-53.5497
-53.5653
-53.582
-53.6
-53.6194
-53.6404
-53.6632
-53.6878
-53.7147
-53.7443
-53.7794
-53.8175
-53.8578
-53.9007
-53.9466
-53.996
-54.0492
-54.1065
-54.1681
-54.2342
-54.3049
-54.383
-54.4743
-54.5705
-54.67
-54.7737
-54.8824
-53.9696
-53.3555
-53.2307
-53.2303
-53.2596
-53.2929
-53.3238
-53.3514
-53.3655
-53.3626
-53.3662
-53.3734
-53.3815
-53.3893
-53.3964
-53.4027
-53.4082
-53.4128
-53.4165
-53.42
-53.4228
-53.4242
-53.4237
-53.4207
-53.4137
-53.3999
-53.3722
-53.3048
-52.9395
-51.6642
-51.4746
-51.7426
-52.0752
-52.3442
-52.5311
-52.6559
-52.7428
-52.8102
-52.8705
-52.9325
-53.0027
-53.0881
-53.1953
-53.3307
-53.496
-53.5538
-53.5525
-53.5417
-53.5327
-53.528
-53.528
-53.5323
-53.5402
-53.5513
-53.5538
-53.5099
-53.4856
-53.4771
-53.4769
-53.4812
-53.4883
-53.4975
-53.5084
-53.5209
-53.5349
-53.5505
-53.5682
-53.5895
-53.6141
-53.6413
-53.671
-53.7026
-53.7357
-53.7706
-53.8081
-53.8491
-53.8976
-53.9609
-54.0348
-54.1124
-54.1912
-54.2719
-54.3558
-54.4449
-54.5406
-54.6457
-54.7686
-54.9161
-55.0806
-55.2536
-55.432
-55.6164
-55.8093
-56.0131
-56.2297
-56.4659
-56.7295
-57.0272
-57.3567
-57.702
-58.0557
-58.4132
-58.7795
-59.1553
-59.5417
-59.9477
-60.3838
-60.8495
-61.3551
-61.8789
-62.4057
-62.9202
-63.4188
-63.9077
-64.3872
-64.8623
-65.3456
-65.8373
-66.3458
-66.8717
-67.3862
-67.8799
-68.337
-68.7559
-69.1463
-69.5117
-69.8604
-70.2001
-70.5318
-70.8635
-71.1919
-71.499
-71.7841
-72.042
-72.2669
-72.4665
-72.6477
-72.8162
-72.9756
-73.1276
-73.2767
-73.4234
-73.5586
-73.6798
-73.7907
-73.8858
-73.9647
-74.0338
-74.0961
-74.1542
-74.2087
-74.2627
-74.318
-74.3708
-74.4179
-74.459
-74.4966
-74.5277
-74.5511
-74.57
-74.5876
-74.6037
-74.6201
-74.6376
-74.6566
-74.6752
-74.6913
-74.7041
-74.7154
-74.7255
-74.7315
-74.734
-74.7371
-74.7399
-74.7435
-74.7483
-74.7549
-74.7629
-74.7693
-74.7736
-74.7762
-74.779
-74.7807
-74.7804
-74.7789
-74.7777
-74.7776
-74.7776
-74.7786
-74.7815
-74.7846
-74.7865
-74.7871
-74.7866
-74.7861
-74.7858
-74.7853
-74.7837
-74.782
-74.7816
-74.7813
-74.7811
-74.7825
-74.7838
-74.7842
-74.7843
-74.7827
-74.7801
-74.7793
-74.7794
-74.7785
-74.7776
-74.7762
-74.7746
-74.7742
-74.7739
-74.775
-74.7751
-74.7755
-74.7741
-74.7714
-74.7685
-74.7684
-74.7691
-74.7691
-74.7695
-74.7677
-74.7653
-74.7651
-74.7651
-74.7664
-74.767
-74.7661
-74.7648
-74.762
-74.7594
-74.7579
-74.7574
-74.7577
-74.7584
-74.7567
-74.7539
-74.7525
-74.7516
-74.7524
-74.7554
-74.7557
-74.7542
-74.7532
-74.7509
-74.7491
-74.7475
-74.7467
-74.747
-74.7486
-74.7469
-74.7434
-74.7408
-74.7405
-74.7401
-74.7405
-74.7435
-74.7438
-74.7433
-74.743
-74.7408
-74.7379
-74.7352
-74.7342
-74.7343
-74.7344
-74.7322
-74.7299
-74.7274
-74.7255
-74.7239
-74.7237
-74.7255
-74.7286
-74.7299
-74.7313
-74.7319
-74.7301
-74.7274
-74.7251
-74.7232
-74.7241
-74.7217
-74.7183
-74.7169
-74.7158
-74.7132
-74.71
-74.7061
-74.7072
-74.7131
-74.7166
-74.7173
-74.7177
-74.718
-74.7168
-74.7143
-74.7108
-74.7091
-74.7087
-74.7062
-74.7018
-74.6993
-74.6974
-74.6961
-74.693
-74.6893
-74.6891
-74.6898
-74.6952
-74.6986
-74.7003
-74.7029
-74.7045
-74.7048
-74.7022
-74.6998
-74.6986
-74.695
-74.6912
-74.6886
-74.6853
-74.6803
-74.6763
-74.6759
-74.6749
-74.673
-74.6721
-74.6734
-74.6782
-74.6788
-74.6778
-74.6805
-74.6857
-74.6879
-74.6871
-74.6854
-74.6812
-74.6769
-74.6728
-74.6686
-74.6653
-74.6627
-74.6596
-74.6556
-74.652
-74.6497
-74.6486
-74.6513
-74.6521
-74.6535
-74.6579
-74.6583
-74.6576
-74.6597
-74.6633
-74.6671
-74.67
-74.6704
-74.6666
-74.6602
-74.6541
-74.6482
-74.6408
-74.6397
-74.6398
-74.6377
-74.6345
-74.6295
-74.6237
-74.6209
-74.6235
-74.6268
-74.6299
-74.6335
-74.6379
-74.639
-74.6395
-74.6388
-74.6377
-74.6385
-74.6375
-74.6368
-74.6385
-74.6359
-74.6302
-74.6233
-74.6163
-74.61
-74.6053
-74.6038
-74.6028
-74.6006
-74.5991
-74.5965
-74.5916
-74.5878
-74.5888
-74.5946
-74.5987
-74.6035
-74.6124
-74.6175
-74.6162
-74.6123
-74.6082
-74.6078
-74.6091
-74.6082
-74.6047
-74.6012
-74.5996
-74.5972
-74.5934
-74.587
-74.5775
-74.5701
-74.5651
-74.5639
-74.5645
-74.5653
-74.565
-74.5604
-74.5573
-74.5572
-74.5566
-74.5557
-74.5566
-74.5579
-74.5655
-74.5733
-74.5807
-74.5857
-74.5874
-74.5847
-74.5785
-74.5711
-74.5662
-74.5636
-74.5639
-74.5642
-74.564
-74.5568
-74.5444
-74.5283
-74.5126
-74.5053
-74.5034
-74.5071
-74.5096
-74.5088
-74.5058
-74.5065
-74.5081
-74.5108
-74.5137
-74.5118
-74.5068
-74.5059
-74.5063
-74.5067
-74.5079
-74.5112
-74.5126
-74.5154
-74.5274
-74.5357
-74.5379
-74.5365
-74.5341
-74.5308
-74.5232
-74.5178
-74.5144
-74.5127
-74.5092
-74.5006
-74.4913
-74.482
-74.4695
-74.4569
-74.4442
-74.4363
-74.4323
-74.4309
-74.4302
-74.4302
-74.4279
-74.4206
-74.4182
-74.4246
-74.4315
-74.4351
-74.435
-74.4356
-74.438
-74.4445
-74.4506
-74.4544
-74.4556
-74.4592
-74.4608
-74.46
-74.4604
-74.4573
-74.4559
-74.4595
-74.4628
-74.4637
-74.4634
-74.4591
-74.4519
-74.4452
-74.438
-74.4379
-74.4391
-74.4373
-74.4315
-74.4215
-74.4082
-74.3949
-74.3832
-74.3744
-74.3644
-74.3521
-74.3464
-74.3482
-74.3484
-74.3496
-74.3511
-74.3479
-74.3406
-74.3291
-74.3142
-74.2966
-74.2844
-74.2741
-74.2638
-74.2549
-74.2607
-74.2758
-74.2888
-74.2996
-74.3155
-74.3299
-74.3439
-74.3546
-74.3565
-74.355
-74.358
-74.3635
-74.3643
-74.3645
-74.3613
-74.3551
-74.3448
-74.3357
-74.3354
-74.3391
-74.3386
-74.3316
-74.3217
-74.3154
-74.31
-74.3036
-74.2994
-74.2914
-74.2828
-74.2783
-74.2768
-74.2738
-74.2656
-74.2592
-74.2556
-74.2504
-74.2455
-74.2407
-74.2378
-74.2343
-74.2295
-74.2263
-74.2248
-74.2198
-74.2101
-74.1962
-74.1851
-74.181
-74.1771
-74.1695
-74.1599
-74.1487
-74.1366
-74.1283
-74.1193
-74.105
-74.0911
-74.0857
-74.0874
-74.0885
-74.0832
-74.0736
-74.0617
-74.046
-74.0259
-74.01
-74.0109
-74.0319
-74.0659
-74.1037
-74.1323
-74.1471
-74.1514
-74.1509
-74.1473
-74.1414
-74.1368
-74.1395
-74.1489
-74.1584
-74.1632
-74.1639
-74.1658
-74.1637
-74.1581
-74.1543
-74.1506
-74.1426
-74.1282
-74.1106
-74.101
-74.1003
-74.1121
-74.1301
-74.1465
-74.1517
-74.1488
-74.1395
-74.1304
-74.1227
-74.1105
-74.0942
-74.0792
-74.0645
-74.0544
-74.0499
-74.0414
-74.0265
-74.012
-73.9988
-73.9814
-73.9595
-73.9409
-73.9366
-73.9358
-73.9279
-73.913
-73.9017
-73.9011
-73.9039
-73.9046
-73.9081
-73.9115
-73.9112
-73.9088
-73.9144
-73.9249
-73.9351
-73.9476
-73.9524
-73.9468
-73.9381
-73.9345
-73.9288
-73.9178
-73.9058
-73.8926
-73.8786
-73.8646
-73.8527
-73.8455
-73.84
-73.8308
-73.8205
-73.8067
-73.7879
-73.7652
-73.7398
-73.7177
-73.6964
-73.6739
-73.6598
-73.6555
-73.6475
-73.6329
-73.6131
-73.5928
-73.5758
-73.5576
-73.5431
-73.5271
-73.5182
-73.5157
-73.5162
-73.5184
-73.5211
-73.5172
-73.5059
-73.489
-73.4681
-73.4445
-73.421
-73.4064
-73.4017
-73.4007
-73.4015
-73.3987
-73.3966
-73.3897
-73.3813
-73.3739
-73.3619
-73.352
-73.3532
-73.3606
-73.3612
-73.3613
-73.3575
-73.3471
-73.3313
-73.3117
-73.2905
-73.2795
-73.2843
-73.296
-73.3027
-73.3001
-73.2898
-73.2741
-73.258
-73.2511
-73.2582
-73.2637
-73.269
-73.2695
-73.2624
-73.2564
-73.2504
-73.2393
-73.2236
-73.2042
-73.1858
-73.1738
-73.1601
-73.1428
-73.1236
-73.112
-73.1035
-73.1006
-73.0944
-73.0825
-73.0661
-73.0465
-73.0247
-73.0014
-72.977
-72.9518
-72.9261
-72.9001
-72.8738
-72.8473
-72.8208
-72.8025
-72.7915
-72.7786
-72.7622
-72.7431
-72.7221
-72.6999
-72.6828
-72.6755
-72.6667
-72.6539
-72.6377
-72.6193
-72.5993
-72.5782
-72.5564
-72.5342
-72.5116
-72.4889
-72.4661
-72.4433
-72.4205
-72.3978
-72.3751
-72.3527
-72.3303
-72.3081
-72.2861
-72.2643
-72.2427
-72.2213
-72.2001
-72.1791
-72.1583
-72.1377
-72.1174
-72.0972
-72.0773
-72.0576
-72.0381
-72.0189
-71.9998
-71.981
-71.9624
-71.944
-71.9258
-71.9078
-71.89
-71.8725
-71.8551
-71.838
-71.821
-71.8043
-71.7877
-71.778
-71.7847
-71.7909
-71.7917
-71.7879
-71.7808
-71.7715
-71.7606
-71.7487
-71.7361
-71.723
-71.7096
-71.696
-71.6823
-71.6685
-71.6546
-71.6408
-71.6271
-71.6134
-71.5997
-71.5862
-71.5728
-71.5595
-71.5463
-71.5332
-71.5203
-71.5075
-71.4948
-71.4823
-71.4699
-71.4576
-71.4455
-71.4335
-71.4217
-71.41
-71.3985
-71.387
-71.3758
-71.3646
-71.3536
-71.3428
-71.332
-71.3214
-71.311
-71.3007
-71.2905
-71.2804
-71.2705
-71.2607
-71.251
-71.2414
-71.232
-71.2227
-71.2135
-71.2044
-71.1955
-71.1866
-71.1779
-71.1693
-71.1608
-71.1524
-71.1441
-71.1359
-71.1279
-71.1199
-71.112
-71.1043
-71.0966
-71.0891
-71.0816
-71.0743
-71.067
-71.0599
-71.0528
-71.0458
-71.039
-71.0322
-71.0255
-71.0189
-71.0124
-71.006
-70.9996
-70.9934
-70.9872
-70.9812
-70.9752
-70.9692
-70.9634
-70.9577
-70.952
-70.9464
-70.9409
-70.9354
-70.9301
-70.9248
-70.9196
-70.9144
-70.9093
-70.9043
-70.8994
-70.8946
-70.8898
-70.885
-70.8804
-70.8758
-70.8713
-70.8668
-70.8624
-70.8581
-70.8538
-70.8496
-70.8455
-70.8414
-70.8374
-70.8334
-70.8295
-70.8256
-70.8218
-70.8181
-70.8144
-70.8108
-70.8072
-70.8037
-70.8002
-70.7968
-70.7934
-70.7901
-70.7868
-70.7836
-70.7805
-70.7773
-70.7743
-70.7713
-70.7683
-70.7653
-70.7625
-70.7596
-70.7568
-70.7541
-70.7514
-70.7487
-70.7461
-70.7435
-70.7409
-70.7384
-70.736
-70.7336
-70.7312
-70.7288
-70.7265
-70.7243
-70.722
-70.7198
-70.7177
-70.7155
-70.7135
-70.7114
-70.7094
-70.7074
-70.7054
-70.7035
-70.7016
-70.6998
-70.698
-70.6962
-70.6944
-70.6927
-70.691
-70.6893
-70.6877
-70.6861
-70.6845
-70.6829
-70.6814
-70.6799
-70.6784
-70.677
-70.6755
-70.6741
-70.6728
-70.6714
-70.6701
-70.6688
-70.6675
-70.6663
-70.6651
-70.6639
-70.6627
-70.6615
-70.6604
-70.6593
-70.6582
-70.6571
-70.6561
-70.6551
-70.6541
-70.6531
-70.6521
-70.6512
-70.6503
-70.6493
-70.6485
-70.6476
-70.6467
-70.6459
-70.6451
-70.6443
-70.6435
-70.6427
-70.642
-70.6413
-70.6406
-70.6399
-70.6392
-70.6385
-70.6379
-70.6372
-70.6366
-70.636
-70.6354
-70.6348
-70.6343
-70.6337
-70.6332
-70.6327
-70.6322
-70.6317
-70.6312
-70.6307
-70.6302
-70.6298
-70.6294
-70.6289
-70.6285
-70.6281
-70.6278
-70.6274
-70.627
-70.6267
-70.6263
-70.626
-70.6257
-70.6253
-70.625
-70.6248
-70.6245
-70.6242
-70.6239
-70.6237
-70.6234
-70.6232
-70.623
-70.6227
-70.6225
-70.6223
-70.6221
-70.622
-70.6218
-70.6216
-70.6214
-70.6213
-70.6211
-70.621
-70.6209
-70.6207
-70.6206
-70.6205
-70.6204
-70.6203
-70.6202
-70.6201
-70.62
-70.62
-70.6199
-70.6198
-70.6198
-70.6197
-70.6197
-70.6197
-70.6196
-70.6196
-70.6196
-70.6195
-70.6195
-70.6195
-70.6195
-70.6195
-70.6195
-70.6195
-70.6196
-70.6196
-70.6196
-70.6196
-70.6197
-70.6197
-70.6197
-70.6198
-70.6198
-70.6199
-70.6199
-70.62
-70.6201
-70.6201
-70.6202
-70.6203
-70.6203
-70.6204
-70.6205
-70.6206
-70.6207
-70.6208
-70.6209
-70.6209
-70.621
-70.6211
-70.6213
-70.6214
-70.6215
-70.6216
-70.6217
-70.6218
-70.6219
-70.622
-70.6222
-70.6223
-70.6224
-70.6225
-70.6227
-70.6228
-70.6229
-70.6231
-70.6232
-70.6234
-70.6235
-70.6236
-70.6238
-70.6239
-70.6241
-70.6242
-70.6244
-70.6245
-70.6247
-70.6248
-70.625
-70.6251
-70.6253
-70.6255
-70.6256
-70.6258
-70.6259
-70.6261
-70.6263
-70.6264
-70.6266
-70.6267
-70.6269
-70.6271
-70.6272
-70.6274
-70.6276
-70.6278
-70.6279
-70.6281
-70.6283
-70.6284
-70.6286
-70.6288
-70.629
-70.6291
-70.6293
-70.6295
-70.6297
-70.6298
-70.63
-70.6302
-70.6304
-70.6305
-70.6307
-70.6309
-70.6311
-70.6312
-70.6314
-70.6316
-70.6318
-70.6319
-70.6321
-70.6323
-70.6325
-70.6326
-70.6328
-70.633
-70.6332
-70.6333
-70.6335
-70.6337
-70.6339
-70.634
-70.6342
-70.6344
-70.6346
-70.6347
-70.6349
-70.6351
-70.6353
-70.6354
-70.6356
-70.6358
-70.636
-70.6361
-70.6363
-70.6365
-70.6367
-70.6368
-70.637
-70.6372
-70.6373
-70.6375
-70.6377
-70.6378
-70.638
-70.6382
-70.6383
-70.6385
-70.6387
-70.6388
-70.639
-70.6392
-70.6393
-70.6395
-70.6397
-70.6398
-70.64
-70.6401
-70.6403
-70.6405
-70.6406
-70.6408
-70.6409
-70.6411
-70.6413
-70.6414
-70.6416
-70.6417
-70.6419
-70.642
-70.6422
-70.6423
-70.6425
-70.6427
-70.6428
-70.643
-70.6431
-70.6433
-70.6434
-70.6435
-70.6437
-70.6438
-70.644
-70.6441
-70.6443
-70.6444

