-70
-70.1661
-70.23
-70.2566
-70.2695
-70.2773
-70.283
-70.2879
-70.2925
-70.297
-70.3014
-70.3057
-70.31
-70.3142
-70.3185
-70.3226
-70.3268
-70.3309
-70.335
-70.3391
-70.3431
-70.3471
-70.351
-70.3549
-70.3588
-70.3626
-70.3664
-70.3701
-70.3738
-70.3775
-70.3811
-70.3847
-70.3883
-70.3918
-70.3953
-70.3987
-70.4021
-70.4055
-70.4088
-70.4121
-70.4154
-70.4186
-70.4218
-70.4249
-70.428
-70.4311
-70.4341
-70.4372
-70.4401
-70.4431
-70.446
-70.4489
-70.4517
-70.4545
-70.4573
-70.4601
-70.4628
-70.4655
-70.4682
-70.4708
-70.4734
-70.476
-70.4785
-70.481
-70.4835
-70.486
-70.4884
-70.4908
-70.4932
-70.4955
-70.4978
-70.5001
-70.5024
-70.5046
-70.5068
-70.509
-70.5112
-70.5133
-70.5154
-70.5175
-70.5196
-70.5216
-70.5236
-70.5256
-70.5276
-70.5295
-70.5315
-70.5334
-70.5352
-70.5371
-70.5389
-70.5407
-70.5425
-70.5443
-70.5461
-70.5478
-70.5495
-70.5512
-70.5528
-70.5545
-70.5561
-70.5577
-70.5593
-70.5609
-70.5624
-70.5639
-70.5655
-70.5669
-70.5684
-70.5699
-70.5713
-70.5727
-70.5741
-70.5755
-70.5769
-70.5782
-70.5796
-70.5809
-70.5822
-70.5835
-70.5848
-70.586
-70.5873
-70.5885
-70.5897
-70.5909
-70.5921
-70.5932
-70.5944
-70.5955
-70.5966
-70.5977
-70.5988
-70.5999
-70.601
-70.602
-70.603
-70.6041
-70.6051
-70.6061
-70.6071
-70.608
-70.609
-70.6099
-70.6109
-70.6118
-70.6127
-70.6136
-70.6145
-70.6154
-70.6162
-70.6171
-70.6179
-70.6187
-70.6196
-70.6204
-70.6212
-70.622
-70.6227
-70.6235
-70.6242
-70.625
-70.6257
-70.6265
-70.6272
-70.6279
-70.6286
-70.6293
-70.6299
-70.6306
-70.6313
-70.6319
-70.6325
-70.6332
-70.6338
-70.6344
-70.635
-70.6356
-70.6362
-70.6368
-70.6374
-70.6379
-70.6385
-70.639
-70.6396
-70.6401
-70.6406
-70.6411
-70.6417
-70.6422
-70.6427
-70.6431
-70.6436
-70.6441
-70.6446
-70.645
-70.6455
-70.6459
-70.6464
-70.6468
-70.6472
-70.6476
-70.6481
-70.6485
-70.6489
-70.6493
-70.6497
-70.65
-70.6504
-70.6508
-70.6512
-70.6515
-70.6519
-70.6522
-70.6526
-70.6529
-70.6533
-70.6536
-70.6539
-70.6542
-70.6545
-70.6549
-70.6552
-70.6555
-70.6558
-70.656
-70.6563
-70.6566
-70.6569
-70.6572
-70.6574
-70.6577
-70.658
-70.6582
-70.6585
-70.6587
-70.6589
-70.6592
-70.6594
-70.6597
-70.6599
-70.6601
-70.6603
-70.6605
-70.6607
-70.661
-70.6612
-70.6614
-70.6616
-70.6617
-70.6619
-70.6621
-70.6623
-70.6625
-70.6627
-70.6628
-70.663
-70.6632
-70.6633
-70.6635
-70.6637
-70.6638
-70.664
-70.6641
-70.6643
-70.6644
-70.6646
-70.6647
-70.6648
-70.665
-70.6651
-70.6652
-70.6653
-70.6655
-70.6656
-70.6657
-70.6658
-70.6659
-70.666
-70.6662
-70.6663
-70.6664
-70.6665
-70.6666
-70.6667
-70.6668
-70.6669
-70.667
-70.667
-70.6671
-70.6672
-70.6673
-70.6674
-70.6675
-70.6675
-70.6676
-70.6677
-70.6678
-70.6678
-70.6679
-70.668
-70.668
-70.6681
-70.6682
-70.6682
-70.6683
-70.6683
-70.6684
-70.6685
-70.6685
-70.6686
-70.6686
-70.6687
-70.6687
-70.6688
-70.6688
-70.6688
-70.6689
-70.6689
-70.669
-70.669
-70.669
-70.6691
-70.6691
-70.6691
-70.6692
-70.6692
-70.6692
-70.6693
-70.6693
-70.6693
-70.6694
-70.6694
-70.6694
-70.6694
-70.6694
-70.6695
-70.6695
-70.6695
-70.6695
-70.6695
-70.6696
-70.6696
-70.6696
-70.6696
-70.6696
-70.6696
-70.6696
-70.6697
-70.6697
-70.6697
-70.6697
-70.6697
-70.6697
-70.6697
-70.6697
-70.6697
-70.6697
-70.6697
-70.6697
-70.6697
-70.6697
-70.6697
-70.6697
-70.6697
-70.6697
-70.6697
-70.6697
-70.6697
-70.6697
-70.6697
-70.6697
-70.6697
-70.6697
-70.6697
-70.6697
-70.6697
-70.6697
-70.6697
-70.6697
-70.6697
-70.6697
-70.6697
-70.6696
-70.6696
-70.6696
-70.6696
-70.6696
-70.6696
-70.6696
-70.6696
-70.6696
-70.6695
-70.6695
-70.6695
-70.6695
-70.6695
-70.6695
-70.6695
-70.6695
-70.6694
-70.6694
-70.6694
-70.6694
-70.6694
-70.6694
-70.6693
-70.6693
-70.6693
-70.6693
-70.6693
-70.6693
-70.6693
-70.6692
-70.6692
-70.6692
-70.6692
-70.6692
-70.6691
-70.6691
-70.6691
-70.6691
-70.6691
-70.6691
-70.669
-70.669
-70.669
-70.669
-70.669
-70.6689
-70.6689
-70.6689
-70.6689
-70.6689
-70.6688
-70.6688
-70.6688
-70.6688
-70.6688
-70.6687
-70.6687
-70.6687
-70.6687
-70.6686
-70.6686
-70.6686
-70.6686
-70.6686
-70.6685
-70.6685
-70.6685
-70.6685
-70.6685
-70.6684
-70.6684
-70.6684
-70.6684
-70.6684
-70.6683
-70.6683
-70.6683
-70.6683
-70.6682
-70.6682
-70.6682
-70.6682
-70.6682
-70.6681
-70.6681
-70.6681
-70.6681
-70.6681
-70.6706
-70.8954
-71.6848
-72.5864
-57.6828
-52.2705
-50.2169
-48.3766
-44.8499
-4.34786
-21.7497
-49.3418
-68.7801
-68.2361
-67.196
-66.1203
-65.033
-63.952
-62.8948
-61.8771
-60.913
-60.0147
-59.185
-58.3385
-57.5784
-56.9328
-56.3772
-55.8976
-55.485
-55.1292
-54.8143
-54.5469
-54.3283
-54.1503
-54.0049
-53.8865
-53.7855
-53.6979
-53.6291
-53.5763
-53.536
-53.5055
-53.4826
-53.464
-53.4428
-53.4267
-53.4162
-53.4098
-53.4061
-53.4044
-53.4042
-53.4052
-53.4039
-53.3965
-53.3924
-53.3913
-53.392
-53.3937
-53.3961
-53.399
-53.4021
-53.4055
-53.4091
-53.4129
-53.4057
-53.3989
-53.3965
-53.3965
-53.3977
-53.3997
-53.402
-53.4044
-53.4071
-53.4098
-53.4125
-53.4154
-53.4182
-53.4208
-53.4231
-53.425
-53.4243
-53.4129
-53.4016
-53.3954
-53.3926
-53.3908
-53.3886
-53.3845
-53.375
-53.3369
-53.0749
-52.9983
-53.0527
-53.1212
-53.1763
-53.2152
-53.2414
-53.2591
-53.2722
-53.283
-53.2936
-53.3052
-53.319
-53.3365
-53.3592
-53.3884
-53.4247
-53.4503
-53.451
-53.4515
-53.4522
-53.4443
-53.4404
-53.4405
-53.4431
-53.4474
-53.4532
-53.4602
-53.4684
-53.4777
-53.4882
-53.4999
-53.513
-53.5274
-53.5432
-53.5607
-53.5798
-53.6008
-53.6237
-53.6488
-53.6761
-53.706
-53.7388
-53.7746
-53.8138
-53.8565
-53.903
-53.9536
-54.0087
-54.0685
-54.1334
-54.2037
-54.2797
-53.7832
-53.4848
-53.4055
-53.3964
-53.4093
-53.4288
-53.4145
-53.4046
-53.4065
-53.414
-53.424
-53.435
-53.4462
-53.4575
-53.4688
-53.4803
-53.4922
-53.5044
-53.5172
-53.5308
-53.5459
-53.5624
-53.5799
-53.5985
-53.6183
-53.6396
-53.6625
-53.6873
-53.7148
-53.7469
-53.7842
-53.8244
-53.8677
-53.9136
-53.9621
-54.0139
-54.0696
-54.1326
-54.2024
-54.2787
-54.3636
-54.4567
-54.4556
-53.6197
-53.3763
-53.3284
-53.3358
-53.3581
-53.3832
-53.4076
-53.4308
-53.453
-53.4309
-53.4146
-53.4122
-53.4163
-53.4232
-53.4312
-53.44
-53.4491
-53.4585
-53.4687
-53.4795
-53.491
-53.5028
-53.5153
-53.5289
-53.5433
-53.5587
-53.5758
-53.5942
-53.6141
-53.6367
-53.6621
-53.6902
-53.7203
-53.7521
-53.7871
-53.8261
-53.8681
-53.9152
-53.9655
-54.0188
-54.0789
-54.1475
-54.2213
-54.3023
-54.3872
-54.4757
-54.5702
-54.6764
-54.7945
-54.9202
-55.0501
-54.3771
-53.4533
-53.2461
-53.2268
-53.2554
-53.2933
-53.3298
-53.3626
-53.3922
-53.4197
-53.4446
-53.4675
-53.4891
-53.5109
-53.5334
-53.5232
-53.4553
-53.4281
-53.4218
-53.4241
-53.43
-53.438
-53.447
-53.4564
-53.466
-53.4762
-53.4878
-53.5001
-53.5129
-53.527
-53.5421
-53.5589
-53.5772
-53.5974
-53.6189
-53.6419
-53.6683
-53.6979
-53.7293
-53.7626
-53.7983
-53.8388
-53.8868
-53.9375
-53.9921
-54.0528
-54.1174
-54.1901
-53.7423
-53.4406
-53.3668
-53.3604
-53.3733
-53.382
-53.3772
-53.3804
-53.388
-53.3972
-53.4069
-53.4167
-53.4265
-53.4364
-53.4463
-53.456
-53.4658
-53.4763
-53.4894
-53.5063
-53.5273
-53.5533
-53.5846
-53.619
-53.6524
-53.684
-53.7158
-53.7517
-53.7955
-53.8535
-53.9282
-54.013
-54.098
-54.1804
-54.2613
-54.3434
-54.4309
-54.53
-54.6533
-54.7952
-54.9527
-55.1221
-55.2971
-55.4777
-55.6647
-55.8591
-56.0648
-56.2925
-56.552
-56.8387
-57.1501
-57.4819
-57.8279
-58.1814
-58.545
-58.9158
-59.2951
-59.689
-60.1177
-60.5782
-61.0664
-61.5706
-62.084
-62.5976
-63.1013
-63.5982
-64.0837
-64.56
-65.0459
-65.5504
-66.0643
-66.5815
-67.0889
-67.5798
-68.0483
-68.4861
-68.8971
-69.2793
-69.6386
-69.9897
-70.3358
-70.6707
-70.9982
-71.3097
-71.5971
-71.8605
-72.1017
-72.322
-72.5198
-72.6989
-72.8673
-73.0305
-73.1856
-73.3329
-73.4714
-73.5971
-73.7077
-73.8067
-73.8941
-73.9712
-74.0407
-74.1039
-74.1634
-74.2212
-74.2761
-74.3306
-74.3813
-74.4248
-74.4614
-74.4932
-74.5199
-74.5435
-74.5651
-74.5849
-74.6032
-74.6209
-74.6386
-74.6566
-74.6736
-74.6878
-74.6976
-74.705
-74.7113
-74.7168
-74.7228
-74.729
-74.7348
-74.7399
-74.746
-74.7529
-74.7594
-74.7654
-74.7674
-74.7671
-74.7672
-74.7674
-74.7668
-74.7673
-74.7684
-74.7681
-74.7683
-74.7708
-74.7739
-74.7772
-74.7795
-74.7786
-74.7764
-74.7753
-74.7745
-74.7734
-74.7727
-74.7723
-74.7709
-74.7703
-74.7724
-74.7747
-74.7758
-74.7769
-74.7757
-74.7722
-74.7692
-74.7665
-74.7647
-74.7626
-74.7607
-74.7584
-74.7572
-74.7596
-74.7643
-74.7675
-74.7685
-74.7685
-74.7669
-74.7637
-74.7603
-74.7575
-74.7564
-74.7547
-74.7511
-74.7474
-74.7455
-74.7478
-74.7516
-74.7543
-74.7555
-74.7557
-74.7541
-74.7505
-74.7458
-74.743
-74.7418
-74.7405
-74.7396
-74.7379
-74.7345
-74.7342
-74.7369
-74.7413
-74.7446
-74.7466
-74.747
-74.746
-74.7415
-74.7352
-74.732
-74.7315
-74.7296
-74.7277
-74.7253
-74.7207
-74.7158
-74.7147
-74.7174
-74.7229
-74.7283
-74.7307
-74.7317
-74.7304
-74.7256
-74.7197
-74.7177
-74.7185
-74.7187
-74.7178
-74.7157
-74.7115
-74.7076
-74.7042
-74.703
-74.706
-74.7122
-74.7179
-74.7207
-74.7205
-74.7182
-74.7133
-74.708
-74.7023
-74.6997
-74.6972
-74.6959
-74.693
-74.6898
-74.687
-74.6853
-74.6838
-74.6844
-74.687
-74.691
-74.6981
-74.7035
-74.7052
-74.7048
-74.7028
-74.6994
-74.6932
-74.6868
-74.6836
-74.6814
-74.6787
-74.6753
-74.6741
-74.6733
-74.6722
-74.672
-74.674
-74.6762
-74.679
-74.6811
-74.6828
-74.6855
-74.6878
-74.6871
-74.6805
-74.6707
-74.6607
-74.6539
-74.6519
-74.6499
-74.6496
-74.6493
-74.6487
-74.6486
-74.6498
-74.6513
-74.6558
-74.6577
-74.6569
-74.6597
-74.6632
-74.6657
-74.6696
-74.6746
-74.6731
-74.6652
-74.6544
-74.6416
-74.6302
-74.6272
-74.6271
-74.6288
-74.6314
-74.6322
-74.6316
-74.631
-74.6307
-74.6341
-74.6369
-74.6385
-74.6391
-74.6411
-74.6419
-74.6431
-74.6428
-74.6404
-74.6358
-74.633
-74.6272
-74.6167
-74.6048
-74.5949
-74.5883
-74.5869
-74.5879
-74.5938
-74.5996
-74.6037
-74.6066
-74.6087
-74.6113
-74.6146
-74.6152
-74.6115
-74.6121
-74.6178
-74.6231
-74.624
-74.621
-74.616
-74.611
-74.6041
-74.5955
-74.5896
-74.5845
-74.578
-74.5705
-74.5643
-74.5617
-74.5599
-74.5582
-74.5568
-74.5601
-74.5693
-74.5794
-74.5853
-74.5895
-74.5914
-74.589
-74.5838
-74.5787
-74.5802
-74.5835
-74.5852
-74.5856
-74.5808
-74.5732
-74.5671
-74.5648
-74.5583
-74.5491
-74.5365
-74.5229
-74.5165
-74.5132
-74.513
-74.514
-74.5125
-74.5127
-74.5149
-74.5173
-74.5228
-74.53
-74.5367
-74.5435
-74.5483
-74.5524
-74.5539
-74.5506
-74.545
-74.5421
-74.546
-74.5493
-74.548
-74.5434
-74.5398
-74.5344
-74.5273
-74.5191
-74.5126
-74.5079
-74.5006
-74.4917
-74.4807
-74.4718
-74.4645
-74.4558
-74.4504
-74.448
-74.4466
-74.4502
-74.4563
-74.4602
-74.4639
-74.4649
-74.468
-74.4764
-74.4839
-74.4904
-74.4956
-74.5008
-74.5035
-74.5013
-74.499
-74.4947
-74.4931
-74.4952
-74.496
-74.492
-74.4853
-74.4744
-74.4642
-74.4552
-74.4461
-74.4381
-74.4307
-74.421
-74.4111
-74.4007
-74.3972
-74.4024
-74.4042
-74.3982
-74.3891
-74.3775
-74.3668
-74.3602
-74.3563
-74.3543
-74.3598
-74.3687
-74.3769
-74.3828
-74.3895
-74.4002
-74.4084
-74.4126
-74.4164
-74.4195
-74.4254
-74.4333
-74.4401
-74.4387
-74.432
-74.4233
-74.4166
-74.4154
-74.4129
-74.4094
-74.4049
-74.3959
-74.3845
-74.3744
-74.3682
-74.363
-74.3577
-74.3491
-74.3388
-74.3279
-74.3206
-74.3138
-74.3084
-74.3062
-74.3091
-74.3096
-74.3054
-74.2999
-74.2955
-74.2904
-74.2826
-74.2712
-74.2568
-74.2441
-74.2362
-74.2298
-74.2278
-74.2296
-74.2291
-74.2288
-74.2299
-74.2349
-74.2449
-74.2605
-74.2739
-74.2821
-74.2869
-74.289
-74.2897
-74.2955
-74.3044
-74.3123
-74.3161
-74.3146
-74.3081
-74.3002
-74.2949
-74.2883
-74.2862
-74.2906
-74.2896
-74.2822
-74.2741
-74.2686
-74.264
-74.2596
-74.2491
-74.2328
-74.2146
-74.1951
-74.1794
-74.172
-74.1653
-74.1615
-74.1585
-74.1556
-74.1499
-74.142
-74.1436
-74.1538
-74.1612
-74.1601
-74.1582
-74.1553
-74.1472
-74.1421
-74.1344
-74.1234
-74.1086
-74.0918
-74.0718
-74.0527
-74.038
-74.0278
-74.0213
-74.0162
-74.0106
-74.0052
-74.0013
-73.9959
-73.9841
-73.9678
-73.9557
-73.9505
-73.9535
-73.9669
-73.9827
-73.9941
-74.0012
-74.0106
-74.02
-74.0282
-74.0309
-74.028
-74.0232
-74.0218
-74.0186
-74.019
-74.0272
-74.0319
-74.0327
-74.0399
-74.0465
-74.0476
-74.0436
-74.0352
-74.0282
-74.0243
-74.0217
-74.017
-74.0129
-74.0108
-74.0193
-74.032
-74.0409
-74.0507
-74.0574
-74.0577
-74.0597
-74.0619
-74.0583
-74.0524
-74.0486
-74.048
-74.0418
-74.0284
-74.0097
-73.9912
-73.971
-73.9509
-73.9309
-73.9079
-73.8833
-73.8613
-73.8432
-73.8325
-73.8262
-73.8292
-73.834
-73.8307
-73.8208
-73.8095
-73.7983
-73.7986
-73.8138
-73.8271
-73.8328
-73.8362
-73.8336
-73.8278
-73.8258
-73.8233
-73.8145
-73.7992
-73.7791
-73.7556
-73.7324
-73.7145
-73.7003
-73.6884
-73.6746
-73.6564
-73.6401
-73.6342
-73.6347
-73.6327
-73.6233
-73.6075
-73.5875
-73.5725
-73.5636
-73.5515
-73.5342
-73.5129
-73.4895
-73.4716
-73.4617
-73.4592
-73.4596
-73.4555
-73.4449
-73.4438
-73.4511
-73.4518
-73.4443
-73.437
-73.4279
-73.4139
-73.4017
-73.3902
-73.3855
-73.389
-73.3932
-73.3902
-73.3797
-73.3637
-73.3438
-73.3212
-73.2967
-73.2749
-73.2642
-73.2712
-73.2967
-73.3208
-73.339
-73.3484
-73.3473
-73.3382
-73.3266
-73.321
-73.3272
-73.332
-73.3342
-73.3341
-73.3271
-73.3141
-73.2966
-73.276
-73.2532
-73.2288
-73.2033
-73.1771
-73.164
-73.1605
-73.1531
-73.14
-73.1224
-73.1018
-73.079
-73.0548
-73.0354
-73.0227
-73.0082
-72.9902
-72.9696
-72.947
-72.9231
-72.8984
-72.8731
-72.8566
-72.8456
-72.8413
-72.8393
-72.8322
-72.8199
-72.8037
-72.7849
-72.7643
-72.7424
-72.7197
-72.6964
-72.6727
-72.6488
-72.6246
-72.6005
-72.5763
-72.5521
-72.528
-72.5133
-72.5069
-72.4984
-72.486
-72.4706
-72.453
-72.4341
-72.4143
-72.3942
-72.3862
-72.3835
-72.3888
-72.3969
-72.3988
-72.3942
-72.3848
-72.3722
-72.3573
-72.3408
-72.3233
-72.305
-72.2862
-72.267
-72.2476
-72.228
-72.2083
-72.1886
-72.1689
-72.1493
-72.1297
-72.1103
-72.0909
-72.0717
-72.0527
-72.0338
-72.015
-71.9964
-71.9781
-71.9598
-71.9418
-71.924
-71.9063
-71.8889
-71.8716
-71.8545
-71.8376
-71.8209
-71.8044
-71.788
-71.7719
-71.7559
-71.7402
-71.7246
-71.7092
-71.6939
-71.6789
-71.664
-71.6493
-71.6348
-71.6205
-71.6063
-71.5923
-71.5785
-71.5648
-71.5513
-71.538
-71.5248
-71.5118
-71.499
-71.4863
-71.4738
-71.4614
-71.4492
-71.4371
-71.4252
-71.4134
-71.4017
-71.3903
-71.3789
-71.3677
-71.3567
-71.3457
-71.3349
-71.3243
-71.3138
-71.3034
-71.2932
-71.2831
-71.2731
-71.2633
-71.2536
-71.244
-71.2345
-71.2251
-71.2159
-71.2068
-71.1978
-71.1889
-71.1802
-71.1715
-71.163
-71.1546
-71.1463
-71.1381
-71.13
-71.122
-71.1141
-71.1063
-71.0987
-71.0911
-71.0836
-71.0762
-71.069
-71.0618
-71.0547
-71.0477
-71.0408
-71.034
-71.0273
-71.0207
-71.0141
-71.0077
-71.0013
-70.9951
-70.9889
-70.9828
-70.9768
-70.9708
-70.965
-70.9592
-70.9535
-70.9479
-70.9424
-70.9369
-70.9315
-70.9262
-70.921
-70.9158
-70.9107
-70.9057
-70.9008
-70.8959
-70.8911
-70.8863
-70.8817
-70.8771
-70.8725
-70.868
-70.8636
-70.8593
-70.855
-70.8508
-70.8466
-70.8425
-70.8385
-70.8345
-70.8306
-70.8267
-70.8229
-70.8191
-70.8154
-70.8118
-70.8082
-70.8047
-70.8012
-70.7978
-70.7944
-70.7911
-70.7878
-70.7845
-70.7814
-70.7782
-70.7752
-70.7721
-70.7691
-70.7662
-70.7633
-70.7604
-70.7576
-70.7549
-70.7521
-70.7495
-70.7468
-70.7442
-70.7417
-70.7392
-70.7367
-70.7343
-70.7319
-70.7295
-70.7272
-70.7249
-70.7227
-70.7205
-70.7183
-70.7162
-70.7141
-70.712
-70.71
-70.708
-70.706
-70.7041
-70.7022
-70.7003
-70.6985
-70.6967
-70.6949
-70.6932
-70.6915
-70.6898
-70.6882
-70.6866
-70.685
-70.6834
-70.6819
-70.6804
-70.6789
-70.6774
-70.676
-70.6746
-70.6732
-70.6719
-70.6705
-70.6692
-70.668
-70.6667
-70.6655
-70.6643
-70.6631
-70.6619
-70.6608
-70.6597
-70.6586
-70.6575
-70.6564
-70.6554
-70.6544
-70.6534
-70.6524
-70.6515
-70.6506
-70.6497
-70.6488
-70.6479
-70.647
-70.6462
-70.6454
-70.6446
-70.6438
-70.643
-70.6423
-70.6415
-70.6408
-70.6401
-70.6394
-70.6388
-70.6381
-70.6375
-70.6368
-70.6362
-70.6356
-70.635
-70.6345
-70.6339
-70.6334
-70.6329
-70.6324
-70.6319
-70.6314
-70.6309
-70.6304
-70.63
-70.6295
-70.6291
-70.6287
-70.6283
-70.6279
-70.6275
-70.6272
-70.6268
-70.6265
-70.6261
-70.6258
-70.6255
-70.6252
-70.6249
-70.6246
-70.6243
-70.6241
-70.6238
-70.6236
-70.6233
-70.6231
-70.6229
-70.6226
-70.6224
-70.6222
-70.6221
-70.6219
-70.6217
-70.6215
-70.6214
-70.6212
-70.6211
-70.621
-70.6208
-70.6207
-70.6206
-70.6205
-70.6204
-70.6203
-70.6202
-70.6201
-70.62
-70.62
-70.6199
-70.6198
-70.6198
-70.6198
-70.6197
-70.6197
-70.6196
-70.6196
-70.6196
-70.6196
-70.6196
-70.6196
-70.6196
-70.6196
-70.6196
-70.6196
-70.6196
-70.6196
-70.6197
-70.6197
-70.6197
-70.6198
-70.6198
-70.6199
-70.6199
-70.62
-70.62
-70.6201
-70.6201
-70.6202
-70.6203
-70.6204
-70.6204
-70.6205
-70.6206
-70.6207
-70.6208
-70.6209
-70.621
-70.6211
-70.6212
-70.6213
-70.6214
-70.6215
-70.6216
-70.6217
-70.6218
-70.6219
-70.622
-70.6222
-70.6223
-70.6224
-70.6225
-70.6227
-70.6228
-70.6229
-70.6231
-70.6232
-70.6233
-70.6235
-70.6236
-70.6238
-70.6239
-70.6241
-70.6242
-70.6244
-70.6245
-70.6247
-70.6248
-70.625
-70.6251
-70.6253
-70.6254
-70.6256
-70.6258
-70.6259
-70.6261
-70.6262
-70.6264
-70.6266
-70.6267
-70.6269
-70.6271
-70.6272
-70.6274
-70.6276
-70.6277
-70.6279
-70.6281
-70.6282
-70.6284
-70.6286
-70.6288
-70.6289
-70.6291
-70.6293
-70.6295
-70.6296
-70.6298
-70.63
-70.6302
-70.6303
-70.6305
-70.6307
-70.6309
-70.631
-70.6312
-70.6314
-70.6316
-70.6317
-70.6319
-70.6321
-70.6323
-70.6324
-70.6326
-70.6328
-70.633
-70.6331
-70.6333
-70.6335
-70.6337
-70.6338
-70.634
-70.6342
-70.6344
-70.6345
-70.6347
-70.6349
-70.6351
-70.6352
-70.6354
-70.6356
-70.6358
-70.6359
-70.6361
-70.6363
-70.6365
-70.6366
-70.6368
-70.637
-70.6371
-70.6373
-70.6375
-70.6376
-70.6378
-70.638
-70.6381
-70.6383
-70.6385
-70.6386
-70.6388
-70.639
-70.6391
-70.6393
-70.6395
-70.6396
-70.6398
-70.64
-70.6401
-70.6403
-70.6404
-70.6406
-70.6408
-70.6409
-70.6411
-70.6412
-70.6414
-70.6415
-70.6417
-70.6419
-70.642
-70.6422
-70.6423
-70.6425
-70.6426
-70.6428
-70.6429
-70.6431
-70.6432
-70.6434
-70.6435
-70.6437
-70.6438
-70.644
-70.6441
-70.6443
-70.6444
-70.6445
-70.6447
-70.6448
-70.645
-70.6451

