-70
-70.2123
-70.2926
-70.3252
-70.3404
-70.3491
-70.3555
-70.3609
-70.3659
-70.3708
-70.3757
-70.3805
-70.3853
-70.39
-70.3948
-70.3995
-70.4042
-70.4088
-70.4134
-70.4179
-70.4224
-70.4269
-70.4313
-70.4357
-70.44
-70.4443
-70.4485
-70.4527
-70.4569
-70.461
-70.465
-70.469
-70.473
-70.4769
-70.4808
-70.4846
-70.4884
-70.4921
-70.4958
-70.4995
-70.5031
-70.5067
-70.5102
-70.5137
-70.5172
-70.5206
-70.524
-70.5273
-70.5306
-70.5339
-70.5371
-70.5403
-70.5434
-70.5465
-70.5496
-70.5526
-70.5556
-70.5586
-70.5615
-70.5644
-70.5673
-70.5701
-70.5729
-70.5757
-70.5784
-70.5811
-70.5838
-70.5864
-70.589
-70.5916
-70.5941
-70.5966
-70.5991
-70.6016
-70.604
-70.6064
-70.6087
-70.6111
-70.6134
-70.6157
-70.6179
-70.6201
-70.6223
-70.6245
-70.6266
-70.6287
-70.6308
-70.6329
-70.6349
-70.6369
-70.6389
-70.6409
-70.6428
-70.6448
-70.6466
-70.6485
-70.6503
-70.6522
-70.654
-70.6557
-70.6575
-70.6592
-70.6609
-70.6626
-70.6643
-70.6659
-70.6675
-70.6691
-70.6707
-70.6723
-70.6738
-70.6754
-70.6769
-70.6783
-70.6798
-70.6812
-70.6827
-70.6841
-70.6855
-70.6868
-70.6882
-70.6895
-70.6908
-70.6921
-70.6934
-70.6947
-70.6959
-70.6972
-70.6984
-70.6996
-70.7008
-70.702
-70.7031
-70.7042
-70.7054
-70.7065
-70.7076
-70.7087
-70.7097
-70.7108
-70.7118
-70.7128
-70.7138
-70.7148
-70.7158
-70.7168
-70.7177
-70.7187
-70.7196
-70.7205
-70.7214
-70.7223
-70.7232
-70.7241
-70.7249
-70.7258
-70.7266
-70.7274
-70.7282
-70.729
-70.7298
-70.7306
-70.7314
-70.7321
-70.7329
-70.7336
-70.7343
-70.735
-70.7357
-70.7364
-70.7371
-70.7378
-70.7384
-70.7391
-70.7397
-70.7404
-70.741
-70.7416
-70.7422
-70.7428
-70.7434
-70.744
-70.7446
-70.7451
-70.7457
-70.7462
-70.7468
-70.7473
-70.7478
-70.7484
-70.7489
-70.7494
-70.7499
-70.7504
-70.7508
-70.7513
-70.7518
-70.7522
-70.7527
-70.7531
-70.7536
-70.754
-70.7544
-70.7549
-70.7553
-70.7557
-70.7561
-70.7565
-70.7569
-70.7573
-70.7576
-70.758
-70.7584
-70.7587
-70.7591
-70.7594
-70.7598
-70.7601
-70.7605
-70.7608
-70.7611
-70.7614
-70.7617
-70.7621
-70.7624
-70.7627
-70.763
-70.7632
-70.7635
-70.7638
-70.7641
-70.7644
-70.7646
-70.7649
-70.7651
-70.7654
-70.7656
-70.7659
-70.7661
-70.7664
-70.7666
-70.7668
-70.7671
-70.7673
-70.7675
-70.7677
-70.7679
-70.7681
-70.7684
-70.7686
-70.7688
-70.769
-70.7691
-70.7693
-70.7695
-70.7697
-70.7699
-70.7701
-70.7702
-70.7704
-70.7706
-70.7707
-70.7709
-70.7711
-70.7712
-70.7714
-70.7715
-70.7717
-70.7718
-70.772
-70.7721
-70.7722
-70.7724
-70.7725
-70.7726
-70.7728
-70.7729
-70.773
-70.7731
-70.7733
-70.7734
-70.7735
-70.7736
-70.7737
-70.7738
-70.7739
-70.774
-70.7741
-70.7742
-70.7743
-70.7744
-70.7745
-70.7746
-70.7747
-70.7748
-70.7749
-70.775
-70.7751
-70.7751
-70.7752
-70.7753
-70.7754
-70.7755
-70.7755
-70.7756
-70.7757
-70.7758
-70.7758
-70.7759
-70.776
-70.776
-70.7761
-70.7762
-70.7762
-70.7763
-70.7763
-70.7764
-70.7765
-70.7765
-70.7766
-70.7766
-70.7767
-70.7767
-70.7768
-70.7768
-70.7769
-70.7769
-70.777
-70.777
-70.7771
-70.7771
-70.7771
-70.7772
-70.7772
-70.7773
-70.7773
-70.7773
-70.7774
-70.7774
-70.7774
-70.7775
-70.7775
-70.7775
-70.7776
-70.7776
-70.7776
-70.7777
-70.7777
-70.7777
-70.7777
-70.7778
-70.7778
-70.7778
-70.7778
-70.7779
-70.7779
-70.7779
-70.7779
-70.778
-70.778
-70.778
-70.778
-70.778
-70.7781
-70.7781
-70.7781
-70.7781
-70.7781
-70.7781
-70.7782
-70.7782
-70.7782
-70.7782
-70.7782
-70.7782
-70.7782
-70.7783
-70.7783
-70.7783
-70.7783
-70.7783
-70.7783
-70.7783
-70.7783
-70.7783
-70.7783
-70.7784
-70.7784
-70.7784
-70.7784
-70.7784
-70.7784
-70.7784
-70.7784
-70.7784
-70.7784
-70.7784
-70.7784
-70.7784
-70.7784
-70.7784
-70.7784
-70.7784
-70.7784
-70.7784
-70.7785
-70.7785
-70.7785
-70.7785
-70.7785
-70.7785
-70.7785
-70.7785
-70.7785
-70.7785
-70.7785
-70.7785
-70.7785
-70.7785
-70.7785
-70.7785
-70.7785
-70.7785
-70.7785
-70.7785
-70.7785
-70.7785
-70.7785
-70.7785
-70.7785
-70.7785
-70.7785
-70.7785
-70.7785
-70.7785
-70.7785
-70.7784
-70.7784
-70.7784
-70.7784
-70.7784
-70.7784
-70.7784
-70.7784
-70.7784
-70.7784
-70.7784
-70.7784
-70.7784
-70.7784
-70.7784
-70.7784
-70.7784
-70.7784
-70.7784
-70.7784
-70.7784
-70.7784
-70.7784
-70.7784
-70.7784
-70.7784
-70.7784
-70.7784
-70.7784
-70.7783
-70.7783
-70.7783
-70.7783
-70.7783
-70.7783
-70.7783
-70.7847
-70.919
-71.441
-72.279
-73.1704
-73.7534
-74.0527
-56.2459
-51.8135
-49.4723
-45.335
11.9278
-35.5218
-70.0744
-69.9621
-68.7422
-67.4377
-66.0859
-64.7227
-63.385
-62.1076
-60.9205
-59.8468
-58.9016
-57.8619
-57.0178
-56.3631
-55.8413
-55.4251
-55.0984
-54.8359
-54.5978
-54.4233
-54.3008
-54.2155
-54.1566
-54.1165
-54.0721
-54.0352
-54.0137
-54.0028
-53.9987
-53.9989
-54.0021
-53.9987
-53.9864
-53.981
-53.9811
-53.9843
-53.9892
-53.9952
-54.0018
-54.0088
-53.9994
-53.9905
-53.988
-53.9893
-53.9927
-53.9973
-54.0024
-54.008
-54.0138
-54.0199
-54.0263
-54.0183
-54.0024
-53.9955
-53.9944
-53.996
-53.9991
-54.0028
-54.0069
-54.0112
-54.0156
-54.0202
-54.0249
-54.0295
-54.0335
-54.0371
-54.0401
-54.0424
-54.0097
-53.9883
-53.9797
-53.9758
-53.9726
-53.9674
-53.956
-53.9222
-53.6063
-53.2784
-53.3774
-53.5163
-53.6176
-53.6813
-53.7188
-53.7402
-53.7523
-53.7601
-53.7669
-53.7751
-53.7868
-53.8036
-53.8277
-53.8618
-53.9089
-53.9712
-54.0335
-54.0424
-54.0405
-54.0394
-54.0411
-54.0458
-54.0536
-54.0639
-54.0763
-54.0907
-54.1071
-54.1258
-54.1467
-54.17
-54.1958
-54.2243
-54.2555
-54.2897
-54.3272
-54.3684
-54.4135
-54.4627
-54.5163
-54.5747
-54.6382
-54.7072
-54.7821
-54.8633
-54.9518
-55.0478
-55.1519
-55.2643
-55.3854
-55.5152
-55.6543
-55.8033
-55.2952
-54.0764
-53.8026
-53.7891
-53.8381
-53.895
-53.9462
-53.9898
-54.0269
-54.0592
-54.0879
-54.1144
-54.1395
-54.1641
-54.1888
-54.214
-54.24
-54.2673
-54.2965
-54.3304
-54.3674
-54.4062
-54.4472
-54.4909
-54.5378
-54.5883
-54.6427
-54.7018
-54.7693
-54.8455
-54.93
-55.0186
-55.1115
-55.21
-55.3147
-55.4259
-55.5439
-55.6695
-55.808
-55.9579
-56.1273
-56.3072
-56.491
-55.9673
-54.0312
-53.6316
-53.6206
-53.6966
-53.7792
-53.8501
-53.9075
-53.9544
-53.9928
-54.0248
-54.0523
-54.0768
-54.0993
-54.1209
-54.1422
-54.164
-54.1873
-54.2117
-54.2394
-54.269
-54.2996
-54.3316
-54.3656
-54.402
-54.4412
-54.4834
-54.53
-54.5831
-54.6398
-54.7042
-54.7783
-54.8555
-54.9356
-55.0199
-55.1094
-55.2047
-55.3063
-55.4144
-55.5369
-55.6686
-55.805
-55.9626
-56.138
-56.3146
-56.4921
-56.6723
-56.8569
-57.0466
-57.2422
-57.4479
-57.6773
-57.911
-54.847
-53.5158
-53.3367
-53.429
-53.5642
-53.6835
-53.7778
-53.8507
-53.9074
-53.9524
-53.9896
-54.0209
-54.0479
-54.0724
-54.0969
-54.1209
-54.1442
-54.1674
-54.191
-54.2157
-54.2416
-54.2691
-54.3005
-54.3353
-54.3721
-54.4111
-54.4553
-54.5082
-54.5649
-54.6233
-54.6845
-54.7496
-54.8231
-54.9047
-54.9908
-55.0817
-55.1795
-55.291
-55.4116
-55.5457
-54.2327
-53.8234
-53.7728
-53.8087
-53.8584
-53.9035
-53.9411
-53.9723
-53.9989
-54.0216
-54.0417
-54.0601
-54.0784
-54.0964
-54.1143
-54.1335
-54.1539
-54.1749
-54.197
-54.2218
-54.249
-54.2778
-54.3084
-54.3413
-54.378
-54.4272
-54.511
-54.6291
-54.7644
-54.8858
-54.9962
-55.1111
-55.2303
-55.3548
-55.5082
-55.7538
-56.1037
-56.4847
-56.8098
-57.0867
-57.3468
-57.6148
-57.8936
-58.1854
-58.5319
-58.9554
-59.4388
-59.9473
-60.4282
-60.8777
-61.3124
-61.7456
-62.1808
-62.6221
-63.0967
-63.6123
-64.1659
-64.7379
-65.2914
-65.8072
-66.287
-66.745
-67.1824
-67.602
-68.0177
-68.4429
-68.8816
-69.3231
-69.7444
-70.1337
-70.4849
-70.7998
-71.0859
-71.3491
-71.5955
-71.8354
-72.076
-72.3179
-72.5509
-72.7614
-72.9497
-73.1156
-73.2584
-73.3821
-73.4917
-73.5927
-73.692
-73.7936
-73.8954
-73.9935
-74.079
-74.1535
-74.219
-74.2733
-74.3174
-74.3546
-74.3878
-74.4216
-74.4584
-74.4967
-74.5348
-74.568
-74.5943
-74.6171
-74.6358
-74.6492
-74.6584
-74.6653
-74.6728
-74.6845
-74.6987
-74.7146
-74.73
-74.7414
-74.7489
-74.7546
-74.7579
-74.759
-74.7576
-74.7551
-74.7549
-74.7592
-74.7654
-74.7726
-74.78
-74.7842
-74.7853
-74.7848
-74.7829
-74.7804
-74.7777
-74.774
-74.7726
-74.7752
-74.779
-74.7832
-74.7876
-74.7902
-74.7897
-74.786
-74.7821
-74.7776
-74.7736
-74.7708
-74.7686
-74.7696
-74.7716
-74.7749
-74.7778
-74.7807
-74.7817
-74.7794
-74.7742
-74.7688
-74.7654
-74.7618
-74.7598
-74.7615
-74.7638
-74.765
-74.7668
-74.7686
-74.7704
-74.7713
-74.769
-74.7638
-74.7568
-74.7508
-74.747
-74.7435
-74.7442
-74.7487
-74.7522
-74.7536
-74.7552
-74.7567
-74.7581
-74.7585
-74.7564
-74.7518
-74.7454
-74.7388
-74.7335
-74.7309
-74.7318
-74.7353
-74.7395
-74.7421
-74.7436
-74.745
-74.7464
-74.747
-74.7446
-74.74
-74.7339
-74.7268
-74.7202
-74.7162
-74.7148
-74.7175
-74.7202
-74.7239
-74.7263
-74.7298
-74.7327
-74.736
-74.7376
-74.7352
-74.7295
-74.7226
-74.7165
-74.7095
-74.7047
-74.7032
-74.7032
-74.7052
-74.7077
-74.7098
-74.7114
-74.7166
-74.7203
-74.723
-74.7241
-74.7202
-74.7134
-74.7066
-74.7007
-74.6956
-74.6906
-74.6879
-74.6887
-74.6881
-74.689
-74.6923
-74.6937
-74.6978
-74.7036
-74.7078
-74.7103
-74.7107
-74.7065
-74.6999
-74.6933
-74.6875
-74.6843
-74.6802
-74.6757
-74.6751
-74.6752
-74.6734
-74.6741
-74.6754
-74.6778
-74.6829
-74.686
-74.6885
-74.6909
-74.6908
-74.6883
-74.6823
-74.676
-74.6716
-74.669
-74.6655
-74.662
-74.6598
-74.6589
-74.6576
-74.6573
-74.6557
-74.6555
-74.6596
-74.6657
-74.6679
-74.6703
-74.6719
-74.6735
-74.6718
-74.6667
-74.6623
-74.6591
-74.6552
-74.6515
-74.6496
-74.6497
-74.6461
-74.6422
-74.6416
-74.64
-74.6367
-74.634
-74.6339
-74.6373
-74.6405
-74.6444
-74.647
-74.6474
-74.647
-74.6457
-74.6436
-74.6408
-74.6354
-74.6304
-74.6294
-74.6306
-74.6323
-74.6305
-74.6264
-74.6222
-74.6166
-74.612
-74.6098
-74.6083
-74.6095
-74.6116
-74.615
-74.6191
-74.6239
-74.6244
-74.6251
-74.6262
-74.6249
-74.6201
-74.6142
-74.6087
-74.6049
-74.6075
-74.6146
-74.6173
-74.6154
-74.6093
-74.6009
-74.5916
-74.585
-74.5799
-74.5783
-74.5795
-74.5807
-74.5807
-74.5812
-74.5817
-74.5848
-74.5898
-74.5937
-74.5973
-74.596
-74.5915
-74.5838
-74.5763
-74.5703
-74.5715
-74.5773
-74.5838
-74.5868
-74.5826
-74.5782
-74.5743
-74.5656
-74.5551
-74.5486
-74.543
-74.5408
-74.5407
-74.5433
-74.5446
-74.5451
-74.5453
-74.5481
-74.5552
-74.5603
-74.5613
-74.5626
-74.5631
-74.5595
-74.5534
-74.5486
-74.5463
-74.5445
-74.5437
-74.5446
-74.5448
-74.5461
-74.5462
-74.5433
-74.5382
-74.5316
-74.5234
-74.5145
-74.5055
-74.4976
-74.4956
-74.4944
-74.4932
-74.494
-74.496
-74.5026
-74.5115
-74.5165
-74.5189
-74.5178
-74.513
-74.5071
-74.504
-74.5031
-74.5051
-74.5056
-74.5033
-74.501
-74.4997
-74.498
-74.4935
-74.4862
-74.4777
-74.4682
-74.4638
-74.4679
-74.471
-74.4695
-74.464
-74.4569
-74.4507
-74.4444
-74.4367
-74.4286
-74.4221
-74.4227
-74.4246
-74.4317
-74.4443
-74.4555
-74.4648
-74.4692
-74.4696
-74.4687
-74.4675
-74.4658
-74.4591
-74.4487
-74.4433
-74.4383
-74.4341
-74.4325
-74.4328
-74.4366
-74.4399
-74.4403
-74.4358
-74.4275
-74.4138
-74.3968
-74.3843
-74.3826
-74.3808
-74.3775
-74.3787
-74.3826
-74.3813
-74.374
-74.3692
-74.3638
-74.3611
-74.3574
-74.3539
-74.3475
-74.3456
-74.3507
-74.3591
-74.367
-74.3723
-74.3781
-74.388
-74.3967
-74.3989
-74.3981
-74.4004
-74.4022
-74.3978
-74.3929
-74.3868
-74.3777
-74.3638
-74.354
-74.3517
-74.347
-74.3415
-74.3419
-74.3422
-74.3421
-74.335
-74.326
-74.3199
-74.3209
-74.3175
-74.3068
-74.2927
-74.2791
-74.2693
-74.2572
-74.245
-74.2289
-74.2143
-74.2063
-74.2015
-74.1977
-74.1938
-74.1901
-74.1874
-74.1881
-74.1898
-74.1903
-74.1899
-74.1973
-74.2078
-74.2162
-74.2259
-74.2341
-74.2438
-74.2504
-74.2493
-74.247
-74.2474
-74.251
-74.2552
-74.2599
-74.2637
-74.2638
-74.2581
-74.2509
-74.2481
-74.2445
-74.2371
-74.2338
-74.2313
-74.2282
-74.2244
-74.2181
-74.2119
-74.2088
-74.2115
-74.2137
-74.2084
-74.202
-74.194
-74.1838
-74.1758
-74.1672
-74.1607
-74.1502
-74.1337
-74.118
-74.105
-74.0936
-74.0807
-74.0656
-74.0521
-74.0403
-74.0287
-74.0203
-74.0129
-74.005
-73.9915
-73.9759
-73.9677
-73.9572
-73.9408
-73.9228
-73.904
-73.8859
-73.8742
-73.8699
-73.8729
-73.888
-73.9138
-73.9415
-73.9717
-73.9944
-74.004
-74.0021
-73.996
-73.9915
-73.996
-74.0097
-74.0286
-74.0462
-74.0546
-74.0588
-74.0571
-74.0541
-74.0456
-74.0342
-74.0198
-74.0076
-74.0032
-74.0067
-74.0057
-74.0065
-74.0108
-74.0123
-74.0065
-73.9975
-73.9885
-73.987
-73.9893
-73.9928
-73.9962
-73.9984
-74.002
-74.0118
-74.0174
-74.0174
-74.0148
-74.009
-73.9992
-73.9873
-73.9849
-73.9848
-73.9885
-73.9925
-73.9901
-73.9796
-73.9701
-73.9605
-73.9457
-73.9334
-73.9283
-73.925
-73.9154
-73.9021
-73.896
-73.8948
-73.8893
-73.8766
-73.8583
-73.8369
-73.8181
-73.8009
-73.7854
-73.7722
-73.7564
-73.7363
-73.7128
-73.6875
-73.6666
-73.6457
-73.6222
-73.6006
-73.5923
-73.5884
-73.5792
-73.5638
-73.5439
-73.5324
-73.5334
-73.5304
-73.5205
-73.5116
-73.5005
-73.4846
-73.4647
-73.4419
-73.4171
-73.3908
-73.3635
-73.3419
-73.3335
-73.3243
-73.3101
-73.2914
-73.2697
-73.2509
-73.2369
-73.2206
-73.2011
-73.1793
-73.1639
-73.1581
-73.1537
-73.1484
-73.1455
-73.1504
-73.1708
-73.185
-73.1881
-73.1823
-73.1728
-73.1694
-73.1739
-73.183
-73.1861
-73.1811
-73.1753
-73.1716
-73.1677
-73.1704
-73.1755
-73.1741
-73.1721
-73.1704
-73.1632
-73.1507
-73.1342
-73.1149
-73.0937
-73.0711
-73.0494
-73.0368
-73.0246
-73.0092
-72.9907
-72.9701
-72.9479
-72.9247
-72.9008
-72.8764
-72.8566
-72.8573
-72.8604
-72.8571
-72.8476
-72.8354
-72.8414
-72.8515
-72.862
-72.8796
-72.8958
-72.9025
-72.9004
-72.8921
-72.8793
-72.8636
-72.8458
-72.8264
-72.8059
-72.7847
-72.7628
-72.7405
-72.7179
-72.6951
-72.6736
-72.6644
-72.6575
-72.6471
-72.6332
-72.6168
-72.5986
-72.5793
-72.5592
-72.5386
-72.5177
-72.4966
-72.4754
-72.4542
-72.433
-72.4119
-72.3908
-72.3699
-72.3491
-72.3285
-72.3166
-72.3156
-72.3126
-72.3053
-72.2945
-72.2812
-72.2664
-72.2504
-72.2338
-72.2167
-72.1993
-72.1818
-72.1641
-72.1465
-72.1288
-72.1112
-72.0936
-72.0762
-72.0589
-72.0417
-72.0247
-72.0078
-71.9911
-71.9745
-71.9582
-71.9419
-71.9259
-71.91
-71.8943
-71.8788
-71.8635
-71.8483
-71.8333
-71.8185
-71.8039
-71.7894
-71.7752
-71.761
-71.7471
-71.7333
-71.7197
-71.7063
-71.693
-71.6799
-71.667
-71.6542
-71.6416
-71.6291
-71.6168
-71.6047
-71.5927
-71.5808
-71.5691
-71.5576
-71.5462
-71.535
-71.5238
-71.5129
-71.502
-71.4914
-71.4808
-71.4704
-71.4601
-71.45
-71.44
-71.4301
-71.4203
-71.4107
-71.4012
-71.3918
-71.3826
-71.3734
-71.3644
-71.3555
-71.3467
-71.3381
-71.3295
-71.3211
-71.3128
-71.3046
-71.2965
-71.2886
-71.2807
-71.273
-71.2653
-71.2578
-71.2503
-71.243
-71.2357
-71.2286
-71.2215
-71.2146
-71.2077
-71.2009
-71.1943
-71.1877
-71.1812
-71.1748
-71.1685
-71.1622
-71.1561
-71.15
-71.1441
-71.1382
-71.1324
-71.1267
-71.121
-71.1154
-71.1099
-71.1045
-71.0992
-71.0939
-71.0887
-71.0836
-71.0786
-71.0736
-71.0687
-71.0639
-71.0591
-71.0544
-71.0498
-71.0452
-71.0407
-71.0363
-71.0319
-71.0276
-71.0234
-71.0192
-71.0151
-71.011
-71.007
-71.0031
-70.9992
-70.9953
-70.9916
-70.9878
-70.9842
-70.9806
-70.977
-70.9735
-70.97
-70.9666
-70.9633
-70.96
-70.9567
-70.9535
-70.9504
-70.9472
-70.9442
-70.9412
-70.9382
-70.9353
-70.9324
-70.9295
-70.9267
-70.924
-70.9213
-70.9186
-70.916
-70.9134
-70.9108
-70.9083
-70.9058
-70.9034
-70.901
-70.8986
-70.8963
-70.894
-70.8918
-70.8896
-70.8874
-70.8852
-70.8831
-70.881
-70.879
-70.877
-70.875
-70.873
-70.8711
-70.8692
-70.8674
-70.8655
-70.8637
-70.8619
-70.8602
-70.8585
-70.8568
-70.8551
-70.8535
-70.8519
-70.8503
-70.8488
-70.8472
-70.8457
-70.8442
-70.8428
-70.8414
-70.84
-70.8386
-70.8372
-70.8359
-70.8346
-70.8333
-70.832
-70.8307
-70.8295
-70.8283
-70.8271
-70.8259
-70.8248
-70.8237
-70.8226
-70.8215
-70.8204
-70.8194
-70.8183
-70.8173
-70.8163
-70.8153
-70.8144
-70.8134
-70.8125
-70.8116
-70.8107
-70.8098
-70.8089
-70.8081
-70.8073
-70.8064
-70.8056
-70.8048
-70.8041
-70.8033
-70.8026
-70.8018
-70.8011
-70.8004
-70.7997
-70.799
-70.7984
-70.7977
-70.7971
-70.7964
-70.7958
-70.7952
-70.7946
-70.794
-70.7935
-70.7929
-70.7924
-70.7918
-70.7913
-70.7908
-70.7903
-70.7898
-70.7893
-70.7888
-70.7883
-70.7879
-70.7874
-70.787
-70.7865
-70.7861
-70.7857
-70.7853
-70.7849
-70.7845
-70.7841
-70.7838
-70.7834
-70.783
-70.7827
-70.7823
-70.782
-70.7817
-70.7814
-70.781
-70.7807
-70.7804
-70.7802
-70.7799
-70.7796
-70.7793
-70.779
-70.7788
-70.7785
-70.7783
-70.778
-70.7778
-70.7776
-70.7773
-70.7771
-70.7769
-70.7767
-70.7765
-70.7763
-70.7761
-70.7759
-70.7757
-70.7755
-70.7754
-70.7752
-70.775
-70.7749
-70.7747
-70.7746
-70.7744
-70.7743
-70.7741
-70.774
-70.7738
-70.7737
-70.7736
-70.7735
-70.7733
-70.7732
-70.7731
-70.773
-70.7729
-70.7728
-70.7727
-70.7726
-70.7725
-70.7724
-70.7723
-70.7723
-70.7722
-70.7721
-70.772
-70.772
-70.7719
-70.7718
-70.7718
-70.7717
-70.7716
-70.7716
-70.7715
-70.7715
-70.7714
-70.7714
-70.7713
-70.7713
-70.7712
-70.7712
-70.7712
-70.7711
-70.7711
-70.7711
-70.771
-70.771
-70.771
-70.7709
-70.7709
-70.7709
-70.7709
-70.7709
-70.7708
-70.7708
-70.7708
-70.7708
-70.7708
-70.7708
-70.7708
-70.7708
-70.7708
-70.7708
-70.7708
-70.7708
-70.7708
-70.7708
-70.7708
-70.7708
-70.7708
-70.7708
-70.7708
-70.7708
-70.7708
-70.7708
-70.7708
-70.7708
-70.7708
-70.7708
-70.7708
-70.7709
-70.7709
-70.7709
-70.7709
-70.7709
-70.7709
-70.771
-70.771
-70.771
-70.771
-70.771
-70.7711
-70.7711
-70.7711
-70.7711
-70.7711
-70.7712
-70.7712
-70.7712
-70.7712
-70.7713
-70.7713
-70.7713
-70.7713
-70.7714
-70.7714
-70.7714
-70.7715
-70.7715
-70.7715
-70.7715
-70.7716
-70.7716
-70.7716
-70.7717
-70.7717
-70.7717
-70.7718
-70.7718
-70.7718
-70.7718
-70.7719
-70.7719
-70.7719
-70.772
-70.772
-70.772
-70.7721
-70.7721
-70.7721
-70.7722
-70.7722
-70.7722
-70.7723
-70.7723
-70.7723
-70.7724
-70.7724
-70.7724
-70.7725
-70.7725
-70.7725
-70.7726
-70.7726
-70.7726
-70.7727
-70.7727
-70.7727
-70.7728
-70.7728
-70.7728
-70.7729
-70.7729
-70.7729
-70.773
-70.773
-70.773
-70.7731
-70.7731
-70.7731
-70.7732
-70.7732
-70.7732
-70.7733
-70.7733
-70.7733
-70.7734
-70.7734
-70.7734
-70.7735
-70.7735
-70.7735
-70.7735
-70.7736
-70.7736
-70.7736
-70.7737
-70.7737
-70.7737
-70.7738
-70.7738
-70.7738
-70.7739
-70.7739
-70.7739
-70.774
-70.774
-70.774

