-70
-70.1661
-70.23
-70.2566
-70.2695
-70.2773
-70.283
-70.2879
-70.2925
-70.297
-70.3014
-70.3057
-70.31
-70.3142
-70.3185
-70.3226
-70.3268
-70.3309
-70.335
-70.3391
-70.3431
-70.3471
-70.351
-70.3549
-70.3588
-70.3626
-70.3664
-70.3701
-70.3738
-70.3775
-70.3811
-70.3847
-70.3883
-70.3918
-70.3953
-70.3987
-70.4021
-70.4055
-70.4088
-70.4121
-70.4154
-70.4186
-70.4218
-70.4249
-70.428
-70.4311
-70.4341
-70.4372
-70.4401
-70.4431
-70.446
-70.4489
-70.4517
-70.4545
-70.4573
-70.4601
-70.4628
-70.4655
-70.4682
-70.4708
-70.4734
-70.476
-70.4785
-70.481
-70.4835
-70.486
-70.4884
-70.4908
-70.4932
-70.4955
-70.4978
-70.5001
-70.5024
-70.5046
-70.5068
-70.509
-70.5112
-70.5133
-70.5154
-70.5175
-70.5196
-70.5216
-70.5236
-70.5256
-70.5276
-70.5295
-70.5315
-70.5334
-70.5352
-70.5371
-70.5389
-70.5407
-70.5425
-70.5443
-70.5461
-70.5478
-70.5495
-70.5512
-70.5528
-70.5545
-70.5561
-70.5577
-70.5593
-70.5609
-70.5624
-70.5639
-70.5655
-70.5669
-70.5684
-70.5699
-70.5713
-70.5727
-70.5741
-70.5755
-70.5769
-70.5782
-70.5796
-70.5809
-70.5822
-70.5835
-70.5848
-70.586
-70.5873
-70.5885
-70.5897
-70.5909
-70.5921
-70.5932
-70.5944
-70.5955
-70.5966
-70.5977
-70.5988
-70.5999
-70.601
-70.602
-70.603
-70.6041
-70.6051
-70.6061
-70.6071
-70.608
-70.609
-70.6099
-70.6109
-70.6118
-70.6127
-70.6136
-70.6145
-70.6154
-70.6162
-70.6171
-70.6179
-70.6187
-70.6196
-70.6204
-70.6212
-70.622
-70.6227
-70.6235
-70.6242
-70.625
-70.6257
-70.6265
-70.6272
-70.6279
-70.6286
-70.6293
-70.6299
-70.6306
-70.6313
-70.6319
-70.6325
-70.6332
-70.6338
-70.6344
-70.635
-70.6356
-70.6362
-70.6368
-70.6374
-70.6379
-70.6385
-70.639
-70.6396
-70.6401
-70.6406
-70.6411
-70.6417
-70.6422
-70.6427
-70.6431
-70.6436
-70.6441
-70.6446
-70.645
-70.6455
-70.6459
-70.6464
-70.6468
-70.6472
-70.6476
-70.6481
-70.6485
-70.6489
-70.6493
-70.6497
-70.65
-70.6504
-70.6508
-70.6512
-70.6515
-70.6519
-70.6522
-70.6526
-70.6529
-70.6533
-70.6536
-70.6539
-70.6542
-70.6545
-70.6549
-70.6552
-70.6555
-70.6558
-70.656
-70.6563
-70.6566
-70.6569
-70.6572
-70.6574
-70.6577
-70.658
-70.6582
-70.6585
-70.6587
-70.6589
-70.6592
-70.6594
-70.6597
-70.6599
-70.6601
-70.6603
-70.6605
-70.6607
-70.661
-70.6612
-70.6614
-70.6616
-70.6617
-70.6619
-70.6621
-70.6623
-70.6625
-70.6627
-70.6628
-70.663
-70.6632
-70.6633
-70.6635
-70.6637
-70.6638
-70.664
-70.6641
-70.6643
-70.6644
-70.6646
-70.6647
-70.6648
-70.665
-70.6651
-70.6652
-70.6653
-70.6655
-70.6656
-70.6657
-70.6658
-70.6659
-70.666
-70.6662
-70.6663
-70.6664
-70.6665
-70.6666
-70.6667
-70.6668
-70.6669
-70.667
-70.667
-70.6671
-70.6672
-70.6673
-70.6674
-70.6675
-70.6675
-70.6676
-70.6677
-70.6678
-70.6678
-70.6679
-70.668
-70.668
-70.6681
-70.6682
-70.6682
-70.6683
-70.6683
-70.6684
-70.6685
-70.6685
-70.6686
-70.6686
-70.6687
-70.6687
-70.6688
-70.6688
-70.6688
-70.6689
-70.6689
-70.669
-70.669
-70.669
-70.6691
-70.6691
-70.6691
-70.6692
-70.6692
-70.6692
-70.6693
-70.6693
-70.6693
-70.6694
-70.6694
-70.6694
-70.6694
-70.6694
-70.6695
-70.6695
-70.6695
-70.6695
-70.6695
-70.6696
-70.6696
-70.6696
-70.6696
-70.6696
-70.6696
-70.6696
-70.6697
-70.6697
-70.6697
-70.6697
-70.6697
-70.6697
-70.6697
-70.6697
-70.6697
-70.6697
-70.6697
-70.6697
-70.6697
-70.6697
-70.6697
-70.6697
-70.6697
-70.6697
-70.6697
-70.6697
-70.6697
-70.6697
-70.6697
-70.6697
-70.6697
-70.6697
-70.6697
-70.6697
-70.6697
-70.6697
-70.6697
-70.6697
-70.6697
-70.6697
-70.6697
-70.6696
-70.6696
-70.6696
-70.6696
-70.6696
-70.6696
-70.6696
-70.6696
-70.6696
-70.6695
-70.6695
-70.6695
-70.6695
-70.6695
-70.6695
-70.6695
-70.6695
-70.6694
-70.6694
-70.6694
-70.6694
-70.6694
-70.6694
-70.6693
-70.6693
-70.6693
-70.6693
-70.6693
-70.6693
-70.6693
-70.6692
-70.6692
-70.6692
-70.6692
-70.6692
-70.6691
-70.6691
-70.6691
-70.6691
-70.6691
-70.6691
-70.669
-70.669
-70.669
-70.669
-70.669
-70.6689
-70.6689
-70.6689
-70.6689
-70.6689
-70.6688
-70.6688
-70.6688
-70.6688
-70.6688
-70.6687
-70.6687
-70.6687
-70.6687
-70.6686
-70.6686
-70.6686
-70.6686
-70.6686
-70.6685
-70.6685
-70.6685
-70.6685
-70.6685
-70.6684
-70.6684
-70.6684
-70.6684
-70.6684
-70.6683
-70.6683
-70.6683
-70.6683
-70.6682
-70.6682
-70.6682
-70.6682
-70.6682
-70.6681
-70.6681
-70.6681
-70.6681
-70.6681
-70.6769
-70.9201
-71.6412
-72.5978
-73.3965
-73.9013
-74.1569
-74.2779
-74.3352
-74.3632
-74.3853
-74.4222
-74.479
-74.5473
-74.6077
-74.6456
-74.6617
-74.6648
-74.6612
-74.6535
-74.6459
-74.6496
-74.6704
-74.7029
-74.7341
-74.7532
-74.7583
-74.7547
-74.7462
-74.735
-74.722
-74.7078
-74.6922
-74.6752
-74.6567
-74.6369
-74.6155
-74.5928
-74.5689
-74.5437
-74.5174
-74.4901
-74.4619
-74.4327
-74.4028
-74.372
-74.3406
-74.3087
-74.2761
-74.2431
-74.2097
-74.176
-74.142
-74.1077
-74.0733
-74.0388
-74.0041
-73.9695
-73.9348
-73.9002
-73.8656
-73.8311
-73.7968
-73.7626
-73.7285
-73.6946
-73.6609
-73.6275
-73.5942
-73.5612
-73.5284
-73.4958
-73.4636
-73.4316
-73.3998
-73.3684
-73.3372
-73.3063
-73.2756
-73.2453
-73.2152
-73.1855
-73.156
-73.1267
-73.0978
-73.0691
-73.0408
-73.0127
-72.9848
-72.9573
-72.93
-72.903
-72.8763
-72.8499
-72.8237
-72.7978
-72.7721
-72.7467
-72.7216
-72.6967
-72.6721
-72.6477
-72.6236
-72.5998
-72.5761
-72.5528
-72.5297
-72.5068
-72.4841
-72.4617
-72.4396
-72.4177
-72.396
-72.3745
-72.3533
-72.3323
-72.3115
-72.291
-72.2707
-72.2506
-72.2307
-72.211
-72.1916
-72.1723
-72.1533
-72.1345
-72.1159
-72.0974
-72.0792
-72.0612
-72.0434
-72.0258
-72.0083
-71.9911
-71.974
-71.9572
-71.9405
-71.924
-71.9077
-71.8915
-71.8756
-71.8598
-71.8442
-71.8288
-71.8135
-71.7984
-71.7835
-71.7687
-71.7541
-71.7397
-71.7255
-71.7114
-71.6974
-71.6836
-71.67
-71.6565
-71.6432
-71.63
-71.617
-71.6041
-71.5914
-71.5788
-71.5664
-71.5541
-71.5419
-71.5299
-71.518
-71.5063
-71.4947
-71.4832
-71.4719
-71.4607
-71.4496
-71.4387
-71.4278
-71.4172
-71.4066
-71.3961
-71.3858
-71.3756
-71.3655
-71.3557
-71.362
-71.3781
-71.3901
-71.3962
-71.3978
-71.3962
-71.3924
-71.3871
-71.3808
-71.3738
-71.3704
-71.3775
-71.3842
-71.3871
-71.3866
-71.3836
-71.3789
-71.373
-71.3663
-71.359
-71.3514
-71.352
-71.3583
-71.3623
-71.3628
-71.3606
-71.3565
-71.3511
-71.3449
-71.338
-71.3307
-71.3234
-71.3257
-71.3325
-71.3366
-71.3373
-71.3353
-71.3314
-71.3263
-71.3203
-71.3138
-71.3067
-71.2995
-71.3012
-71.3088
-71.3138
-71.3153
-71.314
-71.3107
-71.3061
-71.3005
-71.2943
-71.2877
-71.2807
-71.2767
-71.2835
-71.2909
-71.2946
-71.295
-71.293
-71.2893
-71.2845
-71.279
-71.2728
-71.2663
-71.2596
-71.2581
-71.2663
-71.2734
-71.2769
-71.2771
-71.2751
-71.2715
-71.2668
-71.2614
-71.2555
-71.2492
-71.2426
-71.2402
-71.2485
-71.2565
-71.2606
-71.2615
-71.26
-71.2568
-71.2525
-71.2474
-71.2418
-71.2358
-71.236
-71.2446
-71.2516
-71.2548
-71.2551
-71.2532
-71.2498
-71.2454
-71.2403
-71.2346
-71.2287
-71.2266
-71.2349
-71.2429
-71.2472
-71.2482
-71.2469
-71.2439
-71.2398
-71.235
-71.2296
-71.2239
-71.2178
-71.2159
-71.225
-71.2504
-71.2823
-71.3061
-71.3213
-71.3463
-71.3766
-71.3992
-71.4171
-71.4549
-71.6503
-72.0542
-72.4595
-72.7596
-72.9502
-73.0684
-73.1431
-73.2006
-73.3025
-73.4649
-73.7078
-73.9693
-74.1613
-74.2768
-74.3381
-74.3672
-74.3841
-74.4009
-74.4349
-74.4816
-74.5485
-74.6167
-74.6642
-74.6895
-74.6981
-74.6967
-74.6922
-74.6883
-74.6895
-74.698
-74.7145
-74.7383
-74.757
-74.767
-74.7681
-74.763
-74.7551
-74.7461
-74.7393
-74.7385
-74.7424
-74.7535
-74.7678
-74.7768
-74.7802
-74.777
-74.7697
-74.7603
-74.7506
-74.7451
-74.7446
-74.7488
-74.7587
-74.7706
-74.7769
-74.7787
-74.7752
-74.7679
-74.7578
-74.7481
-74.7432
-74.7431
-74.7476
-74.7563
-74.7673
-74.7735
-74.7748
-74.7729
-74.767
-74.7576
-74.7486
-74.7429
-74.7417
-74.7448
-74.7505
-74.7585
-74.7663
-74.7686
-74.7676
-74.7644
-74.7578
-74.7503
-74.7437
-74.7402
-74.741
-74.7455
-74.7498
-74.7562
-74.7623
-74.7637
-74.762
-74.7576
-74.7519
-74.7452
-74.7394
-74.7362
-74.7372
-74.7413
-74.7443
-74.7488
-74.7557
-74.7592
-74.7574
-74.7527
-74.7483
-74.7433
-74.7386
-74.7346
-74.7346
-74.7375
-74.7388
-74.7398
-74.7445
-74.7513
-74.752
-74.7483
-74.7436
-74.7391
-74.7367
-74.7331
-74.7313
-74.7328
-74.7351
-74.734
-74.7339
-74.7388
-74.7454
-74.7464
-74.7434
-74.7383
-74.7343
-74.7317
-74.728
-74.7262
-74.7274
-74.7291
-74.7276
-74.7256
-74.7278
-74.7338
-74.7388
-74.7394
-74.736
-74.732
-74.7289
-74.7246
-74.7215
-74.7219
-74.7236
-74.7242
-74.7225
-74.7209
-74.7215
-74.7249
-74.73
-74.7312
-74.7293
-74.7266
-74.7225
-74.7169
-74.713
-74.7124
-74.7146
-74.7171
-74.7184
-74.7172
-74.7152
-74.7152
-74.7179
-74.7219
-74.7243
-74.7243
-74.7216
-74.7156
-74.7088
-74.7051
-74.7043
-74.7055
-74.7101
-74.7123
-74.7098
-74.706
-74.7049
-74.7047
-74.7078
-74.7124
-74.716
-74.7157
-74.7106
-74.704
-74.6985
-74.6957
-74.6965
-74.7006
-74.7047
-74.705
-74.7022
-74.6979
-74.6958
-74.6949
-74.6973
-74.7021
-74.7068
-74.7077
-74.7039
-74.6979
-74.6905
-74.685
-74.6854
-74.6884
-74.6921
-74.6936
-74.6915
-74.6877
-74.6843
-74.683
-74.6834
-74.6849
-74.6901
-74.6952
-74.6972
-74.6938
-74.6898
-74.684
-74.6793
-74.6786
-74.6804
-74.6805
-74.683
-74.6829
-74.679
-74.6736
-74.6701
-74.6697
-74.6718
-74.674
-74.6774
-74.6796
-74.6802
-74.6791
-74.6765
-74.6733
-74.6701
-74.6684
-74.6679
-74.6673
-74.6667
-74.6668
-74.6657
-74.6627
-74.6582
-74.6555
-74.654
-74.6558
-74.661
-74.6637
-74.6636
-74.6628
-74.6618
-74.6646
-74.6655
-74.6632
-74.6592
-74.6561
-74.6564
-74.6552
-74.651
-74.6492
-74.6503
-74.6479
-74.6445
-74.6406
-74.6389
-74.6375
-74.6384
-74.6397
-74.6392
-74.6376
-74.638
-74.6414
-74.6449
-74.6477
-74.6475
-74.6434
-74.6405
-74.6392
-74.6374
-74.6332
-74.6289
-74.6265
-74.6267
-74.629
-74.6285
-74.6245
-74.6233
-74.6225
-74.6209
-74.62
-74.6181
-74.6149
-74.6139
-74.615
-74.6188
-74.6226
-74.625
-74.6261
-74.6256
-74.6217
-74.6179
-74.6164
-74.6159
-74.6121
-74.6078
-74.6027
-74.6022
-74.6046
-74.6042
-74.6023
-74.5996
-74.5973
-74.5951
-74.5928
-74.5899
-74.5871
-74.5853
-74.5848
-74.5851
-74.5846
-74.5862
-74.5874
-74.5889
-74.5891
-74.5875
-74.587
-74.5877
-74.5883
-74.5869
-74.5842
-74.5803
-74.5774
-74.5782
-74.582
-74.5834
-74.5795
-74.5738
-74.5713
-74.573
-74.571
-74.5658
-74.5598
-74.556
-74.5548
-74.5547
-74.5538
-74.5527
-74.5516
-74.5501
-74.5469
-74.5418
-74.5373
-74.5342
-74.5356
-74.5384
-74.5428
-74.5492
-74.552
-74.5488
-74.546
-74.5466
-74.5492
-74.5482
-74.5475
-74.551
-74.5498
-74.5446
-74.5371
-74.5326
-74.5298
-74.5219
-74.5125
-74.5065
-74.5036
-74.5042
-74.5077
-74.5091
-74.5088
-74.5038
-74.4964
-74.4899
-74.4825
-74.4751
-74.4724
-74.4718
-74.4696
-74.4665
-74.4637
-74.4674
-74.4766
-74.4836
-74.4888
-74.496
-74.5045
-74.5054
-74.5046
-74.5045
-74.5059
-74.5049
-74.505
-74.5093
-74.5114
-74.5094
-74.5022
-74.492
-74.4808
-74.4665
-74.4535
-74.4434
-74.4372
-74.4397
-74.4449
-74.4463
-74.4432
-74.4355
-74.4272
-74.4185
-74.4089
-74.4029
-74.3998
-74.3948
-74.3892
-74.3836
-74.3772
-74.3727
-74.3734
-74.3741
-74.3747
-74.3826
-74.398
-74.4166
-74.4253
-74.4278
-74.4317
-74.4328
-74.431
-74.427
-74.4277
-74.4326
-74.4389
-74.4432
-74.4468
-74.4494
-74.4471
-74.4398
-74.4305
-74.4212
-74.4117
-74.4035
-74.3942
-74.3838
-74.3707
-74.3563
-74.3395
-74.3257
-74.3171
-74.3129
-74.3101
-74.3064
-74.3022
-74.2958
-74.2878
-74.2805
-74.2693
-74.2574
-74.2462
-74.236
-74.2316
-74.2303
-74.2325
-74.2349
-74.2347
-74.2377
-74.2428
-74.2489
-74.2602
-74.2727
-74.2853
-74.2948
-74.3003
-74.3005
-74.299
-74.2996
-74.3032
-74.3061
-74.3078
-74.3074
-74.3083
-74.3114
-74.3208
-74.3277
-74.3311
-74.3312
-74.3287
-74.3237
-74.313
-74.303
-74.298
-74.2957
-74.2982
-74.306
-74.3074
-74.2991
-74.2844
-74.2726
-74.2643
-74.2524
-74.2374
-74.2209
-74.2049
-74.1883
-74.1689
-74.1488
-74.128
-74.1113
-74.1009
-74.0945
-74.0913
-74.0869
-74.0754
-74.0581
-74.0434
-74.0313
-74.017
-74.0036
-73.9944
-73.995
-73.9984
-73.9982
-74.0021
-74.0035
-73.9963
-73.9843
-73.9797
-73.9865
-73.9965
-74.0134
-74.0325
-74.0442
-74.0487
-74.0489
-74.0537
-74.0643
-74.068
-74.0693
-74.0846
-74.1026
-74.1175
-74.1252
-74.122
-74.1136
-74.1065
-74.0989
-74.0963
-74.0941
-74.096
-74.099
-74.1026
-74.1118
-74.1234
-74.1291
-74.1276
-74.1265
-74.125
-74.1279
-74.1311
-74.1265
-74.1177
-74.1124
-74.1072
-74.1021
-74.0983
-74.0967
-74.0978
-74.0989
-74.0953
-74.084
-74.0664
-74.0443
-74.0216
-74.0043
-73.9886
-73.9744
-73.9647
-73.9576
-73.9518
-73.9492
-73.945
-73.9358
-73.9282
-73.9229
-73.9181
-73.9151
-73.9117
-73.9059
-73.9027
-73.8992
-73.8887
-73.8754
-73.8603
-73.8411
-73.818
-73.7921
-73.7641
-73.7349
-73.7099
-73.6865
-73.6628
-73.6446
-73.6308
-73.6192
-73.6065
-73.5908
-73.5811
-73.5731
-73.5609
-73.5499
-73.5363
-73.5205
-73.5146
-73.52
-73.5262
-73.5303
-73.5267
-73.5153
-73.4984
-73.4926
-73.497
-73.5013
-73.5003
-73.4915
-73.4764
-73.4574
-73.4423
-73.4285
-73.4298
-73.4363
-73.435
-73.4255
-73.4153
-73.4058
-73.3988
-73.3939
-73.3937
-73.3942
-73.3881
-73.3754
-73.3578
-73.3425
-73.3296
-73.3135
-73.2938
-73.2713
-73.2523
-73.2477
-73.246
-73.2454
-73.2439
-73.2445
-73.252
-73.2596
-73.259
-73.2504
-73.2361
-73.2178
-73.1967
-73.1736
-73.1491
-73.1236
-73.0973
-73.0705
-73.0469
-73.0318
-73.0162
-72.9987
-72.9887
-72.9788
-72.972
-72.9679
-72.9591
-72.9454
-72.9318
-72.925
-72.916
-72.9026
-72.8856
-72.866
-72.8511
-72.8432
-72.8335
-72.8305
-72.8326
-72.8384
-72.8383
-72.8313
-72.8191
-72.8033
-72.7849
-72.7647
-72.7434
-72.7211
-72.6982
-72.6749
-72.6513
-72.6275
-72.6093
-72.6014
-72.5923
-72.5795
-72.5636
-72.5455
-72.5259
-72.5053
-72.4841
-72.4624
-72.4414
-72.4331
-72.4287
-72.4207
-72.4089
-72.3941
-72.3774
-72.3593
-72.3404
-72.3208
-72.3009
-72.2893
-72.288
-72.2847
-72.2769
-72.2709
-72.2754
-72.2777
-72.2743
-72.2663
-72.2549
-72.2412
-72.2259
-72.2096
-72.1925
-72.1748
-72.1569
-72.1386
-72.1202
-72.1017
-72.0832
-72.0647
-72.0463
-72.0279
-72.0096
-71.9915
-71.9734
-71.9555
-71.9378
-71.9202
-71.9028
-71.8855
-71.8684
-71.8515
-71.8348
-71.8182
-71.8018
-71.7856
-71.7696
-71.7537
-71.7381
-71.7226
-71.7072
-71.6921
-71.6772
-71.6624
-71.6478
-71.6333
-71.619
-71.6049
-71.591
-71.5773
-71.5637
-71.5502
-71.5369
-71.5238
-71.5109
-71.4981
-71.4855
-71.473
-71.4606
-71.4485
-71.4364
-71.4246
-71.4128
-71.4012
-71.3898
-71.3785
-71.3673
-71.3563
-71.3454
-71.3347
-71.3241
-71.3136
-71.3033
-71.2931
-71.283
-71.2731
-71.2633
-71.2536
-71.244
-71.2346
-71.2253
-71.2161
-71.207
-71.198
-71.1892
-71.1805
-71.1719
-71.1634
-71.155
-71.1467
-71.1385
-71.1304
-71.1225
-71.1146
-71.1069
-71.0992
-71.0917
-71.0842
-71.0768
-71.0696
-71.0624
-71.0554
-71.0484
-71.0415
-71.0347
-71.028
-71.0214
-71.0149
-71.0085
-71.0022
-70.9959
-70.9897
-70.9837
-70.9777
-70.9717
-70.9659
-70.9601
-70.9545
-70.9489
-70.9433
-70.9379
-70.9325
-70.9272
-70.922
-70.9168
-70.9118
-70.9068
-70.9018
-70.897
-70.8922
-70.8874
-70.8828
-70.8782
-70.8736
-70.8692
-70.8648
-70.8604
-70.8561
-70.8519
-70.8478
-70.8437
-70.8396
-70.8357
-70.8317
-70.8279
-70.8241
-70.8203
-70.8166
-70.813
-70.8094
-70.8059
-70.8024
-70.799
-70.7956
-70.7923
-70.789
-70.7858
-70.7826
-70.7795
-70.7764
-70.7734
-70.7704
-70.7674
-70.7645
-70.7617
-70.7589
-70.7561
-70.7534
-70.7507
-70.7481
-70.7455
-70.7429
-70.7404
-70.738
-70.7355
-70.7331
-70.7308
-70.7285
-70.7262
-70.7239
-70.7217
-70.7196
-70.7174
-70.7153
-70.7133
-70.7112
-70.7093
-70.7073
-70.7054
-70.7035
-70.7016
-70.6998
-70.698
-70.6962
-70.6944
-70.6927
-70.6911
-70.6894
-70.6878
-70.6862
-70.6846
-70.6831
-70.6816
-70.6801
-70.6786
-70.6772
-70.6758
-70.6744
-70.6731
-70.6717
-70.6704
-70.6691
-70.6679
-70.6667
-70.6654
-70.6643
-70.6631
-70.662
-70.6608
-70.6597
-70.6587
-70.6576
-70.6566
-70.6556
-70.6546
-70.6536
-70.6526
-70.6517
-70.6508
-70.6499
-70.649
-70.6481
-70.6473
-70.6465
-70.6457
-70.6449
-70.6441
-70.6434
-70.6426
-70.6419
-70.6412
-70.6405
-70.6398
-70.6392
-70.6385
-70.6379
-70.6373
-70.6367
-70.6361
-70.6355
-70.635
-70.6344
-70.6339
-70.6334
-70.6329
-70.6324
-70.6319
-70.6314
-70.631
-70.6305
-70.6301
-70.6297
-70.6293
-70.6289
-70.6285
-70.6281
-70.6278
-70.6274
-70.6271
-70.6267
-70.6264
-70.6261
-70.6258
-70.6255
-70.6252
-70.625
-70.6247
-70.6245
-70.6242
-70.624
-70.6237
-70.6235
-70.6233
-70.6231
-70.6229
-70.6227
-70.6226
-70.6224
-70.6222
-70.6221
-70.6219
-70.6218
-70.6217
-70.6215
-70.6214
-70.6213
-70.6212
-70.6211
-70.621
-70.6209
-70.6208
-70.6208
-70.6207
-70.6206
-70.6206
-70.6205
-70.6205
-70.6204
-70.6204
-70.6204
-70.6203
-70.6203
-70.6203
-70.6203
-70.6203
-70.6203
-70.6203
-70.6203
-70.6203
-70.6203
-70.6204
-70.6204
-70.6204
-70.6204
-70.6205
-70.6205
-70.6206
-70.6206
-70.6207
-70.6207
-70.6208
-70.6209
-70.6209
-70.621
-70.6211
-70.6211
-70.6212
-70.6213
-70.6214
-70.6215
-70.6216
-70.6217
-70.6218
-70.6219
-70.622
-70.6221
-70.6222
-70.6223
-70.6224
-70.6225
-70.6226
-70.6227
-70.6229
-70.623
-70.6231
-70.6232
-70.6234
-70.6235
-70.6236
-70.6237
-70.6239
-70.624
-70.6242
-70.6243
-70.6244
-70.6246
-70.6247
-70.6249
-70.625
-70.6252
-70.6253
-70.6255
-70.6256
-70.6258
-70.6259
-70.6261
-70.6262
-70.6264
-70.6265
-70.6267
-70.6269
-70.627
-70.6272
-70.6273
-70.6275
-70.6277
-70.6278
-70.628
-70.6282
-70.6283
-70.6285
-70.6287
-70.6288
-70.629
-70.6292
-70.6293
-70.6295
-70.6297
-70.6299
-70.63
-70.6302
-70.6304
-70.6305
-70.6307
-70.6309
-70.6311
-70.6312
-70.6314
-70.6316
-70.6317
-70.6319
-70.6321
-70.6323
-70.6324
-70.6326
-70.6328
-70.633
-70.6331
-70.6333
-70.6335
-70.6337
-70.6338
-70.634
-70.6342
-70.6343
-70.6345
-70.6347
-70.6349
-70.635
-70.6352
-70.6354
-70.6355
-70.6357
-70.6359
-70.6361
-70.6362
-70.6364
-70.6366
-70.6367
-70.6369
-70.6371
-70.6372
-70.6374
-70.6376
-70.6377
-70.6379
-70.6381
-70.6382
-70.6384
-70.6386
-70.6387
-70.6389
-70.6391
-70.6392
-70.6394
-70.6396
-70.6397
-70.6399
-70.64
-70.6402
-70.6404
-70.6405
-70.6407
-70.6408
-70.641
-70.6411
-70.6413
-70.6415
-70.6416
-70.6418
-70.6419
-70.6421
-70.6422
-70.6424
-70.6425
-70.6427
-70.6428
-70.643
-70.6431
-70.6433
-70.6434
-70.6436
-70.6437
-70.6439
-70.644
-70.6442
-70.6443
-70.6444

