-70
-70.1661
-70.23
-70.2566
-70.2695
-70.2773
-70.283
-70.2879
-70.2925
-70.297
-70.3014
-70.3057
-70.31
-70.3142
-70.3185
-70.3226
-70.3268
-70.3309
-70.335
-70.3391
-70.3431
-70.3471
-70.351
-70.3549
-70.3588
-70.3626
-70.3664
-70.3701
-70.3738
-70.3775
-70.3811
-70.3847
-70.3883
-70.3918
-70.3953
-70.3987
-70.4021
-70.4055
-70.4088
-70.4121
-70.4154
-70.4186
-70.4218
-70.4249
-70.428
-70.4311
-70.4341
-70.4372
-70.4401
-70.4431
-70.446
-70.4489
-70.4517
-70.4545
-70.4573
-70.4601
-70.4628
-70.4655
-70.4682
-70.4708
-70.4734
-70.476
-70.4785
-70.481
-70.4835
-70.486
-70.4884
-70.4908
-70.4932
-70.4955
-70.4978
-70.5001
-70.5024
-70.5046
-70.5068
-70.509
-70.5112
-70.5133
-70.5154
-70.5175
-70.5196
-70.5216
-70.5236
-70.5256
-70.5276
-70.5295
-70.5315
-70.5334
-70.5352
-70.5371
-70.5389
-70.5407
-70.5425
-70.5443
-70.5461
-70.5478
-70.5495
-70.5512
-70.5528
-70.5545
-70.5561
-70.5577
-70.5593
-70.5609
-70.5624
-70.5639
-70.5655
-70.5669
-70.5684
-70.5699
-70.5713
-70.5727
-70.5741
-70.5755
-70.5769
-70.5782
-70.5796
-70.5809
-70.5822
-70.5835
-70.5848
-70.586
-70.5873
-70.5885
-70.5897
-70.5909
-70.5921
-70.5932
-70.5944
-70.5955
-70.5966
-70.5977
-70.5988
-70.5999
-70.601
-70.602
-70.603
-70.6041
-70.6051
-70.6061
-70.6071
-70.608
-70.609
-70.6099
-70.6109
-70.6118
-70.6127
-70.6136
-70.6145
-70.6154
-70.6162
-70.6171
-70.6179
-70.6187
-70.6196
-70.6204
-70.6212
-70.622
-70.6227
-70.6235
-70.6242
-70.625
-70.6257
-70.6265
-70.6272
-70.6279
-70.6286
-70.6293
-70.6299
-70.6306
-70.6313
-70.6319
-70.6325
-70.6332
-70.6338
-70.6344
-70.635
-70.6356
-70.6362
-70.6368
-70.6374
-70.6379
-70.6385
-70.639
-70.6396
-70.6401
-70.6406
-70.6411
-70.6417
-70.6422
-70.6427
-70.6431
-70.6436
-70.6441
-70.6446
-70.645
-70.6455
-70.6459
-70.6464
-70.6468
-70.6472
-70.6476
-70.6481
-70.6485
-70.6489
-70.6493
-70.6497
-70.65
-70.6504
-70.6508
-70.6512
-70.6515
-70.6519
-70.6522
-70.6526
-70.6529
-70.6533
-70.6536
-70.6539
-70.6542
-70.6545
-70.6549
-70.6552
-70.6555
-70.6558
-70.656
-70.6563
-70.6566
-70.6569
-70.6572
-70.6574
-70.6577
-70.658
-70.6582
-70.6585
-70.6587
-70.6589
-70.6592
-70.6594
-70.6597
-70.6599
-70.6601
-70.6603
-70.6605
-70.6607
-70.661
-70.6612
-70.6614
-70.6616
-70.6617
-70.6619
-70.6621
-70.6623
-70.6625
-70.6627
-70.6628
-70.663
-70.6632
-70.6633
-70.6635
-70.6637
-70.6638
-70.664
-70.6641
-70.6643
-70.6644
-70.6646
-70.6647
-70.6648
-70.665
-70.6651
-70.6652
-70.6653
-70.6655
-70.6656
-70.6657
-70.6658
-70.6659
-70.666
-70.6662
-70.6663
-70.6664
-70.6665
-70.6666
-70.6667
-70.6668
-70.6669
-70.667
-70.667
-70.6671
-70.6672
-70.6673
-70.6674
-70.6675
-70.6675
-70.6676
-70.6677
-70.6678
-70.6678
-70.6679
-70.668
-70.668
-70.6681
-70.6682
-70.6682
-70.6683
-70.6683
-70.6684
-70.6685
-70.6685
-70.6686
-70.6686
-70.6687
-70.6687
-70.6688
-70.6688
-70.6688
-70.6689
-70.6689
-70.669
-70.669
-70.669
-70.6691
-70.6691
-70.6691
-70.6692
-70.6692
-70.6692
-70.6693
-70.6693
-70.6693
-70.6694
-70.6694
-70.6694
-70.6694
-70.6694
-70.6695
-70.6695
-70.6695
-70.6695
-70.6695
-70.6696
-70.6696
-70.6696
-70.6696
-70.6696
-70.6696
-70.6696
-70.6697
-70.6697
-70.6697
-70.6697
-70.6697
-70.6697
-70.6697
-70.6697
-70.6697
-70.6697
-70.6697
-70.6697
-70.6697
-70.6697
-70.6697
-70.6697
-70.6697
-70.6697
-70.6697
-70.6697
-70.6697
-70.6697
-70.6697
-70.6697
-70.6697
-70.6697
-70.6697
-70.6697
-70.6697
-70.6697
-70.6697
-70.6697
-70.6697
-70.6697
-70.6697
-70.6696
-70.6696
-70.6696
-70.6696
-70.6696
-70.6696
-70.6696
-70.6696
-70.6696
-70.6695
-70.6695
-70.6695
-70.6695
-70.6695
-70.6695
-70.6695
-70.6695
-70.6694
-70.6694
-70.6694
-70.6694
-70.6694
-70.6694
-70.6693
-70.6693
-70.6693
-70.6693
-70.6693
-70.6693
-70.6693
-70.6692
-70.6692
-70.6692
-70.6692
-70.6692
-70.6691
-70.6691
-70.6691
-70.6691
-70.6691
-70.6691
-70.669
-70.669
-70.669
-70.669
-70.669
-70.6689
-70.6689
-70.6689
-70.6689
-70.6689
-70.6688
-70.6688
-70.6688
-70.6688
-70.6688
-70.6687
-70.6687
-70.6687
-70.6687
-70.6686
-70.6686
-70.6686
-70.6686
-70.6686
-70.6685
-70.6685
-70.6685
-70.6685
-70.6685
-70.6684
-70.6684
-70.6684
-70.6684
-70.6684
-70.6683
-70.6683
-70.6683
-70.6683
-70.6682
-70.6682
-70.6682
-70.6682
-70.6682
-70.6681
-70.6681
-70.6681
-70.6681
-70.6681
-70.6714
-70.7829
-71.3566
-72.2812
-73.1121
-61.8836
-53.2871
-50.7525
-48.9268
-46.1419
-28.0966
-14.7628
-40.9499
-68.2422
-68.5174
-67.4983
-66.4291
-65.3431
-64.2582
-63.1922
-62.1615
-61.1814
-60.2642
-59.3797
-58.5291
-57.7731
-57.1059
-56.5282
-56.0284
-55.5972
-55.2196
-54.8954
-54.6169
-54.3859
-54.1972
-54.0432
-53.9153
-53.8071
-53.7186
-53.6458
-53.5892
-53.5457
-53.5127
-53.4876
-53.4647
-53.446
-53.4296
-53.4181
-53.4106
-53.4062
-53.4039
-53.4033
-53.4028
-53.3992
-53.3963
-53.3926
-53.3909
-53.3912
-53.3926
-53.3947
-53.3974
-53.4003
-53.4036
-53.407
-53.405
-53.4026
-53.3999
-53.397
-53.3963
-53.397
-53.3986
-53.4006
-53.4028
-53.4052
-53.4078
-53.4103
-53.4128
-53.415
-53.417
-53.4186
-53.4199
-53.4115
-53.4039
-53.3995
-53.3944
-53.3899
-53.386
-53.3801
-53.3648
-53.2423
-53.0571
-53.0756
-53.1356
-53.1895
-53.229
-53.256
-53.274
-53.2866
-53.2963
-53.3052
-53.3144
-53.325
-53.3381
-53.3549
-53.3767
-53.4044
-53.4379
-53.4763
-53.4757
-53.4605
-53.4559
-53.4577
-53.457
-53.4469
-53.4427
-53.4432
-53.4466
-53.4519
-53.4587
-53.4667
-53.4758
-53.4861
-53.4975
-53.5102
-53.5241
-53.5394
-53.5561
-53.5745
-53.5945
-53.6164
-53.6402
-53.6663
-53.6947
-53.7258
-53.7598
-53.797
-53.8375
-53.8817
-53.9298
-53.9821
-54.0389
-54.1006
-54.1674
-54.2398
-54.1817
-53.6173
-53.4351
-53.3939
-53.397
-53.4138
-53.4084
-53.3976
-53.399
-53.4068
-53.417
-53.428
-53.4392
-53.4503
-53.4615
-53.4728
-53.4843
-53.4961
-53.5084
-53.5213
-53.5357
-53.551
-53.5673
-53.5845
-53.603
-53.6229
-53.6444
-53.6677
-53.6929
-53.7203
-53.751
-53.7852
-53.8219
-53.8614
-53.904
-53.95
-53.9997
-54.0533
-54.114
-54.183
-54.2561
-54.3363
-54.4217
-54.5115
-53.917
-53.4383
-53.3254
-53.3159
-53.3344
-53.3595
-53.3845
-53.3889
-53.3822
-53.3848
-53.3921
-53.4012
-53.4106
-53.42
-53.4291
-53.4384
-53.4477
-53.457
-53.4664
-53.4766
-53.4872
-53.4981
-53.5096
-53.5218
-53.5348
-53.5488
-53.565
-53.5826
-53.6013
-53.6212
-53.644
-53.6693
-53.6962
-53.725
-53.756
-53.7894
-53.826
-53.8687
-53.9153
-53.9645
-54.0169
-54.0731
-54.1384
-54.2097
-54.2842
-54.3623
-54.4449
-54.5327
-54.6319
-54.7429
-54.8584
-54.9783
-55.1037
-54.7782
-53.513
-53.2258
-53.1906
-53.2183
-53.2583
-53.2971
-53.3321
-53.3629
-53.3898
-53.3951
-53.3833
-53.3827
-53.3884
-53.3965
-53.4052
-53.4138
-53.4222
-53.4305
-53.4392
-53.4481
-53.457
-53.4661
-53.4755
-53.4855
-53.496
-53.508
-53.5215
-53.5358
-53.5519
-53.5698
-53.5886
-53.6087
-53.6302
-53.6535
-53.6789
-53.7065
-53.7367
-53.7705
-53.8116
-53.8593
-53.9096
-53.6723
-53.447
-53.3878
-53.38
-53.3875
-53.3992
-53.4118
-53.4242
-53.4363
-53.4489
-53.4623
-53.4758
-53.4891
-53.4954
-53.4513
-53.4291
-53.4225
-53.4228
-53.4262
-53.4311
-53.4378
-53.4491
-53.4641
-53.4822
-53.5043
-53.5273
-53.5495
-53.5698
-53.5897
-53.6122
-53.6404
-53.6842
-53.7405
-53.8014
-53.8623
-53.9189
-53.9747
-54.0317
-54.0922
-54.164
-54.2476
-54.3493
-54.4668
-54.5938
-54.723
-54.8524
-54.9873
-55.1294
-55.2819
-55.4522
-55.6392
-55.8503
-56.0908
-56.3523
-56.6268
-56.9054
-57.1918
-57.4879
-57.7946
-58.1208
-58.4712
-58.8478
-59.2714
-59.7308
-60.2061
-60.6767
-61.1403
-61.6034
-62.0643
-62.5276
-63.0021
-63.4901
-64.0004
-64.5457
-65.1043
-65.65
-66.1641
-66.6479
-67.1102
-67.5512
-67.9744
-68.3863
-68.7889
-69.1917
-69.6028
-70.0091
-70.3891
-70.7319
-71.0394
-71.3205
-71.5796
-71.8188
-72.0424
-72.2531
-72.4573
-72.6616
-72.862
-73.0469
-73.2081
-73.3481
-73.4702
-73.5794
-73.679
-73.7696
-73.8525
-73.9311
-74.0088
-74.0873
-74.1632
-74.2308
-74.2868
-74.3334
-74.3729
-74.4082
-74.44
-74.4687
-74.4941
-74.5182
-74.5448
-74.5725
-74.5995
-74.6229
-74.6405
-74.654
-74.664
-74.6722
-74.6801
-74.6873
-74.6931
-74.6993
-74.708
-74.7192
-74.7297
-74.7396
-74.7457
-74.749
-74.7505
-74.7508
-74.7506
-74.7509
-74.7511
-74.7505
-74.7513
-74.7551
-74.7596
-74.7632
-74.7668
-74.7677
-74.7671
-74.766
-74.7646
-74.7623
-74.762
-74.7612
-74.7594
-74.7597
-74.7615
-74.7639
-74.7654
-74.766
-74.7657
-74.764
-74.7632
-74.7617
-74.7585
-74.7554
-74.7532
-74.7505
-74.75
-74.7513
-74.7527
-74.754
-74.7544
-74.7538
-74.753
-74.7522
-74.7526
-74.7514
-74.7496
-74.7473
-74.743
-74.74
-74.7402
-74.7419
-74.7427
-74.7433
-74.744
-74.7426
-74.7399
-74.7385
-74.7366
-74.7356
-74.7346
-74.7345
-74.7311
-74.7257
-74.7226
-74.7248
-74.7277
-74.7292
-74.7295
-74.7308
-74.7304
-74.7282
-74.726
-74.7238
-74.7214
-74.7224
-74.7228
-74.7216
-74.7171
-74.712
-74.7101
-74.7105
-74.7123
-74.7144
-74.7154
-74.7162
-74.7157
-74.7118
-74.7071
-74.7033
-74.7016
-74.7034
-74.7058
-74.7064
-74.704
-74.7001
-74.6976
-74.6944
-74.6926
-74.6966
-74.6995
-74.7019
-74.7045
-74.7025
-74.6977
-74.6916
-74.6881
-74.6874
-74.6868
-74.688
-74.6891
-74.6877
-74.6858
-74.6836
-74.6806
-74.6769
-74.6752
-74.6779
-74.6809
-74.6847
-74.6864
-74.684
-74.6786
-74.6731
-74.6686
-74.6665
-74.6666
-74.6661
-74.6676
-74.6693
-74.6698
-74.6688
-74.6676
-74.6645
-74.6603
-74.6584
-74.6582
-74.6617
-74.6673
-74.6696
-74.6675
-74.6635
-74.6564
-74.6492
-74.6443
-74.6423
-74.6412
-74.6411
-74.6429
-74.6478
-74.6518
-74.6511
-74.6493
-74.6444
-74.6411
-74.6421
-74.6423
-74.6412
-74.6415
-74.6428
-74.6468
-74.6458
-74.639
-74.6317
-74.6251
-74.6185
-74.6111
-74.6092
-74.6112
-74.6151
-74.623
-74.629
-74.6305
-74.6291
-74.6241
-74.6204
-74.6213
-74.6226
-74.6196
-74.6188
-74.6177
-74.6168
-74.6174
-74.6165
-74.6148
-74.611
-74.6024
-74.5921
-74.5832
-74.578
-74.5762
-74.578
-74.5841
-74.5928
-74.5981
-74.6009
-74.6043
-74.6028
-74.6008
-74.6013
-74.6024
-74.6022
-74.5988
-74.5993
-74.5991
-74.5931
-74.5852
-74.5819
-74.5806
-74.5754
-74.5695
-74.5629
-74.5524
-74.542
-74.5359
-74.5336
-74.5384
-74.5464
-74.5513
-74.5537
-74.5581
-74.5621
-74.5651
-74.5668
-74.5684
-74.5691
-74.5697
-74.5687
-74.5663
-74.5687
-74.571
-74.5652
-74.556
-74.5496
-74.547
-74.5432
-74.5344
-74.5266
-74.5192
-74.5069
-74.4962
-74.4899
-74.4864
-74.4878
-74.4933
-74.4979
-74.5018
-74.5058
-74.5105
-74.5168
-74.5229
-74.526
-74.5272
-74.5321
-74.5379
-74.5402
-74.5408
-74.5383
-74.5355
-74.5346
-74.5341
-74.5329
-74.5296
-74.5213
-74.5092
-74.4985
-74.4873
-74.4763
-74.4637
-74.4483
-74.4355
-74.4283
-74.4194
-74.4115
-74.4111
-74.4194
-74.4244
-74.4267
-74.4285
-74.429
-74.4327
-74.4398
-74.4484
-74.4539
-74.455
-74.4634
-74.4725
-74.4797
-74.4825
-74.484
-74.4853
-74.4822
-74.481
-74.4836
-74.4859
-74.4857
-74.4804
-74.4711
-74.4577
-74.4404
-74.4257
-74.418
-74.4097
-74.3973
-74.3802
-74.3643
-74.3517
-74.3384
-74.3268
-74.325
-74.3316
-74.3341
-74.3295
-74.3196
-74.3111
-74.3083
-74.3177
-74.3323
-74.3457
-74.3533
-74.3572
-74.3631
-74.3713
-74.3871
-74.4019
-74.4093
-74.4173
-74.43
-74.4358
-74.4334
-74.4313
-74.4287
-74.4288
-74.4277
-74.4247
-74.419
-74.4111
-74.3987
-74.3866
-74.3755
-74.3621
-74.3467
-74.3373
-74.3295
-74.3194
-74.3083
-74.2944
-74.2801
-74.2632
-74.2507
-74.2427
-74.2331
-74.23
-74.2337
-74.2314
-74.2203
-74.2039
-74.192
-74.1888
-74.1869
-74.1812
-74.177
-74.1711
-74.1646
-74.1627
-74.1668
-74.1722
-74.1771
-74.1878
-74.2066
-74.2261
-74.2442
-74.2603
-74.2745
-74.2861
-74.2962
-74.303
-74.3037
-74.3048
-74.3094
-74.3157
-74.3173
-74.3163
-74.3124
-74.3048
-74.2959
-74.2854
-74.2728
-74.2595
-74.2456
-74.2305
-74.2118
-74.1972
-74.1872
-74.1774
-74.1657
-74.1523
-74.1404
-74.1268
-74.1163
-74.1104
-74.1057
-74.1019
-74.0988
-74.095
-74.0873
-74.0776
-74.0767
-74.0855
-74.0876
-74.083
-74.0795
-74.0713
-74.0564
-74.0363
-74.0187
-74.0028
-73.9909
-73.9774
-73.9588
-73.9359
-73.9105
-73.892
-73.8896
-73.9001
-73.9149
-73.9255
-73.9248
-73.9154
-73.9037
-73.8912
-73.8857
-73.8928
-73.9145
-73.9394
-73.9625
-73.9953
-74.023
-74.0429
-74.0532
-74.056
-74.0575
-74.0646
-74.0725
-74.0803
-74.0883
-74.0945
-74.0935
-74.0893
-74.0877
-74.0916
-74.0923
-74.0918
-74.1003
-74.1073
-74.1088
-74.1068
-74.1015
-74.0963
-74.0888
-74.0792
-74.0648
-74.0454
-74.0238
-74.0077
-73.9903
-73.9688
-73.9462
-73.9295
-73.9135
-73.9032
-73.896
-73.8834
-73.8695
-73.8545
-73.84
-73.8244
-73.8089
-73.7897
-73.7696
-73.7571
-73.7442
-73.7332
-73.7296
-73.7234
-73.7141
-73.7097
-73.7041
-73.7093
-73.718
-73.7227
-73.7399
-73.771
-73.7992
-73.82
-73.835
-73.8406
-73.8408
-73.8338
-73.8202
-73.8017
-73.7886
-73.778
-73.7631
-73.7435
-73.7226
-73.7069
-73.7007
-73.6924
-73.6781
-73.6586
-73.6354
-73.6097
-73.584
-73.5672
-73.5546
-73.5384
-73.5236
-73.5091
-73.4971
-73.4841
-73.4668
-73.4456
-73.4215
-73.3954
-73.3679
-73.341
-73.3214
-73.3022
-73.2813
-73.2668
-73.2602
-73.2525
-73.2393
-73.2214
-73.2002
-73.1766
-73.1515
-73.1253
-73.1059
-73.0907
-73.0734
-73.0617
-73.0514
-73.045
-73.0395
-73.0291
-73.0139
-72.9964
-72.9874
-72.9886
-72.9876
-72.9804
-72.9768
-72.9731
-72.9643
-72.9505
-72.9331
-72.9182
-72.9189
-72.9347
-72.9448
-72.9511
-72.9571
-72.9561
-72.9483
-72.9353
-72.9262
-72.9214
-72.9242
-72.9365
-72.9434
-72.9418
-72.9339
-72.9312
-72.928
-72.9196
-72.9128
-72.9103
-72.9198
-72.9355
-72.9456
-72.9563
-72.9603
-72.9563
-72.9462
-72.9318
-72.9145
-72.9002
-72.8932
-72.8841
-72.8708
-72.8541
-72.835
-72.8142
-72.7923
-72.7695
-72.7461
-72.7223
-72.6983
-72.6741
-72.6498
-72.6254
-72.6011
-72.5768
-72.5527
-72.5286
-72.5046
-72.4808
-72.4572
-72.4338
-72.4105
-72.3875
-72.3646
-72.3486
-72.3444
-72.3392
-72.3299
-72.3273
-72.3313
-72.331
-72.3252
-72.3152
-72.3023
-72.2873
-72.271
-72.2537
-72.2358
-72.2175
-72.2095
-72.2108
-72.2091
-72.2028
-72.1927
-72.1801
-72.1656
-72.15
-72.1336
-72.1166
-72.0993
-72.0817
-72.064
-72.0462
-72.0284
-72.0106
-71.9928
-71.9751
-71.9575
-71.9401
-71.9227
-71.9055
-71.8885
-71.8716
-71.8548
-71.8382
-71.8218
-71.8056
-71.7895
-71.7736
-71.7578
-71.7423
-71.7269
-71.7117
-71.6966
-71.6818
-71.6671
-71.6525
-71.6382
-71.624
-71.61
-71.5961
-71.5824
-71.5689
-71.5555
-71.5423
-71.5292
-71.5163
-71.5036
-71.491
-71.4786
-71.4663
-71.4542
-71.4422
-71.4303
-71.4187
-71.4071
-71.3957
-71.3844
-71.3733
-71.3623
-71.3515
-71.3408
-71.3302
-71.3198
-71.3095
-71.2993
-71.2892
-71.2793
-71.2695
-71.2599
-71.2503
-71.2409
-71.2316
-71.2224
-71.2134
-71.2044
-71.1956
-71.1869
-71.1783
-71.1698
-71.1614
-71.1531
-71.145
-71.1369
-71.1289
-71.1211
-71.1133
-71.1057
-71.0981
-71.0907
-71.0833
-71.0761
-71.0689
-71.0619
-71.0549
-71.048
-71.0412
-71.0345
-71.0279
-71.0214
-71.015
-71.0086
-71.0024
-70.9962
-70.9901
-70.9841
-70.9782
-70.9723
-70.9665
-70.9609
-70.9552
-70.9497
-70.9443
-70.9389
-70.9336
-70.9283
-70.9232
-70.9181
-70.913
-70.9081
-70.9032
-70.8984
-70.8937
-70.889
-70.8844
-70.8798
-70.8753
-70.8709
-70.8665
-70.8623
-70.858
-70.8538
-70.8497
-70.8457
-70.8417
-70.8377
-70.8339
-70.83
-70.8263
-70.8226
-70.8189
-70.8153
-70.8117
-70.8082
-70.8048
-70.8014
-70.798
-70.7947
-70.7915
-70.7883
-70.7851
-70.782
-70.779
-70.776
-70.773
-70.7701
-70.7672
-70.7644
-70.7616
-70.7589
-70.7562
-70.7535
-70.7509
-70.7483
-70.7458
-70.7433
-70.7408
-70.7384
-70.736
-70.7337
-70.7314
-70.7291
-70.7269
-70.7247
-70.7225
-70.7204
-70.7183
-70.7163
-70.7142
-70.7122
-70.7103
-70.7084
-70.7065
-70.7046
-70.7028
-70.701
-70.6992
-70.6975
-70.6958
-70.6941
-70.6925
-70.6908
-70.6892
-70.6877
-70.6861
-70.6846
-70.6831
-70.6817
-70.6803
-70.6789
-70.6775
-70.6761
-70.6748
-70.6735
-70.6722
-70.6709
-70.6697
-70.6685
-70.6673
-70.6661
-70.665
-70.6639
-70.6628
-70.6617
-70.6606
-70.6596
-70.6586
-70.6576
-70.6566
-70.6556
-70.6547
-70.6538
-70.6529
-70.652
-70.6511
-70.6503
-70.6494
-70.6486
-70.6478
-70.647
-70.6463
-70.6455
-70.6448
-70.6441
-70.6434
-70.6427
-70.642
-70.6414
-70.6407
-70.6401
-70.6395
-70.6389
-70.6383
-70.6378
-70.6372
-70.6367
-70.6361
-70.6356
-70.6351
-70.6346
-70.6342
-70.6337
-70.6333
-70.6328
-70.6324
-70.632
-70.6316
-70.6312
-70.6308
-70.6304
-70.63
-70.6297
-70.6294
-70.629
-70.6287
-70.6284
-70.6281
-70.6278
-70.6275
-70.6272
-70.627
-70.6267
-70.6265
-70.6262
-70.626
-70.6258
-70.6256
-70.6254
-70.6252
-70.625
-70.6248
-70.6246
-70.6245
-70.6243
-70.6241
-70.624
-70.6239
-70.6237
-70.6236
-70.6235
-70.6234
-70.6233
-70.6232
-70.6231
-70.623
-70.6229
-70.6228
-70.6228
-70.6227
-70.6226
-70.6226
-70.6225
-70.6225
-70.6225
-70.6224
-70.6224
-70.6224
-70.6224
-70.6224
-70.6224
-70.6223
-70.6223
-70.6224
-70.6224
-70.6224
-70.6224
-70.6224
-70.6224
-70.6225
-70.6225
-70.6225
-70.6226
-70.6226
-70.6227
-70.6227
-70.6228
-70.6228
-70.6229
-70.623
-70.623
-70.6231
-70.6232
-70.6233
-70.6233
-70.6234
-70.6235
-70.6236
-70.6237
-70.6238
-70.6239
-70.624
-70.6241
-70.6242
-70.6243
-70.6244
-70.6245
-70.6246
-70.6247
-70.6248
-70.6249
-70.6251
-70.6252
-70.6253
-70.6254
-70.6256
-70.6257
-70.6258
-70.6259
-70.6261
-70.6262
-70.6263
-70.6265
-70.6266
-70.6268
-70.6269
-70.627
-70.6272
-70.6273
-70.6275
-70.6276
-70.6278
-70.6279
-70.6281
-70.6282
-70.6284
-70.6285
-70.6287
-70.6288
-70.629
-70.6291
-70.6293
-70.6294
-70.6296
-70.6297
-70.6299
-70.6301
-70.6302
-70.6304
-70.6305
-70.6307
-70.6309
-70.631
-70.6312
-70.6314
-70.6315
-70.6317
-70.6318
-70.632
-70.6322
-70.6323
-70.6325
-70.6327
-70.6328
-70.633
-70.6332
-70.6333
-70.6335
-70.6337
-70.6338
-70.634
-70.6341
-70.6343
-70.6345
-70.6346
-70.6348
-70.635
-70.6351
-70.6353
-70.6355
-70.6356
-70.6358
-70.636
-70.6361
-70.6363
-70.6365
-70.6366
-70.6368
-70.6369
-70.6371
-70.6373
-70.6374
-70.6376
-70.6378
-70.6379
-70.6381
-70.6382
-70.6384
-70.6386
-70.6387
-70.6389
-70.639
-70.6392
-70.6394
-70.6395
-70.6397
-70.6398
-70.64
-70.6401
-70.6403
-70.6404
-70.6406
-70.6408
-70.6409
-70.6411
-70.6412
-70.6414
-70.6415
-70.6417
-70.6418
-70.642
-70.6421
-70.6423
-70.6424
-70.6426
-70.6427
-70.6429
-70.643
-70.6432
-70.6433
-70.6434
-70.6436
-70.6437
-70.6439
-70.644
-70.6442
-70.6443
-70.6444
-70.6446
-70.6447
-70.6449
-70.645
-70.6451
-70.6453

