-70
-70.1661
-70.23
-70.2566
-70.2695
-70.2773
-70.283
-70.2879
-70.2925
-70.297
-70.3014
-70.3057
-70.31
-70.3142
-70.3185
-70.3226
-70.3268
-70.3309
-70.335
-70.3391
-70.3431
-70.3471
-70.351
-70.3549
-70.3588
-70.3626
-70.3664
-70.3701
-70.3738
-70.3775
-70.3811
-70.3847
-70.3883
-70.3918
-70.3953
-70.3987
-70.4021
-70.4055
-70.4088
-70.4121
-70.4154
-70.4186
-70.4218
-70.4249
-70.428
-70.4311
-70.4341
-70.4372
-70.4401
-70.4431
-70.446
-70.4489
-70.4517
-70.4545
-70.4573
-70.4601
-70.4628
-70.4655
-70.4682
-70.4708
-70.4734
-70.476
-70.4785
-70.481
-70.4835
-70.486
-70.4884
-70.4908
-70.4932
-70.4955
-70.4978
-70.5001
-70.5024
-70.5046
-70.5068
-70.509
-70.5112
-70.5133
-70.5154
-70.5175
-70.5196
-70.5216
-70.5236
-70.5256
-70.5276
-70.5295
-70.5315
-70.5334
-70.5352
-70.5371
-70.5389
-70.5407
-70.5425
-70.5443
-70.5461
-70.5478
-70.5495
-70.5512
-70.5528
-70.5545
-70.5561
-70.5577
-70.5593
-70.5609
-70.5624
-70.5639
-70.5655
-70.5669
-70.5684
-70.5699
-70.5713
-70.5727
-70.5741
-70.5755
-70.5769
-70.5782
-70.5796
-70.5809
-70.5822
-70.5835
-70.5848
-70.586
-70.5873
-70.5885
-70.5897
-70.5909
-70.5921
-70.5932
-70.5944
-70.5955
-70.5966
-70.5977
-70.5988
-70.5999
-70.601
-70.602
-70.603
-70.6041
-70.6051
-70.6061
-70.6071
-70.608
-70.609
-70.6099
-70.6109
-70.6118
-70.6127
-70.6136
-70.6145
-70.6154
-70.6162
-70.6171
-70.6179
-70.6187
-70.6196
-70.6204
-70.6212
-70.622
-70.6227
-70.6235
-70.6242
-70.625
-70.6257
-70.6265
-70.6272
-70.6279
-70.6286
-70.6293
-70.6299
-70.6306
-70.6313
-70.6319
-70.6325
-70.6332
-70.6338
-70.6344
-70.635
-70.6356
-70.6362
-70.6368
-70.6374
-70.6379
-70.6385
-70.639
-70.6396
-70.6401
-70.6406
-70.6411
-70.6417
-70.6422
-70.6427
-70.6431
-70.6436
-70.6441
-70.6446
-70.645
-70.6455
-70.6459
-70.6464
-70.6468
-70.6472
-70.6476
-70.6481
-70.6485
-70.6489
-70.6493
-70.6497
-70.65
-70.6504
-70.6508
-70.6512
-70.6515
-70.6519
-70.6522
-70.6526
-70.6529
-70.6533
-70.6536
-70.6539
-70.6542
-70.6545
-70.6549
-70.6552
-70.6555
-70.6558
-70.656
-70.6563
-70.6566
-70.6569
-70.6572
-70.6574
-70.6577
-70.658
-70.6582
-70.6585
-70.6587
-70.6589
-70.6592
-70.6594
-70.6597
-70.6599
-70.6601
-70.6603
-70.6605
-70.6607
-70.661
-70.6612
-70.6614
-70.6616
-70.6617
-70.6619
-70.6621
-70.6623
-70.6625
-70.6627
-70.6628
-70.663
-70.6632
-70.6633
-70.6635
-70.6637
-70.6638
-70.664
-70.6641
-70.6643
-70.6644
-70.6646
-70.6647
-70.6648
-70.665
-70.6651
-70.6652
-70.6653
-70.6655
-70.6656
-70.6657
-70.6658
-70.6659
-70.666
-70.6662
-70.6663
-70.6664
-70.6665
-70.6666
-70.6667
-70.6668
-70.6669
-70.667
-70.667
-70.6671
-70.6672
-70.6673
-70.6674
-70.6675
-70.6675
-70.6676
-70.6677
-70.6678
-70.6678
-70.6679
-70.668
-70.668
-70.6681
-70.6682
-70.6682
-70.6683
-70.6683
-70.6684
-70.6685
-70.6685
-70.6686
-70.6686
-70.6687
-70.6687
-70.6688
-70.6688
-70.6688
-70.6689
-70.6689
-70.669
-70.669
-70.669
-70.6691
-70.6691
-70.6691
-70.6692
-70.6692
-70.6692
-70.6693
-70.6693
-70.6693
-70.6694
-70.6694
-70.6694
-70.6694
-70.6694
-70.6695
-70.6695
-70.6695
-70.6695
-70.6695
-70.6696
-70.6696
-70.6696
-70.6696
-70.6696
-70.6696
-70.6696
-70.6697
-70.6697
-70.6697
-70.6697
-70.6697
-70.6697
-70.6697
-70.6697
-70.6697
-70.6697
-70.6697
-70.6697
-70.6697
-70.6697
-70.6697
-70.6697
-70.6697
-70.6697
-70.6697
-70.6697
-70.6697
-70.6697
-70.6697
-70.6697
-70.6697
-70.6697
-70.6697
-70.6697
-70.6697
-70.6697
-70.6697
-70.6697
-70.6697
-70.6697
-70.6697
-70.6696
-70.6696
-70.6696
-70.6696
-70.6696
-70.6696
-70.6696
-70.6696
-70.6696
-70.6695
-70.6695
-70.6695
-70.6695
-70.6695
-70.6695
-70.6695
-70.6695
-70.6694
-70.6694
-70.6694
-70.6694
-70.6694
-70.6694
-70.6693
-70.6693
-70.6693
-70.6693
-70.6693
-70.6693
-70.6693
-70.6692
-70.6692
-70.6692
-70.6692
-70.6692
-70.6691
-70.6691
-70.6691
-70.6691
-70.6691
-70.6691
-70.669
-70.669
-70.669
-70.669
-70.669
-70.6689
-70.6689
-70.6689
-70.6689
-70.6689
-70.6688
-70.6688
-70.6688
-70.6688
-70.6688
-70.6687
-70.6687
-70.6687
-70.6687
-70.6686
-70.6686
-70.6686
-70.6686
-70.6686
-70.6685
-70.6685
-70.6685
-70.6685
-70.6685
-70.6684
-70.6684
-70.6684
-70.6684
-70.6684
-70.6683
-70.6683
-70.6683
-70.6683
-70.6682
-70.6682
-70.6682
-70.6682
-70.6682
-70.6681
-70.6681
-70.6681
-70.6681
-70.6681
-70.6682
-70.8041
-71.511
-72.4905
-73.3124
-73.8315
-74.0936
-64.0655
-53.7591
-50.9309
-49.0647
-46.2811
-28.4511
-14.5288
-40.7004
-68.4102
-68.7099
-67.7076
-66.6556
-65.5862
-64.5175
-63.4685
-62.4573
-61.4978
-60.6008
-59.6063
-58.6564
-57.8836
-57.2194
-56.6412
-56.1401
-55.7081
-55.2999
-54.954
-54.6707
-54.439
-54.2504
-54.0976
-53.9652
-53.8421
-53.7465
-53.674
-53.6191
-53.5778
-53.5474
-53.5237
-53.4899
-53.4644
-53.4485
-53.4391
-53.4342
-53.4325
-53.433
-53.4354
-53.4358
-53.4211
-53.4119
-53.4086
-53.409
-53.4115
-53.4153
-53.4199
-53.4251
-53.4308
-53.4368
-53.4432
-53.4376
-53.4204
-53.4122
-53.4102
-53.4112
-53.4139
-53.4174
-53.4213
-53.4256
-53.43
-53.4345
-53.4386
-53.4423
-53.4454
-53.448
-53.4497
-53.4502
-53.4487
-53.4224
-53.3988
-53.387
-53.3779
-53.3638
-53.3181
-52.9438
-52.7555
-52.8332
-52.9473
-53.0417
-53.1091
-53.1542
-53.1841
-53.2053
-53.2225
-53.2387
-53.2562
-53.2768
-53.3026
-53.3359
-53.3789
-53.4327
-53.4964
-53.5683
-53.6472
-53.7329
-53.8262
-53.7711
-53.547
-53.4749
-53.458
-53.4602
-53.4699
-53.483
-53.4982
-53.5152
-53.5337
-53.5538
-53.5756
-53.5994
-53.6251
-53.6531
-53.6835
-53.7167
-53.7528
-53.7922
-53.8352
-53.882
-53.9329
-53.9882
-54.0483
-54.1135
-54.1842
-54.2607
-54.3431
-54.432
-54.5281
-54.6316
-54.7432
-54.8632
-54.9925
-55.1316
-55.2809
-55.4405
-55.6103
-54.1775
-53.3779
-53.2069
-53.2043
-53.2452
-53.2936
-53.3396
-53.3812
-53.4186
-53.4523
-53.4834
-53.5129
-53.5418
-53.5698
-53.5982
-53.6268
-53.6559
-53.686
-53.7175
-53.7509
-53.7876
-53.8286
-53.8735
-53.921
-53.9717
-54.0274
-54.0866
-54.1496
-54.2169
-54.2886
-54.3663
-54.4527
-54.5479
-54.6582
-54.7746
-54.8962
-55.0278
-55.1656
-55.3093
-55.4594
-55.6165
-55.7873
-55.9706
-56.1742
-56.3965
-54.4947
-53.2837
-53.044
-53.0456
-53.1057
-53.1735
-53.2351
-53.2889
-53.3353
-53.3761
-53.4125
-53.4448
-53.4741
-53.5018
-53.5288
-53.555
-53.5807
-53.6067
-53.6344
-53.6639
-53.696
-53.7315
-53.7688
-53.8077
-53.8486
-53.8939
-53.9441
-53.9972
-54.0533
-54.1148
-54.1842
-54.2621
-54.3454
-54.4371
-54.533
-54.6325
-54.7367
-54.8492
-54.976
-55.1094
-55.2479
-55.4003
-55.5703
-55.7531
-55.9391
-56.1409
-56.3497
-56.5597
-56.7716
-56.9871
-57.2211
-57.4701
-57.7187
-57.9787
-58.2681
-58.565
-55.5201
-53.1649
-52.7063
-52.698
-52.803
-52.9241
-53.0335
-53.1263
-53.2031
-53.2668
-53.3213
-53.3685
-53.4095
-53.4459
-53.4796
-53.5118
-53.5424
-53.5721
-53.602
-53.634
-53.6683
-53.705
-53.7436
-53.7836
-53.8275
-53.8748
-53.9246
-53.9773
-54.0336
-54.094
-54.1623
-54.2431
-54.3312
-54.4254
-54.5237
-54.632
-54.7462
-54.8648
-54.9894
-55.121
-55.2603
-55.4076
-55.567
-55.773
-56.0071
-55.8827
-53.6514
-53.1423
-53.0707
-53.1086
-53.1689
-53.2281
-53.2812
-53.3291
-53.3752
-53.4212
-53.4652
-53.5058
-53.5429
-53.5781
-53.6128
-53.6482
-53.6903
-53.7466
-53.8199
-53.8982
-53.9733
-54.0435
-54.112
-54.1837
-54.2613
-54.3475
-54.4484
-54.5702
-54.7164
-54.8697
-55.0252
-55.183
-55.3459
-55.5168
-55.7012
-55.9022
-56.1253
-56.3786
-56.6648
-56.9729
-57.2885
-57.6094
-57.9361
-58.2726
-58.6242
-58.9941
-59.3871
-59.8111
-60.2741
-60.7691
-61.2732
-61.7703
-62.2594
-62.7387
-63.2139
-63.6956
-64.1854
-64.6797
-65.1938
-65.7314
-66.2748
-66.7964
-67.2852
-67.7437
-68.1713
-68.5722
-68.962
-69.3406
-69.7078
-70.0745
-70.4439
-70.8034
-71.1349
-71.4307
-71.696
-71.9362
-72.1535
-72.3563
-72.5469
-72.7264
-72.9025
-73.0753
-73.2408
-73.3912
-73.5223
-73.6351
-73.734
-73.8223
-73.9032
-73.9777
-74.0462
-74.1121
-74.1777
-74.2422
-74.3028
-74.3564
-74.3999
-74.4352
-74.465
-74.4924
-74.5174
-74.539
-74.5588
-74.5798
-74.6031
-74.6261
-74.6477
-74.6669
-74.6811
-74.6903
-74.6976
-74.7035
-74.7088
-74.7134
-74.7172
-74.7227
-74.7316
-74.7407
-74.7492
-74.7568
-74.7611
-74.7625
-74.7632
-74.7624
-74.7613
-74.7611
-74.7599
-74.7593
-74.7625
-74.7674
-74.7719
-74.7762
-74.7788
-74.7794
-74.7784
-74.7762
-74.7731
-74.7704
-74.768
-74.7659
-74.7635
-74.7631
-74.7664
-74.7688
-74.7717
-74.7738
-74.7749
-74.7744
-74.772
-74.7693
-74.7672
-74.7637
-74.7603
-74.7585
-74.7563
-74.7574
-74.7596
-74.7615
-74.7637
-74.7661
-74.7672
-74.7655
-74.7618
-74.7589
-74.756
-74.7515
-74.7464
-74.743
-74.741
-74.7422
-74.7449
-74.7467
-74.7501
-74.7543
-74.7567
-74.756
-74.7535
-74.7508
-74.7484
-74.7447
-74.74
-74.7346
-74.729
-74.7268
-74.7291
-74.7338
-74.7376
-74.7405
-74.7427
-74.7424
-74.7409
-74.7388
-74.7363
-74.7334
-74.7296
-74.726
-74.7209
-74.7145
-74.71
-74.709
-74.7143
-74.7212
-74.7276
-74.7315
-74.7322
-74.7314
-74.73
-74.7281
-74.7252
-74.7208
-74.7169
-74.7137
-74.7084
-74.7022
-74.6976
-74.6964
-74.6974
-74.7021
-74.7089
-74.7142
-74.7145
-74.7148
-74.7144
-74.7138
-74.7129
-74.7085
-74.7013
-74.6975
-74.6938
-74.6902
-74.6859
-74.6844
-74.682
-74.6832
-74.687
-74.6905
-74.6947
-74.6987
-74.7003
-74.7014
-74.7025
-74.7033
-74.7021
-74.6975
-74.6902
-74.6823
-74.6733
-74.6676
-74.6664
-74.6658
-74.6633
-74.666
-74.6697
-74.6712
-74.6733
-74.6751
-74.6769
-74.6763
-74.6778
-74.6808
-74.6837
-74.6848
-74.6834
-74.6777
-74.669
-74.6594
-74.6529
-74.6468
-74.6431
-74.6412
-74.6415
-74.6469
-74.6515
-74.652
-74.6544
-74.6573
-74.6578
-74.6554
-74.654
-74.6578
-74.6615
-74.6642
-74.6664
-74.6639
-74.659
-74.6504
-74.6409
-74.6327
-74.6265
-74.6227
-74.6194
-74.6163
-74.6183
-74.6213
-74.6238
-74.6275
-74.6313
-74.6334
-74.6332
-74.6309
-74.6287
-74.6323
-74.6348
-74.6353
-74.6377
-74.6391
-74.6382
-74.6339
-74.6265
-74.6202
-74.6145
-74.6096
-74.6012
-74.5938
-74.5897
-74.5881
-74.5915
-74.5948
-74.5961
-74.5959
-74.5968
-74.5987
-74.5983
-74.5986
-74.6002
-74.6006
-74.6043
-74.6071
-74.6063
-74.603
-74.6006
-74.5973
-74.5965
-74.5967
-74.5959
-74.594
-74.5897
-74.5823
-74.5738
-74.5635
-74.5564
-74.5589
-74.5638
-74.5633
-74.5598
-74.5555
-74.5536
-74.5562
-74.561
-74.5651
-74.5663
-74.5686
-74.5713
-74.5754
-74.5757
-74.5712
-74.5665
-74.5633
-74.5588
-74.5527
-74.5525
-74.5573
-74.5607
-74.5621
-74.5589
-74.5517
-74.5452
-74.5374
-74.5275
-74.5191
-74.5172
-74.5171
-74.5173
-74.5116
-74.5032
-74.4964
-74.4978
-74.5076
-74.5196
-74.5264
-74.5276
-74.5239
-74.5192
-74.5149
-74.5133
-74.5111
-74.5124
-74.5095
-74.5006
-74.4925
-74.4909
-74.4966
-74.5025
-74.5056
-74.5058
-74.5019
-74.498
-74.4935
-74.4908
-74.4852
-74.4769
-74.4664
-74.4622
-74.463
-74.4627
-74.4601
-74.4555
-74.4523
-74.4536
-74.453
-74.4521
-74.4586
-74.4694
-74.476
-74.4765
-74.4737
-74.4675
-74.4614
-74.459
-74.4556
-74.4555
-74.4525
-74.448
-74.4442
-74.4385
-74.4336
-74.435
-74.4406
-74.4422
-74.4399
-74.4423
-74.4439
-74.4435
-74.4363
-74.4273
-74.4187
-74.4102
-74.4019
-74.3919
-74.3826
-74.3779
-74.3823
-74.3937
-74.4023
-74.4029
-74.3994
-74.3923
-74.3827
-74.3753
-74.3663
-74.3609
-74.3639
-74.3761
-74.3873
-74.3902
-74.3861
-74.3811
-74.3713
-74.3572
-74.3438
-74.3357
-74.3339
-74.3374
-74.3438
-74.3473
-74.3459
-74.3421
-74.3387
-74.3353
-74.3311
-74.3329
-74.3394
-74.3455
-74.347
-74.3446
-74.3375
-74.3254
-74.3143
-74.3048
-74.2991
-74.2923
-74.2854
-74.2757
-74.2671
-74.257
-74.2502
-74.2467
-74.2417
-74.2429
-74.2564
-74.2703
-74.2789
-74.2773
-74.2694
-74.2588
-74.2478
-74.2402
-74.2375
-74.2344
-74.2316
-74.2279
-74.2247
-74.2193
-74.2149
-74.2202
-74.2313
-74.2356
-74.2329
-74.2247
-74.2182
-74.2111
-74.1986
-74.1878
-74.1793
-74.1723
-74.1645
-74.152
-74.1349
-74.1281
-74.1408
-74.1681
-74.1881
-74.2039
-74.2112
-74.2111
-74.2079
-74.2084
-74.2076
-74.2006
-74.1897
-74.181
-74.1761
-74.1715
-74.1616
-74.1453
-74.1268
-74.1126
-74.1072
-74.1067
-74.1034
-74.0961
-74.0875
-74.0811
-74.073
-74.0634
-74.055
-74.0418
-74.0285
-74.0176
-74.0089
-74.0012
-74.0048
-74.0233
-74.052
-74.0751
-74.0913
-74.1008
-74.1019
-74.094
-74.0797
-74.0641
-74.0464
-74.0339
-74.0256
-74.0209
-74.0204
-74.0226
-74.0182
-74.0058
-73.9873
-73.9645
-73.942
-73.9201
-73.8964
-73.8791
-73.8624
-73.8455
-73.8378
-73.8294
-73.8258
-73.847
-73.8759
-73.8923
-73.8998
-73.9019
-73.9062
-73.9131
-73.9178
-73.9278
-73.9363
-73.944
-73.9507
-73.9527
-73.9461
-73.9322
-73.9181
-73.9071
-73.8937
-73.8841
-73.8785
-73.8688
-73.8579
-73.8435
-73.8263
-73.8129
-73.8047
-73.8113
-73.83
-73.846
-73.8594
-73.8711
-73.8842
-73.9043
-73.9198
-73.9271
-73.9267
-73.9266
-73.9252
-73.9194
-73.9097
-73.8985
-73.8894
-73.8813
-73.8683
-73.8602
-73.8577
-73.8494
-73.8344
-73.8143
-73.7907
-73.7691
-73.7486
-73.7256
-73.701
-73.6805
-73.6623
-73.6525
-73.6481
-73.64
-73.6255
-73.6072
-73.5918
-73.5745
-73.5549
-73.5431
-73.5395
-73.5352
-73.5248
-73.5148
-73.5032
-73.4869
-73.4665
-73.4431
-73.4212
-73.4042
-73.3876
-73.3804
-73.3847
-73.3901
-73.392
-73.3859
-73.373
-73.3598
-73.3512
-73.3507
-73.3525
-73.3535
-73.3523
-73.3444
-73.3305
-73.3171
-73.3124
-73.3097
-73.3093
-73.3055
-73.2952
-73.2796
-73.2602
-73.2484
-73.2648
-73.2817
-73.2874
-73.2898
-73.2892
-73.2817
-73.2683
-73.2518
-73.2461
-73.2463
-73.241
-73.2368
-73.2417
-73.2463
-73.2508
-73.2486
-73.2393
-73.2248
-73.2147
-73.2054
-73.1921
-73.1813
-73.174
-73.1715
-73.1671
-73.157
-73.1418
-73.13
-73.1215
-73.1095
-73.0933
-73.0739
-73.0525
-73.0385
-73.0274
-73.0214
-73.017
-73.0077
-72.9934
-72.9756
-72.9552
-72.9331
-72.9098
-72.8856
-72.8609
-72.8358
-72.8104
-72.7848
-72.7591
-72.7334
-72.7077
-72.6821
-72.6566
-72.6312
-72.6148
-72.6064
-72.596
-72.582
-72.5651
-72.5462
-72.5261
-72.5054
-72.4963
-72.4922
-72.4847
-72.473
-72.4583
-72.4414
-72.423
-72.4039
-72.3956
-72.394
-72.3891
-72.3797
-72.367
-72.3518
-72.3351
-72.3172
-72.2986
-72.2795
-72.2601
-72.2405
-72.2208
-72.201
-72.1812
-72.1615
-72.1418
-72.1222
-72.1028
-72.0834
-72.0642
-72.0452
-72.0264
-72.0077
-71.9892
-71.9708
-71.9527
-71.9347
-71.917
-71.8994
-71.882
-71.8648
-71.8478
-71.831
-71.8144
-71.7979
-71.7817
-71.7656
-71.7498
-71.7341
-71.7186
-71.7033
-71.6881
-71.6732
-71.6584
-71.6438
-71.6293
-71.6151
-71.601
-71.5871
-71.5733
-71.5597
-71.5463
-71.5331
-71.52
-71.507
-71.4943
-71.4817
-71.4692
-71.4569
-71.4447
-71.4327
-71.4209
-71.4092
-71.3976
-71.3862
-71.3749
-71.3638
-71.3528
-71.3419
-71.3312
-71.3206
-71.3102
-71.2998
-71.2897
-71.2796
-71.2697
-71.2599
-71.2503
-71.2407
-71.2313
-71.222
-71.2128
-71.2038
-71.1948
-71.186
-71.1773
-71.1687
-71.1602
-71.1519
-71.1436
-71.1354
-71.1274
-71.1195
-71.1116
-71.1039
-71.0963
-71.0887
-71.0813
-71.074
-71.0667
-71.0596
-71.0525
-71.0456
-71.0387
-71.032
-71.0253
-71.0187
-71.0122
-71.0058
-70.9995
-70.9933
-70.9871
-70.981
-70.9751
-70.9692
-70.9633
-70.9576
-70.9519
-70.9464
-70.9409
-70.9354
-70.9301
-70.9248
-70.9196
-70.9145
-70.9094
-70.9044
-70.8995
-70.8946
-70.8899
-70.8851
-70.8805
-70.8759
-70.8714
-70.867
-70.8626
-70.8582
-70.854
-70.8498
-70.8456
-70.8416
-70.8376
-70.8336
-70.8297
-70.8258
-70.8221
-70.8183
-70.8146
-70.811
-70.8075
-70.8039
-70.8005
-70.7971
-70.7937
-70.7904
-70.7871
-70.7839
-70.7808
-70.7777
-70.7746
-70.7716
-70.7686
-70.7657
-70.7628
-70.76
-70.7572
-70.7544
-70.7517
-70.749
-70.7464
-70.7438
-70.7413
-70.7388
-70.7364
-70.7339
-70.7316
-70.7292
-70.7269
-70.7246
-70.7224
-70.7202
-70.7181
-70.7159
-70.7139
-70.7118
-70.7098
-70.7078
-70.7059
-70.7039
-70.7021
-70.7002
-70.6984
-70.6966
-70.6948
-70.6931
-70.6914
-70.6897
-70.6881
-70.6865
-70.6849
-70.6833
-70.6818
-70.6803
-70.6788
-70.6774
-70.676
-70.6746
-70.6732
-70.6719
-70.6705
-70.6693
-70.668
-70.6667
-70.6655
-70.6643
-70.6631
-70.662
-70.6608
-70.6597
-70.6586
-70.6576
-70.6565
-70.6555
-70.6545
-70.6535
-70.6526
-70.6516
-70.6507
-70.6498
-70.6489
-70.648
-70.6472
-70.6463
-70.6455
-70.6447
-70.6439
-70.6432
-70.6424
-70.6417
-70.641
-70.6403
-70.6396
-70.6389
-70.6383
-70.6377
-70.637
-70.6364
-70.6358
-70.6353
-70.6347
-70.6341
-70.6336
-70.6331
-70.6326
-70.6321
-70.6316
-70.6311
-70.6307
-70.6302
-70.6298
-70.6294
-70.6289
-70.6285
-70.6282
-70.6278
-70.6274
-70.6271
-70.6267
-70.6264
-70.6261
-70.6257
-70.6254
-70.6251
-70.6249
-70.6246
-70.6243
-70.6241
-70.6238
-70.6236
-70.6233
-70.6231
-70.6229
-70.6227
-70.6225
-70.6223
-70.6221
-70.622
-70.6218
-70.6217
-70.6215
-70.6214
-70.6212
-70.6211
-70.621
-70.6209
-70.6208
-70.6207
-70.6206
-70.6205
-70.6204
-70.6203
-70.6202
-70.6202
-70.6201
-70.6201
-70.62
-70.62
-70.62
-70.6199
-70.6199
-70.6199
-70.6199
-70.6199
-70.6198
-70.6198
-70.6199
-70.6199
-70.6199
-70.6199
-70.6199
-70.6199
-70.62
-70.62
-70.62
-70.6201
-70.6201
-70.6202
-70.6202
-70.6203
-70.6203
-70.6204
-70.6205
-70.6205
-70.6206
-70.6207
-70.6208
-70.6209
-70.6209
-70.621
-70.6211
-70.6212
-70.6213
-70.6214
-70.6215
-70.6216
-70.6217
-70.6218
-70.622
-70.6221
-70.6222
-70.6223
-70.6224
-70.6225
-70.6227
-70.6228
-70.6229
-70.6231
-70.6232
-70.6233
-70.6235
-70.6236
-70.6237
-70.6239
-70.624
-70.6242
-70.6243
-70.6245
-70.6246
-70.6248
-70.6249
-70.6251
-70.6252
-70.6254
-70.6255
-70.6257
-70.6258
-70.626
-70.6261
-70.6263
-70.6265
-70.6266
-70.6268
-70.627
-70.6271
-70.6273
-70.6275
-70.6276
-70.6278
-70.628
-70.6281
-70.6283
-70.6285
-70.6286
-70.6288
-70.629
-70.6291
-70.6293
-70.6295
-70.6297
-70.6298
-70.63
-70.6302
-70.6304
-70.6305
-70.6307
-70.6309
-70.6311
-70.6312
-70.6314
-70.6316
-70.6318
-70.6319
-70.6321
-70.6323
-70.6325
-70.6326
-70.6328
-70.633
-70.6332
-70.6333
-70.6335
-70.6337
-70.6339
-70.634
-70.6342
-70.6344
-70.6346
-70.6347
-70.6349
-70.6351
-70.6352
-70.6354
-70.6356
-70.6358
-70.6359
-70.6361
-70.6363
-70.6364
-70.6366
-70.6368
-70.637
-70.6371
-70.6373
-70.6375
-70.6376
-70.6378
-70.638
-70.6381
-70.6383
-70.6385
-70.6386
-70.6388
-70.639
-70.6391
-70.6393
-70.6395
-70.6396
-70.6398
-70.6399
-70.6401
-70.6403
-70.6404
-70.6406
-70.6407
-70.6409
-70.6411
-70.6412
-70.6414
-70.6415
-70.6417
-70.6418
-70.642
-70.6421
-70.6423
-70.6424
-70.6426
-70.6428
-70.6429
-70.6431
-70.6432
-70.6433

