-70
-70.1661
-70.23
-70.2566
-70.2695
-70.2773
-70.283
-70.2879
-70.2925
-70.297
-70.3014
-70.3057
-70.31
-70.3142
-70.3185
-70.3226
-70.3268
-70.3309
-70.335
-70.3391
-70.3431
-70.3471
-70.351
-70.3549
-70.3588
-70.3626
-70.3664
-70.3701
-70.3738
-70.3775
-70.3811
-70.3847
-70.3883
-70.3918
-70.3953
-70.3987
-70.4021
-70.4055
-70.4088
-70.4121
-70.4154
-70.4186
-70.4218
-70.4249
-70.428
-70.4311
-70.4341
-70.4372
-70.4401
-70.4431
-70.446
-70.4489
-70.4517
-70.4545
-70.4573
-70.4601
-70.4628
-70.4655
-70.4682
-70.4708
-70.4734
-70.476
-70.4785
-70.481
-70.4835
-70.486
-70.4884
-70.4908
-70.4932
-70.4955
-70.4978
-70.5001
-70.5024
-70.5046
-70.5068
-70.509
-70.5112
-70.5133
-70.5154
-70.5175
-70.5196
-70.5216
-70.5236
-70.5256
-70.5276
-70.5295
-70.5315
-70.5334
-70.5352
-70.5371
-70.5389
-70.5407
-70.5425
-70.5443
-70.5461
-70.5478
-70.5495
-70.5512
-70.5528
-70.5545
-70.5561
-70.5577
-70.5593
-70.5609
-70.5624
-70.5639
-70.5655
-70.5669
-70.5684
-70.5699
-70.5713
-70.5727
-70.5741
-70.5755
-70.5769
-70.5782
-70.5796
-70.5809
-70.5822
-70.5835
-70.5848
-70.586
-70.5873
-70.5885
-70.5897
-70.5909
-70.5921
-70.5932
-70.5944
-70.5955
-70.5966
-70.5977
-70.5988
-70.5999
-70.601
-70.602
-70.603
-70.6041
-70.6051
-70.6061
-70.6071
-70.608
-70.609
-70.6099
-70.6109
-70.6118
-70.6127
-70.6136
-70.6145
-70.6154
-70.6162
-70.6171
-70.6179
-70.6187
-70.6196
-70.6204
-70.6212
-70.622
-70.6227
-70.6235
-70.6242
-70.625
-70.6257
-70.6265
-70.6272
-70.6279
-70.6286
-70.6293
-70.6299
-70.6306
-70.6313
-70.6319
-70.6325
-70.6332
-70.6338
-70.6344
-70.635
-70.6356
-70.6362
-70.6368
-70.6374
-70.6379
-70.6385
-70.639
-70.6396
-70.6401
-70.6406
-70.6411
-70.6417
-70.6422
-70.6427
-70.6431
-70.6436
-70.6441
-70.6446
-70.645
-70.6455
-70.6459
-70.6464
-70.6468
-70.6472
-70.6476
-70.6481
-70.6485
-70.6489
-70.6493
-70.6497
-70.65
-70.6504
-70.6508
-70.6512
-70.6515
-70.6519
-70.6522
-70.6526
-70.6529
-70.6533
-70.6536
-70.6539
-70.6542
-70.6545
-70.6549
-70.6552
-70.6555
-70.6558
-70.656
-70.6563
-70.6566
-70.6569
-70.6572
-70.6574
-70.6577
-70.658
-70.6582
-70.6585
-70.6587
-70.6589
-70.6592
-70.6594
-70.6597
-70.6599
-70.6601
-70.6603
-70.6605
-70.6607
-70.661
-70.6612
-70.6614
-70.6616
-70.6617
-70.6619
-70.6621
-70.6623
-70.6625
-70.6627
-70.6628
-70.663
-70.6632
-70.6633
-70.6635
-70.6637
-70.6638
-70.664
-70.6641
-70.6643
-70.6644
-70.6646
-70.6647
-70.6648
-70.665
-70.6651
-70.6652
-70.6653
-70.6655
-70.6656
-70.6657
-70.6658
-70.6659
-70.666
-70.6662
-70.6663
-70.6664
-70.6665
-70.6666
-70.6667
-70.6668
-70.6669
-70.667
-70.667
-70.6671
-70.6672
-70.6673
-70.6674
-70.6675
-70.6675
-70.6676
-70.6677
-70.6678
-70.6678
-70.6679
-70.668
-70.668
-70.6681
-70.6682
-70.6682
-70.6683
-70.6683
-70.6684
-70.6685
-70.6685
-70.6686
-70.6686
-70.6687
-70.6687
-70.6688
-70.6688
-70.6688
-70.6689
-70.6689
-70.669
-70.669
-70.669
-70.6691
-70.6691
-70.6691
-70.6692
-70.6692
-70.6692
-70.6693
-70.6693
-70.6693
-70.6694
-70.6694
-70.6694
-70.6694
-70.6694
-70.6695
-70.6695
-70.6695
-70.6695
-70.6695
-70.6696
-70.6696
-70.6696
-70.6696
-70.6696
-70.6696
-70.6696
-70.6697
-70.6697
-70.6697
-70.6697
-70.6697
-70.6697
-70.6697
-70.6697
-70.6697
-70.6697
-70.6697
-70.6697
-70.6697
-70.6697
-70.6697
-70.6697
-70.6697
-70.6697
-70.6697
-70.6697
-70.6697
-70.6697
-70.6697
-70.6697
-70.6697
-70.6697
-70.6697
-70.6697
-70.6697
-70.6697
-70.6697
-70.6697
-70.6697
-70.6697
-70.6697
-70.6696
-70.6696
-70.6696
-70.6696
-70.6696
-70.6696
-70.6696
-70.6696
-70.6696
-70.6695
-70.6695
-70.6695
-70.6695
-70.6695
-70.6695
-70.6695
-70.6695
-70.6694
-70.6694
-70.6694
-70.6694
-70.6694
-70.6694
-70.6693
-70.6693
-70.6693
-70.6693
-70.6693
-70.6693
-70.6693
-70.6692
-70.6692
-70.6692
-70.6692
-70.6692
-70.6691
-70.6691
-70.6691
-70.6691
-70.6691
-70.6691
-70.669
-70.669
-70.669
-70.669
-70.669
-70.6689
-70.6689
-70.6689
-70.6689
-70.6689
-70.6688
-70.6688
-70.6688
-70.6688
-70.6688
-70.6687
-70.6687
-70.6687
-70.6687
-70.6686
-70.6686
-70.6686
-70.6686
-70.6686
-70.6685
-70.6685
-70.6685
-70.6685
-70.6685
-70.6684
-70.6684
-70.6684
-70.6684
-70.6684
-70.6683
-70.6683
-70.6683
-70.6683
-70.6682
-70.6682
-70.6682
-70.6682
-70.6682
-70.6681
-70.6681
-70.6681
-70.6681
-70.6681
-70.6864
-70.9705
-71.755
-72.684
-73.4406
-73.9162
-60.5661
-52.8528
-50.4224
-48.4384
-44.5218
5.11538
-23.474
-52.2431
-69.0137
-68.3349
-67.2965
-66.2235
-65.1374
-64.0561
-62.9973
-61.9778
-61.0118
-60.1104
-59.1712
-58.3331
-57.6111
-56.978
-56.4233
-55.941
-55.5207
-55.1437
-54.8263
-54.5622
-54.3441
-54.1652
-54.0183
-53.8888
-53.7815
-53.697
-53.6309
-53.5794
-53.5398
-53.5095
-53.4808
-53.4551
-53.4368
-53.4243
-53.4161
-53.4109
-53.408
-53.4068
-53.4048
-53.3977
-53.3923
-53.3902
-53.3901
-53.3914
-53.3934
-53.396
-53.399
-53.4022
-53.4058
-53.4051
-53.3999
-53.3954
-53.394
-53.3945
-53.3961
-53.3982
-53.4006
-53.4032
-53.406
-53.4088
-53.4117
-53.4146
-53.4177
-53.4206
-53.4222
-53.4135
-53.4072
-53.4003
-53.3964
-53.3947
-53.3938
-53.393
-53.3915
-53.3884
-53.3819
-53.3646
-53.2486
-52.9466
-52.9435
-53.0211
-53.0975
-53.1554
-53.1953
-53.222
-53.2405
-53.2546
-53.2671
-53.2799
-53.2946
-53.3341
-53.3862
-53.4094
-53.4209
-53.4277
-53.4306
-53.4324
-53.4347
-53.438
-53.4425
-53.4485
-53.4557
-53.464
-53.4735
-53.4843
-53.4963
-53.5098
-53.5248
-53.5415
-53.5599
-53.5801
-53.6024
-53.6269
-53.6538
-53.6832
-53.7155
-53.7508
-53.7896
-53.8319
-53.878
-53.9284
-53.9831
-54.0427
-54.1074
-53.8908
-53.5486
-53.443
-53.4212
-53.4272
-53.4385
-53.4194
-53.4114
-53.4141
-53.4217
-53.4314
-53.442
-53.4529
-53.4641
-53.4756
-53.4874
-53.4996
-53.5123
-53.5259
-53.5407
-53.5563
-53.5728
-53.5905
-53.6094
-53.6299
-53.652
-53.6759
-53.7018
-53.7303
-53.7621
-53.7967
-53.834
-53.8742
-53.9177
-53.9648
-54.0162
-54.0762
-54.1444
-54.2163
-54.2928
-54.3754
-53.8191
-53.448
-53.3578
-53.3503
-53.3662
-53.388
-53.4108
-53.4285
-53.411
-53.4032
-53.4052
-53.4116
-53.4199
-53.4289
-53.4381
-53.4474
-53.4572
-53.4674
-53.4778
-53.4884
-53.4997
-53.5119
-53.525
-53.5394
-53.5547
-53.5708
-53.5885
-53.6085
-53.6308
-53.6545
-53.6795
-53.7063
-53.7366
-53.7708
-53.8091
-53.8497
-53.8927
-53.9398
-53.9935
-54.0536
-54.1171
-54.1837
-54.2541
-54.3288
-54.4144
-54.513
-54.6161
-54.7225
-54.6854
-53.5951
-53.3134
-53.2668
-53.2822
-53.3118
-53.3426
-53.371
-53.3973
-53.4218
-53.4441
-53.4648
-53.4845
-53.4576
-53.4266
-53.417
-53.4174
-53.4221
-53.4285
-53.4358
-53.444
-53.4531
-53.4625
-53.4721
-53.4821
-53.4933
-53.5058
-53.519
-53.5328
-53.5474
-53.563
-53.5797
-53.5991
-53.6204
-53.6444
-53.6709
-53.6989
-53.7306
-53.7666
-53.8067
-53.8489
-53.8935
-53.9414
-53.9962
-54.0556
-54.1208
-54.1934
-54.2738
-53.8206
-53.4421
-53.3512
-53.3426
-53.3568
-53.3763
-53.3964
-53.4157
-53.4338
-53.4251
-53.411
-53.4083
-53.4117
-53.4176
-53.4245
-53.4319
-53.4395
-53.4473
-53.4559
-53.4649
-53.475
-53.4866
-53.5004
-53.5149
-53.5301
-53.546
-53.5626
-53.5801
-53.5989
-53.6213
-53.6572
-53.7071
-53.7722
-53.8444
-53.9122
-53.9777
-54.0436
-54.1142
-54.1915
-54.2929
-54.447
-54.6298
-54.8081
-54.9785
-55.1414
-55.3041
-55.4714
-55.6493
-55.8423
-56.0702
-56.3587
-56.6848
-57.0152
-57.3457
-57.6712
-57.9982
-58.3337
-58.6857
-59.0608
-59.4654
-59.9243
-60.4254
-60.9377
-61.4405
-61.9348
-62.42
-62.8992
-63.378
-63.8591
-64.3461
-64.8581
-65.4003
-65.9555
-66.4866
-66.9845
-67.4579
-67.901
-68.3181
-68.7164
-69.0964
-69.4739
-69.8591
-70.2467
-70.6242
-70.9665
-71.2727
-71.5526
-71.8041
-72.0324
-72.2416
-72.4345
-72.6234
-72.8142
-73.0012
-73.1782
-73.3355
-73.4715
-73.5916
-73.6965
-73.7897
-73.8727
-73.9475
-74.0195
-74.0928
-74.1678
-74.238
-74.301
-74.3531
-74.397
-74.4353
-74.4675
-74.4943
-74.5179
-74.5402
-74.5649
-74.592
-74.6193
-74.6441
-74.6653
-74.6811
-74.6931
-74.703
-74.7102
-74.7143
-74.7188
-74.7246
-74.7328
-74.7437
-74.7547
-74.7643
-74.7714
-74.7761
-74.778
-74.7792
-74.7791
-74.7774
-74.7757
-74.7763
-74.7791
-74.7836
-74.7888
-74.7929
-74.7956
-74.7967
-74.7968
-74.7946
-74.7914
-74.7889
-74.7874
-74.7862
-74.7861
-74.7876
-74.7906
-74.794
-74.7963
-74.7967
-74.7962
-74.7951
-74.7921
-74.7872
-74.7833
-74.7821
-74.7818
-74.7812
-74.7822
-74.7831
-74.7857
-74.7875
-74.7879
-74.7868
-74.7855
-74.783
-74.7783
-74.7739
-74.7722
-74.7726
-74.7736
-74.7745
-74.7745
-74.7755
-74.7787
-74.7802
-74.7796
-74.7779
-74.7745
-74.7692
-74.7643
-74.7618
-74.7606
-74.7595
-74.7594
-74.7613
-74.762
-74.7635
-74.7673
-74.7682
-74.7672
-74.7659
-74.764
-74.7598
-74.7543
-74.7526
-74.7519
-74.7506
-74.7498
-74.7497
-74.7507
-74.7522
-74.7543
-74.7571
-74.7584
-74.7572
-74.7541
-74.7503
-74.7459
-74.7418
-74.7388
-74.7366
-74.7357
-74.7359
-74.7359
-74.7363
-74.7357
-74.7362
-74.7394
-74.7435
-74.7454
-74.7446
-74.7419
-74.7384
-74.736
-74.7336
-74.7303
-74.7265
-74.7246
-74.7247
-74.7249
-74.7242
-74.7231
-74.7222
-74.7236
-74.7266
-74.7296
-74.7305
-74.7279
-74.7238
-74.7223
-74.723
-74.7221
-74.7177
-74.712
-74.7083
-74.7082
-74.7072
-74.7043
-74.7032
-74.7047
-74.7067
-74.7087
-74.7097
-74.712
-74.7142
-74.7131
-74.7123
-74.7135
-74.714
-74.7133
-74.7099
-74.7043
-74.6995
-74.6948
-74.6902
-74.687
-74.6859
-74.6843
-74.6846
-74.6866
-74.6879
-74.6888
-74.6904
-74.6927
-74.6946
-74.6982
-74.6988
-74.6989
-74.6971
-74.6953
-74.6923
-74.6864
-74.6791
-74.6728
-74.667
-74.6642
-74.6625
-74.6609
-74.6596
-74.6596
-74.6631
-74.6665
-74.6684
-74.6715
-74.6749
-74.6805
-74.6859
-74.687
-74.6865
-74.6835
-74.6802
-74.6774
-74.6728
-74.6648
-74.6567
-74.6494
-74.6429
-74.6371
-74.6338
-74.6314
-74.6302
-74.6296
-74.6313
-74.6358
-74.6412
-74.6514
-74.6594
-74.6628
-74.6648
-74.6655
-74.6649
-74.6609
-74.6582
-74.655
-74.6509
-74.645
-74.6389
-74.6318
-74.6241
-74.6171
-74.6105
-74.6044
-74.6009
-74.6016
-74.6015
-74.6007
-74.6022
-74.6053
-74.6099
-74.6185
-74.6288
-74.6356
-74.6403
-74.6426
-74.6411
-74.6378
-74.6366
-74.6353
-74.6312
-74.6259
-74.6213
-74.6151
-74.6071
-74.597
-74.585
-74.5746
-74.572
-74.5722
-74.5719
-74.5695
-74.5668
-74.5661
-74.5686
-74.577
-74.5834
-74.5873
-74.5934
-74.5979
-74.5986
-74.6012
-74.6037
-74.6049
-74.6052
-74.6033
-74.5995
-74.5968
-74.5915
-74.5856
-74.5781
-74.5724
-74.5672
-74.5605
-74.5514
-74.5424
-74.5389
-74.5364
-74.5322
-74.5294
-74.528
-74.5236
-74.5201
-74.5236
-74.5326
-74.5422
-74.5456
-74.5462
-74.5468
-74.5487
-74.5526
-74.555
-74.5542
-74.5546
-74.5572
-74.558
-74.5568
-74.5523
-74.5477
-74.5436
-74.5369
-74.5276
-74.5179
-74.5105
-74.5086
-74.511
-74.5125
-74.5083
-74.5024
-74.4972
-74.4889
-74.4788
-74.4686
-74.4629
-74.4629
-74.4662
-74.4691
-74.4729
-74.4794
-74.4903
-74.4974
-74.4983
-74.4988
-74.4988
-74.4972
-74.4985
-74.4982
-74.495
-74.4925
-74.4921
-74.4965
-74.4999
-74.4984
-74.4922
-74.4827
-74.4731
-74.4661
-74.4573
-74.4475
-74.4396
-74.4374
-74.4363
-74.4355
-74.4354
-74.4331
-74.4302
-74.4323
-74.4351
-74.4339
-74.4281
-74.4227
-74.4193
-74.412
-74.4053
-74.4019
-74.4009
-74.4011
-74.4025
-74.405
-74.4034
-74.4042
-74.4047
-74.4023
-74.3975
-74.3919
-74.391
-74.3924
-74.3963
-74.4007
-74.4061
-74.4072
-74.4074
-74.4042
-74.4007
-74.3971
-74.3939
-74.3915
-74.3853
-74.3753
-74.3613
-74.3502
-74.3462
-74.3474
-74.353
-74.353
-74.3455
-74.3329
-74.3181
-74.3046
-74.2962
-74.2915
-74.2912
-74.2995
-74.3087
-74.3189
-74.327
-74.3319
-74.3314
-74.3318
-74.3336
-74.3309
-74.3235
-74.3159
-74.3116
-74.3027
-74.2875
-74.2699
-74.2524
-74.2425
-74.2437
-74.247
-74.2525
-74.2553
-74.2588
-74.2571
-74.2526
-74.2492
-74.2432
-74.2388
-74.2337
-74.2356
-74.2433
-74.251
-74.2622
-74.2709
-74.272
-74.2679
-74.2565
-74.2399
-74.225
-74.2168
-74.2108
-74.2077
-74.2085
-74.2085
-74.2091
-74.2074
-74.2025
-74.1914
-74.1805
-74.1737
-74.1688
-74.17
-74.1673
-74.1598
-74.1514
-74.1463
-74.1414
-74.1321
-74.1248
-74.1195
-74.1168
-74.1146
-74.1107
-74.1106
-74.1087
-74.1047
-74.1014
-74.1118
-74.1254
-74.1342
-74.1413
-74.1462
-74.1504
-74.1493
-74.1422
-74.1344
-74.1248
-74.112
-74.0975
-74.0791
-74.0618
-74.0504
-74.0422
-74.0328
-74.0179
-74.0029
-73.9938
-73.9839
-73.9748
-73.9722
-73.9754
-73.9785
-73.9836
-73.9854
-73.985
-73.9835
-73.9842
-73.9879
-73.9988
-74.0111
-74.023
-74.0276
-74.0293
-74.0252
-74.0175
-74.0052
-73.9963
-73.9954
-73.9944
-73.9864
-73.9753
-73.9633
-73.9529
-73.941
-73.9386
-73.9456
-73.9503
-73.9465
-73.9378
-73.9316
-73.9297
-73.9294
-73.9227
-73.9127
-73.902
-73.8941
-73.8896
-73.8882
-73.8896
-73.8852
-73.8732
-73.8613
-73.8561
-73.8489
-73.8355
-73.8197
-73.8039
-73.7845
-73.7614
-73.736
-73.7176
-73.7145
-73.7295
-73.7457
-73.7541
-73.7523
-73.75
-73.7493
-73.7469
-73.7379
-73.7225
-73.7025
-73.6791
-73.6533
-73.6296
-73.6093
-73.5873
-73.5689
-73.5529
-73.5489
-73.5575
-73.5622
-73.5611
-73.5655
-73.571
-73.5697
-73.5604
-73.5553
-73.5553
-73.561
-73.5636
-73.5681
-73.5726
-73.5691
-73.5715
-73.5883
-73.5982
-73.6026
-73.6045
-73.604
-73.5967
-73.5829
-73.567
-73.5599
-73.5696
-73.5754
-73.5729
-73.5757
-73.5758
-73.5682
-73.556
-73.5458
-73.5324
-73.515
-73.5011
-73.4866
-73.4683
-73.4466
-73.4224
-73.3985
-73.3808
-73.3624
-73.3469
-73.334
-73.3178
-73.2977
-73.2747
-73.2498
-73.2235
-73.1962
-73.1682
-73.1398
-73.1112
-73.0823
-73.0533
-73.0269
-73.0203
-73.0177
-73.0124
-73.0116
-73.016
-73.0185
-73.0231
-73.0252
-73.0202
-73.0091
-72.9935
-72.9749
-72.9541
-72.9318
-72.9084
-72.8842
-72.8595
-72.8343
-72.8089
-72.7833
-72.7576
-72.7319
-72.7062
-72.6805
-72.6549
-72.6294
-72.6041
-72.5789
-72.5539
-72.5291
-72.5045
-72.4801
-72.456
-72.4432
-72.4375
-72.4291
-72.4169
-72.4018
-72.3846
-72.3661
-72.3467
-72.3268
-72.3065
-72.2859
-72.2653
-72.2447
-72.224
-72.2034
-72.1829
-72.1625
-72.1423
-72.1222
-72.1023
-72.0825
-72.063
-72.0436
-72.0244
-72.0054
-71.9866
-71.968
-71.9496
-71.9314
-71.9134
-71.8956
-71.878
-71.8606
-71.8434
-71.8264
-71.8096
-71.793
-71.7766
-71.7604
-71.7444
-71.7285
-71.7129
-71.6974
-71.6822
-71.6671
-71.6522
-71.6374
-71.6229
-71.6085
-71.5943
-71.5803
-71.5665
-71.5528
-71.5393
-71.5259
-71.5127
-71.4997
-71.4868
-71.4741
-71.4616
-71.4492
-71.437
-71.4249
-71.413
-71.4012
-71.3896
-71.3781
-71.3668
-71.3556
-71.3445
-71.3336
-71.3228
-71.3122
-71.3017
-71.2914
-71.2811
-71.271
-71.2611
-71.2513
-71.2416
-71.232
-71.2225
-71.2132
-71.204
-71.1949
-71.186
-71.1771
-71.1684
-71.1598
-71.1513
-71.1429
-71.1346
-71.1264
-71.1184
-71.1104
-71.1025
-71.0948
-71.0872
-71.0796
-71.0722
-71.0648
-71.0576
-71.0504
-71.0434
-71.0364
-71.0296
-71.0228
-71.0161
-71.0096
-71.0031
-70.9967
-70.9904
-70.9841
-70.978
-70.9719
-70.9659
-70.9601
-70.9542
-70.9485
-70.9429
-70.9373
-70.9318
-70.9264
-70.921
-70.9158
-70.9106
-70.9055
-70.9004
-70.8955
-70.8906
-70.8857
-70.881
-70.8763
-70.8716
-70.8671
-70.8626
-70.8582
-70.8538
-70.8495
-70.8453
-70.8411
-70.837
-70.8329
-70.8289
-70.825
-70.8211
-70.8173
-70.8135
-70.8098
-70.8062
-70.8026
-70.799
-70.7955
-70.7921
-70.7887
-70.7854
-70.7821
-70.7789
-70.7757
-70.7726
-70.7695
-70.7665
-70.7635
-70.7605
-70.7576
-70.7548
-70.752
-70.7492
-70.7465
-70.7438
-70.7412
-70.7386
-70.7361
-70.7336
-70.7311
-70.7287
-70.7263
-70.724
-70.7217
-70.7194
-70.7172
-70.715
-70.7128
-70.7107
-70.7086
-70.7065
-70.7045
-70.7025
-70.7006
-70.6987
-70.6968
-70.695
-70.6931
-70.6914
-70.6896
-70.6879
-70.6862
-70.6845
-70.6829
-70.6813
-70.6797
-70.6782
-70.6766
-70.6751
-70.6737
-70.6722
-70.6708
-70.6695
-70.6681
-70.6668
-70.6655
-70.6642
-70.6629
-70.6617
-70.6605
-70.6593
-70.6581
-70.657
-70.6559
-70.6548
-70.6537
-70.6526
-70.6516
-70.6506
-70.6496
-70.6486
-70.6477
-70.6468
-70.6458
-70.645
-70.6441
-70.6432
-70.6424
-70.6416
-70.6408
-70.64
-70.6392
-70.6385
-70.6378
-70.6371
-70.6364
-70.6357
-70.635
-70.6344
-70.6337
-70.6331
-70.6325
-70.6319
-70.6313
-70.6308
-70.6302
-70.6297
-70.6292
-70.6287
-70.6282
-70.6277
-70.6273
-70.6268
-70.6264
-70.6259
-70.6255
-70.6251
-70.6247
-70.6244
-70.624
-70.6236
-70.6233
-70.623
-70.6226
-70.6223
-70.622
-70.6217
-70.6214
-70.6212
-70.6209
-70.6206
-70.6204
-70.6202
-70.6199
-70.6197
-70.6195
-70.6193
-70.6191
-70.6189
-70.6188
-70.6186
-70.6184
-70.6183
-70.6181
-70.618
-70.6179
-70.6178
-70.6176
-70.6175
-70.6174
-70.6173
-70.6173
-70.6172
-70.6171
-70.617
-70.617
-70.6169
-70.6169
-70.6168
-70.6168
-70.6168
-70.6167
-70.6167
-70.6167
-70.6167
-70.6167
-70.6167
-70.6167
-70.6167
-70.6167
-70.6167
-70.6167
-70.6168
-70.6168
-70.6168
-70.6169
-70.6169
-70.617
-70.617
-70.6171
-70.6172
-70.6172
-70.6173
-70.6174
-70.6174
-70.6175
-70.6176
-70.6177
-70.6178
-70.6179
-70.618
-70.6181
-70.6182
-70.6183
-70.6184
-70.6185
-70.6186
-70.6187
-70.6188
-70.6189
-70.6191
-70.6192
-70.6193
-70.6195
-70.6196
-70.6197
-70.6199
-70.62
-70.6201
-70.6203
-70.6204
-70.6206
-70.6207
-70.6209
-70.621
-70.6212
-70.6213
-70.6215
-70.6216
-70.6218
-70.622
-70.6221
-70.6223
-70.6224
-70.6226
-70.6228
-70.6229
-70.6231
-70.6233
-70.6234
-70.6236
-70.6238
-70.624
-70.6241
-70.6243
-70.6245
-70.6247
-70.6248
-70.625
-70.6252
-70.6254
-70.6256
-70.6257
-70.6259
-70.6261
-70.6263
-70.6265
-70.6267
-70.6268
-70.627
-70.6272
-70.6274
-70.6276
-70.6278
-70.628
-70.6281
-70.6283
-70.6285
-70.6287
-70.6289
-70.6291
-70.6293
-70.6295
-70.6296
-70.6298
-70.63
-70.6302
-70.6304
-70.6306
-70.6308
-70.631
-70.6311
-70.6313
-70.6315
-70.6317
-70.6319
-70.6321
-70.6323
-70.6325
-70.6326
-70.6328
-70.633
-70.6332
-70.6334
-70.6336
-70.6337
-70.6339
-70.6341
-70.6343
-70.6345
-70.6347
-70.6348
-70.635
-70.6352
-70.6354
-70.6356
-70.6358
-70.6359
-70.6361
-70.6363
-70.6365
-70.6366
-70.6368
-70.637
-70.6372
-70.6374
-70.6375
-70.6377
-70.6379
-70.638
-70.6382
-70.6384
-70.6386
-70.6387
-70.6389
-70.6391
-70.6392
-70.6394
-70.6396
-70.6398
-70.6399
-70.6401
-70.6403
-70.6404
-70.6406
-70.6407
-70.6409
-70.6411
-70.6412
-70.6414
-70.6416
-70.6417
-70.6419
-70.642
-70.6422
-70.6423
-70.6425
-70.6427
-70.6428
-70.643
-70.6431
-70.6433
-70.6434
-70.6436
-70.6437
-70.6439
-70.644
-70.6442
-70.6443
-70.6445
-70.6446
-70.6448
-70.6449
-70.645

