-70
-70.2123
-70.2926
-70.3252
-70.3404
-70.3491
-70.3555
-70.3609
-70.3659
-70.3708
-70.3757
-70.3805
-70.3853
-70.39
-70.3948
-70.3995
-70.4042
-70.4088
-70.4134
-70.4179
-70.4224
-70.4269
-70.4313
-70.4357
-70.44
-70.4443
-70.4485
-70.4527
-70.4569
-70.461
-70.465
-70.469
-70.473
-70.4769
-70.4808
-70.4846
-70.4884
-70.4921
-70.4958
-70.4995
-70.5031
-70.5067
-70.5102
-70.5137
-70.5172
-70.5206
-70.524
-70.5273
-70.5306
-70.5339
-70.5371
-70.5403
-70.5434
-70.5465
-70.5496
-70.5526
-70.5556
-70.5586
-70.5615
-70.5644
-70.5673
-70.5701
-70.5729
-70.5757
-70.5784
-70.5811
-70.5838
-70.5864
-70.589
-70.5916
-70.5941
-70.5966
-70.5991
-70.6016
-70.604
-70.6064
-70.6087
-70.6111
-70.6134
-70.6157
-70.6179
-70.6201
-70.6223
-70.6245
-70.6266
-70.6287
-70.6308
-70.6329
-70.6349
-70.6369
-70.6389
-70.6409
-70.6428
-70.6448
-70.6466
-70.6485
-70.6503
-70.6522
-70.654
-70.6557
-70.6575
-70.6592
-70.6609
-70.6626
-70.6643
-70.6659
-70.6675
-70.6691
-70.6707
-70.6723
-70.6738
-70.6754
-70.6769
-70.6783
-70.6798
-70.6812
-70.6827
-70.6841
-70.6855
-70.6868
-70.6882
-70.6895
-70.6908
-70.6921
-70.6934
-70.6947
-70.6959
-70.6972
-70.6984
-70.6996
-70.7008
-70.702
-70.7031
-70.7042
-70.7054
-70.7065
-70.7076
-70.7087
-70.7097
-70.7108
-70.7118
-70.7128
-70.7138
-70.7148
-70.7158
-70.7168
-70.7177
-70.7187
-70.7196
-70.7205
-70.7214
-70.7223
-70.7232
-70.7241
-70.7249
-70.7258
-70.7266
-70.7274
-70.7282
-70.729
-70.7298
-70.7306
-70.7314
-70.7321
-70.7329
-70.7336
-70.7343
-70.735
-70.7357
-70.7364
-70.7371
-70.7378
-70.7384
-70.7391
-70.7397
-70.7404
-70.741
-70.7416
-70.7422
-70.7428
-70.7434
-70.744
-70.7446
-70.7451
-70.7457
-70.7462
-70.7468
-70.7473
-70.7478
-70.7484
-70.7489
-70.7494
-70.7499
-70.7504
-70.7508
-70.7513
-70.7518
-70.7522
-70.7527
-70.7531
-70.7536
-70.754
-70.7544
-70.7549
-70.7553
-70.7557
-70.7561
-70.7565
-70.7569
-70.7573
-70.7576
-70.758
-70.7584
-70.7587
-70.7591
-70.7594
-70.7598
-70.7601
-70.7605
-70.7608
-70.7611
-70.7614
-70.7617
-70.7621
-70.7624
-70.7627
-70.763
-70.7632
-70.7635
-70.7638
-70.7641
-70.7644
-70.7646
-70.7649
-70.7651
-70.7654
-70.7656
-70.7659
-70.7661
-70.7664
-70.7666
-70.7668
-70.7671
-70.7673
-70.7675
-70.7677
-70.7679
-70.7681
-70.7684
-70.7686
-70.7688
-70.769
-70.7691
-70.7693
-70.7695
-70.7697
-70.7699
-70.7701
-70.7702
-70.7704
-70.7706
-70.7707
-70.7709
-70.7711
-70.7712
-70.7714
-70.7715
-70.7717
-70.7718
-70.772
-70.7721
-70.7722
-70.7724
-70.7725
-70.7726
-70.7728
-70.7729
-70.773
-70.7731
-70.7733
-70.7734
-70.7735
-70.7736
-70.7737
-70.7738
-70.7739
-70.774
-70.7741
-70.7742
-70.7743
-70.7744
-70.7745
-70.7746
-70.7747
-70.7748
-70.7749
-70.775
-70.7751
-70.7751
-70.7752
-70.7753
-70.7754
-70.7755
-70.7755
-70.7756
-70.7757
-70.7758
-70.7758
-70.7759
-70.776
-70.776
-70.7761
-70.7762
-70.7762
-70.7763
-70.7763
-70.7764
-70.7765
-70.7765
-70.7766
-70.7766
-70.7767
-70.7767
-70.7768
-70.7768
-70.7769
-70.7769
-70.777
-70.777
-70.7771
-70.7771
-70.7771
-70.7772
-70.7772
-70.7773
-70.7773
-70.7773
-70.7774
-70.7774
-70.7774
-70.7775
-70.7775
-70.7775
-70.7776
-70.7776
-70.7776
-70.7777
-70.7777
-70.7777
-70.7777
-70.7778
-70.7778
-70.7778
-70.7778
-70.7779
-70.7779
-70.7779
-70.7779
-70.778
-70.778
-70.778
-70.778
-70.778
-70.7781
-70.7781
-70.7781
-70.7781
-70.7781
-70.7781
-70.7782
-70.7782
-70.7782
-70.7782
-70.7782
-70.7782
-70.7782
-70.7783
-70.7783
-70.7783
-70.7783
-70.7783
-70.7783
-70.7783
-70.7783
-70.7783
-70.7783
-70.7784
-70.7784
-70.7784
-70.7784
-70.7784
-70.7784
-70.7784
-70.7784
-70.7784
-70.7784
-70.7784
-70.7784
-70.7784
-70.7784
-70.7784
-70.7784
-70.7784
-70.7784
-70.7784
-70.7785
-70.7785
-70.7785
-70.7785
-70.7785
-70.7785
-70.7785
-70.7785
-70.7785
-70.7785
-70.7785
-70.7785
-70.7785
-70.7785
-70.7785
-70.7785
-70.7785
-70.7785
-70.7785
-70.7785
-70.7785
-70.7785
-70.7785
-70.7785
-70.7785
-70.7785
-70.7785
-70.7785
-70.7785
-70.7785
-70.7785
-70.7784
-70.7784
-70.7784
-70.7784
-70.7784
-70.7784
-70.7784
-70.7784
-70.7784
-70.7784
-70.7784
-70.7784
-70.7784
-70.7784
-70.7784
-70.7784
-70.7784
-70.7784
-70.7784
-70.7784
-70.7784
-70.7784
-70.7784
-70.7784
-70.7784
-70.7784
-70.7784
-70.7784
-70.7784
-70.7783
-70.7783
-70.7783
-70.7783
-70.7783
-70.7783
-70.7783
-70.7802
-70.9903
-71.69
-72.6723
-73.4315
-73.9066
-57.083
-52.0916
-49.7565
-46.3059
7.35461
-31.0883
-68.9874
-70.0373
-68.8212
-67.5094
-66.128
-64.7319
-63.3587
-62.0417
-60.8105
-59.6876
-58.6873
-57.8091
-57.0405
-56.3972
-55.8614
-55.4138
-55.0616
-54.7862
-54.5711
-54.4063
-54.2841
-54.1913
-54.1231
-54.0715
-54.0338
-54.0062
-53.9878
-53.9752
-53.9664
-53.9616
-53.9597
-53.9599
-53.9584
-53.9562
-53.9555
-53.9551
-53.956
-53.958
-53.9607
-53.9637
-53.9666
-53.9674
-53.9685
-53.9694
-53.9694
-53.9703
-53.9707
-53.9708
-53.9718
-53.9735
-53.9756
-53.9779
-53.9788
-53.9784
-53.9786
-53.9774
-53.977
-53.9776
-53.9788
-53.9803
-53.9821
-53.9839
-53.9859
-53.9879
-53.9899
-53.9918
-53.9935
-53.995
-53.9962
-53.9963
-53.9887
-53.9831
-53.9775
-53.9731
-53.9693
-53.966
-53.9606
-53.9398
-53.7909
-53.771
-53.8127
-53.8502
-53.8752
-53.8907
-53.8997
-53.9049
-53.9079
-53.9101
-53.9122
-53.9149
-53.9189
-53.9245
-53.9325
-53.9439
-53.9593
-53.9794
-54.0038
-54.0258
-54.0211
-54.0164
-54.0078
-54.0044
-54.0053
-54.0084
-54.0129
-54.0184
-54.025
-54.0324
-54.0408
-54.0502
-54.0606
-54.072
-54.0847
-54.0986
-54.1139
-54.1307
-54.1491
-54.1692
-54.1913
-54.2153
-54.2414
-54.2698
-54.3009
-54.3347
-54.3715
-54.4117
-54.4554
-54.5029
-54.5546
-54.6106
-54.6715
-54.7375
-54.809
-54.8866
-54.8036
-54.1485
-53.953
-53.8932
-53.8966
-53.9186
-53.943
-53.9652
-53.9844
-54.001
-54.0157
-54.0289
-54.0412
-54.053
-54.0647
-54.0765
-54.0886
-54.0801
-54.0425
-54.0253
-54.0211
-54.023
-54.0277
-54.034
-54.0412
-54.049
-54.0574
-54.0665
-54.0762
-54.0867
-54.098
-54.1102
-54.1234
-54.1377
-54.1533
-54.1702
-54.1886
-54.2086
-54.2301
-54.2536
-54.279
-54.3067
-54.3367
-54.3694
-54.4048
-54.1638
-54.0134
-53.9568
-53.9456
-53.9519
-53.9626
-53.9735
-53.9834
-53.9922
-54.0002
-54.0076
-54.0146
-54.0215
-54.0283
-54.0353
-54.0425
-54.0501
-54.0582
-54.0669
-54.0762
-54.0863
-54.0973
-54.1091
-54.1221
-54.1361
-54.1513
-54.168
-54.186
-54.2057
-54.2269
-54.2497
-54.2721
-54.2952
-54.3195
-54.3452
-54.3723
-54.4004
-54.4291
-54.458
-54.4868
-54.5146
-54.5408
-54.5644
-54.5843
-54.5988
-54.6054
-54.6003
-54.5783
-54.5316
-54.4475
-54.3005
-54.035
-53.4779
-51.5428
-37.9011
-32.8643
-25.5349
-44.0215
-60.0376
-60.8343
-59.8568
-58.8404
-57.9359
-57.1583
-56.5038
-55.9633
-55.5238
-55.1733
-54.8976
-54.6846
-54.5245
-54.408
-54.3263
-54.2718
-54.2382
-54.2212
-54.2175
-54.2254
-54.2434
-54.2691
-54.3016
-54.3403
-54.3853
-54.4366
-54.4943
-54.5586
-54.6296
-54.7078
-54.7935
-54.8874
-54.9903
-55.1025
-55.2245
-55.3565
-55.4984
-55.6509
-55.8146
-55.9902
-56.1785
-56.3803
-55.9736
-54.141
-53.7317
-53.7045
-53.7404
-53.7847
-53.8354
-53.8819
-53.9211
-53.9535
-53.9804
-54.003
-54.023
-54.0427
-54.0629
-54.0829
-54.1025
-54.1218
-54.1412
-54.1608
-54.1811
-54.2036
-54.2311
-54.2659
-54.3077
-54.3525
-54.397
-54.4413
-54.4872
-54.5357
-54.5879
-54.6461
-54.7158
-54.799
-54.8955
-54.999
-55.1057
-55.2155
-55.3307
-55.4528
-55.584
-55.7273
-55.8897
-56.0735
-56.2838
-56.512
-56.7479
-56.9898
-57.2382
-57.4976
-57.7702
-58.0601
-58.3741
-58.7186
-59.1012
-59.5199
-59.9507
-60.3824
-60.8109
-61.2369
-61.6667
-62.1039
-62.5529
-63.0208
-63.5164
-64.0443
-64.5931
-65.1301
-65.6452
-66.1313
-66.5906
-67.0333
-67.4628
-67.8815
-68.2965
-68.7206
-69.1499
-69.576
-69.9771
-70.3476
-70.681
-70.9807
-71.2558
-71.5114
-71.7489
-71.9741
-72.2006
-72.4236
-72.6371
-72.8381
-73.0199
-73.1808
-73.319
-73.4402
-73.5484
-73.6459
-73.7336
-73.8216
-73.9109
-73.9967
-74.0758
-74.1508
-74.2179
-74.2752
-74.3214
-74.3601
-74.393
-74.4208
-74.4466
-74.4758
-74.5067
-74.5364
-74.5625
-74.5886
-74.6136
-74.6344
-74.6492
-74.659
-74.6655
-74.6695
-74.6744
-74.6826
-74.6929
-74.7031
-74.7118
-74.7194
-74.7296
-74.7397
-74.7463
-74.7485
-74.7472
-74.744
-74.7416
-74.7424
-74.7454
-74.7488
-74.7521
-74.7541
-74.7562
-74.761
-74.7663
-74.77
-74.7691
-74.765
-74.7594
-74.7559
-74.7557
-74.7571
-74.758
-74.7593
-74.7599
-74.7593
-74.7606
-74.7636
-74.7669
-74.7677
-74.7645
-74.7592
-74.7547
-74.7527
-74.7533
-74.7543
-74.755
-74.7558
-74.7549
-74.7534
-74.7538
-74.7547
-74.7561
-74.7573
-74.7554
-74.7513
-74.7468
-74.7454
-74.7454
-74.7465
-74.7475
-74.7487
-74.7479
-74.7456
-74.7442
-74.7437
-74.7425
-74.7431
-74.7443
-74.7431
-74.7393
-74.7368
-74.736
-74.7366
-74.7374
-74.7377
-74.7392
-74.7391
-74.7362
-74.7338
-74.7318
-74.7304
-74.7286
-74.73
-74.7312
-74.7293
-74.7283
-74.728
-74.7267
-74.7268
-74.7265
-74.7269
-74.7279
-74.7274
-74.7243
-74.7213
-74.7188
-74.718
-74.7167
-74.7156
-74.7156
-74.717
-74.7188
-74.7191
-74.7179
-74.7156
-74.7142
-74.7141
-74.7142
-74.715
-74.7133
-74.7091
-74.7068
-74.7058
-74.7055
-74.7045
-74.7015
-74.7009
-74.7022
-74.7063
-74.7088
-74.7081
-74.7061
-74.7031
-74.6995
-74.6977
-74.6983
-74.699
-74.6964
-74.6919
-74.6907
-74.6924
-74.6924
-74.6921
-74.6897
-74.6869
-74.687
-74.6899
-74.6937
-74.6966
-74.6959
-74.6918
-74.6871
-74.683
-74.6794
-74.678
-74.6781
-74.6765
-74.6758
-74.6768
-74.6776
-74.6774
-74.6771
-74.6756
-74.6728
-74.6714
-74.6728
-74.6759
-74.6782
-74.6797
-74.6788
-74.6747
-74.6702
-74.6665
-74.6612
-74.6549
-74.6535
-74.6547
-74.6568
-74.6605
-74.6625
-74.6617
-74.6582
-74.6561
-74.6547
-74.6545
-74.6552
-74.6585
-74.6604
-74.6589
-74.6573
-74.6564
-74.6545
-74.6515
-74.6491
-74.6438
-74.6376
-74.6348
-74.6346
-74.6359
-74.6359
-74.6384
-74.6386
-74.6364
-74.6371
-74.6355
-74.6338
-74.6328
-74.6314
-74.6341
-74.6367
-74.6386
-74.6372
-74.6345
-74.631
-74.6262
-74.6218
-74.6189
-74.6197
-74.6206
-74.6179
-74.6147
-74.6163
-74.6188
-74.6158
-74.608
-74.6042
-74.6055
-74.6081
-74.6074
-74.6042
-74.6054
-74.6055
-74.605
-74.6055
-74.6066
-74.6063
-74.6085
-74.6103
-74.6062
-74.5991
-74.5916
-74.5857
-74.5856
-74.5896
-74.5922
-74.5905
-74.59
-74.5904
-74.5922
-74.5909
-74.5861
-74.5795
-74.5746
-74.5712
-74.569
-74.5662
-74.565
-74.5634
-74.5613
-74.5603
-74.5642
-74.5696
-74.5711
-74.5734
-74.5734
-74.5713
-74.5691
-74.5663
-74.5623
-74.5582
-74.5516
-74.5459
-74.5437
-74.5444
-74.5459
-74.5474
-74.5523
-74.5556
-74.5592
-74.559
-74.5544
-74.5481
-74.5415
-74.5356
-74.5288
-74.5207
-74.5141
-74.5084
-74.5033
-74.498
-74.5018
-74.5089
-74.5147
-74.5162
-74.517
-74.5194
-74.5241
-74.5265
-74.5268
-74.5272
-74.5238
-74.5177
-74.5082
-74.4963
-74.485
-74.4801
-74.4814
-74.4872
-74.4904
-74.4922
-74.4959
-74.4972
-74.5016
-74.507
-74.5076
-74.5088
-74.5056
-74.4969
-74.4836
-74.4693
-74.4577
-74.447
-74.4425
-74.4394
-74.4337
-74.4321
-74.437
-74.445
-74.4506
-74.4543
-74.4522
-74.4465
-74.4396
-74.4349
-74.4363
-74.4394
-74.4438
-74.4458
-74.4447
-74.4449
-74.4445
-74.4425
-74.4354
-74.4235
-74.4137
-74.4099
-74.4093
-74.4114
-74.4099
-74.4093
-74.4115
-74.4096
-74.4047
-74.4039
-74.4131
-74.4231
-74.4272
-74.4261
-74.4182
-74.4066
-74.3964
-74.3877
-74.3805
-74.3726
-74.3693
-74.3663
-74.3645
-74.3589
-74.3571
-74.3579
-74.364
-74.3681
-74.3681
-74.3624
-74.3551
-74.3475
-74.3419
-74.3347
-74.3237
-74.3128
-74.3
-74.2906
-74.2896
-74.294
-74.2948
-74.295
-74.3017
-74.3128
-74.3192
-74.3198
-74.32
-74.3204
-74.3143
-74.3111
-74.3163
-74.3205
-74.3167
-74.3106
-74.3044
-74.2937
-74.2823
-74.2723
-74.2617
-74.2537
-74.2543
-74.2589
-74.2597
-74.2595
-74.2587
-74.2521
-74.2452
-74.2421
-74.2469
-74.2572
-74.2623
-74.2639
-74.2641
-74.2635
-74.2621
-74.2551
-74.2452
-74.2325
-74.2256
-74.231
-74.2374
-74.2419
-74.2437
-74.2399
-74.2293
-74.2205
-74.2167
-74.2089
-74.2015
-74.1934
-74.1794
-74.1609
-74.1472
-74.1389
-74.1344
-74.1268
-74.1169
-74.1116
-74.1078
-74.1053
-74.1
-74.0894
-74.0726
-74.0517
-74.0382
-74.0281
-74.0203
-74.0286
-74.0442
-74.0583
-74.0684
-74.078
-74.0841
-74.0856
-74.0827
-74.0767
-74.0765
-74.0848
-74.0962
-74.106
-74.1088
-74.1047
-74.0972
-74.09
-74.0797
-74.0715
-74.0658
-74.0613
-74.0668
-74.0723
-74.0764
-74.0791
-74.0738
-74.0607
-74.0453
-74.0369
-74.0368
-74.0415
-74.039
-74.028
-74.0166
-74.0139
-74.0193
-74.0253
-74.028
-74.0256
-74.0167
-74.0057
-73.99
-73.9742
-73.9621
-73.9484
-73.9343
-73.9197
-73.9039
-73.8841
-73.8608
-73.8396
-73.8279
-73.8269
-73.8342
-73.8492
-73.873
-73.8914
-73.9012
-73.9131
-73.9345
-73.9535
-73.9626
-73.9678
-73.9686
-73.9686
-73.9715
-73.9749
-73.9747
-73.9688
-73.9602
-73.9465
-73.9327
-73.925
-73.9197
-73.9154
-73.9093
-73.897
-73.879
-73.8576
-73.8388
-73.8196
-73.803
-73.7848
-73.763
-73.7381
-73.7182
-73.7131
-73.7142
-73.7215
-73.7242
-73.7179
-73.7041
-73.6852
-73.6627
-73.6463
-73.6368
-73.6237
-73.6057
-73.5839
-73.5594
-73.533
-73.5054
-73.4874
-73.4778
-73.4673
-73.4592
-73.4474
-73.4346
-73.4313
-73.4273
-73.417
-73.4012
-73.3814
-73.3588
-73.3343
-73.3091
-73.2911
-73.2792
-73.2716
-73.2604
-73.2443
-73.2246
-73.2023
-73.1783
-73.1531
-73.1271
-73.1024
-73.0872
-73.0729
-73.0555
-73.0352
-73.0129
-72.9913
-72.9792
-72.9772
-72.9761
-72.9825
-72.9982
-73.0166
-73.0268
-73.027
-73.027
-73.0278
-73.0301
-73.0327
-73.0291
-73.0195
-73.0054
-72.9958
-72.9906
-72.9818
-72.9686
-72.9519
-72.9329
-72.9122
-72.8903
-72.8677
-72.8444
-72.8207
-72.7968
-72.7727
-72.7485
-72.7242
-72.7
-72.6758
-72.6517
-72.6277
-72.6039
-72.5802
-72.5566
-72.5333
-72.5101
-72.4872
-72.4645
-72.442
-72.4197
-72.3976
-72.3758
-72.3542
-72.3329
-72.3118
-72.2909
-72.2703
-72.25
-72.2425
-72.2431
-72.2405
-72.2334
-72.2229
-72.2101
-72.1957
-72.1802
-72.1641
-72.1476
-72.1307
-72.1137
-72.0997
-72.1017
-72.1053
-72.1041
-72.0984
-72.0895
-72.0783
-72.0656
-72.052
-72.0376
-72.0228
-72.0077
-71.9924
-71.977
-71.9616
-71.9461
-71.9307
-71.9153
-71.9
-71.8848
-71.8697
-71.8548
-71.8399
-71.8252
-71.8107
-71.7962
-71.782
-71.7679
-71.7539
-71.7401
-71.7265
-71.713
-71.6997
-71.6865
-71.6735
-71.6606
-71.6479
-71.6354
-71.623
-71.6108
-71.5987
-71.5868
-71.575
-71.5633
-71.5519
-71.5405
-71.5293
-71.5183
-71.5073
-71.4966
-71.4859
-71.4754
-71.4651
-71.4548
-71.4447
-71.4348
-71.4249
-71.4152
-71.4056
-71.3962
-71.3868
-71.3776
-71.3685
-71.3596
-71.3507
-71.342
-71.3334
-71.3249
-71.3165
-71.3082
-71.3001
-71.292
-71.2841
-71.2763
-71.2686
-71.261
-71.2534
-71.246
-71.2387
-71.2315
-71.2244
-71.2174
-71.2105
-71.2037
-71.1969
-71.1903
-71.1838
-71.1773
-71.1709
-71.1647
-71.1585
-71.1524
-71.1463
-71.1404
-71.1345
-71.1288
-71.1231
-71.1175
-71.1119
-71.1065
-71.1011
-71.0958
-71.0906
-71.0854
-71.0803
-71.0753
-71.0704
-71.0655
-71.0607
-71.056
-71.0513
-71.0467
-71.0422
-71.0377
-71.0333
-71.029
-71.0247
-71.0205
-71.0163
-71.0122
-71.0082
-71.0042
-71.0003
-70.9964
-70.9926
-70.9889
-70.9852
-70.9815
-70.978
-70.9744
-70.9709
-70.9675
-70.9641
-70.9608
-70.9575
-70.9543
-70.9511
-70.948
-70.9449
-70.9419
-70.9389
-70.9359
-70.933
-70.9301
-70.9273
-70.9246
-70.9218
-70.9191
-70.9165
-70.9139
-70.9113
-70.9088
-70.9063
-70.9038
-70.9014
-70.899
-70.8967
-70.8944
-70.8921
-70.8899
-70.8877
-70.8855
-70.8834
-70.8813
-70.8793
-70.8772
-70.8752
-70.8733
-70.8713
-70.8694
-70.8676
-70.8657
-70.8639
-70.8621
-70.8604
-70.8586
-70.8569
-70.8553
-70.8536
-70.852
-70.8504
-70.8489
-70.8473
-70.8458
-70.8443
-70.8429
-70.8414
-70.84
-70.8386
-70.8372
-70.8359
-70.8346
-70.8333
-70.832
-70.8307
-70.8295
-70.8283
-70.8271
-70.8259
-70.8248
-70.8236
-70.8225
-70.8214
-70.8203
-70.8193
-70.8182
-70.8172
-70.8162
-70.8152
-70.8143
-70.8133
-70.8124
-70.8115
-70.8106
-70.8097
-70.8088
-70.808
-70.8071
-70.8063
-70.8055
-70.8047
-70.8039
-70.8032
-70.8024
-70.8017
-70.801
-70.8003
-70.7996
-70.7989
-70.7982
-70.7975
-70.7969
-70.7963
-70.7956
-70.795
-70.7944
-70.7939
-70.7933
-70.7927
-70.7922
-70.7916
-70.7911
-70.7906
-70.7901
-70.7896
-70.7891
-70.7886
-70.7881
-70.7877
-70.7872
-70.7868
-70.7863
-70.7859
-70.7855
-70.7851
-70.7847
-70.7843
-70.7839
-70.7836
-70.7832
-70.7828
-70.7825
-70.7821
-70.7818
-70.7815
-70.7812
-70.7808
-70.7805
-70.7802
-70.7799
-70.7797
-70.7794
-70.7791
-70.7788
-70.7786
-70.7783
-70.7781
-70.7778
-70.7776
-70.7774
-70.7771
-70.7769
-70.7767
-70.7765
-70.7763
-70.7761
-70.7759
-70.7757
-70.7755
-70.7753
-70.7752
-70.775
-70.7748
-70.7747
-70.7745
-70.7744
-70.7742
-70.7741
-70.7739
-70.7738
-70.7736
-70.7735
-70.7734
-70.7733
-70.7732
-70.773
-70.7729
-70.7728
-70.7727
-70.7726
-70.7725
-70.7724
-70.7723
-70.7722
-70.7722
-70.7721
-70.772
-70.7719
-70.7718
-70.7718
-70.7717
-70.7716
-70.7716
-70.7715
-70.7715
-70.7714
-70.7713
-70.7713
-70.7712
-70.7712
-70.7712
-70.7711
-70.7711
-70.771
-70.771
-70.771
-70.7709
-70.7709
-70.7709
-70.7708
-70.7708
-70.7708
-70.7708
-70.7707
-70.7707
-70.7707
-70.7707
-70.7707
-70.7707
-70.7707
-70.7706
-70.7706
-70.7706
-70.7706
-70.7706
-70.7706
-70.7706
-70.7706
-70.7706
-70.7706
-70.7706
-70.7706
-70.7706
-70.7706
-70.7706
-70.7706
-70.7706
-70.7707
-70.7707
-70.7707
-70.7707
-70.7707
-70.7707
-70.7707
-70.7707
-70.7708
-70.7708
-70.7708
-70.7708
-70.7708
-70.7709
-70.7709
-70.7709
-70.7709
-70.7709
-70.771
-70.771
-70.771
-70.771
-70.7711
-70.7711
-70.7711
-70.7711
-70.7712
-70.7712
-70.7712
-70.7712
-70.7713
-70.7713
-70.7713
-70.7714
-70.7714
-70.7714
-70.7714
-70.7715
-70.7715
-70.7715
-70.7716
-70.7716
-70.7716
-70.7717
-70.7717
-70.7717
-70.7718
-70.7718
-70.7718
-70.7718
-70.7719
-70.7719
-70.7719
-70.772
-70.772
-70.772
-70.7721
-70.7721
-70.7721
-70.7722
-70.7722
-70.7723
-70.7723
-70.7723
-70.7724
-70.7724
-70.7724
-70.7725
-70.7725
-70.7725
-70.7726
-70.7726
-70.7726
-70.7727
-70.7727
-70.7727
-70.7728
-70.7728
-70.7728
-70.7729
-70.7729
-70.7729
-70.773
-70.773
-70.773
-70.7731
-70.7731
-70.7731
-70.7732
-70.7732
-70.7732
-70.7733
-70.7733
-70.7733
-70.7734
-70.7734
-70.7734
-70.7735
-70.7735
-70.7735
-70.7736
-70.7736
-70.7736
-70.7737
-70.7737
-70.7737
-70.7737
-70.7738
-70.7738
-70.7738
-70.7739
-70.7739
-70.7739
-70.774
-70.774
-70.774

