-70
-70.1661
-70.23
-70.2566
-70.2695
-70.2773
-70.283
-70.2879
-70.2925
-70.297
-70.3014
-70.3057
-70.31
-70.3142
-70.3185
-70.3226
-70.3268
-70.3309
-70.335
-70.3391
-70.3431
-70.3471
-70.351
-70.3549
-70.3588
-70.3626
-70.3664
-70.3701
-70.3738
-70.3775
-70.3811
-70.3847
-70.3883
-70.3918
-70.3953
-70.3987
-70.4021
-70.4055
-70.4088
-70.4121
-70.4154
-70.4186
-70.4218
-70.4249
-70.428
-70.4311
-70.4341
-70.4372
-70.4401
-70.4431
-70.446
-70.4489
-70.4517
-70.4545
-70.4573
-70.4601
-70.4628
-70.4655
-70.4682
-70.4708
-70.4734
-70.476
-70.4785
-70.481
-70.4835
-70.486
-70.4884
-70.4908
-70.4932
-70.4955
-70.4978
-70.5001
-70.5024
-70.5046
-70.5068
-70.509
-70.5112
-70.5133
-70.5154
-70.5175
-70.5196
-70.5216
-70.5236
-70.5256
-70.5276
-70.5295
-70.5315
-70.5334
-70.5352
-70.5371
-70.5389
-70.5407
-70.5425
-70.5443
-70.5461
-70.5478
-70.5495
-70.5512
-70.5528
-70.5545
-70.5561
-70.5577
-70.5593
-70.5609
-70.5624
-70.5639
-70.5655
-70.5669
-70.5684
-70.5699
-70.5713
-70.5727
-70.5741
-70.5755
-70.5769
-70.5782
-70.5796
-70.5809
-70.5822
-70.5835
-70.5848
-70.586
-70.5873
-70.5885
-70.5897
-70.5909
-70.5921
-70.5932
-70.5944
-70.5955
-70.5966
-70.5977
-70.5988
-70.5999
-70.601
-70.602
-70.603
-70.6041
-70.6051
-70.6061
-70.6071
-70.608
-70.609
-70.6099
-70.6109
-70.6118
-70.6127
-70.6136
-70.6145
-70.6154
-70.6162
-70.6171
-70.6179
-70.6187
-70.6196
-70.6204
-70.6212
-70.622
-70.6227
-70.6235
-70.6242
-70.625
-70.6257
-70.6265
-70.6272
-70.6279
-70.6286
-70.6293
-70.6299
-70.6306
-70.6313
-70.6319
-70.6325
-70.6332
-70.6338
-70.6344
-70.635
-70.6356
-70.6362
-70.6368
-70.6374
-70.6379
-70.6385
-70.639
-70.6396
-70.6401
-70.6406
-70.6411
-70.6417
-70.6422
-70.6427
-70.6431
-70.6436
-70.6441
-70.6446
-70.645
-70.6455
-70.6459
-70.6464
-70.6468
-70.6472
-70.6476
-70.6481
-70.6485
-70.6489
-70.6493
-70.6497
-70.65
-70.6504
-70.6508
-70.6512
-70.6515
-70.6519
-70.6522
-70.6526
-70.6529
-70.6533
-70.6536
-70.6539
-70.6542
-70.6545
-70.6549
-70.6552
-70.6555
-70.6558
-70.656
-70.6563
-70.6566
-70.6569
-70.6572
-70.6574
-70.6577
-70.658
-70.6582
-70.6585
-70.6587
-70.6589
-70.6592
-70.6594
-70.6597
-70.6599
-70.6601
-70.6603
-70.6605
-70.6607
-70.661
-70.6612
-70.6614
-70.6616
-70.6617
-70.6619
-70.6621
-70.6623
-70.6625
-70.6627
-70.6628
-70.663
-70.6632
-70.6633
-70.6635
-70.6637
-70.6638
-70.664
-70.6641
-70.6643
-70.6644
-70.6646
-70.6647
-70.6648
-70.665
-70.6651
-70.6652
-70.6653
-70.6655
-70.6656
-70.6657
-70.6658
-70.6659
-70.666
-70.6662
-70.6663
-70.6664
-70.6665
-70.6666
-70.6667
-70.6668
-70.6669
-70.667
-70.667
-70.6671
-70.6672
-70.6673
-70.6674
-70.6675
-70.6675
-70.6676
-70.6677
-70.6678
-70.6678
-70.6679
-70.668
-70.668
-70.6681
-70.6682
-70.6682
-70.6683
-70.6683
-70.6684
-70.6685
-70.6685
-70.6686
-70.6686
-70.6687
-70.6687
-70.6688
-70.6688
-70.6688
-70.6689
-70.6689
-70.669
-70.669
-70.669
-70.6691
-70.6691
-70.6691
-70.6692
-70.6692
-70.6692
-70.6693
-70.6693
-70.6693
-70.6694
-70.6694
-70.6694
-70.6694
-70.6694
-70.6695
-70.6695
-70.6695
-70.6695
-70.6695
-70.6696
-70.6696
-70.6696
-70.6696
-70.6696
-70.6696
-70.6696
-70.6697
-70.6697
-70.6697
-70.6697
-70.6697
-70.6697
-70.6697
-70.6697
-70.6697
-70.6697
-70.6697
-70.6697
-70.6697
-70.6697
-70.6697
-70.6697
-70.6697
-70.6697
-70.6697
-70.6697
-70.6697
-70.6697
-70.6697
-70.6697
-70.6697
-70.6697
-70.6697
-70.6697
-70.6697
-70.6697
-70.6697
-70.6697
-70.6697
-70.6697
-70.6697
-70.6696
-70.6696
-70.6696
-70.6696
-70.6696
-70.6696
-70.6696
-70.6696
-70.6696
-70.6695
-70.6695
-70.6695
-70.6695
-70.6695
-70.6695
-70.6695
-70.6695
-70.6694
-70.6694
-70.6694
-70.6694
-70.6694
-70.6694
-70.6693
-70.6693
-70.6693
-70.6693
-70.6693
-70.6693
-70.6693
-70.6692
-70.6692
-70.6692
-70.6692
-70.6692
-70.6691
-70.6691
-70.6691
-70.6691
-70.6691
-70.6691
-70.669
-70.669
-70.669
-70.669
-70.669
-70.6689
-70.6689
-70.6689
-70.6689
-70.6689
-70.6688
-70.6688
-70.6688
-70.6688
-70.6688
-70.6687
-70.6687
-70.6687
-70.6687
-70.6686
-70.6686
-70.6686
-70.6686
-70.6686
-70.6685
-70.6685
-70.6685
-70.6685
-70.6685
-70.6684
-70.6684
-70.6684
-70.6684
-70.6684
-70.6683
-70.6683
-70.6683
-70.6683
-70.6682
-70.6682
-70.6682
-70.6682
-70.6682
-70.6681
-70.6681
-70.6681
-70.6681
-70.6681
-70.6806
-70.9406
-71.6385
-72.5004
-55.8593
-51.7556
-49.91
-48.0859
-44.1399
5.97146
-24.1531
-53.1885
-68.799
-68.0938
-67.0445
-65.9639
-64.8739
-63.7925
-62.7369
-61.7228
-60.7639
-59.8714
-59.0286
-58.2148
-57.5065
-56.889
-56.3396
-55.8519
-55.4377
-55.0794
-54.7747
-54.5217
-54.3131
-54.1355
-53.9889
-53.8686
-53.7681
-53.6885
-53.6261
-53.5751
-53.533
-53.5011
-53.4771
-53.4556
-53.4394
-53.4282
-53.4196
-53.411
-53.4054
-53.4024
-53.4014
-53.4008
-53.3977
-53.3961
-53.3963
-53.3952
-53.3936
-53.3936
-53.3948
-53.3968
-53.3994
-53.4023
-53.4055
-53.4046
-53.4025
-53.4021
-53.4017
-53.3994
-53.3986
-53.3992
-53.4007
-53.4026
-53.4048
-53.4072
-53.4096
-53.4122
-53.4147
-53.417
-53.419
-53.4207
-53.4161
-53.4078
-53.4031
-53.3982
-53.3938
-53.3908
-53.3878
-53.3826
-53.37
-53.2917
-53.0488
-53.0413
-53.1021
-53.1623
-53.2078
-53.2393
-53.2604
-53.2749
-53.2859
-53.2956
-53.3055
-53.3166
-53.3303
-53.3477
-53.3702
-53.3991
-53.4343
-53.4729
-53.4644
-53.456
-53.4434
-53.4369
-53.4359
-53.4379
-53.4418
-53.447
-53.4534
-53.4609
-53.4695
-53.4792
-53.4901
-53.5021
-53.5154
-53.5301
-53.5463
-53.564
-53.5835
-53.6048
-53.628
-53.6535
-53.6812
-53.7116
-53.7448
-53.7811
-53.8208
-53.8641
-53.9112
-53.9625
-54.0183
-54.0788
-54.1445
-54.2157
-54.2926
-54.3754
-54.2946
-53.6107
-53.3664
-53.3137
-53.3179
-53.337
-53.3587
-53.3794
-53.3983
-53.4156
-53.4315
-53.4465
-53.461
-53.4751
-53.4891
-53.503
-53.5172
-53.532
-53.5474
-53.5637
-53.581
-53.5995
-53.6199
-53.6422
-53.6661
-53.6917
-53.7201
-53.7524
-53.787
-53.824
-53.8637
-53.9065
-53.9531
-54.0053
-54.0617
-54.122
-54.1867
-54.261
-54.3459
-54.4348
-54.5272
-54.6243
-54.7272
-54.8372
-54.0097
-53.3601
-53.2255
-53.2227
-53.2514
-53.2844
-53.3147
-53.3411
-53.3638
-53.3835
-53.4009
-53.4167
-53.4313
-53.4448
-53.458
-53.4717
-53.4851
-53.4984
-53.512
-53.526
-53.5406
-53.5561
-53.573
-53.5921
-53.6124
-53.6351
-53.6617
-53.6897
-53.7191
-53.7503
-53.7838
-53.8199
-53.859
-53.9013
-53.9485
-54.0025
-54.0617
-54.1323
-54.2073
-54.2841
-54.364
-54.448
-54.5373
-54.6322
-54.7333
-54.8409
-54.9569
-55.0907
-55.2449
-55.4189
-55.5945
-55.7694
-53.8133
-53.218
-53.1174
-53.1215
-53.1579
-53.2019
-53.2432
-53.2793
-53.3105
-53.3373
-53.3602
-53.3798
-53.3969
-53.4122
-53.4261
-53.4392
-53.4516
-53.4637
-53.4759
-53.4882
-53.502
-53.5182
-53.5354
-53.5528
-53.5709
-53.5898
-53.6101
-53.6318
-53.6554
-53.6809
-53.709
-53.7431
-53.785
-53.8292
-53.8748
-53.9227
-53.9736
-54.0283
-54.0873
-54.1509
-54.2195
-54.2935
-54.3799
-54.4833
-54.5984
-54.7159
-54.8357
-54.5964
-53.5339
-53.2608
-53.212
-53.2284
-53.2592
-53.29
-53.3179
-53.3426
-53.3643
-53.3836
-53.4006
-53.4156
-53.4293
-53.4421
-53.4544
-53.467
-53.4833
-53.5024
-53.5247
-53.554
-53.5885
-53.6207
-53.6502
-53.6804
-53.7137
-53.7553
-53.8184
-53.8959
-53.9788
-54.0602
-54.1397
-54.2171
-54.2962
-54.3814
-54.4775
-54.5933
-54.7378
-54.9019
-55.0745
-55.2482
-55.4251
-55.6069
-55.7962
-55.998
-56.2144
-56.4567
-56.7391
-57.058
-57.3936
-57.7357
-58.0818
-58.4372
-58.8004
-59.1751
-59.5613
-59.9715
-60.4184
-60.9141
-61.4308
-61.9462
-62.4514
-62.9482
-63.4421
-63.9317
-64.4087
-64.8823
-65.3696
-65.884
-66.4196
-66.9448
-67.4394
-67.9022
-68.3376
-68.7519
-69.1416
-69.5024
-69.8468
-70.1877
-70.5397
-70.8896
-71.2174
-71.5138
-71.7794
-72.0189
-72.2392
-72.4397
-72.619
-72.7857
-72.9464
-73.1101
-73.2711
-73.4185
-73.5503
-73.6637
-73.7623
-73.8507
-73.9306
-74.0011
-74.0644
-74.1252
-74.187
-74.2516
-74.3099
-74.3604
-74.4042
-74.4399
-74.4702
-74.4964
-74.5191
-74.5395
-74.5586
-74.5787
-74.6012
-74.6256
-74.646
-74.6627
-74.6768
-74.6869
-74.6942
-74.6987
-74.7027
-74.7077
-74.7133
-74.7194
-74.7267
-74.737
-74.7452
-74.7504
-74.7537
-74.7557
-74.7559
-74.7537
-74.7498
-74.7483
-74.75
-74.7542
-74.7581
-74.7626
-74.7674
-74.7703
-74.7713
-74.7712
-74.7705
-74.7674
-74.7624
-74.7571
-74.7531
-74.7531
-74.7566
-74.7598
-74.7628
-74.7656
-74.7664
-74.7658
-74.7645
-74.7625
-74.7589
-74.755
-74.7505
-74.747
-74.7448
-74.7469
-74.7506
-74.754
-74.7575
-74.7594
-74.7588
-74.7573
-74.7559
-74.7524
-74.7476
-74.7415
-74.7368
-74.7331
-74.7316
-74.733
-74.735
-74.737
-74.7411
-74.7439
-74.7443
-74.744
-74.7429
-74.7407
-74.7363
-74.7315
-74.727
-74.7231
-74.7214
-74.7234
-74.7244
-74.7241
-74.7245
-74.7283
-74.7314
-74.7325
-74.7323
-74.7312
-74.7285
-74.7232
-74.7172
-74.7118
-74.7079
-74.7058
-74.7063
-74.7064
-74.7059
-74.7042
-74.7065
-74.7091
-74.7128
-74.7166
-74.7176
-74.7171
-74.7156
-74.712
-74.7072
-74.7022
-74.6973
-74.6961
-74.6958
-74.6942
-74.6913
-74.6886
-74.6874
-74.6904
-74.6938
-74.6969
-74.6997
-74.7013
-74.7017
-74.7006
-74.6973
-74.6916
-74.6849
-74.6816
-74.6789
-74.6762
-74.6731
-74.6691
-74.6655
-74.665
-74.6684
-74.6725
-74.6765
-74.679
-74.6785
-74.681
-74.6867
-74.6889
-74.6879
-74.6834
-74.6784
-74.6734
-74.6671
-74.6608
-74.6548
-74.6487
-74.6432
-74.6408
-74.6467
-74.6519
-74.6529
-74.6559
-74.6593
-74.66
-74.6594
-74.6606
-74.6653
-74.6681
-74.6687
-74.6656
-74.6599
-74.6509
-74.6417
-74.6339
-74.6256
-74.6185
-74.6168
-74.6192
-74.623
-74.6256
-74.6252
-74.6277
-74.6339
-74.6386
-74.641
-74.641
-74.6412
-74.6444
-74.6497
-74.6525
-74.6504
-74.6423
-74.6309
-74.6206
-74.6128
-74.6047
-74.5966
-74.5947
-74.5969
-74.6003
-74.6004
-74.5985
-74.5989
-74.6025
-74.6051
-74.6071
-74.612
-74.6168
-74.6189
-74.6211
-74.6235
-74.6244
-74.6225
-74.6168
-74.6086
-74.6003
-74.5915
-74.5823
-74.5763
-74.5736
-74.5699
-74.5665
-74.5653
-74.5658
-74.5684
-74.5672
-74.5672
-74.5704
-74.573
-74.5737
-74.5755
-74.581
-74.5879
-74.5919
-74.5932
-74.5948
-74.5927
-74.5881
-74.5801
-74.5715
-74.5644
-74.5592
-74.5592
-74.5574
-74.5532
-74.5461
-74.5389
-74.5373
-74.537
-74.5346
-74.5337
-74.53
-74.5275
-74.531
-74.5353
-74.5384
-74.5405
-74.5443
-74.55
-74.5516
-74.5517
-74.552
-74.5533
-74.5544
-74.5504
-74.5419
-74.5304
-74.5266
-74.5247
-74.5208
-74.5165
-74.5102
-74.5016
-74.498
-74.4981
-74.4998
-74.4996
-74.4962
-74.4873
-74.4795
-74.4735
-74.4694
-74.4689
-74.4763
-74.4861
-74.4941
-74.4977
-74.4994
-74.5037
-74.5065
-74.5055
-74.502
-74.4942
-74.4882
-74.4861
-74.4864
-74.4869
-74.4863
-74.487
-74.4812
-74.4708
-74.463
-74.4565
-74.4497
-74.4457
-74.4428
-74.44
-74.4397
-74.4411
-74.4397
-74.4343
-74.4252
-74.4184
-74.412
-74.4074
-74.4053
-74.4103
-74.4215
-74.4311
-74.4391
-74.4465
-74.45
-74.4525
-74.4552
-74.4562
-74.4507
-74.441
-74.4319
-74.4217
-74.4116
-74.4085
-74.4073
-74.4126
-74.4215
-74.4242
-74.4192
-74.4143
-74.4088
-74.4027
-74.3965
-74.3867
-74.3738
-74.3622
-74.355
-74.3488
-74.3435
-74.345
-74.3465
-74.3441
-74.3401
-74.3315
-74.3225
-74.318
-74.3196
-74.3265
-74.3333
-74.3353
-74.3349
-74.3365
-74.3389
-74.3418
-74.3459
-74.3437
-74.3422
-74.3449
-74.3529
-74.3573
-74.3575
-74.3516
-74.3411
-74.3283
-74.3158
-74.305
-74.2973
-74.2927
-74.2876
-74.2802
-74.2773
-74.2809
-74.2896
-74.2936
-74.2979
-74.3031
-74.3023
-74.2971
-74.2859
-74.2716
-74.2595
-74.2499
-74.239
-74.2247
-74.2135
-74.2031
-74.2013
-74.2006
-74.1993
-74.203
-74.2023
-74.1963
-74.1938
-74.1964
-74.2052
-74.2083
-74.2054
-74.2017
-74.1974
-74.1936
-74.1882
-74.1799
-74.1735
-74.1725
-74.1788
-74.1857
-74.1905
-74.1954
-74.1967
-74.193
-74.1904
-74.1922
-74.1999
-74.2057
-74.2094
-74.2117
-74.2086
-74.2025
-74.1936
-74.1818
-74.1685
-74.156
-74.1427
-74.1337
-74.1276
-74.1197
-74.1151
-74.1167
-74.1219
-74.1246
-74.1227
-74.1171
-74.1093
-74.1001
-74.0899
-74.0796
-74.0681
-74.0572
-74.0443
-74.0291
-74.017
-74.0235
-74.0318
-74.0393
-74.0406
-74.0363
-74.0298
-74.0178
-74.0023
-73.9987
-74.0036
-74.0057
-74.0036
-73.9989
-73.9927
-73.9909
-73.9882
-73.981
-73.9708
-73.9554
-73.9394
-73.9266
-73.9241
-73.9261
-73.923
-73.9269
-73.9334
-73.9367
-73.9337
-73.9309
-73.9247
-73.9187
-73.9166
-73.9093
-73.8958
-73.8872
-73.882
-73.8766
-73.8779
-73.8781
-73.8764
-73.8737
-73.8695
-73.861
-73.8516
-73.8503
-73.8554
-73.8608
-73.8634
-73.8648
-73.8665
-73.8737
-73.8794
-73.882
-73.8845
-73.882
-73.8762
-73.8728
-73.8766
-73.8774
-73.8749
-73.8752
-73.8747
-73.8842
-73.8983
-73.9069
-73.9124
-73.9089
-73.9014
-73.8902
-73.8737
-73.8601
-73.8518
-73.8463
-73.8389
-73.8275
-73.8155
-73.8041
-73.7923
-73.7808
-73.7651
-73.7448
-73.7244
-73.7058
-73.6853
-73.6701
-73.659
-73.6441
-73.6282
-73.6133
-73.5966
-73.5828
-73.574
-73.5721
-73.5716
-73.5645
-73.5507
-73.5317
-73.512
-73.5094
-73.5097
-73.5032
-73.4963
-73.487
-73.4734
-73.463
-73.4613
-73.4747
-73.4922
-73.5041
-73.51
-73.5109
-73.5045
-73.5025
-73.5027
-73.4965
-73.4837
-73.466
-73.4463
-73.4314
-73.4192
-73.4141
-73.4107
-73.4015
-73.3866
-73.3673
-73.345
-73.3229
-73.3073
-73.2916
-73.2805
-73.269
-73.2543
-73.2494
-73.2499
-73.254
-73.2662
-73.2792
-73.2829
-73.2773
-73.2651
-73.2483
-73.2283
-73.206
-73.1886
-73.1756
-73.1601
-73.1411
-73.1202
-73.1064
-73.094
-73.0783
-73.0592
-73.0376
-73.0142
-72.9896
-72.9643
-72.9384
-72.9121
-72.8856
-72.8589
-72.8322
-72.8068
-72.7927
-72.7831
-72.7817
-72.7784
-72.7695
-72.7559
-72.7393
-72.7309
-72.7255
-72.7162
-72.7028
-72.6862
-72.6675
-72.6473
-72.626
-72.604
-72.5816
-72.5589
-72.5359
-72.5128
-72.4897
-72.4666
-72.4436
-72.4206
-72.3978
-72.3751
-72.3525
-72.3301
-72.3079
-72.2859
-72.2641
-72.2435
-72.2375
-72.236
-72.2309
-72.2302
-72.237
-72.2396
-72.2362
-72.2281
-72.2168
-72.2033
-72.1883
-72.1722
-72.1553
-72.138
-72.1203
-72.1024
-72.0843
-72.0661
-72.0479
-72.0298
-72.0117
-71.9936
-71.9757
-71.9579
-71.9402
-71.9226
-71.9052
-71.888
-71.8709
-71.8539
-71.8372
-71.8206
-71.8042
-71.788
-71.7719
-71.756
-71.7403
-71.7248
-71.7094
-71.6943
-71.6793
-71.6644
-71.6498
-71.6353
-71.621
-71.6069
-71.5929
-71.5791
-71.5654
-71.552
-71.5387
-71.5255
-71.5125
-71.4997
-71.487
-71.4745
-71.4621
-71.4499
-71.4379
-71.4259
-71.4142
-71.4025
-71.3911
-71.3797
-71.3685
-71.3575
-71.3466
-71.3358
-71.3252
-71.3147
-71.3043
-71.2941
-71.284
-71.274
-71.2642
-71.2545
-71.2449
-71.2354
-71.2261
-71.2168
-71.2077
-71.1988
-71.1899
-71.1811
-71.1725
-71.164
-71.1555
-71.1472
-71.139
-71.131
-71.123
-71.1151
-71.1073
-71.0996
-71.0921
-71.0846
-71.0772
-71.0699
-71.0628
-71.0557
-71.0487
-71.0418
-71.035
-71.0283
-71.0217
-71.0151
-71.0087
-71.0023
-70.9961
-70.9899
-70.9838
-70.9778
-70.9718
-70.966
-70.9602
-70.9545
-70.9489
-70.9434
-70.9379
-70.9325
-70.9272
-70.922
-70.9168
-70.9117
-70.9067
-70.9017
-70.8969
-70.8921
-70.8873
-70.8826
-70.878
-70.8735
-70.869
-70.8646
-70.8603
-70.856
-70.8517
-70.8476
-70.8435
-70.8394
-70.8354
-70.8315
-70.8276
-70.8238
-70.8201
-70.8164
-70.8127
-70.8091
-70.8056
-70.8021
-70.7987
-70.7953
-70.792
-70.7887
-70.7855
-70.7823
-70.7791
-70.7761
-70.773
-70.77
-70.7671
-70.7642
-70.7613
-70.7585
-70.7557
-70.753
-70.7503
-70.7477
-70.7451
-70.7426
-70.74
-70.7376
-70.7351
-70.7327
-70.7304
-70.728
-70.7258
-70.7235
-70.7213
-70.7191
-70.717
-70.7149
-70.7128
-70.7108
-70.7088
-70.7068
-70.7049
-70.703
-70.7011
-70.6993
-70.6975
-70.6957
-70.694
-70.6923
-70.6906
-70.6889
-70.6873
-70.6857
-70.6841
-70.6826
-70.6811
-70.6796
-70.6782
-70.6767
-70.6753
-70.6739
-70.6726
-70.6712
-70.6699
-70.6687
-70.6674
-70.6662
-70.665
-70.6638
-70.6626
-70.6615
-70.6603
-70.6592
-70.6582
-70.6571
-70.6561
-70.6551
-70.6541
-70.6531
-70.6521
-70.6512
-70.6503
-70.6494
-70.6485
-70.6477
-70.6468
-70.646
-70.6452
-70.6444
-70.6436
-70.6429
-70.6421
-70.6414
-70.6407
-70.64
-70.6393
-70.6387
-70.638
-70.6374
-70.6368
-70.6362
-70.6356
-70.635
-70.6345
-70.6339
-70.6334
-70.6329
-70.6324
-70.6319
-70.6314
-70.631
-70.6305
-70.6301
-70.6296
-70.6292
-70.6288
-70.6284
-70.628
-70.6277
-70.6273
-70.627
-70.6266
-70.6263
-70.626
-70.6257
-70.6254
-70.6251
-70.6248
-70.6245
-70.6243
-70.624
-70.6238
-70.6235
-70.6233
-70.6231
-70.6229
-70.6227
-70.6225
-70.6223
-70.6221
-70.622
-70.6218
-70.6217
-70.6215
-70.6214
-70.6212
-70.6211
-70.621
-70.6209
-70.6208
-70.6207
-70.6206
-70.6205
-70.6204
-70.6204
-70.6203
-70.6202
-70.6202
-70.6201
-70.6201
-70.62
-70.62
-70.62
-70.62
-70.6199
-70.6199
-70.6199
-70.6199
-70.6199
-70.6199
-70.6199
-70.62
-70.62
-70.62
-70.62
-70.6201
-70.6201
-70.6201
-70.6202
-70.6202
-70.6203
-70.6203
-70.6204
-70.6205
-70.6205
-70.6206
-70.6207
-70.6207
-70.6208
-70.6209
-70.621
-70.6211
-70.6212
-70.6212
-70.6213
-70.6214
-70.6215
-70.6216
-70.6217
-70.6219
-70.622
-70.6221
-70.6222
-70.6223
-70.6224
-70.6226
-70.6227
-70.6228
-70.6229
-70.6231
-70.6232
-70.6233
-70.6235
-70.6236
-70.6237
-70.6239
-70.624
-70.6242
-70.6243
-70.6244
-70.6246
-70.6247
-70.6249
-70.625
-70.6252
-70.6253
-70.6255
-70.6257
-70.6258
-70.626
-70.6261
-70.6263
-70.6264
-70.6266
-70.6268
-70.6269
-70.6271
-70.6273
-70.6274
-70.6276
-70.6278
-70.6279
-70.6281
-70.6283
-70.6284
-70.6286
-70.6288
-70.6289
-70.6291
-70.6293
-70.6295
-70.6296
-70.6298
-70.63
-70.6301
-70.6303
-70.6305
-70.6307
-70.6308
-70.631
-70.6312
-70.6314
-70.6315
-70.6317
-70.6319
-70.6321
-70.6322
-70.6324
-70.6326
-70.6328
-70.6329
-70.6331
-70.6333
-70.6335
-70.6336
-70.6338
-70.634
-70.6342
-70.6343
-70.6345
-70.6347
-70.6349
-70.635
-70.6352
-70.6354
-70.6355
-70.6357
-70.6359
-70.6361
-70.6362
-70.6364
-70.6366
-70.6367
-70.6369
-70.6371
-70.6372
-70.6374
-70.6376
-70.6378
-70.6379
-70.6381
-70.6383
-70.6384
-70.6386
-70.6388
-70.6389
-70.6391
-70.6392
-70.6394
-70.6396
-70.6397
-70.6399
-70.6401
-70.6402
-70.6404
-70.6405
-70.6407
-70.6409
-70.641
-70.6412
-70.6413
-70.6415
-70.6416
-70.6418
-70.6419
-70.6421
-70.6422
-70.6424
-70.6426
-70.6427
-70.6429
-70.643
-70.6432
-70.6433
-70.6435
-70.6436
-70.6437
-70.6439
-70.644
-70.6442
-70.6443
-70.6445
-70.6446
-70.6448
-70.6449
-70.645
-70.6452
-70.6453
-70.6455
-70.6456
-70.6457

