-70
-70.1661
-70.23
-70.2566
-70.2695
-70.2773
-70.283
-70.2879
-70.2925
-70.297
-70.3014
-70.3057
-70.31
-70.3142
-70.3185
-70.3226
-70.3268
-70.3309
-70.335
-70.3391
-70.3431
-70.3471
-70.351
-70.3549
-70.3588
-70.3626
-70.3664
-70.3701
-70.3738
-70.3775
-70.3811
-70.3847
-70.3883
-70.3918
-70.3953
-70.3987
-70.4021
-70.4055
-70.4088
-70.4121
-70.4154
-70.4186
-70.4218
-70.4249
-70.428
-70.4311
-70.4341
-70.4372
-70.4401
-70.4431
-70.446
-70.4489
-70.4517
-70.4545
-70.4573
-70.4601
-70.4628
-70.4655
-70.4682
-70.4708
-70.4734
-70.476
-70.4785
-70.481
-70.4835
-70.486
-70.4884
-70.4908
-70.4932
-70.4955
-70.4978
-70.5001
-70.5024
-70.5046
-70.5068
-70.509
-70.5112
-70.5133
-70.5154
-70.5175
-70.5196
-70.5216
-70.5236
-70.5256
-70.5276
-70.5295
-70.5315
-70.5334
-70.5352
-70.5371
-70.5389
-70.5407
-70.5425
-70.5443
-70.5461
-70.5478
-70.5495
-70.5512
-70.5528
-70.5545
-70.5561
-70.5577
-70.5593
-70.5609
-70.5624
-70.5639
-70.5655
-70.5669
-70.5684
-70.5699
-70.5713
-70.5727
-70.5741
-70.5755
-70.5769
-70.5782
-70.5796
-70.5809
-70.5822
-70.5835
-70.5848
-70.586
-70.5873
-70.5885
-70.5897
-70.5909
-70.5921
-70.5932
-70.5944
-70.5955
-70.5966
-70.5977
-70.5988
-70.5999
-70.601
-70.602
-70.603
-70.6041
-70.6051
-70.6061
-70.6071
-70.608
-70.609
-70.6099
-70.6109
-70.6118
-70.6127
-70.6136
-70.6145
-70.6154
-70.6162
-70.6171
-70.6179
-70.6187
-70.6196
-70.6204
-70.6212
-70.622
-70.6227
-70.6235
-70.6242
-70.625
-70.6257
-70.6265
-70.6272
-70.6279
-70.6286
-70.6293
-70.6299
-70.6306
-70.6313
-70.6319
-70.6325
-70.6332
-70.6338
-70.6344
-70.635
-70.6356
-70.6362
-70.6368
-70.6374
-70.6379
-70.6385
-70.639
-70.6396
-70.6401
-70.6406
-70.6411
-70.6417
-70.6422
-70.6427
-70.6431
-70.6436
-70.6441
-70.6446
-70.645
-70.6455
-70.6459
-70.6464
-70.6468
-70.6472
-70.6476
-70.6481
-70.6485
-70.6489
-70.6493
-70.6497
-70.65
-70.6504
-70.6508
-70.6512
-70.6515
-70.6519
-70.6522
-70.6526
-70.6529
-70.6533
-70.6536
-70.6539
-70.6542
-70.6545
-70.6549
-70.6552
-70.6555
-70.6558
-70.656
-70.6563
-70.6566
-70.6569
-70.6572
-70.6574
-70.6577
-70.658
-70.6582
-70.6585
-70.6587
-70.6589
-70.6592
-70.6594
-70.6597
-70.6599
-70.6601
-70.6603
-70.6605
-70.6607
-70.661
-70.6612
-70.6614
-70.6616
-70.6617
-70.6619
-70.6621
-70.6623
-70.6625
-70.6627
-70.6628
-70.663
-70.6632
-70.6633
-70.6635
-70.6637
-70.6638
-70.664
-70.6641
-70.6643
-70.6644
-70.6646
-70.6647
-70.6648
-70.665
-70.6651
-70.6652
-70.6653
-70.6655
-70.6656
-70.6657
-70.6658
-70.6659
-70.666
-70.6662
-70.6663
-70.6664
-70.6665
-70.6666
-70.6667
-70.6668
-70.6669
-70.667
-70.667
-70.6671
-70.6672
-70.6673
-70.6674
-70.6675
-70.6675
-70.6676
-70.6677
-70.6678
-70.6678
-70.6679
-70.668
-70.668
-70.6681
-70.6682
-70.6682
-70.6683
-70.6683
-70.6684
-70.6685
-70.6685
-70.6686
-70.6686
-70.6687
-70.6687
-70.6688
-70.6688
-70.6688
-70.6689
-70.6689
-70.669
-70.669
-70.669
-70.6691
-70.6691
-70.6691
-70.6692
-70.6692
-70.6692
-70.6693
-70.6693
-70.6693
-70.6694
-70.6694
-70.6694
-70.6694
-70.6694
-70.6695
-70.6695
-70.6695
-70.6695
-70.6695
-70.6696
-70.6696
-70.6696
-70.6696
-70.6696
-70.6696
-70.6696
-70.6697
-70.6697
-70.6697
-70.6697
-70.6697
-70.6697
-70.6697
-70.6697
-70.6697
-70.6697
-70.6697
-70.6697
-70.6697
-70.6697
-70.6697
-70.6697
-70.6697
-70.6697
-70.6697
-70.6697
-70.6697
-70.6697
-70.6697
-70.6697
-70.6697
-70.6697
-70.6697
-70.6697
-70.6697
-70.6697
-70.6697
-70.6697
-70.6697
-70.6697
-70.6697
-70.6696
-70.6696
-70.6696
-70.6696
-70.6696
-70.6696
-70.6696
-70.6696
-70.6696
-70.6695
-70.6695
-70.6695
-70.6695
-70.6695
-70.6695
-70.6695
-70.6695
-70.6694
-70.6694
-70.6694
-70.6694
-70.6694
-70.6694
-70.6693
-70.6693
-70.6693
-70.6693
-70.6693
-70.6693
-70.6693
-70.6692
-70.6692
-70.6692
-70.6692
-70.6692
-70.6691
-70.6691
-70.6691
-70.6691
-70.6691
-70.6691
-70.669
-70.669
-70.669
-70.669
-70.669
-70.6689
-70.6689
-70.6689
-70.6689
-70.6689
-70.6688
-70.6688
-70.6688
-70.6688
-70.6688
-70.6687
-70.6687
-70.6687
-70.6687
-70.6686
-70.6686
-70.6686
-70.6686
-70.6686
-70.6685
-70.6685
-70.6685
-70.6685
-70.6685
-70.6684
-70.6684
-70.6684
-70.6684
-70.6684
-70.6683
-70.6683
-70.6683
-70.6683
-70.6682
-70.6682
-70.6682
-70.6682
-70.6682
-70.6681
-70.6681
-70.6681
-70.6681
-70.6681
-70.678
-70.8948
-71.6656
-72.5785
-73.3162
-73.7911
-66.0655
-54.2256
-51.0788
-49.1558
-46.4142
-30.3658
-13.3982
-39.7259
-68.1745
-68.6605
-67.6491
-66.5839
-65.4993
-64.4134
-63.3441
-62.3088
-61.3228
-60.3976
-59.4927
-58.619
-57.8506
-57.1839
-56.601
-56.0939
-55.6544
-55.2667
-54.9297
-54.6463
-54.4121
-54.2199
-54.0625
-53.9295
-53.8162
-53.7235
-53.6506
-53.5939
-53.5501
-53.5165
-53.4886
-53.4638
-53.4426
-53.4275
-53.4173
-53.4107
-53.4067
-53.4047
-53.4035
-53.3994
-53.3945
-53.3906
-53.3892
-53.3896
-53.391
-53.3931
-53.3957
-53.3986
-53.4018
-53.4033
-53.4006
-53.3978
-53.3946
-53.3937
-53.3944
-53.3959
-53.3979
-53.4002
-53.4027
-53.4052
-53.4078
-53.4105
-53.4129
-53.4151
-53.417
-53.4114
-53.4049
-53.4013
-53.3965
-53.3929
-53.3906
-53.3882
-53.3844
-53.3762
-53.347
-53.1148
-53.0119
-53.0587
-53.1253
-53.18
-53.219
-53.2453
-53.263
-53.2758
-53.2864
-53.2964
-53.3073
-53.3202
-53.3364
-53.3604
-53.3991
-53.4186
-53.429
-53.4369
-53.4396
-53.4375
-53.4373
-53.4393
-53.4432
-53.4484
-53.4548
-53.4623
-53.4711
-53.481
-53.4923
-53.5048
-53.5187
-53.5341
-53.5511
-53.5698
-53.5904
-53.613
-53.6377
-53.6647
-53.6942
-53.7265
-53.7619
-53.8006
-53.8429
-53.889
-53.9391
-53.9937
-54.053
-54.0265
-53.6107
-53.4629
-53.4259
-53.4262
-53.4389
-53.4543
-53.4337
-53.4216
-53.4214
-53.4271
-53.4355
-53.4451
-53.4553
-53.4659
-53.4768
-53.4881
-53.4999
-53.5122
-53.5253
-53.5391
-53.5539
-53.5698
-53.5868
-53.6053
-53.6252
-53.6467
-53.67
-53.6954
-53.723
-53.7531
-53.7859
-53.8216
-53.8626
-53.9086
-53.9603
-54.0153
-54.0732
-54.1349
-54.2008
-54.2713
-53.9988
-53.508
-53.3757
-53.3543
-53.3652
-53.3847
-53.4055
-53.4256
-53.4431
-53.4226
-53.4106
-53.4097
-53.414
-53.4208
-53.4287
-53.4371
-53.4457
-53.4544
-53.4633
-53.4725
-53.482
-53.4921
-53.5027
-53.5141
-53.5271
-53.5416
-53.5575
-53.5743
-53.592
-53.611
-53.6314
-53.6535
-53.6774
-53.7034
-53.7317
-53.7646
-53.8025
-53.8447
-53.8891
-53.9359
-53.9857
-54.039
-54.0963
-54.1579
-54.2242
-54.2951
-54.3737
-54.4646
-54.5679
-53.7379
-53.3689
-53.2934
-53.2966
-53.3194
-53.3453
-53.3698
-53.3921
-53.4122
-53.4312
-53.4496
-53.4676
-53.4848
-53.4624
-53.4285
-53.4166
-53.4154
-53.4187
-53.4238
-53.4299
-53.4364
-53.4436
-53.4517
-53.4606
-53.4697
-53.4791
-53.4889
-53.4993
-53.5104
-53.5225
-53.5355
-53.5496
-53.5649
-53.5818
-53.6022
-53.6262
-53.6521
-53.679
-53.7075
-53.7382
-53.7713
-53.8074
-53.8465
-53.8892
-53.9395
-53.9998
-54.0647
-53.9176
-53.4886
-53.3741
-53.355
-53.3628
-53.3776
-53.3934
-53.4087
-53.4236
-53.4387
-53.4325
-53.4161
-53.4111
-53.4122
-53.416
-53.4211
-53.4268
-53.4329
-53.4393
-53.4461
-53.4536
-53.4626
-53.472
-53.4817
-53.4918
-53.5027
-53.5143
-53.527
-53.5408
-53.5561
-53.5791
-53.6166
-53.663
-53.7189
-53.7799
-53.838
-53.8924
-53.9476
-54.0141
-54.1046
-54.2329
-54.3903
-54.5699
-54.7492
-54.91
-55.061
-55.2123
-55.3741
-55.5704
-55.8114
-56.0858
-56.3852
-56.6968
-57.0083
-57.3164
-57.6277
-57.946
-58.2746
-58.6295
-59.0295
-59.4672
-59.9384
-60.4266
-60.9197
-61.4037
-61.8778
-62.3465
-62.8137
-63.2879
-63.7907
-64.3143
-64.8554
-65.3994
-65.9317
-66.4445
-66.9279
-67.3819
-67.811
-68.2225
-68.6319
-69.0416
-69.448
-69.8506
-70.2333
-70.59
-70.9196
-71.2181
-71.487
-71.7297
-71.9538
-72.172
-72.3844
-72.5922
-72.7928
-72.9781
-73.1466
-73.2982
-73.432
-73.5486
-73.6497
-73.7406
-73.8286
-73.9131
-73.9955
-74.0766
-74.1502
-74.2154
-74.2726
-74.3229
-74.3656
-74.4013
-74.4314
-74.4611
-74.4916
-74.5209
-74.5511
-74.58
-74.6044
-74.625
-74.6425
-74.657
-74.668
-74.676
-74.6827
-74.6912
-74.6995
-74.7081
-74.7193
-74.73
-74.7379
-74.7435
-74.7486
-74.7525
-74.7543
-74.7539
-74.7543
-74.7567
-74.7584
-74.7602
-74.7646
-74.7693
-74.7722
-74.7729
-74.7729
-74.7734
-74.7717
-74.7676
-74.7649
-74.7653
-74.7659
-74.7658
-74.7666
-74.7704
-74.7729
-74.774
-74.773
-74.772
-74.7712
-74.7675
-74.7627
-74.7607
-74.7607
-74.7613
-74.7609
-74.7609
-74.7632
-74.7639
-74.7632
-74.7619
-74.7596
-74.7575
-74.7543
-74.7503
-74.748
-74.7482
-74.7489
-74.75
-74.7505
-74.7517
-74.7539
-74.7531
-74.7521
-74.7513
-74.7475
-74.7436
-74.7409
-74.7388
-74.7371
-74.7355
-74.7354
-74.7354
-74.7345
-74.7352
-74.7373
-74.7374
-74.7367
-74.736
-74.7329
-74.7288
-74.7267
-74.7259
-74.7262
-74.7251
-74.7242
-74.7239
-74.7226
-74.7215
-74.7219
-74.7242
-74.7254
-74.7245
-74.7224
-74.7196
-74.7157
-74.7125
-74.7114
-74.711
-74.71
-74.7085
-74.7067
-74.7044
-74.7023
-74.7021
-74.704
-74.7067
-74.7079
-74.7067
-74.7049
-74.7042
-74.7025
-74.7008
-74.7002
-74.7
-74.6986
-74.6981
-74.6952
-74.691
-74.6885
-74.6883
-74.6882
-74.6894
-74.6907
-74.689
-74.6863
-74.6862
-74.6859
-74.6849
-74.6831
-74.6825
-74.6814
-74.6807
-74.6789
-74.6758
-74.6719
-74.6699
-74.6699
-74.6699
-74.6685
-74.6689
-74.6696
-74.6696
-74.6692
-74.6688
-74.6698
-74.6721
-74.6718
-74.6704
-74.669
-74.6682
-74.6653
-74.6606
-74.6583
-74.6564
-74.6541
-74.6516
-74.6481
-74.6455
-74.6447
-74.6444
-74.6443
-74.6429
-74.6425
-74.6439
-74.6475
-74.65
-74.6493
-74.6481
-74.6479
-74.6458
-74.6415
-74.6383
-74.6369
-74.6359
-74.6344
-74.6311
-74.627
-74.621
-74.622
-74.6245
-74.6222
-74.6189
-74.6191
-74.6228
-74.6272
-74.6308
-74.6317
-74.631
-74.6312
-74.6316
-74.6279
-74.6215
-74.6168
-74.6147
-74.6128
-74.6113
-74.6082
-74.602
-74.5968
-74.5918
-74.5902
-74.5894
-74.5871
-74.5839
-74.5813
-74.5847
-74.592
-74.5983
-74.6022
-74.6051
-74.6057
-74.6038
-74.5999
-74.5945
-74.5908
-74.5915
-74.5931
-74.5916
-74.589
-74.5844
-74.5767
-74.5723
-74.5671
-74.5631
-74.5618
-74.5585
-74.5555
-74.5568
-74.5564
-74.5571
-74.5593
-74.5631
-74.5721
-74.5785
-74.5806
-74.5779
-74.5725
-74.5663
-74.5587
-74.5573
-74.5593
-74.5606
-74.5604
-74.5593
-74.5545
-74.5501
-74.5432
-74.5338
-74.5242
-74.5139
-74.5092
-74.5107
-74.5128
-74.5116
-74.512
-74.5131
-74.5169
-74.5181
-74.5197
-74.5215
-74.5241
-74.5263
-74.5278
-74.5267
-74.5211
-74.5158
-74.5155
-74.519
-74.5223
-74.5237
-74.5259
-74.5258
-74.5249
-74.5194
-74.5101
-74.4991
-74.4895
-74.4782
-74.4646
-74.4557
-74.4573
-74.4652
-74.473
-74.4814
-74.4849
-74.4837
-74.477
-74.4709
-74.4691
-74.4695
-74.47
-74.4705
-74.4692
-74.469
-74.467
-74.4639
-74.4616
-74.4571
-74.4565
-74.4651
-74.4707
-74.4742
-74.4798
-74.4803
-74.4775
-74.4715
-74.4619
-74.4496
-74.4342
-74.4181
-74.4027
-74.3954
-74.3959
-74.3971
-74.4001
-74.4021
-74.4048
-74.4078
-74.4107
-74.4107
-74.4101
-74.4078
-74.3985
-74.3888
-74.3856
-74.3809
-74.3747
-74.3723
-74.3795
-74.3849
-74.3832
-74.3791
-74.3725
-74.3685
-74.3666
-74.3665
-74.3774
-74.3947
-74.4081
-74.4115
-74.409
-74.4037
-74.397
-74.3874
-74.3774
-74.3717
-74.3655
-74.3578
-74.3493
-74.3454
-74.3419
-74.3376
-74.3278
-74.315
-74.3105
-74.3159
-74.32
-74.3188
-74.316
-74.312
-74.3104
-74.3088
-74.3076
-74.3041
-74.3004
-74.2937
-74.2874
-74.2847
-74.2813
-74.2751
-74.2677
-74.2588
-74.2489
-74.2437
-74.2475
-74.2516
-74.2621
-74.2769
-74.2834
-74.2849
-74.2905
-74.2975
-74.2997
-74.3004
-74.3004
-74.2991
-74.2932
-74.2839
-74.2777
-74.2748
-74.2695
-74.2622
-74.2535
-74.2475
-74.2426
-74.2405
-74.239
-74.2347
-74.23
-74.2225
-74.2139
-74.207
-74.2002
-74.1885
-74.1743
-74.1616
-74.1582
-74.1624
-74.1662
-74.1687
-74.1694
-74.1637
-74.153
-74.1381
-74.1225
-74.1142
-74.1039
-74.0881
-74.0783
-74.0794
-74.083
-74.0843
-74.0826
-74.0863
-74.0881
-74.0875
-74.0867
-74.0858
-74.0828
-74.0834
-74.0798
-74.0762
-74.0812
-74.087
-74.0873
-74.0909
-74.094
-74.0942
-74.0985
-74.1046
-74.1106
-74.1175
-74.1253
-74.1245
-74.1176
-74.1081
-74.0986
-74.0895
-74.0815
-74.074
-74.0667
-74.055
-74.0424
-74.0315
-74.0214
-74.013
-74.0058
-74.0035
-74.0009
-73.9923
-73.9858
-73.9794
-73.9675
-73.9576
-73.9523
-73.9512
-73.9604
-73.9668
-73.9701
-73.9704
-73.9727
-73.9735
-73.9684
-73.9658
-73.962
-73.9514
-73.9357
-73.9261
-73.9271
-73.9293
-73.9351
-73.9349
-73.9258
-73.9138
-73.9047
-73.8914
-73.8729
-73.8516
-73.8382
-73.8293
-73.8164
-73.8
-73.7841
-73.7676
-73.7523
-73.7438
-73.7371
-73.7379
-73.7463
-73.7537
-73.7516
-73.7408
-73.7244
-73.7141
-73.7066
-73.703
-73.6984
-73.693
-73.6828
-73.6714
-73.6715
-73.6764
-73.688
-73.7098
-73.726
-73.7337
-73.7377
-73.7415
-73.7475
-73.7547
-73.7606
-73.7655
-73.766
-73.7627
-73.7623
-73.7563
-73.7481
-73.7396
-73.7308
-73.7177
-73.7054
-73.6958
-73.6973
-73.7038
-73.7097
-73.7141
-73.7196
-73.7283
-73.7351
-73.7395
-73.7411
-73.7405
-73.7335
-73.7234
-73.7136
-73.7052
-73.693
-73.6757
-73.6551
-73.6379
-73.6198
-73.5984
-73.5741
-73.5478
-73.5198
-73.4936
-73.4732
-73.452
-73.4282
-73.4023
-73.3747
-73.3466
-73.3257
-73.3158
-73.3147
-73.3098
-73.2982
-73.2813
-73.2629
-73.2501
-73.239
-73.238
-73.2387
-73.2328
-73.2266
-73.2217
-73.2202
-73.2162
-73.2128
-73.2179
-73.2199
-73.2143
-73.2084
-73.2031
-73.193
-73.1805
-73.173
-73.1632
-73.1487
-73.1305
-73.1095
-73.0867
-73.0625
-73.0374
-73.0135
-72.999
-72.9852
-72.9684
-72.9525
-72.9439
-72.9385
-72.9448
-72.9529
-72.9533
-72.9547
-72.9556
-72.9504
-72.9394
-72.9242
-72.9112
-72.9052
-72.8966
-72.8835
-72.867
-72.8479
-72.827
-72.8049
-72.7819
-72.7584
-72.7344
-72.7101
-72.6857
-72.6611
-72.6365
-72.6179
-72.6097
-72.6005
-72.5875
-72.5715
-72.5532
-72.5335
-72.5129
-72.4916
-72.4698
-72.4479
-72.4258
-72.4135
-72.41
-72.4039
-72.3937
-72.3802
-72.3644
-72.347
-72.3286
-72.3095
-72.294
-72.2919
-72.2901
-72.2838
-72.2736
-72.2605
-72.2455
-72.2291
-72.2119
-72.194
-72.1758
-72.1572
-72.1386
-72.1198
-72.1011
-72.0823
-72.0636
-72.045
-72.0265
-72.0081
-71.9899
-71.9717
-71.9538
-71.936
-71.9184
-71.9009
-71.8836
-71.8665
-71.8496
-71.8329
-71.8163
-71.7999
-71.7837
-71.7677
-71.7519
-71.7363
-71.7208
-71.7055
-71.6904
-71.6754
-71.6607
-71.6461
-71.6317
-71.6174
-71.6034
-71.5895
-71.5757
-71.5622
-71.5488
-71.5355
-71.5224
-71.5095
-71.4967
-71.4841
-71.4717
-71.4594
-71.4472
-71.4352
-71.4234
-71.4117
-71.4001
-71.3887
-71.3774
-71.3663
-71.3553
-71.3444
-71.3337
-71.3231
-71.3127
-71.3024
-71.2922
-71.2821
-71.2722
-71.2624
-71.2528
-71.2432
-71.2338
-71.2245
-71.2153
-71.2063
-71.1973
-71.1885
-71.1798
-71.1712
-71.1627
-71.1543
-71.1461
-71.1379
-71.1299
-71.1219
-71.1141
-71.1063
-71.0987
-71.0912
-71.0837
-71.0764
-71.0691
-71.062
-71.055
-71.048
-71.0411
-71.0344
-71.0277
-71.0211
-71.0146
-71.0082
-71.0019
-70.9956
-70.9895
-70.9834
-70.9774
-70.9715
-70.9657
-70.9599
-70.9542
-70.9487
-70.9431
-70.9377
-70.9323
-70.9271
-70.9218
-70.9167
-70.9116
-70.9066
-70.9017
-70.8968
-70.8921
-70.8873
-70.8827
-70.8781
-70.8736
-70.8691
-70.8647
-70.8604
-70.8561
-70.8519
-70.8477
-70.8437
-70.8396
-70.8357
-70.8317
-70.8279
-70.8241
-70.8204
-70.8167
-70.813
-70.8095
-70.8059
-70.8025
-70.799
-70.7957
-70.7923
-70.7891
-70.7859
-70.7827
-70.7796
-70.7765
-70.7735
-70.7705
-70.7675
-70.7647
-70.7618
-70.759
-70.7562
-70.7535
-70.7509
-70.7482
-70.7456
-70.7431
-70.7406
-70.7381
-70.7357
-70.7333
-70.7309
-70.7286
-70.7264
-70.7241
-70.7219
-70.7197
-70.7176
-70.7155
-70.7135
-70.7114
-70.7094
-70.7075
-70.7055
-70.7037
-70.7018
-70.7
-70.6982
-70.6964
-70.6947
-70.6929
-70.6913
-70.6896
-70.688
-70.6864
-70.6848
-70.6833
-70.6818
-70.6803
-70.6788
-70.6774
-70.676
-70.6746
-70.6733
-70.672
-70.6707
-70.6694
-70.6681
-70.6669
-70.6657
-70.6645
-70.6633
-70.6622
-70.6611
-70.66
-70.6589
-70.6578
-70.6568
-70.6558
-70.6548
-70.6538
-70.6529
-70.6519
-70.651
-70.6501
-70.6492
-70.6484
-70.6475
-70.6467
-70.6459
-70.6451
-70.6443
-70.6436
-70.6429
-70.6421
-70.6414
-70.6407
-70.6401
-70.6394
-70.6388
-70.6381
-70.6375
-70.6369
-70.6363
-70.6358
-70.6352
-70.6346
-70.6341
-70.6336
-70.6331
-70.6326
-70.6321
-70.6317
-70.6312
-70.6308
-70.6303
-70.6299
-70.6295
-70.6291
-70.6287
-70.6284
-70.628
-70.6276
-70.6273
-70.627
-70.6266
-70.6263
-70.626
-70.6257
-70.6255
-70.6252
-70.6249
-70.6247
-70.6244
-70.6242
-70.624
-70.6237
-70.6235
-70.6233
-70.6231
-70.623
-70.6228
-70.6226
-70.6224
-70.6223
-70.6221
-70.622
-70.6219
-70.6217
-70.6216
-70.6215
-70.6214
-70.6213
-70.6212
-70.6211
-70.621
-70.621
-70.6209
-70.6208
-70.6208
-70.6207
-70.6207
-70.6206
-70.6206
-70.6206
-70.6205
-70.6205
-70.6205
-70.6205
-70.6205
-70.6205
-70.6205
-70.6205
-70.6205
-70.6205
-70.6205
-70.6206
-70.6206
-70.6206
-70.6207
-70.6207
-70.6207
-70.6208
-70.6208
-70.6209
-70.621
-70.621
-70.6211
-70.6212
-70.6212
-70.6213
-70.6214
-70.6215
-70.6216
-70.6216
-70.6217
-70.6218
-70.6219
-70.622
-70.6221
-70.6222
-70.6223
-70.6224
-70.6225
-70.6227
-70.6228
-70.6229
-70.623
-70.6231
-70.6232
-70.6234
-70.6235
-70.6236
-70.6238
-70.6239
-70.624
-70.6242
-70.6243
-70.6244
-70.6246
-70.6247
-70.6249
-70.625
-70.6251
-70.6253
-70.6254
-70.6256
-70.6257
-70.6259
-70.626
-70.6262
-70.6264
-70.6265
-70.6267
-70.6268
-70.627
-70.6271
-70.6273
-70.6275
-70.6276
-70.6278
-70.628
-70.6281
-70.6283
-70.6284
-70.6286
-70.6288
-70.6289
-70.6291
-70.6293
-70.6295
-70.6296
-70.6298
-70.63
-70.6301
-70.6303
-70.6305
-70.6306
-70.6308
-70.631
-70.6312
-70.6313
-70.6315
-70.6317
-70.6318
-70.632
-70.6322
-70.6324
-70.6325
-70.6327
-70.6329
-70.6331
-70.6332
-70.6334
-70.6336
-70.6337
-70.6339
-70.6341
-70.6343
-70.6344
-70.6346
-70.6348
-70.6349
-70.6351
-70.6353
-70.6355
-70.6356
-70.6358
-70.636
-70.6361
-70.6363
-70.6365
-70.6366
-70.6368
-70.637
-70.6372
-70.6373
-70.6375
-70.6377
-70.6378
-70.638
-70.6382
-70.6383
-70.6385
-70.6386
-70.6388
-70.639
-70.6391
-70.6393
-70.6395
-70.6396
-70.6398
-70.6399
-70.6401
-70.6403
-70.6404
-70.6406
-70.6407
-70.6409
-70.6411
-70.6412
-70.6414
-70.6415
-70.6417
-70.6418
-70.642
-70.6421
-70.6423
-70.6424
-70.6426
-70.6427
-70.6429
-70.643
-70.6432
-70.6433
-70.6435
-70.6436
-70.6438
-70.6439
-70.6441
-70.6442
-70.6443
-70.6445
-70.6446
-70.6448
-70.6449
-70.6451
-70.6452

