-70
-70.1661
-70.23
-70.2566
-70.2695
-70.2773
-70.283
-70.2879
-70.2925
-70.297
-70.3014
-70.3057
-70.31
-70.3142
-70.3185
-70.3226
-70.3268
-70.3309
-70.335
-70.3391
-70.3431
-70.3471
-70.351
-70.3549
-70.3588
-70.3626
-70.3664
-70.3701
-70.3738
-70.3775
-70.3811
-70.3847
-70.3883
-70.3918
-70.3953
-70.3987
-70.4021
-70.4055
-70.4088
-70.4121
-70.4154
-70.4186
-70.4218
-70.4249
-70.428
-70.4311
-70.4341
-70.4372
-70.4401
-70.4431
-70.446
-70.4489
-70.4517
-70.4545
-70.4573
-70.4601
-70.4628
-70.4655
-70.4682
-70.4708
-70.4734
-70.476
-70.4785
-70.481
-70.4835
-70.486
-70.4884
-70.4908
-70.4932
-70.4955
-70.4978
-70.5001
-70.5024
-70.5046
-70.5068
-70.509
-70.5112
-70.5133
-70.5154
-70.5175
-70.5196
-70.5216
-70.5236
-70.5256
-70.5276
-70.5295
-70.5315
-70.5334
-70.5352
-70.5371
-70.5389
-70.5407
-70.5425
-70.5443
-70.5461
-70.5478
-70.5495
-70.5512
-70.5528
-70.5545
-70.5561
-70.5577
-70.5593
-70.5609
-70.5624
-70.5639
-70.5655
-70.5669
-70.5684
-70.5699
-70.5713
-70.5727
-70.5741
-70.5755
-70.5769
-70.5782
-70.5796
-70.5809
-70.5822
-70.5835
-70.5848
-70.586
-70.5873
-70.5885
-70.5897
-70.5909
-70.5921
-70.5932
-70.5944
-70.5955
-70.5966
-70.5977
-70.5988
-70.5999
-70.601
-70.602
-70.603
-70.6041
-70.6051
-70.6061
-70.6071
-70.608
-70.609
-70.6099
-70.6109
-70.6118
-70.6127
-70.6136
-70.6145
-70.6154
-70.6162
-70.6171
-70.6179
-70.6187
-70.6196
-70.6204
-70.6212
-70.622
-70.6227
-70.6235
-70.6242
-70.625
-70.6257
-70.6265
-70.6272
-70.6279
-70.6286
-70.6293
-70.6299
-70.6306
-70.6313
-70.6319
-70.6325
-70.6332
-70.6338
-70.6344
-70.635
-70.6356
-70.6362
-70.6368
-70.6374
-70.6379
-70.6385
-70.639
-70.6396
-70.6401
-70.6406
-70.6411
-70.6417
-70.6422
-70.6427
-70.6431
-70.6436
-70.6441
-70.6446
-70.645
-70.6455
-70.6459
-70.6464
-70.6468
-70.6472
-70.6476
-70.6481
-70.6485
-70.6489
-70.6493
-70.6497
-70.65
-70.6504
-70.6508
-70.6512
-70.6515
-70.6519
-70.6522
-70.6526
-70.6529
-70.6533
-70.6536
-70.6539
-70.6542
-70.6545
-70.6549
-70.6552
-70.6555
-70.6558
-70.656
-70.6563
-70.6566
-70.6569
-70.6572
-70.6574
-70.6577
-70.658
-70.6582
-70.6585
-70.6587
-70.6589
-70.6592
-70.6594
-70.6597
-70.6599
-70.6601
-70.6603
-70.6605
-70.6607
-70.661
-70.6612
-70.6614
-70.6616
-70.6617
-70.6619
-70.6621
-70.6623
-70.6625
-70.6627
-70.6628
-70.663
-70.6632
-70.6633
-70.6635
-70.6637
-70.6638
-70.664
-70.6641
-70.6643
-70.6644
-70.6646
-70.6647
-70.6648
-70.665
-70.6651
-70.6652
-70.6653
-70.6655
-70.6656
-70.6657
-70.6658
-70.6659
-70.666
-70.6662
-70.6663
-70.6664
-70.6665
-70.6666
-70.6667
-70.6668
-70.6669
-70.667
-70.667
-70.6671
-70.6672
-70.6673
-70.6674
-70.6675
-70.6675
-70.6676
-70.6677
-70.6678
-70.6678
-70.6679
-70.668
-70.668
-70.6681
-70.6682
-70.6682
-70.6683
-70.6683
-70.6684
-70.6685
-70.6685
-70.6686
-70.6686
-70.6687
-70.6687
-70.6688
-70.6688
-70.6688
-70.6689
-70.6689
-70.669
-70.669
-70.669
-70.6691
-70.6691
-70.6691
-70.6692
-70.6692
-70.6692
-70.6693
-70.6693
-70.6693
-70.6694
-70.6694
-70.6694
-70.6694
-70.6694
-70.6695
-70.6695
-70.6695
-70.6695
-70.6695
-70.6696
-70.6696
-70.6696
-70.6696
-70.6696
-70.6696
-70.6696
-70.6697
-70.6697
-70.6697
-70.6697
-70.6697
-70.6697
-70.6697
-70.6697
-70.6697
-70.6697
-70.6697
-70.6697
-70.6697
-70.6697
-70.6697
-70.6697
-70.6697
-70.6697
-70.6697
-70.6697
-70.6697
-70.6697
-70.6697
-70.6697
-70.6697
-70.6697
-70.6697
-70.6697
-70.6697
-70.6697
-70.6697
-70.6697
-70.6697
-70.6697
-70.6697
-70.6696
-70.6696
-70.6696
-70.6696
-70.6696
-70.6696
-70.6696
-70.6696
-70.6696
-70.6695
-70.6695
-70.6695
-70.6695
-70.6695
-70.6695
-70.6695
-70.6695
-70.6694
-70.6694
-70.6694
-70.6694
-70.6694
-70.6694
-70.6693
-70.6693
-70.6693
-70.6693
-70.6693
-70.6693
-70.6693
-70.6692
-70.6692
-70.6692
-70.6692
-70.6692
-70.6691
-70.6691
-70.6691
-70.6691
-70.6691
-70.6691
-70.669
-70.669
-70.669
-70.669
-70.669
-70.6689
-70.6689
-70.6689
-70.6689
-70.6689
-70.6688
-70.6688
-70.6688
-70.6688
-70.6688
-70.6687
-70.6687
-70.6687
-70.6687
-70.6686
-70.6686
-70.6686
-70.6686
-70.6686
-70.6685
-70.6685
-70.6685
-70.6685
-70.6685
-70.6684
-70.6684
-70.6684
-70.6684
-70.6684
-70.6683
-70.6683
-70.6683
-70.6683
-70.6682
-70.6682
-70.6682
-70.6682
-70.6682
-70.6681
-70.6681
-70.6681
-70.6681
-70.6681
-70.6729
-70.9358
-71.6652
-72.5647
-73.3005
-73.7811
-60.5254
-52.9476
-50.5729
-48.7452
-45.6803
-19.2116
-18.1612
-44.4908
-68.7291
-68.5333
-67.5184
-66.4621
-65.3916
-64.3248
-63.2798
-62.2744
-61.324
-60.3174
-59.2673
-58.4234
-57.6949
-57.0542
-56.4917
-56.0022
-55.5732
-55.1903
-54.864
-54.593
-54.3693
-54.186
-54.0355
-53.9061
-53.8001
-53.715
-53.6432
-53.5868
-53.5437
-53.5111
-53.4831
-53.4602
-53.4436
-53.4322
-53.4246
-53.4199
-53.4173
-53.4105
-53.4042
-53.3972
-53.3933
-53.3922
-53.3929
-53.3946
-53.3971
-53.4
-53.4034
-53.407
-53.4109
-53.4142
-53.4091
-53.4054
-53.4045
-53.4055
-53.4076
-53.4051
-53.4019
-53.4011
-53.4018
-53.4034
-53.4056
-53.408
-53.4104
-53.4127
-53.4147
-53.4165
-53.4125
-53.405
-53.4007
-53.3983
-53.3962
-53.3935
-53.3887
-53.3793
-53.3544
-53.1751
-52.7911
-52.7987
-52.9037
-53.0048
-53.0813
-53.134
-53.1691
-53.1933
-53.2118
-53.2284
-53.2455
-53.2651
-53.2891
-53.3199
-53.3597
-53.4103
-53.453
-53.4608
-53.4622
-53.4642
-53.4683
-53.4747
-53.4838
-53.495
-53.4781
-53.4632
-53.4579
-53.4586
-53.4628
-53.4693
-53.4775
-53.4872
-53.4983
-53.5107
-53.5245
-53.5398
-53.5566
-53.5749
-53.595
-53.617
-53.641
-53.6671
-53.6957
-53.7269
-53.7611
-53.7984
-53.8391
-53.8835
-53.9317
-53.9842
-54.0413
-54.0141
-53.6055
-53.4603
-53.424
-53.4243
-53.4368
-53.4533
-53.4713
-53.4896
-53.5083
-53.5272
-53.5465
-53.5664
-53.5871
-53.6087
-53.6316
-53.656
-53.682
-53.7099
-53.7401
-53.7728
-53.8081
-53.8463
-53.8877
-53.9326
-53.9811
-54.0337
-54.0905
-54.152
-54.2183
-54.2922
-54.375
-54.4627
-54.5553
-54.6536
-54.7582
-54.8698
-54.9891
-55.1164
-55.252
-55.397
-55.5579
-55.728
-53.735
-53.2233
-53.1389
-53.1639
-53.2133
-53.2634
-53.3086
-53.3481
-53.3829
-53.4141
-53.4421
-53.4677
-53.4917
-53.5146
-53.537
-53.5593
-53.5819
-53.6051
-53.6293
-53.6558
-53.6849
-53.7155
-53.7479
-53.7824
-53.8194
-53.8592
-53.902
-53.9482
-53.998
-54.0517
-54.1121
-54.1807
-54.253
-54.3286
-54.4084
-54.4931
-54.5832
-54.679
-54.7808
-54.8889
-55.0037
-55.1272
-55.2704
-55.4216
-55.575
-55.7318
-55.8929
-56.0591
-56.2309
-56.4082
-56.5904
-53.7093
-53.0528
-52.9603
-53.0065
-53.0808
-53.1526
-53.2145
-53.2666
-53.3105
-53.3208
-53.3264
-53.3385
-53.3529
-53.3669
-53.3798
-53.3919
-53.4029
-53.4129
-53.4221
-53.4307
-53.4389
-53.4467
-53.4542
-53.4614
-53.4684
-53.4752
-53.4817
-53.4889
-53.4965
-53.5033
-53.5088
-53.5127
-53.5143
-53.5128
-53.5067
-53.4936
-53.4692
-53.427
-53.3521
-53.1815
-52.4644
-48.5175
-47.0452
-47.472
-51.009
-53.2754
-53.8426
-53.9032
-53.8457
-53.7703
-53.7001
-53.6408
-53.5934
-53.5579
-53.5339
-53.5212
-53.5191
-53.5267
-53.5423
-53.5648
-53.5937
-53.6297
-53.672
-53.7204
-53.774
-53.8328
-53.8976
-53.9687
-54.0471
-54.147
-54.2687
-54.4034
-54.5409
-54.6778
-54.818
-54.9644
-55.1212
-55.2996
-55.5081
-55.7405
-55.9994
-56.2758
-56.5597
-56.8423
-57.1289
-57.4267
-57.7398
-58.0774
-58.4537
-58.8638
-59.3074
-59.7645
-60.2237
-60.6811
-61.1384
-61.5997
-62.0682
-62.5548
-63.0646
-63.5847
-64.1237
-64.6676
-65.2014
-65.7163
-66.208
-66.6801
-67.1358
-67.5817
-68.0278
-68.4694
-68.9056
-69.3342
-69.7435
-70.1268
-70.477
-70.796
-71.0891
-71.3617
-71.6218
-71.8764
-72.1208
-72.3563
-72.5775
-72.782
-72.9674
-73.1303
-73.2729
-73.3991
-73.5141
-73.6223
-73.7278
-73.8293
-73.9265
-74.0161
-74.0979
-74.1711
-74.2339
-74.286
-74.3295
-74.3677
-74.4036
-74.44
-74.477
-74.5134
-74.5462
-74.5769
-74.6037
-74.6264
-74.6434
-74.6551
-74.6638
-74.6717
-74.6803
-74.6925
-74.7068
-74.7196
-74.7315
-74.7421
-74.7505
-74.7566
-74.7593
-74.7591
-74.7575
-74.7561
-74.7563
-74.7615
-74.7674
-74.7719
-74.7765
-74.7804
-74.7825
-74.7834
-74.7826
-74.7804
-74.7775
-74.7736
-74.7709
-74.7735
-74.7768
-74.7789
-74.7805
-74.7826
-74.7824
-74.7816
-74.7798
-74.7778
-74.7757
-74.7716
-74.7668
-74.766
-74.7689
-74.7706
-74.7712
-74.772
-74.7725
-74.7712
-74.7699
-74.7685
-74.7667
-74.7654
-74.7622
-74.758
-74.7575
-74.76
-74.761
-74.7611
-74.7611
-74.7604
-74.7581
-74.7551
-74.7542
-74.7528
-74.7511
-74.7489
-74.7466
-74.7448
-74.7468
-74.7494
-74.7497
-74.7498
-74.7494
-74.7475
-74.7444
-74.7424
-74.741
-74.7405
-74.7376
-74.7346
-74.7331
-74.7331
-74.7353
-74.7374
-74.7369
-74.7367
-74.7358
-74.7339
-74.731
-74.7286
-74.7269
-74.7257
-74.7242
-74.7196
-74.7176
-74.7174
-74.7202
-74.7243
-74.7257
-74.7252
-74.7251
-74.7247
-74.7228
-74.7197
-74.717
-74.7149
-74.714
-74.71
-74.7059
-74.7026
-74.6997
-74.7006
-74.7049
-74.7086
-74.7093
-74.7099
-74.7111
-74.7112
-74.709
-74.7053
-74.7027
-74.701
-74.699
-74.6951
-74.6901
-74.6872
-74.6846
-74.6844
-74.6871
-74.6903
-74.6926
-74.6954
-74.698
-74.7003
-74.6999
-74.6966
-74.6927
-74.6906
-74.6872
-74.6808
-74.6768
-74.6714
-74.6643
-74.6625
-74.6637
-74.6656
-74.6674
-74.6702
-74.6744
-74.6779
-74.6826
-74.6856
-74.6846
-74.6827
-74.6807
-74.6769
-74.671
-74.6647
-74.6595
-74.6537
-74.6469
-74.6429
-74.6437
-74.6452
-74.6497
-74.6514
-74.6527
-74.6556
-74.6604
-74.667
-74.6694
-74.6711
-74.6702
-74.6647
-74.6575
-74.6503
-74.6449
-74.6379
-74.6288
-74.6222
-74.6204
-74.6196
-74.6186
-74.6221
-74.6268
-74.6297
-74.6314
-74.6324
-74.6342
-74.6406
-74.6489
-74.6549
-74.6544
-74.6493
-74.6421
-74.6362
-74.6311
-74.6236
-74.6129
-74.6016
-74.5974
-74.6005
-74.6031
-74.5997
-74.5979
-74.5999
-74.604
-74.6078
-74.6107
-74.6097
-74.6125
-74.6184
-74.6252
-74.6287
-74.6275
-74.622
-74.6156
-74.6113
-74.6073
-74.5986
-74.5863
-74.575
-74.5674
-74.5703
-74.5745
-74.5753
-74.5726
-74.5708
-74.5712
-74.5713
-74.5719
-74.5742
-74.5797
-74.5829
-74.589
-74.594
-74.5966
-74.5958
-74.5923
-74.5898
-74.5903
-74.589
-74.5826
-74.5744
-74.564
-74.5526
-74.5442
-74.5421
-74.5447
-74.5475
-74.5467
-74.5436
-74.5428
-74.5443
-74.5431
-74.5389
-74.5392
-74.5407
-74.5404
-74.5443
-74.5544
-74.5603
-74.5591
-74.556
-74.5511
-74.5475
-74.5456
-74.5434
-74.5415
-74.5379
-74.5313
-74.5245
-74.5163
-74.5087
-74.5038
-74.5032
-74.5054
-74.5031
-74.5032
-74.503
-74.5017
-74.5009
-74.5021
-74.505
-74.5044
-74.5012
-74.4956
-74.4907
-74.4918
-74.4959
-74.5
-74.5029
-74.5034
-74.504
-74.5101
-74.5134
-74.5113
-74.5033
-74.493
-74.4858
-74.4777
-74.4704
-74.4664
-74.4662
-74.4659
-74.4662
-74.4674
-74.4659
-74.4587
-74.4508
-74.4436
-74.4421
-74.4472
-74.4561
-74.4621
-74.4621
-74.4557
-74.4519
-74.4486
-74.4466
-74.4418
-74.4308
-74.4253
-74.4227
-74.4221
-74.4239
-74.4296
-74.4355
-74.4449
-74.4525
-74.4528
-74.4469
-74.4373
-74.426
-74.4153
-74.4063
-74.3966
-74.3868
-74.3785
-74.3748
-74.3744
-74.3783
-74.3841
-74.3911
-74.3912
-74.3831
-74.3752
-74.3734
-74.3716
-74.37
-74.371
-74.3731
-74.3749
-74.3793
-74.3796
-74.3788
-74.3776
-74.3741
-74.3661
-74.3571
-74.3478
-74.3408
-74.3378
-74.3337
-74.3294
-74.3314
-74.3327
-74.3336
-74.3329
-74.3362
-74.3424
-74.3459
-74.3449
-74.3441
-74.3401
-74.3295
-74.3207
-74.3154
-74.3117
-74.303
-74.2922
-74.284
-74.2771
-74.2691
-74.2653
-74.2641
-74.2638
-74.2628
-74.2658
-74.2654
-74.2633
-74.2657
-74.267
-74.2671
-74.2627
-74.2583
-74.255
-74.2569
-74.2587
-74.2602
-74.2635
-74.2663
-74.275
-74.2837
-74.2822
-74.2736
-74.2631
-74.2477
-74.2305
-74.218
-74.2108
-74.2121
-74.2143
-74.2143
-74.2098
-74.2046
-74.2033
-74.2063
-74.2036
-74.1979
-74.1887
-74.1789
-74.1705
-74.165
-74.163
-74.1635
-74.1606
-74.1556
-74.1565
-74.154
-74.1448
-74.1325
-74.1248
-74.1268
-74.1366
-74.1443
-74.1465
-74.1454
-74.1425
-74.1365
-74.1313
-74.1249
-74.1188
-74.1115
-74.1063
-74.1033
-74.1019
-74.0965
-74.0876
-74.0815
-74.0723
-74.0609
-74.0489
-74.0436
-74.0378
-74.029
-74.0219
-74.0167
-74.0113
-74.0092
-74.008
-74.0062
-74.0061
-74.0124
-74.025
-74.0467
-74.0669
-74.0769
-74.075
-74.0642
-74.0528
-74.0459
-74.0384
-74.0294
-74.0285
-74.0299
-74.0265
-74.0224
-74.027
-74.0346
-74.0356
-74.0272
-74.0117
-73.9933
-73.9783
-73.9627
-73.9473
-73.93
-73.9155
-73.9064
-73.9006
-73.8951
-73.8885
-73.8842
-73.8795
-73.8789
-73.875
-73.8671
-73.856
-73.8395
-73.8216
-73.8107
-73.8079
-73.8062
-73.8025
-73.799
-73.7941
-73.788
-73.7787
-73.774
-73.7678
-73.7607
-73.7535
-73.7506
-73.7517
-73.7615
-73.7725
-73.7829
-73.7889
-73.7911
-73.8035
-73.8232
-73.8463
-73.859
-73.8641
-73.8606
-73.8556
-73.8579
-73.8547
-73.8487
-73.8432
-73.834
-73.819
-73.8038
-73.7879
-73.7686
-73.7547
-73.7506
-73.7431
-73.7325
-73.7213
-73.715
-73.7131
-73.7101
-73.7062
-73.6972
-73.684
-73.6775
-73.67
-73.6571
-73.6451
-73.6357
-73.6259
-73.611
-73.5914
-73.5746
-73.567
-73.5638
-73.5569
-73.5502
-73.5406
-73.5376
-73.5376
-73.5376
-73.5319
-73.5193
-73.5015
-73.48
-73.456
-73.4323
-73.4146
-73.3961
-73.3747
-73.351
-73.3328
-73.3166
-73.2999
-73.2881
-73.2744
-73.2565
-73.2352
-73.2115
-73.1896
-73.175
-73.1676
-73.1604
-73.1482
-73.1313
-73.1126
-73.1216
-73.1468
-73.1792
-73.2048
-73.2163
-73.2162
-73.2081
-73.2008
-73.1951
-73.1876
-73.184
-73.1771
-73.1713
-73.167
-73.1663
-73.1639
-73.1555
-73.1417
-73.124
-73.1036
-73.0812
-73.0575
-73.0328
-73.0074
-72.9814
-72.9551
-72.9285
-72.9018
-72.8749
-72.848
-72.8212
-72.7944
-72.772
-72.7605
-72.7488
-72.7336
-72.7159
-72.7068
-72.7011
-72.6916
-72.6779
-72.6611
-72.6422
-72.6219
-72.6005
-72.5786
-72.5561
-72.5334
-72.5106
-72.4876
-72.4646
-72.4416
-72.4188
-72.396
-72.3733
-72.3508
-72.3285
-72.315
-72.3125
-72.3082
-72.2995
-72.2873
-72.2727
-72.2564
-72.2389
-72.2208
-72.2022
-72.1833
-72.1642
-72.1451
-72.1259
-72.1067
-72.0875
-72.0685
-72.0496
-72.0308
-72.0121
-71.9936
-71.9752
-71.957
-71.939
-71.9212
-71.9035
-71.8861
-71.8688
-71.8517
-71.8348
-71.8181
-71.8015
-71.7852
-71.769
-71.7531
-71.7373
-71.7217
-71.7062
-71.691
-71.6759
-71.6611
-71.6464
-71.6318
-71.6175
-71.6033
-71.5893
-71.5754
-71.5618
-71.5483
-71.5349
-71.5217
-71.5087
-71.4959
-71.4832
-71.4706
-71.4582
-71.446
-71.4339
-71.422
-71.4102
-71.3986
-71.3871
-71.3757
-71.3645
-71.3534
-71.3425
-71.3317
-71.3211
-71.3106
-71.3002
-71.29
-71.2799
-71.2699
-71.26
-71.2503
-71.2407
-71.2313
-71.2219
-71.2127
-71.2036
-71.1946
-71.1857
-71.177
-71.1683
-71.1598
-71.1514
-71.1431
-71.1349
-71.1268
-71.1188
-71.1109
-71.1031
-71.0955
-71.0879
-71.0804
-71.0731
-71.0658
-71.0586
-71.0515
-71.0446
-71.0377
-71.0309
-71.0242
-71.0176
-71.011
-71.0046
-70.9983
-70.992
-70.9858
-70.9797
-70.9737
-70.9678
-70.9619
-70.9562
-70.9505
-70.9449
-70.9394
-70.9339
-70.9285
-70.9232
-70.918
-70.9129
-70.9078
-70.9028
-70.8978
-70.893
-70.8882
-70.8835
-70.8788
-70.8742
-70.8697
-70.8652
-70.8608
-70.8565
-70.8522
-70.848
-70.8438
-70.8397
-70.8357
-70.8317
-70.8278
-70.824
-70.8202
-70.8164
-70.8127
-70.8091
-70.8055
-70.802
-70.7985
-70.7951
-70.7918
-70.7884
-70.7852
-70.782
-70.7788
-70.7757
-70.7726
-70.7696
-70.7666
-70.7637
-70.7608
-70.758
-70.7552
-70.7524
-70.7497
-70.747
-70.7444
-70.7418
-70.7393
-70.7368
-70.7343
-70.7319
-70.7295
-70.7272
-70.7249
-70.7226
-70.7204
-70.7182
-70.716
-70.7139
-70.7118
-70.7098
-70.7078
-70.7058
-70.7038
-70.7019
-70.7
-70.6982
-70.6964
-70.6946
-70.6928
-70.6911
-70.6894
-70.6877
-70.6861
-70.6845
-70.6829
-70.6814
-70.6798
-70.6784
-70.6769
-70.6754
-70.674
-70.6726
-70.6713
-70.6699
-70.6686
-70.6673
-70.6661
-70.6648
-70.6636
-70.6624
-70.6612
-70.6601
-70.659
-70.6579
-70.6568
-70.6557
-70.6547
-70.6537
-70.6527
-70.6517
-70.6507
-70.6498
-70.6489
-70.648
-70.6471
-70.6462
-70.6454
-70.6445
-70.6437
-70.6429
-70.6422
-70.6414
-70.6407
-70.64
-70.6392
-70.6386
-70.6379
-70.6372
-70.6366
-70.636
-70.6353
-70.6347
-70.6342
-70.6336
-70.633
-70.6325
-70.632
-70.6314
-70.6309
-70.6304
-70.63
-70.6295
-70.6291
-70.6286
-70.6282
-70.6278
-70.6274
-70.627
-70.6266
-70.6262
-70.6259
-70.6255
-70.6252
-70.6249
-70.6245
-70.6242
-70.6239
-70.6237
-70.6234
-70.6231
-70.6229
-70.6226
-70.6224
-70.6221
-70.6219
-70.6217
-70.6215
-70.6213
-70.6211
-70.6209
-70.6208
-70.6206
-70.6204
-70.6203
-70.6202
-70.62
-70.6199
-70.6198
-70.6197
-70.6196
-70.6195
-70.6194
-70.6193
-70.6192
-70.6191
-70.6191
-70.619
-70.6189
-70.6189
-70.6188
-70.6188
-70.6188
-70.6187
-70.6187
-70.6187
-70.6187
-70.6187
-70.6187
-70.6187
-70.6187
-70.6187
-70.6187
-70.6187
-70.6188
-70.6188
-70.6188
-70.6189
-70.6189
-70.6189
-70.619
-70.6191
-70.6191
-70.6192
-70.6192
-70.6193
-70.6194
-70.6194
-70.6195
-70.6196
-70.6197
-70.6198
-70.6199
-70.62
-70.6201
-70.6202
-70.6203
-70.6204
-70.6205
-70.6206
-70.6207
-70.6208
-70.6209
-70.621
-70.6212
-70.6213
-70.6214
-70.6215
-70.6217
-70.6218
-70.6219
-70.6221
-70.6222
-70.6223
-70.6225
-70.6226
-70.6228
-70.6229
-70.623
-70.6232
-70.6233
-70.6235
-70.6237
-70.6238
-70.624
-70.6241
-70.6243
-70.6244
-70.6246
-70.6248
-70.6249
-70.6251
-70.6252
-70.6254
-70.6256
-70.6257
-70.6259
-70.6261
-70.6262
-70.6264
-70.6266
-70.6268
-70.6269
-70.6271
-70.6273
-70.6275
-70.6276
-70.6278
-70.628
-70.6282
-70.6283
-70.6285
-70.6287
-70.6289
-70.629
-70.6292
-70.6294
-70.6296
-70.6297
-70.6299
-70.6301
-70.6303
-70.6305
-70.6306
-70.6308
-70.631
-70.6312
-70.6314
-70.6315
-70.6317
-70.6319
-70.6321
-70.6323
-70.6324
-70.6326
-70.6328
-70.633
-70.6332
-70.6333
-70.6335
-70.6337
-70.6339
-70.6341
-70.6342
-70.6344
-70.6346
-70.6348
-70.6349
-70.6351
-70.6353
-70.6355
-70.6356
-70.6358
-70.636
-70.6362
-70.6363
-70.6365
-70.6367
-70.6369
-70.637
-70.6372
-70.6374
-70.6375
-70.6377
-70.6379
-70.6381
-70.6382
-70.6384
-70.6386
-70.6387
-70.6389
-70.6391
-70.6392
-70.6394
-70.6396
-70.6397
-70.6399
-70.6401
-70.6402
-70.6404
-70.6405
-70.6407
-70.6409
-70.641
-70.6412
-70.6413
-70.6415
-70.6417
-70.6418
-70.642
-70.6421
-70.6423
-70.6424
-70.6426
-70.6427
-70.6429
-70.643
-70.6432
-70.6433
-70.6435
-70.6436
-70.6438
-70.6439
-70.6441
-70.6442
-70.6444
-70.6445
-70.6447
-70.6448
-70.6449
-70.6451
-70.6452
-70.6454
-70.6455
-70.6456
-70.6458
-70.6459
-70.6461

