-70
-70.1661
-70.23
-70.2566
-70.2695
-70.2773
-70.283
-70.2879
-70.2925
-70.297
-70.3014
-70.3057
-70.31
-70.3142
-70.3185
-70.3226
-70.3268
-70.3309
-70.335
-70.3391
-70.3431
-70.3471
-70.351
-70.3549
-70.3588
-70.3626
-70.3664
-70.3701
-70.3738
-70.3775
-70.3811
-70.3847
-70.3883
-70.3918
-70.3953
-70.3987
-70.4021
-70.4055
-70.4088
-70.4121
-70.4154
-70.4186
-70.4218
-70.4249
-70.428
-70.4311
-70.4341
-70.4372
-70.4401
-70.4431
-70.446
-70.4489
-70.4517
-70.4545
-70.4573
-70.4601
-70.4628
-70.4655
-70.4682
-70.4708
-70.4734
-70.476
-70.4785
-70.481
-70.4835
-70.486
-70.4884
-70.4908
-70.4932
-70.4955
-70.4978
-70.5001
-70.5024
-70.5046
-70.5068
-70.509
-70.5112
-70.5133
-70.5154
-70.5175
-70.5196
-70.5216
-70.5236
-70.5256
-70.5276
-70.5295
-70.5315
-70.5334
-70.5352
-70.5371
-70.5389
-70.5407
-70.5425
-70.5443
-70.5461
-70.5478
-70.5495
-70.5512
-70.5528
-70.5545
-70.5561
-70.5577
-70.5593
-70.5609
-70.5624
-70.5639
-70.5655
-70.5669
-70.5684
-70.5699
-70.5713
-70.5727
-70.5741
-70.5755
-70.5769
-70.5782
-70.5796
-70.5809
-70.5822
-70.5835
-70.5848
-70.586
-70.5873
-70.5885
-70.5897
-70.5909
-70.5921
-70.5932
-70.5944
-70.5955
-70.5966
-70.5977
-70.5988
-70.5999
-70.601
-70.602
-70.603
-70.6041
-70.6051
-70.6061
-70.6071
-70.608
-70.609
-70.6099
-70.6109
-70.6118
-70.6127
-70.6136
-70.6145
-70.6154
-70.6162
-70.6171
-70.6179
-70.6187
-70.6196
-70.6204
-70.6212
-70.622
-70.6227
-70.6235
-70.6242
-70.625
-70.6257
-70.6265
-70.6272
-70.6279
-70.6286
-70.6293
-70.6299
-70.6306
-70.6313
-70.6319
-70.6325
-70.6332
-70.6338
-70.6344
-70.635
-70.6356
-70.6362
-70.6368
-70.6374
-70.6379
-70.6385
-70.639
-70.6396
-70.6401
-70.6406
-70.6411
-70.6417
-70.6422
-70.6427
-70.6431
-70.6436
-70.6441
-70.6446
-70.645
-70.6455
-70.6459
-70.6464
-70.6468
-70.6472
-70.6476
-70.6481
-70.6485
-70.6489
-70.6493
-70.6497
-70.65
-70.6504
-70.6508
-70.6512
-70.6515
-70.6519
-70.6522
-70.6526
-70.6529
-70.6533
-70.6536
-70.6539
-70.6542
-70.6545
-70.6549
-70.6552
-70.6555
-70.6558
-70.656
-70.6563
-70.6566
-70.6569
-70.6572
-70.6574
-70.6577
-70.658
-70.6582
-70.6585
-70.6587
-70.6589
-70.6592
-70.6594
-70.6597
-70.6599
-70.6601
-70.6603
-70.6605
-70.6607
-70.661
-70.6612
-70.6614
-70.6616
-70.6617
-70.6619
-70.6621
-70.6623
-70.6625
-70.6627
-70.6628
-70.663
-70.6632
-70.6633
-70.6635
-70.6637
-70.6638
-70.664
-70.6641
-70.6643
-70.6644
-70.6646
-70.6647
-70.6648
-70.665
-70.6651
-70.6652
-70.6653
-70.6655
-70.6656
-70.6657
-70.6658
-70.6659
-70.666
-70.6662
-70.6663
-70.6664
-70.6665
-70.6666
-70.6667
-70.6668
-70.6669
-70.667
-70.667
-70.6671
-70.6672
-70.6673
-70.6674
-70.6675
-70.6675
-70.6676
-70.6677
-70.6678
-70.6678
-70.6679
-70.668
-70.668
-70.6681
-70.6682
-70.6682
-70.6683
-70.6683
-70.6684
-70.6685
-70.6685
-70.6686
-70.6686
-70.6687
-70.6687
-70.6688
-70.6688
-70.6688
-70.6689
-70.6689
-70.669
-70.669
-70.669
-70.6691
-70.6691
-70.6691
-70.6692
-70.6692
-70.6692
-70.6693
-70.6693
-70.6693
-70.6694
-70.6694
-70.6694
-70.6694
-70.6694
-70.6695
-70.6695
-70.6695
-70.6695
-70.6695
-70.6696
-70.6696
-70.6696
-70.6696
-70.6696
-70.6696
-70.6696
-70.6697
-70.6697
-70.6697
-70.6697
-70.6697
-70.6697
-70.6697
-70.6697
-70.6697
-70.6697
-70.6697
-70.6697
-70.6697
-70.6697
-70.6697
-70.6697
-70.6697
-70.6697
-70.6697
-70.6697
-70.6697
-70.6697
-70.6697
-70.6697
-70.6697
-70.6697
-70.6697
-70.6697
-70.6697
-70.6697
-70.6697
-70.6697
-70.6697
-70.6697
-70.6697
-70.6696
-70.6696
-70.6696
-70.6696
-70.6696
-70.6696
-70.6696
-70.6696
-70.6696
-70.6695
-70.6695
-70.6695
-70.6695
-70.6695
-70.6695
-70.6695
-70.6695
-70.6694
-70.6694
-70.6694
-70.6694
-70.6694
-70.6694
-70.6693
-70.6693
-70.6693
-70.6693
-70.6693
-70.6693
-70.6693
-70.6692
-70.6692
-70.6692
-70.6692
-70.6692
-70.6691
-70.6691
-70.6691
-70.6691
-70.6691
-70.6691
-70.669
-70.669
-70.669
-70.669
-70.669
-70.6689
-70.6689
-70.6689
-70.6689
-70.6689
-70.6688
-70.6688
-70.6688
-70.6688
-70.6688
-70.6687
-70.6687
-70.6687
-70.6687
-70.6686
-70.6686
-70.6686
-70.6686
-70.6686
-70.6685
-70.6685
-70.6685
-70.6685
-70.6685
-70.6684
-70.6684
-70.6684
-70.6684
-70.6684
-70.6683
-70.6683
-70.6683
-70.6683
-70.6682
-70.6682
-70.6682
-70.6682
-70.6682
-70.6681
-70.6681
-70.6681
-70.6681
-70.6681
-70.6849
-70.8943
-71.6164
-72.585
-61.6524
-53.0808
-50.557
-48.6657
-45.4252
-14.5618
-19.4253
-46.0316
-68.6988
-68.3541
-67.316
-66.2371
-65.1432
-64.0522
-62.9817
-61.9481
-60.9652
-60.0451
-59.1952
-58.3757
-57.6401
-56.9976
-56.4317
-55.9396
-55.5146
-55.1492
-54.8324
-54.5651
-54.3428
-54.1586
-54.0069
-53.8823
-53.7783
-53.6929
-53.6248
-53.5703
-53.5274
-53.4942
-53.4687
-53.4475
-53.4299
-53.4165
-53.4064
-53.3989
-53.3938
-53.3906
-53.3888
-53.3875
-53.3855
-53.3835
-53.3823
-53.3816
-53.3816
-53.3823
-53.3835
-53.3851
-53.3869
-53.389
-53.3903
-53.3904
-53.3899
-53.389
-53.3888
-53.3885
-53.389
-53.39
-53.3912
-53.3927
-53.3942
-53.3958
-53.3974
-53.3991
-53.4008
-53.4024
-53.4023
-53.4008
-53.3997
-53.3976
-53.3959
-53.394
-53.3923
-53.3909
-53.3897
-53.388
-53.3847
-53.3749
-53.2913
-53.1931
-53.207
-53.2419
-53.2727
-53.2954
-53.3109
-53.3213
-53.3287
-53.3345
-53.3399
-53.3455
-53.352
-53.3637
-53.3829
-53.3955
-53.4045
-53.4124
-53.4187
-53.4215
-53.4241
-53.4254
-53.4216
-53.4193
-53.4193
-53.4207
-53.4231
-53.4263
-53.4302
-53.4347
-53.4399
-53.4457
-53.4521
-53.4593
-53.4672
-53.4758
-53.4854
-53.4959
-53.5073
-53.5199
-53.5336
-53.5486
-53.565
-53.5829
-53.6025
-53.6238
-53.6471
-53.6725
-53.574
-53.4971
-53.4695
-53.4638
-53.4677
-53.4758
-53.4863
-53.4762
-53.4543
-53.4455
-53.4451
-53.4354
-53.42
-53.414
-53.4139
-53.4164
-53.4201
-53.4245
-53.4292
-53.4342
-53.4394
-53.445
-53.4508
-53.457
-53.4636
-53.4707
-53.4783
-53.4864
-53.4953
-53.5049
-53.5153
-53.5267
-53.539
-53.5524
-53.567
-53.5839
-53.6025
-53.6224
-53.6437
-53.6667
-53.6916
-53.5398
-53.4601
-53.4353
-53.4317
-53.4368
-53.4455
-53.4553
-53.4657
-53.4765
-53.4877
-53.4722
-53.4451
-53.434
-53.432
-53.4294
-53.4212
-53.4171
-53.4115
-53.4096
-53.4104
-53.4125
-53.4154
-53.4187
-53.4223
-53.426
-53.4303
-53.4351
-53.4401
-53.4453
-53.4507
-53.4565
-53.4628
-53.4695
-53.4768
-53.4847
-53.4933
-53.5034
-53.5153
-53.528
-53.5414
-53.5556
-53.5709
-53.5874
-53.6054
-53.6249
-53.6461
-53.6692
-53.696
-53.7283
-53.5258
-53.4366
-53.4124
-53.4104
-53.416
-53.4242
-53.4332
-53.4425
-53.452
-53.4619
-53.4728
-53.4848
-53.4971
-53.5097
-53.5228
-53.5034
-53.451
-53.4299
-53.4243
-53.4251
-53.4196
-53.4129
-53.4115
-53.4132
-53.4163
-53.4159
-53.4127
-53.412
-53.413
-53.4149
-53.4175
-53.4205
-53.4237
-53.427
-53.4308
-53.4351
-53.4398
-53.4447
-53.4497
-53.4549
-53.4605
-53.4663
-53.4725
-53.4789
-53.4861
-53.4951
-53.505
-53.5148
-53.5245
-53.5294
-53.4584
-53.4241
-53.413
-53.4106
-53.4114
-53.4133
-53.4163
-53.4194
-53.4216
-53.4227
-53.4224
-53.4173
-53.4024
-53.3918
-53.3845
-53.3754
-53.3391
-53.1597
-53.1241
-53.1773
-53.252
-53.2994
-53.3259
-53.3404
-53.3486
-53.3555
-53.3645
-53.3767
-53.3964
-53.4157
-53.4324
-53.4476
-53.4619
-53.4768
-53.4946
-53.52
-53.5542
-53.5941
-53.6351
-53.6718
-53.7058
-53.7399
-53.776
-53.8155
-53.8614
-53.9155
-53.9776
-54.0455
-54.1176
-54.1927
-54.2722
-54.3569
-54.4481
-54.547
-54.6564
-54.7796
-54.917
-55.0677
-55.2313
-55.4058
-55.5899
-55.7847
-55.9907
-56.2099
-56.4464
-56.7059
-56.9897
-57.2986
-57.6298
-57.9788
-58.3382
-58.7082
-59.09
-59.4809
-59.8876
-60.3171
-60.7722
-61.2536
-61.7556
-62.2734
-62.7941
-63.308
-63.8117
-64.3089
-64.7978
-65.2839
-65.7706
-66.266
-66.7653
-67.2594
-67.7478
-68.2188
-68.6629
-69.0768
-69.4617
-69.8269
-70.1726
-70.5011
-70.8225
-71.1345
-71.429
-71.7098
-71.9738
-72.2141
-72.4318
-72.6267
-72.8049
-72.969
-73.1208
-73.2644
-73.4033
-73.5314
-73.6487
-73.7591
-73.8599
-73.949
-74.028
-74.0979
-74.1596
-74.215
-74.2656
-74.3152
-74.3627
-74.4054
-74.4437
-74.4805
-74.5144
-74.5436
-74.5699
-74.5927
-74.6111
-74.627
-74.641
-74.6559
-74.6711
-74.6841
-74.6951
-74.7052
-74.7162
-74.7249
-74.7326
-74.7391
-74.744
-74.7471
-74.7497
-74.7526
-74.7575
-74.7616
-74.7649
-74.7675
-74.7695
-74.7734
-74.7756
-74.7764
-74.7774
-74.7779
-74.7779
-74.7772
-74.7775
-74.7789
-74.779
-74.7782
-74.7772
-74.7761
-74.7768
-74.7778
-74.7765
-74.7746
-74.7753
-74.7759
-74.7765
-74.7766
-74.7776
-74.7779
-74.7759
-74.7742
-74.7728
-74.7705
-74.7701
-74.7697
-74.7673
-74.7648
-74.7646
-74.7652
-74.7657
-74.7666
-74.7669
-74.7667
-74.7645
-74.763
-74.7616
-74.7593
-74.7571
-74.7556
-74.7546
-74.7535
-74.7523
-74.7533
-74.7545
-74.7548
-74.7564
-74.7575
-74.7568
-74.755
-74.753
-74.7513
-74.7484
-74.7444
-74.7407
-74.7389
-74.7372
-74.7366
-74.7355
-74.737
-74.7385
-74.738
-74.741
-74.7436
-74.743
-74.7415
-74.7404
-74.7393
-74.7354
-74.7313
-74.7278
-74.7262
-74.725
-74.7238
-74.7223
-74.7232
-74.7247
-74.7269
-74.7278
-74.7281
-74.7291
-74.7286
-74.7272
-74.7261
-74.7233
-74.718
-74.7127
-74.7089
-74.7073
-74.7072
-74.7055
-74.7043
-74.7054
-74.7063
-74.7093
-74.7122
-74.7116
-74.7101
-74.713
-74.7152
-74.7145
-74.7136
-74.709
-74.7047
-74.7008
-74.6954
-74.6936
-74.6929
-74.6921
-74.693
-74.6924
-74.6894
-74.689
-74.6898
-74.6905
-74.691
-74.6908
-74.6906
-74.6919
-74.6938
-74.6927
-74.6889
-74.6856
-74.6818
-74.6781
-74.676
-74.6765
-74.677
-74.6773
-74.6748
-74.6711
-74.6691
-74.6699
-74.6701
-74.6705
-74.6714
-74.6713
-74.671
-74.6699
-74.6731
-74.6758
-74.6746
-74.6707
-74.669
-74.668
-74.6657
-74.6633
-74.6606
-74.6589
-74.6544
-74.6479
-74.6448
-74.6451
-74.6465
-74.6454
-74.6416
-74.6402
-74.6402
-74.6402
-74.6396
-74.64
-74.6442
-74.6468
-74.6479
-74.6487
-74.6512
-74.652
-74.6494
-74.6458
-74.6416
-74.6384
-74.6344
-74.6288
-74.621
-74.6186
-74.6202
-74.6212
-74.6201
-74.6167
-74.6143
-74.6111
-74.6097
-74.6128
-74.6145
-74.6193
-74.6249
-74.6269
-74.6251
-74.6251
-74.6254
-74.6258
-74.6236
-74.6196
-74.6162
-74.6126
-74.6079
-74.6021
-74.5969
-74.5927
-74.5894
-74.5848
-74.5824
-74.5771
-74.573
-74.5705
-74.5683
-74.5675
-74.5704
-74.5752
-74.5769
-74.5828
-74.5924
-74.5964
-74.5952
-74.5929
-74.5933
-74.5927
-74.5931
-74.5901
-74.5858
-74.5821
-74.5777
-74.5758
-74.5727
-74.5648
-74.5562
-74.5555
-74.5542
-74.5497
-74.5422
-74.5363
-74.5303
-74.5269
-74.5337
-74.5375
-74.5369
-74.536
-74.5332
-74.5335
-74.54
-74.5495
-74.5576
-74.5626
-74.5608
-74.5551
-74.5515
-74.5513
-74.5503
-74.5476
-74.5435
-74.5413
-74.5392
-74.534
-74.5247
-74.5128
-74.5031
-74.4976
-74.4972
-74.4969
-74.4926
-74.4865
-74.4812
-74.4764
-74.4734
-74.4761
-74.476
-74.4743
-74.4714
-74.4702
-74.4701
-74.4705
-74.4694
-74.4702
-74.4756
-74.4884
-74.4989
-74.5023
-74.5027
-74.5017
-74.4989
-74.4967
-74.495
-74.4966
-74.4988
-74.4978
-74.494
-74.4869
-74.4789
-74.4695
-74.4602
-74.4486
-74.4356
-74.4287
-74.4315
-74.4318
-74.4246
-74.4159
-74.412
-74.4082
-74.4058
-74.4004
-74.3909
-74.3818
-74.3753
-74.3768
-74.3788
-74.3826
-74.3906
-74.3973
-74.402
-74.4041
-74.4064
-74.4148
-74.4206
-74.4249
-74.4282
-74.4284
-74.4281
-74.4272
-74.4246
-74.4241
-74.4266
-74.4273
-74.428
-74.4263
-74.4221
-74.4152
-74.4072
-74.3991
-74.3913
-74.3858
-74.3782
-74.3647
-74.3503
-74.3378
-74.3312
-74.3309
-74.3319
-74.3319
-74.3271
-74.3179
-74.3079
-74.2961
-74.2805
-74.2709
-74.2651
-74.2578
-74.2505
-74.2393
-74.2249
-74.2167
-74.2143
-74.2105
-74.2114
-74.2202
-74.2336
-74.2444
-74.2561
-74.2658
-74.2749
-74.2816
-74.2907
-74.2988
-74.3058
-74.3149
-74.3221
-74.3274
-74.3268
-74.3223
-74.3155
-74.3077
-74.296
-74.2822
-74.2718
-74.2676
-74.2677
-74.268
-74.2738
-74.2816
-74.2825
-74.278
-74.2719
-74.2636
-74.2499
-74.2346
-74.22
-74.2092
-74.1985
-74.1863
-74.1751
-74.1683
-74.1722
-74.1793
-74.18
-74.1724
-74.1634
-74.1502
-74.1318
-74.114
-74.1028
-74.0918
-74.0786
-74.0722
-74.0704
-74.0628
-74.0517
-74.0355
-74.0183
-74.01
-74.0068
-74.0034
-73.9931
-73.9783
-73.973
-73.9737
-73.9706
-73.9746
-73.9839
-73.9971
-74.0131
-74.0213
-74.023
-74.024
-74.0252
-74.0233
-74.0252
-74.0313
-74.0378
-74.0506
-74.0656
-74.0804
-74.0951
-74.1091
-74.1229
-74.131
-74.1358
-74.1422
-74.1513
-74.157
-74.1663
-74.1706
-74.1684
-74.1594
-74.1473
-74.1328
-74.1209
-74.1101
-74.0945
-74.074
-74.0503
-74.0298
-74.0118
-73.9947
-73.9792
-73.9626
-73.9447
-73.9275
-73.9162
-73.9059
-73.901
-73.908
-73.9153
-73.915
-73.9138
-73.908
-73.8961
-73.8852
-73.8766
-73.872
-73.8673
-73.8617
-73.8546
-73.8421
-73.8302
-73.8324
-73.8375
-73.8503
-73.8645
-73.8696
-73.8682
-73.8619
-73.854
-73.8417
-73.8242
-73.8025
-73.7778
-73.7517
-73.7328
-73.7188
-73.7032
-73.6931
-73.6841
-73.6701
-73.6508
-73.6277
-73.602
-73.5752
-73.5558
-73.5434
-73.5318
-73.5291
-73.5253
-73.534
-73.5427
-73.5418
-73.5341
-73.527
-73.5183
-73.5133
-73.5206
-73.5311
-73.5392
-73.5434
-73.544
-73.537
-73.5261
-73.5167
-73.5036
-73.4895
-73.4779
-73.4629
-73.4448
-73.4309
-73.4161
-73.3975
-73.3757
-73.3514
-73.3254
-73.2983
-73.2702
-73.2427
-73.2261
-73.2212
-73.2223
-73.2189
-73.2086
-73.1928
-73.1732
-73.1538
-73.1537
-73.1717
-73.1866
-73.1905
-73.1853
-73.1816
-73.1803
-73.1817
-73.1841
-73.1853
-73.1799
-73.1748
-73.1707
-73.1642
-73.1615
-73.1586
-73.1583
-73.1531
-73.143
-73.1377
-73.1309
-73.1191
-73.1029
-73.0862
-73.0768
-73.066
-73.054
-73.0553
-73.0606
-73.0751
-73.0921
-73.0992
-73.0966
-73.087
-73.0725
-73.0546
-73.0344
-73.0125
-72.9893
-72.9653
-72.9409
-72.9258
-72.9147
-72.9008
-72.8834
-72.8635
-72.8418
-72.8269
-72.8187
-72.8184
-72.8186
-72.8131
-72.8019
-72.7868
-72.7689
-72.749
-72.7279
-72.7058
-72.6831
-72.66
-72.6365
-72.6129
-72.5891
-72.5654
-72.5416
-72.5178
-72.4942
-72.4706
-72.4472
-72.424
-72.4009
-72.378
-72.3553
-72.3328
-72.3105
-72.2885
-72.2666
-72.245
-72.2235
-72.2023
-72.1814
-72.1606
-72.1401
-72.1198
-72.0997
-72.0798
-72.0602
-72.0408
-72.0216
-72.0026
-71.9839
-71.9653
-71.947
-71.9289
-71.911
-71.8933
-71.8758
-71.8585
-71.8414
-71.8246
-71.8079
-71.7914
-71.7751
-71.759
-71.7431
-71.7274
-71.7119
-71.6966
-71.6814
-71.6664
-71.6517
-71.637
-71.6226
-71.6084
-71.5943
-71.5804
-71.5666
-71.553
-71.5396
-71.5264
-71.5133
-71.5004
-71.4876
-71.475
-71.4626
-71.4503
-71.4381
-71.4261
-71.4143
-71.4026
-71.3911
-71.3797
-71.3684
-71.3573
-71.3463
-71.3355
-71.3248
-71.3142
-71.3038
-71.2935
-71.2834
-71.2733
-71.2634
-71.2537
-71.244
-71.2345
-71.2251
-71.2159
-71.2067
-71.1977
-71.1888
-71.18
-71.1713
-71.1627
-71.1543
-71.1459
-71.1377
-71.1295
-71.1215
-71.1136
-71.1058
-71.0981
-71.0905
-71.083
-71.0756
-71.0683
-71.0611
-71.0539
-71.0469
-71.04
-71.0332
-71.0264
-71.0198
-71.0132
-71.0068
-71.0004
-70.9941
-70.9879
-70.9818
-70.9757
-70.9698
-70.9639
-70.9581
-70.9524
-70.9468
-70.9412
-70.9357
-70.9303
-70.925
-70.9198
-70.9146
-70.9095
-70.9044
-70.8995
-70.8946
-70.8898
-70.885
-70.8803
-70.8757
-70.8712
-70.8667
-70.8623
-70.8579
-70.8536
-70.8494
-70.8452
-70.8411
-70.837
-70.833
-70.8291
-70.8252
-70.8214
-70.8177
-70.8139
-70.8103
-70.8067
-70.8032
-70.7997
-70.7962
-70.7929
-70.7895
-70.7862
-70.783
-70.7798
-70.7767
-70.7736
-70.7706
-70.7676
-70.7646
-70.7617
-70.7589
-70.7561
-70.7533
-70.7506
-70.7479
-70.7452
-70.7427
-70.7401
-70.7376
-70.7351
-70.7327
-70.7303
-70.7279
-70.7256
-70.7233
-70.7211
-70.7189
-70.7167
-70.7146
-70.7125
-70.7104
-70.7084
-70.7064
-70.7044
-70.7025
-70.7006
-70.6988
-70.6969
-70.6951
-70.6934
-70.6916
-70.6899
-70.6883
-70.6866
-70.685
-70.6834
-70.6818
-70.6803
-70.6788
-70.6773
-70.6759
-70.6744
-70.673
-70.6717
-70.6703
-70.669
-70.6677
-70.6664
-70.6652
-70.664
-70.6628
-70.6616
-70.6604
-70.6593
-70.6582
-70.6571
-70.656
-70.655
-70.6539
-70.6529
-70.652
-70.651
-70.65
-70.6491
-70.6482
-70.6473
-70.6465
-70.6456
-70.6448
-70.644
-70.6432
-70.6424
-70.6416
-70.6409
-70.6401
-70.6394
-70.6387
-70.6381
-70.6374
-70.6367
-70.6361
-70.6355
-70.6349
-70.6343
-70.6337
-70.6332
-70.6326
-70.6321
-70.6316
-70.6311
-70.6306
-70.6301
-70.6296
-70.6292
-70.6287
-70.6283
-70.6279
-70.6275
-70.6271
-70.6267
-70.6263
-70.6259
-70.6256
-70.6252
-70.6249
-70.6246
-70.6243
-70.624
-70.6237
-70.6234
-70.6232
-70.6229
-70.6226
-70.6224
-70.6222
-70.6219
-70.6217
-70.6215
-70.6213
-70.6211
-70.6209
-70.6208
-70.6206
-70.6205
-70.6203
-70.6202
-70.62
-70.6199
-70.6198
-70.6197
-70.6195
-70.6194
-70.6193
-70.6193
-70.6192
-70.6191
-70.619
-70.619
-70.6189
-70.6189
-70.6188
-70.6188
-70.6187
-70.6187
-70.6187
-70.6187
-70.6187
-70.6186
-70.6186
-70.6186
-70.6186
-70.6187
-70.6187
-70.6187
-70.6187
-70.6187
-70.6188
-70.6188
-70.6189
-70.6189
-70.6189
-70.619
-70.6191
-70.6191
-70.6192
-70.6192
-70.6193
-70.6194
-70.6195
-70.6195
-70.6196
-70.6197
-70.6198
-70.6199
-70.62
-70.6201
-70.6202
-70.6203
-70.6204
-70.6205
-70.6206
-70.6207
-70.6208
-70.621
-70.6211
-70.6212
-70.6213
-70.6215
-70.6216
-70.6217
-70.6218
-70.622
-70.6221
-70.6223
-70.6224
-70.6225
-70.6227
-70.6228
-70.623
-70.6231
-70.6233
-70.6234
-70.6236
-70.6237
-70.6239
-70.624
-70.6242
-70.6244
-70.6245
-70.6247
-70.6248
-70.625
-70.6252
-70.6253
-70.6255
-70.6257
-70.6258
-70.626
-70.6262
-70.6263
-70.6265
-70.6267
-70.6268
-70.627
-70.6272
-70.6274
-70.6275
-70.6277
-70.6279
-70.6281
-70.6282
-70.6284
-70.6286
-70.6288
-70.629
-70.6291
-70.6293
-70.6295
-70.6297
-70.6298
-70.63
-70.6302
-70.6304
-70.6306
-70.6307
-70.6309
-70.6311
-70.6313
-70.6315
-70.6316
-70.6318
-70.632
-70.6322
-70.6324
-70.6325
-70.6327
-70.6329
-70.6331
-70.6333
-70.6334
-70.6336
-70.6338
-70.634
-70.6342
-70.6343
-70.6345
-70.6347
-70.6349
-70.635
-70.6352
-70.6354
-70.6356
-70.6357
-70.6359
-70.6361
-70.6363
-70.6364
-70.6366
-70.6368
-70.637
-70.6371
-70.6373
-70.6375
-70.6376
-70.6378
-70.638
-70.6382
-70.6383
-70.6385
-70.6387
-70.6388
-70.639
-70.6392
-70.6393
-70.6395
-70.6397
-70.6398
-70.64
-70.6401
-70.6403
-70.6405
-70.6406
-70.6408
-70.641
-70.6411
-70.6413
-70.6414
-70.6416
-70.6417
-70.6419
-70.6421
-70.6422
-70.6424
-70.6425
-70.6427
-70.6428
-70.643
-70.6431
-70.6433
-70.6434
-70.6436
-70.6437
-70.6439
-70.644
-70.6442
-70.6443
-70.6445

