-70
-70.1661
-70.23
-70.2566
-70.2695
-70.2773
-70.283
-70.2879
-70.2925
-70.297
-70.3014
-70.3057
-70.31
-70.3142
-70.3185
-70.3226
-70.3268
-70.3309
-70.335
-70.3391
-70.3431
-70.3471
-70.351
-70.3549
-70.3588
-70.3626
-70.3664
-70.3701
-70.3738
-70.3775
-70.3811
-70.3847
-70.3883
-70.3918
-70.3953
-70.3987
-70.4021
-70.4055
-70.4088
-70.4121
-70.4154
-70.4186
-70.4218
-70.4249
-70.428
-70.4311
-70.4341
-70.4372
-70.4401
-70.4431
-70.446
-70.4489
-70.4517
-70.4545
-70.4573
-70.4601
-70.4628
-70.4655
-70.4682
-70.4708
-70.4734
-70.476
-70.4785
-70.481
-70.4835
-70.486
-70.4884
-70.4908
-70.4932
-70.4955
-70.4978
-70.5001
-70.5024
-70.5046
-70.5068
-70.509
-70.5112
-70.5133
-70.5154
-70.5175
-70.5196
-70.5216
-70.5236
-70.5256
-70.5276
-70.5295
-70.5315
-70.5334
-70.5352
-70.5371
-70.5389
-70.5407
-70.5425
-70.5443
-70.5461
-70.5478
-70.5495
-70.5512
-70.5528
-70.5545
-70.5561
-70.5577
-70.5593
-70.5609
-70.5624
-70.5639
-70.5655
-70.5669
-70.5684
-70.5699
-70.5713
-70.5727
-70.5741
-70.5755
-70.5769
-70.5782
-70.5796
-70.5809
-70.5822
-70.5835
-70.5848
-70.586
-70.5873
-70.5885
-70.5897
-70.5909
-70.5921
-70.5932
-70.5944
-70.5955
-70.5966
-70.5977
-70.5988
-70.5999
-70.601
-70.602
-70.603
-70.6041
-70.6051
-70.6061
-70.6071
-70.608
-70.609
-70.6099
-70.6109
-70.6118
-70.6127
-70.6136
-70.6145
-70.6154
-70.6162
-70.6171
-70.6179
-70.6187
-70.6196
-70.6204
-70.6212
-70.622
-70.6227
-70.6235
-70.6242
-70.625
-70.6257
-70.6265
-70.6272
-70.6279
-70.6286
-70.6293
-70.6299
-70.6306
-70.6313
-70.6319
-70.6325
-70.6332
-70.6338
-70.6344
-70.635
-70.6356
-70.6362
-70.6368
-70.6374
-70.6379
-70.6385
-70.639
-70.6396
-70.6401
-70.6406
-70.6411
-70.6417
-70.6422
-70.6427
-70.6431
-70.6436
-70.6441
-70.6446
-70.645
-70.6455
-70.6459
-70.6464
-70.6468
-70.6472
-70.6476
-70.6481
-70.6485
-70.6489
-70.6493
-70.6497
-70.65
-70.6504
-70.6508
-70.6512
-70.6515
-70.6519
-70.6522
-70.6526
-70.6529
-70.6533
-70.6536
-70.6539
-70.6542
-70.6545
-70.6549
-70.6552
-70.6555
-70.6558
-70.656
-70.6563
-70.6566
-70.6569
-70.6572
-70.6574
-70.6577
-70.658
-70.6582
-70.6585
-70.6587
-70.6589
-70.6592
-70.6594
-70.6597
-70.6599
-70.6601
-70.6603
-70.6605
-70.6607
-70.661
-70.6612
-70.6614
-70.6616
-70.6617
-70.6619
-70.6621
-70.6623
-70.6625
-70.6627
-70.6628
-70.663
-70.6632
-70.6633
-70.6635
-70.6637
-70.6638
-70.664
-70.6641
-70.6643
-70.6644
-70.6646
-70.6647
-70.6648
-70.665
-70.6651
-70.6652
-70.6653
-70.6655
-70.6656
-70.6657
-70.6658
-70.6659
-70.666
-70.6662
-70.6663
-70.6664
-70.6665
-70.6666
-70.6667
-70.6668
-70.6669
-70.667
-70.667
-70.6671
-70.6672
-70.6673
-70.6674
-70.6675
-70.6675
-70.6676
-70.6677
-70.6678
-70.6678
-70.6679
-70.668
-70.668
-70.6681
-70.6682
-70.6682
-70.6683
-70.6683
-70.6684
-70.6685
-70.6685
-70.6686
-70.6686
-70.6687
-70.6687
-70.6688
-70.6688
-70.6688
-70.6689
-70.6689
-70.669
-70.669
-70.669
-70.6691
-70.6691
-70.6691
-70.6692
-70.6692
-70.6692
-70.6693
-70.6693
-70.6693
-70.6694
-70.6694
-70.6694
-70.6694
-70.6694
-70.6695
-70.6695
-70.6695
-70.6695
-70.6695
-70.6696
-70.6696
-70.6696
-70.6696
-70.6696
-70.6696
-70.6696
-70.6697
-70.6697
-70.6697
-70.6697
-70.6697
-70.6697
-70.6697
-70.6697
-70.6697
-70.6697
-70.6697
-70.6697
-70.6697
-70.6697
-70.6697
-70.6697
-70.6697
-70.6697
-70.6697
-70.6697
-70.6697
-70.6697
-70.6697
-70.6697
-70.6697
-70.6697
-70.6697
-70.6697
-70.6697
-70.6697
-70.6697
-70.6697
-70.6697
-70.6697
-70.6697
-70.6696
-70.6696
-70.6696
-70.6696
-70.6696
-70.6696
-70.6696
-70.6696
-70.6696
-70.6695
-70.6695
-70.6695
-70.6695
-70.6695
-70.6695
-70.6695
-70.6695
-70.6694
-70.6694
-70.6694
-70.6694
-70.6694
-70.6694
-70.6693
-70.6693
-70.6693
-70.6693
-70.6693
-70.6693
-70.6693
-70.6692
-70.6692
-70.6692
-70.6692
-70.6692
-70.6691
-70.6691
-70.6691
-70.6691
-70.6691
-70.6691
-70.669
-70.669
-70.669
-70.669
-70.669
-70.6689
-70.6689
-70.6689
-70.6689
-70.6689
-70.6688
-70.6688
-70.6688
-70.6688
-70.6688
-70.6687
-70.6687
-70.6687
-70.6687
-70.6686
-70.6686
-70.6686
-70.6686
-70.6686
-70.6685
-70.6685
-70.6685
-70.6685
-70.6685
-70.6684
-70.6684
-62.0793
-53.3284
-50.7992
-49.0867
-46.7349
-36.5436
-7.00382
-35.7432
-66.7055
-68.6028
-67.6132
-66.5512
-65.4706
-64.3898
-63.3261
-62.2961
-61.3142
-60.3924
-59.5606
-58.8518
-58.2433
-57.7048
-56.8954
-56.1811
-55.6811
-55.2891
-54.9358
-54.644
-54.4114
-54.2256
-54.0765
-53.9566
-53.8609
-53.7857
-53.7276
-53.684
-53.6525
-53.6312
-53.6197
-53.6174
-53.562
-53.5086
-53.481
-53.4489
-53.4298
-53.4224
-53.4199
-53.4113
-53.4071
-53.4049
-53.4005
-53.3997
-53.4017
-53.4016
-53.4003
-53.4012
-53.3996
-53.3991
-53.4006
-53.4033
-53.4053
-53.4045
-53.405
-53.4043
-53.4033
-53.4039
-53.4057
-53.4082
-53.4112
-53.4125
-53.411
-53.4106
-53.4082
-53.4069
-53.4072
-53.4085
-53.4106
-53.413
-53.4157
-53.4187
-53.4218
-53.42
-53.4167
-53.4128
-53.4093
-53.4082
-53.4086
-53.4099
-53.4116
-53.4136
-53.4158
-53.4181
-53.4206
-53.4232
-53.4258
-53.4285
-53.431
-53.4332
-53.4346
-53.423
-53.4097
-53.4025
-53.3994
-53.3979
-53.3967
-53.3947
-53.391
-53.3831
-53.359
-53.1529
-52.9627
-52.9957
-53.0699
-53.1355
-53.1836
-53.2164
-53.2386
-53.2544
-53.267
-53.2788
-53.2914
-53.3061
-53.3243
-53.3478
-53.3783
-53.4167
-53.4607
-53.4544
-53.443
-53.4383
-53.4374
-53.439
-53.4424
-53.4471
-53.4529
-53.4598
-53.4679
-53.4772
-53.4876
-53.4993
-53.5123
-53.5267
-53.5427
-53.5603
-53.5796
-53.6008
-53.6241
-53.6495
-53.6774
-53.7078
-53.7412
-53.7777
-53.8175
-53.8611
-53.9085
-53.9601
-54.0163
-54.0773
-54.1435
-54.2152
-54.2927
-54.3762
-54.4663
-53.7665
-53.4543
-53.3446
-53.3206
-53.3298
-53.3484
-53.3685
-53.3878
-53.4056
-53.4219
-53.4372
-53.4515
-53.4654
-53.4789
-53.4924
-53.5061
-53.5202
-53.5349
-53.5503
-53.5667
-53.5841
-53.6028
-53.6229
-53.6446
-53.668
-53.6934
-53.7211
-53.7512
-53.7839
-53.8194
-53.858
-53.8999
-53.9453
-53.9945
-54.0477
-54.1053
-54.1675
-54.2345
-54.3064
-54.3836
-54.4665
-54.5554
-54.6507
-53.7079
-53.3626
-53.2929
-53.2985
-53.3045
-53.3143
-53.3305
-53.348
-53.3647
-53.3799
-53.3937
-53.4061
-53.4175
-53.4281
-53.4382
-53.448
-53.4576
-53.4674
-53.4773
-53.4876
-53.4983
-53.5097
-53.5218
-53.5347
-53.5486
-53.5636
-53.5797
-53.5972
-53.6161
-53.6367
-53.6589
-53.683
-53.7093
-53.7377
-53.7661
-53.795
-53.8252
-53.8568
-53.8901
-53.9246
-53.9596
-53.9947
-54.0294
-54.0628
-54.0939
-54.1216
-54.1444
-54.1605
-54.1671
-54.1598
-54.133
-54.0781
-53.577
-53.2937
-53.2405
-53.2381
-53.2281
-53.0313
-52.6534
-52.6771
-52.9178
-53.1303
-53.2378
-53.2896
-53.3152
-53.329
-53.3374
-53.3437
-53.3496
-53.3564
-53.365
-53.3763
-53.3911
-53.41
-53.4326
-53.4585
-53.4873
-53.5188
-53.5534
-53.5921
-53.6348
-53.6809
-53.7307
-53.7848
-53.8438
-53.9083
-53.9788
-54.0558
-54.1397
-54.2311
-54.3302
-54.4375
-53.9032
-53.5111
-53.4078
-53.3945
-53.4087
-53.4311
-53.4556
-53.4804
-53.5051
-53.5297
-53.5545
-53.5799
-53.6061
-53.5939
-53.5051
-53.4663
-53.4565
-53.459
-53.4668
-53.4772
-53.4892
-53.5025
-53.5169
-53.5336
-53.5546
-53.5782
-53.604
-53.6303
-53.6569
-53.6846
-53.714
-53.7466
-53.7856
-53.8348
-53.8976
-53.9639
-54.0309
-54.0984
-54.1675
-54.2406
-54.3186
-54.4048
-54.5057
-54.6279
-54.7657
-54.9102
-55.0613
-55.219
-55.3833
-55.5561
-55.7408
-55.9403
-56.164
-56.4241
-56.7087
-57.0096
-57.3218
-57.6451
-57.9757
-58.314
-58.6655
-59.0346
-59.4248
-59.8617
-60.3353
-60.8234
-61.3214
-61.8216
-62.3169
-62.8035
-63.2831
-63.7617
-64.2414
-64.7406
-65.2738
-65.8108
-66.3371
-66.8489
-67.341
-67.8051
-68.2372
-68.6444
-69.0303
-69.4027
-69.7782
-70.1578
-70.5223
-70.8641
-71.1817
-71.4769
-71.7471
-71.9888
-72.2064
-72.4041
-72.5905
-72.7734
-72.9534
-73.1236
-73.2793
-73.4201
-73.5475
-73.6639
-73.7666
-73.8563
-73.9335
-74.0038
-74.0736
-74.1411
-74.2076
-74.2681
-74.322
-74.3688
-74.4112
-74.45
-74.4839
-74.5119
-74.5342
-74.5556
-74.5771
-74.6003
-74.6228
-74.6433
-74.6606
-74.6741
-74.6861
-74.6981
-74.709
-74.7172
-74.7229
-74.7282
-74.733
-74.7402
-74.748
-74.7557
-74.7614
-74.7641
-74.7659
-74.7685
-74.772
-74.7746
-74.7762
-74.7778
-74.7779
-74.7789
-74.7808
-74.7838
-74.7865
-74.7875
-74.7861
-74.7842
-74.784
-74.7847
-74.785
-74.7863
-74.7869
-74.7868
-74.7868
-74.7865
-74.7875
-74.7886
-74.7886
-74.7866
-74.7836
-74.7811
-74.7797
-74.7795
-74.7818
-74.7826
-74.783
-74.7831
-74.783
-74.7825
-74.783
-74.7827
-74.7819
-74.7796
-74.7758
-74.772
-74.7697
-74.7705
-74.7728
-74.774
-74.7747
-74.7751
-74.7751
-74.7754
-74.7757
-74.7757
-74.7745
-74.7728
-74.7682
-74.7627
-74.7594
-74.7595
-74.7616
-74.7621
-74.7638
-74.765
-74.7651
-74.7662
-74.7666
-74.7673
-74.767
-74.7662
-74.7639
-74.7587
-74.7531
-74.7487
-74.7479
-74.7495
-74.75
-74.7505
-74.7521
-74.7539
-74.7558
-74.7573
-74.7574
-74.7571
-74.757
-74.7557
-74.7527
-74.7476
-74.7432
-74.7394
-74.7366
-74.7354
-74.7363
-74.738
-74.7383
-74.7404
-74.7436
-74.7458
-74.7471
-74.747
-74.7462
-74.7445
-74.7415
-74.7393
-74.7371
-74.735
-74.7309
-74.7249
-74.7204
-74.7211
-74.7239
-74.7259
-74.7264
-74.7266
-74.7294
-74.7334
-74.7352
-74.7349
-74.733
-74.7302
-74.7276
-74.7251
-74.7261
-74.7252
-74.7202
-74.7144
-74.7091
-74.7068
-74.7074
-74.7111
-74.7117
-74.7104
-74.7088
-74.7122
-74.717
-74.7189
-74.7193
-74.7186
-74.718
-74.7159
-74.7136
-74.7114
-74.7107
-74.7089
-74.7053
-74.7012
-74.6952
-74.6912
-74.6895
-74.6917
-74.6938
-74.6915
-74.6903
-74.6925
-74.6933
-74.6939
-74.6976
-74.7029
-74.705
-74.7054
-74.704
-74.7004
-74.6982
-74.6965
-74.6926
-74.6879
-74.683
-74.6776
-74.6739
-74.6706
-74.6698
-74.6702
-74.6705
-74.6701
-74.6697
-74.6693
-74.6684
-74.6695
-74.6735
-74.68
-74.6863
-74.6921
-74.6934
-74.6904
-74.6859
-74.6807
-74.6757
-74.67
-74.6628
-74.6569
-74.6536
-74.6495
-74.6455
-74.6435
-74.6432
-74.6419
-74.6414
-74.6442
-74.6459
-74.6456
-74.6449
-74.6462
-74.6495
-74.657
-74.6628
-74.6683
-74.6722
-74.671
-74.6669
-74.6616
-74.6582
-74.6534
-74.6463
-74.6386
-74.6321
-74.6263
-74.6197
-74.6124
-74.6082
-74.6057
-74.6043
-74.6039
-74.6094
-74.617
-74.6237
-74.6274
-74.6271
-74.6252
-74.6242
-74.626
-74.629
-74.6327
-74.6346
-74.6347
-74.6335
-74.6353
-74.6362
-74.6325
-74.6263
-74.6193
-74.6146
-74.6097
-74.6004
-74.5919
-74.5846
-74.5754
-74.5662
-74.5567
-74.5478
-74.5496
-74.5634
-74.5808
-74.5944
-74.5996
-74.6005
-74.5996
-74.5969
-74.5923
-74.5889
-74.59
-74.5922
-74.5928
-74.5905
-74.5854
-74.5827
-74.5816
-74.5864
-74.5905
-74.59
-74.589
-74.5855
-74.5783
-74.569
-74.5606
-74.551
-74.5399
-74.5306
-74.5216
-74.5139
-74.5121
-74.5142
-74.5147
-74.5202
-74.5313
-74.5394
-74.5433
-74.5444
-74.5439
-74.5459
-74.5476
-74.5473
-74.5475
-74.5477
-74.5482
-74.5467
-74.5428
-74.5348
-74.5293
-74.5278
-74.5254
-74.522
-74.524
-74.5272
-74.525
-74.5209
-74.5186
-74.5171
-74.5149
-74.5081
-74.5038
-74.4989
-74.4931
-74.4869
-74.4807
-74.4774
-74.472
-74.4646
-74.46
-74.4562
-74.4569
-74.4575
-74.4573
-74.4606
-74.4652
-74.4683
-74.4681
-74.4677
-74.4692
-74.4724
-74.4747
-74.4744
-74.4737
-74.4711
-74.4689
-74.468
-74.465
-74.4603
-74.4597
-74.4601
-74.4632
-74.4618
-74.4557
-74.4475
-74.4409
-74.4367
-74.4313
-74.4255
-74.422
-74.422
-74.4217
-74.4187
-74.4163
-74.416
-74.4173
-74.4157
-74.4147
-74.4091
-74.4008
-74.3921
-74.3884
-74.3882
-74.3847
-74.3774
-74.3653
-74.3553
-74.348
-74.3418
-74.3434
-74.347
-74.3517
-74.3571
-74.3566
-74.3564
-74.3558
-74.3548
-74.3539
-74.3545
-74.3589
-74.3637
-74.3637
-74.3574
-74.3446
-74.3314
-74.3197
-74.3168
-74.3249
-74.3377
-74.3474
-74.3488
-74.3464
-74.3436
-74.3376
-74.3371
-74.3338
-74.3285
-74.3215
-74.3155
-74.3119
-74.3072
-74.3024
-74.2991
-74.2959
-74.2937
-74.2899
-74.2864
-74.2784
-74.2705
-74.2682
-74.2681
-74.2636
-74.2583
-74.2525
-74.2481
-74.2428
-74.2367
-74.2314
-74.2259
-74.2186
-74.2078
-74.1974
-74.1867
-74.1759
-74.1689
-74.1684
-74.1732
-74.1818
-74.1856
-74.1802
-74.1737
-74.173
-74.1731
-74.1766
-74.1792
-74.1854
-74.1955
-74.2001
-74.2002
-74.1923
-74.1795
-74.1684
-74.1602
-74.1559
-74.1531
-74.1549
-74.1585
-74.1619
-74.1619
-74.1569
-74.1466
-74.1381
-74.1328
-74.1229
-74.115
-74.1112
-74.1069
-74.104
-74.1134
-74.135
-74.1614
-74.1779
-74.1806
-74.1724
-74.159
-74.1533
-74.1481
-74.1397
-74.1254
-74.1086
-74.0988
-74.0948
-74.0987
-74.102
-74.0976
-74.0875
-74.0741
-74.0557
-74.0361
-74.018
-74.0024
-73.9898
-73.9808
-73.9789
-73.972
-73.967
-73.9746
-73.9767
-73.9713
-73.9662
-73.9657
-73.9643
-73.9667
-73.9664
-73.9623
-73.9568
-73.9562
-73.9568
-73.9507
-73.9371
-73.918
-73.8949
-73.8718
-73.8563
-73.8503
-73.8456
-73.8449
-73.8393
-73.8263
-73.8075
-73.7892
-73.7753
-73.7683
-73.7576
-73.741
-73.7197
-73.6981
-73.6822
-73.669
-73.6522
-73.6347
-73.6262
-73.6156
-73.6004
-73.5928
-73.589
-73.5887
-73.5879
-73.5801
-73.5731
-73.5715
-73.5724
-73.5826
-73.5991
-73.6116
-73.613
-73.6051
-73.5907
-73.5798
-73.5752
-73.5773
-73.583
-73.5938
-73.5982
-73.5935
-73.5879
-73.5788
-73.5645
-73.552
-73.5487
-73.5574
-73.5643
-73.5753
-73.5856
-73.5954
-73.6127
-73.6245
-73.6313
-73.6375
-73.6381
-73.6495
-73.6738
-73.6977
-73.7089
-73.7079
-73.6981
-73.6824
-73.6634
-73.6479
-73.6322
-73.6199
-73.6057
-73.5872
-73.5701
-73.5547
-73.5361
-73.514
-73.4939
-73.4774
-73.4585
-73.4428
-73.4284
-73.4105
-73.3896
-73.3742
-73.3594
-73.3411
-73.3194
-73.2952
-73.2694
-73.2423
-73.2144
-73.186
-73.1571
-73.1281
-73.0988
-73.0695
-73.0402
-73.011
-72.9818
-72.9527
-72.9238
-72.895
-72.8665
-72.8381
-72.8107
-72.795
-72.7829
-72.7681
-72.7501
-72.7298
-72.7078
-72.6848
-72.6612
-72.6372
-72.6129
-72.5885
-72.5641
-72.5397
-72.5154
-72.4912
-72.4671
-72.4432
-72.4195
-72.396
-72.3727
-72.3496
-72.3267
-72.304
-72.2816
-72.2594
-72.2375
-72.2158
-72.1943
-72.173
-72.152
-72.1312
-72.1107
-72.0904
-72.0703
-72.0505
-72.0308
-72.0114
-71.9923
-71.9733
-71.9546
-71.9361
-71.9178
-71.8998
-71.8819
-71.8654
-71.866
-71.8718
-71.8731
-71.8695
-71.8622
-71.8524
-71.8408
-71.8281
-71.8146
-71.8006
-71.7863
-71.7717
-71.757
-71.7422
-71.7274
-71.7126
-71.6978
-71.6831
-71.6685
-71.654
-71.6396
-71.6254
-71.6112
-71.5972
-71.5834
-71.5696
-71.5561
-71.5426
-71.5294
-71.5162
-71.5033
-71.4904
-71.4777
-71.4652
-71.4528
-71.4406
-71.4285
-71.4166
-71.4048
-71.3932
-71.3817
-71.3703
-71.3591
-71.348
-71.3371
-71.3263
-71.3156
-71.3051
-71.2947
-71.2845
-71.2744
-71.2644
-71.2545
-71.2448
-71.2352
-71.2257
-71.2164
-71.2071
-71.198
-71.189
-71.1801
-71.1714
-71.1627
-71.1542
-71.1458
-71.1375
-71.1293
-71.1212
-71.1132
-71.1053
-71.0975
-71.0899
-71.0823
-71.0748
-71.0674
-71.0602
-71.053
-71.0459
-71.039
-71.0321
-71.0253
-71.0186
-71.012
-71.0055
-70.999
-70.9927
-70.9864
-70.9803
-70.9742
-70.9682
-70.9623
-70.9564
-70.9507
-70.945
-70.9394
-70.9339
-70.9285
-70.9231
-70.9178
-70.9126
-70.9075
-70.9024
-70.8974
-70.8925
-70.8876
-70.8828
-70.8781
-70.8735
-70.8689
-70.8644
-70.8599
-70.8556
-70.8512
-70.847
-70.8428
-70.8387
-70.8346
-70.8306
-70.8266
-70.8227
-70.8189
-70.8151
-70.8114
-70.8077
-70.8041
-70.8005
-70.797
-70.7936
-70.7902
-70.7868
-70.7835
-70.7803
-70.7771
-70.774
-70.7709
-70.7678
-70.7648
-70.7619
-70.7589
-70.7561
-70.7533
-70.7505
-70.7478
-70.7451
-70.7424
-70.7398
-70.7373
-70.7348
-70.7323
-70.7298
-70.7274
-70.7251
-70.7228
-70.7205
-70.7182
-70.716
-70.7139
-70.7117
-70.7096
-70.7076
-70.7055
-70.7035
-70.7016
-70.6997
-70.6978
-70.6959
-70.6941
-70.6923
-70.6905
-70.6888
-70.6871
-70.6854
-70.6838
-70.6821
-70.6806
-70.679
-70.6775
-70.676
-70.6745
-70.6731
-70.6716
-70.6702
-70.6689
-70.6675
-70.6662
-70.6649
-70.6637
-70.6624
-70.6612
-70.66
-70.6588
-70.6577
-70.6566
-70.6554
-70.6544
-70.6533
-70.6523
-70.6512
-70.6502
-70.6493
-70.6483
-70.6474
-70.6465
-70.6456
-70.6447
-70.6438
-70.643
-70.6422
-70.6413
-70.6406
-70.6398
-70.639
-70.6383
-70.6376
-70.6369
-70.6362
-70.6355
-70.6349
-70.6342
-70.6336
-70.633
-70.6324
-70.6318
-70.6313
-70.6307
-70.6302
-70.6296
-70.6291
-70.6286
-70.6282
-70.6277
-70.6272
-70.6268
-70.6264
-70.6259
-70.6255
-70.6251
-70.6247
-70.6244
-70.624
-70.6237
-70.6233
-70.623
-70.6227
-70.6224
-70.6221
-70.6218
-70.6215
-70.6212
-70.621
-70.6207
-70.6205
-70.6203
-70.62
-70.6198
-70.6196
-70.6194
-70.6192
-70.6191
-70.6189
-70.6187
-70.6186
-70.6184
-70.6183
-70.6181
-70.618
-70.6179
-70.6178
-70.6177
-70.6176
-70.6175
-70.6174
-70.6173
-70.6173
-70.6172
-70.6171
-70.6171
-70.6171
-70.617
-70.617
-70.6169
-70.6169
-70.6169
-70.6169
-70.6169
-70.6169
-70.6169
-70.6169
-70.6169
-70.6169
-70.6169
-70.617
-70.617
-70.617
-70.6171
-70.6171
-70.6172
-70.6172
-70.6173
-70.6173
-70.6174
-70.6175
-70.6175
-70.6176
-70.6177
-70.6178
-70.6178
-70.6179
-70.618
-70.6181
-70.6182
-70.6183
-70.6184
-70.6185
-70.6186
-70.6187
-70.6188
-70.619
-70.6191
-70.6192
-70.6193
-70.6194
-70.6196
-70.6197
-70.6198
-70.62
-70.6201
-70.6202
-70.6204
-70.6205
-70.6207
-70.6208
-70.621
-70.6211
-70.6213
-70.6214
-70.6216
-70.6217
-70.6219
-70.622
-70.6222
-70.6224
-70.6225
-70.6227
-70.6229
-70.623
-70.6232
-70.6234
-70.6235
-70.6237
-70.6239
-70.624
-70.6242
-70.6244
-70.6246
-70.6247
-70.6249
-70.6251
-70.6253
-70.6254
-70.6256
-70.6258
-70.626
-70.6262
-70.6264
-70.6265
-70.6267
-70.6269
-70.6271
-70.6273
-70.6275
-70.6276
-70.6278
-70.628
-70.6282
-70.6284
-70.6286
-70.6287
-70.6289
-70.6291
-70.6293
-70.6295
-70.6297
-70.6299
-70.6301
-70.6302
-70.6304
-70.6306
-70.6308
-70.631
-70.6312
-70.6314
-70.6315
-70.6317
-70.6319
-70.6321
-70.6323
-70.6325
-70.6327
-70.6328
-70.633
-70.6332
-70.6334
-70.6336
-70.6338
-70.634
-70.6341
-70.6343
-70.6345
-70.6347
-70.6349
-70.635
-70.6352
-70.6354
-70.6356
-70.6358
-70.6359
-70.6361
-70.6363
-70.6365
-70.6367
-70.6368
-70.637
-70.6372
-70.6374
-70.6375
-70.6377
-70.6379
-70.6381
-70.6382
-70.6384
-70.6386
-70.6387
-70.6389
-70.6391
-70.6393
-70.6394
-70.6396
-70.6398
-70.6399
-70.6401
-70.6403
-70.6404
-70.6406
-70.6408
-70.6409
-70.6411
-70.6412
-70.6414
-70.6416
-70.6417
-70.6419
-70.642
-70.6422
-70.6423
-70.6425
-70.6427
-70.6428
-70.643
-70.6431
-70.6433
-70.6434
-70.6436
-70.6437

