-70
-70.1661
-70.23
-70.2566
-70.2695
-70.2773
-70.283
-70.2879
-70.2925
-70.297
-70.3014
-70.3057
-70.31
-70.3142
-70.3185
-70.3226
-70.3268
-70.3309
-70.335
-70.3391
-70.3431
-70.3471
-70.351
-70.3549
-70.3588
-70.3626
-70.3664
-70.3701
-70.3738
-70.3775
-70.3811
-70.3847
-70.3883
-70.3918
-70.3953
-70.3987
-70.4021
-70.4055
-70.4088
-70.4121
-70.4154
-70.4186
-70.4218
-70.4249
-70.428
-70.4311
-70.4341
-70.4372
-70.4401
-70.4431
-70.446
-70.4489
-70.4517
-70.4545
-70.4573
-70.4601
-70.4628
-70.4655
-70.4682
-70.4708
-70.4734
-70.476
-70.4785
-70.481
-70.4835
-70.486
-70.4884
-70.4908
-70.4932
-70.4955
-70.4978
-70.5001
-70.5024
-70.5046
-70.5068
-70.509
-70.5112
-70.5133
-70.5154
-70.5175
-70.5196
-70.5216
-70.5236
-70.5256
-70.5276
-70.5295
-70.5315
-70.5334
-70.5352
-70.5371
-70.5389
-70.5407
-70.5425
-70.5443
-70.5461
-70.5478
-70.5495
-70.5512
-70.5528
-70.5545
-70.5561
-70.5577
-70.5593
-70.5609
-70.5624
-70.5639
-70.5655
-70.5669
-70.5684
-70.5699
-70.5713
-70.5727
-70.5741
-70.5755
-70.5769
-70.5782
-70.5796
-70.5809
-70.5822
-70.5835
-70.5848
-70.586
-70.5873
-70.5885
-70.5897
-70.5909
-70.5921
-70.5932
-70.5944
-70.5955
-70.5966
-70.5977
-70.5988
-70.5999
-70.601
-70.602
-70.603
-70.6041
-70.6051
-70.6061
-70.6071
-70.608
-70.609
-70.6099
-70.6109
-70.6118
-70.6127
-70.6136
-70.6145
-70.6154
-70.6162
-70.6171
-70.6179
-70.6187
-70.6196
-70.6204
-70.6212
-70.622
-70.6227
-70.6235
-70.6242
-70.625
-70.6257
-70.6265
-70.6272
-70.6279
-70.6286
-70.6293
-70.6299
-70.6306
-70.6313
-70.6319
-70.6325
-70.6332
-70.6338
-70.6344
-70.635
-70.6356
-70.6362
-70.6368
-70.6374
-70.6379
-70.6385
-70.639
-70.6396
-70.6401
-70.6406
-70.6411
-70.6417
-70.6422
-70.6427
-70.6431
-70.6436
-70.6441
-70.6446
-70.645
-70.6455
-70.6459
-70.6464
-70.6468
-70.6472
-70.6476
-70.6481
-70.6485
-70.6489
-70.6493
-70.6497
-70.65
-70.6504
-70.6508
-70.6512
-70.6515
-70.6519
-70.6522
-70.6526
-70.6529
-70.6533
-70.6536
-70.6539
-70.6542
-70.6545
-70.6549
-70.6552
-70.6555
-70.6558
-70.656
-70.6563
-70.6566
-70.6569
-70.6572
-70.6574
-70.6577
-70.658
-70.6582
-70.6585
-70.6587
-70.6589
-70.6592
-70.6594
-70.6597
-70.6599
-70.6601
-70.6603
-70.6605
-70.6607
-70.661
-70.6612
-70.6614
-70.6616
-70.6617
-70.6619
-70.6621
-70.6623
-70.6625
-70.6627
-70.6628
-70.663
-70.6632
-70.6633
-70.6635
-70.6637
-70.6638
-70.664
-70.6641
-70.6643
-70.6644
-70.6646
-70.6647
-70.6648
-70.665
-70.6651
-70.6652
-70.6653
-70.6655
-70.6656
-70.6657
-70.6658
-70.6659
-70.666
-70.6662
-70.6663
-70.6664
-70.6665
-70.6666
-70.6667
-70.6668
-70.6669
-70.667
-70.667
-70.6671
-70.6672
-70.6673
-70.6674
-70.6675
-70.6675
-70.6676
-70.6677
-70.6678
-70.6678
-70.6679
-70.668
-70.668
-70.6681
-70.6682
-70.6682
-70.6683
-70.6683
-70.6684
-70.6685
-70.6685
-70.6686
-70.6686
-70.6687
-70.6687
-70.6688
-70.6688
-70.6688
-70.6689
-70.6689
-70.669
-70.669
-70.669
-70.6691
-70.6691
-70.6691
-70.6692
-70.6692
-70.6692
-70.6693
-70.6693
-70.6693
-70.6694
-70.6694
-70.6694
-70.6694
-70.6694
-70.6695
-70.6695
-70.6695
-70.6695
-70.6695
-70.6696
-70.6696
-70.6696
-70.6696
-70.6696
-70.6696
-70.6696
-70.6697
-70.6697
-70.6697
-70.6697
-70.6697
-70.6697
-70.6697
-70.6697
-70.6697
-70.6697
-70.6697
-70.6697
-70.6697
-70.6697
-70.6697
-70.6697
-70.6697
-70.6697
-70.6697
-70.6697
-70.6697
-70.6697
-70.6697
-70.6697
-70.6697
-70.6697
-70.6697
-70.6697
-70.6697
-70.6697
-70.6697
-70.6697
-70.6697
-70.6697
-70.6697
-70.6696
-70.6696
-70.6696
-70.6696
-70.6696
-70.6696
-70.6696
-70.6696
-70.6696
-70.6695
-70.6695
-70.6695
-70.6695
-70.6695
-70.6695
-70.6695
-70.6695
-70.6694
-70.6694
-70.6694
-70.6694
-70.6694
-70.6694
-70.6693
-70.6693
-70.6693
-70.6693
-70.6693
-70.6693
-70.6693
-70.6692
-70.6692
-70.6692
-70.6692
-70.6692
-70.6691
-70.6691
-70.6691
-70.6691
-70.6691
-70.6691
-70.669
-70.669
-70.669
-70.669
-70.669
-70.6689
-70.6689
-70.6689
-70.6689
-70.6689
-70.6688
-70.6688
-70.6688
-70.6688
-70.6688
-70.6687
-70.6687
-70.6687
-70.6687
-70.6686
-70.6686
-70.6686
-70.6686
-70.6686
-70.6685
-70.6685
-70.6685
-70.6685
-63.882
-53.7473
-50.9842
-49.2624
-47.063
-39.1073
-1.61304
-33.2379
-65.2705
-68.6828
-67.7175
-66.6585
-65.579
-64.4974
-63.4312
-62.3972
-61.4098
-60.4813
-59.6207
-58.8339
-58.1244
-57.5277
-57.0764
-56.7123
-56.4175
-56.1679
-55.2955
-54.7127
-54.3979
-54.1889
-54.0334
-53.9126
-53.8182
-53.7452
-53.6894
-53.6474
-53.6166
-53.5951
-53.5815
-53.5745
-53.5735
-53.5788
-53.5899
-53.5293
-53.4822
-53.4509
-53.4244
-53.414
-53.4127
-53.4132
-53.407
-53.4047
-53.3997
-53.3976
-53.3991
-53.4026
-53.4021
-53.4017
-53.4009
-53.3995
-53.4003
-53.4025
-53.4058
-53.4071
-53.4064
-53.4062
-53.4044
-53.4041
-53.4054
-53.4075
-53.4103
-53.4134
-53.4127
-53.4115
-53.4102
-53.408
-53.4074
-53.4083
-53.4099
-53.4121
-53.4146
-53.4174
-53.4204
-53.42
-53.4168
-53.4153
-53.4116
-53.4093
-53.4089
-53.4096
-53.411
-53.4128
-53.4149
-53.4171
-53.4194
-53.4219
-53.4244
-53.427
-53.4295
-53.4316
-53.4242
-53.4159
-53.4116
-53.4063
-53.402
-53.3996
-53.3978
-53.3958
-53.3924
-53.3855
-53.3669
-53.2253
-52.9776
-52.9892
-53.0607
-53.1283
-53.1789
-53.2137
-53.2372
-53.2537
-53.2666
-53.2782
-53.2904
-53.3045
-53.3218
-53.344
-53.3728
-53.4138
-53.433
-53.442
-53.4469
-53.4435
-53.4412
-53.4416
-53.4442
-53.4483
-53.4538
-53.4605
-53.4684
-53.4776
-53.4879
-53.4996
-53.5127
-53.5271
-53.5431
-53.5608
-53.5803
-53.6016
-53.625
-53.6507
-53.6787
-53.7093
-53.7429
-53.7796
-53.8198
-53.8636
-53.9114
-53.9633
-54.0199
-54.0813
-54.1479
-54.2201
-54.2981
-53.79
-53.4859
-53.4053
-53.3961
-53.3994
-53.3852
-53.3849
-53.3932
-53.4048
-53.4174
-53.43
-53.4424
-53.4546
-53.4666
-53.4787
-53.491
-53.5036
-53.5167
-53.5304
-53.545
-53.5605
-53.5771
-53.5949
-53.6141
-53.6348
-53.6573
-53.6816
-53.7081
-53.7379
-53.7717
-53.808
-53.8467
-53.8883
-53.9333
-53.9818
-54.0342
-54.0909
-54.1521
-54.2191
-54.294
-54.3741
-54.4588
-54.549
-53.7704
-53.3979
-53.3161
-53.3157
-53.3369
-53.3548
-53.3535
-53.3598
-53.3707
-53.3829
-53.3949
-53.4062
-53.417
-53.4271
-53.4369
-53.4464
-53.4558
-53.4658
-53.4761
-53.4867
-53.4976
-53.5091
-53.5213
-53.5342
-53.5482
-53.5632
-53.5794
-53.5969
-53.6173
-53.6399
-53.6639
-53.6894
-53.7169
-53.7467
-53.779
-53.8141
-53.8521
-53.8933
-53.9378
-53.988
-54.0461
-54.1078
-54.1726
-54.241
-54.3135
-54.3905
-54.4728
-54.5604
-54.6537
-54.7529
-54.8581
-54.9796
-54.1375
-53.3753
-53.217
-53.2114
-53.2426
-53.2789
-53.3125
-53.3394
-53.3423
-53.3485
-53.3583
-53.3691
-53.3796
-53.3891
-53.3975
-53.4048
-53.4112
-53.4168
-53.4215
-53.4254
-53.4284
-53.4303
-53.4307
-53.4294
-53.4267
-53.4203
-53.4069
-53.3801
-53.3193
-53.0829
-51.6322
-51.0992
-51.3403
-51.7337
-52.0841
-52.3368
-52.5044
-52.6175
-52.7013
-52.7731
-53.1877
-53.4937
-53.5588
-53.5577
-53.543
-53.5301
-53.5219
-53.5188
-53.5205
-53.5268
-53.5372
-53.5522
-53.5715
-53.5944
-53.5374
-53.4968
-53.4815
-53.4789
-53.4824
-53.4895
-53.499
-53.5109
-53.5245
-53.5396
-53.5564
-53.5748
-53.5958
-53.62
-53.6489
-53.6815
-53.7154
-53.7507
-53.788
-53.828
-53.8728
-53.9269
-53.9927
-54.0665
-54.1467
-54.2302
-54.3153
-54.4038
-54.4977
-54.5993
-54.7122
-54.8425
-54.9957
-55.1639
-55.3423
-55.5293
-55.7224
-55.924
-56.137
-56.3637
-56.6079
-56.8829
-57.1906
-57.5224
-57.8729
-58.2367
-58.6075
-58.9835
-59.3679
-59.7656
-60.1767
-60.6159
-61.0924
-61.5988
-62.1182
-62.6403
-63.1596
-63.6663
-64.1571
-64.6387
-65.1143
-65.5905
-66.0842
-66.5938
-67.1078
-67.6054
-68.0796
-68.5274
-68.9447
-69.329
-69.6873
-70.0231
-70.3508
-70.6792
-71.0069
-71.3255
-71.621
-71.892
-72.1365
-72.3573
-72.5535
-72.7286
-72.8864
-73.0364
-73.1857
-73.3333
-73.4759
-73.6051
-73.7207
-73.8224
-73.9115
-73.9902
-74.0578
-74.1156
-74.1697
-74.2233
-74.2785
-74.3343
-74.3855
-74.4301
-74.4689
-74.5013
-74.5285
-74.5522
-74.5703
-74.5849
-74.5992
-74.616
-74.6351
-74.6559
-74.6744
-74.6897
-74.7022
-74.7119
-74.7192
-74.7242
-74.7272
-74.7286
-74.7303
-74.7348
-74.7415
-74.7495
-74.7576
-74.7635
-74.7676
-74.7701
-74.771
-74.7696
-74.7675
-74.7657
-74.7637
-74.7636
-74.766
-74.7699
-74.7741
-74.778
-74.7802
-74.781
-74.7813
-74.7791
-74.7748
-74.7717
-74.7688
-74.7667
-74.7665
-74.7686
-74.7703
-74.7719
-74.7744
-74.775
-74.7747
-74.7744
-74.7723
-74.7681
-74.7643
-74.7617
-74.7593
-74.7591
-74.7617
-74.7636
-74.7638
-74.7655
-74.7675
-74.767
-74.7654
-74.7636
-74.7612
-74.7581
-74.7543
-74.7499
-74.7468
-74.7474
-74.7506
-74.7519
-74.7515
-74.7532
-74.7557
-74.7561
-74.7537
-74.751
-74.7494
-74.749
-74.7463
-74.7408
-74.7362
-74.7356
-74.7385
-74.7413
-74.7404
-74.74
-74.7422
-74.7453
-74.7455
-74.7427
-74.7397
-74.738
-74.736
-74.7328
-74.7271
-74.7214
-74.7208
-74.7236
-74.7267
-74.7269
-74.7252
-74.7252
-74.7294
-74.7335
-74.7336
-74.7317
-74.7295
-74.7276
-74.7242
-74.7186
-74.7132
-74.7092
-74.7079
-74.7117
-74.7144
-74.7127
-74.7105
-74.7106
-74.7132
-74.7164
-74.719
-74.7192
-74.7187
-74.7161
-74.7115
-74.7065
-74.7006
-74.6963
-74.6945
-74.6937
-74.6954
-74.6976
-74.6962
-74.6933
-74.6936
-74.6977
-74.7019
-74.7041
-74.7059
-74.7076
-74.7066
-74.7022
-74.6947
-74.6897
-74.6856
-74.6838
-74.6822
-74.6826
-74.6819
-74.6792
-74.6769
-74.6748
-74.6748
-74.6759
-74.6781
-74.6833
-74.6882
-74.6909
-74.6893
-74.685
-74.6807
-74.6744
-74.6704
-74.67
-74.6683
-74.666
-74.665
-74.6657
-74.665
-74.6602
-74.6564
-74.6554
-74.6565
-74.6573
-74.6601
-74.6655
-74.671
-74.6725
-74.672
-74.6679
-74.661
-74.6557
-74.6525
-74.6522
-74.6523
-74.65
-74.6489
-74.6478
-74.6459
-74.6449
-74.6416
-74.6359
-74.6313
-74.6276
-74.6305
-74.6342
-74.6394
-74.6435
-74.6431
-74.6412
-74.6426
-74.6424
-74.6387
-74.6333
-74.6295
-74.6256
-74.6246
-74.6239
-74.6244
-74.6269
-74.6294
-74.6277
-74.625
-74.6208
-74.6151
-74.6109
-74.6093
-74.6088
-74.61
-74.6127
-74.6151
-74.6149
-74.6124
-74.6099
-74.608
-74.6101
-74.6099
-74.6094
-74.6083
-74.6049
-74.599
-74.5951
-74.5964
-74.5977
-74.5989
-74.6005
-74.5991
-74.5944
-74.5889
-74.585
-74.5841
-74.5827
-74.5808
-74.5793
-74.5772
-74.5751
-74.5751
-74.5745
-74.5717
-74.5674
-74.5657
-74.5634
-74.5634
-74.5682
-74.5713
-74.5708
-74.5696
-74.5675
-74.5657
-74.5666
-74.5675
-74.564
-74.5605
-74.5586
-74.5581
-74.5576
-74.5579
-74.5578
-74.5588
-74.5582
-74.555
-74.5502
-74.5442
-74.5367
-74.5327
-74.5314
-74.5284
-74.5231
-74.52
-74.5191
-74.5171
-74.5172
-74.5185
-74.5239
-74.5261
-74.5269
-74.5247
-74.5219
-74.52
-74.5179
-74.5184
-74.5225
-74.5246
-74.5225
-74.5155
-74.5072
-74.5023
-74.5032
-74.5057
-74.5086
-74.513
-74.5112
-74.5043
-74.4963
-74.4866
-74.4774
-74.4663
-74.46
-74.4612
-74.4654
-74.4665
-74.4631
-74.4543
-74.4477
-74.449
-74.4574
-74.4646
-74.4661
-74.466
-74.4678
-74.4689
-74.4659
-74.4609
-74.4536
-74.4483
-74.445
-74.4406
-74.4398
-74.4442
-74.45
-74.4571
-74.4614
-74.4596
-74.4532
-74.4475
-74.4415
-74.4366
-74.4361
-74.435
-74.4287
-74.4208
-74.4092
-74.3998
-74.3934
-74.3873
-74.3777
-74.3701
-74.3739
-74.3836
-74.3939
-74.3969
-74.3923
-74.3887
-74.3882
-74.3879
-74.3896
-74.3899
-74.3908
-74.3906
-74.3894
-74.3881
-74.3839
-74.3761
-74.373
-74.3731
-74.3735
-74.3716
-74.3654
-74.361
-74.3569
-74.3523
-74.3486
-74.3463
-74.3496
-74.3545
-74.3589
-74.3602
-74.3593
-74.3518
-74.3401
-74.3302
-74.3212
-74.3129
-74.3118
-74.3087
-74.3023
-74.2959
-74.2856
-74.2693
-74.2516
-74.2419
-74.2446
-74.2508
-74.2506
-74.2435
-74.2399
-74.2385
-74.2444
-74.2508
-74.2546
-74.2579
-74.2589
-74.2567
-74.2607
-74.2716
-74.2764
-74.2742
-74.271
-74.2684
-74.2656
-74.259
-74.2502
-74.2418
-74.2319
-74.2267
-74.2295
-74.2276
-74.2205
-74.2161
-74.2215
-74.2315
-74.2398
-74.239
-74.235
-74.2277
-74.2178
-74.2125
-74.2064
-74.196
-74.1836
-74.1709
-74.159
-74.1514
-74.1469
-74.1476
-74.154
-74.1555
-74.1476
-74.1356
-74.1299
-74.1223
-74.1083
-74.0919
-74.0825
-74.0744
-74.0691
-74.0643
-74.0572
-74.0481
-74.0384
-74.0326
-74.0271
-74.0222
-74.0203
-74.0196
-74.0195
-74.0171
-74.0167
-74.0257
-74.0324
-74.0299
-74.0293
-74.0276
-74.027
-74.0376
-74.054
-74.0656
-74.077
-74.0884
-74.0971
-74.1071
-74.1113
-74.1058
-74.0924
-74.0763
-74.0633
-74.0564
-74.05
-74.0415
-74.0338
-74.0212
-74.0086
-74.0046
-74.0054
-74.0107
-74.0122
-74.0068
-73.9982
-73.9913
-73.9881
-73.987
-73.9817
-73.9713
-73.9607
-73.9521
-73.9479
-73.9496
-73.9557
-73.9632
-73.9749
-73.9828
-73.9807
-73.9696
-73.9529
-73.9378
-73.9316
-73.9275
-73.9215
-73.918
-73.9209
-73.922
-73.9148
-73.9062
-73.9032
-73.8973
-73.8844
-73.8663
-73.8505
-73.8382
-73.8232
-73.8105
-73.8004
-73.787
-73.7739
-73.7579
-73.7376
-73.7137
-73.6893
-73.6749
-73.661
-73.6428
-73.6204
-73.5966
-73.5834
-73.573
-73.5646
-73.5577
-73.5497
-73.5402
-73.5307
-73.5165
-73.5045
-73.5049
-73.5064
-73.5065
-73.5029
-73.4925
-73.4798
-73.4717
-73.4744
-73.4833
-73.4845
-73.4769
-73.4627
-73.4444
-73.4303
-73.4171
-73.4083
-73.409
-73.4296
-73.4644
-73.4867
-73.4941
-73.4903
-73.4789
-73.4623
-73.4422
-73.4196
-73.395
-73.3692
-73.3498
-73.3427
-73.3343
-73.3204
-73.302
-73.2813
-73.2669
-73.2567
-73.25
-73.2392
-73.2234
-73.2038
-73.1815
-73.1573
-73.1319
-73.1056
-73.0786
-73.0512
-73.0235
-72.9955
-72.9675
-72.9395
-72.9165
-72.9069
-72.9159
-72.9254
-72.9322
-72.9394
-72.9493
-72.9623
-72.9733
-72.9759
-72.9798
-72.9818
-72.9772
-72.9666
-72.9522
-72.9445
-72.9389
-72.9291
-72.9149
-72.8974
-72.8777
-72.8604
-72.852
-72.8424
-72.8288
-72.8132
-72.8066
-72.8006
-72.7902
-72.7757
-72.7582
-72.7386
-72.7177
-72.6957
-72.6731
-72.6501
-72.6267
-72.6031
-72.5794
-72.5557
-72.5319
-72.5083
-72.4847
-72.4612
-72.4378
-72.4146
-72.3916
-72.3688
-72.3461
-72.3237
-72.3069
-72.3036
-72.3
-72.2922
-72.2807
-72.2665
-72.2505
-72.2333
-72.2154
-72.197
-72.1782
-72.1593
-72.1402
-72.1211
-72.102
-72.083
-72.064
-72.0452
-72.0265
-72.0079
-71.9894
-71.9712
-71.953
-71.9351
-71.9173
-71.8998
-71.8824
-71.8652
-71.8481
-71.8416
-71.8482
-71.8525
-71.8514
-71.8461
-71.8378
-71.8274
-71.8157
-71.803
-71.7898
-71.776
-71.762
-71.7479
-71.7336
-71.7192
-71.7049
-71.6905
-71.6763
-71.6621
-71.6479
-71.6339
-71.62
-71.6062
-71.5926
-71.579
-71.5656
-71.5524
-71.5393
-71.5263
-71.5135
-71.5008
-71.4882
-71.4758
-71.4636
-71.4515
-71.4395
-71.4277
-71.416
-71.4044
-71.393
-71.3818
-71.3706
-71.3596
-71.3488
-71.3381
-71.3275
-71.317
-71.3067
-71.2965
-71.2865
-71.2766
-71.2668
-71.2571
-71.2475
-71.2381
-71.2288
-71.2196
-71.2105
-71.2016
-71.1927
-71.184
-71.1754
-71.1669
-71.1585
-71.1502
-71.1421
-71.134
-71.126
-71.1182
-71.1104
-71.1028
-71.0952
-71.0877
-71.0804
-71.0731
-71.066
-71.0589
-71.0519
-71.045
-71.0383
-71.0316
-71.0249
-71.0184
-71.012
-71.0057
-70.9994
-70.9932
-70.9871
-70.9811
-70.9752
-70.9693
-70.9636
-70.9579
-70.9523
-70.9468
-70.9413
-70.9359
-70.9306
-70.9254
-70.9202
-70.9151
-70.9101
-70.9052
-70.9003
-70.8955
-70.8907
-70.8861
-70.8815
-70.8769
-70.8724
-70.868
-70.8637
-70.8594
-70.8552
-70.851
-70.8469
-70.8428
-70.8388
-70.8349
-70.831
-70.8272
-70.8235
-70.8198
-70.8161
-70.8125
-70.809
-70.8055
-70.802
-70.7986
-70.7953
-70.792
-70.7888
-70.7856
-70.7825
-70.7794
-70.7763
-70.7733
-70.7704
-70.7675
-70.7646
-70.7618
-70.759
-70.7563
-70.7536
-70.7509
-70.7483
-70.7457
-70.7432
-70.7407
-70.7383
-70.7359
-70.7335
-70.7312
-70.7289
-70.7266
-70.7244
-70.7222
-70.7201
-70.718
-70.7159
-70.7138
-70.7118
-70.7099
-70.7079
-70.706
-70.7041
-70.7023
-70.7005
-70.6987
-70.6969
-70.6952
-70.6935
-70.6918
-70.6902
-70.6886
-70.687
-70.6855
-70.6839
-70.6824
-70.681
-70.6795
-70.6781
-70.6767
-70.6753
-70.674
-70.6727
-70.6714
-70.6701
-70.6689
-70.6676
-70.6664
-70.6653
-70.6641
-70.663
-70.6619
-70.6608
-70.6597
-70.6587
-70.6576
-70.6566
-70.6556
-70.6547
-70.6537
-70.6528
-70.6519
-70.651
-70.6501
-70.6493
-70.6484
-70.6476
-70.6468
-70.646
-70.6452
-70.6445
-70.6438
-70.643
-70.6423
-70.6416
-70.641
-70.6403
-70.6397
-70.639
-70.6384
-70.6378
-70.6373
-70.6367
-70.6361
-70.6356
-70.6351
-70.6345
-70.634
-70.6335
-70.6331
-70.6326
-70.6321
-70.6317
-70.6313
-70.6309
-70.6304
-70.6301
-70.6297
-70.6293
-70.6289
-70.6286
-70.6282
-70.6279
-70.6276
-70.6273
-70.627
-70.6267
-70.6264
-70.6261
-70.6259
-70.6256
-70.6254
-70.6251
-70.6249
-70.6247
-70.6245
-70.6243
-70.6241
-70.6239
-70.6237
-70.6235
-70.6234
-70.6232
-70.6231
-70.6229
-70.6228
-70.6226
-70.6225
-70.6224
-70.6223
-70.6222
-70.6221
-70.622
-70.6219
-70.6218
-70.6218
-70.6217
-70.6216
-70.6216
-70.6215
-70.6215
-70.6215
-70.6214
-70.6214
-70.6214
-70.6214
-70.6213
-70.6213
-70.6213
-70.6213
-70.6213
-70.6213
-70.6214
-70.6214
-70.6214
-70.6214
-70.6215
-70.6215
-70.6215
-70.6216
-70.6216
-70.6217
-70.6217
-70.6218
-70.6218
-70.6219
-70.622
-70.622
-70.6221
-70.6222
-70.6222
-70.6223
-70.6224
-70.6225
-70.6226
-70.6227
-70.6228
-70.6229
-70.623
-70.6231
-70.6232
-70.6233
-70.6234
-70.6235
-70.6236
-70.6237
-70.6238
-70.624
-70.6241
-70.6242
-70.6243
-70.6245
-70.6246
-70.6247
-70.6248
-70.625
-70.6251
-70.6253
-70.6254
-70.6255
-70.6257
-70.6258
-70.626
-70.6261
-70.6262
-70.6264
-70.6265
-70.6267
-70.6268
-70.627
-70.6271
-70.6273
-70.6275
-70.6276
-70.6278
-70.6279
-70.6281
-70.6282
-70.6284
-70.6286
-70.6287
-70.6289
-70.629
-70.6292
-70.6294
-70.6295
-70.6297
-70.6299
-70.63
-70.6302
-70.6304
-70.6305
-70.6307
-70.6309
-70.631
-70.6312
-70.6314
-70.6315
-70.6317
-70.6319
-70.632
-70.6322
-70.6324
-70.6325
-70.6327
-70.6329
-70.633
-70.6332
-70.6334
-70.6335
-70.6337
-70.6339
-70.6341
-70.6342
-70.6344
-70.6346
-70.6347
-70.6349
-70.6351
-70.6352
-70.6354
-70.6356
-70.6357
-70.6359
-70.6361
-70.6362
-70.6364
-70.6366
-70.6367
-70.6369
-70.6371
-70.6372
-70.6374
-70.6376
-70.6377
-70.6379
-70.6381
-70.6382
-70.6384
-70.6386
-70.6387
-70.6389
-70.639
-70.6392
-70.6394
-70.6395
-70.6397
-70.6398
-70.64
-70.6402
-70.6403
-70.6405
-70.6406
-70.6408
-70.6409
-70.6411
-70.6412
-70.6414
-70.6416
-70.6417
-70.6419
-70.642
-70.6422
-70.6423
-70.6425
-70.6426
-70.6428
-70.6429
-70.6431
-70.6432
-70.6434
-70.6435
-70.6436
-70.6438
-70.6439
-70.6441
-70.6442
-70.6444

