-70
-70.1661
-70.23
-70.2566
-70.2695
-70.2773
-70.283
-70.2879
-70.2925
-70.297
-70.3014
-70.3057
-70.31
-70.3142
-70.3185
-70.3226
-70.3268
-70.3309
-70.335
-70.3391
-70.3431
-70.3471
-70.351
-70.3549
-70.3588
-70.3626
-70.3664
-70.3701
-70.3738
-70.3775
-70.3811
-70.3847
-70.3883
-70.3918
-70.3953
-70.3987
-70.4021
-70.4055
-70.4088
-70.4121
-70.4154
-70.4186
-70.4218
-70.4249
-70.428
-70.4311
-70.4341
-70.4372
-70.4401
-70.4431
-70.446
-70.4489
-70.4517
-70.4545
-70.4573
-70.4601
-70.4628
-70.4655
-70.4682
-70.4708
-70.4734
-70.476
-70.4785
-70.481
-70.4835
-70.486
-70.4884
-70.4908
-70.4932
-70.4955
-70.4978
-70.5001
-70.5024
-70.5046
-70.5068
-70.509
-70.5112
-70.5133
-70.5154
-70.5175
-70.5196
-70.5216
-70.5236
-70.5256
-70.5276
-70.5295
-70.5315
-70.5334
-70.5352
-70.5371
-70.5389
-70.5407
-70.5425
-70.5443
-70.5461
-70.5478
-70.5495
-70.5512
-70.5528
-70.5545
-70.5561
-70.5577
-70.5593
-70.5609
-70.5624
-70.5639
-70.5655
-70.5669
-70.5684
-70.5699
-70.5713
-70.5727
-70.5741
-70.5755
-70.5769
-70.5782
-70.5796
-70.5809
-70.5822
-70.5835
-70.5848
-70.586
-70.5873
-70.5885
-70.5897
-70.5909
-70.5921
-70.5932
-70.5944
-70.5955
-70.5966
-70.5977
-70.5988
-70.5999
-70.601
-70.602
-70.603
-70.6041
-70.6051
-70.6061
-70.6071
-70.608
-70.609
-70.6099
-70.6109
-70.6118
-70.6127
-70.6136
-70.6145
-70.6154
-70.6162
-70.6171
-70.6179
-70.6187
-70.6196
-70.6204
-70.6212
-70.622
-70.6227
-70.6235
-70.6242
-70.625
-70.6257
-70.6265
-70.6272
-70.6279
-70.6286
-70.6293
-70.6299
-70.6306
-70.6313
-70.6319
-70.6325
-70.6332
-70.6338
-70.6344
-70.635
-70.6356
-70.6362
-70.6368
-70.6374
-70.6379
-70.6385
-70.639
-70.6396
-70.6401
-70.6406
-70.6411
-70.6417
-70.6422
-70.6427
-70.6431
-70.6436
-70.6441
-70.6446
-70.645
-70.6455
-70.6459
-70.6464
-70.6468
-70.6472
-70.6476
-70.6481
-70.6485
-70.6489
-70.6493
-70.6497
-70.65
-70.6504
-70.6508
-70.6512
-70.6515
-70.6519
-70.6522
-70.6526
-70.6529
-70.6533
-70.6536
-70.6539
-70.6542
-70.6545
-70.6549
-70.6552
-70.6555
-70.6558
-70.656
-70.6563
-70.6566
-70.6569
-70.6572
-70.6574
-70.6577
-70.658
-70.6582
-70.6585
-70.6587
-70.6589
-70.6592
-70.6594
-70.6597
-70.6599
-70.6601
-70.6603
-70.6605
-70.6607
-70.661
-70.6612
-70.6614
-70.6616
-70.6617
-70.6619
-70.6621
-70.6623
-70.6625
-70.6627
-70.6628
-70.663
-70.6632
-70.6633
-70.6635
-70.6637
-70.6638
-70.664
-70.6641
-70.6643
-70.6644
-70.6646
-70.6647
-70.6648
-70.665
-70.6651
-70.6652
-70.6653
-70.6655
-70.6656
-70.6657
-70.6658
-70.6659
-70.666
-70.6662
-70.6663
-70.6664
-70.6665
-70.6666
-70.6667
-70.6668
-70.6669
-70.667
-70.667
-70.6671
-70.6672
-70.6673
-70.6674
-70.6675
-70.6675
-70.6676
-70.6677
-70.6678
-70.6678
-70.6679
-70.668
-70.668
-70.6681
-70.6682
-70.6682
-70.6683
-70.6683
-70.6684
-70.6685
-70.6685
-70.6686
-70.6686
-70.6687
-70.6687
-70.6688
-70.6688
-70.6688
-70.6689
-70.6689
-70.669
-70.669
-70.669
-70.6691
-70.6691
-70.6691
-70.6692
-70.6692
-70.6692
-70.6693
-70.6693
-70.6693
-70.6694
-70.6694
-70.6694
-70.6694
-70.6694
-70.6695
-70.6695
-70.6695
-70.6695
-70.6695
-70.6696
-70.6696
-70.6696
-70.6696
-70.6696
-70.6696
-70.6696
-70.6697
-70.6697
-70.6697
-70.6697
-70.6697
-70.6697
-70.6697
-70.6697
-70.6697
-70.6697
-70.6697
-70.6697
-70.6697
-70.6697
-70.6697
-70.6697
-70.6697
-70.6697
-70.6697
-70.6697
-70.6697
-70.6697
-70.6697
-70.6697
-70.6697
-70.6697
-70.6697
-70.6697
-70.6697
-70.6697
-70.6697
-70.6697
-70.6697
-70.6697
-70.6697
-70.6696
-70.6696
-70.6696
-70.6696
-70.6696
-70.6696
-70.6696
-70.6696
-70.6696
-70.6695
-70.6695
-70.6695
-70.6695
-70.6695
-70.6695
-70.6695
-70.6695
-70.6694
-70.6694
-70.6694
-70.6694
-70.6694
-70.6694
-70.6693
-70.6693
-70.6693
-70.6693
-70.6693
-70.6693
-70.6693
-70.6692
-70.6692
-70.6692
-70.6692
-70.6692
-70.6691
-70.6691
-70.6691
-70.6691
-70.6691
-70.6691
-70.669
-70.669
-70.669
-70.669
-70.669
-70.6689
-70.6689
-70.6689
-70.6689
-70.6689
-70.6688
-70.6688
-70.6688
-70.6688
-70.6688
-70.6687
-70.6687
-70.6687
-70.6687
-70.6686
-70.6686
-70.6686
-70.6686
-70.6686
-70.6685
-70.6685
-70.6685
-70.6685
-70.6685
-70.6684
-70.6684
-70.6684
-70.6684
-70.6684
-70.6683
-70.6683
-70.6683
-70.6683
-70.6682
-70.6682
-70.6682
-70.6682
-70.6682
-70.6681
-70.6681
-70.6681
-70.6681
-70.6681
-70.6921
-70.9765
-71.8718
-72.8943
-73.6108
-74.0283
-74.2444
-74.346
-74.3937
-74.4173
-74.4374
-74.4765
-74.5391
-74.6007
-74.6465
-74.6752
-74.6888
-74.6921
-74.6889
-74.6819
-74.6755
-74.6812
-74.7062
-74.7355
-74.7587
-74.7729
-74.7763
-74.7721
-74.7635
-74.7522
-74.7393
-74.725
-74.7104
-74.6945
-74.6771
-74.6582
-74.6378
-74.616
-74.5928
-74.5684
-74.5428
-74.516
-74.4883
-74.4596
-74.4301
-74.3998
-74.3687
-74.337
-74.3047
-74.2719
-74.2386
-74.205
-74.171
-74.1368
-74.1024
-74.0678
-74.0332
-73.9984
-73.9636
-73.9289
-73.8941
-73.8595
-73.8249
-73.7905
-73.7563
-73.7222
-73.6882
-73.6545
-73.621
-73.5877
-73.5547
-73.5219
-73.4893
-73.4571
-73.4251
-73.3933
-73.3619
-73.3307
-73.2998
-73.2692
-73.2388
-73.2088
-73.179
-73.1495
-73.1203
-73.0914
-73.0627
-73.0344
-73.0063
-72.9785
-72.951
-72.9237
-72.8967
-72.87
-72.8436
-72.8174
-72.7915
-72.7659
-72.7405
-72.7154
-72.6906
-72.666
-72.6417
-72.6176
-72.5937
-72.5701
-72.5468
-72.5237
-72.5009
-72.4782
-72.4559
-72.4337
-72.4118
-72.3902
-72.3688
-72.3476
-72.3266
-72.3059
-72.2854
-72.2651
-72.245
-72.2251
-72.2055
-72.1861
-72.1669
-72.1479
-72.1291
-72.1105
-72.0921
-72.0739
-72.0559
-72.0381
-72.0205
-72.0031
-71.9859
-71.9689
-71.952
-71.9354
-71.9189
-71.9026
-71.8865
-71.8706
-71.8548
-71.8392
-71.8238
-71.8086
-71.7935
-71.7787
-71.7639
-71.7494
-71.735
-71.7207
-71.7067
-71.6928
-71.679
-71.6654
-71.6519
-71.6387
-71.6255
-71.6125
-71.5997
-71.587
-71.5792
-71.5881
-71.5977
-71.6021
-71.6018
-71.5982
-71.5923
-71.5848
-71.5784
-71.5885
-71.612
-71.6522
-71.6876
-71.7107
-71.7237
-71.7294
-71.7302
-71.7275
-71.7342
-71.7563
-71.7821
-71.8128
-71.8449
-71.8676
-71.8805
-71.886
-71.8862
-71.8828
-71.8811
-71.8869
-71.8991
-71.9142
-71.9352
-71.9566
-71.9703
-71.9762
-71.9764
-71.9727
-71.9666
-71.9666
-71.9697
-71.9785
-71.9922
-72.0095
-72.0278
-72.0393
-72.0436
-72.0424
-72.0374
-72.0314
-72.0322
-72.0339
-72.0407
-72.0513
-72.0645
-72.0809
-72.093
-72.0981
-72.0974
-72.0925
-72.0864
-72.0869
-72.087
-72.0897
-72.0964
-72.1078
-72.118
-72.1307
-72.1388
-72.1405
-72.1372
-72.1305
-72.1285
-72.1293
-72.1272
-72.1295
-72.1368
-72.1473
-72.1552
-72.1657
-72.172
-72.1725
-72.1682
-72.1623
-72.1626
-72.1624
-72.1584
-72.1583
-72.1636
-72.1733
-72.1787
-72.1856
-72.1926
-72.1943
-72.1911
-72.1858
-72.1865
-72.1865
-72.1826
-72.1776
-72.1789
-72.1869
-72.1944
-72.197
-72.2029
-72.208
-72.2151
-72.2211
-72.2218
-72.2183
-72.2188
-72.2241
-72.2315
-72.2341
-72.2315
-72.2248
-72.2233
-72.2338
-72.2414
-72.2427
-72.2389
-72.2381
-72.2421
-72.2501
-72.254
-72.2523
-72.2462
-72.2381
-72.2361
-72.2377
-72.2439
-72.2465
-72.244
-72.2462
-72.2687
-72.2963
-72.3149
-72.3234
-72.3244
-72.3207
-72.3214
-72.3388
-72.4683
-72.7055
-72.9451
-73.1538
-73.3384
-73.4805
-73.5797
-73.6411
-73.6943
-73.7736
-73.9205
-74.0998
-74.2665
-74.387
-74.4583
-74.4958
-74.5138
-74.5219
-74.5319
-74.5574
-74.6049
-74.6575
-74.7016
-74.7295
-74.7422
-74.745
-74.7418
-74.7349
-74.7302
-74.7324
-74.743
-74.7588
-74.775
-74.7863
-74.7904
-74.7883
-74.7822
-74.7733
-74.7637
-74.7581
-74.7594
-74.7669
-74.7783
-74.7884
-74.7934
-74.7921
-74.7862
-74.7779
-74.768
-74.7598
-74.7572
-74.7602
-74.7683
-74.779
-74.7876
-74.7912
-74.7891
-74.7826
-74.7746
-74.7653
-74.7576
-74.7549
-74.7566
-74.7638
-74.7734
-74.7817
-74.7855
-74.7845
-74.7793
-74.7726
-74.7647
-74.7579
-74.7557
-74.7563
-74.7619
-74.7699
-74.7774
-74.7818
-74.7813
-74.7761
-74.7692
-74.7617
-74.7551
-74.7511
-74.7501
-74.7538
-74.7615
-74.7691
-74.7749
-74.7779
-74.7765
-74.7715
-74.765
-74.7587
-74.7531
-74.7504
-74.7498
-74.7532
-74.7583
-74.7633
-74.7671
-74.769
-74.7676
-74.7638
-74.7585
-74.7537
-74.7495
-74.7481
-74.7493
-74.7522
-74.7569
-74.7605
-74.7627
-74.7641
-74.764
-74.7625
-74.7581
-74.7522
-74.7467
-74.7422
-74.7416
-74.7439
-74.7464
-74.7504
-74.7524
-74.7539
-74.7555
-74.7572
-74.7567
-74.7542
-74.7501
-74.7448
-74.7409
-74.741
-74.7435
-74.7452
-74.7484
-74.7496
-74.7486
-74.7486
-74.749
-74.7488
-74.7463
-74.7424
-74.7377
-74.7324
-74.7312
-74.7332
-74.7366
-74.7401
-74.7443
-74.7451
-74.7445
-74.7446
-74.7444
-74.7445
-74.7427
-74.7389
-74.7345
-74.7307
-74.73
-74.73
-74.7311
-74.7328
-74.7361
-74.7371
-74.7357
-74.7339
-74.7328
-74.7318
-74.731
-74.7294
-74.7255
-74.7233
-74.7251
-74.7259
-74.7262
-74.7266
-74.7288
-74.7316
-74.733
-74.7323
-74.73
-74.7292
-74.7265
-74.7248
-74.7234
-74.7211
-74.7173
-74.7168
-74.7167
-74.7162
-74.7165
-74.7171
-74.7186
-74.7208
-74.7206
-74.7193
-74.7172
-74.7158
-74.7141
-74.7128
-74.7138
-74.7135
-74.7129
-74.7122
-74.7106
-74.7107
-74.7111
-74.711
-74.7124
-74.7138
-74.7141
-74.714
-74.7137
-74.7103
-74.7071
-74.7041
-74.7005
-74.6985
-74.6987
-74.6996
-74.701
-74.6988
-74.6963
-74.6966
-74.6985
-74.6996
-74.7004
-74.7005
-74.7004
-74.7019
-74.7018
-74.6978
-74.6946
-74.693
-74.6909
-74.6891
-74.6887
-74.6911
-74.6928
-74.6908
-74.6887
-74.6871
-74.6872
-74.6889
-74.6904
-74.6924
-74.6935
-74.6929
-74.6908
-74.6872
-74.6802
-74.6749
-74.6729
-74.6732
-74.6715
-74.6698
-74.6709
-74.6726
-74.6729
-74.6725
-74.6727
-74.6723
-74.6723
-74.6733
-74.6744
-74.6782
-74.6805
-74.6815
-74.6782
-74.6737
-74.669
-74.6656
-74.6631
-74.6605
-74.6586
-74.656
-74.6523
-74.653
-74.6548
-74.6555
-74.6581
-74.66
-74.6583
-74.6577
-74.6583
-74.6578
-74.6596
-74.6634
-74.6641
-74.6607
-74.6558
-74.6514
-74.6484
-74.6445
-74.6428
-74.64
-74.6341
-74.6286
-74.6253
-74.623
-74.6242
-74.626
-74.6298
-74.6347
-74.6374
-74.6394
-74.6414
-74.6423
-74.6427
-74.6419
-74.6424
-74.6417
-74.6418
-74.6396
-74.637
-74.6337
-74.6307
-74.6305
-74.6264
-74.6191
-74.6138
-74.6078
-74.6014
-74.5989
-74.5997
-74.5972
-74.5952
-74.5981
-74.603
-74.6064
-74.6087
-74.6121
-74.6184
-74.6226
-74.6217
-74.6167
-74.6139
-74.6119
-74.6088
-74.606
-74.6016
-74.6
-74.5995
-74.5983
-74.5958
-74.5914
-74.5849
-74.5771
-74.5709
-74.5649
-74.5601
-74.5606
-74.5621
-74.5601
-74.5585
-74.5601
-74.5631
-74.566
-74.5705
-74.5794
-74.5876
-74.5925
-74.5949
-74.5931
-74.5862
-74.5803
-74.5765
-74.571
-74.5667
-74.5688
-74.5716
-74.5717
-74.5732
-74.5702
-74.5617
-74.5518
-74.5459
-74.5415
-74.5365
-74.5328
-74.5281
-74.5232
-74.5183
-74.5106
-74.5085
-74.5112
-74.5167
-74.5198
-74.5226
-74.5236
-74.5226
-74.5272
-74.5349
-74.5376
-74.5412
-74.5428
-74.5398
-74.532
-74.5239
-74.5222
-74.523
-74.5218
-74.5208
-74.5151
-74.5102
-74.5151
-74.5184
-74.5159
-74.5095
-74.5005
-74.4883
-74.4763
-74.4701
-74.4668
-74.4618
-74.4533
-74.4463
-74.4474
-74.4488
-74.448
-74.4454
-74.443
-74.4408
-74.4445
-74.451
-74.4623
-74.465
-74.4639
-74.4582
-74.4604
-74.4683
-74.474
-74.4764
-74.4792
-74.477
-74.4734
-74.4665
-74.4565
-74.4477
-74.4488
-74.4561
-74.4596
-74.4574
-74.4515
-74.4484
-74.4437
-74.4403
-74.4367
-74.4336
-74.4318
-74.4294
-74.4241
-74.4168
-74.4064
-74.3943
-74.3836
-74.3755
-74.3667
-74.3625
-74.3645
-74.3652
-74.3639
-74.3642
-74.3649
-74.368
-74.3696
-74.3695
-74.3688
-74.3645
-74.3606
-74.3584
-74.3552
-74.3462
-74.3371
-74.3316
-74.3319
-74.3412
-74.3514
-74.3535
-74.3569
-74.3634
-74.3697
-74.3754
-74.3753
-74.3707
-74.3648
-74.3577
-74.3516
-74.3443
-74.3406
-74.3361
-74.3351
-74.3403
-74.3463
-74.3441
-74.3336
-74.3192
-74.3073
-74.301
-74.2953
-74.2866
-74.2784
-74.2705
-74.2684
-74.2704
-74.2674
-74.2601
-74.2545
-74.2511
-74.2486
-74.243
-74.2356
-74.2284
-74.2278
-74.2335
-74.2374
-74.2406
-74.2491
-74.2514
-74.248
-74.2448
-74.2403
-74.2306
-74.2182
-74.2057
-74.1966
-74.1885
-74.1777
-74.1648
-74.1531
-74.1423
-74.1324
-74.1189
-74.1047
-74.0909
-74.0839
-74.0804
-74.0775
-74.074
-74.0725
-74.0778
-74.0894
-74.1054
-74.121
-74.1327
-74.1437
-74.1522
-74.1566
-74.1628
-74.1732
-74.1829
-74.1845
-74.1783
-74.1724
-74.1729
-74.1778
-74.1754
-74.1644
-74.1534
-74.1527
-74.1564
-74.1626
-74.1648
-74.1622
-74.1614
-74.1665
-74.1678
-74.16
-74.1448
-74.1244
-74.103
-74.0832
-74.0663
-74.0528
-74.0388
-74.0235
-74.0052
-73.9946
-73.984
-73.9687
-73.9534
-73.9391
-73.9213
-73.9067
-73.9082
-73.9111
-73.9179
-73.9248
-73.9226
-73.9116
-73.8955
-73.8837
-73.8774
-73.8781
-73.8763
-73.8856
-73.9024
-73.9132
-73.9222
-73.9325
-73.9405
-73.9558
-73.9692
-73.9742
-73.9803
-73.9819
-73.9775
-73.971
-73.9628
-73.9534
-73.9431
-73.9305
-73.913
-73.8912
-73.8687
-73.8525
-73.8412
-73.8343
-73.8259
-73.8157
-73.8018
-73.7913
-73.7812
-73.766
-73.7463
-73.7284
-73.7142
-73.7078
-73.7106
-73.7091
-73.6994
-73.6835
-73.6688
-73.6527
-73.6334
-73.6217
-73.6125
-73.5985
-73.5795
-73.5601
-73.5436
-73.5247
-73.5037
-73.4871
-73.4694
-73.4482
-73.4241
-73.3981
-73.3867
-73.3884
-73.3851
-73.378
-73.3724
-73.3695
-73.3628
-73.35
-73.3323
-73.3111
-73.2935
-73.2795
-73.2627
-73.2456
-73.2337
-73.2196
-73.2058
-73.1968
-73.2062
-73.2301
-73.2585
-73.275
-73.2785
-73.2732
-73.2695
-73.2637
-73.2555
-73.2533
-73.2554
-73.26
-73.2603
-73.2531
-73.2402
-73.2312
-73.2306
-73.2288
-73.2259
-73.2237
-73.2159
-73.2026
-73.1903
-73.1834
-73.1819
-73.1769
-73.166
-73.152
-73.1438
-73.136
-73.133
-73.127
-73.1154
-73.0993
-73.0799
-73.0582
-73.0349
-73.0106
-72.9854
-72.9635
-72.9507
-72.9372
-72.9204
-72.9008
-72.8791
-72.856
-72.8319
-72.8073
-72.7877
-72.7775
-72.7661
-72.7511
-72.7331
-72.713
-72.6915
-72.669
-72.6459
-72.6283
-72.6207
-72.6118
-72.5991
-72.5832
-72.565
-72.5453
-72.5247
-72.5033
-72.4815
-72.4594
-72.4372
-72.4149
-72.3926
-72.3703
-72.3481
-72.326
-72.3041
-72.2823
-72.2606
-72.2391
-72.2179
-72.1968
-72.1759
-72.1552
-72.1347
-72.1144
-72.0944
-72.0745
-72.0549
-72.0355
-72.0163
-71.9973
-71.9785
-71.96
-71.9416
-71.9255
-71.9261
-71.9302
-71.9297
-71.9246
-71.9161
-71.9053
-71.8929
-71.8795
-71.8654
-71.8508
-71.8358
-71.8207
-71.8055
-71.7902
-71.7749
-71.7596
-71.7444
-71.7292
-71.7142
-71.6993
-71.6844
-71.6698
-71.6552
-71.6408
-71.6265
-71.6124
-71.5984
-71.5846
-71.5709
-71.5574
-71.544
-71.5308
-71.5178
-71.5049
-71.4921
-71.4795
-71.4671
-71.4548
-71.4426
-71.4306
-71.4188
-71.4071
-71.3955
-71.3841
-71.3728
-71.3616
-71.3506
-71.3398
-71.3291
-71.3185
-71.308
-71.2977
-71.2875
-71.2775
-71.2675
-71.2578
-71.2481
-71.2385
-71.2291
-71.2198
-71.2106
-71.2016
-71.1926
-71.1838
-71.1751
-71.1665
-71.158
-71.1496
-71.1414
-71.1332
-71.1252
-71.1172
-71.1094
-71.1016
-71.094
-71.0865
-71.079
-71.0717
-71.0645
-71.0573
-71.0503
-71.0433
-71.0365
-71.0297
-71.023
-71.0165
-71.01
-71.0036
-70.9972
-70.991
-70.9849
-70.9788
-70.9728
-70.9669
-70.9611
-70.9554
-70.9497
-70.9441
-70.9386
-70.9332
-70.9278
-70.9226
-70.9174
-70.9122
-70.9072
-70.9022
-70.8973
-70.8924
-70.8877
-70.883
-70.8783
-70.8737
-70.8692
-70.8648
-70.8604
-70.8561
-70.8518
-70.8476
-70.8435
-70.8394
-70.8354
-70.8315
-70.8276
-70.8237
-70.82
-70.8162
-70.8126
-70.8089
-70.8054
-70.8019
-70.7984
-70.795
-70.7917
-70.7884
-70.7851
-70.7819
-70.7788
-70.7757
-70.7726
-70.7696
-70.7666
-70.7637
-70.7608
-70.758
-70.7552
-70.7525
-70.7498
-70.7471
-70.7445
-70.7419
-70.7394
-70.7369
-70.7345
-70.7321
-70.7297
-70.7274
-70.7251
-70.7228
-70.7206
-70.7184
-70.7163
-70.7141
-70.7121
-70.71
-70.708
-70.706
-70.7041
-70.7022
-70.7003
-70.6985
-70.6967
-70.6949
-70.6931
-70.6914
-70.6897
-70.6881
-70.6864
-70.6848
-70.6832
-70.6817
-70.6802
-70.6787
-70.6772
-70.6758
-70.6744
-70.673
-70.6716
-70.6703
-70.669
-70.6677
-70.6664
-70.6652
-70.664
-70.6628
-70.6616
-70.6605
-70.6594
-70.6583
-70.6572
-70.6561
-70.6551
-70.6541
-70.6531
-70.6521
-70.6511
-70.6502
-70.6493
-70.6484
-70.6475
-70.6467
-70.6458
-70.645
-70.6442
-70.6434
-70.6426
-70.6419
-70.6411
-70.6404
-70.6397
-70.639
-70.6383
-70.6377
-70.637
-70.6364
-70.6358
-70.6352
-70.6346
-70.634
-70.6335
-70.6329
-70.6324
-70.6319
-70.6314
-70.6309
-70.6304
-70.63
-70.6295
-70.6291
-70.6286
-70.6282
-70.6278
-70.6274
-70.6271
-70.6267
-70.6263
-70.626
-70.6256
-70.6253
-70.625
-70.6247
-70.6244
-70.6241
-70.6238
-70.6236
-70.6233
-70.6231
-70.6228
-70.6226
-70.6224
-70.6222
-70.622
-70.6218
-70.6216
-70.6214
-70.6212
-70.621
-70.6209
-70.6207
-70.6206
-70.6205
-70.6203
-70.6202
-70.6201
-70.62
-70.6199
-70.6198
-70.6197
-70.6196
-70.6196
-70.6195
-70.6194
-70.6194
-70.6193
-70.6193
-70.6192
-70.6192
-70.6192
-70.6191
-70.6191
-70.6191
-70.6191
-70.6191
-70.6191
-70.6191
-70.6191
-70.6191
-70.6191
-70.6192
-70.6192
-70.6192
-70.6193
-70.6193
-70.6193
-70.6194
-70.6194
-70.6195
-70.6196
-70.6196
-70.6197
-70.6198
-70.6198
-70.6199
-70.62
-70.6201
-70.6202
-70.6202
-70.6203
-70.6204
-70.6205
-70.6206
-70.6207
-70.6208
-70.6209
-70.621
-70.6212
-70.6213
-70.6214
-70.6215
-70.6216
-70.6218
-70.6219
-70.622
-70.6221
-70.6223
-70.6224
-70.6225
-70.6227
-70.6228
-70.623
-70.6231
-70.6232
-70.6234
-70.6235
-70.6237
-70.6238
-70.624
-70.6241
-70.6243
-70.6244
-70.6246
-70.6248
-70.6249
-70.6251
-70.6252
-70.6254
-70.6256
-70.6257
-70.6259
-70.626
-70.6262
-70.6264
-70.6265
-70.6267
-70.6269
-70.6271
-70.6272
-70.6274
-70.6276
-70.6277
-70.6279
-70.6281
-70.6283
-70.6284
-70.6286
-70.6288
-70.629
-70.6291
-70.6293
-70.6295
-70.6297
-70.6298
-70.63
-70.6302
-70.6304
-70.6305
-70.6307
-70.6309
-70.6311
-70.6313
-70.6314
-70.6316
-70.6318
-70.632
-70.6321
-70.6323
-70.6325
-70.6327
-70.6329
-70.633
-70.6332
-70.6334
-70.6336
-70.6337
-70.6339
-70.6341
-70.6343
-70.6345
-70.6346
-70.6348
-70.635
-70.6352
-70.6353
-70.6355
-70.6357
-70.6359
-70.636
-70.6362
-70.6364
-70.6365
-70.6367
-70.6369
-70.6371
-70.6372
-70.6374
-70.6376
-70.6377
-70.6379
-70.6381
-70.6382
-70.6384
-70.6386
-70.6388
-70.6389
-70.6391
-70.6392
-70.6394
-70.6396
-70.6397
-70.6399
-70.6401
-70.6402
-70.6404
-70.6406
-70.6407
-70.6409
-70.641
-70.6412
-70.6413
-70.6415
-70.6417
-70.6418
-70.642
-70.6421
-70.6423
-70.6424
-70.6426
-70.6427
-70.6429
-70.643
-70.6432
-70.6433
-70.6435

