-70
-70.1661
-70.23
-70.2566
-70.2695
-70.2773
-70.283
-70.2879
-70.2925
-70.297
-70.3014
-70.3057
-70.31
-70.3142
-70.3185
-70.3226
-70.3268
-70.3309
-70.335
-70.3391
-70.3431
-70.3471
-70.351
-70.3549
-70.3588
-70.3626
-70.3664
-70.3701
-70.3738
-70.3775
-70.3811
-70.3847
-70.3883
-70.3918
-70.3953
-70.3987
-70.4021
-70.4055
-70.4088
-70.4121
-70.4154
-70.4186
-70.4218
-70.4249
-70.428
-70.4311
-70.4341
-70.4372
-70.4401
-70.4431
-70.446
-70.4489
-70.4517
-70.4545
-70.4573
-70.4601
-70.4628
-70.4655
-70.4682
-70.4708
-70.4734
-70.476
-70.4785
-70.481
-70.4835
-70.486
-70.4884
-70.4908
-70.4932
-70.4955
-70.4978
-70.5001
-70.5024
-70.5046
-70.5068
-70.509
-70.5112
-70.5133
-70.5154
-70.5175
-70.5196
-70.5216
-70.5236
-70.5256
-70.5276
-70.5295
-70.5315
-70.5334
-70.5352
-70.5371
-70.5389
-70.5407
-70.5425
-70.5443
-70.5461
-70.5478
-70.5495
-70.5512
-70.5528
-70.5545
-70.5561
-70.5577
-70.5593
-70.5609
-70.5624
-70.5639
-70.5655
-70.5669
-70.5684
-70.5699
-70.5713
-70.5727
-70.5741
-70.5755
-70.5769
-70.5782
-70.5796
-70.5809
-70.5822
-70.5835
-70.5848
-70.586
-70.5873
-70.5885
-70.5897
-70.5909
-70.5921
-70.5932
-70.5944
-70.5955
-70.5966
-70.5977
-70.5988
-70.5999
-70.601
-70.602
-70.603
-70.6041
-70.6051
-70.6061
-70.6071
-70.608
-70.609
-70.6099
-70.6109
-70.6118
-70.6127
-70.6136
-70.6145
-70.6154
-70.6162
-70.6171
-70.6179
-70.6187
-70.6196
-70.6204
-70.6212
-70.622
-70.6227
-70.6235
-70.6242
-70.625
-70.6257
-70.6265
-70.6272
-70.6279
-70.6286
-70.6293
-70.6299
-70.6306
-70.6313
-70.6319
-70.6325
-70.6332
-70.6338
-70.6344
-70.635
-70.6356
-70.6362
-70.6368
-70.6374
-70.6379
-70.6385
-70.639
-70.6396
-70.6401
-70.6406
-70.6411
-70.6417
-70.6422
-70.6427
-70.6431
-70.6436
-70.6441
-70.6446
-70.645
-70.6455
-70.6459
-70.6464
-70.6468
-70.6472
-70.6476
-70.6481
-70.6485
-70.6489
-70.6493
-70.6497
-70.65
-70.6504
-70.6508
-70.6512
-70.6515
-70.6519
-70.6522
-70.6526
-70.6529
-70.6533
-70.6536
-70.6539
-70.6542
-70.6545
-70.6549
-70.6552
-70.6555
-70.6558
-70.656
-70.6563
-70.6566
-70.6569
-70.6572
-70.6574
-70.6577
-70.658
-70.6582
-70.6585
-70.6587
-70.6589
-70.6592
-70.6594
-70.6597
-70.6599
-70.6601
-70.6603
-70.6605
-70.6607
-70.661
-70.6612
-70.6614
-70.6616
-70.6617
-70.6619
-70.6621
-70.6623
-70.6625
-70.6627
-70.6628
-70.663
-70.6632
-70.6633
-70.6635
-70.6637
-70.6638
-70.664
-70.6641
-70.6643
-70.6644
-70.6646
-70.6647
-70.6648
-70.665
-70.6651
-70.6652
-70.6653
-70.6655
-70.6656
-70.6657
-70.6658
-70.6659
-70.666
-70.6662
-70.6663
-70.6664
-70.6665
-70.6666
-70.6667
-70.6668
-70.6669
-70.667
-70.667
-70.6671
-70.6672
-70.6673
-70.6674
-70.6675
-70.6675
-70.6676
-70.6677
-70.6678
-70.6678
-70.6679
-70.668
-70.668
-70.6681
-70.6682
-70.6682
-70.6683
-70.6683
-70.6684
-70.6685
-70.6685
-70.6686
-70.6686
-70.6687
-70.6687
-70.6688
-70.6688
-70.6688
-70.6689
-70.6689
-70.669
-70.669
-70.669
-70.6691
-70.6691
-70.6691
-70.6692
-70.6692
-70.6692
-70.6693
-70.6693
-70.6693
-70.6694
-70.6694
-70.6694
-70.6694
-70.6694
-70.6695
-70.6695
-70.6695
-70.6695
-70.6695
-70.6696
-70.6696
-70.6696
-70.6696
-70.6696
-70.6696
-70.6696
-70.6697
-70.6697
-70.6697
-70.6697
-70.6697
-70.6697
-70.6697
-70.6697
-70.6697
-70.6697
-70.6697
-70.6697
-70.6697
-70.6697
-70.6697
-70.6697
-70.6697
-70.6697
-70.6697
-70.6697
-70.6697
-70.6697
-70.6697
-70.6697
-70.6697
-70.6697
-70.6697
-70.6697
-70.6697
-70.6697
-70.6697
-70.6697
-70.6697
-70.6697
-70.6697
-70.6696
-70.6696
-70.6696
-70.6696
-70.6696
-70.6696
-70.6696
-70.6696
-70.6696
-70.6695
-70.6695
-70.6695
-70.6695
-70.6695
-70.6695
-70.6695
-70.6695
-70.6694
-70.6694
-70.6694
-70.6694
-70.6694
-70.6694
-70.6693
-70.6693
-70.6693
-70.6693
-70.6693
-70.6693
-70.6693
-70.6692
-70.6692
-70.6692
-70.6692
-70.6692
-70.6691
-70.6691
-70.6691
-70.6691
-70.6691
-70.6691
-70.669
-70.669
-70.669
-70.669
-70.669
-70.6689
-70.6689
-70.6689
-70.6689
-70.6689
-70.6688
-70.6688
-70.6688
-70.6688
-70.6688
-70.6687
-70.6687
-70.6687
-70.6687
-70.6686
-70.6686
-70.6686
-70.6686
-70.6686
-70.6685
-70.6685
-70.6685
-70.6685
-70.6685
-70.6684
-70.6684
-70.6684
-70.6684
-70.6684
-70.6683
-70.6683
-70.6683
-70.6683
-70.6682
-70.6682
-70.6682
-70.6682
-70.6682
-70.6681
-70.6681
-70.6681
-70.6681
-70.6681
-70.671
-70.8943
-71.6235
-72.5645
-67.8899
-54.6751
-51.3277
-49.4564
-47.1784
-39.0584
-1.96009
-33.2915
-65.4305
-68.7225
-67.7463
-66.6784
-65.5875
-64.4923
-63.4104
-62.3589
-61.3527
-60.4048
-59.5249
-58.6996
-57.9437
-57.2582
-56.6581
-56.1338
-55.6806
-55.2907
-54.9569
-54.6714
-54.4304
-54.2305
-54.0655
-53.9296
-53.8176
-53.7267
-53.6518
-53.5918
-53.5439
-53.5066
-53.4776
-53.4546
-53.437
-53.4224
-53.4109
-53.402
-53.3956
-53.3913
-53.3887
-53.3865
-53.3852
-53.3847
-53.3834
-53.3825
-53.382
-53.382
-53.3827
-53.3839
-53.3855
-53.3867
-53.3874
-53.3884
-53.3898
-53.3903
-53.3897
-53.3897
-53.3897
-53.3898
-53.3905
-53.3916
-53.3929
-53.3943
-53.3958
-53.3973
-53.3977
-53.3974
-53.3973
-53.3976
-53.3981
-53.3985
-53.3973
-53.3956
-53.3934
-53.3917
-53.3899
-53.3872
-53.3826
-53.3666
-53.25
-53.2109
-53.2369
-53.2691
-53.2947
-53.3127
-53.3248
-53.333
-53.3389
-53.3492
-53.3641
-53.3737
-53.3799
-53.3848
-53.3899
-53.396
-53.4034
-53.4122
-53.4223
-53.4277
-53.4288
-53.4311
-53.4298
-53.428
-53.4285
-53.431
-53.4325
-53.43
-53.4296
-53.4312
-53.4343
-53.4385
-53.4436
-53.4495
-53.4561
-53.4635
-53.4716
-53.4806
-53.4904
-53.5012
-53.5129
-53.524
-53.4938
-53.4719
-53.4638
-53.4634
-53.4673
-53.4736
-53.4815
-53.4907
-53.501
-53.5123
-53.5247
-53.5381
-53.5527
-53.5604
-53.5044
-53.4722
-53.461
-53.458
-53.4421
-53.4335
-53.4321
-53.4346
-53.4391
-53.4425
-53.4353
-53.4313
-53.4311
-53.4333
-53.437
-53.4415
-53.4466
-53.4523
-53.4585
-53.4652
-53.4724
-53.4802
-53.4886
-53.4978
-53.5031
-53.4708
-53.4511
-53.444
-53.4434
-53.4462
-53.4507
-53.4564
-53.463
-53.4702
-53.4781
-53.4866
-53.4959
-53.5059
-53.5168
-53.5285
-53.5412
-53.5551
-53.5701
-53.5313
-53.4655
-53.4399
-53.4331
-53.4342
-53.4379
-53.4265
-53.4192
-53.4177
-53.4194
-53.4227
-53.4268
-53.4314
-53.4359
-53.4283
-53.4225
-53.4208
-53.4215
-53.4237
-53.4266
-53.4301
-53.434
-53.4383
-53.4429
-53.4479
-53.4533
-53.4592
-53.4603
-53.4397
-53.4283
-53.424
-53.4236
-53.4249
-53.4272
-53.43
-53.4331
-53.4364
-53.4397
-53.4429
-53.446
-53.4488
-53.4513
-53.4532
-53.4543
-53.454
-53.4518
-53.4465
-53.4364
-53.4179
-53.383
-53.3059
-53.0115
-51.159
-50.7483
-52.3524
-53.0568
-53.3038
-53.3825
-53.4025
-53.4024
-53.3962
-53.3895
-53.4139
-53.4291
-53.4325
-53.4321
-53.4318
-53.4336
-53.4378
-53.4444
-53.4532
-53.4641
-53.477
-53.4909
-53.4756
-53.4638
-53.4603
-53.4619
-53.4666
-53.4729
-53.4614
-53.4527
-53.4505
-53.4525
-53.457
-53.4633
-53.4708
-53.4795
-53.4892
-53.5
-53.5119
-53.5249
-53.5391
-53.5547
-53.5716
-53.5504
-53.498
-53.4747
-53.4683
-53.4701
-53.476
-53.4843
-53.4943
-53.5054
-53.5177
-53.5311
-53.5456
-53.5283
-53.4842
-53.4647
-53.4596
-53.4615
-53.467
-53.4747
-53.4841
-53.4961
-53.5112
-53.5283
-53.5465
-53.5655
-53.5845
-53.6041
-53.6247
-53.6474
-53.6769
-53.7177
-53.7647
-53.8147
-53.8661
-53.9186
-53.9716
-54.027
-54.0861
-54.1523
-54.2328
-54.3283
-54.434
-54.5473
-54.6667
-54.7906
-54.9197
-55.0561
-54.5113
-53.5864
-53.3466
-53.3102
-53.3323
-53.3694
-53.4086
-53.4464
-53.4819
-53.5153
-53.5473
-53.579
-53.6112
-53.6457
-53.6834
-53.7236
-53.766
-53.8105
-53.8575
-53.9068
-53.9588
-54.0147
-54.0761
-54.1446
-54.2252
-54.3159
-54.4149
-54.5203
-54.632
-54.7515
-54.8771
-55.0101
-55.1536
-55.3106
-55.4845
-55.6873
-55.9106
-56.1512
-56.4052
-56.6696
-56.9472
-57.2353
-57.5336
-57.8463
-58.1776
-58.5327
-58.9328
-59.3629
-59.8102
-60.2736
-60.7373
-61.2081
-61.6823
-62.1555
-62.629
-63.1058
-63.5905
-64.0977
-64.6333
-65.1691
-65.6976
-66.214
-66.707
-67.1824
-67.637
-68.0699
-68.4813
-68.8784
-69.2592
-69.6423
-70.0254
-70.3871
-70.7272
-71.0469
-71.34
-71.6081
-71.8556
-72.084
-72.2929
-72.4858
-72.6639
-72.8385
-73.0097
-73.1676
-73.3108
-73.4444
-73.5645
-73.6707
-73.7655
-73.852
-73.9304
-74.0003
-74.0621
-74.122
-74.1821
-74.2389
-74.2896
-74.3344
-74.3773
-74.4145
-74.4463
-74.4736
-74.4985
-74.5214
-74.5406
-74.5567
-74.5745
-74.5929
-74.61
-74.6257
-74.6388
-74.6505
-74.6622
-74.6709
-74.6784
-74.6837
-74.6888
-74.6925
-74.6955
-74.7006
-74.7057
-74.71
-74.7153
-74.7201
-74.7225
-74.7246
-74.7283
-74.7305
-74.731
-74.7312
-74.7288
-74.7271
-74.728
-74.7311
-74.7328
-74.7329
-74.7336
-74.7359
-74.736
-74.736
-74.7364
-74.7378
-74.7374
-74.7356
-74.733
-74.7282
-74.7262
-74.7286
-74.7309
-74.732
-74.7307
-74.7293
-74.7304
-74.7308
-74.7309
-74.731
-74.7309
-74.7304
-74.7278
-74.7235
-74.7194
-74.7173
-74.7182
-74.7205
-74.7216
-74.7205
-74.7191
-74.7187
-74.7202
-74.7201
-74.7209
-74.7205
-74.7189
-74.7174
-74.7148
-74.7103
-74.7065
-74.7065
-74.7078
-74.7078
-74.7069
-74.7056
-74.7047
-74.7046
-74.7073
-74.7091
-74.7092
-74.7082
-74.7059
-74.704
-74.7018
-74.6989
-74.6961
-74.6944
-74.6939
-74.6945
-74.6941
-74.6919
-74.6892
-74.688
-74.6878
-74.69
-74.6946
-74.6972
-74.6964
-74.6926
-74.6875
-74.6849
-74.6835
-74.6836
-74.6826
-74.6817
-74.6807
-74.6785
-74.6767
-74.6756
-74.6741
-74.6722
-74.6701
-74.6706
-74.674
-74.6781
-74.68
-74.6786
-74.675
-74.6708
-74.6662
-74.6647
-74.6664
-74.6664
-74.666
-74.6647
-74.6629
-74.6605
-74.6576
-74.6555
-74.6553
-74.6549
-74.6536
-74.6537
-74.6535
-74.653
-74.6545
-74.6549
-74.655
-74.6539
-74.6513
-74.6487
-74.6467
-74.6453
-74.6451
-74.6444
-74.6431
-74.6443
-74.6444
-74.6391
-74.6333
-74.6333
-74.635
-74.6358
-74.6346
-74.6315
-74.6279
-74.6232
-74.6234
-74.6264
-74.6297
-74.6302
-74.6302
-74.6292
-74.6239
-74.6221
-74.6226
-74.6231
-74.6208
-74.6176
-74.6189
-74.6202
-74.6172
-74.6142
-74.6113
-74.6109
-74.6098
-74.6074
-74.6041
-74.6013
-74.5964
-74.59
-74.5899
-74.5942
-74.5983
-74.6013
-74.6023
-74.6002
-74.5976
-74.5953
-74.5953
-74.5972
-74.5975
-74.5945
-74.5929
-74.5913
-74.5889
-74.5862
-74.5871
-74.5892
-74.5876
-74.5796
-74.5726
-74.5691
-74.5636
-74.559
-74.557
-74.5535
-74.5524
-74.5561
-74.5626
-74.5675
-74.5672
-74.5639
-74.5618
-74.5639
-74.563
-74.559
-74.5552
-74.5557
-74.5583
-74.5619
-74.5646
-74.5629
-74.5568
-74.5513
-74.5521
-74.5541
-74.5518
-74.5449
-74.5347
-74.5257
-74.516
-74.5074
-74.5002
-74.4964
-74.4988
-74.5048
-74.5118
-74.5192
-74.5255
-74.5284
-74.5272
-74.5255
-74.5246
-74.5197
-74.5135
-74.5095
-74.5083
-74.5042
-74.4993
-74.4985
-74.5074
-74.5161
-74.5205
-74.5231
-74.522
-74.5169
-74.5108
-74.5056
-74.5014
-74.4964
-74.486
-74.4717
-74.4574
-74.4432
-74.4289
-74.4214
-74.4205
-74.4221
-74.4312
-74.4435
-74.4519
-74.4602
-74.4711
-74.4763
-74.4782
-74.4789
-74.4766
-74.4711
-74.4654
-74.4588
-74.449
-74.4387
-74.4285
-74.4215
-74.418
-74.4234
-74.435
-74.4493
-74.4584
-74.46
-74.4571
-74.4555
-74.4513
-74.4449
-74.4366
-74.4278
-74.4183
-74.4101
-74.3996
-74.3905
-74.3825
-74.3725
-74.3624
-74.3512
-74.3413
-74.3356
-74.3344
-74.335
-74.3422
-74.3533
-74.3601
-74.3654
-74.3662
-74.3739
-74.3833
-74.3931
-74.4
-74.4059
-74.4074
-74.402
-74.3933
-74.3797
-74.3648
-74.3501
-74.3359
-74.325
-74.3215
-74.3268
-74.3303
-74.3321
-74.3345
-74.3397
-74.3431
-74.3449
-74.3483
-74.3492
-74.3475
-74.3395
-74.3291
-74.3193
-74.3104
-74.3009
-74.2904
-74.2789
-74.2675
-74.2535
-74.245
-74.2462
-74.2481
-74.2496
-74.2488
-74.2522
-74.2564
-74.2612
-74.2606
-74.2533
-74.2438
-74.2336
-74.222
-74.2117
-74.2045
-74.2064
-74.2165
-74.2262
-74.2312
-74.2313
-74.2332
-74.2399
-74.24
-74.2374
-74.2343
-74.2346
-74.2392
-74.2405
-74.2399
-74.2389
-74.2402
-74.2382
-74.2298
-74.2178
-74.2066
-74.1946
-74.1876
-74.1798
-74.1688
-74.1606
-74.1569
-74.1515
-74.1431
-74.1425
-74.1452
-74.1522
-74.1576
-74.1566
-74.1487
-74.1352
-74.1196
-74.1026
-74.0962
-74.0953
-74.093
-74.0947
-74.0954
-74.0957
-74.0923
-74.0877
-74.0827
-74.0761
-74.067
-74.0595
-74.0542
-74.0529
-74.053
-74.0515
-74.0516
-74.05
-74.0486
-74.0508
-74.0524
-74.05
-74.0496
-74.0525
-74.0526
-74.048
-74.0425
-74.0436
-74.0474
-74.0515
-74.0531
-74.0504
-74.0421
-74.0326
-74.0244
-74.0207
-74.0252
-74.0277
-74.022
-74.0163
-74.0107
-74.0008
-73.9848
-73.9694
-73.9569
-73.9448
-73.9356
-73.9366
-73.947
-73.954
-73.9508
-73.9398
-73.9312
-73.9209
-73.905
-73.8864
-73.8778
-73.8796
-73.8787
-73.8745
-73.8719
-73.8684
-73.864
-73.8559
-73.8509
-73.8508
-73.851
-73.856
-73.8645
-73.8666
-73.8607
-73.8574
-73.8506
-73.8372
-73.8184
-73.7958
-73.7778
-73.7687
-73.7652
-73.7633
-73.7641
-73.7583
-73.748
-73.7377
-73.7384
-73.7449
-73.7468
-73.7468
-73.747
-73.7433
-73.7388
-73.7343
-73.7301
-73.7215
-73.7068
-73.6872
-73.6642
-73.6395
-73.6225
-73.6175
-73.6138
-73.6154
-73.6136
-73.6041
-73.5883
-73.5679
-73.5507
-73.545
-73.5488
-73.5501
-73.5434
-73.5296
-73.5108
-73.4885
-73.4639
-73.4397
-73.4254
-73.4171
-73.4077
-73.4108
-73.4189
-73.4193
-73.4111
-73.4002
-73.3915
-73.3828
-73.3763
-73.3779
-73.3971
-73.4143
-73.4235
-73.4286
-73.4271
-73.4326
-73.4406
-73.4457
-73.447
-73.4476
-73.4491
-73.4451
-73.4342
-73.4182
-73.3983
-73.3759
-73.3515
-73.3258
-73.299
-73.2714
-73.2436
-73.2276
-73.2228
-73.2227
-73.2206
-73.2138
-73.2184
-73.2231
-73.2198
-73.2137
-73.2098
-73.2068
-73.2051
-73.1979
-73.1849
-73.1677
-73.1475
-73.1251
-73.1013
-73.0764
-73.0507
-73.0244
-72.9977
-72.9708
-72.9436
-72.9164
-72.8891
-72.8618
-72.8346
-72.8074
-72.7804
-72.7535
-72.7268
-72.7002
-72.6739
-72.6477
-72.6218
-72.5961
-72.5706
-72.5454
-72.5204
-72.4956
-72.4711
-72.4469
-72.4229
-72.4001
-72.3914
-72.3871
-72.3794
-72.3677
-72.3531
-72.3364
-72.3184
-72.2997
-72.2924
-72.2921
-72.2885
-72.2803
-72.2686
-72.2544
-72.2386
-72.2216
-72.204
-72.1858
-72.1672
-72.1485
-72.1296
-72.1107
-72.0918
-72.0729
-72.0541
-72.0354
-72.0168
-71.9983
-71.98
-71.9618
-71.9438
-71.926
-71.9083
-71.8908
-71.8735
-71.8563
-71.8394
-71.8226
-71.806
-71.7896
-71.7734
-71.7573
-71.7415
-71.7258
-71.7103
-71.695
-71.6799
-71.6649
-71.6502
-71.6356
-71.6212
-71.6069
-71.5928
-71.5789
-71.5652
-71.5516
-71.5382
-71.525
-71.5119
-71.499
-71.4862
-71.4736
-71.4611
-71.4489
-71.4367
-71.4247
-71.4129
-71.4012
-71.3896
-71.3782
-71.367
-71.3559
-71.3449
-71.334
-71.3233
-71.3128
-71.3024
-71.2921
-71.2819
-71.2719
-71.262
-71.2522
-71.2426
-71.2331
-71.2237
-71.2144
-71.2053
-71.1962
-71.1873
-71.1785
-71.1699
-71.1613
-71.1528
-71.1445
-71.1362
-71.1281
-71.1201
-71.1122
-71.1044
-71.0967
-71.0891
-71.0816
-71.0742
-71.0669
-71.0597
-71.0525
-71.0455
-71.0386
-71.0318
-71.025
-71.0184
-71.0119
-71.0054
-70.999
-70.9927
-70.9865
-70.9804
-70.9744
-70.9684
-70.9626
-70.9568
-70.9511
-70.9454
-70.9399
-70.9344
-70.929
-70.9237
-70.9184
-70.9133
-70.9082
-70.9031
-70.8982
-70.8933
-70.8885
-70.8837
-70.879
-70.8744
-70.8699
-70.8654
-70.861
-70.8566
-70.8523
-70.8481
-70.8439
-70.8398
-70.8358
-70.8318
-70.8279
-70.824
-70.8202
-70.8164
-70.8127
-70.8091
-70.8055
-70.802
-70.7985
-70.7951
-70.7917
-70.7884
-70.7851
-70.7818
-70.7787
-70.7755
-70.7725
-70.7694
-70.7664
-70.7635
-70.7606
-70.7578
-70.755
-70.7522
-70.7495
-70.7468
-70.7442
-70.7416
-70.739
-70.7365
-70.7341
-70.7316
-70.7292
-70.7269
-70.7246
-70.7223
-70.7201
-70.7179
-70.7157
-70.7136
-70.7115
-70.7094
-70.7074
-70.7054
-70.7035
-70.7015
-70.6997
-70.6978
-70.696
-70.6942
-70.6924
-70.6907
-70.689
-70.6873
-70.6857
-70.6841
-70.6825
-70.6809
-70.6794
-70.6779
-70.6764
-70.675
-70.6736
-70.6722
-70.6708
-70.6695
-70.6682
-70.6669
-70.6656
-70.6643
-70.6631
-70.6619
-70.6608
-70.6596
-70.6585
-70.6574
-70.6563
-70.6552
-70.6542
-70.6532
-70.6522
-70.6512
-70.6502
-70.6493
-70.6484
-70.6475
-70.6466
-70.6457
-70.6449
-70.644
-70.6432
-70.6424
-70.6417
-70.6409
-70.6402
-70.6394
-70.6387
-70.638
-70.6374
-70.6367
-70.6361
-70.6354
-70.6348
-70.6342
-70.6336
-70.6331
-70.6325
-70.632
-70.6314
-70.6309
-70.6304
-70.6299
-70.6295
-70.629
-70.6285
-70.6281
-70.6277
-70.6273
-70.6269
-70.6265
-70.6261
-70.6257
-70.6254
-70.625
-70.6247
-70.6244
-70.624
-70.6237
-70.6234
-70.6232
-70.6229
-70.6226
-70.6224
-70.6221
-70.6219
-70.6216
-70.6214
-70.6212
-70.621
-70.6208
-70.6206
-70.6205
-70.6203
-70.6201
-70.62
-70.6198
-70.6197
-70.6195
-70.6194
-70.6193
-70.6192
-70.6191
-70.619
-70.6189
-70.6188
-70.6187
-70.6187
-70.6186
-70.6185
-70.6185
-70.6184
-70.6184
-70.6184
-70.6183
-70.6183
-70.6183
-70.6183
-70.6183
-70.6182
-70.6182
-70.6183
-70.6183
-70.6183
-70.6183
-70.6183
-70.6183
-70.6184
-70.6184
-70.6184
-70.6185
-70.6185
-70.6186
-70.6186
-70.6187
-70.6188
-70.6188
-70.6189
-70.619
-70.619
-70.6191
-70.6192
-70.6193
-70.6194
-70.6195
-70.6196
-70.6197
-70.6198
-70.6199
-70.62
-70.6201
-70.6202
-70.6203
-70.6204
-70.6205
-70.6207
-70.6208
-70.6209
-70.621
-70.6212
-70.6213
-70.6214
-70.6216
-70.6217
-70.6218
-70.622
-70.6221
-70.6223
-70.6224
-70.6226
-70.6227
-70.6229
-70.623
-70.6232
-70.6233
-70.6235
-70.6236
-70.6238
-70.624
-70.6241
-70.6243
-70.6244
-70.6246
-70.6248
-70.6249
-70.6251
-70.6253
-70.6254
-70.6256
-70.6258
-70.626
-70.6261
-70.6263
-70.6265
-70.6266
-70.6268
-70.627
-70.6272
-70.6273
-70.6275
-70.6277
-70.6279
-70.6281
-70.6282
-70.6284
-70.6286
-70.6288
-70.629
-70.6291
-70.6293
-70.6295
-70.6297
-70.6299
-70.63
-70.6302
-70.6304
-70.6306
-70.6308
-70.6309
-70.6311
-70.6313
-70.6315
-70.6317
-70.6318
-70.632
-70.6322
-70.6324
-70.6326
-70.6328
-70.6329
-70.6331
-70.6333
-70.6335
-70.6337
-70.6338
-70.634
-70.6342
-70.6344
-70.6346
-70.6347
-70.6349
-70.6351
-70.6353
-70.6354
-70.6356
-70.6358
-70.636
-70.6361
-70.6363
-70.6365
-70.6367
-70.6368
-70.637
-70.6372
-70.6374
-70.6375
-70.6377
-70.6379
-70.638
-70.6382
-70.6384
-70.6386
-70.6387
-70.6389
-70.6391
-70.6392
-70.6394
-70.6396
-70.6397
-70.6399
-70.6401
-70.6402
-70.6404
-70.6405
-70.6407
-70.6409
-70.641
-70.6412
-70.6413
-70.6415
-70.6417
-70.6418
-70.642
-70.6421
-70.6423
-70.6424
-70.6426
-70.6427
-70.6429
-70.643
-70.6432
-70.6434
-70.6435
-70.6437
-70.6438
-70.6439
-70.6441
-70.6442
-70.6444
-70.6445
-70.6447

