-70
-70.2123
-70.2926
-70.3252
-70.3404
-70.3491
-70.3555
-70.3609
-70.3659
-70.3708
-70.3757
-70.3805
-70.3853
-70.39
-70.3948
-70.3995
-70.4042
-70.4088
-70.4134
-70.4179
-70.4224
-70.4269
-70.4313
-70.4357
-70.44
-70.4443
-70.4485
-70.4527
-70.4569
-70.461
-70.465
-70.469
-70.473
-70.4769
-70.4808
-70.4846
-70.4884
-70.4921
-70.4958
-70.4995
-70.5031
-70.5067
-70.5102
-70.5137
-70.5172
-70.5206
-70.524
-70.5273
-70.5306
-70.5339
-70.5371
-70.5403
-70.5434
-70.5465
-70.5496
-70.5526
-70.5556
-70.5586
-70.5615
-70.5644
-70.5673
-70.5701
-70.5729
-70.5757
-70.5784
-70.5811
-70.5838
-70.5864
-70.589
-70.5916
-70.5941
-70.5966
-70.5991
-70.6016
-70.604
-70.6064
-70.6087
-70.6111
-70.6134
-70.6157
-70.6179
-70.6201
-70.6223
-70.6245
-70.6266
-70.6287
-70.6308
-70.6329
-70.6349
-70.6369
-70.6389
-70.6409
-70.6428
-70.6448
-70.6466
-70.6485
-70.6503
-70.6522
-70.654
-70.6557
-70.6575
-70.6592
-70.6609
-70.6626
-70.6643
-70.6659
-70.6675
-70.6691
-70.6707
-70.6723
-70.6738
-70.6754
-70.6769
-70.6783
-70.6798
-70.6812
-70.6827
-70.6841
-70.6855
-70.6868
-70.6882
-70.6895
-70.6908
-70.6921
-70.6934
-70.6947
-70.6959
-70.6972
-70.6984
-70.6996
-70.7008
-70.702
-70.7031
-70.7042
-70.7054
-70.7065
-70.7076
-70.7087
-70.7097
-70.7108
-70.7118
-70.7128
-70.7138
-70.7148
-70.7158
-70.7168
-70.7177
-70.7187
-70.7196
-70.7205
-70.7214
-70.7223
-70.7232
-70.7241
-70.7249
-70.7258
-70.7266
-70.7274
-70.7282
-70.729
-70.7298
-70.7306
-70.7314
-70.7321
-70.7329
-70.7336
-70.7343
-70.735
-70.7357
-70.7364
-70.7371
-70.7378
-70.7384
-70.7391
-70.7397
-70.7404
-70.741
-70.7416
-70.7422
-70.7428
-70.7434
-70.744
-70.7446
-70.7451
-70.7457
-70.7462
-70.7468
-70.7473
-70.7478
-70.7484
-70.7489
-70.7494
-70.7499
-70.7504
-70.7508
-70.7513
-70.7518
-70.7522
-70.7527
-70.7531
-70.7536
-70.754
-70.7544
-70.7549
-70.7553
-70.7557
-70.7561
-70.7565
-70.7569
-70.7573
-70.7576
-70.758
-70.7584
-70.7587
-70.7591
-70.7594
-70.7598
-70.7601
-70.7605
-70.7608
-70.7611
-70.7614
-70.7617
-70.7621
-70.7624
-70.7627
-70.763
-70.7632
-70.7635
-70.7638
-70.7641
-70.7644
-70.7646
-70.7649
-70.7651
-70.7654
-70.7656
-70.7659
-70.7661
-70.7664
-70.7666
-70.7668
-70.7671
-70.7673
-70.7675
-70.7677
-70.7679
-70.7681
-70.7684
-70.7686
-70.7688
-70.769
-70.7691
-70.7693
-70.7695
-70.7697
-70.7699
-70.7701
-70.7702
-70.7704
-70.7706
-70.7707
-70.7709
-70.7711
-70.7712
-70.7714
-70.7715
-70.7717
-70.7718
-70.772
-70.7721
-70.7722
-70.7724
-70.7725
-70.7726
-70.7728
-70.7729
-70.773
-70.7731
-70.7733
-70.7734
-70.7735
-70.7736
-70.7737
-70.7738
-70.7739
-70.774
-70.7741
-70.7742
-70.7743
-70.7744
-70.7745
-70.7746
-70.7747
-70.7748
-70.7749
-70.775
-70.7751
-70.7751
-70.7752
-70.7753
-70.7754
-70.7755
-70.7755
-70.7756
-70.7757
-70.7758
-70.7758
-70.7759
-70.776
-70.776
-70.7761
-70.7762
-70.7762
-70.7763
-70.7763
-70.7764
-70.7765
-70.7765
-70.7766
-70.7766
-70.7767
-70.7767
-70.7768
-70.7768
-70.7769
-70.7769
-70.777
-70.777
-70.7771
-70.7771
-70.7771
-70.7772
-70.7772
-70.7773
-70.7773
-70.7773
-70.7774
-70.7774
-70.7774
-70.7775
-70.7775
-70.7775
-70.7776
-70.7776
-70.7776
-70.7777
-70.7777
-70.7777
-70.7777
-70.7778
-70.7778
-70.7778
-70.7778
-70.7779
-70.7779
-70.7779
-70.7779
-70.778
-70.778
-70.778
-70.778
-70.778
-70.7781
-70.7781
-70.7781
-70.7781
-70.7781
-70.7781
-70.7782
-70.7782
-70.7782
-70.7782
-70.7782
-70.7782
-70.7782
-70.7783
-70.7783
-70.7783
-70.7783
-70.7783
-70.7783
-70.7783
-70.7783
-70.7783
-70.7783
-70.7784
-70.7784
-70.7784
-70.7784
-70.7784
-70.7784
-70.7784
-70.7784
-70.7784
-70.7784
-70.7784
-70.7784
-70.7784
-70.7784
-70.7784
-70.7784
-70.7784
-70.7784
-70.7784
-70.7785
-70.7785
-70.7785
-70.7785
-70.7785
-70.7785
-70.7785
-70.7785
-70.7785
-70.7785
-70.7785
-70.7785
-70.7785
-70.7785
-70.7785
-70.7785
-70.7785
-70.7785
-70.7785
-70.7785
-70.7785
-70.7785
-70.7785
-70.7785
-70.7785
-70.7785
-70.7785
-70.7785
-70.7785
-70.7785
-70.7785
-70.7784
-70.7784
-70.7784
-70.7784
-70.7784
-70.7784
-70.7784
-70.7784
-70.7784
-70.7784
-70.7784
-70.7784
-70.7784
-70.7784
-70.7784
-70.7784
-70.7784
-70.7784
-70.7784
-70.7784
-70.7784
-70.7784
-70.7784
-70.7784
-70.7784
-70.7784
-70.7784
-70.7784
-70.7784
-70.7783
-70.7783
-70.7783
-70.7783
-70.7783
-70.7783
-70.7783
-70.779
-70.9469
-71.6346
-72.5446
-73.3142
-73.8239
-74.0904
-68.6451
-54.8805
-51.2881
-48.8334
-42.0453
-8.66611
-46.7424
-70.6224
-69.7042
-68.4597
-67.1415
-65.7837
-64.4227
-63.0951
-61.8362
-60.675
-59.63
-58.6966
-57.6571
-56.8594
-56.2364
-55.7389
-55.3436
-55.0338
-54.7767
-54.5519
-54.3901
-54.2769
-54.1981
-54.1439
-54.1063
-54.0607
-54.0275
-54.0087
-53.9996
-53.9965
-53.9975
-54.0011
-53.9942
-53.9833
-53.9793
-53.9801
-53.9838
-53.9889
-53.9949
-54.0016
-54.0068
-53.9956
-53.9883
-53.9868
-53.9887
-53.9924
-53.997
-54.0022
-54.0077
-54.0135
-54.0195
-54.0258
-54.013
-53.9992
-53.9939
-53.9935
-53.9955
-53.9986
-54.0023
-54.0063
-54.0105
-54.0148
-54.0193
-54.0236
-54.0273
-54.0305
-54.0333
-54.0354
-54.0321
-53.9997
-53.9825
-53.9751
-53.9705
-53.9647
-53.9529
-53.9145
-53.5479
-53.336
-53.4448
-53.5694
-53.6571
-53.7115
-53.7435
-53.7617
-53.772
-53.7789
-53.7852
-53.793
-53.8042
-53.8203
-53.8434
-53.8761
-53.9209
-53.9799
-54.0524
-54.0762
-54.0506
-54.0398
-54.0377
-54.0408
-54.0476
-54.0569
-54.0684
-54.0817
-54.097
-54.1143
-54.1336
-54.1553
-54.1792
-54.2057
-54.2347
-54.2664
-54.3012
-54.3393
-54.3811
-54.4267
-54.4764
-54.5306
-54.5895
-54.6536
-54.7231
-54.7985
-54.8805
-54.9696
-55.0664
-55.1711
-55.2842
-55.406
-55.5363
-55.676
-55.8257
-54.91
-53.979
-53.7891
-53.7967
-53.8495
-53.9056
-53.955
-53.997
-54.0329
-54.0646
-54.0931
-54.1195
-54.1446
-54.1692
-54.194
-54.2193
-54.2455
-54.2732
-54.3026
-54.3347
-54.3697
-54.4071
-54.4472
-54.4902
-54.5367
-54.5868
-54.6409
-54.6994
-54.7624
-54.8306
-54.9071
-54.9904
-55.0791
-55.1737
-55.2747
-55.3824
-55.4967
-55.6182
-55.7474
-55.8843
-56.0297
-56.1917
-56.3648
-55.2554
-53.8857
-53.6301
-53.6497
-53.7263
-53.8027
-53.8668
-53.9184
-53.9598
-53.9941
-54.0233
-54.0485
-54.071
-54.0919
-54.1119
-54.1316
-54.1516
-54.1722
-54.1937
-54.2164
-54.2408
-54.2686
-54.2986
-54.3301
-54.3637
-54.3997
-54.4384
-54.4801
-54.5252
-54.5738
-54.6261
-54.6825
-54.7445
-54.8169
-54.8944
-54.9754
-55.0609
-55.1516
-55.2478
-55.3499
-55.4576
-55.5713
-55.6912
-55.8173
-55.9503
-56.105
-56.271
-56.4384
-56.6071
-56.7784
-56.9531
-57.1316
-57.3144
-54.2984
-53.4993
-53.4299
-53.5264
-53.6411
-53.739
-53.8159
-53.8754
-53.9219
-53.9588
-53.9889
-54.0143
-54.0363
-54.056
-54.0733
-54.0895
-54.1052
-54.121
-54.139
-54.1575
-54.1757
-54.194
-54.2124
-54.2309
-54.2496
-54.2682
-54.2865
-54.3041
-54.3207
-54.341
-54.3611
-54.3764
-54.3851
-54.3853
-54.3737
-54.3453
-54.2912
-54.1937
-54.0146
-53.687
-53.735
-53.4018
-53.3214
-53.499
-53.6453
-53.7342
-53.7843
-53.8118
-53.8267
-53.835
-53.8404
-53.8454
-53.8514
-53.8605
-53.8755
-53.8954
-53.922
-53.9611
-54.0087
-54.0624
-54.1215
-54.1857
-54.2558
-54.3426
-54.453
-54.5736
-54.6983
-54.8278
-54.9699
-55.1132
-55.2582
-55.4092
-55.5752
-55.7777
-56.0315
-56.301
-56.5805
-56.8577
-57.1312
-57.4077
-57.6932
-57.992
-58.3112
-58.669
-59.0693
-59.4951
-59.9357
-60.376
-60.8169
-61.2624
-61.7134
-62.1729
-62.644
-63.1344
-63.6461
-64.1706
-64.6993
-65.2185
-65.7202
-66.2086
-66.684
-67.1444
-67.5913
-68.0323
-68.4722
-68.9082
-69.3346
-69.7419
-70.12
-70.4683
-70.7928
-71.0952
-71.3755
-71.6382
-71.8921
-72.1364
-72.3709
-72.5933
-72.7989
-72.9817
-73.1432
-73.2889
-73.4206
-73.5389
-73.6485
-73.754
-73.8536
-73.9494
-74.0398
-74.1221
-74.1933
-74.2528
-74.3042
-74.3494
-74.3883
-74.4245
-74.4615
-74.4966
-74.5312
-74.5653
-74.5972
-74.6242
-74.6442
-74.6589
-74.6703
-74.679
-74.6864
-74.6967
-74.7072
-74.7184
-74.7307
-74.7444
-74.7573
-74.7659
-74.7693
-74.7693
-74.768
-74.7661
-74.7659
-74.7678
-74.7708
-74.7751
-74.7796
-74.787
-74.7941
-74.7975
-74.7965
-74.792
-74.7862
-74.7811
-74.7786
-74.7774
-74.778
-74.7797
-74.7814
-74.7853
-74.7918
-74.7949
-74.795
-74.791
-74.7848
-74.7788
-74.7746
-74.7729
-74.7727
-74.7731
-74.7735
-74.7737
-74.7778
-74.7833
-74.7851
-74.7834
-74.7785
-74.7727
-74.766
-74.762
-74.7607
-74.7616
-74.7621
-74.7617
-74.7605
-74.7626
-74.7689
-74.7721
-74.7718
-74.7688
-74.764
-74.7583
-74.7525
-74.7497
-74.7505
-74.7519
-74.7519
-74.7502
-74.7492
-74.7509
-74.7557
-74.7579
-74.757
-74.7544
-74.7503
-74.7445
-74.7399
-74.738
-74.7378
-74.7383
-74.739
-74.7373
-74.7364
-74.737
-74.741
-74.7452
-74.7451
-74.7435
-74.7413
-74.7363
-74.7314
-74.7298
-74.7291
-74.7275
-74.7266
-74.7258
-74.7243
-74.7238
-74.7239
-74.7276
-74.73
-74.7303
-74.7287
-74.7259
-74.7223
-74.7187
-74.7173
-74.7176
-74.7157
-74.7132
-74.7119
-74.7095
-74.7081
-74.7109
-74.7137
-74.7165
-74.7176
-74.7181
-74.7171
-74.7129
-74.7089
-74.7072
-74.7066
-74.7059
-74.705
-74.702
-74.6993
-74.6968
-74.6949
-74.696
-74.6965
-74.6979
-74.7004
-74.7015
-74.7014
-74.6997
-74.6965
-74.6942
-74.6928
-74.6912
-74.6894
-74.6877
-74.6859
-74.6831
-74.6823
-74.6811
-74.6798
-74.681
-74.6815
-74.6847
-74.6874
-74.6872
-74.6858
-74.6838
-74.6837
-74.6842
-74.6823
-74.6785
-74.6758
-74.6724
-74.6692
-74.6671
-74.6672
-74.6665
-74.6653
-74.6628
-74.6618
-74.663
-74.6665
-74.6686
-74.6668
-74.6632
-74.6626
-74.6647
-74.6678
-74.667
-74.6624
-74.6587
-74.655
-74.6524
-74.6497
-74.6466
-74.6444
-74.6423
-74.6408
-74.6406
-74.6412
-74.6424
-74.6452
-74.6492
-74.65
-74.6478
-74.6461
-74.6473
-74.6495
-74.6491
-74.6474
-74.646
-74.644
-74.6416
-74.6373
-74.6304
-74.6255
-74.6238
-74.6207
-74.6177
-74.6157
-74.6169
-74.6173
-74.618
-74.6184
-74.6211
-74.6242
-74.6249
-74.6237
-74.6229
-74.6246
-74.624
-74.6213
-74.6203
-74.6206
-74.6203
-74.6176
-74.6122
-74.6053
-74.5978
-74.5926
-74.591
-74.59
-74.5889
-74.5875
-74.5852
-74.5824
-74.583
-74.5861
-74.5894
-74.5939
-74.5979
-74.5993
-74.5994
-74.5993
-74.5988
-74.5988
-74.598
-74.5974
-74.5957
-74.5961
-74.5929
-74.5871
-74.5804
-74.5724
-74.5671
-74.5633
-74.5608
-74.5594
-74.5557
-74.5532
-74.5506
-74.5435
-74.5392
-74.5454
-74.5541
-74.5625
-74.5678
-74.5702
-74.5708
-74.569
-74.5655
-74.5603
-74.5539
-74.5512
-74.5526
-74.5533
-74.5551
-74.5544
-74.5525
-74.5506
-74.5455
-74.5363
-74.5278
-74.5254
-74.5234
-74.5195
-74.5133
-74.5029
-74.4938
-74.4897
-74.4909
-74.4933
-74.4952
-74.5012
-74.51
-74.5183
-74.5254
-74.5332
-74.5382
-74.5363
-74.5287
-74.5169
-74.5057
-74.4948
-74.4859
-74.4845
-74.4865
-74.4925
-74.5005
-74.5049
-74.506
-74.5024
-74.4965
-74.4927
-74.4902
-74.4857
-74.4824
-74.4772
-74.4702
-74.4603
-74.4453
-74.4301
-74.4218
-74.4225
-74.4274
-74.4354
-74.445
-74.4548
-74.4606
-74.4674
-74.4718
-74.4769
-74.479
-74.4789
-74.4791
-74.4757
-74.4671
-74.4541
-74.4378
-74.4221
-74.4123
-74.4049
-74.4024
-74.4095
-74.422
-74.4307
-74.4361
-74.4343
-74.432
-74.4327
-74.4291
-74.4211
-74.4176
-74.4157
-74.4146
-74.4101
-74.4026
-74.3932
-74.3807
-74.3666
-74.3567
-74.3486
-74.3453
-74.3442
-74.3468
-74.3511
-74.3511
-74.3483
-74.3484
-74.353
-74.3609
-74.3691
-74.3787
-74.3851
-74.3862
-74.3813
-74.3774
-74.3705
-74.3616
-74.3488
-74.3364
-74.3259
-74.3174
-74.31
-74.3049
-74.3055
-74.305
-74.3034
-74.3095
-74.3167
-74.3236
-74.3328
-74.3361
-74.3345
-74.3332
-74.3275
-74.3165
-74.3074
-74.3041
-74.2962
-74.2861
-74.2798
-74.2786
-74.2793
-74.2784
-74.2759
-74.2729
-74.2636
-74.252
-74.2509
-74.2536
-74.2566
-74.2558
-74.2487
-74.236
-74.2232
-74.2105
-74.1997
-74.1949
-74.1975
-74.2025
-74.2037
-74.2036
-74.2037
-74.2003
-74.1995
-74.2036
-74.2121
-74.2179
-74.2163
-74.2063
-74.1925
-74.1812
-74.1684
-74.1538
-74.141
-74.1363
-74.1399
-74.141
-74.1377
-74.1373
-74.1369
-74.1336
-74.1327
-74.1477
-74.1631
-74.1738
-74.1782
-74.1818
-74.182
-74.1783
-74.1711
-74.1588
-74.1428
-74.1333
-74.1275
-74.1225
-74.1156
-74.1125
-74.1178
-74.1202
-74.1141
-74.1012
-74.0879
-74.083
-74.0821
-74.0909
-74.104
-74.1088
-74.1072
-74.1049
-74.1018
-74.0939
-74.0894
-74.0903
-74.0873
-74.0819
-74.0792
-74.0739
-74.0656
-74.0545
-74.0381
-74.0176
-74.0028
-73.9924
-73.9782
-73.9628
-73.9495
-73.9409
-73.9369
-73.9301
-73.9234
-73.9206
-73.9142
-73.9064
-73.9009
-73.894
-73.8823
-73.8699
-73.8555
-73.8568
-73.8699
-73.8757
-73.8723
-73.8735
-73.8771
-73.8789
-73.8766
-73.8671
-73.8579
-73.8564
-73.8539
-73.8545
-73.8558
-73.8553
-73.8476
-73.8332
-73.8162
-73.8101
-73.8138
-73.8218
-73.8247
-73.8281
-73.8345
-73.8428
-73.8525
-73.8582
-73.8576
-73.8529
-73.8478
-73.8434
-73.834
-73.8202
-73.8119
-73.8023
-73.788
-73.7773
-73.7803
-73.7828
-73.7825
-73.7805
-73.7792
-73.7791
-73.7766
-73.7721
-73.7616
-73.7453
-73.7247
-73.7011
-73.6754
-73.6544
-73.6429
-73.6394
-73.6384
-73.6309
-73.6227
-73.6122
-73.5966
-73.5778
-73.5708
-73.572
-73.5679
-73.5566
-73.5396
-73.5188
-73.5005
-73.4945
-73.4954
-73.4905
-73.4921
-73.509
-73.5227
-73.5255
-73.5254
-73.5291
-73.5368
-73.5371
-73.5292
-73.515
-73.5015
-73.4975
-73.5004
-73.514
-73.5239
-73.5293
-73.5374
-73.5398
-73.5337
-73.5209
-73.5035
-73.4828
-73.4613
-73.4488
-73.4427
-73.433
-73.4237
-73.4152
-73.4022
-73.3847
-73.3642
-73.349
-73.3355
-73.3187
-73.3071
-73.3072
-73.3037
-73.2936
-73.2851
-73.2867
-73.2864
-73.2834
-73.2816
-73.2747
-73.262
-73.2493
-73.2411
-73.2298
-73.2142
-73.1953
-73.1758
-73.1641
-73.1522
-73.1367
-73.1178
-73.0966
-73.0738
-73.0498
-73.025
-72.9997
-72.9741
-72.9482
-72.9222
-72.8961
-72.8701
-72.8472
-72.8357
-72.8246
-72.8102
-72.7927
-72.7731
-72.7521
-72.7301
-72.7076
-72.6846
-72.6614
-72.6382
-72.6148
-72.5916
-72.5683
-72.5478
-72.5409
-72.5356
-72.5265
-72.5136
-72.4982
-72.481
-72.4626
-72.4435
-72.4239
-72.4039
-72.3838
-72.3637
-72.3435
-72.3233
-72.3032
-72.2832
-72.2633
-72.2436
-72.224
-72.2045
-72.1853
-72.1662
-72.1474
-72.1287
-72.1102
-72.0919
-72.0738
-72.0559
-72.0383
-72.0208
-72.0035
-71.9864
-71.9695
-71.9528
-71.9364
-71.9201
-71.904
-71.8881
-71.8724
-71.8569
-71.8415
-71.8264
-71.8115
-71.7967
-71.7821
-71.7677
-71.7535
-71.7395
-71.7256
-71.7119
-71.6984
-71.685
-71.6719
-71.6589
-71.646
-71.6333
-71.6208
-71.6085
-71.5963
-71.5842
-71.5723
-71.5606
-71.549
-71.5376
-71.5263
-71.5151
-71.5041
-71.4933
-71.4826
-71.472
-71.4616
-71.4513
-71.4411
-71.4311
-71.4212
-71.4114
-71.4018
-71.3923
-71.3829
-71.3736
-71.3645
-71.3555
-71.3466
-71.3378
-71.3292
-71.3207
-71.3123
-71.304
-71.2958
-71.2877
-71.2798
-71.2719
-71.2642
-71.2565
-71.249
-71.2416
-71.2342
-71.227
-71.2199
-71.2129
-71.2059
-71.1991
-71.1924
-71.1857
-71.1792
-71.1727
-71.1663
-71.16
-71.1538
-71.1477
-71.1417
-71.1358
-71.1299
-71.1241
-71.1184
-71.1128
-71.1073
-71.1018
-71.0965
-71.0912
-71.0859
-71.0808
-71.0757
-71.0707
-71.0658
-71.0609
-71.0561
-71.0514
-71.0467
-71.0421
-71.0376
-71.0332
-71.0288
-71.0244
-71.0202
-71.016
-71.0118
-71.0077
-71.0037
-70.9998
-70.9959
-70.992
-70.9882
-70.9845
-70.9808
-70.9772
-70.9736
-70.9701
-70.9666
-70.9632
-70.9599
-70.9566
-70.9533
-70.9501
-70.9469
-70.9438
-70.9408
-70.9377
-70.9348
-70.9318
-70.9289
-70.9261
-70.9233
-70.9206
-70.9178
-70.9152
-70.9125
-70.91
-70.9074
-70.9049
-70.9024
-70.9
-70.8976
-70.8953
-70.8929
-70.8907
-70.8884
-70.8862
-70.884
-70.8819
-70.8798
-70.8777
-70.8757
-70.8737
-70.8717
-70.8698
-70.8679
-70.866
-70.8641
-70.8623
-70.8605
-70.8588
-70.857
-70.8553
-70.8536
-70.852
-70.8504
-70.8488
-70.8472
-70.8457
-70.8442
-70.8427
-70.8412
-70.8398
-70.8383
-70.837
-70.8356
-70.8342
-70.8329
-70.8316
-70.8303
-70.8291
-70.8278
-70.8266
-70.8254
-70.8243
-70.8231
-70.822
-70.8209
-70.8198
-70.8187
-70.8177
-70.8166
-70.8156
-70.8146
-70.8136
-70.8127
-70.8117
-70.8108
-70.8099
-70.809
-70.8081
-70.8072
-70.8064
-70.8056
-70.8047
-70.8039
-70.8032
-70.8024
-70.8016
-70.8009
-70.8002
-70.7994
-70.7987
-70.798
-70.7974
-70.7967
-70.7961
-70.7954
-70.7948
-70.7942
-70.7936
-70.793
-70.7924
-70.7918
-70.7913
-70.7907
-70.7902
-70.7897
-70.7892
-70.7887
-70.7882
-70.7877
-70.7872
-70.7868
-70.7863
-70.7859
-70.7854
-70.785
-70.7846
-70.7842
-70.7838
-70.7834
-70.783
-70.7826
-70.7823
-70.7819
-70.7816
-70.7812
-70.7809
-70.7806
-70.7803
-70.7799
-70.7796
-70.7793
-70.779
-70.7788
-70.7785
-70.7782
-70.7779
-70.7777
-70.7774
-70.7772
-70.7769
-70.7767
-70.7765
-70.7763
-70.776
-70.7758
-70.7756
-70.7754
-70.7752
-70.775
-70.7748
-70.7747
-70.7745
-70.7743
-70.7742
-70.774
-70.7738
-70.7737
-70.7735
-70.7734
-70.7732
-70.7731
-70.773
-70.7728
-70.7727
-70.7726
-70.7725
-70.7724
-70.7723
-70.7721
-70.772
-70.7719
-70.7718
-70.7717
-70.7717
-70.7716
-70.7715
-70.7714
-70.7713
-70.7713
-70.7712
-70.7711
-70.771
-70.771
-70.7709
-70.7709
-70.7708
-70.7707
-70.7707
-70.7706
-70.7706
-70.7706
-70.7705
-70.7705
-70.7704
-70.7704
-70.7704
-70.7703
-70.7703
-70.7703
-70.7702
-70.7702
-70.7702
-70.7702
-70.7702
-70.7701
-70.7701
-70.7701
-70.7701
-70.7701
-70.7701
-70.7701
-70.7701
-70.7701
-70.77
-70.77
-70.77
-70.77
-70.77
-70.77
-70.7701
-70.7701
-70.7701
-70.7701
-70.7701
-70.7701
-70.7701
-70.7701
-70.7701
-70.7701
-70.7701
-70.7702
-70.7702
-70.7702
-70.7702
-70.7702
-70.7702
-70.7703
-70.7703
-70.7703
-70.7703
-70.7703
-70.7704
-70.7704
-70.7704
-70.7704
-70.7705
-70.7705
-70.7705
-70.7705
-70.7706
-70.7706
-70.7706
-70.7707
-70.7707
-70.7707
-70.7707
-70.7708
-70.7708
-70.7708
-70.7709
-70.7709
-70.7709
-70.771
-70.771
-70.771
-70.7711
-70.7711
-70.7711
-70.7712
-70.7712
-70.7712
-70.7713
-70.7713
-70.7713
-70.7714
-70.7714
-70.7714
-70.7715
-70.7715
-70.7716
-70.7716
-70.7716
-70.7717
-70.7717
-70.7717
-70.7718
-70.7718
-70.7718
-70.7719
-70.7719
-70.772
-70.772
-70.772
-70.7721
-70.7721
-70.7721
-70.7722
-70.7722
-70.7723
-70.7723
-70.7723
-70.7724
-70.7724
-70.7724
-70.7725
-70.7725
-70.7725
-70.7726
-70.7726
-70.7727
-70.7727
-70.7727
-70.7728
-70.7728
-70.7728
-70.7729
-70.7729
-70.7729
-70.773
-70.773
-70.773
-70.7731
-70.7731
-70.7732
-70.7732
-70.7732
-70.7733
-70.7733
-70.7733
-70.7734
-70.7734
-70.7734
-70.7735
-70.7735
-70.7735
-70.7736
-70.7736
-70.7736
-70.7737
-70.7737
-70.7737

