-70
-69.9583
-69.9579
-69.9579
-69.9579
-69.9579
-69.9579
-69.9579
-69.9579
-69.9579
-69.9579
-69.9579
-69.9579
-69.9579
-69.9579
-69.9579
-69.9579
-69.9579
-69.9579
-69.9579
-69.9579
-69.9579
-69.9579
-69.9579
-69.9579
-69.9579
-69.9579
-69.9579
-69.9579
-69.9579
-69.9579
-69.9579
-69.9579
-69.9579
-69.9579
-69.9579
-69.9579
-69.9579
-69.9579
-69.9579
-69.9579
-69.9579
-69.9579
-69.9579
-69.9579
-69.9579
-69.9579
-69.9579
-69.9579
-69.9579
-69.9579
-69.9579
-69.9579
-69.9579
-69.9579
-69.9579
-69.9579
-69.9579
-69.9579
-69.9579
-69.9579
-69.9579
-69.9579
-69.9579
-69.9579
-69.9579
-69.9579
-69.9579
-69.9579
-69.9579
-69.9579
-69.9579
-69.9579
-69.9579
-69.9579
-69.9579
-69.9579
-69.9579
-69.9579
-69.9579
-69.9579
-69.9579
-69.9579
-69.9579
-69.9579
-69.9579
-69.9579
-69.9579
-69.9579
-69.9579
-69.9579
-69.9579
-69.9579
-69.9579
-69.9579
-69.9579
-69.9579
-69.9579
-69.9579
-69.9579
-69.9579
-69.9579
-69.9579
-69.9579
-69.9579
-69.9579
-69.9579
-69.9579
-69.9579
-69.9579
-69.9579
-69.9579
-69.9579
-69.9579
-69.9579
-69.9579
-69.9579
-69.9579
-69.9579
-69.9579
-69.9579
-69.9579
-69.9579
-69.9579
-69.9579
-69.9579
-69.9579
-69.9579
-69.9579
-69.9579
-69.9579
-69.9579
-69.9579
-69.9579
-69.9579
-69.9579
-69.9579
-69.9579
-69.9579
-69.9579
-69.9579
-69.9579
-69.9579
-69.9579
-69.9579
-69.9579
-69.9579
-69.9579
-69.9579
-69.9579
-69.9579
-69.9579
-69.9579
-69.9579
-69.9579
-69.9579
-69.9579
-69.9579
-69.9579
-69.9579
-69.9579
-69.9579
-69.9579
-69.9579
-69.9579
-69.9579
-69.9579
-69.9579
-69.9579
-69.9579
-69.9579
-69.9579
-69.9579
-69.9579
-69.9579
-69.9579
-69.9579
-69.9579
-69.9579
-69.9579
-69.9579
-69.9579
-69.9579
-69.9579
-69.9579
-69.9579
-69.9579
-69.9579
-69.9579
-69.9579
-69.9579
-69.9579
-69.9579
-69.9579
-69.9579
-69.9579
-69.9579
-69.9579
-69.9579
-69.9579
-69.9579
-69.9579
-69.9579
-69.9579
-69.9579
-69.9579
-69.9579
-69.9579
-69.9579
-69.9579
-69.9579
-69.9579
-69.9579
-69.9579
-69.9579
-69.9579
-69.9579
-69.9579
-69.9579
-69.9579
-69.9579
-69.9579
-69.9579
-69.9579
-69.9579
-69.9579
-69.9579
-69.9579
-69.9579
-69.9579
-69.9579
-69.9579
-69.9579
-69.9579
-69.9579
-69.9579
-69.9579
-69.9579
-69.9579
-69.9579
-69.9579
-69.9579
-69.9579
-69.9579
-69.9579
-69.9579
-69.9579
-69.9579
-69.9579
-69.9579
-69.9579
-69.9579
-69.9579
-69.9579
-69.9579
-69.9579
-69.9579
-69.9579
-69.9579
-69.9579
-69.9579
-69.9579
-69.9579
-69.9579
-69.9579
-69.9579
-69.9579
-69.9579
-69.9579
-69.9579
-69.9579
-69.9579
-69.9579
-69.9579
-69.9579
-69.9579
-69.9579
-69.9579
-69.9579
-69.9579
-69.9579
-69.9579
-69.9579
-69.9579
-69.9579
-69.9579
-69.9579
-69.9579
-69.9579
-69.9579
-69.9579
-69.9579
-69.9579
-69.9579
-69.9579
-69.9579
-69.9579
-69.9579
-69.9579
-69.9579
-69.9579
-69.9579
-69.9579
-69.9579
-69.9579
-69.9579
-69.9579
-69.9579
-69.9579
-69.9579
-69.9579
-69.9579
-69.9579
-69.9579
-69.9579
-69.9579
-69.9579
-69.9579
-69.9579
-69.9579
-69.9579
-69.9579
-69.9579
-69.9579
-69.9579
-69.9579
-69.9579
-69.9579
-69.9579
-69.9579
-69.9579
-69.9579
-69.9579
-69.9579
-69.9579
-69.9579
-69.9579
-69.9579
-69.9579
-69.9579
-69.9579
-69.9579
-69.9579
-69.9579
-69.9579
-69.9579
-69.9579
-69.9579
-69.9579
-69.9579
-69.9579
-69.9579
-69.9579
-69.9579
-69.9579
-69.9579
-69.9579
-69.9579
-69.9579
-69.9579
-69.9579
-69.9579
-69.9579
-69.9579
-69.9579
-69.9579
-69.9579
-69.9579
-69.9579
-69.9579
-69.9579
-69.9579
-69.9579
-69.9579
-69.9579
-69.9579
-69.9579
-69.9579
-69.9579
-69.9579
-69.9579
-69.9579
-69.9579
-69.9579
-69.9579
-69.9579
-69.9579
-69.9579
-69.9579
-69.9579
-69.9579
-69.9579
-69.9579
-69.9579
-69.9579
-69.9579
-69.9579
-69.9579
-69.9579
-69.9579
-69.9579
-69.9579
-69.9579
-69.9579
-69.9579
-69.9579
-69.9579
-69.9579
-69.9579
-69.9579
-69.9579
-69.9579
-69.9579
-69.9579
-69.9579
-69.9579
-69.9579
-69.9579
-69.9579
-69.9579
-69.9579
-69.9579
-69.9579
-69.9579
-69.9579
-69.9579
-69.9579
-69.9579
-69.9579
-69.9579
-69.9579
-69.9579
-69.9579
-69.9579
-69.9579
-69.9579
-69.9579
-69.9579
-69.9579
-69.9579
-69.9579
-69.9579
-69.9579
-69.9579
-69.9579
-69.9579
-69.9579
-69.9579
-69.9579
-69.9579
-69.9579
-69.9579
-69.9579
-69.9579
-69.9579
-69.9579
-69.9579
-69.9579
-69.9579
-69.9579
-69.9579
-69.9579
-69.9579
-69.9438
-69.873
-69.6936
-69.5157
-69.3749
-69.2271
-69.1554
-69.1684
-69.2111
-69.2593
-69.3054
-69.3526
-69.3989
-69.4406
-69.4771
-69.5086
-69.5369
-69.5634
-69.5882
-69.6118
-69.6342
-69.658
-69.6674
-69.5918
-69.2816
-68.5116
-67.525
-66.5146
-65.6215
-65.2202
-65.174
-65.3225
-65.5732
-65.8385
-66.0921
-66.3232
-66.53
-66.7204
-66.9084
-67.0947
-67.2722
-67.4394
-67.5962
-67.7356
-67.8528
-67.9544
-68.0571
-68.1493
-68.2439
-68.3421
-68.4392
-68.5314
-68.6177
-68.6984
-68.7737
-68.844
-68.9097
-68.971
-69.0283
-69.0819
-69.132
-69.1789
-69.2228
-69.2638
-69.302
-69.3377
-69.3711
-69.4021
-69.4312
-69.4582
-69.4835
-69.5071
-69.5291
-69.5496
-69.5687
-69.5866
-69.6033
-69.6189
-69.6335
-69.6471
-69.6598
-69.6716
-69.6827
-69.6931
-69.7028
-69.7118
-69.7203
-69.7282
-69.7356
-69.7425
-69.749
-69.7551
-69.7608
-69.7661
-69.7711
-69.7758
-69.7802
-69.7843
-69.7882
-69.7918
-69.7953
-69.7985
-69.8015
-69.8044
-69.807
-69.8096
-69.812
-69.8142
-69.8164
-69.8184
-69.8203
-69.8221
-69.8238
-69.8254
-69.827
-69.8284
-69.8298
-69.8312
-69.8324
-69.8337
-69.8348
-69.8359
-69.837
-69.838
-69.839
-69.8399
-69.8408
-69.8417
-69.8425
-69.8433
-69.8441
-69.8449
-69.8456
-69.8463
-69.847
-69.8477
-69.8483
-69.849
-69.8496
-69.8502
-69.8508
-69.8514
-69.8519
-69.8525
-69.853
-69.8536
-69.8541
-69.8546
-69.8551
-69.8556
-69.8561
-69.8566
-69.857
-69.8575
-69.858
-69.8584
-69.8589
-69.8593
-69.8597
-69.8602
-69.8606
-69.861
-69.8615
-69.8619
-69.8623
-69.8627
-69.8631
-69.8635
-69.8639
-69.8643
-69.8647
-69.8651
-69.8655
-69.8659
-69.8662
-69.8666
-69.867
-69.8674
-69.8677
-69.8681
-69.8685
-69.8689
-69.8692
-69.8696
-69.8699
-69.8703
-69.8707
-69.871
-69.8714
-69.8717
-69.8721
-69.8724
-69.8728
-69.8731
-69.8734
-69.8738
-69.8741
-69.8745
-69.8748
-69.8751
-69.8755
-69.8758
-69.8761
-69.8765
-69.8768
-69.8771
-69.8774
-69.8778
-69.8781
-69.8784
-69.8787
-69.879
-69.8794
-69.8797
-69.88
-69.8803
-69.8806
-69.8809
-69.8812
-69.8815
-69.8818
-69.8822
-69.8825
-69.8828
-69.8831
-69.8834
-69.8837
-69.884
-69.8843
-69.8845
-69.8848
-69.8851
-69.8854
-69.8857
-69.886
-69.8863
-69.8866
-69.8869
-69.8872
-69.8874
-69.8877
-69.888
-69.8883
-69.8886
-69.8888
-69.8891
-69.8894
-69.8897
-69.8899
-69.8902
-69.8905
-69.8907
-69.891
-69.8913
-69.8916
-69.8918
-69.8921
-69.8923
-69.8926
-69.8929
-69.8931
-69.8934
-69.8936
-69.8939
-69.8942
-69.8878
-69.8722
-69.8382
-69.8208
-69.798
-69.7982
-69.7952
-69.797
-69.8024
-69.8086
-69.8148
-69.8206
-69.826
-69.831
-69.8357
-69.8401
-69.8443
-69.8481
-69.8517
-69.8551
-69.8582
-69.8612
-69.864
-69.8665
-69.869
-69.8713
-69.8734
-69.8754
-69.8773
-69.879
-69.8807
-69.8823
-69.8837
-69.8851
-69.8864
-69.8876
-69.8888
-69.8899
-69.8909
-69.8919
-69.8928
-69.8937
-69.8945
-69.8953
-69.8961
-69.8968
-69.8975
-69.8981
-69.8987
-69.8993
-69.9022
-69.9031
-69.9033
-69.9035
-69.9037
-69.9039
-69.9042
-69.9055
-69.9089
-69.9127
-69.9172
-69.9177
-69.9165
-69.9154
-69.9145
-69.9137
-69.9143
-69.9147
-69.916
-69.9173
-69.9205
-69.9212
-69.9199
-69.9187
-69.9177
-69.9168
-69.9168
-69.9169
-69.9177
-69.9189
-69.9206
-69.9218
-69.9214
-69.9203
-69.9193
-69.9185
-69.9184
-69.9183
-69.919
-69.92
-69.9212
-69.9228
-69.9229
-69.9224
-69.9215
-69.9206
-69.9204
-69.92
-69.9202
-69.9209
-69.9219
-69.9233
-69.9246
-69.9243
-69.924
-69.9232
-69.9225
-69.9224
-69.9217
-69.9222
-69.923
-69.9241
-69.9252
-69.9259
-69.9261
-69.9254
-69.925
-69.9247
-69.9243
-69.9236
-69.9241
-69.9247
-69.9258
-69.9265
-69.9275
-69.9277
-69.9272
-69.9265
-69.9268
-69.9263
-69.9256
-69.9256
-69.9261
-69.9269
-69.9278
-69.9287
-69.9293
-69.9291
-69.9285
-69.9281
-69.9285
-69.9278
-69.9272
-69.9276
-69.928
-69.9293
-69.9294
-69.9303
-69.9308
-69.9302
-69.9301
-69.93
-69.9295
-69.9295
-69.9289
-69.9294
-69.9297
-69.9309
-69.9311
-69.9312
-69.932
-69.932
-69.9317
-69.932
-69.9313
-69.9305
-69.9306
-69.9308
-69.9311
-69.9323
-69.9329
-69.9324
-69.9333
-69.9337
-69.9334
-69.9333
-69.9334
-69.9327
-69.932
-69.9313
-69.9326
-69.9328
-69.9343
-69.9345
-69.934
-69.9342
-69.935
-69.9354
-69.9351
-69.9346
-69.9344
-69.9337
-69.9331
-69.9332
-69.9343
-69.9356
-69.9359
-69.9359
-69.9352
-69.936
-69.9368
-69.9372
-69.9364
-69.9356
-69.9357
-69.9351
-69.9345
-69.935
-69.9352
-69.9371
-69.9375
-69.9374
-69.9368
-69.9365
-69.9387
-69.9387
-69.9382
-69.9374
-69.9366
-69.9367
-69.9363
-69.9363
-69.9369
-69.9372
-69.9383
-69.9386
-69.9388
-69.9382
-69.9386
-69.9401
-69.9399
-69.9396
-69.9388
-69.9381
-69.9375
-69.9377
-69.9378
-69.9385
-69.9388
-69.9396
-69.9396
-69.9392
-69.9399
-69.9402
-69.9403
-69.9413
-69.9411
-69.9409
-69.9402
-69.9395
-69.9388
-69.9383
-69.9393
-69.9402
-69.9405
-69.9408
-69.9411
-69.9404
-69.9412
-69.941
-69.9412
-69.9418
-69.9425
-69.9423
-69.9421
-69.9414
-69.9407
-69.9402
-69.9397
-69.9403
-69.9422
-69.942
-69.942
-69.9425
-69.9422
-69.9426
-69.9425
-69.9419
-69.9417
-69.9431
-69.9437
-69.9435
-69.9434
-69.9427
-69.9421
-69.9415
-69.9411
-69.9417
-69.9433
-69.9435
-69.9435
-69.944
-69.9443
-69.9437
-69.9439
-69.9434
-69.9428
-69.9429
-69.9433
-69.9442
-69.9446
-69.9448
-69.9442
-69.9436
-69.943
-69.9426
-69.9433
-69.9446
-69.9441
-69.9445
-69.9458
-69.9462
-69.9454
-69.9447
-69.945
-69.9445
-69.944
-69.9438
-69.944
-69.9445
-69.9449
-69.9447
-69.9459
-69.9454
-69.9448
-69.9443
-69.9442
-69.9461
-69.9459
-69.9453
-69.946
-69.9468
-69.9475
-69.9468
-69.9461
-69.946
-69.946
-69.9454
-69.945
-69.945
-69.9451
-69.9456
-69.9455
-69.9458
-69.9462
-69.946
-69.9462
-69.9461
-69.946
-69.9476
-69.9476
-69.9476
-69.9474
-69.9476
-69.9472
-69.9476
-69.948
-69.9475
-69.9469
-69.9473
-69.9469
-69.9464
-69.946
-69.9461
-69.9463
-69.9466
-69.9466
-69.9467
-69.9468
-69.9473
-69.947
-69.9466
-69.9469
-69.948
-69.9498
-69.9499
-69.9492
-69.9485
-69.9488
-69.9484
-69.9487
-69.9484
-69.9479
-69.9484
-69.948
-69.9484
-69.9481
-69.9476
-69.9472
-69.9469
-69.9475
-69.9473
-69.9475
-69.9477
-69.9474
-69.948
-69.948
-69.9484
-69.9482
-69.9487
-69.9492
-69.9508
-69.9504
-69.9497
-69.95
-69.9497
-69.9501
-69.9497
-69.9498
-69.9497
-69.9492
-69.9488
-69.9484
-69.9487
-69.9496
-69.9495
-69.949
-69.9486
-69.9483
-69.948
-69.9487
-69.9486
-69.9483
-69.9489
-69.9488
-69.9485
-69.9489
-69.949
-69.9503
-69.9513
-69.9509
-69.9515
-69.9519
-69.9514
-69.9508
-69.9503
-69.9499
-69.9502
-69.9502
-69.95
-69.9506
-69.9511
-69.9507
-69.9502
-69.9498
-69.9495
-69.9492
-69.9493
-69.9498
-69.9505
-69.9503
-69.9499
-69.9496
-69.9494
-69.9498
-69.95
-69.9497
-69.9495
-69.95
-69.9501
-69.9498
-69.9496
-69.9513
-69.9522
-69.9524
-69.9523
-69.9518
-69.9532
-69.9529
-69.9523
-69.9518
-69.9514
-69.951
-69.9507
-69.9513
-69.9511
-69.9508
-69.9505
-69.9509
-69.9511
-69.9508
-69.9505
-69.9508
-69.9511
-69.9509
-69.9506
-69.9504
-69.951
-69.951
-69.9508
-69.9506
-69.951
-69.9512
-69.951
-69.9508
-69.9511
-69.9514
-69.9512
-69.9509
-69.9507
-69.9512
-69.9524
-69.9522
-69.9528
-69.9525
-69.9521
-69.9522
-69.9525
-69.9527
-69.9536
-69.9546
-69.9541
-69.9536
-69.9531
-69.9527
-69.9523
-69.952
-69.9517
-69.9521
-69.9523
-69.9521
-69.9518
-69.9516
-69.9514
-69.9512
-69.9521
-69.952
-69.9517
-69.9516
-69.9514
-69.9513
-69.9511
-69.951
-69.951
-69.9509
-69.9508
-69.9514
-69.952
-69.9527
-69.9525
-69.9522
-69.952
-69.9519
-69.9517
-69.9516
-69.9515
-69.9523
-69.9528
-69.9541
-69.9539
-69.9535
-69.9532
-69.9529
-69.9527
-69.9535
-69.9541
-69.954
-69.9537
-69.9533
-69.9531
-69.9528
-69.9526
-69.9524
-69.9523
-69.9539
-69.955
-69.9555
-69.9554
-69.9549
-69.9545
-69.9541
-69.9538
-69.9535
-69.9532
-69.953
-69.9528
-69.9527
-69.9535
-69.9534
-69.9532
-69.953
-69.9529
-69.9527
-69.9526
-69.9525
-69.9524
-69.9523
-69.9532
-69.9533
-69.9531
-69.9529
-69.9528
-69.9527
-69.9526
-69.9525
-69.9525
-69.9524
-69.9524
-69.9523
-69.9523
-69.9523
-69.9523
-69.9523
-69.9523
-69.9523
-69.9531
-69.9534
-69.9532
-69.9531
-69.953
-69.9529
-69.9529
-69.9528
-69.9537
-69.9538
-69.9536
-69.9535
-69.9534
-69.9533
-69.9532
-69.9531
-69.9531
-69.9532
-69.9551
-69.9551
-69.9548
-69.9547
-69.9554
-69.9552
-69.9553
-69.9558
-69.9555
-69.9551
-69.9549
-69.9546
-69.9544
-69.9542
-69.9541
-69.955
-69.9549
-69.9547
-69.9545
-69.9543
-69.9541
-69.954
-69.9539
-69.9538
-69.9541
-69.9548
-69.9547
-69.9555
-69.9555
-69.9552
-69.9549
-69.9547
-69.9546
-69.9544
-69.9551
-69.9553
-69.9551
-69.9553
-69.9559
-69.9556
-69.9554
-69.9551
-69.9549
-69.9547
-69.9546
-69.9544
-69.9543
-69.9542
-69.9542
-69.9541
-69.954
-69.9548
-69.9551
-69.955
-69.9548
-69.9547
-69.9545
-69.9544
-69.9544
-69.9543
-69.9542
-69.9542
-69.9541
-69.9541
-69.954
-69.954
-69.954
-69.954
-69.954
-69.954
-69.954
-69.954
-69.954
-69.954
-69.954
-69.954
-69.954
-69.954
-69.954
-69.954
-69.954
-69.9549
-69.9553
-69.9552
-69.955
-69.9549
-69.9548
-69.9547
-69.9547
-69.9546
-69.9546
-69.9545
-69.9545
-69.9545
-69.9544
-69.9544
-69.9544
-69.9544
-69.9544
-69.9544
-69.9544
-69.9544
-69.9544
-69.9544
-69.9544
-69.9544
-69.9544
-69.9544
-69.9544
-69.9544
-69.9544
-69.9545
-69.9545
-69.9545
-69.9545
-69.9545
-69.9545
-69.9545
-69.9545
-69.9545
-69.9546
-69.9546
-69.9546
-69.9546
-69.9546
-69.9546
-69.9546
-69.9546
-69.9547
-69.9547
-69.9547
-69.9547
-69.9547
-69.9547
-69.9547
-69.9547
-69.9548
-69.9559
-69.9561
-69.9559
-69.9558
-69.9557
-69.9556
-69.9555
-69.9554
-69.9554
-69.9553
-69.9553
-69.9552
-69.9552
-69.9552
-69.9552
-69.9552
-69.9551
-69.9551
-69.9551
-69.9551
-69.9551
-69.9551
-69.9551
-69.9551
-69.9551
-69.9551
-69.9551
-69.9551
-69.9551
-69.9551
-69.9551
-69.9552
-69.9552
-69.9552
-69.9552
-69.9552
-69.9552
-69.9552
-69.9552
-69.9552
-69.9552
-69.9552
-69.9553
-69.9553
-69.9553
-69.9553
-69.9553
-69.9553
-69.9553
-69.9553
-69.9553
-69.9553
-69.9554
-69.9554
-69.9554
-69.9554
-69.9554
-69.9554
-69.9554
-69.9554
-69.9554
-69.9554
-69.9555
-69.9555
-69.9555
-69.9555
-69.9555
-69.9555
-69.9555
-69.9555
-69.9555
-69.9555
-69.9555
-69.9556
-69.9556
-69.9556
-69.9556
-69.9556
-69.9556
-69.9556
-69.9556
-69.9556
-69.9556
-69.9556
-69.9557
-69.9557
-69.9557
-69.9557
-69.9557
-69.9557
-69.9557
-69.9557
-69.9557
-69.9557
-69.9557
-69.9558
-69.9558
-69.9558
-69.9558
-69.9558
-69.9558
-69.9558
-69.9558
-69.9558
-69.9558
-69.9558
-69.9558
-69.9559
-69.9559
-69.9559
-69.9559
-69.9559
-69.9559
-69.9559
-69.9559
-69.9559
-69.9559
-69.9559
-69.9559
-69.9559
-69.956
-69.956
-69.956
-69.956
-69.956
-69.956
-69.956
-69.956
-69.956
-69.956
-69.956
-69.956
-69.956
-69.9561
-69.9561
-69.9561
-69.9561
-69.9561
-69.9561
-69.9561
-69.9561
-69.9561
-69.9561
-69.9561
-69.9561
-69.9561
-69.9561
-69.9562
-69.9562
-69.9562
-69.9562
-69.9562
-69.9562
-69.9562
-69.9562
-69.9562
-69.9562
-69.9562
-69.9562
-69.9562
-69.9562
-69.9562
-69.9563
-69.9563
-69.9563
-69.9563
-69.9563
-69.9563
-69.9563
-69.9563
-69.9563
-69.9563
-69.9563
-69.9563
-69.9563
-69.9563
-69.9563
-69.9563
-69.9564
-69.9564
-69.9564
-69.9564
-69.9564
-69.9564
-69.9564
-69.9564
-69.9564
-69.9564
-69.9564
-69.9564
-69.9564
-69.9564
-69.9564
-69.9564
-69.9564
-69.9565
-69.9565
-69.9565
-69.9565
-69.9565
-69.9565
-69.9565
-69.9565
-69.9565
-69.9565
-69.9565
-69.9565
-69.9565
-69.9565
-69.9565
-69.9565
-69.9565
-69.9565
-69.9566
-69.9566
-69.9566
-69.9566
-69.9566
-69.9566
-69.9566
-69.9566
-69.9566
-69.9566
-69.9566
-69.9566
-69.9566
-69.9566
-69.9566
-69.9566
-69.9566
-69.9566
-69.9566
-69.9567
-69.9567
-69.9567
-69.9567
-69.9567
-69.9567
-69.9567
-69.9567
-69.9567
-69.9567
-69.9567
-69.9567
-69.9567
-69.9567
-69.9567
-69.9567
-69.9567
-69.9567
-69.9567
-69.9567
-69.9567
-69.9568
-69.9568
-69.9568
-69.9568
-69.9568
-69.9568
-69.9568
-69.9568
-69.9568
-69.9568
-69.9568
-69.9568
-69.9568
-69.9568
-69.9568
-69.9568
-69.9568
-69.9568
-69.9568
-69.9568
-69.9568
-69.9568
-69.9568
-69.9568
-69.9569
-69.9569
-69.9569
-69.9569
-69.9569
-69.9569
-69.9569
-69.9569
-69.9569
-69.9569
-69.9569
-69.9569
-69.9569
-69.9569
-69.9569
-69.9569
-69.9569
-69.9569
-69.9569
-69.9569
-69.9569
-69.9569
-69.9569
-69.9569
-69.9569
-69.957
-69.957
-69.957
-69.957
-69.957
-69.957
-69.957
-69.957
-69.957
-69.957
-69.957
-69.957
-69.957
-69.957
-69.957
-69.957
-69.957
-69.957
-69.957
-69.957
-69.957
-69.957
-69.957
-69.957
-69.957
-69.957
-69.957
-69.957
-69.957
-69.9571
-69.9571
-69.9571
-69.9571
-69.9571
-69.9571
-69.9571
-69.9571
-69.9571
-69.9571
-69.9571
-69.9571
-69.9571
-69.9571
-69.9571
-69.9571
-69.9571
-69.9571
-69.9571
-69.9571
-69.9571
-69.9571
-69.9571
-69.9571
-69.9571
-69.9571
-69.9571
-69.9571
-69.9571
-69.9571
-69.9571
-69.9571
-69.9572
-69.9572
-69.9572
-69.9572
-69.9572
-69.9572
-69.9572
-69.9572
-69.9572
-69.9572
-69.9572
-69.9572
-69.9572
-69.9572
-69.9572
-69.9572
-69.9572
-69.9572
-69.9572
-69.9572
-69.9572
-69.9572
-69.9572
-69.9572
-69.9572
-69.9572
-69.9572
-69.9572
-69.9572
-69.9572
-69.9572
-69.9572
-69.9572
-69.9572
-69.9572
-69.9572
-69.9573
-69.9573
-69.9573
-69.9573
-69.9573
-69.9573
-69.9573
-69.9573
-69.9573
-69.9573
-69.9573
-69.9573
-69.9573
-69.9573
-69.9573
-69.9573
-69.9573
-69.9573
-69.9573
-69.9573
-69.9573
-69.9573
-69.9573
-69.9573
-69.9573
-69.9573
-69.9573
-69.9573
-69.9573
-69.9573
-69.9573
-69.9573
-69.9573
-69.9573
-69.9573
-69.9573
-69.9573
-69.9573
-69.9573
-69.9573
-69.9573
-69.9573
-69.9573
-69.9573
-69.9574
-69.9574
-69.9574
-69.9574
-69.9574
-69.9574
-69.9574
-69.9574
-69.9574
-69.9574
-69.9574
-69.9574
-69.9574
-69.9574
-69.9574
-69.9574
-69.9574
-69.9574
-69.9574
-69.9574
-69.9574
-69.9574
-69.9574
-69.9574
-69.9574
-69.9574
-69.9574
-69.9574
-69.9574
-69.9574
-69.9574
-69.9574
-69.9574
-69.9574
-69.9574
-69.9574
-69.9574
-69.9574
-69.9574
-69.9574
-69.9574
-69.9574
-69.9574
-69.9574
-69.9574
-69.9574
-69.9574
-69.9574
-69.9574
-69.9574
-69.9574
-69.9574
-69.9575
-69.9575
-69.9575
-69.9575
-69.9575
-69.9575
-69.9575
-69.9575
-69.9575
-69.9575
-69.9575
-69.9575
-69.9575
-69.9575
-69.9575
-69.9575
-69.9575

