-70
-69.6914
-69.4021
-69.1306
-68.8761
-68.6373
-68.4134
-68.2033
-68.0063
-67.8215
-67.6481
-67.4855
-67.333
-67.1899
-67.0557
-66.9298
-66.8116
-66.7008
-66.5969
-66.4994
-66.4078
-66.322
-66.2415
-66.1659
-66.095
-66.0285
-65.966
-65.9075
-65.8525
-65.8009
-65.7525
-65.7071
-65.6645
-65.6245
-65.5869
-65.5517
-65.5186
-65.4876
-65.4585
-65.4312
-65.4055
-65.3814
-65.3588
-65.3376
-65.3177
-65.299
-65.2814
-65.265
-65.2495
-65.235
-65.2214
-65.2086
-65.1966
-65.1853
-65.1747
-65.1648
-65.1555
-65.1467
-65.1385
-65.1308
-65.1236
-65.1168
-65.1104
-65.1044
-65.0988
-65.0935
-65.0885
-65.0839
-65.0795
-65.0754
-65.0715
-65.0679
-65.0645
-65.0613
-65.0583
-65.0555
-65.0529
-65.0504
-65.0481
-65.0459
-65.0438
-65.0419
-65.0401
-65.0384
-65.0368
-65.0353
-65.0339
-65.0326
-65.0313
-65.0302
-65.0291
-65.028
-65.0271
-65.0262
-65.0253
-65.0245
-65.0238
-65.0231
-65.0224
-65.0218
-65.0212
-65.0207
-65.0201
-65.0197
-65.0192
-65.0188
-65.0184
-65.018
-65.0177
-65.0173
-65.017
-65.0167
-65.0165
-65.0162
-65.016
-65.0157
-65.0155
-65.0153
-65.0151
-65.0149
-65.0148
-65.0146
-65.0145
-65.0143
-65.0142
-65.0141
-65.014
-65.0139
-65.0138
-65.0137
-65.0136
-65.0135
-65.0134
-65.0134
-65.0133
-65.0132
-65.0132
-65.0131
-65.013
-65.013
-65.013
-65.0129
-65.0129
-65.0128
-65.0128
-65.0128
-65.0127
-65.0127
-65.0127
-65.0126
-65.0126
-65.0126
-65.0126
-65.0125
-65.0125
-65.0125
-65.0125
-65.0125
-65.0125
-65.0124
-65.0124
-65.0124
-65.0124
-65.0124
-65.0124
-65.0124
-65.0124
-65.0124
-65.0124
-65.0123
-65.0123
-65.0123
-65.0123
-65.0123
-65.0123
-65.0123
-65.0123
-65.0123
-65.0123
-65.0123
-65.0123
-65.0123
-65.0123
-65.0123
-65.0123
-65.0123
-65.0123
-65.0123
-65.0123
-65.0123
-65.0123
-65.0123
-65.0123
-65.0123
-65.0123
-65.0122
-65.0122
-65.0122
-65.0122
-65.0122
-65.0122
-65.0122
-65.0122
-65.0122
-65.0122
-65.0122
-65.0122
-65.0122
-65.0122
-65.0122
-65.0122
-65.0122
-65.0122
-65.0122
-65.0122
-65.0122
-65.0122
-65.0122
-65.0122
-65.0122
-65.0122
-65.0122
-65.0122
-65.0122
-65.0122
-65.0122
-65.0122
-65.0122
-65.0122
-65.0122
-65.0122
-65.0122
-65.0122
-65.0122
-65.0122
-65.0122
-65.0122
-65.0122
-65.0122
-65.0122
-65.0122
-65.0122
-65.0122
-65.0122
-65.0122
-65.0122
-65.0122
-65.0122
-65.0122
-65.0122
-65.0122
-65.0122
-65.0122
-65.0122
-65.0122
-65.0122
-65.0122
-65.0122
-65.0122
-65.0122
-65.0122
-65.0122
-65.0122
-65.0122
-65.0122
-65.0122
-65.0122
-65.0122
-65.0122
-65.0122
-65.0122
-65.0122
-65.0122
-65.0122
-65.0122
-65.0122
-65.0122
-65.0122
-65.0122
-65.0122
-65.0122
-65.0122
-65.0122
-65.0122
-65.0122
-65.0122
-65.0122
-65.0122
-65.0122
-65.0122
-65.0122
-65.0122
-65.0122
-65.0122
-65.0122
-65.0122
-65.0122
-65.0122
-65.0122
-65.0122
-65.0122
-65.0122
-65.0122
-65.0122
-65.0122
-65.0122
-65.0122
-65.0122
-65.0122
-65.0122
-65.0122
-65.0122
-65.0122
-65.0122
-65.0122
-65.0122
-65.0122
-65.0122
-65.0122
-65.0122
-65.0122
-65.0122
-65.0122
-65.0122
-65.0122
-65.0122
-65.0122
-65.0122
-65.0122
-65.0122
-65.0122
-65.0122
-65.0122
-65.0122
-65.0122
-65.0122
-65.0122
-65.0122
-65.0122
-65.0122
-65.0122
-65.0122
-65.0122
-65.0122
-65.0122
-65.0122
-65.0122
-65.0122
-65.0122
-65.0122
-65.0122
-65.0122
-65.0122
-65.0122
-65.0122
-65.0122
-65.0122
-65.0122
-65.0122
-65.0122
-65.0122
-65.0122
-65.0122
-65.0122
-65.0122
-65.0122
-65.0122
-65.0122
-65.0122
-65.0122
-65.0122
-65.0122
-65.0122
-65.0122
-65.0122
-65.0122
-65.0122
-65.0122
-65.0122
-65.0122
-65.0122
-65.0122
-65.0122
-65.0122
-65.0122
-65.0122
-65.0122
-65.0122
-65.0122
-65.0122
-65.0122
-65.0122
-65.0122
-65.0122
-65.0122
-65.0122
-65.0122
-65.0122
-65.0122
-65.0122
-65.0122
-65.0122
-65.0122
-65.0122
-65.0122
-65.0122
-65.0122
-65.0122
-65.0122
-65.0122
-65.0122
-65.0122
-65.0122
-65.0122
-65.0122
-65.0122
-65.0122
-65.0122
-65.0122
-65.0122
-65.0122
-65.0122
-65.0122
-65.0122
-65.0122
-65.0122
-65.0122
-65.0122
-65.0122
-65.0122
-65.0122
-65.0122
-65.0122
-65.0122
-65.0122
-65.0122
-65.0122
-65.0122
-65.0122
-65.0122
-65.0122
-65.0122
-65.0122
-65.0122
-65.0122
-65.0122
-65.0122
-65.0122
-65.0122
-65.0122
-65.0122
-65.0122
-65.0122
-65.0122
-65.0122
-65.0122
-65.0122
-65.0122
-65.0122
-65.0122
-65.0122
-65.0122
-65.0099
-64.8605
-64.1942
-63.0295
-61.051
-58.1858
-54.913
-51.5274
-47.7986
-39.9578
49.2814
-1.78758
-47.4686
-69.7765
-71.7043
-70.6828
-68.6777
-66.4727
-64.391
-62.5383
-60.9339
-59.5752
-58.4666
-57.6048
-56.5419
-54.0151
-48.2766
-28.0441
31.582
-15.8173
-54.5033
-54.277
-45.9628
-35.6608
25.6066
-20.0573
-54.7145
-55.2805
-48.4647
-40.0609
5.77592
-5.71495
-49.6099
-61.3594
-57.1505
-50.3117
-42.5299
-9.27753
4.94078
-41.6683
-65.5277
-64.3071
-59.04
-52.8894
-46.5405
-35.9504
36.1872
-17.6916
-63.2963
-70.8592
-68.746
-64.5142
-59.79
-55.1236
-50.5987
-45.5567
-29.6398
28.5377
-21.7442
-68.3221
-75.0401
-74.0583
-71.3309
-68.1728
-65.0204
-62.0123
-59.177
-56.4975
-53.9209
-51.3221
-48.3459
-43.3201
41.0777
9.26571
-37.6309
-74.7544
-78.3707
-77.6713
-75.925
-73.9349
-71.9476
-70.0353
-68.2132
-66.4788
-64.8239
-63.2397
-61.7171
-60.247
-58.82
-57.4246
-56.0453
-54.6587
-53.2247
-51.6679
-49.8181
-47.1552
-40.0969
48.4146
-4.02057
-56.8833
-78.2363
-80.2441
-79.5997
-78.3078
-76.8717
-75.4359
-74.0402
-72.6932
-71.3941
-70.1398
-68.9267
-67.7513
-66.6105
-65.5014
-64.4214
-63.3681
-62.3391
-61.3321
-60.3444
-59.3731
-58.4144
-57.4637
-56.5143
-55.5569
-54.5772
-53.5529
-52.4464
-51.1867
-49.6177
-47.2741
-41.2992
50.4751
-0.223442
-52.4585
-78.4747
-80.9248
-80.4636
-79.3336
-78.0546
-76.7705
-75.5202
-74.3126
-73.1477
-72.0232
-70.9366
-69.8853
-68.867
-67.8798
-66.9217
-65.9911
-65.0864
-64.2063
-63.3493
-62.5142
-61.6995
-60.9037
-60.1254
-59.3625
-58.6131
-57.8742
-57.1427
-56.4141
-55.6827
-54.9405
-54.1765
-53.3743
-52.5078
-51.5326
-50.3627
-48.7956
-46.15
-35.6623
40.7727
-12.3338
-67.2708
-80.1785
-81.2688
-80.543
-79.3973
-78.1746
-76.9686
-75.8033
-74.6832
-73.6071
-72.5725
-71.5769
-70.6179
-69.6933
-68.8013
-67.9401
-67.1082
-66.3041
-65.5267
-64.7745
-64.0465
-63.3416
-62.6587
-61.9967
-61.3546
-60.7311
-60.1252
-59.5355
-58.9607
-58.3992
-57.8494
-57.3091
-56.7762
-56.2479
-55.721
-55.1913
-54.6542
-54.1023
-53.5275
-52.9164
-52.2502
-51.4984
-50.6052
-49.4573
-47.7579
-44.2518
11.2784
19.2262
-29.2804
-75.8878
-81.2239
-81.3118
-80.3937
-79.2529
-78.0916
-76.9636
-75.8815
-74.8463
-73.8559
-72.9078
-71.9993
-71.1281
-70.2922
-69.4896
-68.7187
-67.9779
-67.2658
-66.5812
-65.9228
-65.2894
-64.6801
-64.0938
-63.5295
-62.9863
-62.4632
-61.9594
-61.474
-61.0061
-60.5549
-60.114
-59.6304
-59.1403
-58.6072
-58.032
-57.2985
-56.3413
-55.3046
-54.2272
-53.1141
-51.9623
-50.6956
-49.1362
-46.7434
-39.6758
48.2761
-5.36367
-60.7314
-79.7569
-81.1409
-80.2233
-78.8231
-77.3661
-75.9665
-74.6513
-73.4223
-72.2745
-71.2013
-70.1967
-69.2548
-68.3706
-67.5396
-66.7577
-66.0212
-65.327
-64.6719
-64.0535
-63.4691
-62.9165
-62.3936
-61.8985
-61.4294
-60.9846
-60.5625
-60.1615
-59.7803
-59.4174
-59.0717
-58.7419
-58.4268
-58.1253
-57.8403
-57.6032
-57.4485
-57.3537
-57.2595
-57.1529
-57.0357
-56.9101
-56.7776
-56.6395
-56.5073
-56.4615
-56.5605
-56.7199
-56.8496
-56.9381
-56.9914
-57.0151
-57.0139
-57.0019
-57.0358
-57.1184
-57.3207
-57.5603
-57.7607
-57.9091
-58.0121
-58.0771
-58.1105
-58.1242
-58.145
-58.1805
-58.2913
-58.4643
-58.6149
-58.7274
-58.8002
-58.8396
-58.8513
-58.846
-58.8407
-58.8394
-58.8695
-58.9811
-59.1141
-59.2239
-59.3007
-59.344
-59.3593
-59.3533
-59.3427
-59.3311
-59.3293
-59.3682
-59.4656
-59.5804
-59.6751
-59.743
-59.78
-59.7907
-59.7904
-59.7812
-59.769
-59.7676
-59.8051
-59.8934
-59.9868
-60.0743
-60.1436
-60.1843
-60.1993
-60.2066
-60.2
-60.1892
-60.1835
-60.21
-60.2852
-60.3554
-60.4324
-60.5005
-60.5514
-60.5779
-60.5947
-60.5925
-60.5859
-60.5717
-60.5784
-60.6278
-60.6996
-60.7547
-60.8121
-60.8678
-60.9108
-60.9434
-60.9563
-60.9532
-60.9449
-60.9319
-60.9434
-60.995
-61.0537
-61.1039
-61.1426
-61.1851
-61.2295
-61.2688
-61.2851
-61.2851
-61.2797
-61.2653
-61.2703
-61.3182
-61.3674
-61.4173
-61.4489
-61.4732
-61.5081
-61.5512
-61.5803
-61.5884
-61.5916
-61.5806
-61.5723
-61.5967
-61.6501
-61.6896
-61.7291
-61.754
-61.7725
-61.8026
-61.8232
-61.85
-61.8632
-61.8703
-61.8617
-61.8573
-61.8794
-61.933
-61.9722
-61.9997
-62.0271
-62.0501
-62.0672
-62.0845
-62.0887
-62.1044
-62.1234
-62.1265
-62.1171
-62.1245
-62.1666
-62.2189
-62.2502
-62.269
-62.302
-62.3236
-62.3289
-62.3323
-62.3352
-62.3293
-62.3477
-62.3577
-62.3528
-62.3633
-62.403
-62.4589
-62.4967
-62.5183
-62.5439
-62.57
-62.5795
-62.5739
-62.5678
-62.5607
-62.559
-62.5578
-62.5632
-62.566
-62.5881
-62.6401
-62.6977
-62.7391
-62.7701
-62.7863
-62.801
-62.8117
-62.8071
-62.7906
-62.7763
-62.7702
-62.768
-62.7565
-62.7479
-62.7657
-62.8111
-62.8731
-62.9366
-62.9845
-63.01
-63.0172
-63.0226
-63.0277
-63.0234
-63.0061
-62.9811
-62.9732
-62.9651
-62.9564
-62.9373
-62.9358
-62.9668
-63.0311
-63.1121
-63.1754
-63.2139
-63.2317
-63.2324
-63.2296
-63.2249
-63.2198
-63.2036
-63.1789
-63.1634
-63.1524
-63.1341
-63.1205
-63.1085
-63.1234
-63.1862
-63.2544
-63.3315
-63.3869
-63.4191
-63.4322
-63.4298
-63.419
-63.409
-63.3997
-63.3864
-63.3676
-63.3517
-63.331
-63.3151
-63.2924
-63.2742
-63.2848
-63.3324
-63.3931
-63.4622
-63.5198
-63.5612
-63.5936
-63.6086
-63.6084
-63.5957
-63.5818
-63.5666
-63.5515
-63.5399
-63.5313
-63.5141
-63.4888
-63.4644
-63.4452
-63.4419
-63.4641
-63.5207
-63.5714
-63.6249
-63.6851
-63.7257
-63.7472
-63.7538
-63.7613
-63.7589
-63.7453
-63.7271
-63.7129
-63.6922
-63.6901
-63.6862
-63.6727
-63.6511
-63.6274
-63.6117
-63.6099
-63.6242
-63.657
-63.7075
-63.7532
-63.8048
-63.8457
-63.8822
-63.9051
-63.9129
-63.9084
-63.8937
-63.8783
-63.8648
-63.8448
-63.8321
-63.8235
-63.8194
-63.8188
-63.8106
-63.8081
-63.7996
-63.7833
-63.7651
-63.7714
-63.7996
-63.8443
-63.8811
-63.9081
-63.9602
-64.0003
-64.0232
-64.0336
-64.0456
-64.0476
-64.0391
-64.0222
-63.9986
-63.9696
-63.9395
-63.9291
-63.9366
-63.9361
-63.9407
-63.9549
-63.9603
-63.956
-63.9439
-63.9254
-63.9199
-63.9282
-63.9449
-63.9921
-64.0303
-64.053
-64.0853
-64.1151
-64.1446
-64.1635
-64.1697
-64.1655
-64.1559
-64.152
-64.1415
-64.1241
-64.1011
-64.0738
-64.0475
-64.0318
-64.0367
-64.0482
-64.0614
-64.0653
-64.0714
-64.0756
-64.0717
-64.0609
-64.0511
-64.0608
-64.0791
-64.0922
-64.1236
-64.1521
-64.1798
-64.2007
-64.2363
-64.2612
-64.2734
-64.2749
-64.2784
-64.2799
-64.2732
-64.2596
-64.2404
-64.2199
-64.2085
-64.1935
-64.1796
-64.1858
-64.1886
-64.1839
-64.1731
-64.1711
-64.1667
-64.1564
-64.1414
-64.1333
-64.1411
-64.1456
-64.143
-64.1591
-64.1828
-64.2072
-64.2223
-64.2511
-64.2792
-64.2958
-64.3025
-64.3091
-64.3464
-64.3757
-64.3924
-64.3986
-64.3963
-64.3871
-64.3724
-64.3539
-64.3457
-64.3352
-64.32
-64.3098
-64.3034
-64.2923
-64.2904
-64.3031
-64.3091
-64.3079
-64.3009
-64.2891
-64.2735
-64.2594
-64.2544
-64.2462
-64.234
-64.2188
-64.2011
-64.1817
-64.1749
-64.1947
-64.2293
-64.2736
-64.3063
-64.3295
-64.3595
-64.3936
-64.4174
-64.4308
-64.4357
-64.4336
-64.4453
-64.4634
-64.4739
-64.4901
-64.5001
-64.502
-64.4973
-64.4872
-64.4728
-64.4558
-64.4499
-64.4423
-64.4305
-64.4153
-64.4096
-64.405
-64.4007
-64.404
-64.403
-64.3971
-64.3872
-64.3743
-64.3608
-64.3587
-64.3548
-64.3472
-64.3365
-64.3235
-64.3087
-64.3032
-64.3017
-64.2969
-64.2893
-64.2793
-64.2675
-64.2581
-64.2743
-64.2948
-64.3297
-64.3624
-64.3856
-64.4004
-64.4205
-64.4399
-64.4651
-64.4835
-64.5077
-64.5266
-64.5374
-64.5413
-64.5453
-64.5588
-64.5777
-64.5893
-64.5937
-64.5922
-64.5859
-64.5815
-64.5836
-64.595
-64.6033
-64.6052
-64.6018
-64.5941
-64.5829
-64.569
-64.553
-64.5354
-64.5167
-64.4972
-64.4779
-64.4722
-64.4668
-64.4589
-64.4488
-64.4371
-64.4384
-64.4403
-64.4387
-64.4342
-64.4273
-64.4186
-64.4084
-64.3972
-64.3852
-64.3727
-64.3599
-64.347
-64.334
-64.3325
-64.3366
-64.3382
-64.3374
-64.3346
-64.3399
-64.3511
-64.3588
-64.363
-64.3737
-64.4018
-64.4305
-64.4661
-64.4948
-64.5154
-64.5293
-64.5375
-64.5411
-64.5409
-64.5438
-64.5673
-64.5901
-64.6056
-64.6258
-64.646
-64.6591
-64.6661
-64.6679
-64.6656
-64.6599
-64.6515
-64.641
-64.6288
-64.6262
-64.6448
-64.6596
-64.6831
-64.7018
-64.7133
-64.7189
-64.7195
-64.7162
-64.7096
-64.7038
-64.7097
-64.7127
-64.7114
-64.7067
-64.6992
-64.6895
-64.6782
-64.6654
-64.6518
-64.6375
-64.6227
-64.6078
-64.5928
-64.5779
-64.5716
-64.5749
-64.576
-64.5746
-64.5711
-64.566
-64.5747
-64.584
-64.5894
-64.5916
-64.591
-64.5883
-64.5839
-64.578
-64.5711
-64.5634
-64.5551
-64.5464
-64.5374
-64.5284
-64.5193
-64.5104
-64.5015
-64.493
-64.4846
-64.4766
-64.4689
-64.4615
-64.4545
-64.4479
-64.4417
-64.4358
-64.4303
-64.4252
-64.4204
-64.416
-64.4119
-64.4082
-64.4048
-64.4017
-64.3989
-64.3963
-64.3941
-64.3921
-64.4012
-64.4186
-64.4331
-64.4447
-64.4539
-64.4609
-64.4662
-64.47
-64.4726
-64.4743
-64.4751
-64.4752
-64.4749
-64.4741
-64.473
-64.4717
-64.4702
-64.4687
-64.467
-64.4654
-64.4638
-64.4622
-64.4607
-64.4593
-64.458
-64.4567
-64.4556
-64.46
-64.4781
-64.4943
-64.5072
-64.5175
-64.5255
-64.5387
-64.5621
-64.5838
-64.6172
-64.6463
-64.6687
-64.6857
-64.698
-64.7065
-64.7117
-64.7143
-64.7147
-64.7133
-64.7105
-64.7065
-64.7016
-64.7033
-64.7164
-64.7267
-64.7335
-64.7373
-64.7387
-64.7382
-64.736
-64.7325
-64.728
-64.7227
-64.7168
-64.7105
-64.7038
-64.6971
-64.6902
-64.6833
-64.6765
-64.6699
-64.6634
-64.6571
-64.651
-64.6452
-64.6396
-64.6343
-64.6293
-64.6245
-64.62
-64.6159
-64.6174
-64.6331
-64.6469
-64.6577
-64.6657
-64.6716
-64.6756
-64.6781
-64.6793
-64.6794
-64.6788
-64.6774
-64.6756
-64.6733
-64.6763
-64.6935
-64.7084
-64.7196
-64.7279
-64.7336
-64.7372
-64.7391
-64.7395
-64.7388
-64.7371
-64.7347
-64.7317
-64.7283
-64.7245
-64.7205
-64.7163
-64.7121
-64.7079
-64.7037
-64.6995
-64.6955
-64.6916
-64.6878
-64.6842
-64.6808
-64.6775
-64.6744
-64.6715
-64.6688
-64.6663
-64.664
-64.6618
-64.6598
-64.658
-64.6573
-64.6746
-64.6924
-64.7067
-64.7179
-64.7266
-64.7331
-64.7379
-64.7411
-64.743
-64.7439
-64.744
-64.7434
-64.7422
-64.7407
-64.7388
-64.7366
-64.7343
-64.7318
-64.7293
-64.7268
-64.7243
-64.7218
-64.7194
-64.717
-64.7148
-64.7127
-64.7106
-64.7087
-64.7069
-64.7053
-64.7037
-64.7023
-64.701
-64.6998
-64.6988
-64.6978
-64.697
-64.6963
-64.6957
-64.6952
-64.6947
-64.6944
-64.6942
-64.694
-64.694
-64.694
-64.6941
-64.6942
-64.6944
-64.6947
-64.695
-64.6954
-64.6958
-64.6963
-64.6968
-64.6974
-64.698
-64.6987
-64.6994
-64.7001
-64.7008
-64.7016
-64.7024
-64.7032
-64.7041
-64.705
-64.7059
-64.7068
-64.7077
-64.7086
-64.7096
-64.7106
-64.7116
-64.7126
-64.7136
-64.7146
-64.7156
-64.7166
-64.7177
-64.7187
-64.7198
-64.7208
-64.7219
-64.723
-64.724
-64.7251
-64.7262
-64.7273
-64.7283
-64.7294
-64.7305
-64.7316
-64.7327
-64.7338
-64.7348
-64.7359
-64.737
-64.7381
-64.7392
-64.7402
-64.7413
-64.7424
-64.7435
-64.7445
-64.7456
-64.7467
-64.7477
-64.7488
-64.7499
-64.7509
-64.752
-64.753
-64.7541
-64.7551
-64.7562
-64.7572
-64.7582
-64.7593
-64.7603
-64.7613
-64.7623
-64.7634
-64.7644
-64.7654
-64.7664
-64.7674
-64.7684
-64.7694
-64.7704
-64.7714
-64.7724
-64.7734
-64.7743
-64.7753
-64.7763
-64.7773
-64.7782
-64.7792
-64.7802
-64.7811
-64.7821
-64.783
-64.784
-64.7849
-64.7858
-64.7868
-64.7877
-64.7886
-64.7895
-64.7905
-64.7914
-64.7923
-64.7932
-64.7941
-64.795
-64.7959
-64.7968
-64.7977
-64.7986
-64.7994
-64.8003
-64.8012
-64.8021
-64.8029
-64.8038
-64.8047
-64.8055
-64.8064
-64.8072
-64.8081
-64.8089
-64.8098
-64.8106
-64.8114
-64.8123
-64.8131
-64.8139
-64.8147
-64.8156
-64.8164
-64.8172
-64.818
-64.8188
-64.8196
-64.8204
-64.8212
-64.822
-64.8228
-64.8236
-64.8243
-64.8251
-64.8259
-64.8267
-64.8274
-64.8282
-64.829
-64.8297
-64.8305
-64.8312
-64.832
-64.8327
-64.8335
-64.8342
-64.8349
-64.8357
-64.8364
-64.8371
-64.8379
-64.8386
-64.8393
-64.84
-64.8408
-64.8415
-64.8422
-64.8429
-64.8436
-64.8443
-64.845
-64.8457
-64.8464
-64.8471
-64.8477
-64.8484
-64.8491
-64.8498
-64.8505
-64.8511
-64.8518
-64.8525
-64.8531
-64.8538
-64.8545
-64.8551
-64.8558
-64.8564
-64.8571
-64.8577
-64.8583
-64.859
-64.8596
-64.8603
-64.8609
-64.8615
-64.8622
-64.8628
-64.8634
-64.864
-64.8646
-64.8653
-64.8659
-64.8665
-64.8671
-64.8677
-64.8683
-64.8689
-64.8695
-64.8701
-64.8707
-64.8713
-64.8719
-64.8724
-64.873
-64.8736
-64.8742
-64.8748
-64.8753
-64.8759
-64.8765
-64.877
-64.8776
-64.8782
-64.8787
-64.8793
-64.8798
-64.8804
-64.8809
-64.8815
-64.882
-64.8826
-64.8831
-64.8837
-64.8842
-64.8847
-64.8853
-64.8858
-64.8863
-64.8869
-64.8874
-64.8879
-64.8884
-64.8889
-64.8895
-64.89
-64.8905
-64.891
-64.8915
-64.892
-64.8925
-64.893
-64.8935
-64.894
-64.8945
-64.895
-64.8955
-64.896
-64.8965
-64.897
-64.8974
-64.8979
-64.8984
-64.8989
-64.8994
-64.8998
-64.9003
-64.9008
-64.9012
-64.9017
-64.9022
-64.9026
-64.9031
-64.9036
-64.904
-64.9045
-64.9049
-64.9054
-64.9058
-64.9063
-64.9067
-64.9072
-64.9076
-64.908
-64.9085
-64.9089
-64.9094
-64.9098
-64.9102
-64.9107
-64.9111
-64.9115
-64.9119
-64.9124
-64.9128
-64.9132
-64.9136
-64.914
-64.9144
-64.9149
-64.9153
-64.9157
-64.9161
-64.9165
-64.9169
-64.9173
-64.9177
-64.9181
-64.9185
-64.9189
-64.9193
-64.9197
-64.9201
-64.9205
-64.9209
-64.9212
-64.9216
-64.922
-64.9224
-64.9228
-64.9232
-64.9235
-64.9239
-64.9243
-64.9247
-64.925
-64.9254
-64.9258
-64.9261
-64.9265
-64.9269
-64.9272
-64.9276
-64.928
-64.9283
-64.9287
-64.929
-64.9294
-64.9297
-64.9301
-64.9304
-64.9308
-64.9311
-64.9315
-64.9318
-64.9322
-64.9325
-64.9328
-64.9332
-64.9335
-64.9339
-64.9342
-64.9345
-64.9349
-64.9352
-64.9355
-64.9358
-64.9362
-64.9365
-64.9368
-64.9371
-64.9375
-64.9378
-64.9381
-64.9384
-64.9387
-64.9391
-64.9394
-64.9397
-64.94
-64.9403
-64.9406
-64.9409
-64.9412
-64.9415
-64.9418
-64.9421
-64.9424
-64.9427
-64.943
-64.9433
-64.9436
-64.9439
-64.9442
-64.9445
-64.9448
-64.9451
-64.9454
-64.9457
-64.946
-64.9462
-64.9465
-64.9468
-64.9471
-64.9474
-64.9476
-64.9479
-64.9482
-64.9485
-64.9488
-64.949
-64.9493
-64.9496
-64.9498
-64.9501
-64.9504
-64.9507
-64.9509
-64.9512
-64.9515
-64.9517
-64.952
-64.9522
-64.9525

