-70
-70.1661
-70.23
-70.2566
-70.2695
-70.2773
-70.283
-70.2879
-70.2925
-70.297
-70.3014
-70.3057
-70.31
-70.3142
-70.3185
-70.3226
-70.3268
-70.3309
-70.335
-70.3391
-70.3431
-70.3471
-70.351
-70.3549
-70.3588
-70.3626
-70.3664
-70.3701
-70.3738
-70.3775
-70.3811
-70.3847
-70.3883
-70.3918
-70.3953
-70.3987
-70.4021
-70.4055
-70.4088
-70.4121
-70.4154
-70.4186
-70.4218
-70.4249
-70.428
-70.4311
-70.4341
-70.4372
-70.4401
-70.4431
-70.446
-70.4489
-70.4517
-70.4545
-70.4573
-70.4601
-70.4628
-70.4655
-70.4682
-70.4708
-70.4734
-70.476
-70.4785
-70.481
-70.4835
-70.486
-70.4884
-70.4908
-70.4932
-70.4955
-70.4978
-70.5001
-70.5024
-70.5046
-70.5068
-70.509
-70.5112
-70.5133
-70.5154
-70.5175
-70.5196
-70.5216
-70.5236
-70.5256
-70.5276
-70.5295
-70.5315
-70.5334
-70.5352
-70.5371
-70.5389
-70.5407
-70.5425
-70.5443
-70.5461
-70.5478
-70.5495
-70.5512
-70.5528
-70.5545
-70.5561
-70.5577
-70.5593
-70.5609
-70.5624
-70.5639
-70.5655
-70.5669
-70.5684
-70.5699
-70.5713
-70.5727
-70.5741
-70.5755
-70.5769
-70.5782
-70.5796
-70.5809
-70.5822
-70.5835
-70.5848
-70.586
-70.5873
-70.5885
-70.5897
-70.5909
-70.5921
-70.5932
-70.5944
-70.5955
-70.5966
-70.5977
-70.5988
-70.5999
-70.601
-70.602
-70.603
-70.6041
-70.6051
-70.6061
-70.6071
-70.608
-70.609
-70.6099
-70.6109
-70.6118
-70.6127
-70.6136
-70.6145
-70.6154
-70.6162
-70.6171
-70.6179
-70.6187
-70.6196
-70.6204
-70.6212
-70.622
-70.6227
-70.6235
-70.6242
-70.625
-70.6257
-70.6265
-70.6272
-70.6279
-70.6286
-70.6293
-70.6299
-70.6306
-70.6313
-70.6319
-70.6325
-70.6332
-70.6338
-70.6344
-70.635
-70.6356
-70.6362
-70.6368
-70.6374
-70.6379
-70.6385
-70.639
-70.6396
-70.6401
-70.6406
-70.6411
-70.6417
-70.6422
-70.6427
-70.6431
-70.6436
-70.6441
-70.6446
-70.645
-70.6455
-70.6459
-70.6464
-70.6468
-70.6472
-70.6476
-70.6481
-70.6485
-70.6489
-70.6493
-70.6497
-70.65
-70.6504
-70.6508
-70.6512
-70.6515
-70.6519
-70.6522
-70.6526
-70.6529
-70.6533
-70.6536
-70.6539
-70.6542
-70.6545
-70.6549
-70.6552
-70.6555
-70.6558
-70.656
-70.6563
-70.6566
-70.6569
-70.6572
-70.6574
-70.6577
-70.658
-70.6582
-70.6585
-70.6587
-70.6589
-70.6592
-70.6594
-70.6597
-70.6599
-70.6601
-70.6603
-70.6605
-70.6607
-70.661
-70.6612
-70.6614
-70.6616
-70.6617
-70.6619
-70.6621
-70.6623
-70.6625
-70.6627
-70.6628
-70.663
-70.6632
-70.6633
-70.6635
-70.6637
-70.6638
-70.664
-70.6641
-70.6643
-70.6644
-70.6646
-70.6647
-70.6648
-70.665
-70.6651
-70.6652
-70.6653
-70.6655
-70.6656
-70.6657
-70.6658
-70.6659
-70.666
-70.6662
-70.6663
-70.6664
-70.6665
-70.6666
-70.6667
-70.6668
-70.6669
-70.667
-70.667
-70.6671
-70.6672
-70.6673
-70.6674
-70.6675
-70.6675
-70.6676
-70.6677
-70.6678
-70.6678
-70.6679
-70.668
-70.668
-70.6681
-70.6682
-70.6682
-70.6683
-70.6683
-70.6684
-70.6685
-70.6685
-70.6686
-70.6686
-70.6687
-70.6687
-70.6688
-70.6688
-70.6688
-70.6689
-70.6689
-70.669
-70.669
-70.669
-70.6691
-70.6691
-70.6691
-70.6692
-70.6692
-70.6692
-70.6693
-70.6693
-70.6693
-70.6694
-70.6694
-70.6694
-70.6694
-70.6694
-70.6695
-70.6695
-70.6695
-70.6695
-70.6695
-70.6696
-70.6696
-70.6696
-70.6696
-70.6696
-70.6696
-70.6696
-70.6697
-70.6697
-70.6697
-70.6697
-70.6697
-70.6697
-70.6697
-70.6697
-70.6697
-70.6697
-70.6697
-70.6697
-70.6697
-70.6697
-70.6697
-70.6697
-70.6697
-70.6697
-70.6697
-70.6697
-70.6697
-70.6697
-70.6697
-70.6697
-70.6697
-70.6697
-70.6697
-70.6697
-70.6697
-70.6697
-70.6697
-70.6697
-70.6697
-70.6697
-70.6697
-70.6696
-70.6696
-70.6696
-70.6696
-70.6696
-70.6696
-70.6696
-70.6696
-70.6696
-70.6695
-70.6695
-70.6695
-70.6695
-70.6695
-70.6695
-70.6695
-70.6695
-70.6694
-70.6694
-70.6694
-70.6694
-70.6694
-70.6694
-70.6693
-70.6693
-70.6693
-70.6693
-70.6693
-70.6693
-70.6693
-70.6692
-70.6692
-70.6692
-70.6692
-70.6692
-70.6691
-70.6691
-70.6691
-70.6691
-70.6691
-70.6691
-70.669
-70.669
-70.669
-70.669
-70.669
-70.6689
-70.6689
-70.6689
-70.6689
-70.6689
-70.6688
-70.6688
-70.6688
-70.6688
-70.6688
-70.6687
-70.6687
-70.6687
-70.6687
-70.6686
-70.6686
-70.6686
-70.6686
-70.6686
-70.6685
-70.6685
-70.6685
-70.6685
-70.6685
-70.6684
-70.6684
-70.6684
-70.6684
-70.6684
-70.6683
-70.6683
-70.6683
-70.6683
-70.6682
-70.6682
-70.6682
-70.6682
-70.6682
-70.6681
-70.6681
-70.6681
-70.6681
-70.6681
-70.6712
-70.9586
-71.7681
-72.6736
-73.4549
-73.9568
-58.0462
-52.3025
-50.1267
-48.0951
-43.4012
11.885
-26.5326
-57.4201
-69.0028
-68.1793
-67.1331
-66.0564
-64.9693
-63.8897
-62.8351
-61.8221
-60.8643
-59.9726
-59.0374
-58.2186
-57.5104
-56.8894
-56.346
-55.8739
-55.4626
-55.0939
-54.7843
-54.5273
-54.3154
-54.1418
-53.9994
-53.8744
-53.7696
-53.6872
-53.623
-53.5733
-53.535
-53.5059
-53.481
-53.455
-53.4361
-53.4235
-53.4153
-53.4102
-53.4075
-53.4065
-53.4068
-53.4035
-53.3957
-53.3916
-53.3905
-53.3912
-53.393
-53.3954
-53.3983
-53.4015
-53.405
-53.4087
-53.4113
-53.406
-53.399
-53.396
-53.3957
-53.3969
-53.3988
-53.4011
-53.4036
-53.4063
-53.4091
-53.412
-53.4149
-53.4179
-53.4207
-53.4232
-53.4254
-53.4248
-53.4133
-53.4059
-53.3991
-53.3942
-53.3915
-53.3893
-53.3862
-53.3797
-53.3613
-53.2079
-53.0013
-53.0239
-53.0928
-53.1549
-53.2006
-53.2318
-53.2527
-53.2673
-53.2788
-53.2893
-53.3002
-53.3129
-53.3286
-53.3488
-53.3749
-53.408
-53.4465
-53.4523
-53.4514
-53.4529
-53.4569
-53.4627
-53.4538
-53.4472
-53.4458
-53.448
-53.4524
-53.4585
-53.466
-53.4748
-53.4847
-53.4959
-53.5084
-53.5221
-53.5373
-53.554
-53.5723
-53.5923
-53.6142
-53.6381
-53.6642
-53.6926
-53.7238
-53.7579
-53.7952
-53.8358
-53.8802
-53.9284
-53.9809
-54.0379
-54.0998
-54.167
-54.2397
-53.951
-53.5389
-53.4191
-53.3968
-53.4053
-53.4233
-53.4439
-53.4648
-53.4466
-53.4271
-53.4229
-53.4267
-53.434
-53.4429
-53.4526
-53.4628
-53.4733
-53.4842
-53.4956
-53.5076
-53.5202
-53.5336
-53.5479
-53.5632
-53.5797
-53.5975
-53.617
-53.6406
-53.6664
-53.6934
-53.7221
-53.7528
-53.7861
-53.8221
-53.8611
-53.9033
-53.949
-54.002
-54.0617
-54.1246
-54.191
-54.2615
-54.3365
-54.4168
-53.6881
-53.3987
-53.3355
-53.337
-53.3565
-53.3797
-53.4022
-53.4233
-53.4429
-53.4614
-53.4791
-53.4613
-53.4304
-53.4196
-53.4192
-53.4239
-53.4304
-53.4376
-53.4453
-53.4533
-53.4616
-53.4703
-53.4795
-53.4891
-53.4994
-53.5107
-53.5244
-53.5391
-53.5543
-53.5704
-53.5876
-53.606
-53.626
-53.6476
-53.671
-53.6965
-53.7244
-53.7588
-53.7983
-53.8396
-53.8827
-53.9284
-53.9773
-54.0299
-54.0865
-54.1474
-54.2129
-54.2831
-54.3599
-54.4561
-54.5612
-54.6679
-54.7772
-54.0751
-53.407
-53.2618
-53.253
-53.2783
-53.3095
-53.3393
-53.3661
-53.3911
-53.4139
-53.4344
-53.4532
-53.471
-53.4881
-53.505
-53.522
-53.5395
-53.5576
-53.5015
-53.4391
-53.4187
-53.4159
-53.4194
-53.4252
-53.4321
-53.4394
-53.4471
-53.4551
-53.4636
-53.4725
-53.4826
-53.4945
-53.5073
-53.5204
-53.5343
-53.549
-53.565
-53.5822
-53.601
-53.6214
-53.6437
-53.6698
-53.5216
-53.4384
-53.4148
-53.4121
-53.4167
-53.4238
-53.432
-53.4406
-53.4495
-53.4587
-53.4688
-53.4812
-53.4948
-53.5098
-53.5264
-53.5433
-53.5605
-53.5787
-53.5981
-53.6237
-53.6657
-53.7215
-53.7961
-53.8822
-53.9711
-54.0544
-54.135
-54.2142
-54.298
-54.4228
-54.6032
-54.8076
-55.0284
-55.2411
-55.4401
-55.6293
-55.8214
-56.0228
-56.2481
-56.5203
-56.8393
-57.1841
-57.5471
-57.914
-58.2768
-54.1186
-53.088
-52.9094
-52.95
-53.044
-53.143
-53.2324
-53.3105
-53.3787
-53.439
-53.4928
-53.542
-53.5883
-53.6331
-53.6782
-53.7259
-53.777
-53.8311
-53.8882
-53.9483
-54.0114
-54.0772
-54.1469
-54.2217
-54.3032
-54.3952
-54.5
-54.6165
-54.7439
-54.8799
-55.0255
-55.1803
-55.3429
-55.5141
-55.6966
-55.8972
-56.1211
-56.3708
-56.6451
-56.9387
-57.2474
-57.5696
-57.9059
-58.2532
-58.6068
-58.9726
-59.3638
-59.7842
-60.2329
-60.708
-61.2025
-61.7039
-62.2047
-62.7091
-63.2133
-63.7082
-64.1924
-64.6809
-65.1834
-65.6921
-66.203
-66.7159
-67.2166
-67.6973
-68.1514
-68.5849
-68.9962
-69.3818
-69.7458
-70.0932
-70.4325
-70.7607
-71.0742
-71.3749
-71.6579
-71.9209
-72.1586
-72.3748
-72.5736
-72.7554
-72.9238
-73.0782
-73.224
-73.3599
-73.4876
-73.608
-73.7189
-73.8225
-73.9138
-73.9918
-74.0611
-74.1251
-74.1843
-74.2373
-74.2869
-74.3328
-74.3743
-74.4153
-74.4541
-74.4896
-74.5224
-74.5498
-74.5711
-74.5889
-74.6063
-74.6222
-74.6368
-74.6516
-74.6646
-74.6747
-74.6861
-74.698
-74.7093
-74.7196
-74.7272
-74.7317
-74.7343
-74.7369
-74.7393
-74.7426
-74.7471
-74.7518
-74.7539
-74.7564
-74.7612
-74.7652
-74.7685
-74.7714
-74.7721
-74.7721
-74.7702
-74.7679
-74.7668
-74.7657
-74.7662
-74.7681
-74.7686
-74.7686
-74.7706
-74.7722
-74.773
-74.7738
-74.7737
-74.7727
-74.7716
-74.7688
-74.7659
-74.7643
-74.7629
-74.7637
-74.7648
-74.7649
-74.7654
-74.7661
-74.7671
-74.7678
-74.7684
-74.7682
-74.7646
-74.7621
-74.7598
-74.7565
-74.7535
-74.7519
-74.7533
-74.7535
-74.7521
-74.7506
-74.7508
-74.7528
-74.755
-74.7569
-74.7579
-74.7575
-74.7542
-74.7491
-74.7467
-74.7452
-74.7432
-74.7426
-74.7443
-74.7445
-74.7424
-74.7397
-74.7372
-74.7374
-74.7406
-74.7439
-74.7446
-74.7439
-74.7439
-74.7411
-74.735
-74.7303
-74.7291
-74.7282
-74.7277
-74.7281
-74.7274
-74.7268
-74.7261
-74.7235
-74.721
-74.7229
-74.7264
-74.7289
-74.7306
-74.7303
-74.7309
-74.7288
-74.7243
-74.72
-74.7166
-74.7157
-74.7146
-74.713
-74.712
-74.7122
-74.7125
-74.7108
-74.7066
-74.7054
-74.7074
-74.709
-74.7101
-74.7124
-74.7123
-74.7134
-74.714
-74.7104
-74.7036
-74.6977
-74.6941
-74.6926
-74.6933
-74.693
-74.692
-74.6924
-74.6934
-74.6935
-74.6903
-74.6888
-74.6911
-74.6925
-74.6929
-74.6947
-74.6967
-74.6981
-74.6986
-74.6975
-74.6934
-74.6866
-74.6796
-74.6754
-74.6722
-74.6718
-74.6725
-74.672
-74.6715
-74.6724
-74.671
-74.6674
-74.6653
-74.6684
-74.6736
-74.6761
-74.6761
-74.6765
-74.6758
-74.6724
-74.6701
-74.668
-74.6657
-74.6627
-74.6581
-74.6526
-74.6483
-74.6463
-74.6423
-74.642
-74.6458
-74.651
-74.6515
-74.6486
-74.644
-74.6405
-74.644
-74.6513
-74.6572
-74.6594
-74.6595
-74.657
-74.6543
-74.6502
-74.646
-74.6429
-74.6394
-74.6371
-74.6345
-74.6297
-74.6229
-74.6168
-74.6125
-74.6131
-74.6144
-74.6133
-74.6144
-74.6167
-74.6185
-74.6182
-74.6187
-74.6189
-74.6193
-74.6228
-74.6279
-74.6305
-74.6282
-74.6237
-74.6203
-74.6184
-74.6148
-74.6109
-74.6071
-74.6035
-74.5998
-74.5934
-74.5846
-74.5778
-74.5742
-74.572
-74.5715
-74.5721
-74.5749
-74.5765
-74.5799
-74.5854
-74.5885
-74.5908
-74.5921
-74.5891
-74.5838
-74.5794
-74.5805
-74.5853
-74.5912
-74.5938
-74.5922
-74.588
-74.5833
-74.5824
-74.5799
-74.5751
-74.5707
-74.5679
-74.5637
-74.5556
-74.5473
-74.5388
-74.5312
-74.5285
-74.525
-74.5224
-74.5193
-74.5207
-74.5245
-74.5322
-74.5414
-74.5446
-74.5447
-74.5413
-74.5355
-74.5315
-74.5291
-74.5282
-74.5248
-74.5237
-74.5275
-74.5308
-74.5323
-74.5366
-74.5406
-74.5398
-74.5354
-74.5278
-74.5231
-74.5191
-74.5143
-74.5098
-74.5059
-74.5006
-74.494
-74.4891
-74.4811
-74.4696
-74.4606
-74.4593
-74.4609
-74.4635
-74.4623
-74.4593
-74.4578
-74.4547
-74.4547
-74.4587
-74.4626
-74.4695
-74.4726
-74.4682
-74.4598
-74.4566
-74.4546
-74.4504
-74.4441
-74.4411
-74.4416
-74.4495
-74.4579
-74.4661
-74.4726
-74.4741
-74.4722
-74.4654
-74.4555
-74.4472
-74.4432
-74.4387
-74.4335
-74.4304
-74.4317
-74.4351
-74.4369
-74.4326
-74.4281
-74.4286
-74.425
-74.415
-74.4007
-74.3915
-74.3914
-74.3923
-74.389
-74.3804
-74.3679
-74.3551
-74.3454
-74.3412
-74.3418
-74.3509
-74.3536
-74.3522
-74.3485
-74.3396
-74.3319
-74.3358
-74.3422
-74.3479
-74.3538
-74.3572
-74.3553
-74.351
-74.3415
-74.3289
-74.3162
-74.3074
-74.3086
-74.3157
-74.323
-74.327
-74.3282
-74.3271
-74.3256
-74.3244
-74.3229
-74.3214
-74.3205
-74.3196
-74.3159
-74.3129
-74.3121
-74.3202
-74.3279
-74.3317
-74.3344
-74.3331
-74.3263
-74.3166
-74.3049
-74.2941
-74.2853
-74.2801
-74.2709
-74.2565
-74.2519
-74.2564
-74.2631
-74.2665
-74.2618
-74.2515
-74.2359
-74.2223
-74.2132
-74.2028
-74.192
-74.1846
-74.1811
-74.1767
-74.1732
-74.1655
-74.157
-74.1464
-74.1463
-74.1537
-74.1545
-74.1458
-74.1298
-74.1112
-74.0987
-74.0917
-74.0825
-74.0776
-74.0823
-74.0906
-74.0931
-74.1
-74.1012
-74.0984
-74.0978
-74.094
-74.0862
-74.0777
-74.0765
-74.0766
-74.0763
-74.08
-74.0818
-74.0809
-74.0793
-74.0721
-74.0667
-74.0661
-74.072
-74.0856
-74.1027
-74.1183
-74.1313
-74.1472
-74.1542
-74.1508
-74.1457
-74.1425
-74.1378
-74.1322
-74.1237
-74.1162
-74.1082
-74.1005
-74.0909
-74.077
-74.0694
-74.0609
-74.0503
-74.035
-74.0172
-74.005
-74.0004
-74.0006
-74.0033
-74.0121
-74.0218
-74.022
-74.0126
-73.9989
-73.9845
-73.9721
-73.9616
-73.9509
-73.9426
-73.9468
-73.9547
-73.9619
-73.973
-73.9895
-74.0026
-74.0065
-74.0002
-73.9862
-73.9692
-73.9531
-73.9387
-73.9257
-73.9104
-73.8908
-73.872
-73.8578
-73.8533
-73.8462
-73.8349
-73.828
-73.8176
-73.8025
-73.7925
-73.7821
-73.7696
-73.7636
-73.7608
-73.7585
-73.7543
-73.749
-73.7426
-73.7308
-73.7189
-73.7051
-73.6868
-73.6663
-73.6522
-73.6413
-73.6264
-73.6138
-73.6077
-73.5973
-73.585
-73.5732
-73.5571
-73.5368
-73.5132
-73.4874
-73.46
-73.4314
-73.4021
-73.3721
-73.3417
-73.311
-73.2833
-73.2655
-73.2563
-73.26
-73.2687
-73.2937
-73.3239
-73.3423
-73.3473
-73.3422
-73.3301
-73.3143
-73.3084
-73.3211
-73.3419
-73.3658
-73.3791
-73.3807
-73.3803
-73.3767
-73.3668
-73.3518
-73.3397
-73.329
-73.3184
-73.3177
-73.3247
-73.328
-73.323
-73.3151
-73.3089
-73.2984
-73.2831
-73.2639
-73.2421
-73.2183
-73.1932
-73.1671
-73.1403
-73.113
-73.0852
-73.0573
-73.0291
-73.0009
-72.9726
-72.9451
-72.9278
-72.9138
-72.8971
-72.8775
-72.8558
-72.8325
-72.8083
-72.7835
-72.7583
-72.7329
-72.7088
-72.6965
-72.6866
-72.6735
-72.6571
-72.6382
-72.6177
-72.5962
-72.5739
-72.5512
-72.5282
-72.505
-72.4818
-72.4586
-72.4404
-72.4344
-72.4282
-72.418
-72.4043
-72.3882
-72.3705
-72.3517
-72.3322
-72.3122
-72.2919
-72.2715
-72.251
-72.2304
-72.2099
-72.1936
-72.1921
-72.1911
-72.1857
-72.1762
-72.1638
-72.1495
-72.1338
-72.1172
-72.1001
-72.0826
-72.0649
-72.047
-72.029
-72.011
-71.993
-71.9751
-71.9573
-71.9396
-71.922
-71.9045
-71.8872
-71.8701
-71.8531
-71.8363
-71.8196
-71.8031
-71.7868
-71.7706
-71.7547
-71.7389
-71.7233
-71.7078
-71.6926
-71.6775
-71.6626
-71.6479
-71.6333
-71.6189
-71.6047
-71.5907
-71.5768
-71.5631
-71.5496
-71.5362
-71.523
-71.5099
-71.497
-71.4843
-71.4717
-71.4593
-71.447
-71.4349
-71.4229
-71.4111
-71.3994
-71.3879
-71.3765
-71.3653
-71.3542
-71.3432
-71.3324
-71.3217
-71.3112
-71.3008
-71.2905
-71.2804
-71.2704
-71.2605
-71.2507
-71.2411
-71.2316
-71.2222
-71.213
-71.2039
-71.1948
-71.1859
-71.1772
-71.1685
-71.1599
-71.1515
-71.1432
-71.135
-71.1268
-71.1188
-71.1109
-71.1031
-71.0955
-71.0879
-71.0804
-71.073
-71.0657
-71.0585
-71.0514
-71.0444
-71.0375
-71.0307
-71.024
-71.0173
-71.0108
-71.0043
-70.998
-70.9917
-70.9855
-70.9794
-70.9734
-70.9674
-70.9616
-70.9558
-70.9501
-70.9445
-70.939
-70.9335
-70.9281
-70.9228
-70.9176
-70.9124
-70.9073
-70.9023
-70.8973
-70.8925
-70.8877
-70.8829
-70.8783
-70.8737
-70.8691
-70.8646
-70.8602
-70.8559
-70.8516
-70.8474
-70.8432
-70.8391
-70.8351
-70.8311
-70.8272
-70.8233
-70.8195
-70.8158
-70.8121
-70.8085
-70.8049
-70.8013
-70.7979
-70.7944
-70.7911
-70.7878
-70.7845
-70.7813
-70.7781
-70.775
-70.7719
-70.7689
-70.7659
-70.763
-70.7601
-70.7572
-70.7544
-70.7517
-70.749
-70.7463
-70.7437
-70.7411
-70.7386
-70.7361
-70.7336
-70.7312
-70.7288
-70.7264
-70.7241
-70.7219
-70.7196
-70.7174
-70.7153
-70.7132
-70.7111
-70.709
-70.707
-70.705
-70.7031
-70.7012
-70.6993
-70.6974
-70.6956
-70.6938
-70.6921
-70.6903
-70.6887
-70.687
-70.6853
-70.6837
-70.6822
-70.6806
-70.6791
-70.6776
-70.6761
-70.6747
-70.6733
-70.6719
-70.6705
-70.6692
-70.6679
-70.6666
-70.6653
-70.6641
-70.6629
-70.6617
-70.6605
-70.6593
-70.6582
-70.6571
-70.656
-70.655
-70.6539
-70.6529
-70.6519
-70.651
-70.65
-70.6491
-70.6481
-70.6472
-70.6464
-70.6455
-70.6447
-70.6438
-70.643
-70.6422
-70.6415
-70.6407
-70.64
-70.6393
-70.6386
-70.6379
-70.6372
-70.6365
-70.6359
-70.6353
-70.6347
-70.6341
-70.6335
-70.6329
-70.6324
-70.6318
-70.6313
-70.6308
-70.6303
-70.6298
-70.6293
-70.6289
-70.6284
-70.628
-70.6275
-70.6271
-70.6267
-70.6263
-70.626
-70.6256
-70.6252
-70.6249
-70.6246
-70.6242
-70.6239
-70.6236
-70.6233
-70.623
-70.6228
-70.6225
-70.6223
-70.622
-70.6218
-70.6215
-70.6213
-70.6211
-70.6209
-70.6207
-70.6205
-70.6204
-70.6202
-70.62
-70.6199
-70.6197
-70.6196
-70.6195
-70.6193
-70.6192
-70.6191
-70.619
-70.6189
-70.6188
-70.6187
-70.6187
-70.6186
-70.6185
-70.6185
-70.6184
-70.6184
-70.6183
-70.6183
-70.6183
-70.6182
-70.6182
-70.6182
-70.6182
-70.6182
-70.6182
-70.6182
-70.6182
-70.6182
-70.6182
-70.6183
-70.6183
-70.6183
-70.6184
-70.6184
-70.6184
-70.6185
-70.6185
-70.6186
-70.6187
-70.6187
-70.6188
-70.6189
-70.6189
-70.619
-70.6191
-70.6192
-70.6193
-70.6194
-70.6194
-70.6195
-70.6196
-70.6197
-70.6198
-70.62
-70.6201
-70.6202
-70.6203
-70.6204
-70.6205
-70.6206
-70.6208
-70.6209
-70.621
-70.6211
-70.6213
-70.6214
-70.6216
-70.6217
-70.6218
-70.622
-70.6221
-70.6223
-70.6224
-70.6226
-70.6227
-70.6229
-70.623
-70.6232
-70.6233
-70.6235
-70.6236
-70.6238
-70.6239
-70.6241
-70.6243
-70.6244
-70.6246
-70.6248
-70.6249
-70.6251
-70.6253
-70.6254
-70.6256
-70.6258
-70.6259
-70.6261
-70.6263
-70.6265
-70.6266
-70.6268
-70.627
-70.6272
-70.6273
-70.6275
-70.6277
-70.6279
-70.6281
-70.6282
-70.6284
-70.6286
-70.6288
-70.6289
-70.6291
-70.6293
-70.6295
-70.6297
-70.6299
-70.63
-70.6302
-70.6304
-70.6306
-70.6308
-70.6309
-70.6311
-70.6313
-70.6315
-70.6317
-70.6319
-70.632
-70.6322
-70.6324
-70.6326
-70.6328
-70.6329
-70.6331
-70.6333
-70.6335
-70.6337
-70.6338
-70.634
-70.6342
-70.6344
-70.6346
-70.6347
-70.6349
-70.6351
-70.6353
-70.6354
-70.6356
-70.6358
-70.636
-70.6362
-70.6363
-70.6365
-70.6367
-70.6368
-70.637
-70.6372
-70.6374
-70.6375
-70.6377
-70.6379
-70.6381
-70.6382
-70.6384
-70.6386
-70.6387
-70.6389
-70.6391
-70.6392
-70.6394
-70.6396
-70.6397
-70.6399
-70.6401
-70.6402
-70.6404
-70.6405
-70.6407
-70.6409
-70.641
-70.6412
-70.6413
-70.6415
-70.6417
-70.6418
-70.642
-70.6421
-70.6423
-70.6424
-70.6426
-70.6428
-70.6429
-70.6431
-70.6432
-70.6434
-70.6435
-70.6437
-70.6438
-70.644
-70.6441
-70.6442

