-70
-70.1661
-70.23
-70.2566
-70.2695
-70.2773
-70.283
-70.2879
-70.2925
-70.297
-70.3014
-70.3057
-70.31
-70.3142
-70.3185
-70.3226
-70.3268
-70.3309
-70.335
-70.3391
-70.3431
-70.3471
-70.351
-70.3549
-70.3588
-70.3626
-70.3664
-70.3701
-70.3738
-70.3775
-70.3811
-70.3847
-70.3883
-70.3918
-70.3953
-70.3987
-70.4021
-70.4055
-70.4088
-70.4121
-70.4154
-70.4186
-70.4218
-70.4249
-70.428
-70.4311
-70.4341
-70.4372
-70.4401
-70.4431
-70.446
-70.4489
-70.4517
-70.4545
-70.4573
-70.4601
-70.4628
-70.4655
-70.4682
-70.4708
-70.4734
-70.476
-70.4785
-70.481
-70.4835
-70.486
-70.4884
-70.4908
-70.4932
-70.4955
-70.4978
-70.5001
-70.5024
-70.5046
-70.5068
-70.509
-70.5112
-70.5133
-70.5154
-70.5175
-70.5196
-70.5216
-70.5236
-70.5256
-70.5276
-70.5295
-70.5315
-70.5334
-70.5352
-70.5371
-70.5389
-70.5407
-70.5425
-70.5443
-70.5461
-70.5478
-70.5495
-70.5512
-70.5528
-70.5545
-70.5561
-70.5577
-70.5593
-70.5609
-70.5624
-70.5639
-70.5655
-70.5669
-70.5684
-70.5699
-70.5713
-70.5727
-70.5741
-70.5755
-70.5769
-70.5782
-70.5796
-70.5809
-70.5822
-70.5835
-70.5848
-70.586
-70.5873
-70.5885
-70.5897
-70.5909
-70.5921
-70.5932
-70.5944
-70.5955
-70.5966
-70.5977
-70.5988
-70.5999
-70.601
-70.602
-70.603
-70.6041
-70.6051
-70.6061
-70.6071
-70.608
-70.609
-70.6099
-70.6109
-70.6118
-70.6127
-70.6136
-70.6145
-70.6154
-70.6162
-70.6171
-70.6179
-70.6187
-70.6196
-70.6204
-70.6212
-70.622
-70.6227
-70.6235
-70.6242
-70.625
-70.6257
-70.6265
-70.6272
-70.6279
-70.6286
-70.6293
-70.6299
-70.6306
-70.6313
-70.6319
-70.6325
-70.6332
-70.6338
-70.6344
-70.635
-70.6356
-70.6362
-70.6368
-70.6374
-70.6379
-70.6385
-70.639
-70.6396
-70.6401
-70.6406
-70.6411
-70.6417
-70.6422
-70.6427
-70.6431
-70.6436
-70.6441
-70.6446
-70.645
-70.6455
-70.6459
-70.6464
-70.6468
-70.6472
-70.6476
-70.6481
-70.6485
-70.6489
-70.6493
-70.6497
-70.65
-70.6504
-70.6508
-70.6512
-70.6515
-70.6519
-70.6522
-70.6526
-70.6529
-70.6533
-70.6536
-70.6539
-70.6542
-70.6545
-70.6549
-70.6552
-70.6555
-70.6558
-70.656
-70.6563
-70.6566
-70.6569
-70.6572
-70.6574
-70.6577
-70.658
-70.6582
-70.6585
-70.6587
-70.6589
-70.6592
-70.6594
-70.6597
-70.6599
-70.6601
-70.6603
-70.6605
-70.6607
-70.661
-70.6612
-70.6614
-70.6616
-70.6617
-70.6619
-70.6621
-70.6623
-70.6625
-70.6627
-70.6628
-70.663
-70.6632
-70.6633
-70.6635
-70.6637
-70.6638
-70.664
-70.6641
-70.6643
-70.6644
-70.6646
-70.6647
-70.6648
-70.665
-70.6651
-70.6652
-70.6653
-70.6655
-70.6656
-70.6657
-70.6658
-70.6659
-70.666
-70.6662
-70.6663
-70.6664
-70.6665
-70.6666
-70.6667
-70.6668
-70.6669
-70.667
-70.667
-70.6671
-70.6672
-70.6673
-70.6674
-70.6675
-70.6675
-70.6676
-70.6677
-70.6678
-70.6678
-70.6679
-70.668
-70.668
-70.6681
-70.6682
-70.6682
-70.6683
-70.6683
-70.6684
-70.6685
-70.6685
-70.6686
-70.6686
-70.6687
-70.6687
-70.6688
-70.6688
-70.6688
-70.6689
-70.6689
-70.669
-70.669
-70.669
-70.6691
-70.6691
-70.6691
-70.6692
-70.6692
-70.6692
-70.6693
-70.6693
-70.6693
-70.6694
-70.6694
-70.6694
-70.6694
-70.6694
-70.6695
-70.6695
-70.6695
-70.6695
-70.6695
-70.6696
-70.6696
-70.6696
-70.6696
-70.6696
-70.6696
-70.6696
-70.6697
-70.6697
-70.6697
-70.6697
-70.6697
-70.6697
-70.6697
-70.6697
-70.6697
-70.6697
-70.6697
-70.6697
-70.6697
-70.6697
-70.6697
-70.6697
-70.6697
-70.6697
-70.6697
-70.6697
-70.6697
-70.6697
-70.6697
-70.6697
-70.6697
-70.6697
-70.6697
-70.6697
-70.6697
-70.6697
-70.6697
-70.6697
-70.6697
-70.6697
-70.6697
-70.6696
-70.6696
-70.6696
-70.6696
-70.6696
-70.6696
-70.6696
-70.6696
-70.6696
-70.6695
-70.6695
-70.6695
-70.6695
-70.6695
-70.6695
-70.6695
-70.6695
-70.6694
-70.6694
-70.6694
-70.6694
-70.6694
-70.6694
-70.6693
-70.6693
-70.6693
-70.6693
-70.6693
-70.6693
-70.6693
-70.6692
-70.6692
-70.6692
-70.6692
-70.6692
-70.6691
-70.6691
-70.6691
-70.6691
-70.6691
-70.6691
-70.669
-70.669
-70.669
-70.669
-70.669
-70.6689
-70.6689
-70.6689
-70.6689
-70.6689
-70.6688
-70.6688
-70.6688
-70.6688
-70.6688
-70.6687
-70.6687
-70.6687
-70.6687
-70.6686
-70.6686
-70.6686
-70.6686
-70.6686
-70.6685
-70.6685
-70.6685
-70.6685
-70.6685
-70.6684
-70.6684
-70.6684
-70.6684
-70.6684
-70.6683
-70.6683
-70.6683
-70.6683
-70.6682
-70.6682
-70.6682
-70.6682
-70.6682
-70.6681
-70.6681
-70.6681
-70.6681
-70.6681
-70.6684
-70.8323
-71.5394
-72.4498
-73.2523
-59.0232
-52.6009
-50.4205
-48.6486
-45.6073
-19.3547
-18.1882
-44.5005
-68.5831
-68.3845
-67.3527
-66.2787
-65.19
-64.1049
-63.0408
-62.014
-61.0396
-60.1206
-59.2139
-58.4058
-57.6896
-57.0413
-56.467
-55.9723
-55.542
-55.1692
-54.8547
-54.59
-54.3639
-54.1782
-54.0263
-53.8974
-53.7929
-53.7099
-53.6409
-53.5852
-53.5423
-53.5097
-53.4821
-53.4598
-53.4436
-53.4306
-53.4191
-53.4113
-53.4067
-53.4043
-53.4034
-53.3999
-53.3972
-53.3964
-53.3947
-53.3927
-53.3925
-53.3935
-53.3955
-53.398
-53.4009
-53.404
-53.4054
-53.4027
-53.4016
-53.401
-53.3984
-53.3974
-53.3979
-53.3993
-53.4012
-53.4034
-53.4058
-53.4084
-53.411
-53.4136
-53.416
-53.418
-53.4199
-53.4213
-53.4128
-53.4051
-53.4007
-53.3951
-53.3911
-53.3878
-53.3833
-53.3736
-53.3299
-53.0857
-53.0426
-53.0969
-53.1579
-53.2054
-53.2386
-53.261
-53.2761
-53.2873
-53.2968
-53.3062
-53.3166
-53.3291
-53.345
-53.3656
-53.392
-53.4247
-53.463
-53.5027
-53.478
-53.4621
-53.4529
-53.4413
-53.4371
-53.4376
-53.4408
-53.4458
-53.452
-53.4595
-53.468
-53.4775
-53.4882
-53.5
-53.513
-53.5273
-53.5431
-53.5603
-53.5792
-53.5998
-53.6224
-53.647
-53.6738
-53.7031
-53.7352
-53.7703
-53.8087
-53.8505
-53.8961
-53.9457
-53.9996
-54.0581
-54.1217
-54.1906
-54.265
-54.3452
-54.4318
-53.7056
-53.441
-53.3645
-53.3347
-53.3378
-53.3527
-53.3706
-53.3884
-53.4053
-53.4208
-53.4354
-53.4492
-53.4624
-53.4754
-53.4884
-53.5016
-53.5151
-53.5295
-53.5448
-53.5609
-53.5779
-53.5961
-53.6157
-53.6367
-53.6595
-53.6841
-53.7116
-53.743
-53.7779
-53.8154
-53.8552
-53.8978
-53.9436
-53.993
-54.0463
-54.1038
-54.1661
-54.2364
-54.3125
-54.3968
-54.4867
-54.5812
-54.6809
-54.7867
-54.0019
-53.4125
-53.2778
-53.2471
-53.2595
-53.2848
-53.3113
-53.3357
-53.3572
-53.3759
-53.3924
-53.4071
-53.4204
-53.4327
-53.4445
-53.4563
-53.4678
-53.4794
-53.4918
-53.5046
-53.5177
-53.5313
-53.5458
-53.5612
-53.5778
-53.5961
-53.6171
-53.6394
-53.6632
-53.6892
-53.7193
-53.7516
-53.7859
-53.8226
-53.862
-53.9046
-53.951
-54.0051
-54.064
-54.126
-54.1916
-54.2618
-54.3432
-54.4308
-54.5219
-54.6172
-54.7177
-54.8239
-54.9389
-55.0721
-55.2125
-55.3564
-55.5043
-55.6573
-55.8232
-53.7918
-53.1892
-53.0786
-53.0908
-53.1378
-53.1881
-53.2333
-53.2717
-53.3039
-53.3309
-53.3537
-53.3732
-53.3904
-53.406
-53.4203
-53.4334
-53.4458
-53.4578
-53.4702
-53.4832
-53.4964
-53.51
-53.524
-53.5391
-53.5564
-53.5752
-53.5949
-53.6159
-53.6391
-53.666
-53.6949
-53.7256
-53.7585
-53.7942
-53.833
-53.876
-53.9268
-53.9816
-54.0394
-54.1017
-54.1743
-54.2523
-54.3335
-54.419
-54.5099
-54.6069
-54.1227
-53.4427
-53.2883
-53.2646
-53.2705
-53.2905
-53.3133
-53.3348
-53.3538
-53.3704
-53.3851
-53.3988
-53.4114
-53.4241
-53.4404
-53.4609
-53.4828
-53.5039
-53.5241
-53.5438
-53.5633
-53.5857
-53.6168
-53.6565
-53.7058
-53.7625
-53.8203
-53.8747
-53.9274
-53.9809
-54.0383
-54.104
-54.1831
-54.2764
-54.3841
-54.501
-54.6213
-54.7428
-54.8687
-55.0023
-55.1459
-55.3041
-55.4825
-55.6852
-55.908
-56.1523
-56.4109
-56.6763
-56.9501
-57.234
-57.5314
-57.845
-58.1839
-58.5604
-58.9623
-59.3907
-59.8447
-60.3029
-60.7596
-61.2142
-61.6706
-62.1332
-62.6002
-63.0965
-63.6218
-64.1534
-64.6973
-65.2444
-65.7685
-66.2664
-66.7393
-67.1923
-67.628
-68.0478
-68.4784
-68.9075
-69.3215
-69.7257
-70.1166
-70.4779
-70.8063
-71.1074
-71.3826
-71.6353
-71.8694
-72.1017
-72.3282
-72.5389
-72.7377
-72.9265
-73.0993
-73.2513
-73.3865
-73.5059
-73.6119
-73.7074
-73.7985
-73.8878
-73.972
-74.0506
-74.1248
-74.1946
-74.2562
-74.3088
-74.3537
-74.3923
-74.4254
-74.4561
-74.4851
-74.5142
-74.5413
-74.5673
-74.5916
-74.6154
-74.637
-74.6539
-74.6668
-74.6768
-74.6848
-74.6931
-74.7005
-74.7085
-74.7158
-74.7242
-74.7318
-74.74
-74.7492
-74.7557
-74.7596
-74.7611
-74.7619
-74.7623
-74.7621
-74.7623
-74.763
-74.7644
-74.7672
-74.7695
-74.7734
-74.7775
-74.78
-74.7798
-74.7787
-74.7776
-74.776
-74.7735
-74.7709
-74.7695
-74.769
-74.7702
-74.7714
-74.7732
-74.7762
-74.7781
-74.7775
-74.776
-74.7747
-74.7726
-74.7695
-74.766
-74.7626
-74.7611
-74.762
-74.7638
-74.7642
-74.7654
-74.7675
-74.7685
-74.768
-74.7669
-74.7649
-74.7621
-74.7583
-74.7543
-74.751
-74.7487
-74.7494
-74.7508
-74.7516
-74.7526
-74.7548
-74.7567
-74.7575
-74.7571
-74.7554
-74.7521
-74.748
-74.7445
-74.741
-74.7384
-74.7371
-74.7374
-74.7383
-74.7388
-74.7395
-74.742
-74.7452
-74.746
-74.7458
-74.7432
-74.7398
-74.7349
-74.7304
-74.7272
-74.723
-74.7189
-74.7191
-74.7207
-74.723
-74.7244
-74.7264
-74.7306
-74.7343
-74.7353
-74.7334
-74.7313
-74.7276
-74.7239
-74.7197
-74.7153
-74.7105
-74.7048
-74.7019
-74.7041
-74.7065
-74.7091
-74.7113
-74.7138
-74.7184
-74.7216
-74.7223
-74.7183
-74.715
-74.7111
-74.706
-74.7029
-74.6981
-74.6896
-74.6819
-74.6794
-74.681
-74.6845
-74.6902
-74.6951
-74.7
-74.7034
-74.7061
-74.7082
-74.7095
-74.7076
-74.7022
-74.698
-74.6947
-74.69
-74.6839
-74.6757
-74.665
-74.657
-74.6587
-74.6658
-74.6701
-74.6753
-74.681
-74.6851
-74.6869
-74.6893
-74.6889
-74.6887
-74.6877
-74.6838
-74.6774
-74.6736
-74.671
-74.6643
-74.6544
-74.6445
-74.6336
-74.6293
-74.6344
-74.6416
-74.6481
-74.657
-74.6625
-74.665
-74.6691
-74.6733
-74.6752
-74.6739
-74.6721
-74.6712
-74.6663
-74.6597
-74.6543
-74.6508
-74.6449
-74.6343
-74.621
-74.6105
-74.6082
-74.6122
-74.6196
-74.626
-74.6295
-74.638
-74.6444
-74.6464
-74.6459
-74.6444
-74.6465
-74.6469
-74.6446
-74.6418
-74.639
-74.6359
-74.6306
-74.6236
-74.6148
-74.6074
-74.5974
-74.5898
-74.5813
-74.5766
-74.5809
-74.5915
-74.6012
-74.6048
-74.6022
-74.6057
-74.613
-74.6194
-74.6218
-74.6229
-74.6221
-74.6195
-74.6165
-74.6145
-74.6119
-74.6116
-74.6114
-74.608
-74.5997
-74.5871
-74.5756
-74.5695
-74.5618
-74.5545
-74.553
-74.5553
-74.5637
-74.5718
-74.5769
-74.5767
-74.5722
-74.5707
-74.5764
-74.5809
-74.5824
-74.5845
-74.5862
-74.5841
-74.5841
-74.5822
-74.5755
-74.5682
-74.5633
-74.5613
-74.5609
-74.5579
-74.5521
-74.5456
-74.5354
-74.5228
-74.5145
-74.5157
-74.5159
-74.515
-74.5165
-74.5225
-74.5275
-74.5295
-74.5297
-74.526
-74.5213
-74.5252
-74.5334
-74.5405
-74.5402
-74.5331
-74.5279
-74.5311
-74.536
-74.5405
-74.5413
-74.5379
-74.5291
-74.5203
-74.5119
-74.5055
-74.5028
-74.5006
-74.4981
-74.4948
-74.4896
-74.4868
-74.4799
-74.4714
-74.4654
-74.4641
-74.4655
-74.4684
-74.4697
-74.4721
-74.4769
-74.4786
-74.4787
-74.4736
-74.4667
-74.4682
-74.4769
-74.484
-74.4871
-74.4833
-74.4769
-74.4742
-74.4722
-74.4686
-74.4632
-74.4642
-74.4641
-74.465
-74.4639
-74.4591
-74.4572
-74.4559
-74.4504
-74.4433
-74.4362
-74.4304
-74.4214
-74.4105
-74.4046
-74.4002
-74.3915
-74.3801
-74.3766
-74.3771
-74.38
-74.3855
-74.3921
-74.3931
-74.3903
-74.3942
-74.3966
-74.3906
-74.3814
-74.3747
-74.3713
-74.3722
-74.3778
-74.3838
-74.3872
-74.3887
-74.3907
-74.3914
-74.3887
-74.3836
-74.3792
-74.3755
-74.3728
-74.3657
-74.358
-74.3546
-74.358
-74.3623
-74.3679
-74.3707
-74.3686
-74.368
-74.368
-74.365
-74.3563
-74.3443
-74.3321
-74.3194
-74.3066
-74.2896
-74.2683
-74.2493
-74.2388
-74.2296
-74.2219
-74.2239
-74.2294
-74.2349
-74.2462
-74.2612
-74.2712
-74.2752
-74.2721
-74.2679
-74.2718
-74.2764
-74.2752
-74.2722
-74.2708
-74.267
-74.2611
-74.2519
-74.2471
-74.2504
-74.2593
-74.2684
-74.2746
-74.2762
-74.2702
-74.2599
-74.2501
-74.2448
-74.2368
-74.2299
-74.2301
-74.2287
-74.2282
-74.2284
-74.227
-74.2244
-74.2283
-74.2335
-74.2354
-74.2337
-74.2327
-74.2267
-74.2141
-74.2014
-74.1922
-74.1833
-74.1735
-74.1651
-74.1589
-74.1522
-74.1448
-74.1336
-74.1205
-74.1144
-74.1086
-74.0975
-74.0835
-74.07
-74.0567
-74.0389
-74.0174
-73.9984
-73.984
-73.9716
-73.9632
-73.961
-73.9572
-73.9539
-73.9618
-73.9772
-73.9853
-73.982
-73.9724
-73.9621
-73.959
-73.954
-73.9552
-73.9766
-74.0146
-74.0446
-74.0659
-74.0782
-74.0783
-74.07
-74.0612
-74.054
-74.0486
-74.0509
-74.0577
-74.0651
-74.0708
-74.0789
-74.0892
-74.1012
-74.1085
-74.1054
-74.0947
-74.0864
-74.0843
-74.0833
-74.0772
-74.0659
-74.052
-74.0377
-74.0251
-74.0091
-73.9954
-73.9852
-73.9733
-73.9631
-73.9579
-73.9528
-73.9495
-73.9451
-73.9424
-73.9488
-73.9523
-73.9482
-73.9401
-73.9282
-73.9238
-73.9241
-73.918
-73.9087
-73.9061
-73.9003
-73.8923
-73.8862
-73.8783
-73.8674
-73.851
-73.8332
-73.8158
-73.7977
-73.7828
-73.7699
-73.7532
-73.732
-73.7075
-73.6806
-73.6616
-73.6534
-73.6448
-73.6305
-73.611
-73.5927
-73.5819
-73.5754
-73.568
-73.5566
-73.5464
-73.5324
-73.5164
-73.5031
-73.4869
-73.4702
-73.4565
-73.4412
-73.4298
-73.425
-73.4252
-73.4249
-73.4275
-73.4288
-73.4228
-73.4099
-73.3921
-73.3709
-73.3473
-73.322
-73.3052
-73.2991
-73.2901
-73.2811
-73.2816
-73.2801
-73.2756
-73.272
-73.2632
-73.2489
-73.2336
-73.2232
-73.213
-73.2151
-73.2175
-73.2177
-73.2226
-73.2304
-73.2384
-73.2388
-73.2373
-73.2357
-73.2368
-73.2423
-73.2446
-73.2392
-73.2274
-73.2109
-73.1913
-73.1696
-73.1547
-73.1423
-73.1266
-73.1144
-73.1071
-73.1054
-73.103
-73.1038
-73.0999
-73.0897
-73.0746
-73.056
-73.044
-73.046
-73.0459
-73.0392
-73.0372
-73.0446
-73.0542
-73.063
-73.0637
-73.0568
-73.0442
-73.0277
-73.0085
-72.9874
-72.9648
-72.9413
-72.917
-72.893
-72.879
-72.868
-72.854
-72.8366
-72.8168
-72.7952
-72.7726
-72.7547
-72.7459
-72.7357
-72.7217
-72.7047
-72.6854
-72.6647
-72.643
-72.6206
-72.5978
-72.5746
-72.5514
-72.528
-72.5047
-72.4813
-72.458
-72.4349
-72.4119
-72.389
-72.3663
-72.3437
-72.3214
-72.2993
-72.2773
-72.2556
-72.2341
-72.2128
-72.1917
-72.1709
-72.1503
-72.1298
-72.1097
-72.0897
-72.0699
-72.0504
-72.0311
-72.012
-71.9931
-71.9745
-71.9561
-71.9378
-71.9198
-71.902
-71.8844
-71.867
-71.8498
-71.8328
-71.816
-71.7996
-71.7977
-71.8049
-71.8084
-71.8068
-71.8012
-71.7928
-71.7825
-71.771
-71.7586
-71.7457
-71.7323
-71.7187
-71.7049
-71.691
-71.6771
-71.6632
-71.6493
-71.6354
-71.6216
-71.608
-71.5944
-71.5809
-71.5676
-71.5543
-71.5412
-71.5282
-71.5154
-71.5027
-71.4902
-71.4777
-71.4655
-71.4533
-71.4413
-71.4295
-71.4177
-71.4062
-71.3947
-71.3834
-71.3723
-71.3612
-71.3503
-71.3396
-71.329
-71.3185
-71.3081
-71.2979
-71.2878
-71.2778
-71.268
-71.2583
-71.2487
-71.2393
-71.2299
-71.2207
-71.2116
-71.2026
-71.1937
-71.185
-71.1763
-71.1678
-71.1594
-71.1511
-71.1429
-71.1348
-71.1268
-71.1189
-71.1111
-71.1034
-71.0958
-71.0883
-71.081
-71.0737
-71.0665
-71.0594
-71.0524
-71.0455
-71.0387
-71.032
-71.0253
-71.0188
-71.0123
-71.006
-70.9997
-70.9935
-70.9874
-70.9814
-70.9754
-70.9695
-70.9638
-70.9581
-70.9524
-70.9469
-70.9414
-70.936
-70.9307
-70.9254
-70.9203
-70.9152
-70.9101
-70.9052
-70.9003
-70.8954
-70.8907
-70.886
-70.8814
-70.8768
-70.8723
-70.8679
-70.8635
-70.8592
-70.855
-70.8508
-70.8467
-70.8426
-70.8386
-70.8347
-70.8308
-70.827
-70.8232
-70.8195
-70.8158
-70.8122
-70.8087
-70.8052
-70.8017
-70.7983
-70.795
-70.7917
-70.7884
-70.7852
-70.7821
-70.779
-70.7759
-70.7729
-70.77
-70.7671
-70.7642
-70.7614
-70.7586
-70.7558
-70.7531
-70.7505
-70.7479
-70.7453
-70.7428
-70.7403
-70.7378
-70.7354
-70.733
-70.7307
-70.7284
-70.7261
-70.7239
-70.7217
-70.7196
-70.7175
-70.7154
-70.7133
-70.7113
-70.7093
-70.7074
-70.7055
-70.7036
-70.7017
-70.6999
-70.6981
-70.6964
-70.6947
-70.693
-70.6913
-70.6897
-70.688
-70.6865
-70.6849
-70.6834
-70.6819
-70.6804
-70.679
-70.6775
-70.6761
-70.6748
-70.6734
-70.6721
-70.6708
-70.6695
-70.6683
-70.6671
-70.6659
-70.6647
-70.6635
-70.6624
-70.6613
-70.6602
-70.6591
-70.6581
-70.6571
-70.656
-70.6551
-70.6541
-70.6531
-70.6522
-70.6513
-70.6504
-70.6495
-70.6487
-70.6478
-70.647
-70.6462
-70.6454
-70.6447
-70.6439
-70.6432
-70.6425
-70.6418
-70.6411
-70.6404
-70.6397
-70.6391
-70.6385
-70.6379
-70.6373
-70.6367
-70.6361
-70.6356
-70.635
-70.6345
-70.634
-70.6335
-70.633
-70.6325
-70.632
-70.6316
-70.6312
-70.6307
-70.6303
-70.6299
-70.6295
-70.6291
-70.6288
-70.6284
-70.628
-70.6277
-70.6274
-70.6271
-70.6267
-70.6264
-70.6262
-70.6259
-70.6256
-70.6253
-70.6251
-70.6248
-70.6246
-70.6244
-70.6242
-70.624
-70.6238
-70.6236
-70.6234
-70.6232
-70.623
-70.6229
-70.6227
-70.6226
-70.6224
-70.6223
-70.6222
-70.622
-70.6219
-70.6218
-70.6217
-70.6216
-70.6215
-70.6215
-70.6214
-70.6213
-70.6212
-70.6212
-70.6211
-70.6211
-70.621
-70.621
-70.621
-70.621
-70.6209
-70.6209
-70.6209
-70.6209
-70.6209
-70.6209
-70.6209
-70.6209
-70.6209
-70.621
-70.621
-70.621
-70.621
-70.6211
-70.6211
-70.6212
-70.6212
-70.6213
-70.6213
-70.6214
-70.6214
-70.6215
-70.6216
-70.6216
-70.6217
-70.6218
-70.6219
-70.6219
-70.622
-70.6221
-70.6222
-70.6223
-70.6224
-70.6225
-70.6226
-70.6227
-70.6228
-70.6229
-70.623
-70.6231
-70.6233
-70.6234
-70.6235
-70.6236
-70.6237
-70.6239
-70.624
-70.6241
-70.6243
-70.6244
-70.6245
-70.6247
-70.6248
-70.6249
-70.6251
-70.6252
-70.6254
-70.6255
-70.6256
-70.6258
-70.6259
-70.6261
-70.6262
-70.6264
-70.6265
-70.6267
-70.6268
-70.627
-70.6272
-70.6273
-70.6275
-70.6276
-70.6278
-70.628
-70.6281
-70.6283
-70.6284
-70.6286
-70.6288
-70.6289
-70.6291
-70.6293
-70.6294
-70.6296
-70.6298
-70.6299
-70.6301
-70.6303
-70.6304
-70.6306
-70.6308
-70.6309
-70.6311
-70.6313
-70.6314
-70.6316
-70.6318
-70.632
-70.6321
-70.6323
-70.6325
-70.6326
-70.6328
-70.633
-70.6332
-70.6333
-70.6335
-70.6337
-70.6338
-70.634
-70.6342
-70.6343
-70.6345
-70.6347
-70.6349
-70.635
-70.6352
-70.6354
-70.6355
-70.6357
-70.6359
-70.636
-70.6362
-70.6364
-70.6365
-70.6367
-70.6369
-70.6371
-70.6372
-70.6374
-70.6376
-70.6377
-70.6379
-70.638
-70.6382
-70.6384
-70.6385
-70.6387
-70.6389
-70.639
-70.6392
-70.6393
-70.6395
-70.6397
-70.6398
-70.64
-70.6401
-70.6403
-70.6405
-70.6406
-70.6408
-70.6409
-70.6411
-70.6412
-70.6414
-70.6416
-70.6417
-70.6419
-70.642
-70.6422
-70.6423
-70.6425
-70.6426
-70.6428
-70.6429
-70.6431
-70.6432
-70.6434
-70.6435
-70.6437
-70.6438
-70.6439
-70.6441
-70.6442
-70.6444
-70.6445
-70.6447

