-70
-70.1661
-70.23
-70.2566
-70.2695
-70.2773
-70.283
-70.2879
-70.2925
-70.297
-70.3014
-70.3057
-70.31
-70.3142
-70.3185
-70.3226
-70.3268
-70.3309
-70.335
-70.3391
-70.3431
-70.3471
-70.351
-70.3549
-70.3588
-70.3626
-70.3664
-70.3701
-70.3738
-70.3775
-70.3811
-70.3847
-70.3883
-70.3918
-70.3953
-70.3987
-70.4021
-70.4055
-70.4088
-70.4121
-70.4154
-70.4186
-70.4218
-70.4249
-70.428
-70.4311
-70.4341
-70.4372
-70.4401
-70.4431
-70.446
-70.4489
-70.4517
-70.4545
-70.4573
-70.4601
-70.4628
-70.4655
-70.4682
-70.4708
-70.4734
-70.476
-70.4785
-70.481
-70.4835
-70.486
-70.4884
-70.4908
-70.4932
-70.4955
-70.4978
-70.5001
-70.5024
-70.5046
-70.5068
-70.509
-70.5112
-70.5133
-70.5154
-70.5175
-70.5196
-70.5216
-70.5236
-70.5256
-70.5276
-70.5295
-70.5315
-70.5334
-70.5352
-70.5371
-70.5389
-70.5407
-70.5425
-70.5443
-70.5461
-70.5478
-70.5495
-70.5512
-70.5528
-70.5545
-70.5561
-70.5577
-70.5593
-70.5609
-70.5624
-70.5639
-70.5655
-70.5669
-70.5684
-70.5699
-70.5713
-70.5727
-70.5741
-70.5755
-70.5769
-70.5782
-70.5796
-70.5809
-70.5822
-70.5835
-70.5848
-70.586
-70.5873
-70.5885
-70.5897
-70.5909
-70.5921
-70.5932
-70.5944
-70.5955
-70.5966
-70.5977
-70.5988
-70.5999
-70.601
-70.602
-70.603
-70.6041
-70.6051
-70.6061
-70.6071
-70.608
-70.609
-70.6099
-70.6109
-70.6118
-70.6127
-70.6136
-70.6145
-70.6154
-70.6162
-70.6171
-70.6179
-70.6187
-70.6196
-70.6204
-70.6212
-70.622
-70.6227
-70.6235
-70.6242
-70.625
-70.6257
-70.6265
-70.6272
-70.6279
-70.6286
-70.6293
-70.6299
-70.6306
-70.6313
-70.6319
-70.6325
-70.6332
-70.6338
-70.6344
-70.635
-70.6356
-70.6362
-70.6368
-70.6374
-70.6379
-70.6385
-70.639
-70.6396
-70.6401
-70.6406
-70.6411
-70.6417
-70.6422
-70.6427
-70.6431
-70.6436
-70.6441
-70.6446
-70.645
-70.6455
-70.6459
-70.6464
-70.6468
-70.6472
-70.6476
-70.6481
-70.6485
-70.6489
-70.6493
-70.6497
-70.65
-70.6504
-70.6508
-70.6512
-70.6515
-70.6519
-70.6522
-70.6526
-70.6529
-70.6533
-70.6536
-70.6539
-70.6542
-70.6545
-70.6549
-70.6552
-70.6555
-70.6558
-70.656
-70.6563
-70.6566
-70.6569
-70.6572
-70.6574
-70.6577
-70.658
-70.6582
-70.6585
-70.6587
-70.6589
-70.6592
-70.6594
-70.6597
-70.6599
-70.6601
-70.6603
-70.6605
-70.6607
-70.661
-70.6612
-70.6614
-70.6616
-70.6617
-70.6619
-70.6621
-70.6623
-70.6625
-70.6627
-70.6628
-70.663
-70.6632
-70.6633
-70.6635
-70.6637
-70.6638
-70.664
-70.6641
-70.6643
-70.6644
-70.6646
-70.6647
-70.6648
-70.665
-70.6651
-70.6652
-70.6653
-70.6655
-70.6656
-70.6657
-70.6658
-70.6659
-70.666
-70.6662
-70.6663
-70.6664
-70.6665
-70.6666
-70.6667
-70.6668
-70.6669
-70.667
-70.667
-70.6671
-70.6672
-70.6673
-70.6674
-70.6675
-70.6675
-70.6676
-70.6677
-70.6678
-70.6678
-70.6679
-70.668
-70.668
-70.6681
-70.6682
-70.6682
-70.6683
-70.6683
-70.6684
-70.6685
-70.6685
-70.6686
-70.6686
-70.6687
-70.6687
-70.6688
-70.6688
-70.6688
-70.6689
-70.6689
-70.669
-70.669
-70.669
-70.6691
-70.6691
-70.6691
-70.6692
-70.6692
-70.6692
-70.6693
-70.6693
-70.6693
-70.6694
-70.6694
-70.6694
-70.6694
-70.6694
-70.6695
-70.6695
-70.6695
-70.6695
-70.6695
-70.6696
-70.6696
-70.6696
-70.6696
-70.6696
-70.6696
-70.6696
-70.6697
-70.6697
-70.6697
-70.6697
-70.6697
-70.6697
-70.6697
-70.6697
-70.6697
-70.6697
-70.6697
-70.6697
-70.6697
-70.6697
-70.6697
-70.6697
-70.6697
-70.6697
-70.6697
-70.6697
-70.6697
-70.6697
-70.6697
-70.6697
-70.6697
-70.6697
-70.6697
-70.6697
-70.6697
-70.6697
-70.6697
-70.6697
-70.6697
-70.6697
-70.6697
-70.6696
-70.6696
-70.6696
-70.6696
-70.6696
-70.6696
-70.6696
-70.6696
-70.6696
-70.6695
-70.6695
-70.6695
-70.6695
-70.6695
-70.6695
-70.6695
-70.6695
-70.6694
-70.6694
-70.6694
-70.6694
-70.6694
-70.6694
-70.6693
-70.6693
-70.6693
-70.6693
-70.6693
-70.6693
-70.6693
-70.6692
-70.6692
-70.6692
-70.6692
-70.6692
-70.6691
-70.6691
-70.6691
-70.6691
-70.6691
-70.6691
-70.669
-70.669
-70.669
-70.669
-70.669
-70.6689
-70.6689
-70.6689
-70.6689
-70.6689
-70.6688
-70.6688
-70.6688
-70.6688
-70.6688
-70.6687
-70.6687
-70.6687
-70.6687
-70.6686
-70.6686
-70.6686
-70.6686
-70.6686
-70.6685
-70.6685
-70.6685
-70.6685
-70.6685
-70.6684
-70.6684
-70.6684
-70.6684
-70.6684
-70.6683
-70.6683
-70.6683
-70.6683
-70.6682
-70.6682
-70.6682
-70.6682
-70.6682
-70.6681
-70.6681
-70.6681
-70.6681
-70.6681
-70.6756
-70.8185
-71.3275
-72.2718
-73.2023
-73.7857
-66.086
-54.2342
-51.1512
-49.3273
-46.9478
-36.9963
-6.44316
-35.3417
-66.7975
-68.8101
-67.8343
-66.7863
-65.7184
-64.6491
-63.5959
-62.5767
-61.6088
-60.7048
-59.8716
-58.8931
-58.0088
-57.3038
-56.7057
-56.1914
-55.7493
-55.3677
-55.0055
-54.7059
-54.4638
-54.2682
-54.1104
-53.9826
-53.8644
-53.7612
-53.683
-53.6244
-53.5807
-53.5484
-53.5252
-53.5024
-53.4727
-53.4525
-53.4406
-53.4342
-53.4316
-53.4315
-53.4334
-53.4368
-53.4305
-53.4173
-53.411
-53.4096
-53.4111
-53.4144
-53.4186
-53.4236
-53.4291
-53.435
-53.4413
-53.4454
-53.4274
-53.4159
-53.4119
-53.412
-53.4142
-53.4175
-53.4214
-53.4256
-53.4301
-53.4347
-53.4395
-53.4443
-53.4484
-53.452
-53.4551
-53.4575
-53.4586
-53.4262
-53.4049
-53.3954
-53.39
-53.3845
-53.3749
-53.3513
-53.215
-52.7203
-52.6871
-52.8053
-52.9276
-53.0218
-53.0873
-53.1311
-53.1607
-53.1829
-53.2021
-53.2214
-53.2432
-53.2697
-53.3033
-53.3469
-53.4026
-53.4706
-53.5492
-53.6367
-53.6401
-53.5214
-53.48
-53.4699
-53.4718
-53.4789
-53.4891
-53.5017
-53.5162
-53.5327
-53.5512
-53.5717
-53.5944
-53.6194
-53.6468
-53.6769
-53.7099
-53.7462
-53.7859
-53.8292
-53.8766
-53.9282
-53.9844
-54.0455
-54.1119
-54.1839
-54.2618
-54.3458
-54.4366
-54.5346
-54.6403
-54.7542
-54.8769
-55.009
-55.1512
-55.3038
-55.4669
-54.4809
-53.475
-53.2426
-53.2203
-53.2537
-53.2988
-53.3433
-53.3841
-53.4209
-53.4544
-53.4854
-53.5144
-53.5423
-53.5696
-53.5968
-53.6254
-53.655
-53.6855
-53.7185
-53.754
-53.7913
-53.8308
-53.8729
-53.918
-53.9665
-54.02
-54.0789
-54.1417
-54.2098
-54.2847
-54.3642
-54.4484
-54.5381
-54.6337
-54.7393
-54.8589
-54.9899
-55.1277
-55.2707
-55.4256
-55.59
-55.7602
-55.9367
-56.1205
-54.6394
-53.3506
-53.0848
-53.0751
-53.1281
-53.1906
-53.2488
-53.2996
-53.3433
-53.3813
-53.4147
-53.4451
-53.4733
-53.4996
-53.5254
-53.5509
-53.5761
-53.6024
-53.6297
-53.6577
-53.6867
-53.7174
-53.7518
-53.7892
-53.8286
-53.8716
-53.9199
-53.9712
-54.0273
-54.0896
-54.1553
-54.2244
-54.2976
-54.3806
-54.4703
-54.5641
-54.6626
-54.7718
-54.8925
-55.0184
-55.1571
-55.3071
-55.461
-55.6186
-55.7884
-55.9744
-56.1647
-56.3581
-56.5554
-56.7645
-56.9944
-57.2266
-57.4735
-57.732
-56.1219
-53.3942
-52.8392
-52.7936
-52.8752
-52.9789
-53.0749
-53.1568
-53.225
-53.2821
-53.3305
-53.3727
-53.4097
-53.4426
-53.4736
-53.5028
-53.5306
-53.5577
-53.5845
-53.6118
-53.6401
-53.6716
-53.7051
-53.7412
-53.783
-53.8286
-53.8759
-53.9253
-53.9777
-54.0337
-54.0948
-54.1648
-54.2397
-54.3182
-54.4022
-54.4986
-54.609
-54.7251
-54.8444
-54.9686
-55.0992
-55.2426
-55.4018
-55.5664
-55.7355
-55.9106
-55.7556
-53.616
-53.1326
-53.0676
-53.1066
-53.1663
-53.2239
-53.2751
-53.3193
-53.3574
-53.3906
-53.42
-53.4488
-53.4838
-53.5293
-53.5788
-53.6278
-53.6774
-53.7233
-53.7663
-53.81
-53.8578
-53.9197
-54.0085
-54.1242
-54.2448
-54.3586
-54.4676
-54.5738
-54.6824
-54.7977
-54.9288
-55.0799
-55.2699
-55.4922
-55.724
-55.9524
-56.1822
-56.418
-56.6636
-56.921
-57.1988
-57.5059
-57.8607
-58.2552
-58.6703
-59.0862
-59.5003
-59.9175
-60.3384
-60.7628
-61.1983
-61.6579
-62.1499
-62.6874
-63.2515
-63.8084
-64.3397
-64.8484
-65.337
-65.8067
-66.2603
-66.7131
-67.1704
-67.6387
-68.1284
-68.6135
-69.0663
-69.4774
-69.8537
-70.199
-70.5151
-70.8089
-71.0919
-71.3688
-71.6403
-71.9109
-72.1751
-72.4151
-72.6262
-72.8108
-72.9736
-73.1186
-73.2511
-73.3757
-73.4956
-73.6113
-73.7232
-73.8347
-73.9363
-74.0241
-74.0979
-74.16
-74.2128
-74.259
-74.302
-74.3442
-74.3847
-74.4234
-74.4635
-74.504
-74.5407
-74.5708
-74.594
-74.6119
-74.6255
-74.6377
-74.6501
-74.6623
-74.6733
-74.685
-74.6988
-74.7139
-74.7275
-74.7373
-74.7433
-74.7465
-74.7472
-74.7482
-74.7511
-74.7535
-74.7552
-74.759
-74.7644
-74.771
-74.7777
-74.782
-74.7838
-74.7832
-74.7811
-74.7794
-74.7789
-74.7787
-74.7765
-74.775
-74.7754
-74.7767
-74.7796
-74.7829
-74.784
-74.7836
-74.7813
-74.7806
-74.7809
-74.7815
-74.78
-74.7771
-74.7756
-74.7751
-74.7743
-74.7751
-74.7773
-74.7773
-74.7757
-74.7738
-74.7729
-74.7734
-74.7739
-74.7718
-74.7673
-74.7645
-74.7642
-74.7627
-74.7616
-74.7631
-74.765
-74.7644
-74.7626
-74.763
-74.7637
-74.7653
-74.7663
-74.7638
-74.7591
-74.7567
-74.7562
-74.7546
-74.7527
-74.7526
-74.7527
-74.7513
-74.7485
-74.7478
-74.749
-74.7497
-74.7501
-74.7494
-74.7458
-74.7437
-74.7434
-74.744
-74.7423
-74.7402
-74.7402
-74.7412
-74.7399
-74.7389
-74.7383
-74.738
-74.7402
-74.7406
-74.7375
-74.7341
-74.7327
-74.7329
-74.7333
-74.7316
-74.7285
-74.7249
-74.7243
-74.7257
-74.726
-74.7236
-74.7207
-74.7207
-74.7232
-74.7238
-74.7212
-74.7165
-74.7156
-74.7182
-74.7202
-74.7195
-74.7171
-74.7148
-74.7123
-74.7139
-74.7172
-74.7172
-74.7127
-74.7089
-74.7095
-74.7095
-74.7067
-74.704
-74.7014
-74.6998
-74.7006
-74.7023
-74.7022
-74.7004
-74.6984
-74.6969
-74.6984
-74.701
-74.7032
-74.7008
-74.6946
-74.693
-74.6911
-74.6893
-74.687
-74.6826
-74.6809
-74.6826
-74.684
-74.6855
-74.6859
-74.684
-74.6826
-74.684
-74.6857
-74.687
-74.6885
-74.6892
-74.6861
-74.684
-74.6799
-74.6742
-74.6692
-74.6652
-74.6621
-74.6583
-74.6582
-74.6618
-74.6646
-74.6638
-74.6605
-74.6616
-74.6656
-74.6669
-74.6663
-74.667
-74.6674
-74.6673
-74.668
-74.6714
-74.6691
-74.6604
-74.6502
-74.6399
-74.6327
-74.6293
-74.6321
-74.6356
-74.6388
-74.6422
-74.6434
-74.6429
-74.6426
-74.6436
-74.645
-74.6442
-74.6432
-74.6409
-74.6404
-74.6439
-74.6517
-74.6562
-74.6541
-74.6457
-74.6341
-74.62
-74.61
-74.6013
-74.5972
-74.5999
-74.6036
-74.6072
-74.6129
-74.6188
-74.6205
-74.6194
-74.6187
-74.6183
-74.6176
-74.6175
-74.6172
-74.6149
-74.6119
-74.6171
-74.6233
-74.6256
-74.6244
-74.6199
-74.612
-74.6008
-74.5888
-74.5742
-74.5628
-74.5582
-74.5606
-74.5681
-74.5771
-74.5842
-74.5871
-74.5865
-74.5843
-74.5821
-74.5823
-74.5836
-74.5834
-74.5825
-74.58
-74.5788
-74.5817
-74.5859
-74.5885
-74.5896
-74.5882
-74.5861
-74.5833
-74.5779
-74.571
-74.5617
-74.5494
-74.5358
-74.5268
-74.5243
-74.5284
-74.5347
-74.5398
-74.5463
-74.5527
-74.5525
-74.5465
-74.5429
-74.5397
-74.5375
-74.537
-74.5357
-74.5355
-74.5326
-74.5359
-74.5442
-74.5494
-74.5503
-74.5489
-74.5478
-74.5455
-74.5388
-74.5306
-74.5227
-74.5162
-74.5104
-74.5026
-74.4933
-74.4875
-74.4862
-74.4858
-74.4858
-74.4849
-74.4829
-74.4847
-74.4884
-74.4882
-74.4876
-74.4873
-74.4848
-74.4835
-74.4804
-74.4761
-74.4738
-74.4699
-74.4662
-74.4693
-74.4755
-74.4837
-74.4899
-74.4941
-74.4949
-74.4922
-74.4873
-74.4827
-74.4803
-74.4748
-74.4674
-74.4627
-74.4553
-74.4448
-74.4363
-74.4304
-74.4264
-74.4291
-74.4323
-74.4341
-74.433
-74.4329
-74.4282
-74.4198
-74.4121
-74.4079
-74.4113
-74.4157
-74.416
-74.4094
-74.4033
-74.4032
-74.4087
-74.4087
-74.4039
-74.399
-74.399
-74.4056
-74.4126
-74.4159
-74.4142
-74.4103
-74.4088
-74.4041
-74.402
-74.3999
-74.3926
-74.3848
-74.3787
-74.3779
-74.3803
-74.384
-74.3872
-74.3838
-74.3746
-74.3645
-74.3575
-74.3509
-74.3452
-74.3444
-74.3483
-74.3489
-74.3514
-74.3517
-74.3484
-74.3428
-74.3338
-74.3212
-74.3115
-74.3047
-74.2971
-74.2905
-74.2816
-74.2689
-74.2603
-74.2534
-74.2446
-74.2437
-74.2465
-74.2502
-74.2487
-74.2478
-74.2516
-74.2632
-74.2779
-74.2907
-74.2973
-74.3012
-74.2995
-74.2921
-74.2814
-74.272
-74.2633
-74.2545
-74.2474
-74.2406
-74.236
-74.2339
-74.2281
-74.2212
-74.2185
-74.2173
-74.2111
-74.2042
-74.2071
-74.214
-74.2228
-74.2267
-74.2237
-74.219
-74.216
-74.2137
-74.2058
-74.1961
-74.1956
-74.1999
-74.2003
-74.2022
-74.2021
-74.1974
-74.1888
-74.1788
-74.1748
-74.1704
-74.1591
-74.1439
-74.128
-74.112
-74.0973
-74.0837
-74.0751
-74.0749
-74.0786
-74.0808
-74.0755
-74.0644
-74.0501
-74.0317
-74.0134
-73.9938
-73.9844
-73.9847
-73.9908
-73.9986
-74.0137
-74.0319
-74.0493
-74.062
-74.0664
-74.0631
-74.0548
-74.0462
-74.0481
-74.0572
-74.0629
-74.0642
-74.0663
-74.0724
-74.0815
-74.0836
-74.0835
-74.0776
-74.0682
-74.0583
-74.053
-74.0472
-74.0434
-74.0406
-74.0315
-74.017
-74.0121
-74.0089
-74.0038
-73.9993
-73.9922
-73.98
-73.969
-73.9606
-73.9587
-73.9541
-73.9466
-73.9343
-73.9209
-73.9051
-73.8899
-73.8798
-73.8771
-73.8761
-73.8784
-73.8825
-73.8825
-73.8752
-73.877
-73.886
-73.8886
-73.8884
-73.8862
-73.8837
-73.8892
-73.8969
-73.8991
-73.8986
-73.8979
-73.8978
-73.9014
-73.9
-73.8905
-73.8763
-73.865
-73.856
-73.8463
-73.8359
-73.8231
-73.8099
-73.7952
-73.7766
-73.76
-73.7477
-73.7335
-73.7153
-73.6992
-73.6813
-73.6598
-73.6364
-73.6178
-73.6106
-73.6169
-73.621
-73.616
-73.6045
-73.5939
-73.588
-73.587
-73.5801
-73.5666
-73.5479
-73.5265
-73.5138
-73.5056
-73.4931
-73.4755
-73.454
-73.4298
-73.4037
-73.38
-73.3619
-73.3446
-73.332
-73.3173
-73.2986
-73.2834
-73.2793
-73.2736
-73.2618
-73.245
-73.2277
-73.2204
-73.2264
-73.2323
-73.2488
-73.2691
-73.2802
-73.2886
-73.2903
-73.2839
-73.2737
-73.2767
-73.299
-73.3237
-73.3368
-73.3446
-73.3474
-73.3423
-73.3307
-73.3145
-73.2948
-73.2729
-73.2492
-73.2248
-73.2081
-73.1932
-73.1754
-73.1546
-73.1315
-73.1069
-73.0815
-73.0641
-73.057
-73.0533
-73.0446
-73.0307
-73.0128
-72.9922
-72.9697
-72.946
-72.9213
-72.8981
-72.8853
-72.8734
-72.8582
-72.8398
-72.8206
-72.8108
-72.8022
-72.7929
-72.7908
-72.7863
-72.7766
-72.7625
-72.7453
-72.726
-72.7053
-72.6835
-72.6611
-72.6381
-72.6149
-72.5914
-72.5678
-72.5442
-72.5205
-72.4969
-72.4734
-72.45
-72.4267
-72.4102
-72.4055
-72.3997
-72.3898
-72.3765
-72.3607
-72.3434
-72.3249
-72.3058
-72.2862
-72.2663
-72.2462
-72.2261
-72.2059
-72.1914
-72.1908
-72.1897
-72.184
-72.1744
-72.162
-72.1476
-72.132
-72.1155
-72.0985
-72.0811
-72.0635
-72.0457
-72.0278
-72.0099
-71.9921
-71.9743
-71.9566
-71.939
-71.9215
-71.9042
-71.887
-71.8699
-71.853
-71.8363
-71.8197
-71.8033
-71.7871
-71.771
-71.7552
-71.7395
-71.724
-71.7086
-71.6934
-71.6784
-71.6636
-71.649
-71.6345
-71.6202
-71.606
-71.5921
-71.5782
-71.5646
-71.5511
-71.5378
-71.5247
-71.5117
-71.4988
-71.4862
-71.4736
-71.4613
-71.4491
-71.437
-71.4251
-71.4133
-71.4017
-71.3902
-71.3789
-71.3677
-71.3566
-71.3457
-71.3349
-71.3243
-71.3138
-71.3034
-71.2932
-71.2831
-71.2731
-71.2633
-71.2536
-71.244
-71.2345
-71.2252
-71.216
-71.2069
-71.1979
-71.189
-71.1803
-71.1716
-71.1631
-71.1547
-71.1464
-71.1382
-71.1301
-71.1221
-71.1142
-71.1065
-71.0988
-71.0912
-71.0837
-71.0764
-71.0691
-71.0619
-71.0548
-71.0479
-71.041
-71.0342
-71.0275
-71.0208
-71.0143
-71.0079
-71.0015
-70.9952
-70.9891
-70.983
-70.9769
-70.971
-70.9652
-70.9594
-70.9537
-70.9481
-70.9426
-70.9371
-70.9317
-70.9264
-70.9212
-70.916
-70.9109
-70.9059
-70.901
-70.8961
-70.8913
-70.8865
-70.8819
-70.8773
-70.8727
-70.8683
-70.8638
-70.8595
-70.8552
-70.851
-70.8468
-70.8427
-70.8387
-70.8347
-70.8308
-70.8269
-70.8231
-70.8194
-70.8157
-70.812
-70.8084
-70.8049
-70.8014
-70.798
-70.7946
-70.7913
-70.788
-70.7848
-70.7816
-70.7785
-70.7754
-70.7723
-70.7694
-70.7664
-70.7635
-70.7607
-70.7579
-70.7551
-70.7524
-70.7497
-70.7471
-70.7445
-70.7419
-70.7394
-70.7369
-70.7345
-70.7321
-70.7297
-70.7274
-70.7252
-70.7229
-70.7207
-70.7185
-70.7164
-70.7143
-70.7122
-70.7102
-70.7082
-70.7063
-70.7043
-70.7024
-70.7006
-70.6987
-70.6969
-70.6952
-70.6934
-70.6917
-70.69
-70.6884
-70.6868
-70.6852
-70.6836
-70.6821
-70.6806
-70.6791
-70.6776
-70.6762
-70.6748
-70.6734
-70.6721
-70.6707
-70.6694
-70.6682
-70.6669
-70.6657
-70.6645
-70.6633
-70.6621
-70.661
-70.6599
-70.6588
-70.6577
-70.6566
-70.6556
-70.6546
-70.6536
-70.6526
-70.6517
-70.6508
-70.6498
-70.649
-70.6481
-70.6472
-70.6464
-70.6456
-70.6448
-70.644
-70.6432
-70.6425
-70.6417
-70.641
-70.6403
-70.6396
-70.6389
-70.6383
-70.6376
-70.637
-70.6364
-70.6358
-70.6352
-70.6347
-70.6341
-70.6336
-70.633
-70.6325
-70.632
-70.6315
-70.6311
-70.6306
-70.6302
-70.6297
-70.6293
-70.6289
-70.6285
-70.6281
-70.6277
-70.6273
-70.627
-70.6266
-70.6263
-70.626
-70.6256
-70.6253
-70.625
-70.6248
-70.6245
-70.6242
-70.624
-70.6237
-70.6235
-70.6232
-70.623
-70.6228
-70.6226
-70.6224
-70.6222
-70.622
-70.6218
-70.6217
-70.6215
-70.6214
-70.6212
-70.6211
-70.621
-70.6208
-70.6207
-70.6206
-70.6205
-70.6204
-70.6203
-70.6203
-70.6202
-70.6201
-70.62
-70.62
-70.6199
-70.6199
-70.6198
-70.6198
-70.6198
-70.6197
-70.6197
-70.6197
-70.6197
-70.6197
-70.6197
-70.6197
-70.6197
-70.6197
-70.6197
-70.6198
-70.6198
-70.6198
-70.6198
-70.6199
-70.6199
-70.62
-70.62
-70.6201
-70.6201
-70.6202
-70.6203
-70.6203
-70.6204
-70.6205
-70.6205
-70.6206
-70.6207
-70.6208
-70.6209
-70.621
-70.6211
-70.6212
-70.6213
-70.6214
-70.6215
-70.6216
-70.6217
-70.6218
-70.6219
-70.622
-70.6221
-70.6223
-70.6224
-70.6225
-70.6226
-70.6228
-70.6229
-70.623
-70.6232
-70.6233
-70.6234
-70.6236
-70.6237
-70.6239
-70.624
-70.6241
-70.6243
-70.6244
-70.6246
-70.6247
-70.6249
-70.6251
-70.6252
-70.6254
-70.6255
-70.6257
-70.6258
-70.626
-70.6262
-70.6263
-70.6265
-70.6266
-70.6268
-70.627
-70.6271
-70.6273
-70.6275
-70.6276
-70.6278
-70.628
-70.6281
-70.6283
-70.6285
-70.6287
-70.6288
-70.629
-70.6292
-70.6293
-70.6295
-70.6297
-70.6299
-70.63
-70.6302
-70.6304
-70.6306
-70.6307
-70.6309
-70.6311
-70.6313
-70.6314
-70.6316
-70.6318
-70.632
-70.6321
-70.6323
-70.6325
-70.6327
-70.6328
-70.633
-70.6332
-70.6334
-70.6335
-70.6337
-70.6339
-70.6341
-70.6342
-70.6344
-70.6346
-70.6348
-70.6349
-70.6351
-70.6353
-70.6355
-70.6356
-70.6358
-70.636
-70.6362
-70.6363
-70.6365
-70.6367
-70.6368
-70.637
-70.6372
-70.6373
-70.6375
-70.6377
-70.6379
-70.638
-70.6382
-70.6384
-70.6385
-70.6387
-70.6389
-70.639
-70.6392
-70.6393
-70.6395
-70.6397
-70.6398
-70.64
-70.6402
-70.6403
-70.6405
-70.6406
-70.6408
-70.641
-70.6411
-70.6413
-70.6414
-70.6416
-70.6417
-70.6419
-70.642
-70.6422
-70.6424
-70.6425
-70.6427
-70.6428
-70.643
-70.6431
-70.6433
-70.6434
-70.6436
-70.6437
-70.6438
-70.644
-70.6441
-70.6443
-70.6444
-70.6446
-70.6447

