-70
-70.1661
-70.23
-70.2566
-70.2695
-70.2773
-70.283
-70.2879
-70.2925
-70.297
-70.3014
-70.3057
-70.31
-70.3142
-70.3185
-70.3226
-70.3268
-70.3309
-70.335
-70.3391
-70.3431
-70.3471
-70.351
-70.3549
-70.3588
-70.3626
-70.3664
-70.3701
-70.3738
-70.3775
-70.3811
-70.3847
-70.3883
-70.3918
-70.3953
-70.3987
-70.4021
-70.4055
-70.4088
-70.4121
-70.4154
-70.4186
-70.4218
-70.4249
-70.428
-70.4311
-70.4341
-70.4372
-70.4401
-70.4431
-70.446
-70.4489
-70.4517
-70.4545
-70.4573
-70.4601
-70.4628
-70.4655
-70.4682
-70.4708
-70.4734
-70.476
-70.4785
-70.481
-70.4835
-70.486
-70.4884
-70.4908
-70.4932
-70.4955
-70.4978
-70.5001
-70.5024
-70.5046
-70.5068
-70.509
-70.5112
-70.5133
-70.5154
-70.5175
-70.5196
-70.5216
-70.5236
-70.5256
-70.5276
-70.5295
-70.5315
-70.5334
-70.5352
-70.5371
-70.5389
-70.5407
-70.5425
-70.5443
-70.5461
-70.5478
-70.5495
-70.5512
-70.5528
-70.5545
-70.5561
-70.5577
-70.5593
-70.5609
-70.5624
-70.5639
-70.5655
-70.5669
-70.5684
-70.5699
-70.5713
-70.5727
-70.5741
-70.5755
-70.5769
-70.5782
-70.5796
-70.5809
-70.5822
-70.5835
-70.5848
-70.586
-70.5873
-70.5885
-70.5897
-70.5909
-70.5921
-70.5932
-70.5944
-70.5955
-70.5966
-70.5977
-70.5988
-70.5999
-70.601
-70.602
-70.603
-70.6041
-70.6051
-70.6061
-70.6071
-70.608
-70.609
-70.6099
-70.6109
-70.6118
-70.6127
-70.6136
-70.6145
-70.6154
-70.6162
-70.6171
-70.6179
-70.6187
-70.6196
-70.6204
-70.6212
-70.622
-70.6227
-70.6235
-70.6242
-70.625
-70.6257
-70.6265
-70.6272
-70.6279
-70.6286
-70.6293
-70.6299
-70.6306
-70.6313
-70.6319
-70.6325
-70.6332
-70.6338
-70.6344
-70.635
-70.6356
-70.6362
-70.6368
-70.6374
-70.6379
-70.6385
-70.639
-70.6396
-70.6401
-70.6406
-70.6411
-70.6417
-70.6422
-70.6427
-70.6431
-70.6436
-70.6441
-70.6446
-70.645
-70.6455
-70.6459
-70.6464
-70.6468
-70.6472
-70.6476
-70.6481
-70.6485
-70.6489
-70.6493
-70.6497
-70.65
-70.6504
-70.6508
-70.6512
-70.6515
-70.6519
-70.6522
-70.6526
-70.6529
-70.6533
-70.6536
-70.6539
-70.6542
-70.6545
-70.6549
-70.6552
-70.6555
-70.6558
-70.656
-70.6563
-70.6566
-70.6569
-70.6572
-70.6574
-70.6577
-70.658
-70.6582
-70.6585
-70.6587
-70.6589
-70.6592
-70.6594
-70.6597
-70.6599
-70.6601
-70.6603
-70.6605
-70.6607
-70.661
-70.6612
-70.6614
-70.6616
-70.6617
-70.6619
-70.6621
-70.6623
-70.6625
-70.6627
-70.6628
-70.663
-70.6632
-70.6633
-70.6635
-70.6637
-70.6638
-70.664
-70.6641
-70.6643
-70.6644
-70.6646
-70.6647
-70.6648
-70.665
-70.6651
-70.6652
-70.6653
-70.6655
-70.6656
-70.6657
-70.6658
-70.6659
-70.666
-70.6662
-70.6663
-70.6664
-70.6665
-70.6666
-70.6667
-70.6668
-70.6669
-70.667
-70.667
-70.6671
-70.6672
-70.6673
-70.6674
-70.6675
-70.6675
-70.6676
-70.6677
-70.6678
-70.6678
-70.6679
-70.668
-70.668
-70.6681
-70.6682
-70.6682
-70.6683
-70.6683
-70.6684
-70.6685
-70.6685
-70.6686
-70.6686
-70.6687
-70.6687
-70.6688
-70.6688
-70.6688
-70.6689
-70.6689
-70.669
-70.669
-70.669
-70.6691
-70.6691
-70.6691
-70.6692
-70.6692
-70.6692
-70.6693
-70.6693
-70.6693
-70.6694
-70.6694
-70.6694
-70.6694
-70.6694
-70.6695
-70.6695
-70.6695
-70.6695
-70.6695
-70.6696
-70.6696
-70.6696
-70.6696
-70.6696
-70.6696
-70.6696
-70.6697
-70.6697
-70.6697
-70.6697
-70.6697
-70.6697
-70.6697
-70.6697
-70.6697
-70.6697
-70.6697
-70.6697
-70.6697
-70.6697
-70.6697
-70.6697
-70.6697
-70.6697
-70.6697
-70.6697
-70.6697
-70.6697
-70.6697
-70.6697
-70.6697
-70.6697
-70.6697
-70.6697
-70.6697
-70.6697
-70.6697
-70.6697
-70.6697
-70.6697
-70.6697
-70.6696
-70.6696
-70.6696
-70.6696
-70.6696
-70.6696
-70.6696
-70.6696
-70.6696
-70.6695
-70.6695
-70.6695
-70.6695
-70.6695
-70.6695
-70.6695
-70.6695
-70.6694
-70.6694
-70.6694
-70.6694
-70.6694
-70.6694
-70.6693
-70.6693
-70.6693
-70.6693
-70.6693
-70.6693
-70.6693
-70.6692
-70.6692
-70.6692
-70.6692
-70.6692
-70.6691
-70.6691
-70.6691
-70.6691
-70.6691
-70.6691
-70.669
-70.669
-70.669
-70.669
-70.669
-70.6689
-70.6689
-70.6689
-70.6689
-70.6689
-70.6688
-70.6688
-70.6688
-70.6688
-70.6688
-70.6687
-70.6687
-70.6687
-70.6687
-70.6686
-70.6686
-70.6686
-70.6686
-70.6686
-70.6685
-70.6685
-70.6685
-70.6685
-70.6685
-70.6684
-70.6684
-70.6684
-70.6684
-70.6684
-70.6683
-70.6683
-70.6683
-70.6683
-70.6682
-70.6682
-70.6682
-70.6682
-70.6682
-70.6681
-70.6681
-70.6681
-70.6681
-70.6681
-70.6884
-70.9202
-71.6519
-72.5929
-73.3739
-73.8677
-74.1197
-58.0667
-52.2348
-50.038
-47.887
-42.2284
8.83975
-28.9931
-61.3029
-69.0312
-68.1331
-67.0842
-66.0068
-64.9198
-63.8413
-62.7891
-61.7797
-60.8259
-59.9259
-59.0159
-58.1939
-57.4825
-56.862
-56.3205
-55.8506
-55.4389
-55.0784
-54.7703
-54.5144
-54.3037
-54.1312
-53.9887
-53.8662
-53.7631
-53.6816
-53.6179
-53.5685
-53.5306
-53.5016
-53.475
-53.4507
-53.433
-53.421
-53.413
-53.4081
-53.4054
-53.4044
-53.403
-53.397
-53.3915
-53.3892
-53.389
-53.3901
-53.3921
-53.3946
-53.3974
-53.4006
-53.404
-53.4059
-53.4003
-53.3951
-53.3933
-53.3936
-53.3949
-53.3969
-53.3992
-53.4017
-53.4043
-53.4069
-53.4097
-53.4124
-53.415
-53.4172
-53.4192
-53.4208
-53.4096
-53.3984
-53.3935
-53.3914
-53.39
-53.3881
-53.3845
-53.3762
-53.3468
-53.1084
-52.9949
-53.0421
-53.1115
-53.1689
-53.21
-53.2377
-53.2565
-53.27
-53.281
-53.2916
-53.303
-53.3165
-53.3335
-53.3554
-53.3837
-53.4171
-53.431
-53.4325
-53.4326
-53.4334
-53.4355
-53.4391
-53.4439
-53.4499
-53.4569
-53.465
-53.4743
-53.4847
-53.4965
-53.5095
-53.524
-53.54
-53.5577
-53.5772
-53.5986
-53.622
-53.6477
-53.6758
-53.7065
-53.7401
-53.777
-53.8172
-53.8611
-53.909
-53.9612
-54.0178
-54.0794
-54.1463
-54.2187
-54.2969
-53.7399
-53.4593
-53.3581
-53.3402
-53.3494
-53.3661
-53.384
-53.4012
-53.4172
-53.4323
-53.4465
-53.4602
-53.4736
-53.4869
-53.5004
-53.5141
-53.5284
-53.5434
-53.5592
-53.5761
-53.5942
-53.6146
-53.6367
-53.6602
-53.6854
-53.7126
-53.742
-53.7741
-53.8088
-53.8466
-53.8876
-53.9333
-53.9838
-54.0379
-54.0958
-54.158
-54.2249
-54.2966
-54.3734
-54.456
-54.5446
-53.6521
-53.3746
-53.3164
-53.2987
-53.307
-53.3249
-53.3445
-53.363
-53.3798
-53.3949
-53.4085
-53.4212
-53.4335
-53.4453
-53.4565
-53.4676
-53.4786
-53.4898
-53.5015
-53.5137
-53.5266
-53.5404
-53.556
-53.574
-53.5931
-53.6132
-53.6345
-53.6573
-53.6819
-53.7085
-53.7375
-53.7689
-53.8037
-53.844
-53.8893
-53.9396
-53.9925
-54.0482
-54.1073
-54.1704
-54.238
-54.3101
-54.3873
-54.4715
-54.5686
-54.6718
-54.7861
-54.9104
-55.0385
-53.6452
-53.2812
-53.2208
-53.2381
-53.2705
-53.2856
-53.3038
-53.3239
-53.343
-53.3605
-53.3763
-53.3902
-53.4027
-53.414
-53.4245
-53.4345
-53.4441
-53.4538
-53.4642
-53.4748
-53.4856
-53.4968
-53.5096
-53.5234
-53.5378
-53.5531
-53.5694
-53.587
-53.606
-53.6271
-53.6521
-53.6791
-53.7078
-53.7385
-53.7722
-53.8123
-53.8558
-53.9018
-53.9506
-54.0032
-54.0647
-54.1321
-54.2029
-54.2774
-54.3587
-54.4521
-54.5508
-54.6537
-54.7616
-53.6779
-53.2941
-53.2243
-53.2352
-53.2638
-53.2932
-53.3195
-53.3424
-53.362
-53.3789
-53.3937
-53.4068
-53.4189
-53.4307
-53.442
-53.4529
-53.4637
-53.4759
-53.4896
-53.5037
-53.518
-53.5328
-53.5485
-53.5656
-53.5903
-53.6336
-53.686
-53.7461
-53.8054
-53.8593
-53.9116
-53.967
-54.0358
-54.1418
-54.2921
-54.4743
-54.6598
-54.8359
-54.9964
-55.1487
-55.3035
-55.4686
-55.6614
-55.8876
-56.1597
-56.4721
-56.7847
-57.0987
-57.4109
-57.7231
-58.0429
-58.3779
-58.7422
-59.1407
-59.5811
-60.0647
-60.5546
-61.0467
-61.5331
-62.0081
-62.4771
-62.9471
-63.4289
-63.9246
-64.4439
-64.9892
-65.5427
-66.079
-66.5937
-67.0757
-67.5257
-67.9495
-68.358
-68.7573
-69.1547
-69.5537
-69.957
-70.3442
-70.7016
-71.0296
-71.3232
-71.5862
-71.8257
-72.0496
-72.2602
-72.4649
-72.6649
-72.8614
-73.0464
-73.2131
-73.3617
-73.4913
-73.603
-73.7022
-73.7925
-73.8755
-73.9555
-74.0342
-74.1113
-74.1859
-74.2527
-74.3105
-74.3596
-74.4004
-74.4346
-74.4647
-74.4914
-74.5165
-74.5435
-74.5701
-74.5977
-74.6236
-74.6471
-74.6653
-74.6795
-74.6904
-74.6989
-74.7063
-74.7117
-74.7183
-74.7263
-74.735
-74.7451
-74.7547
-74.7633
-74.7685
-74.7711
-74.7729
-74.7734
-74.7728
-74.7721
-74.7725
-74.7747
-74.7776
-74.7816
-74.7862
-74.7906
-74.793
-74.7929
-74.7914
-74.7899
-74.7877
-74.7852
-74.7839
-74.7832
-74.7831
-74.7838
-74.7855
-74.7878
-74.7898
-74.7898
-74.7885
-74.7853
-74.7833
-74.7816
-74.7808
-74.7803
-74.7796
-74.779
-74.779
-74.7795
-74.7803
-74.7825
-74.7826
-74.7801
-74.7767
-74.7734
-74.771
-74.7699
-74.7695
-74.7685
-74.7668
-74.7667
-74.7665
-74.7669
-74.7685
-74.771
-74.7711
-74.7681
-74.7642
-74.762
-74.7604
-74.7596
-74.7595
-74.7591
-74.7563
-74.7558
-74.7559
-74.7571
-74.7586
-74.7594
-74.7597
-74.7558
-74.7509
-74.747
-74.7448
-74.7445
-74.7443
-74.744
-74.7428
-74.7407
-74.7413
-74.7432
-74.7465
-74.7488
-74.7494
-74.7491
-74.7458
-74.741
-74.7368
-74.7335
-74.7321
-74.7321
-74.7322
-74.7308
-74.7278
-74.7277
-74.7286
-74.7295
-74.7318
-74.7338
-74.7339
-74.7323
-74.73
-74.7256
-74.7215
-74.718
-74.7155
-74.7155
-74.7171
-74.7172
-74.7149
-74.7142
-74.7145
-74.7158
-74.7183
-74.721
-74.7219
-74.7211
-74.7199
-74.7172
-74.7145
-74.7105
-74.7051
-74.7016
-74.6986
-74.7004
-74.7011
-74.6988
-74.6947
-74.6931
-74.6938
-74.6965
-74.7006
-74.7027
-74.7028
-74.7019
-74.7015
-74.7014
-74.7004
-74.6966
-74.6909
-74.6874
-74.6851
-74.6844
-74.6852
-74.6844
-74.68
-74.6774
-74.6755
-74.6775
-74.6828
-74.6856
-74.6857
-74.686
-74.6876
-74.6864
-74.6842
-74.6827
-74.68
-74.6766
-74.6721
-74.6677
-74.6673
-74.6645
-74.6597
-74.6564
-74.653
-74.6515
-74.6505
-74.6518
-74.6561
-74.6621
-74.6648
-74.6671
-74.6692
-74.6687
-74.6684
-74.6674
-74.6631
-74.6585
-74.6566
-74.6538
-74.6506
-74.6481
-74.6474
-74.6435
-74.6349
-74.6284
-74.6285
-74.6296
-74.6297
-74.6301
-74.6326
-74.6362
-74.6397
-74.6451
-74.6485
-74.6495
-74.6481
-74.6443
-74.6399
-74.6368
-74.6345
-74.6298
-74.6238
-74.6226
-74.6226
-74.6197
-74.6143
-74.6061
-74.5959
-74.591
-74.5913
-74.5955
-74.5993
-74.6016
-74.6061
-74.6123
-74.6152
-74.6166
-74.6202
-74.6256
-74.6273
-74.6239
-74.6167
-74.6105
-74.606
-74.6034
-74.5981
-74.5967
-74.5971
-74.5966
-74.5923
-74.5846
-74.5768
-74.5676
-74.5588
-74.553
-74.5504
-74.5537
-74.5592
-74.5645
-74.5717
-74.5821
-74.5857
-74.5838
-74.5844
-74.588
-74.5905
-74.5915
-74.5895
-74.5855
-74.5794
-74.574
-74.5674
-74.5632
-74.5636
-74.5663
-74.5646
-74.5593
-74.5504
-74.539
-74.5278
-74.5153
-74.5051
-74.5044
-74.5057
-74.5062
-74.5065
-74.5109
-74.5146
-74.5199
-74.5307
-74.5415
-74.5455
-74.5489
-74.5503
-74.5503
-74.5494
-74.5456
-74.5413
-74.5373
-74.5338
-74.5336
-74.5332
-74.5302
-74.5283
-74.5271
-74.5245
-74.5203
-74.514
-74.5046
-74.4934
-74.4809
-74.4684
-74.4547
-74.4437
-74.4372
-74.4345
-74.431
-74.4306
-74.4348
-74.4391
-74.4487
-74.4583
-74.4624
-74.4666
-74.475
-74.4847
-74.4942
-74.5001
-74.4983
-74.4943
-74.4902
-74.4896
-74.4911
-74.49
-74.4896
-74.487
-74.4793
-74.4686
-74.4632
-74.4633
-74.4626
-74.464
-74.4641
-74.4594
-74.4523
-74.442
-74.4283
-74.4108
-74.3945
-74.3809
-74.3658
-74.3503
-74.3388
-74.3356
-74.3387
-74.3436
-74.3461
-74.3525
-74.3577
-74.3604
-74.3605
-74.3576
-74.354
-74.3573
-74.3736
-74.3908
-74.4016
-74.4053
-74.4056
-74.4064
-74.4033
-74.4048
-74.4162
-74.4261
-74.4309
-74.4304
-74.4257
-74.4163
-74.4051
-74.3951
-74.39
-74.3882
-74.3827
-74.3764
-74.3703
-74.3643
-74.3614
-74.359
-74.3542
-74.3432
-74.3287
-74.3152
-74.302
-74.2869
-74.2682
-74.2455
-74.2199
-74.2046
-74.1977
-74.193
-74.1928
-74.1942
-74.1991
-74.2065
-74.2099
-74.208
-74.2074
-74.2048
-74.2029
-74.2004
-74.2
-74.1984
-74.1976
-74.2017
-74.207
-74.2181
-74.2245
-74.2339
-74.2455
-74.2539
-74.2571
-74.2625
-74.2697
-74.271
-74.2687
-74.2668
-74.2733
-74.2838
-74.2901
-74.2916
-74.2923
-74.2907
-74.2845
-74.2762
-74.2762
-74.2841
-74.285
-74.2769
-74.2664
-74.2543
-74.2449
-74.2366
-74.2258
-74.2122
-74.1949
-74.178
-74.1647
-74.1517
-74.1345
-74.1153
-74.0974
-74.079
-74.0613
-74.0441
-74.0238
-74.0041
-73.9895
-73.9819
-73.9777
-73.9719
-73.9658
-73.9598
-73.9561
-73.9642
-73.9761
-73.9887
-73.9984
-74.0024
-73.9995
-73.9887
-73.9746
-73.9585
-73.9384
-73.9171
-73.9088
-73.9101
-73.9233
-73.9394
-73.9537
-73.9665
-73.9819
-73.9979
-74.009
-74.0112
-74.0083
-74.0025
-73.9981
-73.9963
-74.0043
-74.0094
-74.0048
-73.9976
-74.0015
-74.0095
-74.0178
-74.0173
-74.0081
-73.9983
-73.993
-73.991
-73.9951
-73.9966
-73.999
-74.0007
-73.997
-73.9906
-73.9834
-73.9737
-73.9685
-73.9823
-74.0016
-74.01
-74.0151
-74.0222
-74.0217
-74.0133
-74.0103
-74.0216
-74.0358
-74.0484
-74.0515
-74.0444
-74.0299
-74.0115
-73.9949
-73.9799
-73.9621
-73.9491
-73.9372
-73.9272
-73.9166
-73.9039
-73.8952
-73.8832
-73.8655
-73.8441
-73.8247
-73.8087
-73.7954
-73.7822
-73.7662
-73.7555
-73.7452
-73.7297
-73.7093
-73.6854
-73.6589
-73.6336
-73.6123
-73.5896
-73.5668
-73.5481
-73.5277
-73.5042
-73.4834
-73.4673
-73.4557
-73.4455
-73.4415
-73.4401
-73.4389
-73.4315
-73.4177
-73.399
-73.3807
-73.3674
-73.3595
-73.3496
-73.3346
-73.321
-73.3093
-73.2939
-73.2747
-73.2525
-73.2306
-73.2155
-73.1997
-73.1806
-73.1586
-73.1367
-73.1309
-73.1286
-73.1206
-73.1086
-73.1016
-73.0926
-73.0788
-73.0614
-73.0541
-73.08
-73.1343
-73.1769
-73.2004
-73.2171
-73.2255
-73.2243
-73.2158
-73.2022
-73.1849
-73.1725
-73.1628
-73.1495
-73.1325
-73.1131
-73.1005
-73.0944
-73.1017
-73.1071
-73.1042
-73.0943
-73.0793
-73.0667
-73.0586
-73.0533
-73.0515
-73.0545
-73.0549
-73.0484
-73.0362
-73.0198
-73.0006
-72.9794
-72.9567
-72.933
-72.9086
-72.8837
-72.8584
-72.8328
-72.8084
-72.7953
-72.7844
-72.7703
-72.7531
-72.7334
-72.7122
-72.6899
-72.6669
-72.6435
-72.6198
-72.5959
-72.572
-72.548
-72.5241
-72.5003
-72.4769
-72.4658
-72.4601
-72.4514
-72.4389
-72.4236
-72.4062
-72.3876
-72.3682
-72.3482
-72.3278
-72.3072
-72.2865
-72.2658
-72.2451
-72.2244
-72.2039
-72.1834
-72.1631
-72.1429
-72.1229
-72.1031
-72.0834
-72.0639
-72.0446
-72.0255
-72.0067
-71.988
-71.9695
-71.9512
-71.9331
-71.9152
-71.8975
-71.88
-71.8627
-71.8456
-71.8287
-71.812
-71.7955
-71.7791
-71.763
-71.7471
-71.7313
-71.7158
-71.7004
-71.6852
-71.6702
-71.6554
-71.6407
-71.6262
-71.6119
-71.5978
-71.5839
-71.5701
-71.5564
-71.543
-71.5297
-71.5166
-71.5036
-71.4908
-71.4782
-71.4657
-71.4533
-71.4412
-71.4291
-71.4173
-71.4055
-71.3939
-71.3825
-71.3712
-71.36
-71.349
-71.3381
-71.3274
-71.3168
-71.3064
-71.296
-71.2859
-71.2758
-71.2659
-71.2561
-71.2464
-71.2368
-71.2274
-71.2181
-71.2089
-71.1999
-71.1909
-71.1821
-71.1734
-71.1648
-71.1563
-71.1479
-71.1397
-71.1315
-71.1235
-71.1155
-71.1077
-71.0999
-71.0923
-71.0848
-71.0773
-71.07
-71.0628
-71.0556
-71.0486
-71.0416
-71.0348
-71.028
-71.0214
-71.0148
-71.0083
-71.0019
-70.9956
-70.9893
-70.9832
-70.9771
-70.9712
-70.9653
-70.9595
-70.9537
-70.9481
-70.9425
-70.937
-70.9316
-70.9262
-70.921
-70.9158
-70.9106
-70.9056
-70.9006
-70.8957
-70.8909
-70.8861
-70.8814
-70.8768
-70.8722
-70.8677
-70.8632
-70.8589
-70.8546
-70.8503
-70.8461
-70.842
-70.8379
-70.8339
-70.83
-70.8261
-70.8222
-70.8185
-70.8148
-70.8111
-70.8075
-70.8039
-70.8004
-70.797
-70.7936
-70.7902
-70.7869
-70.7837
-70.7805
-70.7773
-70.7742
-70.7712
-70.7682
-70.7652
-70.7623
-70.7595
-70.7566
-70.7539
-70.7511
-70.7484
-70.7458
-70.7432
-70.7406
-70.7381
-70.7356
-70.7332
-70.7308
-70.7284
-70.7261
-70.7238
-70.7215
-70.7193
-70.7171
-70.715
-70.7129
-70.7108
-70.7088
-70.7068
-70.7048
-70.7029
-70.701
-70.6991
-70.6973
-70.6955
-70.6937
-70.692
-70.6902
-70.6886
-70.6869
-70.6853
-70.6837
-70.6821
-70.6806
-70.6791
-70.6776
-70.6761
-70.6747
-70.6733
-70.6719
-70.6706
-70.6692
-70.6679
-70.6666
-70.6654
-70.6642
-70.6629
-70.6618
-70.6606
-70.6595
-70.6583
-70.6573
-70.6562
-70.6551
-70.6541
-70.6531
-70.6521
-70.6511
-70.6502
-70.6492
-70.6483
-70.6474
-70.6466
-70.6457
-70.6449
-70.6441
-70.6433
-70.6425
-70.6417
-70.641
-70.6402
-70.6395
-70.6388
-70.6381
-70.6375
-70.6368
-70.6362
-70.6355
-70.6349
-70.6343
-70.6338
-70.6332
-70.6327
-70.6321
-70.6316
-70.6311
-70.6306
-70.6301
-70.6296
-70.6292
-70.6287
-70.6283
-70.6279
-70.6275
-70.6271
-70.6267
-70.6263
-70.6259
-70.6256
-70.6252
-70.6249
-70.6246
-70.6243
-70.624
-70.6237
-70.6234
-70.6231
-70.6229
-70.6226
-70.6224
-70.6221
-70.6219
-70.6217
-70.6215
-70.6213
-70.6211
-70.6209
-70.6207
-70.6206
-70.6204
-70.6203
-70.6201
-70.62
-70.6198
-70.6197
-70.6196
-70.6195
-70.6194
-70.6193
-70.6192
-70.6191
-70.6191
-70.619
-70.6189
-70.6189
-70.6188
-70.6188
-70.6187
-70.6187
-70.6187
-70.6186
-70.6186
-70.6186
-70.6186
-70.6186
-70.6186
-70.6186
-70.6186
-70.6186
-70.6186
-70.6186
-70.6187
-70.6187
-70.6187
-70.6188
-70.6188
-70.6189
-70.6189
-70.619
-70.619
-70.6191
-70.6192
-70.6192
-70.6193
-70.6194
-70.6195
-70.6195
-70.6196
-70.6197
-70.6198
-70.6199
-70.62
-70.6201
-70.6202
-70.6203
-70.6204
-70.6205
-70.6206
-70.6208
-70.6209
-70.621
-70.6211
-70.6212
-70.6214
-70.6215
-70.6216
-70.6218
-70.6219
-70.622
-70.6222
-70.6223
-70.6225
-70.6226
-70.6227
-70.6229
-70.623
-70.6232
-70.6233
-70.6235
-70.6236
-70.6238
-70.624
-70.6241
-70.6243
-70.6244
-70.6246
-70.6248
-70.6249
-70.6251
-70.6252
-70.6254
-70.6256
-70.6257
-70.6259
-70.6261
-70.6263
-70.6264
-70.6266
-70.6268
-70.6269
-70.6271
-70.6273
-70.6275
-70.6276
-70.6278
-70.628
-70.6282
-70.6283
-70.6285
-70.6287
-70.6289
-70.6291
-70.6292
-70.6294
-70.6296
-70.6298
-70.6299
-70.6301
-70.6303
-70.6305
-70.6307
-70.6308
-70.631
-70.6312
-70.6314
-70.6316
-70.6317
-70.6319
-70.6321
-70.6323
-70.6325
-70.6326
-70.6328
-70.633
-70.6332
-70.6334
-70.6335
-70.6337
-70.6339
-70.6341
-70.6343
-70.6344
-70.6346
-70.6348
-70.635
-70.6351
-70.6353
-70.6355
-70.6357
-70.6358
-70.636
-70.6362
-70.6364
-70.6365
-70.6367
-70.6369
-70.6371
-70.6372
-70.6374
-70.6376
-70.6378
-70.6379
-70.6381
-70.6383
-70.6384
-70.6386
-70.6388
-70.6389
-70.6391
-70.6393
-70.6394
-70.6396
-70.6398
-70.6399
-70.6401
-70.6402
-70.6404
-70.6406
-70.6407
-70.6409
-70.6411
-70.6412
-70.6414
-70.6415
-70.6417
-70.6418
-70.642
-70.6422
-70.6423
-70.6425
-70.6426
-70.6428
-70.6429
-70.6431
-70.6432
-70.6434
-70.6435
-70.6437
-70.6438
-70.644
-70.6441
-70.6443
-70.6444
-70.6445
-70.6447
-70.6448
-70.645
-70.6451
-70.6453

