-70
-70.1661
-70.23
-70.2566
-70.2695
-70.2773
-70.283
-70.2879
-70.2925
-70.297
-70.3014
-70.3057
-70.31
-70.3142
-70.3185
-70.3226
-70.3268
-70.3309
-70.335
-70.3391
-70.3431
-70.3471
-70.351
-70.3549
-70.3588
-70.3626
-70.3664
-70.3701
-70.3738
-70.3775
-70.3811
-70.3847
-70.3883
-70.3918
-70.3953
-70.3987
-70.4021
-70.4055
-70.4088
-70.4121
-70.4154
-70.4186
-70.4218
-70.4249
-70.428
-70.4311
-70.4341
-70.4372
-70.4401
-70.4431
-70.446
-70.4489
-70.4517
-70.4545
-70.4573
-70.4601
-70.4628
-70.4655
-70.4682
-70.4708
-70.4734
-70.476
-70.4785
-70.481
-70.4835
-70.486
-70.4884
-70.4908
-70.4932
-70.4955
-70.4978
-70.5001
-70.5024
-70.5046
-70.5068
-70.509
-70.5112
-70.5133
-70.5154
-70.5175
-70.5196
-70.5216
-70.5236
-70.5256
-70.5276
-70.5295
-70.5315
-70.5334
-70.5352
-70.5371
-70.5389
-70.5407
-70.5425
-70.5443
-70.5461
-70.5478
-70.5495
-70.5512
-70.5528
-70.5545
-70.5561
-70.5577
-70.5593
-70.5609
-70.5624
-70.5639
-70.5655
-70.5669
-70.5684
-70.5699
-70.5713
-70.5727
-70.5741
-70.5755
-70.5769
-70.5782
-70.5796
-70.5809
-70.5822
-70.5835
-70.5848
-70.586
-70.5873
-70.5885
-70.5897
-70.5909
-70.5921
-70.5932
-70.5944
-70.5955
-70.5966
-70.5977
-70.5988
-70.5999
-70.601
-70.602
-70.603
-70.6041
-70.6051
-70.6061
-70.6071
-70.608
-70.609
-70.6099
-70.6109
-70.6118
-70.6127
-70.6136
-70.6145
-70.6154
-70.6162
-70.6171
-70.6179
-70.6187
-70.6196
-70.6204
-70.6212
-70.622
-70.6227
-70.6235
-70.6242
-70.625
-70.6257
-70.6265
-70.6272
-70.6279
-70.6286
-70.6293
-70.6299
-70.6306
-70.6313
-70.6319
-70.6325
-70.6332
-70.6338
-70.6344
-70.635
-70.6356
-70.6362
-70.6368
-70.6374
-70.6379
-70.6385
-70.639
-70.6396
-70.6401
-70.6406
-70.6411
-70.6417
-70.6422
-70.6427
-70.6431
-70.6436
-70.6441
-70.6446
-70.645
-70.6455
-70.6459
-70.6464
-70.6468
-70.6472
-70.6476
-70.6481
-70.6485
-70.6489
-70.6493
-70.6497
-70.65
-70.6504
-70.6508
-70.6512
-70.6515
-70.6519
-70.6522
-70.6526
-70.6529
-70.6533
-70.6536
-70.6539
-70.6542
-70.6545
-70.6549
-70.6552
-70.6555
-70.6558
-70.656
-70.6563
-70.6566
-70.6569
-70.6572
-70.6574
-70.6577
-70.658
-70.6582
-70.6585
-70.6587
-70.6589
-70.6592
-70.6594
-70.6597
-70.6599
-70.6601
-70.6603
-70.6605
-70.6607
-70.661
-70.6612
-70.6614
-70.6616
-70.6617
-70.6619
-70.6621
-70.6623
-70.6625
-70.6627
-70.6628
-70.663
-70.6632
-70.6633
-70.6635
-70.6637
-70.6638
-70.664
-70.6641
-70.6643
-70.6644
-70.6646
-70.6647
-70.6648
-70.665
-70.6651
-70.6652
-70.6653
-70.6655
-70.6656
-70.6657
-70.6658
-70.6659
-70.666
-70.6662
-70.6663
-70.6664
-70.6665
-70.6666
-70.6667
-70.6668
-70.6669
-70.667
-70.667
-70.6671
-70.6672
-70.6673
-70.6674
-70.6675
-70.6675
-70.6676
-70.6677
-70.6678
-70.6678
-70.6679
-70.668
-70.668
-70.6681
-70.6682
-70.6682
-70.6683
-70.6683
-70.6684
-70.6685
-70.6685
-70.6686
-70.6686
-70.6687
-70.6687
-70.6688
-70.6688
-70.6688
-70.6689
-70.6689
-70.669
-70.669
-70.669
-70.6691
-70.6691
-70.6691
-70.6692
-70.6692
-70.6692
-70.6693
-70.6693
-70.6693
-70.6694
-70.6694
-70.6694
-70.6694
-70.6694
-70.6695
-70.6695
-70.6695
-70.6695
-70.6695
-70.6696
-70.6696
-70.6696
-70.6696
-70.6696
-70.6696
-70.6696
-70.6697
-70.6697
-70.6697
-70.6697
-70.6697
-70.6697
-70.6697
-70.6697
-70.6697
-70.6697
-70.6697
-70.6697
-70.6697
-70.6697
-70.6697
-70.6697
-70.6697
-70.6697
-70.6697
-70.6697
-70.6697
-70.6697
-70.6697
-70.6697
-70.6697
-70.6697
-70.6697
-70.6697
-70.6697
-70.6697
-70.6697
-70.6697
-70.6697
-70.6697
-70.6697
-70.6696
-70.6696
-70.6696
-70.6696
-70.6696
-70.6696
-70.6696
-70.6696
-70.6696
-70.6695
-70.6695
-70.6695
-70.6695
-70.6695
-70.6695
-70.6695
-70.6695
-70.6694
-70.6694
-70.6694
-70.6694
-70.6694
-70.6694
-70.6693
-70.6693
-70.6693
-70.6693
-70.6693
-70.6693
-70.6693
-70.6692
-70.6692
-70.6692
-70.6692
-70.6692
-70.6691
-70.6691
-70.6691
-70.6691
-70.6691
-70.6691
-70.669
-70.669
-70.669
-70.669
-70.669
-70.6689
-70.6689
-70.6689
-70.6689
-70.6689
-70.6688
-70.6688
-70.6688
-70.6688
-70.6688
-70.6687
-70.6687
-70.6687
-70.6687
-70.6686
-70.6686
-70.6686
-70.6686
-70.6686
-70.6685
-70.6685
-70.6685
-70.6685
-70.6685
-70.6684
-70.6684
-70.6684
-70.6684
-70.6684
-70.6683
-70.6683
-70.6683
-70.6683
-70.6682
-70.6682
-70.6682
-70.6682
-70.6682
-70.6681
-70.6681
-70.6681
-70.6681
-70.6681
-70.6889
-71.0244
-71.8493
-72.8056
-73.5312
-73.9844
-64.0506
-53.6473
-50.7985
-48.8305
-45.5541
-14.1989
-19.3596
-45.9534
-68.8484
-68.4933
-67.4534
-66.373
-65.2765
-64.1811
-63.1045
-62.063
-61.0713
-60.1408
-59.2565
-58.4408
-57.7106
-57.0606
-56.489
-55.9906
-55.5581
-55.1841
-54.8633
-54.5908
-54.3636
-54.175
-54.0194
-53.8903
-53.7842
-53.698
-53.6284
-53.5726
-53.5288
-53.4948
-53.4676
-53.4449
-53.4274
-53.414
-53.4042
-53.3973
-53.3926
-53.3895
-53.3868
-53.3842
-53.3819
-53.3803
-53.3796
-53.3798
-53.38
-53.3805
-53.3815
-53.3829
-53.3846
-53.3864
-53.3877
-53.3876
-53.3871
-53.3868
-53.3873
-53.3882
-53.3887
-53.3893
-53.3902
-53.3914
-53.3928
-53.3942
-53.3957
-53.3973
-53.3987
-53.3999
-53.401
-53.3998
-53.398
-53.3946
-53.3923
-53.3909
-53.3895
-53.3881
-53.3861
-53.3814
-53.3603
-53.2377
-53.2145
-53.2417
-53.2724
-53.2964
-53.3133
-53.3247
-53.3325
-53.3383
-53.3431
-53.3479
-53.3533
-53.3597
-53.3677
-53.3782
-53.3917
-53.4077
-53.4182
-53.4239
-53.4228
-53.4198
-53.4188
-53.4198
-53.4217
-53.4213
-53.4214
-53.4228
-53.4252
-53.4285
-53.4326
-53.4372
-53.4426
-53.4485
-53.4552
-53.4625
-53.4706
-53.4795
-53.4893
-53.4999
-53.5116
-53.5244
-53.5384
-53.5536
-53.5703
-53.5885
-53.6083
-53.63
-53.6536
-53.6793
-53.7074
-53.7382
-53.7718
-53.6951
-53.5302
-53.4658
-53.423
-53.4067
-53.3968
-53.3963
-53.4008
-53.4072
-53.4143
-53.4215
-53.4288
-53.436
-53.4432
-53.4505
-53.4581
-53.4659
-53.4741
-53.4828
-53.492
-53.4808
-53.458
-53.4478
-53.4456
-53.4475
-53.4516
-53.4571
-53.4635
-53.4706
-53.4785
-53.4871
-53.4964
-53.5066
-53.518
-53.5303
-53.5435
-53.5577
-53.5731
-53.5897
-53.6078
-53.6274
-53.6487
-53.6719
-53.5577
-53.4653
-53.4343
-53.4105
-53.4017
-53.4022
-53.4008
-53.4001
-53.4022
-53.4057
-53.4099
-53.4145
-53.4192
-53.424
-53.4288
-53.4338
-53.4389
-53.4442
-53.4498
-53.4558
-53.4622
-53.469
-53.4768
-53.4855
-53.4948
-53.5046
-53.5152
-53.5266
-53.539
-53.5525
-53.5672
-53.5831
-53.6004
-53.6199
-53.6427
-53.6672
-53.6931
-53.721
-53.7512
-53.7838
-53.8192
-53.8576
-53.8992
-53.9442
-53.9928
-54.0483
-54.1124
-54.18
-54.2505
-54.3245
-54.4029
-54.373
-53.5424
-53.3274
-53.2918
-53.2953
-53.3039
-53.3193
-53.336
-53.3464
-53.3555
-53.3619
-53.3682
-53.3745
-53.3801
-53.3851
-53.3893
-53.3927
-53.3954
-53.3975
-53.399
-53.3998
-53.3994
-53.3972
-53.3919
-53.3804
-53.3485
-53.1178
-52.7166
-52.7113
-52.8184
-52.9277
-53.0136
-53.0769
-53.1205
-53.1511
-53.1754
-53.1978
-53.2215
-53.249
-53.283
-53.3265
-53.3819
-53.4505
-53.531
-53.5215
-53.4907
-53.4793
-53.4774
-53.4755
-53.4611
-53.4538
-53.4524
-53.4546
-53.4591
-53.4655
-53.4732
-53.4823
-53.4929
-53.5048
-53.489
-53.4704
-53.4632
-53.4632
-53.467
-53.4733
-53.4814
-53.4909
-53.5026
-53.5165
-53.5323
-53.5498
-53.568
-53.5871
-53.6071
-53.6285
-53.652
-53.6807
-53.7157
-53.7565
-53.8006
-53.8466
-53.8943
-53.9443
-53.9976
-54.055
-54.1186
-54.1944
-54.2808
-54.3762
-54.479
-54.589
-54.7047
-54.8264
-54.9563
-55.0964
-55.2484
-55.4232
-55.6191
-55.834
-56.0639
-56.3067
-56.562
-56.8266
-57.1019
-57.3916
-57.6974
-58.0302
-58.4002
-58.796
-59.2176
-59.653
-60.0965
-60.5474
-60.996
-61.4474
-61.9053
-62.3733
-62.8744
-63.4007
-63.9388
-64.4844
-65.0217
-65.5421
-66.0461
-66.5241
-66.9801
-67.4211
-67.856
-68.2992
-68.7424
-69.1721
-69.5864
-69.9806
-70.3454
-70.683
-70.9911
-71.2711
-71.5307
-71.7778
-72.0207
-72.2561
-72.4777
-72.6843
-72.8763
-73.0504
-73.207
-73.3466
-73.4698
-73.5788
-73.678
-73.7754
-73.8705
-73.9595
-74.0424
-74.1177
-74.1865
-74.248
-74.3023
-74.3488
-74.3886
-74.4223
-74.4534
-74.486
-74.5175
-74.5472
-74.5749
-74.5999
-74.6218
-74.6409
-74.6582
-74.6723
-74.6831
-74.691
-74.6993
-74.7091
-74.718
-74.728
-74.7375
-74.7463
-74.7531
-74.7584
-74.7633
-74.768
-74.7703
-74.7707
-74.7716
-74.7743
-74.7762
-74.778
-74.7807
-74.7834
-74.7864
-74.7875
-74.7879
-74.7886
-74.7897
-74.7892
-74.7876
-74.7882
-74.7896
-74.7894
-74.7891
-74.7895
-74.7895
-74.7904
-74.791
-74.79
-74.7887
-74.7881
-74.7877
-74.7865
-74.7864
-74.7871
-74.7865
-74.785
-74.7844
-74.7839
-74.7833
-74.7835
-74.7833
-74.7822
-74.78
-74.7786
-74.7782
-74.78
-74.78
-74.7805
-74.7796
-74.7776
-74.7761
-74.7758
-74.7755
-74.7754
-74.7744
-74.7731
-74.772
-74.7697
-74.7676
-74.7685
-74.77
-74.7701
-74.7698
-74.768
-74.7654
-74.7643
-74.7638
-74.7636
-74.7648
-74.7641
-74.7621
-74.7623
-74.7604
-74.7584
-74.7582
-74.7591
-74.7606
-74.7611
-74.7582
-74.7558
-74.7543
-74.7524
-74.7513
-74.7523
-74.7548
-74.754
-74.7524
-74.7521
-74.7494
-74.7474
-74.7455
-74.7451
-74.7463
-74.7481
-74.7464
-74.7428
-74.7406
-74.739
-74.7368
-74.7367
-74.7389
-74.7427
-74.7433
-74.7427
-74.7422
-74.7407
-74.7385
-74.736
-74.7319
-74.7329
-74.7347
-74.7337
-74.7306
-74.7274
-74.7257
-74.7245
-74.7227
-74.723
-74.7269
-74.7305
-74.7307
-74.7292
-74.7291
-74.7286
-74.7268
-74.7235
-74.7197
-74.717
-74.715
-74.7136
-74.7125
-74.7108
-74.7095
-74.7087
-74.7063
-74.706
-74.7093
-74.714
-74.7171
-74.716
-74.7157
-74.7167
-74.7182
-74.718
-74.7143
-74.7093
-74.7055
-74.7002
-74.6942
-74.69
-74.6896
-74.6924
-74.6928
-74.6917
-74.6899
-74.6886
-74.6922
-74.6989
-74.7004
-74.698
-74.6966
-74.6976
-74.7008
-74.7024
-74.6997
-74.6961
-74.6905
-74.6854
-74.6792
-74.6726
-74.6665
-74.6637
-74.6661
-74.6691
-74.6718
-74.6715
-74.6688
-74.6659
-74.6705
-74.678
-74.6829
-74.6847
-74.6848
-74.6838
-74.6828
-74.682
-74.6803
-74.6785
-74.6732
-74.6676
-74.6625
-74.6564
-74.6513
-74.6457
-74.6416
-74.6431
-74.6446
-74.6459
-74.6488
-74.6488
-74.6434
-74.6384
-74.6416
-74.6522
-74.6605
-74.6629
-74.6647
-74.6659
-74.6631
-74.6573
-74.6532
-74.6487
-74.6436
-74.6393
-74.6359
-74.6305
-74.6246
-74.6212
-74.619
-74.6195
-74.6209
-74.6189
-74.6153
-74.6129
-74.6139
-74.6142
-74.6119
-74.6091
-74.6085
-74.6145
-74.6236
-74.6286
-74.635
-74.6383
-74.6381
-74.637
-74.6353
-74.6302
-74.6228
-74.6151
-74.6081
-74.6061
-74.6011
-74.5943
-74.5879
-74.5867
-74.5888
-74.5896
-74.5911
-74.5932
-74.5915
-74.584
-74.5757
-74.5697
-74.5675
-74.5663
-74.5627
-74.5653
-74.5735
-74.5822
-74.5934
-74.5989
-74.5984
-74.5944
-74.5919
-74.5925
-74.5923
-74.5902
-74.5861
-74.5783
-74.5701
-74.5638
-74.5641
-74.5611
-74.5556
-74.5523
-74.551
-74.5495
-74.5455
-74.5413
-74.5395
-74.5405
-74.5388
-74.533
-74.523
-74.5127
-74.5084
-74.5058
-74.5017
-74.501
-74.5027
-74.5058
-74.5132
-74.5242
-74.5363
-74.5496
-74.5542
-74.552
-74.5479
-74.5446
-74.5393
-74.5328
-74.5262
-74.519
-74.5135
-74.5077
-74.5023
-74.5033
-74.5065
-74.5132
-74.5199
-74.5223
-74.5189
-74.5156
-74.5095
-74.4983
-74.487
-74.4802
-74.4744
-74.4656
-74.4564
-74.4456
-74.433
-74.422
-74.4163
-74.4167
-74.4225
-74.4282
-74.4285
-74.4239
-74.4224
-74.4257
-74.4333
-74.4423
-74.4523
-74.4603
-74.4674
-74.4755
-74.4842
-74.4899
-74.4899
-74.486
-74.476
-74.4636
-74.4513
-74.4393
-74.4289
-74.4178
-74.4126
-74.4152
-74.4202
-74.4309
-74.4389
-74.4417
-74.4439
-74.4467
-74.4516
-74.4513
-74.4442
-74.434
-74.4225
-74.4079
-74.3917
-74.3756
-74.3593
-74.3427
-74.3286
-74.3158
-74.3029
-74.2898
-74.2811
-74.2761
-74.2729
-74.2681
-74.2675
-74.274
-74.2772
-74.2808
-74.2823
-74.2794
-74.2764
-74.2721
-74.2727
-74.2787
-74.2871
-74.2986
-74.3054
-74.3149
-74.331
-74.3452
-74.3561
-74.3631
-74.3656
-74.3622
-74.3564
-74.3522
-74.3487
-74.3421
-74.333
-74.3274
-74.323
-74.3234
-74.325
-74.3251
-74.3225
-74.3135
-74.3096
-74.3105
-74.3054
-74.2999
-74.2957
-74.288
-74.2812
-74.2812
-74.2866
-74.2942
-74.2934
-74.2858
-74.2746
-74.2626
-74.246
-74.226
-74.2075
-74.1992
-74.1926
-74.1828
-74.1733
-74.1617
-74.1446
-74.1269
-74.1117
-74.1035
-74.1007
-74.0937
-74.0839
-74.0735
-74.0618
-74.046
-74.0281
-74.021
-74.0163
-74.012
-74.017
-74.0343
-74.0498
-74.0565
-74.0554
-74.0484
-74.0394
-74.0351
-74.0341
-74.0418
-74.0491
-74.0478
-74.047
-74.0459
-74.0486
-74.0628
-74.0828
-74.0938
-74.0955
-74.09
-74.082
-74.0742
-74.0682
-74.0706
-74.0804
-74.0892
-74.0937
-74.0916
-74.0881
-74.0869
-74.0874
-74.0949
-74.1004
-74.0984
-74.0964
-74.0948
-74.0899
-74.0868
-74.093
-74.1029
-74.1046
-74.1
-74.0885
-74.0751
-74.0693
-74.0657
-74.0591
-74.0526
-74.0585
-74.0679
-74.0765
-74.0897
-74.1095
-74.1199
-74.1179
-74.1086
-74.0961
-74.08
-74.0653
-74.0512
-74.0366
-74.02
-73.9992
-73.9748
-73.9483
-73.9252
-73.9078
-73.8942
-73.8771
-73.8587
-73.8405
-73.819
-73.7941
-73.7694
-73.7498
-73.7338
-73.7149
-73.6964
-73.6788
-73.6617
-73.6489
-73.6446
-73.6516
-73.6548
-73.6532
-73.6518
-73.6501
-73.6476
-73.6392
-73.6322
-73.6328
-73.633
-73.626
-73.6125
-73.606
-73.6009
-73.5913
-73.5876
-73.5851
-73.5829
-73.5757
-73.5655
-73.556
-73.5423
-73.5305
-73.5222
-73.515
-73.5032
-73.4935
-73.482
-73.4658
-73.4455
-73.4233
-73.4132
-73.407
-73.4013
-73.3951
-73.3833
-73.3664
-73.3457
-73.3223
-73.3042
-73.2892
-73.2714
-73.2503
-73.2268
-73.2079
-73.1942
-73.1868
-73.1877
-73.1977
-73.2014
-73.1963
-73.1844
-73.1677
-73.1477
-73.1254
-73.1016
-73.0766
-73.0508
-73.0244
-72.9976
-72.9705
-72.9432
-72.9157
-72.8882
-72.8608
-72.8333
-72.806
-72.7788
-72.7517
-72.7247
-72.698
-72.6715
-72.651
-72.6412
-72.6305
-72.6163
-72.599
-72.5797
-72.5589
-72.5465
-72.5415
-72.5338
-72.522
-72.5069
-72.4896
-72.4706
-72.4507
-72.4301
-72.409
-72.3877
-72.3662
-72.3446
-72.3229
-72.3014
-72.2798
-72.2584
-72.2371
-72.2159
-72.1954
-72.1889
-72.1887
-72.185
-72.1768
-72.1653
-72.1515
-72.1454
-72.1498
-72.1512
-72.1472
-72.1391
-72.1279
-72.1146
-72.0999
-72.0843
-72.0681
-72.0513
-72.0343
-72.017
-71.9996
-71.9822
-71.9648
-71.9474
-71.93
-71.9127
-71.8956
-71.8785
-71.8616
-71.8448
-71.8282
-71.8117
-71.7954
-71.7792
-71.7632
-71.7474
-71.7317
-71.7162
-71.7009
-71.6858
-71.6708
-71.656
-71.6413
-71.6269
-71.6126
-71.5985
-71.5845
-71.5707
-71.5571
-71.5436
-71.5303
-71.5172
-71.5042
-71.4914
-71.4787
-71.4662
-71.4539
-71.4417
-71.4296
-71.4177
-71.406
-71.3943
-71.3829
-71.3716
-71.3604
-71.3493
-71.3385
-71.3277
-71.3171
-71.3066
-71.2963
-71.286
-71.276
-71.266
-71.2562
-71.2465
-71.2369
-71.2275
-71.2182
-71.209
-71.1999
-71.1909
-71.1821
-71.1734
-71.1647
-71.1562
-71.1479
-71.1396
-71.1314
-71.1233
-71.1154
-71.1075
-71.0998
-71.0921
-71.0846
-71.0771
-71.0698
-71.0625
-71.0554
-71.0483
-71.0414
-71.0345
-71.0277
-71.0211
-71.0145
-71.008
-71.0016
-70.9952
-70.989
-70.9828
-70.9768
-70.9708
-70.9649
-70.9591
-70.9533
-70.9477
-70.9421
-70.9366
-70.9311
-70.9258
-70.9205
-70.9153
-70.9102
-70.9051
-70.9001
-70.8952
-70.8904
-70.8856
-70.8809
-70.8762
-70.8717
-70.8672
-70.8627
-70.8583
-70.854
-70.8498
-70.8456
-70.8414
-70.8374
-70.8334
-70.8294
-70.8255
-70.8217
-70.8179
-70.8142
-70.8105
-70.8069
-70.8033
-70.7998
-70.7964
-70.793
-70.7896
-70.7863
-70.7831
-70.7799
-70.7767
-70.7736
-70.7706
-70.7676
-70.7646
-70.7617
-70.7588
-70.756
-70.7532
-70.7505
-70.7478
-70.7452
-70.7425
-70.74
-70.7375
-70.735
-70.7325
-70.7301
-70.7278
-70.7254
-70.7231
-70.7209
-70.7187
-70.7165
-70.7144
-70.7123
-70.7102
-70.7082
-70.7061
-70.7042
-70.7022
-70.7003
-70.6985
-70.6966
-70.6948
-70.6931
-70.6913
-70.6896
-70.6879
-70.6863
-70.6846
-70.6831
-70.6815
-70.6799
-70.6784
-70.677
-70.6755
-70.6741
-70.6727
-70.6713
-70.6699
-70.6686
-70.6673
-70.666
-70.6648
-70.6635
-70.6623
-70.6612
-70.66
-70.6589
-70.6577
-70.6566
-70.6556
-70.6545
-70.6535
-70.6525
-70.6515
-70.6505
-70.6496
-70.6487
-70.6477
-70.6469
-70.646
-70.6451
-70.6443
-70.6435
-70.6427
-70.6419
-70.6411
-70.6404
-70.6397
-70.6389
-70.6383
-70.6376
-70.6369
-70.6363
-70.6356
-70.635
-70.6344
-70.6338
-70.6332
-70.6327
-70.6321
-70.6316
-70.6311
-70.6306
-70.6301
-70.6296
-70.6291
-70.6287
-70.6282
-70.6278
-70.6274
-70.627
-70.6266
-70.6262
-70.6258
-70.6254
-70.6251
-70.6248
-70.6244
-70.6241
-70.6238
-70.6235
-70.6232
-70.6229
-70.6227
-70.6224
-70.6222
-70.6219
-70.6217
-70.6215
-70.6212
-70.621
-70.6208
-70.6206
-70.6205
-70.6203
-70.6201
-70.62
-70.6198
-70.6197
-70.6195
-70.6194
-70.6193
-70.6192
-70.6191
-70.619
-70.6189
-70.6188
-70.6187
-70.6186
-70.6186
-70.6185
-70.6185
-70.6184
-70.6184
-70.6183
-70.6183
-70.6183
-70.6182
-70.6182
-70.6182
-70.6182
-70.6182
-70.6182
-70.6182
-70.6182
-70.6182
-70.6183
-70.6183
-70.6183
-70.6183
-70.6184
-70.6184
-70.6185
-70.6185
-70.6186
-70.6186
-70.6187
-70.6188
-70.6188
-70.6189
-70.619
-70.6191
-70.6191
-70.6192
-70.6193
-70.6194
-70.6195
-70.6196
-70.6197
-70.6198
-70.6199
-70.62
-70.6201
-70.6202
-70.6203
-70.6205
-70.6206
-70.6207
-70.6208
-70.6209
-70.6211
-70.6212
-70.6213
-70.6215
-70.6216
-70.6218
-70.6219
-70.622
-70.6222
-70.6223
-70.6225
-70.6226
-70.6228
-70.6229
-70.6231
-70.6232
-70.6234
-70.6235
-70.6237
-70.6239
-70.624
-70.6242
-70.6243
-70.6245
-70.6247
-70.6248
-70.625
-70.6252
-70.6253
-70.6255
-70.6257
-70.6259
-70.626
-70.6262
-70.6264
-70.6265
-70.6267
-70.6269
-70.6271
-70.6272
-70.6274
-70.6276
-70.6278
-70.628
-70.6281
-70.6283
-70.6285
-70.6287
-70.6289
-70.629
-70.6292
-70.6294
-70.6296
-70.6298
-70.6299
-70.6301
-70.6303
-70.6305
-70.6307
-70.6308
-70.631
-70.6312
-70.6314
-70.6316
-70.6318
-70.6319
-70.6321
-70.6323
-70.6325
-70.6327
-70.6328
-70.633
-70.6332
-70.6334
-70.6336
-70.6337
-70.6339
-70.6341
-70.6343
-70.6345
-70.6346
-70.6348
-70.635
-70.6352
-70.6353
-70.6355
-70.6357
-70.6359
-70.6361
-70.6362
-70.6364
-70.6366
-70.6368
-70.6369
-70.6371
-70.6373
-70.6374
-70.6376
-70.6378
-70.638
-70.6381
-70.6383
-70.6385
-70.6386
-70.6388
-70.639
-70.6391
-70.6393
-70.6395
-70.6396
-70.6398
-70.64
-70.6401
-70.6403
-70.6405
-70.6406
-70.6408
-70.6409
-70.6411
-70.6413
-70.6414
-70.6416
-70.6417
-70.6419
-70.642
-70.6422
-70.6424
-70.6425
-70.6427
-70.6428
-70.643
-70.6431
-70.6433
-70.6434
-70.6436
-70.6437
-70.6439
-70.644
-70.6442
-70.6443
-70.6445
-70.6446

