-70
-70.1661
-70.23
-70.2566
-70.2695
-70.2773
-70.283
-70.2879
-70.2925
-70.297
-70.3014
-70.3057
-70.31
-70.3142
-70.3185
-70.3226
-70.3268
-70.3309
-70.335
-70.3391
-70.3431
-70.3471
-70.351
-70.3549
-70.3588
-70.3626
-70.3664
-70.3701
-70.3738
-70.3775
-70.3811
-70.3847
-70.3883
-70.3918
-70.3953
-70.3987
-70.4021
-70.4055
-70.4088
-70.4121
-70.4154
-70.4186
-70.4218
-70.4249
-70.428
-70.4311
-70.4341
-70.4372
-70.4401
-70.4431
-70.446
-70.4489
-70.4517
-70.4545
-70.4573
-70.4601
-70.4628
-70.4655
-70.4682
-70.4708
-70.4734
-70.476
-70.4785
-70.481
-70.4835
-70.486
-70.4884
-70.4908
-70.4932
-70.4955
-70.4978
-70.5001
-70.5024
-70.5046
-70.5068
-70.509
-70.5112
-70.5133
-70.5154
-70.5175
-70.5196
-70.5216
-70.5236
-70.5256
-70.5276
-70.5295
-70.5315
-70.5334
-70.5352
-70.5371
-70.5389
-70.5407
-70.5425
-70.5443
-70.5461
-70.5478
-70.5495
-70.5512
-70.5528
-70.5545
-70.5561
-70.5577
-70.5593
-70.5609
-70.5624
-70.5639
-70.5655
-70.5669
-70.5684
-70.5699
-70.5713
-70.5727
-70.5741
-70.5755
-70.5769
-70.5782
-70.5796
-70.5809
-70.5822
-70.5835
-70.5848
-70.586
-70.5873
-70.5885
-70.5897
-70.5909
-70.5921
-70.5932
-70.5944
-70.5955
-70.5966
-70.5977
-70.5988
-70.5999
-70.601
-70.602
-70.603
-70.6041
-70.6051
-70.6061
-70.6071
-70.608
-70.609
-70.6099
-70.6109
-70.6118
-70.6127
-70.6136
-70.6145
-70.6154
-70.6162
-70.6171
-70.6179
-70.6187
-70.6196
-70.6204
-70.6212
-70.622
-70.6227
-70.6235
-70.6242
-70.625
-70.6257
-70.6265
-70.6272
-70.6279
-70.6286
-70.6293
-70.6299
-70.6306
-70.6313
-70.6319
-70.6325
-70.6332
-70.6338
-70.6344
-70.635
-70.6356
-70.6362
-70.6368
-70.6374
-70.6379
-70.6385
-70.639
-70.6396
-70.6401
-70.6406
-70.6411
-70.6417
-70.6422
-70.6427
-70.6431
-70.6436
-70.6441
-70.6446
-70.645
-70.6455
-70.6459
-70.6464
-70.6468
-70.6472
-70.6476
-70.6481
-70.6485
-70.6489
-70.6493
-70.6497
-70.65
-70.6504
-70.6508
-70.6512
-70.6515
-70.6519
-70.6522
-70.6526
-70.6529
-70.6533
-70.6536
-70.6539
-70.6542
-70.6545
-70.6549
-70.6552
-70.6555
-70.6558
-70.656
-70.6563
-70.6566
-70.6569
-70.6572
-70.6574
-70.6577
-70.658
-70.6582
-70.6585
-70.6587
-70.6589
-70.6592
-70.6594
-70.6597
-70.6599
-70.6601
-70.6603
-70.6605
-70.6607
-70.661
-70.6612
-70.6614
-70.6616
-70.6617
-70.6619
-70.6621
-70.6623
-70.6625
-70.6627
-70.6628
-70.663
-70.6632
-70.6633
-70.6635
-70.6637
-70.6638
-70.664
-70.6641
-70.6643
-70.6644
-70.6646
-70.6647
-70.6648
-70.665
-70.6651
-70.6652
-70.6653
-70.6655
-70.6656
-70.6657
-70.6658
-70.6659
-70.666
-70.6662
-70.6663
-70.6664
-70.6665
-70.6666
-70.6667
-70.6668
-70.6669
-70.667
-70.667
-70.6671
-70.6672
-70.6673
-70.6674
-70.6675
-70.6675
-70.6676
-70.6677
-70.6678
-70.6678
-70.6679
-70.668
-70.668
-70.6681
-70.6682
-70.6682
-70.6683
-70.6683
-70.6684
-70.6685
-70.6685
-70.6686
-70.6686
-70.6687
-70.6687
-70.6688
-70.6688
-70.6688
-70.6689
-70.6689
-70.669
-70.669
-70.669
-70.6691
-70.6691
-70.6691
-70.6692
-70.6692
-70.6692
-70.6693
-70.6693
-70.6693
-70.6694
-70.6694
-70.6694
-70.6694
-70.6694
-70.6695
-70.6695
-70.6695
-70.6695
-70.6695
-70.6696
-70.6696
-70.6696
-70.6696
-70.6696
-70.6696
-70.6696
-70.6697
-70.6697
-70.6697
-70.6697
-70.6697
-70.6697
-70.6697
-70.6697
-70.6697
-70.6697
-70.6697
-70.6697
-70.6697
-70.6697
-70.6697
-70.6697
-70.6697
-70.6697
-70.6697
-70.6697
-70.6697
-70.6697
-70.6697
-70.6697
-70.6697
-70.6697
-70.6697
-70.6697
-70.6697
-70.6697
-70.6697
-70.6697
-70.6697
-70.6697
-70.6697
-70.6696
-70.6696
-70.6696
-70.6696
-70.6696
-70.6696
-70.6696
-70.6696
-70.6696
-70.6695
-70.6695
-70.6695
-70.6695
-70.6695
-70.6695
-70.6695
-70.6695
-70.6694
-70.6694
-70.6694
-70.6694
-70.6694
-70.6694
-70.6693
-70.6693
-70.6693
-70.6693
-70.6693
-70.6693
-70.6693
-70.6692
-70.6692
-70.6692
-70.6692
-70.6692
-70.6691
-70.6691
-70.6691
-70.6691
-70.6691
-70.6691
-70.669
-70.669
-70.669
-70.669
-70.669
-70.6689
-70.6689
-70.6689
-70.6689
-70.6689
-70.6688
-70.6688
-70.6688
-70.6688
-70.6688
-70.6687
-70.6687
-70.6687
-70.6687
-70.6686
-70.6686
-70.6686
-70.6686
-70.6686
-70.6685
-70.6685
-70.6685
-70.6685
-70.6685
-70.6684
-70.6684
-70.6684
-70.6684
-70.6684
-70.6683
-70.6683
-70.6683
-70.6683
-70.6682
-70.6682
-70.6682
-70.6682
-70.6682
-70.6681
-70.6681
-70.6681
-70.6681
-70.6681
-70.6729
-70.931
-71.7463
-72.66
-73.3877
-59.0602
-52.6063
-50.4168
-48.6307
-45.5163
-17.2123
-18.7759
-45.2028
-68.6479
-68.3803
-67.3475
-66.2733
-65.1847
-64.0997
-63.0357
-62.0093
-61.0354
-60.1254
-59.2834
-58.44
-57.6967
-57.0314
-56.4578
-55.9647
-55.5407
-55.1743
-54.8562
-54.5865
-54.3593
-54.1741
-54.0231
-53.8997
-53.7946
-53.7097
-53.6389
-53.5829
-53.5401
-53.5077
-53.4834
-53.462
-53.4443
-53.4299
-53.4178
-53.4099
-53.4052
-53.4028
-53.4021
-53.4025
-53.3995
-53.3972
-53.3947
-53.3921
-53.3914
-53.3923
-53.3941
-53.3965
-53.3993
-53.4024
-53.4057
-53.4064
-53.4035
-53.4023
-53.401
-53.3983
-53.3976
-53.3982
-53.3997
-53.4017
-53.4039
-53.4062
-53.4087
-53.4111
-53.4133
-53.4153
-53.417
-53.4183
-53.4164
-53.4072
-53.4012
-53.3974
-53.3941
-53.3885
-53.3822
-53.3706
-53.3082
-53.0912
-53.0843
-53.1401
-53.1943
-53.2348
-53.2625
-53.2809
-53.2935
-53.3029
-53.311
-53.3192
-53.3284
-53.3397
-53.354
-53.3727
-53.3965
-53.4258
-53.4598
-53.4977
-53.488
-53.4654
-53.4581
-53.4593
-53.4649
-53.4731
-53.4783
-53.4617
-53.4524
-53.4507
-53.4535
-53.4589
-53.4661
-53.4748
-53.4847
-53.4958
-53.508
-53.5215
-53.5363
-53.5524
-53.57
-53.5893
-53.6103
-53.6331
-53.6581
-53.6852
-53.7149
-53.7474
-53.7828
-53.8215
-53.8637
-53.9096
-53.9595
-54.0137
-54.0726
-54.1364
-54.2056
-53.7148
-53.473
-53.4093
-53.4035
-53.416
-53.4341
-53.4538
-53.4739
-53.4918
-53.458
-53.4368
-53.4317
-53.4345
-53.441
-53.4492
-53.4582
-53.4679
-53.4783
-53.4893
-53.5008
-53.5129
-53.5257
-53.5394
-53.554
-53.5705
-53.5886
-53.6078
-53.6284
-53.6512
-53.676
-53.7026
-53.7312
-53.7623
-53.7959
-53.8331
-53.8749
-53.92
-53.9717
-54.0282
-54.0901
-54.1561
-54.2255
-54.2988
-54.3767
-53.6831
-53.4043
-53.3429
-53.3441
-53.3625
-53.3843
-53.4062
-53.427
-53.4464
-53.4647
-53.4822
-53.4995
-53.4641
-53.4336
-53.4241
-53.4242
-53.4285
-53.4347
-53.4421
-53.4501
-53.4584
-53.467
-53.4761
-53.4861
-53.4972
-53.5094
-53.5221
-53.5355
-53.5498
-53.5654
-53.5832
-53.6023
-53.6226
-53.6443
-53.6685
-53.697
-53.7291
-53.763
-53.7987
-53.8369
-53.8779
-53.9224
-53.9743
-54.0306
-54.0901
-54.1531
-54.2244
-54.3094
-54.399
-54.491
-54.5867
-54.6874
-54.7937
-54.9065
-53.8896
-53.3503
-53.2418
-53.2449
-53.2755
-53.3107
-53.3433
-53.3722
-53.3978
-53.4208
-53.4418
-53.4613
-53.48
-53.4984
-53.5177
-53.5372
-53.5576
-53.5812
-53.4969
-53.4395
-53.4215
-53.4193
-53.4231
-53.4294
-53.4368
-53.4452
-53.4542
-53.4645
-53.4754
-53.4865
-53.4979
-53.5099
-53.5227
-53.5364
-53.5512
-53.5672
-53.585
-53.6066
-53.6318
-53.6594
-53.6881
-53.7182
-53.7505
-53.7855
-53.8233
-53.8645
-53.6986
-53.4668
-53.4012
-53.3906
-53.3973
-53.4092
-53.422
-53.4348
-53.4474
-53.4598
-53.4723
-53.485
-53.498
-53.5128
-53.5387
-53.5772
-53.6221
-53.6707
-53.7186
-53.763
-53.8068
-53.8512
-53.901
-53.9704
-54.0699
-54.1865
-54.3078
-54.4266
-54.5396
-54.6519
-54.7682
-54.8933
-55.0377
-55.2156
-55.4248
-55.6569
-55.8955
-56.1378
-56.3811
-56.63
-56.0795
-53.7282
-53.1693
-53.0854
-53.127
-53.1975
-53.2689
-53.3337
-53.3913
-53.4425
-53.489
-53.532
-53.5729
-53.6136
-53.6558
-53.7001
-53.7473
-53.7963
-53.8469
-53.8992
-53.9539
-54.0121
-54.0744
-54.1428
-54.2212
-54.3099
-54.4088
-54.5176
-54.6338
-54.7558
-54.8835
-55.0193
-55.165
-55.3208
-55.4929
-55.6877
-55.9074
-56.1468
-56.4039
-56.6766
-56.9604
-57.2518
-57.5545
-57.8686
-58.1953
-58.5494
-58.9381
-59.3651
-59.8126
-60.277
-60.7509
-61.2308
-61.7088
-62.1847
-62.6592
-63.1304
-63.6132
-64.1128
-64.6428
-65.1801
-65.7066
-66.2226
-66.7228
-67.2026
-67.6592
-68.0915
-68.5056
-68.9018
-69.2867
-69.6654
-70.045
-70.4078
-70.746
-71.0627
-71.3568
-71.6267
-71.874
-72.1003
-72.3073
-72.5011
-72.6829
-72.8565
-73.0259
-73.1855
-73.3293
-73.4608
-73.5797
-73.6872
-73.7829
-73.8672
-73.9427
-74.0123
-74.0779
-74.1397
-74.1988
-74.2552
-74.3072
-74.3525
-74.3929
-74.4291
-74.4614
-74.4879
-74.5092
-74.5297
-74.549
-74.5695
-74.5896
-74.6083
-74.6254
-74.642
-74.6557
-74.666
-74.6754
-74.6847
-74.6908
-74.6944
-74.6966
-74.7002
-74.7055
-74.7115
-74.7181
-74.724
-74.7293
-74.7349
-74.7381
-74.7388
-74.7398
-74.7415
-74.7413
-74.7395
-74.7371
-74.7363
-74.737
-74.7394
-74.7426
-74.7438
-74.7451
-74.7476
-74.7493
-74.7488
-74.7472
-74.7465
-74.7456
-74.7429
-74.7393
-74.737
-74.7357
-74.7359
-74.7381
-74.7393
-74.7399
-74.741
-74.7432
-74.7439
-74.7428
-74.7403
-74.7388
-74.738
-74.7351
-74.7321
-74.7283
-74.7251
-74.7237
-74.7244
-74.7239
-74.7232
-74.7235
-74.7252
-74.7268
-74.7282
-74.7283
-74.7274
-74.7261
-74.725
-74.7242
-74.7219
-74.7177
-74.7147
-74.7141
-74.7144
-74.7131
-74.7099
-74.7082
-74.7093
-74.7119
-74.714
-74.7153
-74.7143
-74.7134
-74.7125
-74.7117
-74.7098
-74.7056
-74.7011
-74.6966
-74.6943
-74.694
-74.692
-74.6884
-74.6845
-74.6823
-74.6854
-74.6911
-74.6965
-74.6991
-74.7
-74.7005
-74.7015
-74.7012
-74.6983
-74.6945
-74.6904
-74.6859
-74.6825
-74.6809
-74.6782
-74.674
-74.6698
-74.6659
-74.6649
-74.6693
-74.6755
-74.6812
-74.6832
-74.683
-74.6834
-74.6809
-74.6777
-74.6741
-74.6701
-74.6669
-74.6632
-74.6594
-74.6562
-74.6544
-74.6495
-74.6447
-74.6417
-74.6403
-74.6415
-74.6457
-74.6527
-74.66
-74.6652
-74.6688
-74.6698
-74.6684
-74.6655
-74.6611
-74.6576
-74.6526
-74.6473
-74.6442
-74.6417
-74.6385
-74.6351
-74.6306
-74.6272
-74.6236
-74.6214
-74.6221
-74.6261
-74.6315
-74.6359
-74.638
-74.6384
-74.636
-74.6369
-74.6391
-74.6363
-74.6296
-74.6244
-74.6199
-74.6165
-74.6115
-74.6075
-74.606
-74.6042
-74.6013
-74.5992
-74.5973
-74.5958
-74.5956
-74.5986
-74.6012
-74.6061
-74.6124
-74.6151
-74.6149
-74.6114
-74.6076
-74.6074
-74.6096
-74.6103
-74.607
-74.6001
-74.5928
-74.5902
-74.5861
-74.582
-74.5793
-74.5796
-74.5805
-74.5791
-74.5751
-74.5705
-74.5697
-74.5728
-74.5747
-74.576
-74.5765
-74.5763
-74.5773
-74.5779
-74.5775
-74.5758
-74.5717
-74.5665
-74.5626
-74.5633
-74.5631
-74.5588
-74.5534
-74.546
-74.5392
-74.5362
-74.5342
-74.5314
-74.5287
-74.5291
-74.531
-74.5338
-74.5338
-74.5359
-74.5379
-74.5378
-74.5411
-74.5426
-74.5385
-74.534
-74.5325
-74.532
-74.5303
-74.5303
-74.5338
-74.5355
-74.5336
-74.5278
-74.5193
-74.5135
-74.5103
-74.5071
-74.5041
-74.5005
-74.4951
-74.4892
-74.4825
-74.4809
-74.4801
-74.482
-74.4849
-74.4865
-74.4864
-74.4866
-74.4882
-74.4906
-74.4926
-74.4947
-74.4938
-74.4909
-74.4865
-74.4824
-74.4774
-74.4716
-74.47
-74.4714
-74.474
-74.475
-74.4777
-74.4793
-74.4753
-74.466
-74.4563
-74.4479
-74.4419
-74.4369
-74.43
-74.4268
-74.4266
-74.4226
-74.4182
-74.4105
-74.4027
-74.3976
-74.401
-74.4095
-74.4186
-74.427
-74.429
-74.4245
-74.4201
-74.4201
-74.4195
-74.4177
-74.4156
-74.4134
-74.4151
-74.4182
-74.4151
-74.4049
-74.3943
-74.389
-74.3894
-74.3962
-74.4011
-74.4023
-74.4004
-74.3966
-74.3916
-74.3882
-74.3831
-74.3744
-74.3607
-74.3479
-74.3388
-74.3301
-74.3249
-74.3244
-74.3324
-74.3356
-74.3313
-74.3244
-74.3219
-74.3178
-74.3112
-74.3052
-74.3045
-74.3097
-74.3113
-74.3132
-74.3183
-74.3284
-74.335
-74.3343
-74.334
-74.3294
-74.3217
-74.3165
-74.3072
-74.2984
-74.2862
-74.2712
-74.2642
-74.2621
-74.269
-74.2794
-74.2836
-74.2858
-74.287
-74.285
-74.2787
-74.2771
-74.2793
-74.282
-74.2813
-74.2766
-74.2678
-74.2558
-74.2474
-74.2425
-74.2392
-74.2389
-74.234
-74.2252
-74.2166
-74.2071
-74.1921
-74.1719
-74.1497
-74.1381
-74.1347
-74.1428
-74.1563
-74.1621
-74.1654
-74.1655
-74.1665
-74.1762
-74.1809
-74.1767
-74.1749
-74.1814
-74.1911
-74.1949
-74.193
-74.1843
-74.1709
-74.1547
-74.139
-74.1342
-74.1328
-74.1337
-74.1306
-74.127
-74.1229
-74.1154
-74.1065
-74.1007
-74.0932
-74.0805
-74.0647
-74.0468
-74.0271
-74.0077
-73.9954
-73.994
-73.9999
-74.0124
-74.0282
-74.0399
-74.0443
-74.0407
-74.0473
-74.0597
-74.069
-74.0766
-74.0757
-74.0712
-74.0637
-74.0552
-74.0614
-74.066
-74.0629
-74.0552
-74.0498
-74.0484
-74.042
-74.0319
-74.0224
-74.014
-74.0009
-73.9902
-73.978
-73.9607
-73.9514
-73.9543
-73.9519
-73.9446
-73.9329
-73.9166
-73.909
-73.9036
-73.896
-73.8934
-73.8983
-73.9028
-73.9071
-73.9067
-73.9068
-73.9064
-73.9006
-73.8925
-73.8878
-73.8889
-73.8951
-73.9009
-73.9065
-73.9203
-73.9281
-73.9277
-73.9218
-73.9105
-73.8995
-73.8977
-73.9025
-73.9097
-73.9096
-73.9031
-73.9073
-73.9159
-73.916
-73.9068
-73.8909
-73.8702
-73.8464
-73.8244
-73.8034
-73.7828
-73.7761
-73.7693
-73.7562
-73.7415
-73.7264
-73.7089
-73.6992
-73.6889
-73.6732
-73.6527
-73.6289
-73.6025
-73.5745
-73.5453
-73.5152
-73.4858
-73.4632
-73.4411
-73.4167
-73.3901
-73.362
-73.3406
-73.3318
-73.333
-73.3377
-73.335
-73.3246
-73.3149
-73.3091
-73.3053
-73.2964
-73.2824
-73.2723
-73.2663
-73.2715
-73.2731
-73.2684
-73.2701
-73.2831
-73.2904
-73.2881
-73.2805
-73.2822
-73.2853
-73.2894
-73.2895
-73.3129
-73.3505
-73.3751
-73.3844
-73.3823
-73.3747
-73.3723
-73.3804
-73.3943
-73.4239
-73.4496
-73.4611
-73.4607
-73.452
-73.4375
-73.4191
-73.3979
-73.3747
-73.35
-73.3241
-73.2972
-73.2697
-73.2417
-73.2133
-73.1845
-73.1556
-73.1265
-73.0974
-73.0682
-73.0391
-73.01
-72.9814
-72.9623
-72.9477
-72.9307
-72.9109
-72.8979
-72.889
-72.8768
-72.8607
-72.8417
-72.8205
-72.798
-72.7746
-72.7506
-72.7261
-72.7014
-72.6766
-72.6517
-72.6267
-72.6019
-72.5771
-72.5524
-72.5288
-72.5179
-72.511
-72.5009
-72.4872
-72.4708
-72.4525
-72.4331
-72.4128
-72.3921
-72.371
-72.3498
-72.3284
-72.3071
-72.2858
-72.2732
-72.2715
-72.2679
-72.2598
-72.2483
-72.2382
-72.2404
-72.242
-72.2383
-72.2301
-72.2187
-72.2092
-72.2125
-72.2152
-72.2125
-72.2052
-72.1946
-72.1816
-72.167
-72.1514
-72.135
-72.118
-72.1007
-72.0832
-72.0654
-72.0476
-72.0298
-72.0119
-71.9941
-71.9764
-71.9588
-71.9412
-71.9238
-71.9066
-71.8894
-71.8724
-71.8556
-71.8389
-71.8224
-71.8061
-71.7899
-71.7739
-71.7581
-71.7425
-71.727
-71.7117
-71.6966
-71.6816
-71.6668
-71.6522
-71.6378
-71.6235
-71.6094
-71.5955
-71.5817
-71.5681
-71.5546
-71.5413
-71.5282
-71.5152
-71.5024
-71.4898
-71.4773
-71.4649
-71.4527
-71.4407
-71.4288
-71.4171
-71.4054
-71.394
-71.3827
-71.3715
-71.3605
-71.3496
-71.3388
-71.3282
-71.3177
-71.3073
-71.2971
-71.287
-71.2771
-71.2672
-71.2575
-71.2479
-71.2385
-71.2291
-71.2199
-71.2108
-71.2018
-71.193
-71.1842
-71.1756
-71.1671
-71.1587
-71.1504
-71.1422
-71.1341
-71.1261
-71.1182
-71.1104
-71.1028
-71.0952
-71.0877
-71.0803
-71.0731
-71.0659
-71.0588
-71.0518
-71.0449
-71.0381
-71.0314
-71.0248
-71.0182
-71.0118
-71.0054
-70.9991
-70.993
-70.9869
-70.9808
-70.9749
-70.969
-70.9633
-70.9576
-70.9519
-70.9464
-70.9409
-70.9355
-70.9302
-70.925
-70.9198
-70.9147
-70.9097
-70.9047
-70.8998
-70.895
-70.8903
-70.8856
-70.881
-70.8764
-70.8719
-70.8675
-70.8632
-70.8589
-70.8546
-70.8504
-70.8463
-70.8423
-70.8383
-70.8343
-70.8305
-70.8266
-70.8229
-70.8192
-70.8155
-70.8119
-70.8084
-70.8049
-70.8014
-70.798
-70.7947
-70.7914
-70.7881
-70.785
-70.7818
-70.7787
-70.7757
-70.7727
-70.7697
-70.7668
-70.7639
-70.7611
-70.7583
-70.7556
-70.7529
-70.7502
-70.7476
-70.7451
-70.7425
-70.74
-70.7376
-70.7352
-70.7328
-70.7305
-70.7282
-70.7259
-70.7237
-70.7215
-70.7194
-70.7173
-70.7152
-70.7131
-70.7111
-70.7092
-70.7072
-70.7053
-70.7034
-70.7016
-70.6998
-70.698
-70.6962
-70.6945
-70.6928
-70.6911
-70.6895
-70.6879
-70.6863
-70.6848
-70.6832
-70.6817
-70.6803
-70.6788
-70.6774
-70.676
-70.6746
-70.6733
-70.672
-70.6707
-70.6694
-70.6682
-70.6669
-70.6658
-70.6646
-70.6634
-70.6623
-70.6612
-70.6601
-70.659
-70.658
-70.6569
-70.6559
-70.655
-70.654
-70.653
-70.6521
-70.6512
-70.6503
-70.6494
-70.6486
-70.6478
-70.6469
-70.6461
-70.6454
-70.6446
-70.6438
-70.6431
-70.6424
-70.6417
-70.641
-70.6403
-70.6397
-70.639
-70.6384
-70.6378
-70.6372
-70.6366
-70.6361
-70.6355
-70.635
-70.6344
-70.6339
-70.6334
-70.6329
-70.6325
-70.632
-70.6315
-70.6311
-70.6307
-70.6303
-70.6299
-70.6295
-70.6291
-70.6287
-70.6284
-70.628
-70.6277
-70.6273
-70.627
-70.6267
-70.6264
-70.6261
-70.6258
-70.6256
-70.6253
-70.6251
-70.6248
-70.6246
-70.6244
-70.6241
-70.6239
-70.6237
-70.6235
-70.6234
-70.6232
-70.623
-70.6228
-70.6227
-70.6225
-70.6224
-70.6223
-70.6221
-70.622
-70.6219
-70.6218
-70.6217
-70.6216
-70.6215
-70.6214
-70.6214
-70.6213
-70.6212
-70.6212
-70.6211
-70.6211
-70.621
-70.621
-70.621
-70.6209
-70.6209
-70.6209
-70.6209
-70.6209
-70.6209
-70.6209
-70.6209
-70.6209
-70.6209
-70.6209
-70.621
-70.621
-70.621
-70.6211
-70.6211
-70.6212
-70.6212
-70.6213
-70.6213
-70.6214
-70.6214
-70.6215
-70.6216
-70.6216
-70.6217
-70.6218
-70.6219
-70.6219
-70.622
-70.6221
-70.6222
-70.6223
-70.6224
-70.6225
-70.6226
-70.6227
-70.6228
-70.6229
-70.623
-70.6231
-70.6233
-70.6234
-70.6235
-70.6236
-70.6237
-70.6239
-70.624
-70.6241
-70.6243
-70.6244
-70.6245
-70.6247
-70.6248
-70.6249
-70.6251
-70.6252
-70.6254
-70.6255
-70.6256
-70.6258
-70.6259
-70.6261
-70.6262
-70.6264
-70.6265
-70.6267
-70.6269
-70.627
-70.6272
-70.6273
-70.6275
-70.6276
-70.6278
-70.628
-70.6281
-70.6283
-70.6284
-70.6286
-70.6288
-70.6289
-70.6291
-70.6293
-70.6294
-70.6296
-70.6298
-70.6299
-70.6301
-70.6303
-70.6304
-70.6306
-70.6308
-70.6309
-70.6311
-70.6313
-70.6315
-70.6316
-70.6318
-70.632
-70.6321
-70.6323
-70.6325
-70.6326
-70.6328
-70.633
-70.6332
-70.6333
-70.6335
-70.6337
-70.6338
-70.634
-70.6342
-70.6344
-70.6345
-70.6347
-70.6349
-70.635
-70.6352
-70.6354
-70.6355
-70.6357
-70.6359
-70.6361
-70.6362
-70.6364
-70.6366
-70.6367
-70.6369
-70.6371
-70.6372
-70.6374
-70.6376
-70.6377
-70.6379
-70.6381
-70.6382
-70.6384
-70.6385
-70.6387
-70.6389
-70.639
-70.6392
-70.6394
-70.6395
-70.6397
-70.6398
-70.64
-70.6402
-70.6403
-70.6405
-70.6406
-70.6408
-70.6409
-70.6411
-70.6413
-70.6414
-70.6416
-70.6417
-70.6419
-70.642
-70.6422
-70.6423
-70.6425
-70.6426
-70.6428
-70.6429
-70.6431
-70.6432
-70.6434
-70.6435
-70.6437
-70.6438
-70.644
-70.6441
-70.6442
-70.6444
-70.6445
-70.6447
-70.6448
-70.6449

