-70
-70.1661
-70.23
-70.2566
-70.2695
-70.2773
-70.283
-70.2879
-70.2925
-70.297
-70.3014
-70.3057
-70.31
-70.3142
-70.3185
-70.3226
-70.3268
-70.3309
-70.335
-70.3391
-70.3431
-70.3471
-70.351
-70.3549
-70.3588
-70.3626
-70.3664
-70.3701
-70.3738
-70.3775
-70.3811
-70.3847
-70.3883
-70.3918
-70.3953
-70.3987
-70.4021
-70.4055
-70.4088
-70.4121
-70.4154
-70.4186
-70.4218
-70.4249
-70.428
-70.4311
-70.4341
-70.4372
-70.4401
-70.4431
-70.446
-70.4489
-70.4517
-70.4545
-70.4573
-70.4601
-70.4628
-70.4655
-70.4682
-70.4708
-70.4734
-70.476
-70.4785
-70.481
-70.4835
-70.486
-70.4884
-70.4908
-70.4932
-70.4955
-70.4978
-70.5001
-70.5024
-70.5046
-70.5068
-70.509
-70.5112
-70.5133
-70.5154
-70.5175
-70.5196
-70.5216
-70.5236
-70.5256
-70.5276
-70.5295
-70.5315
-70.5334
-70.5352
-70.5371
-70.5389
-70.5407
-70.5425
-70.5443
-70.5461
-70.5478
-70.5495
-70.5512
-70.5528
-70.5545
-70.5561
-70.5577
-70.5593
-70.5609
-70.5624
-70.5639
-70.5655
-70.5669
-70.5684
-70.5699
-70.5713
-70.5727
-70.5741
-70.5755
-70.5769
-70.5782
-70.5796
-70.5809
-70.5822
-70.5835
-70.5848
-70.586
-70.5873
-70.5885
-70.5897
-70.5909
-70.5921
-70.5932
-70.5944
-70.5955
-70.5966
-70.5977
-70.5988
-70.5999
-70.601
-70.602
-70.603
-70.6041
-70.6051
-70.6061
-70.6071
-70.608
-70.609
-70.6099
-70.6109
-70.6118
-70.6127
-70.6136
-70.6145
-70.6154
-70.6162
-70.6171
-70.6179
-70.6187
-70.6196
-70.6204
-70.6212
-70.622
-70.6227
-70.6235
-70.6242
-70.625
-70.6257
-70.6265
-70.6272
-70.6279
-70.6286
-70.6293
-70.6299
-70.6306
-70.6313
-70.6319
-70.6325
-70.6332
-70.6338
-70.6344
-70.635
-70.6356
-70.6362
-70.6368
-70.6374
-70.6379
-70.6385
-70.639
-70.6396
-70.6401
-70.6406
-70.6411
-70.6417
-70.6422
-70.6427
-70.6431
-70.6436
-70.6441
-70.6446
-70.645
-70.6455
-70.6459
-70.6464
-70.6468
-70.6472
-70.6476
-70.6481
-70.6485
-70.6489
-70.6493
-70.6497
-70.65
-70.6504
-70.6508
-70.6512
-70.6515
-70.6519
-70.6522
-70.6526
-70.6529
-70.6533
-70.6536
-70.6539
-70.6542
-70.6545
-70.6549
-70.6552
-70.6555
-70.6558
-70.656
-70.6563
-70.6566
-70.6569
-70.6572
-70.6574
-70.6577
-70.658
-70.6582
-70.6585
-70.6587
-70.6589
-70.6592
-70.6594
-70.6597
-70.6599
-70.6601
-70.6603
-70.6605
-70.6607
-70.661
-70.6612
-70.6614
-70.6616
-70.6617
-70.6619
-70.6621
-70.6623
-70.6625
-70.6627
-70.6628
-70.663
-70.6632
-70.6633
-70.6635
-70.6637
-70.6638
-70.664
-70.6641
-70.6643
-70.6644
-70.6646
-70.6647
-70.6648
-70.665
-70.6651
-70.6652
-70.6653
-70.6655
-70.6656
-70.6657
-70.6658
-70.6659
-70.666
-70.6662
-70.6663
-70.6664
-70.6665
-70.6666
-70.6667
-70.6668
-70.6669
-70.667
-70.667
-70.6671
-70.6672
-70.6673
-70.6674
-70.6675
-70.6675
-70.6676
-70.6677
-70.6678
-70.6678
-70.6679
-70.668
-70.668
-70.6681
-70.6682
-70.6682
-70.6683
-70.6683
-70.6684
-70.6685
-70.6685
-70.6686
-70.6686
-70.6687
-70.6687
-70.6688
-70.6688
-70.6688
-70.6689
-70.6689
-70.669
-70.669
-70.669
-70.6691
-70.6691
-70.6691
-70.6692
-70.6692
-70.6692
-70.6693
-70.6693
-70.6693
-70.6694
-70.6694
-70.6694
-70.6694
-70.6694
-70.6695
-70.6695
-70.6695
-70.6695
-70.6695
-70.6696
-70.6696
-70.6696
-70.6696
-70.6696
-70.6696
-70.6696
-70.6697
-70.6697
-70.6697
-70.6697
-70.6697
-70.6697
-70.6697
-70.6697
-70.6697
-70.6697
-70.6697
-70.6697
-70.6697
-70.6697
-70.6697
-70.6697
-70.6697
-70.6697
-70.6697
-70.6697
-70.6697
-70.6697
-70.6697
-70.6697
-70.6697
-70.6697
-70.6697
-70.6697
-70.6697
-70.6697
-70.6697
-70.6697
-70.6697
-70.6697
-70.6697
-70.6696
-70.6696
-70.6696
-70.6696
-70.6696
-70.6696
-70.6696
-70.6696
-70.6696
-70.6695
-70.6695
-70.6695
-70.6695
-70.6695
-70.6695
-70.6695
-70.6695
-70.6694
-70.6694
-70.6694
-70.6694
-70.6694
-70.6694
-70.6693
-70.6693
-70.6693
-70.6693
-70.6693
-70.6693
-70.6693
-70.6692
-70.6692
-70.6692
-70.6692
-70.6692
-70.6691
-70.6691
-70.6691
-70.6691
-70.6691
-70.6691
-70.669
-70.669
-70.669
-70.669
-70.669
-70.6689
-70.6689
-70.6689
-70.6689
-70.6689
-70.6688
-70.6688
-70.6688
-70.6688
-70.6688
-70.6687
-70.6687
-70.6687
-70.6687
-70.6686
-70.6686
-70.6686
-70.6686
-70.6686
-70.6685
-70.6685
-70.6685
-70.6685
-70.6685
-70.6684
-70.6684
-70.6684
-70.6684
-70.6684
-70.6683
-70.6683
-70.6683
-70.6683
-70.6682
-70.6682
-70.6682
-70.6682
-70.6682
-70.6681
-70.6681
-70.6681
-70.6681
-70.6681
-70.6727
-70.8259
-71.4721
-72.4064
-73.2421
-73.8122
-74.1158
-74.2594
-74.327
-60.6902
-52.9532
-50.5043
-48.5058
-44.5172
7.24265
-23.7526
-52.8536
-69.1924
-68.4992
-67.4756
-66.418
-65.3481
-64.2841
-63.2441
-62.2435
-61.2954
-60.2206
-59.2591
-58.441
-57.7214
-57.0872
-56.531
-56.0402
-55.5821
-55.1991
-54.8811
-54.6165
-54.3982
-54.2199
-54.0572
-53.9188
-53.8107
-53.727
-53.6623
-53.6127
-53.5753
-53.5394
-53.5012
-53.4745
-53.4572
-53.4465
-53.4403
-53.4375
-53.4371
-53.4388
-53.4292
-53.4159
-53.4094
-53.4078
-53.409
-53.412
-53.416
-53.4208
-53.4261
-53.4319
-53.4381
-53.4379
-53.4206
-53.4113
-53.4085
-53.4092
-53.4117
-53.4151
-53.419
-53.4233
-53.4277
-53.4323
-53.4368
-53.4408
-53.4443
-53.4473
-53.4496
-53.4508
-53.4489
-53.417
-53.3984
-53.3892
-53.3825
-53.373
-53.3506
-53.2183
-52.7628
-52.7397
-52.852
-52.9658
-53.0528
-53.113
-53.1529
-53.18
-53.2002
-53.2178
-53.2355
-53.2555
-53.2798
-53.3108
-53.3509
-53.4021
-53.4647
-53.537
-53.6175
-53.7051
-53.6589
-53.5208
-53.4759
-53.4658
-53.4685
-53.4769
-53.4883
-53.5019
-53.5174
-53.5348
-53.554
-53.5751
-53.5983
-53.6238
-53.6516
-53.682
-53.7154
-53.7518
-53.7917
-53.8352
-53.8827
-53.9344
-53.9906
-54.0517
-54.1181
-54.1901
-54.2679
-54.3519
-54.4425
-54.5403
-54.6459
-54.7596
-54.882
-55.0138
-55.1556
-55.3078
-55.4705
-54.4799
-53.4724
-53.2401
-53.218
-53.2516
-53.297
-53.3415
-53.3823
-53.4191
-53.4525
-53.4833
-53.5123
-53.54
-53.5671
-53.5941
-53.6213
-53.6494
-53.6785
-53.7091
-53.7417
-53.7764
-53.8137
-53.8551
-53.9015
-53.9507
-54.003
-54.0589
-54.1188
-54.1832
-54.2523
-54.3262
-54.4055
-54.4912
-54.5875
-54.6908
-54.7995
-54.9146
-55.0368
-55.1666
-55.3044
-55.4501
-55.6034
-55.7647
-55.9392
-55.431
-53.5456
-53.1252
-53.0745
-53.1163
-53.176
-53.2333
-53.2838
-53.3272
-53.3647
-53.398
-53.4279
-53.4549
-53.4799
-53.5034
-53.5262
-53.5486
-53.5712
-53.5942
-53.618
-53.643
-53.6703
-53.7009
-53.7332
-53.7672
-53.8034
-53.8422
-53.8839
-53.9288
-53.9771
-54.0291
-54.0851
-54.1462
-54.2177
-54.2944
-54.374
-54.4575
-54.5456
-54.639
-54.738
-54.8429
-54.9541
-55.0718
-55.1962
-55.3334
-55.4901
-55.6508
-55.8127
-55.9771
-56.1455
-56.3184
-56.4957
-56.6769
-56.8616
-57.0495
-54.3016
-53.085
-52.8719
-52.9007
-52.9849
-53.0722
-53.1489
-53.213
-53.2662
-53.3109
-53.3482
-53.38
-53.4074
-53.4317
-53.4547
-53.4764
-53.4965
-53.5152
-53.533
-53.5501
-53.5666
-53.5827
-53.5982
-53.613
-53.6286
-53.646
-53.6617
-53.6743
-53.6832
-53.687
-53.684
-53.6709
-53.6431
-53.5921
-53.5018
-53.3392
-53.0105
-51.8824
-43.7923
-34.7647
-18.8806
-30.6896
-48.5547
-57.3801
-59.4303
-59.8263
-59.1364
-58.3791
-57.6779
-57.0495
-56.4955
-56.0143
-55.6015
-55.2526
-54.9612
-54.7205
-54.5256
-54.3754
-54.2645
-54.189
-54.1415
-54.1142
-54.1005
-54.0982
-54.1078
-54.132
-54.1772
-54.2445
-54.3279
-54.425
-54.5265
-54.6311
-54.7403
-54.8569
-54.9839
-55.1256
-55.289
-55.4752
-55.683
-55.9071
-56.1404
-56.383
-56.6365
-56.9032
-57.184
-57.4827
-57.8081
-58.1605
-58.5414
-58.9472
-59.3668
-59.7936
-60.228
-60.6695
-61.1182
-61.5749
-62.0496
-62.548
-63.0691
-63.6064
-64.1448
-64.674
-65.188
-65.6872
-66.17
-66.6374
-67.0959
-67.5535
-68.0131
-68.475
-68.9237
-69.35
-69.7493
-70.1192
-70.4621
-70.778
-71.0711
-71.3476
-71.6146
-71.8763
-72.1326
-72.3706
-72.5892
-72.7883
-72.9668
-73.1266
-73.2686
-73.3963
-73.5138
-73.625
-73.7341
-73.8411
-73.9386
-74.0265
-74.105
-74.1738
-74.2343
-74.2863
-74.3312
-74.3713
-74.409
-74.4477
-74.488
-74.5249
-74.5572
-74.5857
-74.6106
-74.6311
-74.6479
-74.6616
-74.6721
-74.6821
-74.6922
-74.7056
-74.7205
-74.7328
-74.7428
-74.7516
-74.7591
-74.7642
-74.767
-74.7694
-74.77
-74.7705
-74.7729
-74.7781
-74.7847
-74.7897
-74.7919
-74.7939
-74.7958
-74.7964
-74.795
-74.7926
-74.7907
-74.7886
-74.7882
-74.7912
-74.7945
-74.7985
-74.7993
-74.7988
-74.7984
-74.7981
-74.7965
-74.7937
-74.7904
-74.7873
-74.7857
-74.7869
-74.7895
-74.7923
-74.7955
-74.7953
-74.7927
-74.7905
-74.7887
-74.7863
-74.7835
-74.7803
-74.7769
-74.7753
-74.7768
-74.7796
-74.7826
-74.7859
-74.7881
-74.7859
-74.7824
-74.7797
-74.7772
-74.7743
-74.771
-74.7677
-74.7654
-74.765
-74.7674
-74.7697
-74.7718
-74.774
-74.7762
-74.7749
-74.7712
-74.7677
-74.7648
-74.7629
-74.7593
-74.7547
-74.7533
-74.7538
-74.7553
-74.7583
-74.7605
-74.762
-74.7633
-74.7645
-74.7626
-74.7595
-74.756
-74.7539
-74.7524
-74.7487
-74.7443
-74.741
-74.7402
-74.7421
-74.744
-74.746
-74.7478
-74.749
-74.7495
-74.7489
-74.7463
-74.7438
-74.7423
-74.7406
-74.7399
-74.7378
-74.7349
-74.7305
-74.7277
-74.7297
-74.7325
-74.734
-74.7341
-74.7347
-74.7351
-74.735
-74.7331
-74.7316
-74.7306
-74.7286
-74.7276
-74.7275
-74.7258
-74.7219
-74.7163
-74.7121
-74.7126
-74.716
-74.7183
-74.7177
-74.7166
-74.716
-74.7161
-74.7166
-74.7164
-74.7165
-74.7167
-74.7164
-74.7152
-74.7148
-74.7141
-74.7099
-74.7044
-74.7006
-74.6987
-74.6997
-74.703
-74.7025
-74.6994
-74.6978
-74.6967
-74.698
-74.699
-74.6997
-74.7014
-74.703
-74.7025
-74.6997
-74.6976
-74.6948
-74.6908
-74.6865
-74.6847
-74.6832
-74.6806
-74.6805
-74.6812
-74.6793
-74.6763
-74.6752
-74.6748
-74.6775
-74.6799
-74.6813
-74.6852
-74.6881
-74.6884
-74.6875
-74.685
-74.6803
-74.6747
-74.6702
-74.6659
-74.6658
-74.6653
-74.6649
-74.662
-74.6574
-74.6553
-74.6533
-74.6533
-74.6544
-74.6566
-74.6584
-74.6591
-74.6616
-74.6637
-74.6636
-74.6647
-74.6639
-74.6618
-74.6591
-74.6529
-74.6478
-74.6445
-74.6423
-74.6396
-74.6392
-74.6372
-74.6347
-74.6301
-74.6241
-74.6203
-74.6236
-74.629
-74.632
-74.6363
-74.6411
-74.6392
-74.6356
-74.6381
-74.6415
-74.6417
-74.6384
-74.6346
-74.6314
-74.6301
-74.6275
-74.6225
-74.6211
-74.6198
-74.6168
-74.6157
-74.6124
-74.6052
-74.598
-74.5911
-74.585
-74.588
-74.595
-74.6024
-74.607
-74.608
-74.6079
-74.607
-74.6046
-74.6034
-74.6033
-74.6047
-74.6039
-74.6013
-74.5956
-74.5908
-74.5903
-74.5889
-74.5855
-74.5832
-74.5846
-74.5883
-74.5889
-74.5839
-74.5765
-74.5697
-74.562
-74.557
-74.5534
-74.5497
-74.5507
-74.553
-74.5565
-74.5589
-74.5591
-74.5612
-74.5636
-74.5607
-74.5618
-74.5658
-74.5698
-74.5699
-74.5646
-74.5587
-74.5556
-74.5527
-74.5489
-74.547
-74.5457
-74.5441
-74.5426
-74.5416
-74.5397
-74.5417
-74.5439
-74.5411
-74.5349
-74.5314
-74.5319
-74.5298
-74.5242
-74.5165
-74.5096
-74.5069
-74.5024
-74.4939
-74.4858
-74.4865
-74.49
-74.4928
-74.4937
-74.4916
-74.4916
-74.495
-74.5018
-74.508
-74.5098
-74.5067
-74.5042
-74.5001
-74.492
-74.4857
-74.4815
-74.4835
-74.4859
-74.4839
-74.4819
-74.478
-74.4755
-74.47
-74.4691
-74.4716
-74.4747
-74.4765
-74.4807
-74.4829
-74.4793
-74.4728
-74.4639
-74.4513
-74.4399
-74.4317
-74.4263
-74.4258
-74.4199
-74.41
-74.4014
-74.391
-74.383
-74.3845
-74.3876
-74.3909
-74.3908
-74.3869
-74.3879
-74.392
-74.3997
-74.4099
-74.4216
-74.4269
-74.4275
-74.4256
-74.4196
-74.4101
-74.4023
-74.3974
-74.3927
-74.3941
-74.3989
-74.403
-74.4056
-74.4096
-74.4084
-74.4047
-74.4009
-74.3975
-74.3957
-74.3916
-74.3883
-74.3866
-74.3839
-74.3798
-74.3716
-74.3605
-74.3466
-74.3327
-74.3256
-74.3315
-74.3348
-74.331
-74.3242
-74.3155
-74.3032
-74.2889
-74.2774
-74.2726
-74.2665
-74.2583
-74.2593
-74.2589
-74.2504
-74.2372
-74.2324
-74.2343
-74.24
-74.2497
-74.2643
-74.2773
-74.2816
-74.2785
-74.2725
-74.2623
-74.2476
-74.2374
-74.2349
-74.2445
-74.2559
-74.2663
-74.2676
-74.2607
-74.2605
-74.269
-74.2717
-74.2807
-74.2939
-74.3074
-74.3168
-74.3202
-74.3192
-74.3137
-74.3039
-74.2907
-74.2785
-74.2657
-74.251
-74.2346
-74.2156
-74.1955
-74.1813
-74.169
-74.1522
-74.1361
-74.1225
-74.1136
-74.1118
-74.1144
-74.1161
-74.1111
-74.1013
-74.0873
-74.0757
-74.0731
-74.0721
-74.0714
-74.0714
-74.0713
-74.0694
-74.0695
-74.0631
-74.0491
-74.0325
-74.0175
-74.0137
-74.0175
-74.0291
-74.0425
-74.0508
-74.0544
-74.0565
-74.0537
-74.0466
-74.0373
-74.0322
-74.0262
-74.0271
-74.0339
-74.04
-74.0427
-74.0411
-74.0369
-74.0276
-74.019
-74.0147
-74.0134
-74.0103
-74.0039
-73.9945
-73.9799
-73.9718
-73.9771
-73.9898
-74.0015
-74.0116
-74.0167
-74.0158
-74.0102
-74.0027
-73.9966
-73.9993
-74.0093
-74.0165
-74.0202
-74.0261
-74.0292
-74.027
-74.0261
-74.0303
-74.039
-74.0468
-74.0552
-74.0585
-74.0536
-74.0499
-74.0514
-74.0522
-74.0494
-74.0437
-74.0331
-74.0174
-74.0016
-73.9873
-73.9704
-73.9493
-73.9272
-73.9095
-73.9007
-73.8937
-73.8814
-73.8685
-73.8526
-73.8322
-73.8081
-73.7814
-73.7531
-73.7296
-73.7127
-73.6995
-73.6861
-73.6757
-73.67
-73.6592
-73.6462
-73.6333
-73.6163
-73.5951
-73.5707
-73.5442
-73.5241
-73.5134
-73.5005
-73.4836
-73.47
-73.4549
-73.4359
-73.4143
-73.3981
-73.3817
-73.3618
-73.3392
-73.3218
-73.3061
-73.2873
-73.2653
-73.241
-73.2168
-73.2004
-73.1842
-73.1652
-73.1599
-73.1802
-73.1984
-73.2047
-73.2007
-73.1896
-73.1735
-73.1628
-73.1709
-73.192
-73.2063
-73.2181
-73.2292
-73.2357
-73.2337
-73.2243
-73.2097
-73.1914
-73.1706
-73.1479
-73.1284
-73.1157
-73.102
-73.0989
-73.1036
-73.1025
-73.0999
-73.0988
-73.0923
-73.0881
-73.0845
-73.0756
-73.0617
-73.0441
-73.0238
-73.0017
-72.9796
-72.9671
-72.9559
-72.9413
-72.9233
-72.9028
-72.8806
-72.8573
-72.8331
-72.8085
-72.7834
-72.7581
-72.7327
-72.7073
-72.6818
-72.6564
-72.6311
-72.6059
-72.5808
-72.5595
-72.551
-72.5431
-72.5315
-72.5165
-72.4991
-72.4801
-72.46
-72.4392
-72.4179
-72.3964
-72.3748
-72.353
-72.3313
-72.3096
-72.288
-72.2665
-72.2452
-72.2346
-72.2335
-72.2299
-72.2219
-72.2104
-72.1965
-72.181
-72.1643
-72.147
-72.1292
-72.111
-72.0927
-72.0743
-72.0559
-72.0375
-72.0191
-72.0008
-71.9826
-71.9646
-71.9466
-71.9289
-71.9112
-71.8938
-71.8765
-71.8593
-71.8424
-71.8256
-71.809
-71.7926
-71.7763
-71.7603
-71.7444
-71.7287
-71.7132
-71.6979
-71.6827
-71.6677
-71.6529
-71.6383
-71.6238
-71.6096
-71.5955
-71.5815
-71.5678
-71.5542
-71.5407
-71.5274
-71.5143
-71.5014
-71.4886
-71.4759
-71.4635
-71.4511
-71.439
-71.4269
-71.4151
-71.4034
-71.3918
-71.3803
-71.3691
-71.3579
-71.3469
-71.336
-71.3253
-71.3147
-71.3043
-71.294
-71.2838
-71.2737
-71.2638
-71.254
-71.2444
-71.2348
-71.2254
-71.2161
-71.2069
-71.1979
-71.1889
-71.1801
-71.1714
-71.1628
-71.1544
-71.146
-71.1377
-71.1296
-71.1215
-71.1136
-71.1058
-71.098
-71.0904
-71.0829
-71.0755
-71.0682
-71.0609
-71.0538
-71.0468
-71.0398
-71.033
-71.0262
-71.0196
-71.013
-71.0065
-71.0001
-70.9938
-70.9876
-70.9815
-70.9754
-70.9695
-70.9636
-70.9578
-70.952
-70.9464
-70.9408
-70.9353
-70.9299
-70.9246
-70.9193
-70.9141
-70.909
-70.904
-70.899
-70.8941
-70.8893
-70.8845
-70.8798
-70.8752
-70.8706
-70.8662
-70.8617
-70.8574
-70.8531
-70.8488
-70.8446
-70.8405
-70.8365
-70.8325
-70.8285
-70.8246
-70.8208
-70.8171
-70.8133
-70.8097
-70.8061
-70.8025
-70.799
-70.7956
-70.7922
-70.7889
-70.7856
-70.7824
-70.7792
-70.776
-70.7729
-70.7699
-70.7669
-70.764
-70.7611
-70.7582
-70.7554
-70.7526
-70.7499
-70.7472
-70.7446
-70.742
-70.7394
-70.7369
-70.7344
-70.732
-70.7296
-70.7272
-70.7249
-70.7226
-70.7204
-70.7182
-70.716
-70.7139
-70.7118
-70.7097
-70.7077
-70.7057
-70.7037
-70.7018
-70.6999
-70.6981
-70.6962
-70.6944
-70.6927
-70.6909
-70.6892
-70.6875
-70.6859
-70.6843
-70.6827
-70.6811
-70.6796
-70.6781
-70.6766
-70.6752
-70.6737
-70.6724
-70.671
-70.6696
-70.6683
-70.667
-70.6657
-70.6645
-70.6633
-70.6621
-70.6609
-70.6597
-70.6586
-70.6575
-70.6564
-70.6553
-70.6543
-70.6533
-70.6523
-70.6513
-70.6503
-70.6494
-70.6485
-70.6475
-70.6467
-70.6458
-70.6449
-70.6441
-70.6433
-70.6425
-70.6417
-70.641
-70.6402
-70.6395
-70.6388
-70.6381
-70.6374
-70.6368
-70.6361
-70.6355
-70.6349
-70.6343
-70.6337
-70.6331
-70.6325
-70.632
-70.6315
-70.6309
-70.6304
-70.63
-70.6295
-70.629
-70.6286
-70.6281
-70.6277
-70.6273
-70.6269
-70.6265
-70.6261
-70.6257
-70.6254
-70.625
-70.6247
-70.6244
-70.624
-70.6237
-70.6234
-70.6231
-70.6229
-70.6226
-70.6223
-70.6221
-70.6219
-70.6216
-70.6214
-70.6212
-70.621
-70.6208
-70.6206
-70.6204
-70.6203
-70.6201
-70.6199
-70.6198
-70.6196
-70.6195
-70.6194
-70.6193
-70.6192
-70.619
-70.6189
-70.6189
-70.6188
-70.6187
-70.6186
-70.6186
-70.6185
-70.6184
-70.6184
-70.6183
-70.6183
-70.6183
-70.6182
-70.6182
-70.6182
-70.6182
-70.6182
-70.6182
-70.6182
-70.6182
-70.6182
-70.6182
-70.6183
-70.6183
-70.6183
-70.6183
-70.6184
-70.6184
-70.6185
-70.6185
-70.6186
-70.6186
-70.6187
-70.6188
-70.6188
-70.6189
-70.619
-70.6191
-70.6191
-70.6192
-70.6193
-70.6194
-70.6195
-70.6196
-70.6197
-70.6198
-70.6199
-70.62
-70.6201
-70.6202
-70.6204
-70.6205
-70.6206
-70.6207
-70.6208
-70.621
-70.6211
-70.6212
-70.6214
-70.6215
-70.6216
-70.6218
-70.6219
-70.6221
-70.6222
-70.6224
-70.6225
-70.6226
-70.6228
-70.6229
-70.6231
-70.6233
-70.6234
-70.6236
-70.6237
-70.6239
-70.624
-70.6242
-70.6244
-70.6245
-70.6247
-70.6249
-70.625
-70.6252
-70.6254
-70.6255
-70.6257
-70.6259
-70.6261
-70.6262
-70.6264
-70.6266
-70.6268
-70.6269
-70.6271
-70.6273
-70.6275
-70.6276
-70.6278
-70.628
-70.6282
-70.6283
-70.6285
-70.6287
-70.6289
-70.6291
-70.6292
-70.6294
-70.6296
-70.6298
-70.63
-70.6302
-70.6303
-70.6305
-70.6307
-70.6309
-70.6311
-70.6312
-70.6314
-70.6316
-70.6318
-70.632
-70.6322
-70.6323
-70.6325
-70.6327
-70.6329
-70.6331
-70.6332
-70.6334
-70.6336
-70.6338
-70.634
-70.6341
-70.6343
-70.6345
-70.6347
-70.6349
-70.635
-70.6352
-70.6354
-70.6356
-70.6357
-70.6359
-70.6361
-70.6363
-70.6364
-70.6366
-70.6368
-70.637
-70.6371
-70.6373
-70.6375
-70.6377
-70.6378
-70.638
-70.6382
-70.6383
-70.6385
-70.6387
-70.6388
-70.639
-70.6392
-70.6393
-70.6395
-70.6397
-70.6398
-70.64
-70.6402
-70.6403
-70.6405
-70.6407
-70.6408
-70.641
-70.6411
-70.6413
-70.6415
-70.6416
-70.6418
-70.6419
-70.6421
-70.6422
-70.6424
-70.6425
-70.6427
-70.6429
-70.643
-70.6432
-70.6433
-70.6435
-70.6436
-70.6438
-70.6439
-70.6441
-70.6442
-70.6443
-70.6445
-70.6446
-70.6448
-70.6449
-70.6451
-70.6452
-70.6453

