-70
-70.2123
-70.2926
-70.3252
-70.3404
-70.3491
-70.3555
-70.3609
-70.3659
-70.3708
-70.3757
-70.3805
-70.3853
-70.39
-70.3948
-70.3995
-70.4042
-70.4088
-70.4134
-70.4179
-70.4224
-70.4269
-70.4313
-70.4357
-70.44
-70.4443
-70.4485
-70.4527
-70.4569
-70.461
-70.465
-70.469
-70.473
-70.4769
-70.4808
-70.4846
-70.4884
-70.4921
-70.4958
-70.4995
-70.5031
-70.5067
-70.5102
-70.5137
-70.5172
-70.5206
-70.524
-70.5273
-70.5306
-70.5339
-70.5371
-70.5403
-70.5434
-70.5465
-70.5496
-70.5526
-70.5556
-70.5586
-70.5615
-70.5644
-70.5673
-70.5701
-70.5729
-70.5757
-70.5784
-70.5811
-70.5838
-70.5864
-70.589
-70.5916
-70.5941
-70.5966
-70.5991
-70.6016
-70.604
-70.6064
-70.6087
-70.6111
-70.6134
-70.6157
-70.6179
-70.6201
-70.6223
-70.6245
-70.6266
-70.6287
-70.6308
-70.6329
-70.6349
-70.6369
-70.6389
-70.6409
-70.6428
-70.6448
-70.6466
-70.6485
-70.6503
-70.6522
-70.654
-70.6557
-70.6575
-70.6592
-70.6609
-70.6626
-70.6643
-70.6659
-70.6675
-70.6691
-70.6707
-70.6723
-70.6738
-70.6754
-70.6769
-70.6783
-70.6798
-70.6812
-70.6827
-70.6841
-70.6855
-70.6868
-70.6882
-70.6895
-70.6908
-70.6921
-70.6934
-70.6947
-70.6959
-70.6972
-70.6984
-70.6996
-70.7008
-70.702
-70.7031
-70.7042
-70.7054
-70.7065
-70.7076
-70.7087
-70.7097
-70.7108
-70.7118
-70.7128
-70.7138
-70.7148
-70.7158
-70.7168
-70.7177
-70.7187
-70.7196
-70.7205
-70.7214
-70.7223
-70.7232
-70.7241
-70.7249
-70.7258
-70.7266
-70.7274
-70.7282
-70.729
-70.7298
-70.7306
-70.7314
-70.7321
-70.7329
-70.7336
-70.7343
-70.735
-70.7357
-70.7364
-70.7371
-70.7378
-70.7384
-70.7391
-70.7397
-70.7404
-70.741
-70.7416
-70.7422
-70.7428
-70.7434
-70.744
-70.7446
-70.7451
-70.7457
-70.7462
-70.7468
-70.7473
-70.7478
-70.7484
-70.7489
-70.7494
-70.7499
-70.7504
-70.7508
-70.7513
-70.7518
-70.7522
-70.7527
-70.7531
-70.7536
-70.754
-70.7544
-70.7549
-70.7553
-70.7557
-70.7561
-70.7565
-70.7569
-70.7573
-70.7576
-70.758
-70.7584
-70.7587
-70.7591
-70.7594
-70.7598
-70.7601
-70.7605
-70.7608
-70.7611
-70.7614
-70.7617
-70.7621
-70.7624
-70.7627
-70.763
-70.7632
-70.7635
-70.7638
-70.7641
-70.7644
-70.7646
-70.7649
-70.7651
-70.7654
-70.7656
-70.7659
-70.7661
-70.7664
-70.7666
-70.7668
-70.7671
-70.7673
-70.7675
-70.7677
-70.7679
-70.7681
-70.7684
-70.7686
-70.7688
-70.769
-70.7691
-70.7693
-70.7695
-70.7697
-70.7699
-70.7701
-70.7702
-70.7704
-70.7706
-70.7707
-70.7709
-70.7711
-70.7712
-70.7714
-70.7715
-70.7717
-70.7718
-70.772
-70.7721
-70.7722
-70.7724
-70.7725
-70.7726
-70.7728
-70.7729
-70.773
-70.7731
-70.7733
-70.7734
-70.7735
-70.7736
-70.7737
-70.7738
-70.7739
-70.774
-70.7741
-70.7742
-70.7743
-70.7744
-70.7745
-70.7746
-70.7747
-70.7748
-70.7749
-70.775
-70.7751
-70.7751
-70.7752
-70.7753
-70.7754
-70.7755
-70.7755
-70.7756
-70.7757
-70.7758
-70.7758
-70.7759
-70.776
-70.776
-70.7761
-70.7762
-70.7762
-70.7763
-70.7763
-70.7764
-70.7765
-70.7765
-70.7766
-70.7766
-70.7767
-70.7767
-70.7768
-70.7768
-70.7769
-70.7769
-70.777
-70.777
-70.7771
-70.7771
-70.7771
-70.7772
-70.7772
-70.7773
-70.7773
-70.7773
-70.7774
-70.7774
-70.7774
-70.7775
-70.7775
-70.7775
-70.7776
-70.7776
-70.7776
-70.7777
-70.7777
-70.7777
-70.7777
-70.7778
-70.7778
-70.7778
-70.7778
-70.7779
-70.7779
-70.7779
-70.7779
-70.778
-70.778
-70.778
-70.778
-70.778
-70.7781
-70.7781
-70.7781
-70.7781
-70.7781
-70.7781
-70.7782
-70.7782
-70.7782
-70.7782
-70.7782
-70.7782
-70.7782
-70.7783
-70.7783
-70.7783
-70.7783
-70.7783
-70.7783
-70.7783
-70.7783
-70.7783
-70.7783
-70.7784
-70.7784
-70.7784
-70.7784
-70.7784
-70.7784
-70.7784
-70.7784
-70.7784
-70.7784
-70.7784
-70.7784
-70.7784
-70.7784
-70.7784
-70.7784
-70.7784
-70.7784
-70.7784
-70.7785
-70.7785
-70.7785
-70.7785
-70.7785
-70.7785
-70.7785
-70.7785
-70.7785
-70.7785
-70.7785
-70.7785
-70.7785
-70.7785
-70.7785
-70.7785
-70.7785
-70.7785
-70.7785
-70.7785
-70.7785
-70.7785
-70.7785
-70.7785
-70.7785
-70.7785
-70.7785
-70.7785
-70.7785
-70.7785
-70.7785
-70.7784
-70.7784
-70.7784
-70.7784
-70.7784
-70.7784
-70.7784
-70.7784
-70.7784
-70.7784
-70.7784
-70.7784
-70.7784
-70.7784
-70.7784
-70.7784
-70.7784
-70.7784
-70.7784
-70.7784
-70.7784
-70.7784
-70.7784
-70.7784
-70.7784
-70.7784
-70.7784
-70.7784
-70.7784
-70.7783
-70.7783
-70.7783
-70.7783
-70.7783
-70.7783
-70.7783
-70.7929
-71.0173
-71.71
-72.5757
-73.3315
-73.8138
-74.0777
-60.6501
-52.966
-50.228
-46.9929
-7.54724
-28.0742
-67.7202
-70.2466
-69.0477
-67.7431
-66.3797
-64.9921
-63.6174
-62.2914
-61.0457
-59.9045
-58.8835
-57.9896
-57.1756
-56.4879
-55.9278
-55.4758
-55.1163
-54.8322
-54.6096
-54.4352
-54.2996
-54.1987
-54.1261
-54.0742
-54.0377
-54.0102
-53.9896
-53.9751
-53.9664
-53.9618
-53.9579
-53.956
-53.9545
-53.9533
-53.9525
-53.9533
-53.9552
-53.9578
-53.9608
-53.9641
-53.9671
-53.9676
-53.9676
-53.9663
-53.9652
-53.9656
-53.967
-53.969
-53.9713
-53.9737
-53.9762
-53.9786
-53.9782
-53.978
-53.9769
-53.976
-53.9762
-53.9773
-53.9787
-53.9803
-53.9821
-53.984
-53.9859
-53.9876
-53.9892
-53.9905
-53.9916
-53.9924
-53.9886
-53.9822
-53.9781
-53.9733
-53.9682
-53.9638
-53.9562
-53.9026
-53.7794
-53.7995
-53.8399
-53.8704
-53.8899
-53.9015
-53.9082
-53.9121
-53.9144
-53.9163
-53.9184
-53.9212
-53.9253
-53.9312
-53.9395
-53.9512
-53.9668
-53.9866
-54.0031
-54.0071
-54.0101
-54.0142
-54.0198
-54.0272
-54.0264
-54.0189
-54.0165
-54.0182
-54.0223
-54.0281
-54.0352
-54.0434
-54.0527
-54.0631
-54.0745
-54.0871
-54.101
-54.1163
-54.133
-54.1513
-54.1713
-54.1931
-54.2169
-54.2427
-54.2709
-54.3016
-54.335
-54.3714
-54.4111
-54.4543
-54.5013
-54.5523
-54.6077
-54.5731
-54.1482
-54.0091
-53.9831
-53.9922
-54.0109
-54.0314
-54.0513
-54.0705
-54.0421
-54.0204
-54.0152
-54.0181
-54.0244
-54.0323
-54.0409
-54.05
-54.0596
-54.0696
-54.0758
-54.0451
-54.0267
-54.0212
-54.022
-54.026
-54.0315
-54.0381
-54.0453
-54.0533
-54.0624
-54.0721
-54.0823
-54.0936
-54.1059
-54.1191
-54.1332
-54.1484
-54.1649
-54.1828
-54.2031
-54.2271
-54.2527
-54.2796
-54.1109
-54.0277
-54.0055
-54.0053
-54.0125
-54.0221
-54.0324
-54.0436
-54.0551
-54.0666
-54.0782
-54.0484
-54.0214
-54.012
-54.0113
-54.0145
-54.0194
-54.0255
-54.0327
-54.0403
-54.0482
-54.0565
-54.0654
-54.0754
-54.0863
-54.0978
-54.1101
-54.1234
-54.1385
-54.1565
-54.1757
-54.1958
-54.2171
-54.2399
-54.2648
-54.2937
-54.325
-54.3582
-54.3937
-54.4335
-54.4812
-54.5328
-54.5864
-54.6427
-54.7025
-54.7664
-54.8351
-54.9146
-55.0023
-55.0942
-55.192
-54.1448
-53.8689
-53.8376
-53.8657
-53.9031
-53.9375
-53.9667
-53.9912
-54.0123
-54.0315
-54.0489
-54.0655
-54.0822
-54.0996
-54.1171
-54.1348
-54.0738
-54.019
-54.0017
-53.9998
-54.0038
-54.0099
-54.0173
-54.0254
-54.034
-54.043
-54.0527
-54.0627
-54.073
-54.084
-54.0957
-54.1084
-54.1221
-54.1384
-54.1577
-54.1783
-54.2014
-54.2256
-54.2511
-54.2783
-54.3077
-54.3396
-54.3742
-54.4119
-54.1809
-54.0088
-53.9682
-53.9689
-53.9807
-53.9945
-54.008
-54.0206
-54.0327
-54.0443
-54.0558
-54.0678
-54.0809
-54.0945
-54.1098
-54.1271
-54.1452
-54.1242
-54.0411
-54.0095
-54.0024
-54.0046
-54.0102
-54.0179
-54.0286
-54.0443
-54.0641
-54.0832
-54.1038
-54.1241
-54.143
-54.1617
-54.1828
-54.2141
-54.2557
-54.3103
-54.3668
-54.4215
-54.4733
-54.5241
-54.5763
-54.6323
-54.6972
-54.7778
-54.873
-54.9841
-55.1063
-55.2288
-55.3529
-55.4806
-55.615
-55.7583
-55.9147
-56.0932
-56.296
-56.5238
-56.7748
-57.0348
-57.3002
-57.5728
-57.8552
-58.1476
-58.4566
-58.7926
-59.1621
-59.5642
-60.0037
-60.4563
-60.9075
-61.3552
-61.7983
-62.241
-62.6858
-63.1436
-63.6243
-64.1268
-64.6521
-65.1976
-65.7265
-66.2319
-66.71
-67.1617
-67.5915
-68.0027
-68.4057
-68.8105
-69.215
-69.6211
-70.022
-70.3936
-70.7347
-71.0452
-71.3242
-71.5773
-71.8104
-72.0315
-72.2473
-72.4583
-72.6645
-72.8644
-73.0444
-73.2036
-73.3441
-73.4671
-73.5749
-73.6705
-73.7602
-73.8446
-73.9282
-74.0087
-74.0895
-74.1634
-74.2272
-74.2821
-74.3284
-74.368
-74.4019
-74.4323
-74.4612
-74.4887
-74.5158
-74.5436
-74.5733
-74.5989
-74.6194
-74.6363
-74.6493
-74.6589
-74.6659
-74.6729
-74.6801
-74.6878
-74.6958
-74.7055
-74.7183
-74.7296
-74.736
-74.7403
-74.7436
-74.7444
-74.7429
-74.7414
-74.742
-74.7427
-74.7447
-74.7476
-74.7535
-74.7597
-74.7645
-74.7643
-74.7633
-74.7625
-74.7592
-74.7547
-74.7525
-74.7517
-74.7508
-74.7512
-74.7539
-74.7587
-74.7632
-74.7659
-74.7645
-74.7602
-74.7576
-74.7549
-74.7503
-74.7463
-74.7448
-74.7422
-74.7405
-74.7429
-74.7487
-74.754
-74.7575
-74.7583
-74.7548
-74.7489
-74.7447
-74.7418
-74.7387
-74.7357
-74.7336
-74.7305
-74.7274
-74.7282
-74.7343
-74.7401
-74.7449
-74.7468
-74.7444
-74.7377
-74.7312
-74.7263
-74.724
-74.7241
-74.7229
-74.7194
-74.716
-74.7141
-74.7184
-74.7244
-74.7306
-74.735
-74.7362
-74.7337
-74.7265
-74.7186
-74.7122
-74.7086
-74.7095
-74.7101
-74.7063
-74.6997
-74.6957
-74.6979
-74.704
-74.7086
-74.7137
-74.7177
-74.7199
-74.718
-74.7114
-74.7036
-74.6981
-74.6954
-74.6965
-74.6992
-74.6978
-74.6917
-74.6848
-74.6849
-74.6905
-74.6954
-74.7001
-74.703
-74.7039
-74.7038
-74.7015
-74.695
-74.6869
-74.6811
-74.6782
-74.676
-74.6766
-74.6757
-74.6711
-74.6657
-74.6639
-74.6674
-74.6718
-74.6781
-74.6833
-74.6847
-74.6861
-74.6864
-74.6846
-74.6798
-74.6759
-74.6722
-74.669
-74.6661
-74.6639
-74.6614
-74.6572
-74.6548
-74.6545
-74.6555
-74.6578
-74.6622
-74.6664
-74.6688
-74.6691
-74.6674
-74.6645
-74.6599
-74.6541
-74.6497
-74.6473
-74.6436
-74.6415
-74.6381
-74.6326
-74.6283
-74.6266
-74.6293
-74.6323
-74.6375
-74.6406
-74.643
-74.6472
-74.6487
-74.6483
-74.6473
-74.6465
-74.6436
-74.6418
-74.6407
-74.6372
-74.6325
-74.6273
-74.6229
-74.6177
-74.6101
-74.6058
-74.6072
-74.6123
-74.6167
-74.6239
-74.629
-74.63
-74.6306
-74.6295
-74.6261
-74.6191
-74.6113
-74.6079
-74.6087
-74.6095
-74.6084
-74.6053
-74.6038
-74.6013
-74.5942
-74.5813
-74.5693
-74.5625
-74.5621
-74.5719
-74.5815
-74.589
-74.5987
-74.6064
-74.61
-74.6107
-74.61
-74.606
-74.6001
-74.5913
-74.584
-74.5797
-74.5789
-74.5797
-74.5809
-74.5811
-74.5801
-74.5787
-74.5758
-74.5678
-74.5549
-74.5419
-74.5327
-74.5301
-74.5348
-74.5466
-74.5592
-74.5699
-74.5787
-74.5831
-74.5836
-74.5807
-74.5778
-74.5725
-74.5639
-74.5559
-74.5483
-74.5445
-74.5416
-74.5369
-74.5325
-74.5289
-74.5305
-74.5339
-74.5345
-74.5295
-74.5216
-74.5117
-74.5012
-74.4908
-74.486
-74.4897
-74.4941
-74.4979
-74.503
-74.5124
-74.5273
-74.5363
-74.5404
-74.5414
-74.5378
-74.5342
-74.5301
-74.5259
-74.5224
-74.5198
-74.5154
-74.511
-74.5045
-74.4989
-74.4946
-74.4905
-74.4878
-74.4831
-74.4771
-74.4739
-74.4724
-74.4697
-74.463
-74.4559
-74.4506
-74.4476
-74.4458
-74.4481
-74.4536
-74.457
-74.4547
-74.4484
-74.4522
-74.4621
-74.47
-74.4717
-74.4691
-74.4646
-74.4651
-74.4702
-74.4776
-74.4805
-74.4771
-74.473
-74.4653
-74.4582
-74.4522
-74.4447
-74.4392
-74.4324
-74.4253
-74.4224
-74.418
-74.4112
-74.4024
-74.3959
-74.3897
-74.3817
-74.3733
-74.371
-74.3721
-74.3792
-74.3862
-74.3895
-74.3902
-74.3846
-74.3768
-74.3702
-74.3662
-74.3643
-74.369
-74.3728
-74.3755
-74.3814
-74.3847
-74.3871
-74.3869
-74.3891
-74.392
-74.3922
-74.3896
-74.3891
-74.3868
-74.3833
-74.3814
-74.3766
-74.3714
-74.3703
-74.3684
-74.361
-74.3513
-74.3431
-74.3327
-74.3223
-74.3159
-74.314
-74.3107
-74.3072
-74.3008
-74.2926
-74.2847
-74.2751
-74.2691
-74.2705
-74.2765
-74.2786
-74.2787
-74.2778
-74.28
-74.2779
-74.2726
-74.2676
-74.2619
-74.2534
-74.2439
-74.2346
-74.2289
-74.2298
-74.2319
-74.2349
-74.2386
-74.2387
-74.2403
-74.2498
-74.2584
-74.2633
-74.2716
-74.2777
-74.2807
-74.2818
-74.2785
-74.2702
-74.2597
-74.2486
-74.2434
-74.2438
-74.2416
-74.2375
-74.231
-74.2255
-74.2199
-74.209
-74.1946
-74.1804
-74.164
-74.1529
-74.146
-74.1456
-74.148
-74.1509
-74.151
-74.1448
-74.1401
-74.1348
-74.1331
-74.1341
-74.1294
-74.1269
-74.1344
-74.142
-74.1462
-74.1429
-74.1341
-74.1252
-74.1156
-74.1024
-74.0871
-74.0711
-74.055
-74.0415
-74.0259
-74.0116
-73.9979
-73.9799
-73.9668
-73.9617
-73.9573
-73.95
-73.944
-73.939
-73.9424
-73.9584
-73.9817
-74.0073
-74.0329
-74.051
-74.0555
-74.0495
-74.0433
-74.0343
-74.0196
-74.0001
-73.982
-73.9801
-74.0012
-74.0298
-74.0503
-74.065
-74.0716
-74.0768
-74.0804
-74.0902
-74.0981
-74.0961
-74.0854
-74.0689
-74.0547
-74.0469
-74.0391
-74.0257
-74.0146
-74.0026
-73.9861
-73.9695
-73.9504
-73.9314
-73.9169
-73.9057
-73.9081
-73.9071
-73.8991
-73.8918
-73.8876
-73.8838
-73.8753
-73.8605
-73.8443
-73.8338
-73.8269
-73.815
-73.7975
-73.7778
-73.7647
-73.7522
-73.7404
-73.7274
-73.7231
-73.7242
-73.7244
-73.7179
-73.7065
-73.7099
-73.7185
-73.7244
-73.7384
-73.7559
-73.7716
-73.7813
-73.7837
-73.7811
-73.7731
-73.765
-73.7607
-73.7577
-73.754
-73.7532
-73.7517
-73.7461
-73.7339
-73.7177
-73.7092
-73.7007
-73.6868
-73.6681
-73.6459
-73.627
-73.6213
-73.6176
-73.6079
-73.5983
-73.5869
-73.5715
-73.5588
-73.5444
-73.5259
-73.504
-73.4797
-73.459
-73.4417
-73.4285
-73.4163
-73.4082
-73.4067
-73.4017
-73.3966
-73.39
-73.3795
-73.3719
-73.3615
-73.3463
-73.3272
-73.3054
-73.2892
-73.2932
-73.2981
-73.2955
-73.2937
-73.2888
-73.2821
-73.2833
-73.2852
-73.2803
-73.269
-73.2529
-73.2396
-73.2345
-73.2331
-73.2349
-73.2345
-73.2422
-73.251
-73.2515
-73.2441
-73.231
-73.2138
-73.194
-73.1721
-73.1489
-73.1292
-73.1167
-73.1027
-73.0856
-73.0747
-73.0655
-73.0526
-73.036
-73.0168
-73.0049
-72.9956
-72.983
-72.9666
-72.9476
-72.9267
-72.9044
-72.8855
-72.8761
-72.8658
-72.8519
-72.837
-72.831
-72.8247
-72.814
-72.7995
-72.7822
-72.763
-72.7425
-72.7244
-72.7172
-72.7099
-72.6987
-72.6841
-72.667
-72.6483
-72.6285
-72.6152
-72.6106
-72.6038
-72.593
-72.5789
-72.5625
-72.5446
-72.5257
-72.506
-72.486
-72.4656
-72.445
-72.4244
-72.4037
-72.383
-72.3625
-72.342
-72.3216
-72.3013
-72.2822
-72.2774
-72.277
-72.2727
-72.2644
-72.253
-72.2395
-72.2245
-72.2087
-72.1923
-72.1754
-72.1584
-72.1411
-72.1239
-72.1065
-72.0893
-72.0721
-72.0549
-72.0379
-72.021
-72.0042
-71.9876
-71.9711
-71.9548
-71.9386
-71.9227
-71.9068
-71.8912
-71.8757
-71.8604
-71.8453
-71.8303
-71.8156
-71.8009
-71.7865
-71.7723
-71.7582
-71.7442
-71.7305
-71.7169
-71.7035
-71.6903
-71.6772
-71.6643
-71.6515
-71.6389
-71.6264
-71.6142
-71.602
-71.59
-71.5782
-71.5665
-71.555
-71.5436
-71.5324
-71.5213
-71.5103
-71.4995
-71.4889
-71.4783
-71.4679
-71.4577
-71.4475
-71.4375
-71.4277
-71.4179
-71.4083
-71.3988
-71.3895
-71.3802
-71.3711
-71.3621
-71.3532
-71.3445
-71.3358
-71.3273
-71.3189
-71.3106
-71.3025
-71.2944
-71.2864
-71.2786
-71.2708
-71.2632
-71.2557
-71.2482
-71.2409
-71.2337
-71.2266
-71.2195
-71.2126
-71.2057
-71.199
-71.1923
-71.1858
-71.1793
-71.1729
-71.1666
-71.1604
-71.1543
-71.1482
-71.1423
-71.1364
-71.1306
-71.1249
-71.1193
-71.1137
-71.1082
-71.1028
-71.0975
-71.0922
-71.0871
-71.082
-71.0769
-71.072
-71.0671
-71.0623
-71.0575
-71.0528
-71.0482
-71.0437
-71.0392
-71.0348
-71.0304
-71.0261
-71.0219
-71.0177
-71.0136
-71.0096
-71.0056
-71.0016
-70.9978
-70.994
-70.9902
-70.9865
-70.9828
-70.9792
-70.9757
-70.9722
-70.9687
-70.9654
-70.962
-70.9587
-70.9555
-70.9523
-70.9491
-70.946
-70.943
-70.94
-70.937
-70.9341
-70.9312
-70.9284
-70.9256
-70.9229
-70.9202
-70.9175
-70.9149
-70.9123
-70.9098
-70.9073
-70.9048
-70.9024
-70.9
-70.8976
-70.8953
-70.893
-70.8908
-70.8886
-70.8864
-70.8843
-70.8822
-70.8801
-70.8781
-70.8761
-70.8741
-70.8721
-70.8702
-70.8683
-70.8665
-70.8647
-70.8629
-70.8611
-70.8594
-70.8577
-70.856
-70.8543
-70.8527
-70.8511
-70.8495
-70.848
-70.8465
-70.845
-70.8435
-70.8421
-70.8406
-70.8392
-70.8379
-70.8365
-70.8352
-70.8339
-70.8326
-70.8313
-70.8301
-70.8288
-70.8276
-70.8265
-70.8253
-70.8242
-70.823
-70.8219
-70.8209
-70.8198
-70.8188
-70.8177
-70.8167
-70.8157
-70.8148
-70.8138
-70.8129
-70.8119
-70.811
-70.8101
-70.8093
-70.8084
-70.8076
-70.8067
-70.8059
-70.8051
-70.8043
-70.8036
-70.8028
-70.8021
-70.8014
-70.8006
-70.7999
-70.7993
-70.7986
-70.7979
-70.7973
-70.7966
-70.796
-70.7954
-70.7948
-70.7942
-70.7936
-70.7931
-70.7925
-70.792
-70.7914
-70.7909
-70.7904
-70.7899
-70.7894
-70.7889
-70.7884
-70.788
-70.7875
-70.7871
-70.7866
-70.7862
-70.7858
-70.7854
-70.785
-70.7846
-70.7842
-70.7838
-70.7834
-70.7831
-70.7827
-70.7824
-70.782
-70.7817
-70.7814
-70.7811
-70.7808
-70.7805
-70.7802
-70.7799
-70.7796
-70.7793
-70.779
-70.7788
-70.7785
-70.7783
-70.778
-70.7778
-70.7776
-70.7773
-70.7771
-70.7769
-70.7767
-70.7765
-70.7763
-70.7761
-70.7759
-70.7757
-70.7755
-70.7753
-70.7752
-70.775
-70.7748
-70.7747
-70.7745
-70.7744
-70.7742
-70.7741
-70.7739
-70.7738
-70.7737
-70.7735
-70.7734
-70.7733
-70.7732
-70.7731
-70.7729
-70.7728
-70.7727
-70.7726
-70.7725
-70.7725
-70.7724
-70.7723
-70.7722
-70.7721
-70.772
-70.772
-70.7719
-70.7718
-70.7717
-70.7717
-70.7716
-70.7716
-70.7715
-70.7714
-70.7714
-70.7713
-70.7713
-70.7712
-70.7712
-70.7712
-70.7711
-70.7711
-70.771
-70.771
-70.771
-70.7709
-70.7709
-70.7709
-70.7709
-70.7708
-70.7708
-70.7708
-70.7708
-70.7708
-70.7707
-70.7707
-70.7707
-70.7707
-70.7707
-70.7707
-70.7707
-70.7707
-70.7707
-70.7707
-70.7707
-70.7707
-70.7707
-70.7707
-70.7707
-70.7707
-70.7707
-70.7707
-70.7707
-70.7707
-70.7707
-70.7707
-70.7707
-70.7707
-70.7708
-70.7708
-70.7708
-70.7708
-70.7708
-70.7708
-70.7708
-70.7709
-70.7709
-70.7709
-70.7709
-70.7709
-70.771
-70.771
-70.771
-70.771
-70.771
-70.7711
-70.7711
-70.7711
-70.7711
-70.7712
-70.7712
-70.7712
-70.7712
-70.7713
-70.7713
-70.7713
-70.7714
-70.7714
-70.7714
-70.7714
-70.7715
-70.7715
-70.7715
-70.7716
-70.7716
-70.7716
-70.7717
-70.7717
-70.7717
-70.7717
-70.7718
-70.7718
-70.7718
-70.7719
-70.7719
-70.7719
-70.772
-70.772
-70.772
-70.7721
-70.7721
-70.7721
-70.7722
-70.7722
-70.7722
-70.7723
-70.7723
-70.7723
-70.7724
-70.7724
-70.7724
-70.7725
-70.7725
-70.7725
-70.7726
-70.7726
-70.7726
-70.7727
-70.7727
-70.7727
-70.7728
-70.7728
-70.7728
-70.7729
-70.7729
-70.7729
-70.773
-70.773
-70.773
-70.7731
-70.7731
-70.7731
-70.7732
-70.7732
-70.7732
-70.7733
-70.7733
-70.7733
-70.7734
-70.7734
-70.7734
-70.7735
-70.7735
-70.7735
-70.7736
-70.7736
-70.7736
-70.7737
-70.7737
-70.7737
-70.7738
-70.7738
-70.7738
-70.7738
-70.7739
-70.7739
-70.7739
-70.774
-70.774

