-70
-70.1661
-70.23
-70.2566
-70.2695
-70.2773
-70.283
-70.2879
-70.2925
-70.297
-70.3014
-70.3057
-70.31
-70.3142
-70.3185
-70.3226
-70.3268
-70.3309
-70.335
-70.3391
-70.3431
-70.3471
-70.351
-70.3549
-70.3588
-70.3626
-70.3664
-70.3701
-70.3738
-70.3775
-70.3811
-70.3847
-70.3883
-70.3918
-70.3953
-70.3987
-70.4021
-70.4055
-70.4088
-70.4121
-70.4154
-70.4186
-70.4218
-70.4249
-70.428
-70.4311
-70.4341
-70.4372
-70.4401
-70.4431
-70.446
-70.4489
-70.4517
-70.4545
-70.4573
-70.4601
-70.4628
-70.4655
-70.4682
-70.4708
-70.4734
-70.476
-70.4785
-70.481
-70.4835
-70.486
-70.4884
-70.4908
-70.4932
-70.4955
-70.4978
-70.5001
-70.5024
-70.5046
-70.5068
-70.509
-70.5112
-70.5133
-70.5154
-70.5175
-70.5196
-70.5216
-70.5236
-70.5256
-70.5276
-70.5295
-70.5315
-70.5334
-70.5352
-70.5371
-70.5389
-70.5407
-70.5425
-70.5443
-70.5461
-70.5478
-70.5495
-70.5512
-70.5528
-70.5545
-70.5561
-70.5577
-70.5593
-70.5609
-70.5624
-70.5639
-70.5655
-70.5669
-70.5684
-70.5699
-70.5713
-70.5727
-70.5741
-70.5755
-70.5769
-70.5782
-70.5796
-70.5809
-70.5822
-70.5835
-70.5848
-70.586
-70.5873
-70.5885
-70.5897
-70.5909
-70.5921
-70.5932
-70.5944
-70.5955
-70.5966
-70.5977
-70.5988
-70.5999
-70.601
-70.602
-70.603
-70.6041
-70.6051
-70.6061
-70.6071
-70.608
-70.609
-70.6099
-70.6109
-70.6118
-70.6127
-70.6136
-70.6145
-70.6154
-70.6162
-70.6171
-70.6179
-70.6187
-70.6196
-70.6204
-70.6212
-70.622
-70.6227
-70.6235
-70.6242
-70.625
-70.6257
-70.6265
-70.6272
-70.6279
-70.6286
-70.6293
-70.6299
-70.6306
-70.6313
-70.6319
-70.6325
-70.6332
-70.6338
-70.6344
-70.635
-70.6356
-70.6362
-70.6368
-70.6374
-70.6379
-70.6385
-70.639
-70.6396
-70.6401
-70.6406
-70.6411
-70.6417
-70.6422
-70.6427
-70.6431
-70.6436
-70.6441
-70.6446
-70.645
-70.6455
-70.6459
-70.6464
-70.6468
-70.6472
-70.6476
-70.6481
-70.6485
-70.6489
-70.6493
-70.6497
-70.65
-70.6504
-70.6508
-70.6512
-70.6515
-70.6519
-70.6522
-70.6526
-70.6529
-70.6533
-70.6536
-70.6539
-70.6542
-70.6545
-70.6549
-70.6552
-70.6555
-70.6558
-70.656
-70.6563
-70.6566
-70.6569
-70.6572
-70.6574
-70.6577
-70.658
-70.6582
-70.6585
-70.6587
-70.6589
-70.6592
-70.6594
-70.6597
-70.6599
-70.6601
-70.6603
-70.6605
-70.6607
-70.661
-70.6612
-70.6614
-70.6616
-70.6617
-70.6619
-70.6621
-70.6623
-70.6625
-70.6627
-70.6628
-70.663
-70.6632
-70.6633
-70.6635
-70.6637
-70.6638
-70.664
-70.6641
-70.6643
-70.6644
-70.6646
-70.6647
-70.6648
-70.665
-70.6651
-70.6652
-70.6653
-70.6655
-70.6656
-70.6657
-70.6658
-70.6659
-70.666
-70.6662
-70.6663
-70.6664
-70.6665
-70.6666
-70.6667
-70.6668
-70.6669
-70.667
-70.667
-70.6671
-70.6672
-70.6673
-70.6674
-70.6675
-70.6675
-70.6676
-70.6677
-70.6678
-70.6678
-70.6679
-70.668
-70.668
-70.6681
-70.6682
-70.6682
-70.6683
-70.6683
-70.6684
-70.6685
-70.6685
-70.6686
-70.6686
-70.6687
-70.6687
-70.6688
-70.6688
-70.6688
-70.6689
-70.6689
-70.669
-70.669
-70.669
-70.6691
-70.6691
-70.6691
-70.6692
-70.6692
-70.6692
-70.6693
-70.6693
-70.6693
-70.6694
-70.6694
-70.6694
-70.6694
-70.6694
-70.6695
-70.6695
-70.6695
-70.6695
-70.6695
-70.6696
-70.6696
-70.6696
-70.6696
-70.6696
-70.6696
-70.6696
-70.6697
-70.6697
-70.6697
-70.6697
-70.6697
-70.6697
-70.6697
-70.6697
-70.6697
-70.6697
-70.6697
-70.6697
-70.6697
-70.6697
-70.6697
-70.6697
-70.6697
-70.6697
-70.6697
-70.6697
-70.6697
-70.6697
-70.6697
-70.6697
-70.6697
-70.6697
-70.6697
-70.6697
-70.6697
-70.6697
-70.6697
-70.6697
-70.6697
-70.6697
-70.6697
-70.6696
-70.6696
-70.6696
-70.6696
-70.6696
-70.6696
-70.6696
-70.6696
-70.6696
-70.6695
-70.6695
-70.6695
-70.6695
-70.6695
-70.6695
-70.6695
-70.6695
-70.6694
-70.6694
-70.6694
-70.6694
-70.6694
-70.6694
-70.6693
-70.6693
-70.6693
-70.6693
-70.6693
-70.6693
-70.6693
-70.6692
-70.6692
-70.6692
-70.6692
-70.6692
-70.6691
-70.6691
-70.6691
-70.6691
-70.6691
-70.6691
-70.669
-70.669
-70.669
-70.669
-70.669
-70.6689
-70.6689
-70.6689
-70.6689
-70.6689
-70.6688
-70.6688
-70.6688
-70.6688
-70.6688
-70.6687
-70.6687
-70.6687
-70.6687
-70.6686
-70.6686
-70.6686
-70.6686
-70.6686
-70.6685
-70.6685
-70.6685
-70.6685
-70.6685
-70.6684
-70.6684
-70.6684
-70.6684
-70.6684
-70.6683
-70.6683
-70.6683
-70.6683
-70.6682
-70.6682
-70.6682
-70.6682
-70.6682
-70.6681
-70.6681
-70.6681
-70.6681
-70.6681
-70.6699
-70.9066
-71.6832
-72.6013
-73.3733
-71.066
-55.3876
-51.4914
-49.5448
-47.2281
-38.9011
-2.51833
-33.4789
-65.7089
-68.8223
-67.8518
-66.7933
-65.7117
-64.6253
-63.552
-62.509
-61.5123
-60.5749
-59.7061
-58.7981
-57.9925
-57.3056
-56.7072
-56.1862
-55.7348
-55.3417
-54.9908
-54.697
-54.4543
-54.2548
-54.0917
-53.9568
-53.8377
-53.7405
-53.6644
-53.6051
-53.5592
-53.524
-53.4965
-53.4697
-53.4469
-53.4309
-53.4202
-53.4132
-53.409
-53.4069
-53.4061
-53.4021
-53.3959
-53.3917
-53.3904
-53.3908
-53.3923
-53.3945
-53.3972
-53.4002
-53.4035
-53.4044
-53.4018
-53.3982
-53.3953
-53.3947
-53.3956
-53.3973
-53.3995
-53.402
-53.4046
-53.4074
-53.4102
-53.4132
-53.4162
-53.4192
-53.4166
-53.4099
-53.4063
-53.4045
-53.4001
-53.3972
-53.3958
-53.395
-53.394
-53.3921
-53.3884
-53.3806
-53.359
-53.1866
-52.9127
-52.9319
-53.0156
-53.0933
-53.1513
-53.1909
-53.2173
-53.2358
-53.2502
-53.291
-53.3547
-53.3838
-53.3962
-53.4031
-53.4091
-53.4165
-53.4236
-53.4277
-53.431
-53.4348
-53.4395
-53.4454
-53.4528
-53.4614
-53.4711
-53.4821
-53.4944
-53.5081
-53.5234
-53.5403
-53.559
-53.5796
-53.6023
-53.6272
-53.6546
-53.6846
-53.7175
-53.7536
-53.7931
-53.8363
-53.8834
-53.9348
-53.6378
-53.4944
-53.4523
-53.4472
-53.4555
-53.4689
-53.4846
-53.5014
-53.5189
-53.5247
-53.4795
-53.4561
-53.4498
-53.4519
-53.458
-53.4662
-53.4757
-53.4861
-53.4973
-53.5093
-53.5221
-53.5358
-53.5504
-53.566
-53.5829
-53.6011
-53.6207
-53.6419
-53.665
-53.6902
-53.7203
-53.7532
-53.7881
-53.8252
-53.865
-53.908
-53.9544
-54.0047
-54.019
-53.5881
-53.4359
-53.4001
-53.401
-53.4132
-53.4287
-53.4448
-53.461
-53.4769
-53.4928
-53.5087
-53.5252
-53.5439
-53.5439
-53.4766
-53.4452
-53.4359
-53.4363
-53.4409
-53.4475
-53.4552
-53.4635
-53.4729
-53.4839
-53.4954
-53.5072
-53.5195
-53.5325
-53.5464
-53.5613
-53.5774
-53.5948
-53.6135
-53.6353
-53.662
-53.6906
-53.7203
-53.7517
-53.7853
-53.8214
-53.8604
-53.9026
-53.9482
-53.9975
-54.0534
-53.9961
-53.5321
-53.3954
-53.3683
-53.3734
-53.3876
-53.4036
-53.4196
-53.4348
-53.4495
-53.4638
-53.4787
-53.4948
-53.5116
-53.5282
-53.545
-53.5624
-53.5806
-53.6
-53.6207
-53.643
-53.667
-53.5257
-53.443
-53.4193
-53.417
-53.4221
-53.4296
-53.4382
-53.4472
-53.4566
-53.4662
-53.4762
-53.4866
-53.498
-53.5108
-53.525
-53.5414
-53.559
-53.5771
-53.5961
-53.6164
-53.6382
-53.6617
-53.6872
-53.7151
-53.7457
-53.782
-53.8218
-53.8674
-53.9211
-53.9779
-54.0366
-53.5702
-53.409
-53.3731
-53.3743
-53.3865
-53.4012
-53.416
-53.4308
-53.4453
-53.4598
-53.4739
-53.4879
-53.5021
-53.4653
-53.4348
-53.4247
-53.424
-53.4274
-53.4328
-53.4391
-53.4459
-53.4533
-53.4617
-53.4706
-53.4799
-53.4898
-53.5005
-53.5128
-53.5262
-53.5413
-53.5578
-53.5752
-53.5939
-53.6145
-53.6454
-53.6979
-53.7739
-53.8499
-53.9229
-53.9953
-54.066
-54.1368
-54.228
-54.3515
-54.5045
-54.7146
-54.9418
-55.1411
-55.3212
-55.4973
-55.6784
-55.8747
-56.1001
-56.3576
-56.6524
-57.0015
-57.3748
-57.7335
-58.0804
-58.4278
-58.7842
-59.1554
-59.5522
-59.9771
-60.4302
-60.9388
-61.4822
-62.0142
-62.5229
-63.014
-63.4952
-63.9752
-64.4567
-64.9453
-65.4444
-65.9655
-66.5126
-67.0454
-67.5411
-67.9968
-68.418
-68.8131
-69.1913
-69.5548
-69.9138
-70.2707
-70.6301
-70.9863
-71.3143
-71.6059
-71.8637
-72.0921
-72.2991
-72.4898
-72.6667
-72.8381
-73.0075
-73.1768
-73.3397
-73.4863
-73.6139
-73.7241
-73.8186
-73.901
-73.9742
-74.041
-74.1056
-74.1705
-74.2365
-74.301
-74.3581
-74.4074
-74.4479
-74.481
-74.5088
-74.5311
-74.5504
-74.569
-74.5904
-74.6145
-74.6403
-74.6639
-74.6837
-74.6997
-74.7114
-74.7198
-74.7257
-74.7287
-74.7304
-74.7339
-74.7406
-74.7493
-74.7598
-74.769
-74.7759
-74.7804
-74.783
-74.7844
-74.7841
-74.782
-74.7788
-74.778
-74.7802
-74.7841
-74.7896
-74.795
-74.7979
-74.7985
-74.7983
-74.7978
-74.7961
-74.7927
-74.7884
-74.7853
-74.7845
-74.7851
-74.787
-74.7905
-74.7944
-74.795
-74.7936
-74.7923
-74.7912
-74.7897
-74.7869
-74.7843
-74.783
-74.7822
-74.7812
-74.782
-74.7837
-74.7867
-74.7873
-74.7848
-74.7819
-74.7796
-74.7782
-74.7758
-74.7735
-74.7728
-74.7722
-74.7713
-74.7708
-74.7711
-74.7727
-74.7757
-74.7761
-74.7732
-74.7693
-74.7673
-74.7661
-74.7656
-74.7653
-74.7654
-74.7641
-74.7617
-74.7607
-74.7599
-74.7605
-74.7636
-74.7656
-74.7632
-74.7571
-74.7514
-74.7492
-74.7501
-74.7516
-74.7534
-74.7528
-74.7508
-74.7482
-74.7473
-74.7465
-74.7481
-74.7519
-74.7551
-74.7539
-74.7491
-74.7414
-74.7366
-74.7366
-74.7388
-74.7414
-74.7418
-74.7396
-74.7361
-74.7353
-74.7352
-74.7344
-74.7353
-74.7377
-74.7399
-74.7392
-74.7341
-74.728
-74.7218
-74.7192
-74.7226
-74.7258
-74.7265
-74.7255
-74.7222
-74.7205
-74.7219
-74.7212
-74.7231
-74.7247
-74.7263
-74.7272
-74.7255
-74.7224
-74.7173
-74.7102
-74.7052
-74.7064
-74.7093
-74.7111
-74.7108
-74.7085
-74.7062
-74.7042
-74.7045
-74.7061
-74.7082
-74.7093
-74.7097
-74.7093
-74.7084
-74.707
-74.7024
-74.6971
-74.6913
-74.6879
-74.688
-74.6906
-74.6912
-74.6909
-74.6902
-74.6883
-74.6868
-74.6868
-74.6904
-74.6933
-74.694
-74.6953
-74.6955
-74.6949
-74.6918
-74.6887
-74.6861
-74.682
-74.676
-74.6696
-74.6663
-74.6674
-74.6675
-74.667
-74.6685
-74.6677
-74.6679
-74.6691
-74.669
-74.67
-74.6737
-74.6752
-74.6752
-74.6751
-74.6754
-74.6745
-74.6716
-74.6667
-74.6618
-74.6554
-74.6484
-74.6407
-74.6366
-74.6361
-74.6377
-74.6399
-74.642
-74.6446
-74.6455
-74.647
-74.6509
-74.6527
-74.6516
-74.653
-74.6556
-74.6592
-74.6595
-74.6594
-74.6573
-74.6523
-74.6464
-74.6395
-74.6302
-74.6196
-74.6112
-74.6042
-74.6013
-74.6009
-74.6065
-74.6109
-74.6131
-74.6163
-74.622
-74.6263
-74.6278
-74.6285
-74.6258
-74.6259
-74.628
-74.6288
-74.6324
-74.6337
-74.6322
-74.6301
-74.6253
-74.6184
-74.6101
-74.5984
-74.5843
-74.5718
-74.564
-74.5591
-74.5587
-74.5609
-74.5631
-74.569
-74.5774
-74.5798
-74.5842
-74.5936
-74.6004
-74.6003
-74.5982
-74.6002
-74.6018
-74.6012
-74.6002
-74.6002
-74.6009
-74.6027
-74.6015
-74.5981
-74.5929
-74.5829
-74.57
-74.56
-74.5497
-74.5366
-74.527
-74.5212
-74.5151
-74.5143
-74.5171
-74.5191
-74.5238
-74.5293
-74.5316
-74.5364
-74.5437
-74.5498
-74.5567
-74.564
-74.5695
-74.5705
-74.5667
-74.567
-74.5661
-74.5622
-74.558
-74.554
-74.5491
-74.5434
-74.539
-74.5375
-74.5344
-74.5278
-74.5171
-74.503
-74.4882
-74.4799
-74.4709
-74.4657
-74.465
-74.463
-74.458
-74.4524
-74.4519
-74.4552
-74.457
-74.4558
-74.4532
-74.4565
-74.4696
-74.487
-74.4994
-74.5084
-74.5172
-74.5228
-74.5272
-74.5275
-74.5255
-74.5208
-74.5133
-74.5059
-74.5002
-74.4941
-74.4864
-74.4791
-74.4725
-74.4638
-74.4577
-74.4511
-74.4452
-74.4406
-74.4347
-74.4301
-74.4271
-74.4191
-74.4125
-74.4045
-74.3965
-74.3919
-74.3851
-74.3808
-74.3838
-74.3857
-74.3795
-74.3726
-74.3644
-74.3596
-74.361
-74.3701
-74.3831
-74.3979
-74.4118
-74.4203
-74.4255
-74.435
-74.4438
-74.4519
-74.4572
-74.4578
-74.4567
-74.4526
-74.4456
-74.4344
-74.4245
-74.418
-74.415
-74.4129
-74.4081
-74.4001
-74.3903
-74.3768
-74.3633
-74.3525
-74.3455
-74.34
-74.3366
-74.3317
-74.3208
-74.3059
-74.2947
-74.2886
-74.2835
-74.2736
-74.2658
-74.2628
-74.2609
-74.2583
-74.2524
-74.249
-74.2445
-74.237
-74.236
-74.2356
-74.2306
-74.227
-74.225
-74.2261
-74.2283
-74.2318
-74.2343
-74.2345
-74.2344
-74.2437
-74.2555
-74.264
-74.2757
-74.2909
-74.2971
-74.2991
-74.3025
-74.3021
-74.3014
-74.2999
-74.3008
-74.3066
-74.3098
-74.3096
-74.3083
-74.3004
-74.2924
-74.2877
-74.2849
-74.2844
-74.2797
-74.2752
-74.2717
-74.2633
-74.2512
-74.2364
-74.2171
-74.1938
-74.1705
-74.1521
-74.1373
-74.1204
-74.1034
-74.0875
-74.0731
-74.0627
-74.0523
-74.0417
-74.0377
-74.0379
-74.0426
-74.0467
-74.046
-74.041
-74.0296
-74.0152
-74.0079
-74.0075
-74.0172
-74.0344
-74.05
-74.0569
-74.0528
-74.0479
-74.0474
-74.0426
-74.0358
-74.0282
-74.0226
-74.0128
-74.001
-73.9954
-73.9907
-73.9891
-73.986
-73.9821
-73.9904
-74.0051
-74.0104
-74.0125
-74.014
-74.0252
-74.0393
-74.0497
-74.0528
-74.0472
-74.042
-74.0457
-74.0523
-74.057
-74.0587
-74.0584
-74.054
-74.0426
-74.0291
-74.0212
-74.0244
-74.0311
-74.0372
-74.0361
-74.0379
-74.038
-74.0368
-74.034
-74.0298
-74.0304
-74.0382
-74.0414
-74.0457
-74.0446
-74.0352
-74.0233
-74.0118
-73.9994
-73.9908
-73.9785
-73.9607
-73.9417
-73.9372
-73.9387
-73.9439
-73.9428
-73.9328
-73.9202
-73.9111
-73.8978
-73.8792
-73.8565
-73.8352
-73.8144
-73.7909
-73.768
-73.7472
-73.7282
-73.71
-73.689
-73.6708
-73.6522
-73.6358
-73.6188
-73.5982
-73.5743
-73.5567
-73.5462
-73.5387
-73.5291
-73.5141
-73.5049
-73.508
-73.508
-73.509
-73.5111
-73.5066
-73.4968
-73.4883
-73.477
-73.4782
-73.4886
-73.4969
-73.4989
-73.5182
-73.546
-73.5616
-73.5687
-73.5701
-73.5635
-73.5503
-73.5324
-73.5112
-73.4876
-73.4666
-73.4496
-73.4335
-73.4211
-73.406
-73.3868
-73.37
-73.3591
-73.3594
-73.3588
-73.3511
-73.337
-73.319
-73.306
-73.3056
-73.3105
-73.3084
-73.2988
-73.2834
-73.2641
-73.2421
-73.2184
-73.2013
-73.1867
-73.1692
-73.1487
-73.1257
-73.1012
-73.0755
-73.0491
-73.0221
-72.9948
-72.9673
-72.9397
-72.9208
-72.9074
-72.8919
-72.8732
-72.8521
-72.8294
-72.8055
-72.781
-72.7561
-72.7308
-72.7054
-72.68
-72.6546
-72.6292
-72.6039
-72.5788
-72.5538
-72.529
-72.5135
-72.5064
-72.4972
-72.4843
-72.4684
-72.4504
-72.4311
-72.4159
-72.4123
-72.4078
-72.399
-72.3865
-72.3714
-72.3545
-72.3364
-72.3175
-72.298
-72.2782
-72.2582
-72.2381
-72.2179
-72.1977
-72.1775
-72.1574
-72.1374
-72.1175
-72.1087
-72.1097
-72.108
-72.1018
-72.0919
-72.0795
-72.0654
-72.0502
-72.0348
-72.0333
-72.0379
-72.0383
-72.0338
-72.0255
-72.0145
-72.0018
-71.9879
-71.9732
-71.9579
-71.9422
-71.9263
-71.9102
-71.894
-71.8778
-71.8615
-71.8453
-71.8292
-71.8131
-71.7972
-71.7819
-71.7826
-71.7905
-71.7941
-71.7925
-71.7871
-71.7789
-71.7689
-71.7576
-71.7455
-71.7329
-71.7198
-71.7064
-71.6929
-71.6793
-71.6657
-71.652
-71.6383
-71.6247
-71.6112
-71.5977
-71.5844
-71.5711
-71.558
-71.545
-71.5321
-71.5193
-71.5067
-71.4942
-71.4818
-71.4696
-71.4575
-71.4455
-71.4337
-71.422
-71.4105
-71.3991
-71.3878
-71.3767
-71.3657
-71.3548
-71.3441
-71.3335
-71.323
-71.3127
-71.3025
-71.2924
-71.2824
-71.2726
-71.2629
-71.2534
-71.2439
-71.2346
-71.2254
-71.2163
-71.2073
-71.1984
-71.1897
-71.181
-71.1725
-71.1641
-71.1558
-71.1476
-71.1395
-71.1315
-71.1236
-71.1158
-71.1082
-71.1006
-71.0931
-71.0857
-71.0784
-71.0712
-71.0641
-71.0571
-71.0502
-71.0434
-71.0367
-71.0301
-71.0235
-71.0171
-71.0107
-71.0044
-70.9982
-70.9921
-70.986
-70.9801
-70.9742
-70.9684
-70.9627
-70.9571
-70.9515
-70.946
-70.9406
-70.9353
-70.93
-70.9248
-70.9197
-70.9147
-70.9097
-70.9048
-70.9
-70.8952
-70.8905
-70.8859
-70.8813
-70.8768
-70.8724
-70.868
-70.8637
-70.8594
-70.8552
-70.8511
-70.847
-70.843
-70.839
-70.8351
-70.8313
-70.8275
-70.8238
-70.8201
-70.8165
-70.8129
-70.8094
-70.8059
-70.8025
-70.7991
-70.7958
-70.7926
-70.7894
-70.7862
-70.7831
-70.78
-70.777
-70.774
-70.7711
-70.7682
-70.7653
-70.7625
-70.7598
-70.7571
-70.7544
-70.7518
-70.7492
-70.7466
-70.7441
-70.7416
-70.7392
-70.7368
-70.7345
-70.7321
-70.7299
-70.7276
-70.7254
-70.7232
-70.7211
-70.719
-70.7169
-70.7149
-70.7129
-70.7109
-70.709
-70.7071
-70.7052
-70.7034
-70.7016
-70.6998
-70.6981
-70.6964
-70.6947
-70.693
-70.6914
-70.6898
-70.6882
-70.6867
-70.6851
-70.6836
-70.6822
-70.6807
-70.6793
-70.6779
-70.6766
-70.6752
-70.6739
-70.6726
-70.6714
-70.6701
-70.6689
-70.6677
-70.6665
-70.6654
-70.6643
-70.6631
-70.6621
-70.661
-70.6599
-70.6589
-70.6579
-70.6569
-70.656
-70.655
-70.6541
-70.6532
-70.6523
-70.6514
-70.6506
-70.6497
-70.6489
-70.6481
-70.6473
-70.6465
-70.6458
-70.6451
-70.6443
-70.6436
-70.6429
-70.6423
-70.6416
-70.641
-70.6403
-70.6397
-70.6391
-70.6385
-70.638
-70.6374
-70.6369
-70.6363
-70.6358
-70.6353
-70.6348
-70.6343
-70.6339
-70.6334
-70.633
-70.6325
-70.6321
-70.6317
-70.6313
-70.6309
-70.6305
-70.6302
-70.6298
-70.6295
-70.6291
-70.6288
-70.6285
-70.6282
-70.6279
-70.6276
-70.6273
-70.6271
-70.6268
-70.6266
-70.6263
-70.6261
-70.6259
-70.6257
-70.6254
-70.6252
-70.6251
-70.6249
-70.6247
-70.6245
-70.6244
-70.6242
-70.6241
-70.6239
-70.6238
-70.6237
-70.6235
-70.6234
-70.6233
-70.6232
-70.6231
-70.623
-70.623
-70.6229
-70.6228
-70.6227
-70.6227
-70.6226
-70.6226
-70.6225
-70.6225
-70.6225
-70.6224
-70.6224
-70.6224
-70.6224
-70.6224
-70.6224
-70.6224
-70.6224
-70.6224
-70.6224
-70.6224
-70.6224
-70.6224
-70.6225
-70.6225
-70.6225
-70.6226
-70.6226
-70.6227
-70.6227
-70.6228
-70.6228
-70.6229
-70.623
-70.623
-70.6231
-70.6232
-70.6232
-70.6233
-70.6234
-70.6235
-70.6236
-70.6237
-70.6238
-70.6239
-70.6239
-70.624
-70.6241
-70.6243
-70.6244
-70.6245
-70.6246
-70.6247
-70.6248
-70.6249
-70.625
-70.6252
-70.6253
-70.6254
-70.6255
-70.6256
-70.6258
-70.6259
-70.626
-70.6262
-70.6263
-70.6264
-70.6266
-70.6267
-70.6269
-70.627
-70.6271
-70.6273
-70.6274
-70.6276
-70.6277
-70.6279
-70.628
-70.6282
-70.6283
-70.6285
-70.6286
-70.6288
-70.6289
-70.6291
-70.6292
-70.6294
-70.6295
-70.6297
-70.6299
-70.63
-70.6302
-70.6303
-70.6305
-70.6307
-70.6308
-70.631
-70.6311
-70.6313
-70.6315
-70.6316
-70.6318
-70.632
-70.6321
-70.6323
-70.6324
-70.6326
-70.6328
-70.6329
-70.6331
-70.6333
-70.6334
-70.6336
-70.6338
-70.6339
-70.6341
-70.6343
-70.6344
-70.6346
-70.6348
-70.6349
-70.6351
-70.6353
-70.6354
-70.6356
-70.6357
-70.6359
-70.6361
-70.6362
-70.6364
-70.6366
-70.6367
-70.6369
-70.6371
-70.6372
-70.6374
-70.6375
-70.6377
-70.6379
-70.638
-70.6382
-70.6384
-70.6385
-70.6387
-70.6388
-70.639
-70.6391
-70.6393
-70.6395
-70.6396
-70.6398
-70.6399
-70.6401
-70.6402
-70.6404
-70.6406
-70.6407
-70.6409
-70.641
-70.6412
-70.6413
-70.6415
-70.6416
-70.6418
-70.6419
-70.6421
-70.6422
-70.6424
-70.6425
-70.6427
-70.6428
-70.643
-70.6431
-70.6433
-70.6434
-70.6435
-70.6437
-70.6438
-70.644
-70.6441
-70.6443
-70.6444
-70.6445
-70.6447
-70.6448
-70.645
-70.6451

