-70
-70.2123
-70.2926
-70.3252
-70.3404
-70.3491
-70.3555
-70.3609
-70.3659
-70.3708
-70.3757
-70.3805
-70.3853
-70.39
-70.3948
-70.3995
-70.4042
-70.4088
-70.4134
-70.4179
-70.4224
-70.4269
-70.4313
-70.4357
-70.44
-70.4443
-70.4485
-70.4527
-70.4569
-70.461
-70.465
-70.469
-70.473
-70.4769
-70.4808
-70.4846
-70.4884
-70.4921
-70.4958
-70.4995
-70.5031
-70.5067
-70.5102
-70.5137
-70.5172
-70.5206
-70.524
-70.5273
-70.5306
-70.5339
-70.5371
-70.5403
-70.5434
-70.5465
-70.5496
-70.5526
-70.5556
-70.5586
-70.5615
-70.5644
-70.5673
-70.5701
-70.5729
-70.5757
-70.5784
-70.5811
-70.5838
-70.5864
-70.589
-70.5916
-70.5941
-70.5966
-70.5991
-70.6016
-70.604
-70.6064
-70.6087
-70.6111
-70.6134
-70.6157
-70.6179
-70.6201
-70.6223
-70.6245
-70.6266
-70.6287
-70.6308
-70.6329
-70.6349
-70.6369
-70.6389
-70.6409
-70.6428
-70.6448
-70.6466
-70.6485
-70.6503
-70.6522
-70.654
-70.6557
-70.6575
-70.6592
-70.6609
-70.6626
-70.6643
-70.6659
-70.6675
-70.6691
-70.6707
-70.6723
-70.6738
-70.6754
-70.6769
-70.6783
-70.6798
-70.6812
-70.6827
-70.6841
-70.6855
-70.6868
-70.6882
-70.6895
-70.6908
-70.6921
-70.6934
-70.6947
-70.6959
-70.6972
-70.6984
-70.6996
-70.7008
-70.702
-70.7031
-70.7042
-70.7054
-70.7065
-70.7076
-70.7087
-70.7097
-70.7108
-70.7118
-70.7128
-70.7138
-70.7148
-70.7158
-70.7168
-70.7177
-70.7187
-70.7196
-70.7205
-70.7214
-70.7223
-70.7232
-70.7241
-70.7249
-70.7258
-70.7266
-70.7274
-70.7282
-70.729
-70.7298
-70.7306
-70.7314
-70.7321
-70.7329
-70.7336
-70.7343
-70.735
-70.7357
-70.7364
-70.7371
-70.7378
-70.7384
-70.7391
-70.7397
-70.7404
-70.741
-70.7416
-70.7422
-70.7428
-70.7434
-70.744
-70.7446
-70.7451
-70.7457
-70.7462
-70.7468
-70.7473
-70.7478
-70.7484
-70.7489
-70.7494
-70.7499
-70.7504
-70.7508
-70.7513
-70.7518
-70.7522
-70.7527
-70.7531
-70.7536
-70.754
-70.7544
-70.7549
-70.7553
-70.7557
-70.7561
-70.7565
-70.7569
-70.7573
-70.7576
-70.758
-70.7584
-70.7587
-70.7591
-70.7594
-70.7598
-70.7601
-70.7605
-70.7608
-70.7611
-70.7614
-70.7617
-70.7621
-70.7624
-70.7627
-70.763
-70.7632
-70.7635
-70.7638
-70.7641
-70.7644
-70.7646
-70.7649
-70.7651
-70.7654
-70.7656
-70.7659
-70.7661
-70.7664
-70.7666
-70.7668
-70.7671
-70.7673
-70.7675
-70.7677
-70.7679
-70.7681
-70.7684
-70.7686
-70.7688
-70.769
-70.7691
-70.7693
-70.7695
-70.7697
-70.7699
-70.7701
-70.7702
-70.7704
-70.7706
-70.7707
-70.7709
-70.7711
-70.7712
-70.7714
-70.7715
-70.7717
-70.7718
-70.772
-70.7721
-70.7722
-70.7724
-70.7725
-70.7726
-70.7728
-70.7729
-70.773
-70.7731
-70.7733
-70.7734
-70.7735
-70.7736
-70.7737
-70.7738
-70.7739
-70.774
-70.7741
-70.7742
-70.7743
-70.7744
-70.7745
-70.7746
-70.7747
-70.7748
-70.7749
-70.775
-70.7751
-70.7751
-70.7752
-70.7753
-70.7754
-70.7755
-70.7755
-70.7756
-70.7757
-70.7758
-70.7758
-70.7759
-70.776
-70.776
-70.7761
-70.7762
-70.7762
-70.7763
-70.7763
-70.7764
-70.7765
-70.7765
-70.7766
-70.7766
-70.7767
-70.7767
-70.7768
-70.7768
-70.7769
-70.7769
-70.777
-70.777
-70.7771
-70.7771
-70.7771
-70.7772
-70.7772
-70.7773
-70.7773
-70.7773
-70.7774
-70.7774
-70.7774
-70.7775
-70.7775
-70.7775
-70.7776
-70.7776
-70.7776
-70.7777
-70.7777
-70.7777
-70.7777
-70.7778
-70.7778
-70.7778
-70.7778
-70.7779
-70.7779
-70.7779
-70.7779
-70.778
-70.778
-70.778
-70.778
-70.778
-70.7781
-70.7781
-70.7781
-70.7781
-70.7781
-70.7781
-70.7782
-70.7782
-70.7782
-70.7782
-70.7782
-70.7782
-70.7782
-70.7783
-70.7783
-70.7783
-70.7783
-70.7783
-70.7783
-70.7783
-70.7783
-70.7783
-70.7783
-70.7784
-70.7784
-70.7784
-70.7784
-70.7784
-70.7784
-70.7784
-70.7784
-70.7784
-70.7784
-70.7784
-70.7784
-70.7784
-70.7784
-70.7784
-70.7784
-70.7784
-70.7784
-70.7784
-70.7785
-70.7785
-70.7785
-70.7785
-70.7785
-70.7785
-70.7785
-70.7785
-70.7785
-70.7785
-70.7785
-70.7785
-70.7785
-70.7785
-70.7785
-70.7785
-70.7785
-70.7785
-70.7785
-70.7785
-70.7785
-70.7785
-70.7785
-70.7785
-70.7785
-70.7785
-70.7785
-70.7785
-70.7785
-70.7785
-70.7785
-70.7784
-70.7784
-70.7784
-70.7784
-70.7784
-70.7784
-70.7784
-70.7784
-70.7784
-70.7784
-70.7784
-70.7784
-70.7784
-70.7784
-70.7784
-70.7784
-70.7784
-70.7784
-70.7784
-70.7784
-70.7784
-70.7784
-70.7784
-70.7784
-70.7784
-70.7784
-70.7784
-70.7784
-70.7784
-70.7783
-70.7783
-70.7783
-70.7783
-70.7783
-70.7783
-70.7783
-70.7831
-70.9925
-71.6502
-72.5938
-73.4049
-73.936
-68.6253
-54.8901
-51.3207
-48.9508
-43.1141
-3.92615
-43.4726
-70.5382
-69.7315
-68.4904
-67.1742
-65.8178
-64.4573
-63.1294
-61.8683
-60.7029
-59.6542
-58.734
-57.7545
-56.9
-56.2559
-55.7501
-55.3507
-55.0387
-54.7952
-54.5685
-54.3989
-54.2812
-54.2003
-54.1449
-54.1077
-54.0705
-54.0336
-54.0118
-54.0011
-53.9973
-53.9979
-54.0014
-54.0019
-53.9891
-53.9825
-53.9819
-53.9848
-53.9896
-53.9956
-54.0022
-54.0093
-54.0075
-53.9956
-53.9904
-53.9903
-53.9931
-53.9973
-54.0023
-54.0078
-54.0136
-54.0198
-54.0262
-54.0329
-54.0157
-54.0015
-53.9963
-53.9961
-53.9983
-54.0017
-54.0056
-54.0099
-54.0144
-54.019
-54.0237
-54.0286
-54.0336
-54.038
-54.0418
-54.0451
-54.0477
-54.0311
-53.997
-53.9821
-53.9761
-53.9727
-53.9681
-53.9589
-53.9344
-53.7592
-53.2943
-53.3466
-53.4886
-53.5995
-53.6707
-53.7132
-53.7376
-53.7513
-53.7597
-53.7664
-53.7741
-53.7847
-53.8
-53.822
-53.8533
-53.8969
-53.9552
-54.0288
-54.1152
-54.1151
-54.0612
-54.0422
-54.0384
-54.0419
-54.0493
-54.0592
-54.0711
-54.0849
-54.1007
-54.1184
-54.1382
-54.1602
-54.1845
-54.2112
-54.2405
-54.2725
-54.3077
-54.3461
-54.3882
-54.4341
-54.4842
-54.5386
-54.5979
-54.6623
-54.7322
-54.8079
-54.8903
-54.9799
-55.077
-55.1822
-55.2958
-55.4179
-55.5486
-55.6887
-55.8388
-55.9992
-54.9718
-53.9578
-53.7559
-53.7671
-53.8259
-53.8874
-53.9411
-53.9862
-54.0242
-54.0569
-54.086
-54.1126
-54.1378
-54.1623
-54.1869
-54.2121
-54.2392
-54.2677
-54.2976
-54.3292
-54.363
-54.3992
-54.4383
-54.4805
-54.526
-54.5753
-54.6301
-54.6903
-54.7545
-54.823
-54.8967
-54.9762
-55.0618
-55.1539
-55.2526
-55.3582
-55.4712
-55.597
-55.7308
-55.8706
-56.0171
-56.1715
-56.3342
-56.5051
-56.3283
-54.0954
-53.6201
-53.5951
-53.6721
-53.7582
-53.8319
-53.8911
-53.9383
-53.9764
-54.0078
-54.0346
-54.0581
-54.0796
-54.1001
-54.1209
-54.1418
-54.1628
-54.1844
-54.2069
-54.2307
-54.2559
-54.283
-54.3122
-54.3436
-54.3776
-54.417
-54.4606
-54.5066
-54.5552
-54.607
-54.6626
-54.7222
-54.7862
-54.855
-54.9292
-55.0089
-55.0951
-55.1964
-55.3052
-55.4171
-55.5324
-55.6526
-55.7784
-55.91
-56.0479
-56.1925
-56.3435
-56.5006
-56.6645
-56.8541
-57.052
-57.2477
-57.4422
-57.6373
-55.7299
-53.6944
-53.3495
-53.4015
-53.5306
-53.652
-53.7492
-53.8245
-53.8831
-53.9289
-53.9655
-53.9954
-54.0208
-54.0431
-54.0634
-54.0824
-54.0998
-54.1165
-54.1332
-54.1503
-54.1696
-54.1908
-54.2121
-54.2334
-54.2549
-54.277
-54.2994
-54.322
-54.3447
-54.367
-54.3883
-54.408
-54.4277
-54.4519
-54.4717
-54.4829
-54.4831
-54.4687
-54.4338
-54.3681
-54.2511
-54.0388
-53.5998
-52.2151
-40.2281
-11.9719
-36.7
-58.3739
-60.5997
-60.2587
-61.3517
-60.3975
-59.3372
-58.3732
-57.533
-56.8183
-56.2228
-55.7376
-55.3546
-55.0667
-54.8578
-54.7059
-54.5939
-54.5169
-54.4663
-54.4378
-54.4294
-54.4419
-54.4808
-54.5376
-54.6032
-54.6723
-54.7406
-54.8109
-54.887
-54.9718
-55.0666
-55.1773
-55.3102
-55.4558
-55.6094
-55.7704
-55.938
-56.1149
-56.3038
-56.5064
-56.7248
-56.9658
-57.2359
-57.5273
-57.8343
-58.1561
-58.4899
-58.8347
-59.1912
-59.5608
-59.9479
-60.3552
-60.7955
-61.2616
-61.7413
-62.2301
-62.7236
-63.2145
-63.7002
-64.1807
-64.6593
-65.139
-65.63
-66.1347
-66.6425
-67.1375
-67.6176
-68.0784
-68.5136
-68.9243
-69.3112
-69.6787
-70.0307
-70.3779
-70.7197
-71.0501
-71.3573
-71.6436
-71.9089
-72.1498
-72.3686
-72.568
-72.7495
-72.9184
-73.0805
-73.2372
-73.3867
-73.5227
-73.6447
-73.757
-73.8566
-73.9435
-74.0213
-74.0904
-74.1531
-74.2126
-74.2705
-74.3272
-74.3801
-74.4258
-74.4665
-74.5034
-74.5345
-74.5604
-74.5825
-74.6018
-74.6198
-74.6379
-74.6574
-74.6769
-74.6945
-74.7082
-74.7201
-74.7313
-74.7403
-74.7458
-74.7494
-74.7531
-74.7567
-74.7618
-74.7694
-74.7768
-74.7834
-74.7878
-74.79
-74.793
-74.7952
-74.7956
-74.7938
-74.7914
-74.7907
-74.791
-74.7937
-74.7978
-74.8007
-74.803
-74.8031
-74.8024
-74.8029
-74.8023
-74.8008
-74.7981
-74.7946
-74.7922
-74.7927
-74.7957
-74.7987
-74.7997
-74.8006
-74.8003
-74.7991
-74.7979
-74.7968
-74.7945
-74.792
-74.7886
-74.7844
-74.7828
-74.7851
-74.7885
-74.7907
-74.7907
-74.7907
-74.7902
-74.7891
-74.7877
-74.7864
-74.7844
-74.7821
-74.7795
-74.7761
-74.775
-74.7757
-74.7777
-74.78
-74.7811
-74.7813
-74.7809
-74.7794
-74.7781
-74.7754
-74.7735
-74.7708
-74.7685
-74.7665
-74.7654
-74.7654
-74.7653
-74.7653
-74.766
-74.7675
-74.7688
-74.7699
-74.7693
-74.768
-74.7656
-74.763
-74.7606
-74.7581
-74.7571
-74.7574
-74.7572
-74.7573
-74.7563
-74.7547
-74.7535
-74.7538
-74.7554
-74.7571
-74.7565
-74.7564
-74.7542
-74.7495
-74.746
-74.7443
-74.7442
-74.7455
-74.7473
-74.7465
-74.7451
-74.7427
-74.7409
-74.7395
-74.739
-74.7398
-74.7422
-74.745
-74.7465
-74.7436
-74.739
-74.7353
-74.7339
-74.7335
-74.7346
-74.7366
-74.7371
-74.7349
-74.7311
-74.729
-74.7275
-74.7251
-74.7229
-74.7232
-74.725
-74.7265
-74.7292
-74.7286
-74.7259
-74.7234
-74.7223
-74.7204
-74.7211
-74.7216
-74.722
-74.7212
-74.7168
-74.7123
-74.712
-74.7109
-74.7088
-74.709
-74.7115
-74.7112
-74.7098
-74.7106
-74.7128
-74.7146
-74.7141
-74.7111
-74.7089
-74.709
-74.71
-74.7093
-74.7071
-74.7028
-74.6977
-74.6932
-74.6921
-74.6904
-74.6909
-74.6933
-74.6947
-74.693
-74.6895
-74.6898
-74.694
-74.6969
-74.695
-74.6918
-74.6914
-74.6925
-74.6934
-74.6921
-74.6906
-74.6881
-74.6826
-74.6771
-74.6713
-74.6687
-74.6681
-74.6695
-74.6715
-74.6752
-74.6775
-74.677
-74.6769
-74.6765
-74.6768
-74.679
-74.6785
-74.6768
-74.6738
-74.6706
-74.669
-74.6689
-74.669
-74.6687
-74.6664
-74.6603
-74.6521
-74.6454
-74.645
-74.648
-74.6486
-74.6485
-74.6495
-74.6503
-74.6511
-74.6544
-74.6561
-74.656
-74.6562
-74.6554
-74.6545
-74.6522
-74.6495
-74.6469
-74.644
-74.6402
-74.6375
-74.6339
-74.633
-74.6293
-74.6247
-74.6198
-74.617
-74.6172
-74.6208
-74.6229
-74.6203
-74.6177
-74.6185
-74.6221
-74.6279
-74.6321
-74.6349
-74.6373
-74.6367
-74.6332
-74.6281
-74.6252
-74.6229
-74.6192
-74.6143
-74.6127
-74.614
-74.6129
-74.6058
-74.5989
-74.5929
-74.5841
-74.5734
-74.5729
-74.5789
-74.5833
-74.5843
-74.5848
-74.5848
-74.581
-74.5767
-74.5775
-74.5845
-74.5956
-74.6079
-74.6148
-74.6166
-74.6113
-74.6024
-74.5939
-74.5876
-74.5822
-74.5777
-74.5719
-74.5684
-74.5668
-74.5664
-74.5654
-74.5633
-74.5568
-74.5483
-74.5416
-74.5352
-74.5307
-74.5273
-74.5258
-74.5243
-74.5244
-74.5237
-74.5204
-74.5194
-74.5185
-74.5157
-74.5166
-74.5239
-74.5358
-74.5489
-74.5595
-74.5667
-74.5727
-74.5754
-74.5733
-74.566
-74.5564
-74.5481
-74.5373
-74.5279
-74.5234
-74.5205
-74.5145
-74.5083
-74.5058
-74.5038
-74.5041
-74.5046
-74.5003
-74.4892
-74.4809
-74.4763
-74.4692
-74.4646
-74.4606
-74.4551
-74.4509
-74.4455
-74.441
-74.4406
-74.4439
-74.4462
-74.4497
-74.4535
-74.4547
-74.4559
-74.4588
-74.4648
-74.4732
-74.4811
-74.488
-74.4914
-74.4927
-74.4942
-74.4967
-74.4976
-74.4969
-74.4937
-74.4876
-74.4867
-74.4837
-74.4746
-74.4613
-74.4479
-74.4396
-74.4364
-74.4342
-74.4294
-74.4242
-74.4179
-74.4124
-74.407
-74.4047
-74.4042
-74.4081
-74.4128
-74.4095
-74.3978
-74.3799
-74.3577
-74.333
-74.31
-74.2954
-74.2873
-74.2809
-74.2885
-74.2991
-74.3062
-74.3075
-74.3084
-74.3138
-74.3249
-74.3374
-74.3445
-74.3483
-74.3536
-74.3584
-74.36
-74.3574
-74.353
-74.3486
-74.3442
-74.3422
-74.3422
-74.3456
-74.3511
-74.3647
-74.3771
-74.3803
-74.3773
-74.3679
-74.3619
-74.3601
-74.3588
-74.3543
-74.345
-74.3303
-74.3166
-74.3095
-74.3022
-74.3006
-74.303
-74.3063
-74.312
-74.3141
-74.3109
-74.3033
-74.293
-74.2796
-74.2665
-74.257
-74.2504
-74.2511
-74.2507
-74.2462
-74.2406
-74.2353
-74.2248
-74.2112
-74.1978
-74.1803
-74.1628
-74.1507
-74.142
-74.1305
-74.1132
-74.0919
-74.0709
-74.0564
-74.0568
-74.0624
-74.0691
-74.0737
-74.0771
-74.0777
-74.0779
-74.0801
-74.0867
-74.0962
-74.1091
-74.1279
-74.1453
-74.1578
-74.1648
-74.1658
-74.1615
-74.1535
-74.141
-74.129
-74.1157
-74.1045
-74.1094
-74.1184
-74.1259
-74.1342
-74.1368
-74.1366
-74.1396
-74.1434
-74.1416
-74.1403
-74.1449
-74.1513
-74.157
-74.1575
-74.1549
-74.149
-74.137
-74.1197
-74.1023
-74.0854
-74.0676
-74.0474
-74.0322
-74.0249
-74.0187
-74.009
-73.996
-73.9874
-73.9792
-73.9756
-73.9849
-74.0006
-74.0199
-74.0458
-74.0631
-74.0733
-74.085
-74.1007
-74.1084
-74.1119
-74.1095
-74.1011
-74.0926
-74.0864
-74.0827
-74.0759
-74.0627
-74.0443
-74.0263
-74.0066
-73.9837
-73.958
-73.9301
-73.9038
-73.8838
-73.8682
-73.8615
-73.8605
-73.8565
-73.8458
-73.8343
-73.8238
-73.8121
-73.8032
-73.796
-73.7838
-73.766
-73.7441
-73.7192
-73.6924
-73.6701
-73.6493
-73.6261
-73.6038
-73.5852
-73.5648
-73.5439
-73.5299
-73.5202
-73.5163
-73.5253
-73.5291
-73.5271
-73.5245
-73.5236
-73.5285
-73.5346
-73.5427
-73.5511
-73.5506
-73.5418
-73.527
-73.5079
-73.4859
-73.4702
-73.4647
-73.4616
-73.462
-73.4699
-73.4725
-73.4665
-73.4537
-73.4371
-73.425
-73.4196
-73.4231
-73.4213
-73.412
-73.397
-73.3818
-73.3705
-73.3565
-73.3426
-73.3326
-73.3195
-73.3022
-73.2817
-73.2729
-73.2823
-73.2875
-73.2837
-73.2727
-73.2568
-73.2374
-73.2157
-73.1923
-73.1677
-73.1423
-73.1163
-73.0899
-73.0631
-73.0362
-73.0091
-72.982
-72.9549
-72.9278
-72.9008
-72.8747
-72.8596
-72.848
-72.8335
-72.816
-72.7962
-72.7749
-72.7526
-72.7296
-72.7062
-72.6826
-72.6589
-72.6352
-72.6115
-72.5894
-72.5805
-72.5743
-72.5645
-72.5511
-72.5351
-72.5173
-72.4983
-72.4786
-72.4665
-72.464
-72.4594
-72.4504
-72.438
-72.4232
-72.4067
-72.3892
-72.371
-72.3522
-72.3436
-72.3438
-72.3411
-72.3339
-72.3232
-72.3099
-72.295
-72.2789
-72.2621
-72.2448
-72.2272
-72.2094
-72.1914
-72.1734
-72.1554
-72.1375
-72.1196
-72.1018
-72.0841
-72.0665
-72.0491
-72.0318
-72.0147
-71.9977
-71.9809
-71.9643
-71.9479
-71.9316
-71.9155
-71.8996
-71.8839
-71.8684
-71.853
-71.8378
-71.8228
-71.808
-71.7934
-71.7789
-71.7646
-71.7505
-71.7366
-71.7228
-71.7092
-71.6958
-71.6825
-71.6694
-71.6565
-71.6437
-71.6311
-71.6187
-71.6064
-71.5942
-71.5823
-71.5704
-71.5588
-71.5473
-71.5359
-71.5246
-71.5136
-71.5026
-71.4918
-71.4812
-71.4707
-71.4603
-71.45
-71.4399
-71.4299
-71.4201
-71.4104
-71.4008
-71.3913
-71.382
-71.3728
-71.3637
-71.3547
-71.3459
-71.3371
-71.3285
-71.32
-71.3117
-71.3034
-71.2953
-71.2872
-71.2793
-71.2715
-71.2638
-71.2562
-71.2487
-71.2413
-71.234
-71.2268
-71.2197
-71.2127
-71.2058
-71.199
-71.1922
-71.1856
-71.1791
-71.1727
-71.1663
-71.16
-71.1539
-71.1478
-71.1418
-71.1359
-71.13
-71.1243
-71.1186
-71.113
-71.1075
-71.102
-71.0967
-71.0914
-71.0862
-71.081
-71.076
-71.071
-71.0661
-71.0612
-71.0564
-71.0517
-71.0471
-71.0425
-71.038
-71.0336
-71.0292
-71.0249
-71.0206
-71.0164
-71.0123
-71.0082
-71.0042
-71.0003
-70.9964
-70.9925
-70.9887
-70.985
-70.9813
-70.9777
-70.9742
-70.9707
-70.9672
-70.9638
-70.9604
-70.9571
-70.9539
-70.9507
-70.9475
-70.9444
-70.9414
-70.9383
-70.9354
-70.9324
-70.9296
-70.9267
-70.9239
-70.9212
-70.9185
-70.9158
-70.9132
-70.9106
-70.9081
-70.9055
-70.9031
-70.9007
-70.8983
-70.8959
-70.8936
-70.8913
-70.8891
-70.8869
-70.8847
-70.8826
-70.8805
-70.8784
-70.8763
-70.8743
-70.8724
-70.8704
-70.8685
-70.8666
-70.8648
-70.863
-70.8612
-70.8594
-70.8577
-70.856
-70.8543
-70.8526
-70.851
-70.8494
-70.8479
-70.8463
-70.8448
-70.8433
-70.8418
-70.8404
-70.839
-70.8376
-70.8362
-70.8349
-70.8336
-70.8322
-70.831
-70.8297
-70.8285
-70.8273
-70.8261
-70.8249
-70.8237
-70.8226
-70.8215
-70.8204
-70.8193
-70.8183
-70.8172
-70.8162
-70.8152
-70.8142
-70.8133
-70.8123
-70.8114
-70.8105
-70.8096
-70.8087
-70.8078
-70.807
-70.8061
-70.8053
-70.8045
-70.8037
-70.8029
-70.8022
-70.8014
-70.8007
-70.8
-70.7993
-70.7986
-70.7979
-70.7972
-70.7966
-70.7959
-70.7953
-70.7947
-70.7941
-70.7935
-70.7929
-70.7924
-70.7918
-70.7912
-70.7907
-70.7902
-70.7897
-70.7892
-70.7887
-70.7882
-70.7877
-70.7872
-70.7868
-70.7863
-70.7859
-70.7855
-70.7851
-70.7846
-70.7842
-70.7839
-70.7835
-70.7831
-70.7827
-70.7824
-70.782
-70.7817
-70.7813
-70.781
-70.7807
-70.7804
-70.7801
-70.7797
-70.7795
-70.7792
-70.7789
-70.7786
-70.7783
-70.7781
-70.7778
-70.7776
-70.7773
-70.7771
-70.7769
-70.7766
-70.7764
-70.7762
-70.776
-70.7758
-70.7756
-70.7754
-70.7752
-70.775
-70.7748
-70.7747
-70.7745
-70.7743
-70.7742
-70.774
-70.7739
-70.7737
-70.7736
-70.7734
-70.7733
-70.7732
-70.773
-70.7729
-70.7728
-70.7727
-70.7726
-70.7724
-70.7723
-70.7722
-70.7721
-70.772
-70.7719
-70.7719
-70.7718
-70.7717
-70.7716
-70.7715
-70.7714
-70.7714
-70.7713
-70.7712
-70.7712
-70.7711
-70.7711
-70.771
-70.7709
-70.7709
-70.7708
-70.7708
-70.7708
-70.7707
-70.7707
-70.7706
-70.7706
-70.7706
-70.7705
-70.7705
-70.7705
-70.7704
-70.7704
-70.7704
-70.7704
-70.7704
-70.7703
-70.7703
-70.7703
-70.7703
-70.7703
-70.7703
-70.7703
-70.7702
-70.7702
-70.7702
-70.7702
-70.7702
-70.7702
-70.7702
-70.7702
-70.7702
-70.7702
-70.7702
-70.7703
-70.7703
-70.7703
-70.7703
-70.7703
-70.7703
-70.7703
-70.7703
-70.7703
-70.7703
-70.7704
-70.7704
-70.7704
-70.7704
-70.7704
-70.7705
-70.7705
-70.7705
-70.7705
-70.7705
-70.7706
-70.7706
-70.7706
-70.7706
-70.7707
-70.7707
-70.7707
-70.7707
-70.7708
-70.7708
-70.7708
-70.7708
-70.7709
-70.7709
-70.7709
-70.771
-70.771
-70.771
-70.771
-70.7711
-70.7711
-70.7711
-70.7712
-70.7712
-70.7712
-70.7713
-70.7713
-70.7713
-70.7714
-70.7714
-70.7714
-70.7715
-70.7715
-70.7715
-70.7716
-70.7716
-70.7716
-70.7717
-70.7717
-70.7718
-70.7718
-70.7718
-70.7719
-70.7719
-70.7719
-70.772
-70.772
-70.772
-70.7721
-70.7721
-70.7721
-70.7722
-70.7722
-70.7723
-70.7723
-70.7723
-70.7724
-70.7724
-70.7724
-70.7725
-70.7725
-70.7725
-70.7726
-70.7726
-70.7726
-70.7727
-70.7727
-70.7728
-70.7728
-70.7728
-70.7729
-70.7729
-70.7729
-70.773
-70.773
-70.773
-70.7731
-70.7731
-70.7731
-70.7732
-70.7732
-70.7732
-70.7733
-70.7733
-70.7733
-70.7734
-70.7734
-70.7734
-70.7735
-70.7735
-70.7735
-70.7736
-70.7736
-70.7736
-70.7737
-70.7737
-70.7737
-70.7738
-70.7738

