-70
-70.1661
-70.23
-70.2566
-70.2695
-70.2773
-70.283
-70.2879
-70.2925
-70.297
-70.3014
-70.3057
-70.31
-70.3142
-70.3185
-70.3226
-70.3268
-70.3309
-70.335
-70.3391
-70.3431
-70.3471
-70.351
-70.3549
-70.3588
-70.3626
-70.3664
-70.3701
-70.3738
-70.3775
-70.3811
-70.3847
-70.3883
-70.3918
-70.3953
-70.3987
-70.4021
-70.4055
-70.4088
-70.4121
-70.4154
-70.4186
-70.4218
-70.4249
-70.428
-70.4311
-70.4341
-70.4372
-70.4401
-70.4431
-70.446
-70.4489
-70.4517
-70.4545
-70.4573
-70.4601
-70.4628
-70.4655
-70.4682
-70.4708
-70.4734
-70.476
-70.4785
-70.481
-70.4835
-70.486
-70.4884
-70.4908
-70.4932
-70.4955
-70.4978
-70.5001
-70.5024
-70.5046
-70.5068
-70.509
-70.5112
-70.5133
-70.5154
-70.5175
-70.5196
-70.5216
-70.5236
-70.5256
-70.5276
-70.5295
-70.5315
-70.5334
-70.5352
-70.5371
-70.5389
-70.5407
-70.5425
-70.5443
-70.5461
-70.5478
-70.5495
-70.5512
-70.5528
-70.5545
-70.5561
-70.5577
-70.5593
-70.5609
-70.5624
-70.5639
-70.5655
-70.5669
-70.5684
-70.5699
-70.5713
-70.5727
-70.5741
-70.5755
-70.5769
-70.5782
-70.5796
-70.5809
-70.5822
-70.5835
-70.5848
-70.586
-70.5873
-70.5885
-70.5897
-70.5909
-70.5921
-70.5932
-70.5944
-70.5955
-70.5966
-70.5977
-70.5988
-70.5999
-70.601
-70.602
-70.603
-70.6041
-70.6051
-70.6061
-70.6071
-70.608
-70.609
-70.6099
-70.6109
-70.6118
-70.6127
-70.6136
-70.6145
-70.6154
-70.6162
-70.6171
-70.6179
-70.6187
-70.6196
-70.6204
-70.6212
-70.622
-70.6227
-70.6235
-70.6242
-70.625
-70.6257
-70.6265
-70.6272
-70.6279
-70.6286
-70.6293
-70.6299
-70.6306
-70.6313
-70.6319
-70.6325
-70.6332
-70.6338
-70.6344
-70.635
-70.6356
-70.6362
-70.6368
-70.6374
-70.6379
-70.6385
-70.639
-70.6396
-70.6401
-70.6406
-70.6411
-70.6417
-70.6422
-70.6427
-70.6431
-70.6436
-70.6441
-70.6446
-70.645
-70.6455
-70.6459
-70.6464
-70.6468
-70.6472
-70.6476
-70.6481
-70.6485
-70.6489
-70.6493
-70.6497
-70.65
-70.6504
-70.6508
-70.6512
-70.6515
-70.6519
-70.6522
-70.6526
-70.6529
-70.6533
-70.6536
-70.6539
-70.6542
-70.6545
-70.6549
-70.6552
-70.6555
-70.6558
-70.656
-70.6563
-70.6566
-70.6569
-70.6572
-70.6574
-70.6577
-70.658
-70.6582
-70.6585
-70.6587
-70.6589
-70.6592
-70.6594
-70.6597
-70.6599
-70.6601
-70.6603
-70.6605
-70.6607
-70.661
-70.6612
-70.6614
-70.6616
-70.6617
-70.6619
-70.6621
-70.6623
-70.6625
-70.6627
-70.6628
-70.663
-70.6632
-70.6633
-70.6635
-70.6637
-70.6638
-70.664
-70.6641
-70.6643
-70.6644
-70.6646
-70.6647
-70.6648
-70.665
-70.6651
-70.6652
-70.6653
-70.6655
-70.6656
-70.6657
-70.6658
-70.6659
-70.666
-70.6662
-70.6663
-70.6664
-70.6665
-70.6666
-70.6667
-70.6668
-70.6669
-70.667
-70.667
-70.6671
-70.6672
-70.6673
-70.6674
-70.6675
-70.6675
-70.6676
-70.6677
-70.6678
-70.6678
-70.6679
-70.668
-70.668
-70.6681
-70.6682
-70.6682
-70.6683
-70.6683
-70.6684
-70.6685
-70.6685
-70.6686
-70.6686
-70.6687
-70.6687
-70.6688
-70.6688
-70.6688
-70.6689
-70.6689
-70.669
-70.669
-70.669
-70.6691
-70.6691
-70.6691
-70.6692
-70.6692
-70.6692
-70.6693
-70.6693
-70.6693
-70.6694
-70.6694
-70.6694
-70.6694
-70.6694
-70.6695
-70.6695
-70.6695
-70.6695
-70.6695
-70.6696
-70.6696
-70.6696
-70.6696
-70.6696
-70.6696
-70.6696
-70.6697
-70.6697
-70.6697
-70.6697
-70.6697
-70.6697
-70.6697
-70.6697
-70.6697
-70.6697
-70.6697
-70.6697
-70.6697
-70.6697
-70.6697
-70.6697
-70.6697
-70.6697
-70.6697
-70.6697
-70.6697
-70.6697
-70.6697
-70.6697
-70.6697
-70.6697
-70.6697
-70.6697
-70.6697
-70.6697
-70.6697
-70.6697
-70.6697
-70.6697
-70.6697
-70.6696
-70.6696
-70.6696
-70.6696
-70.6696
-70.6696
-70.6696
-70.6696
-70.6696
-70.6695
-70.6695
-70.6695
-70.6695
-70.6695
-70.6695
-70.6695
-70.6695
-70.6694
-70.6694
-70.6694
-70.6694
-70.6694
-70.6694
-70.6693
-70.6693
-70.6693
-70.6693
-70.6693
-70.6693
-70.6693
-70.6692
-70.6692
-70.6692
-70.6692
-70.6692
-70.6691
-70.6691
-70.6691
-70.6691
-70.6691
-70.6691
-70.669
-70.669
-70.669
-70.669
-70.669
-70.6689
-70.6689
-70.6689
-70.6689
-70.6689
-70.6688
-70.6688
-70.6688
-70.6688
-70.6688
-70.6687
-70.6687
-70.6687
-70.6687
-70.6686
-70.6686
-70.6686
-70.6686
-70.6686
-70.6685
-70.6685
-70.6685
-70.6685
-70.6685
-70.6684
-70.6684
-70.6684
-70.6684
-70.6684
-70.6683
-70.6683
-70.6683
-70.6683
-70.6682
-70.6682
-70.6682
-70.6682
-70.6682
-70.6681
-70.6681
-70.6681
-70.6681
-70.6681
-70.6728
-70.8487
-71.5884
-72.5661
-73.3343
-73.8328
-74.1026
-58.0717
-52.3254
-50.1932
-48.239
-44.0059
10.0852
-24.9976
-54.8821
-69.0762
-68.3275
-67.2976
-66.2369
-65.1657
-64.1023
-63.0656
-62.0729
-61.1363
-60.1941
-59.1609
-58.3254
-57.6094
-56.9843
-56.439
-55.967
-55.5349
-55.1511
-54.8356
-54.576
-54.3635
-54.1905
-54.0463
-53.909
-53.8001
-53.7167
-53.6531
-53.6048
-53.5686
-53.5422
-53.5067
-53.477
-53.4578
-53.4461
-53.4395
-53.4366
-53.4362
-53.4379
-53.4394
-53.4245
-53.4141
-53.4102
-53.4102
-53.4125
-53.4162
-53.4208
-53.426
-53.4317
-53.4379
-53.4444
-53.4389
-53.4215
-53.4132
-53.4111
-53.4123
-53.4151
-53.4187
-53.4229
-53.4273
-53.432
-53.4368
-53.4417
-53.4466
-53.4509
-53.4546
-53.4577
-53.4601
-53.4594
-53.4239
-53.4035
-53.3945
-53.3893
-53.3837
-53.3737
-53.3485
-53.1922
-52.701
-52.6818
-52.8037
-52.9267
-53.0208
-53.086
-53.1295
-53.1591
-53.1814
-53.2008
-53.2204
-53.2427
-53.2698
-53.3043
-53.349
-53.406
-53.4754
-53.5555
-53.6443
-53.697
-53.5432
-53.4854
-53.47
-53.47
-53.4765
-53.4865
-53.4989
-53.5133
-53.5297
-53.548
-53.5683
-53.5907
-53.6153
-53.6424
-53.672
-53.7045
-53.7402
-53.7792
-53.8219
-53.8685
-53.9193
-53.9745
-54.0347
-54.1
-54.1708
-54.2476
-54.3303
-54.4197
-54.5161
-54.6203
-54.7325
-54.8533
-54.9834
-55.1235
-55.2739
-55.4349
-55.3844
-53.7245
-53.2884
-53.2119
-53.2322
-53.276
-53.3222
-53.3656
-53.4049
-53.4403
-53.4728
-53.5029
-53.5316
-53.5593
-53.5868
-53.6143
-53.6426
-53.6736
-53.7066
-53.7408
-53.7768
-53.8149
-53.8556
-53.9012
-53.9542
-54.0105
-54.0722
-54.1403
-54.2148
-54.2929
-54.3743
-54.4601
-54.5512
-54.6494
-54.762
-54.8829
-55.0112
-55.1509
-55.3032
-55.468
-55.6391
-55.8148
-55.9966
-56.1859
-56.3917
-54.2818
-53.2452
-53.0462
-53.0574
-53.1194
-53.187
-53.2482
-53.3012
-53.3468
-53.3864
-53.422
-53.4548
-53.4848
-53.5135
-53.5412
-53.569
-53.5968
-53.6257
-53.6552
-53.6854
-53.717
-53.7522
-53.7922
-53.8341
-53.8799
-53.9292
-53.9834
-54.0417
-54.1041
-54.1731
-54.2461
-54.3224
-54.4045
-54.5018
-54.6055
-54.715
-54.8342
-54.959
-55.0965
-55.2415
-55.3919
-55.5573
-55.7306
-55.9078
-56.0992
-56.3194
-56.5437
-56.7777
-57.0205
-57.2639
-57.5244
-57.7897
-58.0518
-58.3203
-58.6064
-53.9091
-52.8568
-52.6989
-52.7656
-52.8823
-52.9971
-53.0965
-53.1795
-53.2484
-53.3061
-53.3551
-53.3977
-53.4363
-53.4713
-53.5053
-53.5383
-53.57
-53.6022
-53.6344
-53.667
-53.7018
-53.7391
-53.7781
-53.8214
-53.8709
-53.9255
-53.982
-54.0434
-54.1094
-54.1787
-54.2517
-54.3291
-54.4133
-54.5084
-54.6107
-54.7318
-54.8673
-55.0054
-55.1515
-55.3077
-55.4684
-55.6337
-55.8053
-55.9841
-56.171
-56.3684
-56.5892
-56.8407
-57.1287
-54.4213
-53.1608
-52.9271
-52.9451
-53.0231
-53.107
-53.1819
-53.2462
-53.302
-53.3533
-53.404
-53.4535
-53.5008
-53.5442
-53.5839
-53.6213
-53.6596
-53.7091
-53.7742
-53.8461
-53.9288
-54.0095
-54.0854
-54.1599
-54.2363
-54.3178
-54.4103
-54.521
-54.6535
-54.8003
-54.9591
-55.122
-55.2877
-55.4591
-55.6384
-55.8298
-56.0394
-56.2769
-56.5478
-56.8412
-57.1551
-57.4854
-57.8199
-58.1602
-58.511
-58.8732
-59.2524
-59.655
-60.1015
-60.5768
-61.0667
-61.5731
-62.0799
-62.5728
-63.0586
-63.5418
-64.0225
-64.5076
-65.0089
-65.5378
-66.0682
-66.5848
-67.0954
-67.5805
-68.0285
-68.448
-68.8458
-69.2249
-69.5906
-69.9512
-70.3155
-70.6668
-70.9966
-71.3096
-71.5983
-71.8549
-72.0852
-72.2979
-72.494
-72.6759
-72.8477
-73.02
-73.1827
-73.331
-73.468
-73.5927
-73.702
-73.7962
-73.879
-73.9567
-74.0282
-74.0929
-74.1576
-74.2214
-74.2789
-74.3318
-74.3805
-74.4222
-74.4572
-74.4865
-74.5122
-74.5364
-74.5584
-74.5781
-74.5989
-74.6204
-74.6384
-74.655
-74.6711
-74.6838
-74.6933
-74.7017
-74.709
-74.7152
-74.7214
-74.7268
-74.7331
-74.7412
-74.7468
-74.7514
-74.7563
-74.7595
-74.7612
-74.7625
-74.7636
-74.7642
-74.7649
-74.7654
-74.7655
-74.7684
-74.7719
-74.772
-74.7732
-74.7747
-74.7747
-74.7752
-74.7744
-74.7728
-74.7716
-74.7719
-74.7717
-74.7703
-74.7715
-74.7731
-74.7717
-74.7705
-74.7701
-74.7698
-74.7693
-74.7681
-74.7663
-74.7643
-74.7629
-74.7628
-74.7619
-74.7624
-74.7646
-74.7652
-74.7639
-74.7629
-74.7622
-74.7619
-74.7609
-74.7592
-74.7573
-74.7551
-74.7522
-74.7499
-74.7488
-74.7496
-74.7515
-74.7515
-74.75
-74.7492
-74.7493
-74.7501
-74.7501
-74.7488
-74.7463
-74.7438
-74.7415
-74.7392
-74.7363
-74.7363
-74.7382
-74.7404
-74.7412
-74.7395
-74.7394
-74.7397
-74.7397
-74.739
-74.7374
-74.7353
-74.7322
-74.7288
-74.7246
-74.7205
-74.7173
-74.7168
-74.7191
-74.721
-74.7221
-74.7247
-74.7274
-74.7283
-74.7273
-74.7254
-74.7252
-74.7243
-74.7219
-74.7186
-74.715
-74.7096
-74.7061
-74.7048
-74.7034
-74.7039
-74.706
-74.7089
-74.7129
-74.7164
-74.7155
-74.7123
-74.711
-74.7101
-74.7084
-74.705
-74.7003
-74.6951
-74.6917
-74.6873
-74.6841
-74.6819
-74.6816
-74.6833
-74.6883
-74.6943
-74.6994
-74.7015
-74.7005
-74.6993
-74.6987
-74.6974
-74.6962
-74.6947
-74.6904
-74.6844
-74.6806
-74.6763
-74.6714
-74.6652
-74.6625
-74.662
-74.6649
-74.6719
-74.6778
-74.6821
-74.6833
-74.6821
-74.6794
-74.6753
-74.6737
-74.6725
-74.6728
-74.6692
-74.6636
-74.6604
-74.6571
-74.6543
-74.6497
-74.6448
-74.6427
-74.6436
-74.6449
-74.6475
-74.6528
-74.6581
-74.6628
-74.6642
-74.6644
-74.663
-74.6604
-74.6602
-74.6579
-74.6534
-74.6478
-74.6453
-74.6425
-74.6389
-74.6356
-74.6314
-74.6287
-74.6266
-74.6244
-74.6234
-74.6237
-74.6238
-74.6254
-74.6289
-74.6337
-74.637
-74.6353
-74.6321
-74.6302
-74.63
-74.6293
-74.6237
-74.6157
-74.6141
-74.6143
-74.6136
-74.6114
-74.6114
-74.6104
-74.6096
-74.6076
-74.6025
-74.6005
-74.5974
-74.5952
-74.5957
-74.598
-74.6008
-74.6067
-74.6095
-74.6082
-74.6064
-74.6035
-74.6012
-74.597
-74.5946
-74.5945
-74.5912
-74.5874
-74.5874
-74.5882
-74.5868
-74.5839
-74.584
-74.5837
-74.5826
-74.5792
-74.5748
-74.5699
-74.5662
-74.5647
-74.5621
-74.5609
-74.5594
-74.5614
-74.5623
-74.5631
-74.5642
-74.5637
-74.5607
-74.5553
-74.5484
-74.5436
-74.5415
-74.5401
-74.5434
-74.5462
-74.5498
-74.5512
-74.5537
-74.5559
-74.5544
-74.5499
-74.5461
-74.5412
-74.5352
-74.5315
-74.5294
-74.5258
-74.5201
-74.5185
-74.5167
-74.5149
-74.5142
-74.5187
-74.5245
-74.5262
-74.5254
-74.5238
-74.5196
-74.5119
-74.5034
-74.4943
-74.4862
-74.4833
-74.4841
-74.4867
-74.4928
-74.5003
-74.5038
-74.5056
-74.5059
-74.507
-74.5081
-74.5068
-74.5015
-74.4956
-74.489
-74.4836
-74.4769
-74.4657
-74.4584
-74.4562
-74.4514
-74.4496
-74.4541
-74.4565
-74.46
-74.4636
-74.4653
-74.4684
-74.468
-74.4646
-74.4576
-74.4457
-74.4333
-74.4248
-74.4159
-74.4065
-74.3978
-74.3949
-74.3993
-74.4062
-74.4144
-74.4243
-74.4309
-74.4348
-74.4338
-74.4318
-74.4323
-74.4326
-74.4313
-74.4292
-74.4251
-74.42
-74.418
-74.4153
-74.4129
-74.4101
-74.4039
-74.3913
-74.3794
-74.3734
-74.3674
-74.3668
-74.3761
-74.3805
-74.3771
-74.3699
-74.3725
-74.3778
-74.3807
-74.3831
-74.3827
-74.3749
-74.3695
-74.364
-74.3539
-74.3386
-74.3235
-74.3085
-74.294
-74.2897
-74.2892
-74.2925
-74.2995
-74.3115
-74.3252
-74.3369
-74.3448
-74.3452
-74.3431
-74.3368
-74.3308
-74.3264
-74.321
-74.3126
-74.3043
-74.2978
-74.2895
-74.2791
-74.2778
-74.2844
-74.2885
-74.2908
-74.2896
-74.2852
-74.275
-74.2621
-74.2499
-74.2471
-74.2564
-74.2679
-74.2698
-74.2629
-74.252
-74.2468
-74.2441
-74.2427
-74.2429
-74.2434
-74.2454
-74.2506
-74.2553
-74.2528
-74.2467
-74.2351
-74.2215
-74.2103
-74.1999
-74.1937
-74.1858
-74.1783
-74.1684
-74.1544
-74.1484
-74.1475
-74.1475
-74.1499
-74.1502
-74.1505
-74.1505
-74.151
-74.1471
-74.1435
-74.1407
-74.1359
-74.1317
-74.1278
-74.1291
-74.1342
-74.1347
-74.1295
-74.1213
-74.1128
-74.1043
-74.0936
-74.0842
-74.0729
-74.0616
-74.0504
-74.039
-74.0266
-74.0177
-74.0175
-74.0197
-74.0166
-74.0147
-74.0098
-74.0014
-73.9973
-73.9999
-74.0055
-74.011
-74.0132
-74.0174
-74.0278
-74.0352
-74.0374
-74.0357
-74.0352
-74.0343
-74.0363
-74.0372
-74.0395
-74.0401
-74.0387
-74.0352
-74.0331
-74.0404
-74.0451
-74.0421
-74.0381
-74.0288
-74.0181
-74.0092
-74.004
-74.0025
-74.0071
-74.0106
-74.0116
-74.0157
-74.0254
-74.0307
-74.0284
-74.0216
-74.0118
-73.999
-73.9827
-73.9661
-73.949
-73.9338
-73.9188
-73.9009
-73.8883
-73.8754
-73.8662
-73.8609
-73.8519
-73.8366
-73.823
-73.8128
-73.8033
-73.7919
-73.7853
-73.7826
-73.7838
-73.7938
-73.7989
-73.794
-73.7826
-73.7707
-73.7549
-73.735
-73.7171
-73.7039
-73.6903
-73.6724
-73.6505
-73.6256
-73.5985
-73.5724
-73.5561
-73.5462
-73.5387
-73.5366
-73.5413
-73.5426
-73.5356
-73.5216
-73.5026
-73.4802
-73.4554
-73.431
-73.4127
-73.3938
-73.3798
-73.3833
-73.4112
-73.4398
-73.4661
-73.4842
-73.494
-73.4937
-73.4918
-73.4869
-73.483
-73.4754
-73.4621
-73.4442
-73.4236
-73.4123
-73.4078
-73.4065
-73.401
-73.3891
-73.372
-73.357
-73.3442
-73.3283
-73.3086
-73.2902
-73.277
-73.2735
-73.2857
-73.2933
-73.2911
-73.2811
-73.2655
-73.2473
-73.2398
-73.2544
-73.2702
-73.2822
-73.2952
-73.3032
-73.3019
-73.2928
-73.2783
-73.2652
-73.2635
-73.2616
-73.2536
-73.2398
-73.2235
-73.2217
-73.2218
-73.2155
-73.203
-73.186
-73.1735
-73.1677
-73.1657
-73.1588
-73.1464
-73.1384
-73.131
-73.1191
-73.1028
-73.0833
-73.0616
-73.0455
-73.0347
-73.0212
-73.004
-72.984
-72.962
-72.9386
-72.9163
-72.904
-72.8925
-72.8776
-72.8594
-72.839
-72.8169
-72.7938
-72.77
-72.7457
-72.7211
-72.6963
-72.6715
-72.6466
-72.6217
-72.5969
-72.5722
-72.5476
-72.5232
-72.4999
-72.4894
-72.483
-72.4733
-72.46
-72.444
-72.4261
-72.4071
-72.3872
-72.3668
-72.3461
-72.3252
-72.3042
-72.2832
-72.2663
-72.2637
-72.2616
-72.2552
-72.2448
-72.2317
-72.2166
-72.2002
-72.1829
-72.1651
-72.147
-72.1286
-72.11
-72.0914
-72.0728
-72.0542
-72.0357
-72.0173
-71.9989
-71.9808
-71.9627
-71.9546
-71.9589
-71.9609
-71.9579
-71.9509
-71.9411
-71.9293
-71.9163
-71.9023
-71.8878
-71.8729
-71.8578
-71.8424
-71.827
-71.8115
-71.7961
-71.7807
-71.7653
-71.7501
-71.7349
-71.7199
-71.7049
-71.6901
-71.6755
-71.6609
-71.6466
-71.6323
-71.6183
-71.6043
-71.5906
-71.5769
-71.5635
-71.5502
-71.537
-71.524
-71.5112
-71.4985
-71.4859
-71.4735
-71.4612
-71.4491
-71.4372
-71.4254
-71.4137
-71.4022
-71.3908
-71.3795
-71.3684
-71.3575
-71.3466
-71.3359
-71.3254
-71.315
-71.3047
-71.2945
-71.2845
-71.2746
-71.2648
-71.2552
-71.2456
-71.2362
-71.227
-71.2178
-71.2088
-71.1998
-71.191
-71.1823
-71.1737
-71.1653
-71.1569
-71.1486
-71.1405
-71.1324
-71.1245
-71.1167
-71.1089
-71.1013
-71.0938
-71.0863
-71.079
-71.0718
-71.0646
-71.0576
-71.0506
-71.0438
-71.037
-71.0303
-71.0237
-71.0172
-71.0108
-71.0045
-70.9983
-70.9921
-70.986
-70.98
-70.9741
-70.9683
-70.9625
-70.9569
-70.9513
-70.9458
-70.9403
-70.935
-70.9297
-70.9245
-70.9193
-70.9142
-70.9092
-70.9043
-70.8995
-70.8947
-70.8899
-70.8853
-70.8807
-70.8761
-70.8717
-70.8673
-70.8629
-70.8587
-70.8545
-70.8503
-70.8462
-70.8422
-70.8382
-70.8343
-70.8304
-70.8266
-70.8229
-70.8192
-70.8155
-70.8119
-70.8084
-70.8049
-70.8015
-70.7981
-70.7948
-70.7915
-70.7883
-70.7851
-70.782
-70.7789
-70.7759
-70.7729
-70.7699
-70.767
-70.7642
-70.7614
-70.7586
-70.7559
-70.7532
-70.7505
-70.748
-70.7454
-70.7429
-70.7404
-70.738
-70.7356
-70.7332
-70.7309
-70.7286
-70.7263
-70.7241
-70.722
-70.7198
-70.7177
-70.7156
-70.7136
-70.7116
-70.7096
-70.7077
-70.7058
-70.7039
-70.7021
-70.7003
-70.6985
-70.6967
-70.695
-70.6933
-70.6917
-70.69
-70.6884
-70.6868
-70.6853
-70.6838
-70.6823
-70.6808
-70.6794
-70.678
-70.6766
-70.6752
-70.6739
-70.6726
-70.6713
-70.67
-70.6688
-70.6675
-70.6663
-70.6652
-70.664
-70.6629
-70.6618
-70.6607
-70.6596
-70.6586
-70.6576
-70.6566
-70.6556
-70.6546
-70.6537
-70.6527
-70.6518
-70.6509
-70.6501
-70.6492
-70.6484
-70.6476
-70.6468
-70.646
-70.6452
-70.6445
-70.6437
-70.643
-70.6423
-70.6416
-70.641
-70.6403
-70.6397
-70.6391
-70.6384
-70.6378
-70.6373
-70.6367
-70.6361
-70.6356
-70.6351
-70.6346
-70.6341
-70.6336
-70.6331
-70.6326
-70.6322
-70.6317
-70.6313
-70.6309
-70.6305
-70.6301
-70.6297
-70.6293
-70.629
-70.6286
-70.6283
-70.628
-70.6276
-70.6273
-70.627
-70.6267
-70.6265
-70.6262
-70.6259
-70.6257
-70.6254
-70.6252
-70.625
-70.6247
-70.6245
-70.6243
-70.6241
-70.6239
-70.6238
-70.6236
-70.6234
-70.6233
-70.6231
-70.623
-70.6228
-70.6227
-70.6226
-70.6225
-70.6224
-70.6223
-70.6222
-70.6221
-70.622
-70.6219
-70.6219
-70.6218
-70.6217
-70.6217
-70.6216
-70.6216
-70.6215
-70.6215
-70.6215
-70.6215
-70.6214
-70.6214
-70.6214
-70.6214
-70.6214
-70.6214
-70.6214
-70.6214
-70.6215
-70.6215
-70.6215
-70.6215
-70.6216
-70.6216
-70.6217
-70.6217
-70.6218
-70.6218
-70.6219
-70.6219
-70.622
-70.622
-70.6221
-70.6222
-70.6223
-70.6223
-70.6224
-70.6225
-70.6226
-70.6227
-70.6228
-70.6229
-70.623
-70.6231
-70.6232
-70.6233
-70.6234
-70.6235
-70.6236
-70.6237
-70.6238
-70.6239
-70.6241
-70.6242
-70.6243
-70.6244
-70.6245
-70.6247
-70.6248
-70.6249
-70.6251
-70.6252
-70.6253
-70.6255
-70.6256
-70.6258
-70.6259
-70.626
-70.6262
-70.6263
-70.6265
-70.6266
-70.6268
-70.6269
-70.6271
-70.6272
-70.6274
-70.6275
-70.6277
-70.6278
-70.628
-70.6282
-70.6283
-70.6285
-70.6286
-70.6288
-70.629
-70.6291
-70.6293
-70.6294
-70.6296
-70.6298
-70.6299
-70.6301
-70.6303
-70.6304
-70.6306
-70.6308
-70.6309
-70.6311
-70.6313
-70.6314
-70.6316
-70.6318
-70.6319
-70.6321
-70.6323
-70.6324
-70.6326
-70.6328
-70.6329
-70.6331
-70.6333
-70.6335
-70.6336
-70.6338
-70.634
-70.6341
-70.6343
-70.6345
-70.6346
-70.6348
-70.635
-70.6351
-70.6353
-70.6355
-70.6356
-70.6358
-70.636
-70.6361
-70.6363
-70.6365
-70.6366
-70.6368
-70.637
-70.6371
-70.6373
-70.6375
-70.6376
-70.6378
-70.638
-70.6381
-70.6383
-70.6385
-70.6386
-70.6388
-70.6389
-70.6391
-70.6393
-70.6394
-70.6396
-70.6397
-70.6399
-70.6401
-70.6402
-70.6404
-70.6405
-70.6407
-70.6408
-70.641
-70.6412
-70.6413
-70.6415
-70.6416
-70.6418
-70.6419
-70.6421
-70.6422
-70.6424
-70.6425
-70.6427
-70.6428
-70.643
-70.6431
-70.6433
-70.6434
-70.6436
-70.6437
-70.6438
-70.644

