-70
-70.1661
-70.23
-70.2566
-70.2695
-70.2773
-70.283
-70.2879
-70.2925
-70.297
-70.3014
-70.3057
-70.31
-70.3142
-70.3185
-70.3226
-70.3268
-70.3309
-70.335
-70.3391
-70.3431
-70.3471
-70.351
-70.3549
-70.3588
-70.3626
-70.3664
-70.3701
-70.3738
-70.3775
-70.3811
-70.3847
-70.3883
-70.3918
-70.3953
-70.3987
-70.4021
-70.4055
-70.4088
-70.4121
-70.4154
-70.4186
-70.4218
-70.4249
-70.428
-70.4311
-70.4341
-70.4372
-70.4401
-70.4431
-70.446
-70.4489
-70.4517
-70.4545
-70.4573
-70.4601
-70.4628
-70.4655
-70.4682
-70.4708
-70.4734
-70.476
-70.4785
-70.481
-70.4835
-70.486
-70.4884
-70.4908
-70.4932
-70.4955
-70.4978
-70.5001
-70.5024
-70.5046
-70.5068
-70.509
-70.5112
-70.5133
-70.5154
-70.5175
-70.5196
-70.5216
-70.5236
-70.5256
-70.5276
-70.5295
-70.5315
-70.5334
-70.5352
-70.5371
-70.5389
-70.5407
-70.5425
-70.5443
-70.5461
-70.5478
-70.5495
-70.5512
-70.5528
-70.5545
-70.5561
-70.5577
-70.5593
-70.5609
-70.5624
-70.5639
-70.5655
-70.5669
-70.5684
-70.5699
-70.5713
-70.5727
-70.5741
-70.5755
-70.5769
-70.5782
-70.5796
-70.5809
-70.5822
-70.5835
-70.5848
-70.586
-70.5873
-70.5885
-70.5897
-70.5909
-70.5921
-70.5932
-70.5944
-70.5955
-70.5966
-70.5977
-70.5988
-70.5999
-70.601
-70.602
-70.603
-70.6041
-70.6051
-70.6061
-70.6071
-70.608
-70.609
-70.6099
-70.6109
-70.6118
-70.6127
-70.6136
-70.6145
-70.6154
-70.6162
-70.6171
-70.6179
-70.6187
-70.6196
-70.6204
-70.6212
-70.622
-70.6227
-70.6235
-70.6242
-70.625
-70.6257
-70.6265
-70.6272
-70.6279
-70.6286
-70.6293
-70.6299
-70.6306
-70.6313
-70.6319
-70.6325
-70.6332
-70.6338
-70.6344
-70.635
-70.6356
-70.6362
-70.6368
-70.6374
-70.6379
-70.6385
-70.639
-70.6396
-70.6401
-70.6406
-70.6411
-70.6417
-70.6422
-70.6427
-70.6431
-70.6436
-70.6441
-70.6446
-70.645
-70.6455
-70.6459
-70.6464
-70.6468
-70.6472
-70.6476
-70.6481
-70.6485
-70.6489
-70.6493
-70.6497
-70.65
-70.6504
-70.6508
-70.6512
-70.6515
-70.6519
-70.6522
-70.6526
-70.6529
-70.6533
-70.6536
-70.6539
-70.6542
-70.6545
-70.6549
-70.6552
-70.6555
-70.6558
-70.656
-70.6563
-70.6566
-70.6569
-70.6572
-70.6574
-70.6577
-70.658
-70.6582
-70.6585
-70.6587
-70.6589
-70.6592
-70.6594
-70.6597
-70.6599
-70.6601
-70.6603
-70.6605
-70.6607
-70.661
-70.6612
-70.6614
-70.6616
-70.6617
-70.6619
-70.6621
-70.6623
-70.6625
-70.6627
-70.6628
-70.663
-70.6632
-70.6633
-70.6635
-70.6637
-70.6638
-70.664
-70.6641
-70.6643
-70.6644
-70.6646
-70.6647
-70.6648
-70.665
-70.6651
-70.6652
-70.6653
-70.6655
-70.6656
-70.6657
-70.6658
-70.6659
-70.666
-70.6662
-70.6663
-70.6664
-70.6665
-70.6666
-70.6667
-70.6668
-70.6669
-70.667
-70.667
-70.6671
-70.6672
-70.6673
-70.6674
-70.6675
-70.6675
-70.6676
-70.6677
-70.6678
-70.6678
-70.6679
-70.668
-70.668
-70.6681
-70.6682
-70.6682
-70.6683
-70.6683
-70.6684
-70.6685
-70.6685
-70.6686
-70.6686
-70.6687
-70.6687
-70.6688
-70.6688
-70.6688
-70.6689
-70.6689
-70.669
-70.669
-70.669
-70.6691
-70.6691
-70.6691
-70.6692
-70.6692
-70.6692
-70.6693
-70.6693
-70.6693
-70.6694
-70.6694
-70.6694
-70.6694
-70.6694
-70.6695
-70.6695
-70.6695
-70.6695
-70.6695
-70.6696
-70.6696
-70.6696
-70.6696
-70.6696
-70.6696
-70.6696
-70.6697
-70.6697
-70.6697
-70.6697
-70.6697
-70.6697
-70.6697
-70.6697
-70.6697
-70.6697
-70.6697
-70.6697
-70.6697
-70.6697
-70.6697
-70.6697
-70.6697
-70.6697
-70.6697
-70.6697
-70.6697
-70.6697
-70.6697
-70.6697
-70.6697
-70.6697
-70.6697
-70.6697
-70.6697
-70.6697
-70.6697
-70.6697
-70.6697
-70.6697
-70.6697
-70.6696
-70.6696
-70.6696
-70.6696
-70.6696
-70.6696
-70.6696
-70.6696
-70.6696
-70.6695
-70.6695
-70.6695
-70.6695
-70.6695
-70.6695
-70.6695
-70.6695
-70.6694
-70.6694
-70.6694
-70.6694
-70.6694
-70.6694
-70.6693
-70.6693
-70.6693
-70.6693
-70.6693
-70.6693
-70.6693
-70.6692
-70.6692
-70.6692
-70.6692
-70.6692
-70.6691
-70.6691
-70.6691
-70.6691
-70.6691
-70.6691
-70.669
-70.669
-70.669
-70.669
-70.669
-70.6689
-70.6689
-70.6689
-70.6689
-70.6689
-70.6688
-70.6688
-70.6688
-70.6688
-70.6688
-70.6687
-70.6687
-70.6687
-70.6687
-70.6686
-70.6686
-70.6686
-70.6686
-70.6686
-70.6685
-70.6685
-70.6685
-70.6685
-70.6685
-70.6684
-70.6684
-70.6684
-70.6684
-70.6684
-70.6683
-70.6683
-70.6683
-70.6683
-70.6682
-70.6682
-70.6682
-70.6682
-70.6682
-70.6681
-70.6681
-70.6681
-70.6681
-70.6681
-70.6688
-70.8397
-71.5136
-72.4661
-73.2674
-73.8104
-74.1015
-62.2262
-53.2617
-50.6136
-48.6173
-44.9324
-0.581217
-22.1561
-50.094
-69.0323
-68.4358
-67.4019
-66.3308
-65.2449
-64.162
-63.1003
-62.0767
-61.1049
-60.1964
-59.2728
-58.4146
-57.6798
-57.0373
-56.4744
-55.9848
-55.5603
-55.1799
-54.8553
-54.5854
-54.3625
-54.1797
-54.0297
-53.9011
-53.7906
-53.7033
-53.6351
-53.5821
-53.5412
-53.51
-53.4843
-53.4575
-53.4376
-53.4241
-53.4151
-53.4094
-53.4061
-53.4047
-53.4047
-53.4009
-53.3935
-53.3898
-53.3888
-53.3895
-53.3912
-53.3936
-53.3963
-53.3994
-53.4027
-53.4063
-53.4077
-53.3994
-53.3947
-53.3935
-53.3941
-53.3957
-53.3978
-53.4001
-53.4026
-53.4052
-53.4079
-53.4106
-53.4133
-53.4156
-53.4176
-53.4194
-53.4207
-53.4137
-53.4007
-53.3937
-53.3904
-53.3881
-53.3853
-53.3797
-53.3639
-53.2369
-53.0318
-53.048
-53.1117
-53.1699
-53.2129
-53.2424
-53.2621
-53.2759
-53.2866
-53.2963
-53.3064
-53.318
-53.3323
-53.3507
-53.3745
-53.4048
-53.4413
-53.4649
-53.4569
-53.448
-53.4385
-53.4353
-53.436
-53.439
-53.4435
-53.4492
-53.4561
-53.4641
-53.4731
-53.4833
-53.4946
-53.5072
-53.5211
-53.5364
-53.5533
-53.5718
-53.5921
-53.6143
-53.6385
-53.665
-53.6939
-53.7255
-53.7602
-53.798
-53.8394
-53.8844
-53.9335
-53.9868
-54.0448
-54.1077
-54.176
-54.2499
-54.3294
-53.7424
-53.4666
-53.3966
-53.3713
-53.3586
-53.3642
-53.377
-53.3919
-53.4067
-53.421
-53.4346
-53.4477
-53.4603
-53.4728
-53.4853
-53.4981
-53.5112
-53.5248
-53.5392
-53.5544
-53.5706
-53.588
-53.6068
-53.627
-53.6489
-53.6725
-53.6983
-53.7279
-53.7606
-53.7956
-53.8331
-53.8735
-53.9171
-53.9642
-54.0151
-54.0702
-54.1297
-54.1952
-54.2694
-54.3545
-54.4446
-54.5382
-54.6364
-53.7188
-53.3755
-53.3043
-53.3084
-53.3147
-53.3217
-53.3364
-53.3534
-53.3698
-53.385
-53.3988
-53.4114
-53.4231
-53.434
-53.4445
-53.4548
-53.4655
-53.477
-53.4887
-53.5006
-53.5129
-53.5258
-53.5395
-53.5542
-53.57
-53.587
-53.6053
-53.6269
-53.6521
-53.6789
-53.707
-53.7369
-53.769
-53.8037
-53.8413
-53.882
-53.926
-53.9737
-54.0277
-54.0942
-54.1651
-54.238
-54.3137
-54.3935
-54.4782
-54.5683
-54.6643
-54.7665
-54.8751
-54.9906
-55.1286
-55.2898
-55.4527
-54.3358
-53.3591
-53.1593
-53.1532
-53.1935
-53.2262
-53.2525
-53.2803
-53.3065
-53.3302
-53.3512
-53.3695
-53.3853
-53.3993
-53.412
-53.4236
-53.4346
-53.4451
-53.4555
-53.4659
-53.4765
-53.4883
-53.5021
-53.5164
-53.5312
-53.5465
-53.5629
-53.5804
-53.5993
-53.6197
-53.642
-53.6663
-53.6968
-53.7319
-53.7684
-53.8066
-53.8474
-53.8913
-53.9388
-53.9901
-54.0457
-54.1058
-54.1709
-54.2499
-53.8662
-53.4385
-53.3174
-53.3
-53.3118
-53.3299
-53.3479
-53.3641
-53.3784
-53.3911
-53.4025
-53.4134
-53.4249
-53.4358
-53.4461
-53.4561
-53.4661
-53.4763
-53.487
-53.499
-53.5177
-53.5474
-53.5929
-53.6461
-53.6951
-53.7376
-53.777
-53.8165
-53.86
-53.9181
-54.0032
-54.1123
-54.2292
-54.3414
-54.4462
-54.5492
-54.655
-54.7671
-54.8923
-55.04
-55.2222
-55.4349
-55.6678
-55.9008
-56.1298
-56.3628
-56.606
-56.8632
-57.1423
-57.4496
-57.7896
-58.1668
-58.5769
-58.9958
-59.4136
-59.8288
-60.2473
-60.6735
-61.113
-61.5695
-62.05
-62.5687
-63.1196
-63.6737
-64.2121
-64.7288
-65.2226
-65.701
-66.1689
-66.6298
-67.0871
-67.5507
-68.0295
-68.5102
-68.9631
-69.3833
-69.7695
-70.1219
-70.4497
-70.7545
-71.0406
-71.3146
-71.5864
-71.8591
-72.1239
-72.3652
-72.5819
-72.7747
-72.9458
-73.0989
-73.2365
-73.3607
-73.4769
-73.592
-73.7068
-73.8171
-73.917
-74.0053
-74.0813
-74.1483
-74.2068
-74.2572
-74.3016
-74.3416
-74.3821
-74.4245
-74.4662
-74.5043
-74.5378
-74.5666
-74.5906
-74.6109
-74.6277
-74.6404
-74.6508
-74.6611
-74.6744
-74.689
-74.7034
-74.716
-74.7272
-74.7368
-74.7447
-74.7494
-74.7532
-74.755
-74.7552
-74.7567
-74.7611
-74.7666
-74.7721
-74.7758
-74.7789
-74.7819
-74.7841
-74.7849
-74.7836
-74.7814
-74.7788
-74.7768
-74.7787
-74.7823
-74.7851
-74.787
-74.7873
-74.7884
-74.7893
-74.7888
-74.7878
-74.7851
-74.7812
-74.778
-74.7767
-74.7783
-74.7813
-74.783
-74.7837
-74.7834
-74.7821
-74.7808
-74.7792
-74.7774
-74.7753
-74.772
-74.7686
-74.7677
-74.7689
-74.7717
-74.775
-74.7768
-74.7775
-74.7763
-74.7734
-74.7705
-74.7687
-74.7659
-74.7623
-74.7587
-74.7557
-74.7555
-74.7574
-74.7598
-74.7633
-74.7648
-74.7656
-74.7653
-74.763
-74.7595
-74.7565
-74.7539
-74.7507
-74.7475
-74.7441
-74.7435
-74.7445
-74.7476
-74.7525
-74.7541
-74.7542
-74.7542
-74.7539
-74.7518
-74.7479
-74.7432
-74.7394
-74.7367
-74.7336
-74.7316
-74.7303
-74.7292
-74.7307
-74.7367
-74.7416
-74.7413
-74.7395
-74.7391
-74.7403
-74.7384
-74.7346
-74.7296
-74.7247
-74.7225
-74.7217
-74.7212
-74.7217
-74.721
-74.7193
-74.7215
-74.7253
-74.7265
-74.725
-74.7239
-74.7241
-74.7243
-74.7225
-74.7181
-74.7142
-74.7083
-74.7044
-74.7052
-74.708
-74.7089
-74.7084
-74.7081
-74.708
-74.7073
-74.7061
-74.7063
-74.7081
-74.7083
-74.7088
-74.709
-74.7059
-74.702
-74.6987
-74.6952
-74.6931
-74.6937
-74.6955
-74.6956
-74.6945
-74.694
-74.6942
-74.6919
-74.6877
-74.6837
-74.6826
-74.6859
-74.6886
-74.6914
-74.6916
-74.6883
-74.6813
-74.6785
-74.6798
-74.679
-74.6762
-74.6756
-74.6764
-74.6764
-74.6771
-74.6792
-74.6764
-74.6735
-74.6712
-74.665
-74.6599
-74.6581
-74.6609
-74.6691
-74.6741
-74.6747
-74.6708
-74.6658
-74.6646
-74.6637
-74.6613
-74.6545
-74.6485
-74.6477
-74.6499
-74.6545
-74.6582
-74.6582
-74.6568
-74.6534
-74.648
-74.6431
-74.6373
-74.6322
-74.6306
-74.6372
-74.6458
-74.6518
-74.6517
-74.6483
-74.6452
-74.6452
-74.642
-74.634
-74.6244
-74.6168
-74.6122
-74.6143
-74.6236
-74.6315
-74.6352
-74.6358
-74.6354
-74.6312
-74.6231
-74.6165
-74.6138
-74.6109
-74.6082
-74.6105
-74.6139
-74.619
-74.6248
-74.6271
-74.6246
-74.6188
-74.6132
-74.6065
-74.5995
-74.5912
-74.5814
-74.5749
-74.5764
-74.5836
-74.5925
-74.5961
-74.601
-74.6079
-74.6088
-74.6062
-74.6023
-74.5962
-74.589
-74.581
-74.5759
-74.5762
-74.5812
-74.585
-74.5847
-74.5853
-74.5874
-74.5855
-74.5779
-74.5695
-74.564
-74.5579
-74.5516
-74.5471
-74.5445
-74.5423
-74.5419
-74.5422
-74.5431
-74.5497
-74.5599
-74.5669
-74.5718
-74.5726
-74.5703
-74.5662
-74.5615
-74.5557
-74.5495
-74.5448
-74.5396
-74.5403
-74.5465
-74.5499
-74.5506
-74.5478
-74.5403
-74.5275
-74.5129
-74.5047
-74.4993
-74.4958
-74.4966
-74.4978
-74.4971
-74.4969
-74.4968
-74.4959
-74.5006
-74.5056
-74.5075
-74.5052
-74.5038
-74.5068
-74.5136
-74.516
-74.5138
-74.5113
-74.5092
-74.5063
-74.5067
-74.5069
-74.5036
-74.4993
-74.496
-74.4936
-74.4971
-74.5009
-74.4999
-74.4952
-74.4881
-74.4761
-74.4609
-74.4466
-74.4322
-74.4154
-74.3974
-74.3877
-74.3953
-74.4068
-74.4161
-74.4303
-74.4451
-74.4534
-74.4564
-74.4532
-74.4453
-74.4381
-74.4333
-74.4321
-74.4305
-74.4273
-74.4211
-74.4207
-74.4214
-74.4255
-74.4265
-74.4288
-74.4313
-74.4345
-74.4378
-74.4389
-74.4378
-74.4358
-74.4322
-74.4273
-74.4226
-74.4252
-74.427
-74.4215
-74.4096
-74.3942
-74.3792
-74.3685
-74.3588
-74.3469
-74.3333
-74.3175
-74.3014
-74.2888
-74.2812
-74.28
-74.2822
-74.294
-74.3087
-74.3186
-74.3269
-74.3348
-74.3409
-74.3451
-74.3482
-74.3471
-74.3414
-74.3327
-74.3245
-74.3187
-74.3124
-74.3067
-74.2996
-74.2904
-74.2854
-74.2858
-74.2885
-74.2952
-74.3039
-74.3099
-74.311
-74.3126
-74.3205
-74.33
-74.3355
-74.336
-74.3316
-74.3273
-74.3242
-74.3199
-74.3165
-74.3098
-74.3022
-74.2972
-74.2968
-74.2935
-74.2833
-74.2718
-74.2586
-74.2453
-74.2368
-74.2286
-74.2168
-74.2019
-74.1822
-74.1642
-74.1562
-74.1508
-74.143
-74.1373
-74.1357
-74.1331
-74.1356
-74.143
-74.1497
-74.1514
-74.1493
-74.1449
-74.143
-74.1393
-74.1342
-74.1316
-74.1311
-74.1257
-74.1151
-74.1036
-74.0974
-74.0994
-74.1016
-74.1075
-74.1131
-74.113
-74.1076
-74.1033
-74.0953
-74.0879
-74.0848
-74.0796
-74.0791
-74.0841
-74.0915
-74.0928
-74.0884
-74.0801
-74.0675
-74.0536
-74.0404
-74.0333
-74.0363
-74.0504
-74.0677
-74.085
-74.0942
-74.0981
-74.1007
-74.1023
-74.105
-74.1157
-74.1268
-74.1336
-74.1343
-74.1333
-74.1333
-74.1295
-74.1216
-74.1114
-74.0994
-74.0886
-74.0816
-74.0784
-74.0751
-74.0724
-74.0641
-74.0564
-74.0557
-74.0498
-74.0369
-74.0281
-74.0205
-74.0072
-73.9883
-73.9652
-73.943
-73.9258
-73.9159
-73.9165
-73.9185
-73.9125
-73.8999
-73.8861
-73.8684
-73.8476
-73.8288
-73.8142
-73.8094
-73.8061
-73.8093
-73.8103
-73.8109
-73.8122
-73.8106
-73.806
-73.7956
-73.7846
-73.7701
-73.751
-73.7283
-73.7083
-73.6887
-73.6685
-73.651
-73.6348
-73.6325
-73.6363
-73.6413
-73.6404
-73.6312
-73.6154
-73.5983
-73.5929
-73.5984
-73.5994
-73.5919
-73.5774
-73.558
-73.5353
-73.5111
-73.4967
-73.4925
-73.4886
-73.4784
-73.4623
-73.4421
-73.4258
-73.4138
-73.4132
-73.4179
-73.4276
-73.4377
-73.4401
-73.4429
-73.4476
-73.4521
-73.4531
-73.4581
-73.4641
-73.4741
-73.4814
-73.4795
-73.4697
-73.4578
-73.448
-73.4346
-73.4172
-73.4064
-73.4111
-73.4149
-73.4182
-73.4151
-73.4047
-73.3888
-73.369
-73.3465
-73.3221
-73.2966
-73.2837
-73.2786
-73.2692
-73.2543
-73.2352
-73.2132
-73.1892
-73.1682
-73.1563
-73.1517
-73.1457
-73.1497
-73.1557
-73.1566
-73.1589
-73.1641
-73.1668
-73.1706
-73.1704
-73.1633
-73.1504
-73.1389
-73.1312
-73.122
-73.1179
-73.1117
-73.109
-73.1056
-73.0966
-73.0825
-73.0646
-73.0454
-73.0342
-73.0236
-73.0092
-72.9914
-72.971
-72.9487
-72.926
-72.9128
-72.9021
-72.8882
-72.8708
-72.8509
-72.8293
-72.8064
-72.7828
-72.7586
-72.7341
-72.7094
-72.6845
-72.6596
-72.6347
-72.6099
-72.5851
-72.5605
-72.536
-72.5116
-72.4875
-72.4635
-72.4397
-72.4161
-72.3928
-72.3697
-72.3468
-72.3241
-72.3017
-72.2795
-72.2575
-72.2358
-72.2143
-72.1931
-72.1721
-72.1513
-72.1307
-72.1104
-72.0903
-72.0704
-72.0508
-72.0314
-72.0122
-71.9932
-71.9745
-71.956
-71.9377
-71.9196
-71.9017
-71.884
-71.8665
-71.8493
-71.8322
-71.8154
-71.7987
-71.7823
-71.766
-71.75
-71.7341
-71.7184
-71.7029
-71.6876
-71.6725
-71.6576
-71.6428
-71.6282
-71.6138
-71.5996
-71.5856
-71.5717
-71.558
-71.5445
-71.5311
-71.5179
-71.5048
-71.492
-71.4792
-71.4667
-71.4543
-71.442
-71.4299
-71.418
-71.4062
-71.3945
-71.383
-71.3716
-71.3604
-71.3493
-71.3384
-71.3276
-71.317
-71.3064
-71.2961
-71.2858
-71.2757
-71.2657
-71.2559
-71.2462
-71.2366
-71.2271
-71.2177
-71.2085
-71.1994
-71.1904
-71.1815
-71.1728
-71.1641
-71.1556
-71.1472
-71.1389
-71.1307
-71.1226
-71.1146
-71.1068
-71.099
-71.0913
-71.0837
-71.0763
-71.0689
-71.0617
-71.0545
-71.0474
-71.0404
-71.0336
-71.0268
-71.0201
-71.0135
-71.007
-71.0005
-70.9942
-70.9879
-70.9818
-70.9757
-70.9697
-70.9638
-70.9579
-70.9522
-70.9465
-70.9409
-70.9354
-70.93
-70.9246
-70.9193
-70.9141
-70.909
-70.9039
-70.8989
-70.894
-70.8891
-70.8843
-70.8796
-70.875
-70.8704
-70.8659
-70.8614
-70.857
-70.8527
-70.8485
-70.8443
-70.8401
-70.836
-70.832
-70.8281
-70.8242
-70.8203
-70.8166
-70.8128
-70.8092
-70.8055
-70.802
-70.7985
-70.795
-70.7916
-70.7883
-70.785
-70.7817
-70.7785
-70.7754
-70.7723
-70.7692
-70.7662
-70.7632
-70.7603
-70.7575
-70.7546
-70.7519
-70.7491
-70.7464
-70.7438
-70.7412
-70.7386
-70.7361
-70.7336
-70.7312
-70.7288
-70.7264
-70.7241
-70.7218
-70.7195
-70.7173
-70.7151
-70.713
-70.7109
-70.7088
-70.7068
-70.7048
-70.7028
-70.7009
-70.699
-70.6971
-70.6953
-70.6935
-70.6917
-70.69
-70.6883
-70.6866
-70.685
-70.6833
-70.6817
-70.6802
-70.6786
-70.6771
-70.6757
-70.6742
-70.6728
-70.6714
-70.67
-70.6687
-70.6673
-70.666
-70.6648
-70.6635
-70.6623
-70.6611
-70.6599
-70.6588
-70.6576
-70.6565
-70.6554
-70.6544
-70.6533
-70.6523
-70.6513
-70.6503
-70.6493
-70.6484
-70.6475
-70.6466
-70.6457
-70.6448
-70.644
-70.6431
-70.6423
-70.6415
-70.6408
-70.64
-70.6393
-70.6385
-70.6378
-70.6371
-70.6365
-70.6358
-70.6352
-70.6345
-70.6339
-70.6333
-70.6327
-70.6322
-70.6316
-70.6311
-70.6305
-70.63
-70.6295
-70.629
-70.6285
-70.6281
-70.6276
-70.6272
-70.6268
-70.6264
-70.626
-70.6256
-70.6252
-70.6248
-70.6245
-70.6241
-70.6238
-70.6235
-70.6231
-70.6228
-70.6225
-70.6223
-70.622
-70.6217
-70.6215
-70.6212
-70.621
-70.6208
-70.6205
-70.6203
-70.6201
-70.6199
-70.6198
-70.6196
-70.6194
-70.6193
-70.6191
-70.619
-70.6188
-70.6187
-70.6186
-70.6185
-70.6183
-70.6182
-70.6181
-70.6181
-70.618
-70.6179
-70.6178
-70.6178
-70.6177
-70.6177
-70.6176
-70.6176
-70.6175
-70.6175
-70.6175
-70.6175
-70.6175
-70.6175
-70.6175
-70.6175
-70.6175
-70.6175
-70.6175
-70.6175
-70.6175
-70.6176
-70.6176
-70.6176
-70.6177
-70.6177
-70.6178
-70.6178
-70.6179
-70.618
-70.618
-70.6181
-70.6182
-70.6182
-70.6183
-70.6184
-70.6185
-70.6186
-70.6187
-70.6188
-70.6189
-70.619
-70.6191
-70.6192
-70.6193
-70.6194
-70.6195
-70.6196
-70.6198
-70.6199
-70.62
-70.6201
-70.6203
-70.6204
-70.6205
-70.6207
-70.6208
-70.6209
-70.6211
-70.6212
-70.6214
-70.6215
-70.6216
-70.6218
-70.6219
-70.6221
-70.6223
-70.6224
-70.6226
-70.6227
-70.6229
-70.623
-70.6232
-70.6234
-70.6235
-70.6237
-70.6239
-70.624
-70.6242
-70.6244
-70.6245
-70.6247
-70.6249
-70.6251
-70.6252
-70.6254
-70.6256
-70.6258
-70.6259
-70.6261
-70.6263
-70.6265
-70.6266
-70.6268
-70.627
-70.6272
-70.6274
-70.6276
-70.6277
-70.6279
-70.6281
-70.6283
-70.6285
-70.6286
-70.6288
-70.629
-70.6292
-70.6294
-70.6296
-70.6298
-70.6299
-70.6301
-70.6303
-70.6305
-70.6307
-70.6309
-70.631
-70.6312
-70.6314
-70.6316
-70.6318
-70.632
-70.6321
-70.6323
-70.6325
-70.6327
-70.6329
-70.6331
-70.6332
-70.6334
-70.6336
-70.6338
-70.634
-70.6342
-70.6343
-70.6345
-70.6347
-70.6349
-70.6351
-70.6352
-70.6354
-70.6356
-70.6358
-70.636
-70.6361
-70.6363
-70.6365
-70.6367
-70.6368
-70.637
-70.6372
-70.6374
-70.6375
-70.6377
-70.6379
-70.6381
-70.6382
-70.6384
-70.6386
-70.6387
-70.6389
-70.6391
-70.6392
-70.6394
-70.6396
-70.6397
-70.6399
-70.6401
-70.6402
-70.6404
-70.6406
-70.6407
-70.6409
-70.6411
-70.6412
-70.6414
-70.6415
-70.6417
-70.6418
-70.642
-70.6422
-70.6423
-70.6425
-70.6426
-70.6428
-70.6429
-70.6431
-70.6432
-70.6434
-70.6435
-70.6437
-70.6438
-70.644
-70.6441
-70.6443
-70.6444
-70.6446
-70.6447
-70.6449

