-70
-70.2123
-70.2926
-70.3252
-70.3404
-70.3491
-70.3555
-70.3609
-70.3659
-70.3708
-70.3757
-70.3805
-70.3853
-70.39
-70.3948
-70.3995
-70.4042
-70.4088
-70.4134
-70.4179
-70.4224
-70.4269
-70.4313
-70.4357
-70.44
-70.4443
-70.4485
-70.4527
-70.4569
-70.461
-70.465
-70.469
-70.473
-70.4769
-70.4808
-70.4846
-70.4884
-70.4921
-70.4958
-70.4995
-70.5031
-70.5067
-70.5102
-70.5137
-70.5172
-70.5206
-70.524
-70.5273
-70.5306
-70.5339
-70.5371
-70.5403
-70.5434
-70.5465
-70.5496
-70.5526
-70.5556
-70.5586
-70.5615
-70.5644
-70.5673
-70.5701
-70.5729
-70.5757
-70.5784
-70.5811
-70.5838
-70.5864
-70.589
-70.5916
-70.5941
-70.5966
-70.5991
-70.6016
-70.604
-70.6064
-70.6087
-70.6111
-70.6134
-70.6157
-70.6179
-70.6201
-70.6223
-70.6245
-70.6266
-70.6287
-70.6308
-70.6329
-70.6349
-70.6369
-70.6389
-70.6409
-70.6428
-70.6448
-70.6466
-70.6485
-70.6503
-70.6522
-70.654
-70.6557
-70.6575
-70.6592
-70.6609
-70.6626
-70.6643
-70.6659
-70.6675
-70.6691
-70.6707
-70.6723
-70.6738
-70.6754
-70.6769
-70.6783
-70.6798
-70.6812
-70.6827
-70.6841
-70.6855
-70.6868
-70.6882
-70.6895
-70.6908
-70.6921
-70.6934
-70.6947
-70.6959
-70.6972
-70.6984
-70.6996
-70.7008
-70.702
-70.7031
-70.7042
-70.7054
-70.7065
-70.7076
-70.7087
-70.7097
-70.7108
-70.7118
-70.7128
-70.7138
-70.7148
-70.7158
-70.7168
-70.7177
-70.7187
-70.7196
-70.7205
-70.7214
-70.7223
-70.7232
-70.7241
-70.7249
-70.7258
-70.7266
-70.7274
-70.7282
-70.729
-70.7298
-70.7306
-70.7314
-70.7321
-70.7329
-70.7336
-70.7343
-70.735
-70.7357
-70.7364
-70.7371
-70.7378
-70.7384
-70.7391
-70.7397
-70.7404
-70.741
-70.7416
-70.7422
-70.7428
-70.7434
-70.744
-70.7446
-70.7451
-70.7457
-70.7462
-70.7468
-70.7473
-70.7478
-70.7484
-70.7489
-70.7494
-70.7499
-70.7504
-70.7508
-70.7513
-70.7518
-70.7522
-70.7527
-70.7531
-70.7536
-70.754
-70.7544
-70.7549
-70.7553
-70.7557
-70.7561
-70.7565
-70.7569
-70.7573
-70.7576
-70.758
-70.7584
-70.7587
-70.7591
-70.7594
-70.7598
-70.7601
-70.7605
-70.7608
-70.7611
-70.7614
-70.7617
-70.7621
-70.7624
-70.7627
-70.763
-70.7632
-70.7635
-70.7638
-70.7641
-70.7644
-70.7646
-70.7649
-70.7651
-70.7654
-70.7656
-70.7659
-70.7661
-70.7664
-70.7666
-70.7668
-70.7671
-70.7673
-70.7675
-70.7677
-70.7679
-70.7681
-70.7684
-70.7686
-70.7688
-70.769
-70.7691
-70.7693
-70.7695
-70.7697
-70.7699
-70.7701
-70.7702
-70.7704
-70.7706
-70.7707
-70.7709
-70.7711
-70.7712
-70.7714
-70.7715
-70.7717
-70.7718
-70.772
-70.7721
-70.7722
-70.7724
-70.7725
-70.7726
-70.7728
-70.7729
-70.773
-70.7731
-70.7733
-70.7734
-70.7735
-70.7736
-70.7737
-70.7738
-70.7739
-70.774
-70.7741
-70.7742
-70.7743
-70.7744
-70.7745
-70.7746
-70.7747
-70.7748
-70.7749
-70.775
-70.7751
-70.7751
-70.7752
-70.7753
-70.7754
-70.7755
-70.7755
-70.7756
-70.7757
-70.7758
-70.7758
-70.7759
-70.776
-70.776
-70.7761
-70.7762
-70.7762
-70.7763
-70.7763
-70.7764
-70.7765
-70.7765
-70.7766
-70.7766
-70.7767
-70.7767
-70.7768
-70.7768
-70.7769
-70.7769
-70.777
-70.777
-70.7771
-70.7771
-70.7771
-70.7772
-70.7772
-70.7773
-70.7773
-70.7773
-70.7774
-70.7774
-70.7774
-70.7775
-70.7775
-70.7775
-70.7776
-70.7776
-70.7776
-70.7777
-70.7777
-70.7777
-70.7777
-70.7778
-70.7778
-70.7778
-70.7778
-70.7779
-70.7779
-70.7779
-70.7779
-70.778
-70.778
-70.778
-70.778
-70.778
-70.7781
-70.7781
-70.7781
-70.7781
-70.7781
-70.7781
-70.7782
-70.7782
-70.7782
-70.7782
-70.7782
-70.7782
-70.7782
-70.7783
-70.7783
-70.7783
-70.7783
-70.7783
-70.7783
-70.7783
-70.7783
-70.7783
-70.7783
-70.7784
-70.7784
-70.7784
-70.7784
-70.7784
-70.7784
-70.7784
-70.7784
-70.7784
-70.7784
-70.7784
-70.7784
-70.7784
-70.7784
-70.7784
-70.7784
-70.7784
-70.7784
-70.7784
-70.7785
-70.7785
-70.7785
-70.7785
-70.7785
-70.7785
-70.7785
-70.7785
-70.7785
-70.7785
-70.7785
-70.7785
-70.7785
-70.7785
-70.7785
-70.7785
-70.7785
-70.7785
-70.7785
-70.7785
-70.7785
-70.7785
-70.7785
-70.7785
-70.7785
-70.7785
-70.7785
-70.7785
-70.7785
-70.7785
-70.7785
-70.7784
-70.7784
-70.7784
-70.7784
-70.7784
-70.7784
-70.7784
-70.7784
-70.7784
-70.7784
-70.7784
-70.7784
-70.7784
-70.7784
-70.7784
-70.7784
-70.7784
-70.7784
-70.7784
-70.7784
-70.7784
-70.7784
-70.7784
-70.7784
-70.7784
-70.7784
-70.7784
-70.7784
-70.7784
-70.7783
-70.7783
-70.7783
-70.7783
-70.7783
-70.7783
-70.7783
-70.7943
-71.0186
-71.7537
-72.7011
-73.4783
-73.9734
-58.1053
-52.3838
-49.9806
-46.8408
-7.44694
-28.2655
-67.7193
-70.1976
-69.012
-67.7224
-66.3784
-65.0154
-63.6701
-62.3779
-61.1697
-60.0703
-59.0961
-58.2356
-57.2471
-56.5089
-55.9456
-55.5027
-55.1565
-54.8871
-54.6637
-54.4659
-54.3261
-54.2303
-54.1651
-54.1209
-54.0913
-54.0508
-54.0214
-54.0056
-53.9987
-53.9975
-53.9998
-54.0045
-53.9978
-53.9867
-53.9828
-53.9839
-53.9879
-53.9933
-53.9997
-54.0066
-54.014
-54.0037
-53.994
-53.9911
-53.9924
-53.9959
-54.0005
-54.0058
-54.0115
-54.0176
-54.024
-54.0306
-54.0273
-54.0083
-53.999
-53.9967
-53.998
-54.001
-54.0048
-54.009
-54.0135
-54.0182
-54.0231
-54.0281
-54.0332
-54.0385
-54.0436
-54.048
-54.0518
-54.0453
-54.0066
-53.9882
-53.9815
-53.979
-53.9771
-53.9738
-53.9668
-53.9506
-53.8926
-53.383
-53.2102
-53.352
-53.4981
-53.5991
-53.6612
-53.6974
-53.7178
-53.7295
-53.7374
-53.7452
-53.7552
-53.7695
-53.7903
-53.8199
-53.8616
-53.9186
-53.9929
-54.0393
-54.0448
-54.0434
-54.0431
-54.0455
-54.051
-54.0596
-54.0707
-54.0839
-54.0992
-54.1166
-54.1364
-54.1585
-54.1832
-54.2105
-54.2404
-54.2733
-54.3094
-54.349
-54.3925
-54.4399
-54.4918
-54.5482
-54.6097
-54.6765
-54.749
-54.8276
-54.9132
-55.0062
-55.1071
-55.2163
-55.3341
-55.4604
-55.5959
-55.7411
-55.8965
-56.0627
-54.2933
-53.8169
-53.7565
-53.8004
-53.8621
-53.9194
-53.9683
-54.0099
-54.0455
-54.0767
-54.1049
-54.1312
-54.1565
-54.1816
-54.207
-54.233
-54.2603
-54.2907
-54.3239
-54.3588
-54.3956
-54.4349
-54.4771
-54.5225
-54.5715
-54.6244
-54.6814
-54.7445
-54.8168
-54.8942
-54.976
-55.0632
-55.1563
-55.2559
-55.3623
-55.4753
-55.5955
-55.7301
-55.8857
-56.056
-56.2302
-56.4079
-56.5906
-56.4164
-54.1158
-53.6214
-53.5923
-53.6696
-53.7574
-53.8333
-53.8949
-53.9442
-53.9841
-54.0171
-54.0453
-54.0702
-54.093
-54.1147
-54.1367
-54.159
-54.1827
-54.2079
-54.2348
-54.2627
-54.2917
-54.3225
-54.3555
-54.3909
-54.4294
-54.4735
-54.5211
-54.5733
-54.6313
-54.6946
-54.7643
-54.8372
-54.9139
-54.9954
-55.0823
-55.1762
-55.2834
-55.3974
-55.5153
-55.6457
-55.787
-55.9347
-56.0984
-56.2679
-56.4401
-56.616
-56.7967
-56.9949
-57.2074
-57.4216
-57.6367
-57.8686
-58.1135
-57.7083
-54.0494
-53.3243
-53.3006
-53.4343
-53.5779
-53.6972
-53.7896
-53.8607
-53.916
-53.96
-53.9967
-54.0277
-54.0547
-54.0794
-54.1035
-54.1267
-54.1497
-54.1744
-54.2
-54.2262
-54.2535
-54.2824
-54.3145
-54.351
-54.3905
-54.435
-54.4822
-54.5348
-54.5918
-54.6516
-54.7147
-54.782
-54.8542
-54.9322
-55.0168
-55.1152
-55.2249
-55.3486
-55.4834
-55.6206
-54.7184
-53.9021
-53.7537
-53.7714
-53.823
-53.8741
-53.9173
-53.9528
-53.9826
-54.009
-54.0325
-54.0533
-54.0725
-54.0924
-54.112
-54.1314
-54.1511
-54.1717
-54.1935
-54.2212
-54.2658
-54.3245
-54.3882
-54.4676
-54.5545
-54.6374
-54.713
-54.787
-54.8727
-54.9858
-55.1637
-55.3749
-55.5938
-55.7961
-55.9836
-56.1673
-56.3559
-56.558
-56.7798
-57.0472
-57.3691
-57.7201
-58.0822
-58.4418
-58.7982
-59.1549
-59.5172
-59.8906
-60.282
-60.7118
-61.188
-61.6945
-62.2125
-62.727
-63.2267
-63.7164
-64.1953
-64.6653
-65.129
-65.6027
-66.0952
-66.6097
-67.1284
-67.6306
-68.096
-68.5293
-68.9334
-69.3127
-69.6683
-70.0087
-70.3478
-70.6856
-71.0209
-71.3487
-71.6484
-71.9129
-72.1491
-72.3608
-72.5538
-72.7292
-72.8929
-73.0534
-73.2092
-73.3615
-73.5096
-73.6419
-73.7542
-73.8507
-73.9347
-74.0086
-74.0743
-74.1351
-74.1957
-74.2549
-74.3128
-74.3713
-74.4251
-74.4689
-74.5034
-74.531
-74.5541
-74.5736
-74.5915
-74.6097
-74.6289
-74.6494
-74.6706
-74.6932
-74.7132
-74.7268
-74.7351
-74.7399
-74.744
-74.7473
-74.7505
-74.7546
-74.7608
-74.7686
-74.7765
-74.7859
-74.7949
-74.7994
-74.7999
-74.7976
-74.7948
-74.7924
-74.7903
-74.7898
-74.7921
-74.7964
-74.7999
-74.804
-74.8101
-74.8139
-74.814
-74.8114
-74.8071
-74.8026
-74.7992
-74.7962
-74.7953
-74.7975
-74.7998
-74.8012
-74.8028
-74.8062
-74.8085
-74.8081
-74.8048
-74.8003
-74.7957
-74.7923
-74.7902
-74.7906
-74.7927
-74.794
-74.7945
-74.7946
-74.7962
-74.7992
-74.8009
-74.7996
-74.7951
-74.7897
-74.7846
-74.7807
-74.7803
-74.782
-74.7837
-74.7841
-74.7835
-74.7823
-74.7832
-74.7861
-74.7897
-74.7894
-74.7861
-74.7808
-74.7747
-74.7715
-74.7713
-74.7727
-74.7743
-74.7752
-74.7751
-74.7739
-74.7725
-74.7741
-74.7761
-74.7777
-74.7768
-74.7731
-74.7666
-74.7616
-74.7603
-74.7597
-74.7609
-74.7632
-74.7655
-74.7655
-74.7632
-74.7621
-74.7622
-74.7628
-74.7647
-74.7661
-74.7638
-74.759
-74.7544
-74.7518
-74.7493
-74.7478
-74.7506
-74.7532
-74.7546
-74.7546
-74.7531
-74.7507
-74.7488
-74.7477
-74.7486
-74.7501
-74.7498
-74.7485
-74.7467
-74.7447
-74.7395
-74.7362
-74.7381
-74.7408
-74.7437
-74.7444
-74.7439
-74.7417
-74.7379
-74.7352
-74.7341
-74.7342
-74.7344
-74.7353
-74.7361
-74.7361
-74.7344
-74.7286
-74.7234
-74.7223
-74.7247
-74.7279
-74.7313
-74.732
-74.7285
-74.7249
-74.7215
-74.7198
-74.719
-74.719
-74.7208
-74.7222
-74.7235
-74.7251
-74.7247
-74.7193
-74.7137
-74.7106
-74.7114
-74.7134
-74.7161
-74.7172
-74.7166
-74.7134
-74.7092
-74.7047
-74.7015
-74.7005
-74.7009
-74.7037
-74.7057
-74.7079
-74.7088
-74.7086
-74.7053
-74.6999
-74.6964
-74.6962
-74.6961
-74.6974
-74.6976
-74.6957
-74.6942
-74.6934
-74.6925
-74.6895
-74.6844
-74.6822
-74.6858
-74.6888
-74.6909
-74.6937
-74.6938
-74.6931
-74.6913
-74.6887
-74.6866
-74.6835
-74.68
-74.6778
-74.678
-74.6787
-74.6773
-74.6746
-74.6701
-74.6663
-74.6647
-74.6651
-74.6651
-74.6645
-74.6652
-74.6669
-74.6694
-74.6725
-74.6727
-74.6704
-74.6705
-74.6702
-74.6666
-74.6619
-74.6592
-74.6576
-74.658
-74.6559
-74.6563
-74.6558
-74.6531
-74.648
-74.642
-74.6373
-74.6342
-74.634
-74.6388
-74.6426
-74.6435
-74.6455
-74.6491
-74.6502
-74.6502
-74.649
-74.6494
-74.6488
-74.645
-74.6392
-74.6347
-74.6314
-74.6294
-74.6291
-74.6292
-74.6296
-74.6305
-74.6273
-74.6227
-74.6162
-74.6092
-74.6034
-74.6012
-74.6022
-74.605
-74.6058
-74.6081
-74.6153
-74.6205
-74.6254
-74.6262
-74.622
-74.6183
-74.6142
-74.6112
-74.6069
-74.6013
-74.5942
-74.5931
-74.5948
-74.5939
-74.5942
-74.5958
-74.5991
-74.6006
-74.6002
-74.5985
-74.5932
-74.5849
-74.5775
-74.5729
-74.572
-74.5735
-74.5728
-74.567
-74.5636
-74.5642
-74.5671
-74.5714
-74.5746
-74.578
-74.5798
-74.5768
-74.5715
-74.5672
-74.5619
-74.5566
-74.5494
-74.5428
-74.5393
-74.5376
-74.5371
-74.5387
-74.544
-74.547
-74.5472
-74.5474
-74.5486
-74.547
-74.5473
-74.5492
-74.5505
-74.5479
-74.5448
-74.5417
-74.5373
-74.5309
-74.5249
-74.5237
-74.5229
-74.5195
-74.5171
-74.5166
-74.5158
-74.5128
-74.508
-74.5005
-74.4915
-74.4857
-74.4858
-74.4879
-74.4898
-74.4928
-74.4934
-74.4908
-74.4853
-74.4805
-74.4772
-74.4774
-74.4783
-74.4771
-74.4734
-74.4721
-74.4789
-74.4851
-74.4911
-74.4921
-74.4923
-74.4963
-74.5023
-74.5066
-74.5075
-74.5053
-74.5016
-74.496
-74.4898
-74.4811
-74.4716
-74.4637
-74.455
-74.4448
-74.4363
-74.4343
-74.4365
-74.4359
-74.4327
-74.4256
-74.4144
-74.4017
-74.39
-74.3779
-74.3693
-74.363
-74.3623
-74.3635
-74.3622
-74.3665
-74.3747
-74.3825
-74.382
-74.3802
-74.3828
-74.3837
-74.3785
-74.3697
-74.3615
-74.3559
-74.3517
-74.3505
-74.3509
-74.3585
-74.3642
-74.3675
-74.3751
-74.3877
-74.3984
-74.4025
-74.4046
-74.4089
-74.4147
-74.4221
-74.422
-74.4136
-74.4011
-74.3871
-74.3751
-74.3706
-74.3678
-74.3606
-74.3506
-74.3354
-74.3196
-74.3062
-74.2937
-74.2877
-74.2856
-74.2813
-74.2764
-74.2702
-74.2633
-74.2544
-74.2403
-74.2316
-74.2232
-74.2161
-74.2114
-74.2091
-74.2066
-74.2032
-74.1981
-74.1899
-74.1811
-74.1718
-74.1697
-74.1708
-74.1718
-74.1699
-74.1679
-74.1702
-74.1715
-74.1698
-74.167
-74.1613
-74.1622
-74.1695
-74.1815
-74.1907
-74.1909
-74.1861
-74.1785
-74.1708
-74.1646
-74.1649
-74.1708
-74.182
-74.1961
-74.2153
-74.2359
-74.245
-74.2519
-74.2537
-74.2466
-74.239
-74.2356
-74.2366
-74.2425
-74.2497
-74.2591
-74.2679
-74.267
-74.2605
-74.2521
-74.2431
-74.2341
-74.2207
-74.2043
-74.1888
-74.1746
-74.1612
-74.148
-74.1368
-74.1285
-74.1223
-74.1189
-74.114
-74.1073
-74.0984
-74.0836
-74.067
-74.0525
-74.0447
-74.0388
-74.0276
-74.0104
-73.9921
-73.9787
-73.9677
-73.9531
-73.9381
-73.9215
-73.9128
-73.9063
-73.8998
-73.9014
-73.9015
-73.8975
-73.8946
-73.8919
-73.8863
-73.8802
-73.8727
-73.8683
-73.876
-73.8832
-73.8854
-73.8831
-73.8815
-73.8743
-73.861
-73.848
-73.8419
-73.8355
-73.8298
-73.8252
-73.8148
-73.802
-73.795
-73.7877
-73.7795
-73.7714
-73.762
-73.753
-73.7448
-73.7336
-73.7228
-73.7098
-73.6981
-73.6875
-73.6895
-73.6897
-73.682
-73.6684
-73.6618
-73.6551
-73.6427
-73.6269
-73.6149
-73.607
-73.6064
-73.607
-73.609
-73.6126
-73.6219
-73.6357
-73.6412
-73.6429
-73.641
-73.6374
-73.6278
-73.6177
-73.615
-73.6207
-73.6314
-73.642
-73.6473
-73.649
-73.6433
-73.6333
-73.6273
-73.6227
-73.6127
-73.5971
-73.5776
-73.5677
-73.57
-73.5692
-73.5726
-73.5746
-73.5689
-73.5604
-73.5615
-73.5673
-73.5732
-73.5776
-73.5774
-73.5696
-73.5555
-73.537
-73.5154
-73.4979
-73.4962
-73.5157
-73.5375
-73.5478
-73.5484
-73.5472
-73.5403
-73.5273
-73.5097
-73.4889
-73.4657
-73.4409
-73.4153
-73.3967
-73.3847
-73.3761
-73.3635
-73.3466
-73.334
-73.3224
-73.3069
-73.2878
-73.2658
-73.242
-73.2169
-73.1908
-73.1641
-73.137
-73.1096
-73.082
-73.0543
-73.0266
-72.9989
-72.9713
-72.9437
-72.9163
-72.8891
-72.862
-72.8352
-72.8085
-72.7821
-72.7558
-72.7299
-72.7041
-72.6786
-72.6534
-72.6284
-72.6038
-72.5902
-72.5836
-72.5744
-72.5615
-72.5457
-72.5317
-72.5316
-72.5439
-72.5528
-72.5538
-72.5482
-72.538
-72.5247
-72.5093
-72.4923
-72.4744
-72.4557
-72.4365
-72.417
-72.3972
-72.3773
-72.3573
-72.3373
-72.3173
-72.2974
-72.2776
-72.2579
-72.2383
-72.2189
-72.1996
-72.1805
-72.1615
-72.1427
-72.1242
-72.1058
-72.0876
-72.0696
-72.0518
-72.0341
-72.0167
-71.9995
-71.9825
-71.9657
-71.949
-71.9326
-71.9164
-71.9003
-71.8845
-71.8688
-71.8534
-71.8381
-71.823
-71.8081
-71.7934
-71.7788
-71.7645
-71.7503
-71.7363
-71.7225
-71.7088
-71.6954
-71.682
-71.6689
-71.6559
-71.6431
-71.6305
-71.618
-71.6057
-71.5935
-71.5815
-71.5696
-71.5579
-71.5464
-71.535
-71.5237
-71.5126
-71.5016
-71.4908
-71.4801
-71.4696
-71.4592
-71.4489
-71.4388
-71.4288
-71.4189
-71.4092
-71.3996
-71.3901
-71.3807
-71.3715
-71.3624
-71.3534
-71.3445
-71.3358
-71.3272
-71.3187
-71.3103
-71.302
-71.2939
-71.2858
-71.2779
-71.2701
-71.2623
-71.2547
-71.2472
-71.2398
-71.2325
-71.2253
-71.2182
-71.2112
-71.2043
-71.1975
-71.1907
-71.1841
-71.1776
-71.1711
-71.1648
-71.1585
-71.1523
-71.1463
-71.1402
-71.1343
-71.1285
-71.1227
-71.1171
-71.1115
-71.1059
-71.1005
-71.0951
-71.0899
-71.0846
-71.0795
-71.0744
-71.0695
-71.0645
-71.0597
-71.0549
-71.0502
-71.0456
-71.041
-71.0365
-71.032
-71.0277
-71.0234
-71.0191
-71.0149
-71.0108
-71.0067
-71.0027
-70.9988
-70.9949
-70.991
-70.9873
-70.9836
-70.9799
-70.9763
-70.9727
-70.9692
-70.9658
-70.9624
-70.959
-70.9557
-70.9525
-70.9493
-70.9461
-70.943
-70.94
-70.937
-70.934
-70.9311
-70.9282
-70.9254
-70.9226
-70.9198
-70.9171
-70.9145
-70.9119
-70.9093
-70.9067
-70.9042
-70.9018
-70.8994
-70.897
-70.8946
-70.8923
-70.8901
-70.8878
-70.8856
-70.8835
-70.8813
-70.8792
-70.8772
-70.8751
-70.8731
-70.8712
-70.8692
-70.8673
-70.8655
-70.8636
-70.8618
-70.86
-70.8583
-70.8565
-70.8548
-70.8532
-70.8515
-70.8499
-70.8483
-70.8468
-70.8452
-70.8437
-70.8422
-70.8408
-70.8394
-70.8379
-70.8366
-70.8352
-70.8339
-70.8325
-70.8312
-70.83
-70.8287
-70.8275
-70.8263
-70.8251
-70.8239
-70.8228
-70.8217
-70.8205
-70.8195
-70.8184
-70.8173
-70.8163
-70.8153
-70.8143
-70.8133
-70.8124
-70.8114
-70.8105
-70.8096
-70.8087
-70.8078
-70.807
-70.8061
-70.8053
-70.8045
-70.8037
-70.8029
-70.8021
-70.8014
-70.8006
-70.7999
-70.7992
-70.7985
-70.7978
-70.7972
-70.7965
-70.7958
-70.7952
-70.7946
-70.794
-70.7934
-70.7928
-70.7922
-70.7917
-70.7911
-70.7906
-70.79
-70.7895
-70.789
-70.7885
-70.788
-70.7875
-70.7871
-70.7866
-70.7862
-70.7857
-70.7853
-70.7849
-70.7845
-70.784
-70.7836
-70.7833
-70.7829
-70.7825
-70.7821
-70.7818
-70.7814
-70.7811
-70.7808
-70.7804
-70.7801
-70.7798
-70.7795
-70.7792
-70.7789
-70.7787
-70.7784
-70.7781
-70.7778
-70.7776
-70.7773
-70.7771
-70.7769
-70.7766
-70.7764
-70.7762
-70.776
-70.7757
-70.7755
-70.7753
-70.7751
-70.775
-70.7748
-70.7746
-70.7744
-70.7742
-70.7741
-70.7739
-70.7738
-70.7736
-70.7735
-70.7733
-70.7732
-70.773
-70.7729
-70.7728
-70.7727
-70.7725
-70.7724
-70.7723
-70.7722
-70.7721
-70.772
-70.7719
-70.7718
-70.7717
-70.7716
-70.7715
-70.7714
-70.7714
-70.7713
-70.7712
-70.7711
-70.7711
-70.771
-70.7709
-70.7709
-70.7708
-70.7708
-70.7707
-70.7707
-70.7706
-70.7706
-70.7705
-70.7705
-70.7704
-70.7704
-70.7704
-70.7703
-70.7703
-70.7703
-70.7702
-70.7702
-70.7702
-70.7702
-70.7701
-70.7701
-70.7701
-70.7701
-70.7701
-70.7701
-70.7701
-70.77
-70.77
-70.77
-70.77
-70.77
-70.77
-70.77
-70.77
-70.77
-70.77
-70.77
-70.77
-70.77
-70.77
-70.7701
-70.7701
-70.7701
-70.7701
-70.7701
-70.7701
-70.7701
-70.7701
-70.7702
-70.7702
-70.7702
-70.7702
-70.7702
-70.7702
-70.7703
-70.7703
-70.7703
-70.7703
-70.7704
-70.7704
-70.7704
-70.7704
-70.7705
-70.7705
-70.7705
-70.7705
-70.7706
-70.7706
-70.7706
-70.7706
-70.7707
-70.7707
-70.7707
-70.7708
-70.7708
-70.7708
-70.7709
-70.7709
-70.7709
-70.771
-70.771
-70.771
-70.7711
-70.7711
-70.7711
-70.7712
-70.7712
-70.7712
-70.7713
-70.7713
-70.7713
-70.7714
-70.7714
-70.7714
-70.7715
-70.7715
-70.7716
-70.7716
-70.7716
-70.7717
-70.7717
-70.7717
-70.7718
-70.7718
-70.7718
-70.7719
-70.7719
-70.772
-70.772
-70.772
-70.7721
-70.7721
-70.7721
-70.7722
-70.7722
-70.7723
-70.7723
-70.7723
-70.7724
-70.7724
-70.7724
-70.7725
-70.7725
-70.7725
-70.7726
-70.7726
-70.7727
-70.7727
-70.7727
-70.7728
-70.7728
-70.7728
-70.7729
-70.7729
-70.7729
-70.773
-70.773
-70.7731
-70.7731
-70.7731
-70.7732
-70.7732
-70.7732
-70.7733
-70.7733
-70.7733
-70.7734
-70.7734
-70.7734

