-70
-70.1661
-70.23
-70.2566
-70.2695
-70.2773
-70.283
-70.2879
-70.2925
-70.297
-70.3014
-70.3057
-70.31
-70.3142
-70.3185
-70.3226
-70.3268
-70.3309
-70.335
-70.3391
-70.3431
-70.3471
-70.351
-70.3549
-70.3588
-70.3626
-70.3664
-70.3701
-70.3738
-70.3775
-70.3811
-70.3847
-70.3883
-70.3918
-70.3953
-70.3987
-70.4021
-70.4055
-70.4088
-70.4121
-70.4154
-70.4186
-70.4218
-70.4249
-70.428
-70.4311
-70.4341
-70.4372
-70.4401
-70.4431
-70.446
-70.4489
-70.4517
-70.4545
-70.4573
-70.4601
-70.4628
-70.4655
-70.4682
-70.4708
-70.4734
-70.476
-70.4785
-70.481
-70.4835
-70.486
-70.4884
-70.4908
-70.4932
-70.4955
-70.4978
-70.5001
-70.5024
-70.5046
-70.5068
-70.509
-70.5112
-70.5133
-70.5154
-70.5175
-70.5196
-70.5216
-70.5236
-70.5256
-70.5276
-70.5295
-70.5315
-70.5334
-70.5352
-70.5371
-70.5389
-70.5407
-70.5425
-70.5443
-70.5461
-70.5478
-70.5495
-70.5512
-70.5528
-70.5545
-70.5561
-70.5577
-70.5593
-70.5609
-70.5624
-70.5639
-70.5655
-70.5669
-70.5684
-70.5699
-70.5713
-70.5727
-70.5741
-70.5755
-70.5769
-70.5782
-70.5796
-70.5809
-70.5822
-70.5835
-70.5848
-70.586
-70.5873
-70.5885
-70.5897
-70.5909
-70.5921
-70.5932
-70.5944
-70.5955
-70.5966
-70.5977
-70.5988
-70.5999
-70.601
-70.602
-70.603
-70.6041
-70.6051
-70.6061
-70.6071
-70.608
-70.609
-70.6099
-70.6109
-70.6118
-70.6127
-70.6136
-70.6145
-70.6154
-70.6162
-70.6171
-70.6179
-70.6187
-70.6196
-70.6204
-70.6212
-70.622
-70.6227
-70.6235
-70.6242
-70.625
-70.6257
-70.6265
-70.6272
-70.6279
-70.6286
-70.6293
-70.6299
-70.6306
-70.6313
-70.6319
-70.6325
-70.6332
-70.6338
-70.6344
-70.635
-70.6356
-70.6362
-70.6368
-70.6374
-70.6379
-70.6385
-70.639
-70.6396
-70.6401
-70.6406
-70.6411
-70.6417
-70.6422
-70.6427
-70.6431
-70.6436
-70.6441
-70.6446
-70.645
-70.6455
-70.6459
-70.6464
-70.6468
-70.6472
-70.6476
-70.6481
-70.6485
-70.6489
-70.6493
-70.6497
-70.65
-70.6504
-70.6508
-70.6512
-70.6515
-70.6519
-70.6522
-70.6526
-70.6529
-70.6533
-70.6536
-70.6539
-70.6542
-70.6545
-70.6549
-70.6552
-70.6555
-70.6558
-70.656
-70.6563
-70.6566
-70.6569
-70.6572
-70.6574
-70.6577
-70.658
-70.6582
-70.6585
-70.6587
-70.6589
-70.6592
-70.6594
-70.6597
-70.6599
-70.6601
-70.6603
-70.6605
-70.6607
-70.661
-70.6612
-70.6614
-70.6616
-70.6617
-70.6619
-70.6621
-70.6623
-70.6625
-70.6627
-70.6628
-70.663
-70.6632
-70.6633
-70.6635
-70.6637
-70.6638
-70.664
-70.6641
-70.6643
-70.6644
-70.6646
-70.6647
-70.6648
-70.665
-70.6651
-70.6652
-70.6653
-70.6655
-70.6656
-70.6657
-70.6658
-70.6659
-70.666
-70.6662
-70.6663
-70.6664
-70.6665
-70.6666
-70.6667
-70.6668
-70.6669
-70.667
-70.667
-70.6671
-70.6672
-70.6673
-70.6674
-70.6675
-70.6675
-70.6676
-70.6677
-70.6678
-70.6678
-70.6679
-70.668
-70.668
-70.6681
-70.6682
-70.6682
-70.6683
-70.6683
-70.6684
-70.6685
-70.6685
-70.6686
-70.6686
-70.6687
-70.6687
-70.6688
-70.6688
-70.6688
-70.6689
-70.6689
-70.669
-70.669
-70.669
-70.6691
-70.6691
-70.6691
-70.6692
-70.6692
-70.6692
-70.6693
-70.6693
-70.6693
-70.6694
-70.6694
-70.6694
-70.6694
-70.6694
-70.6695
-70.6695
-70.6695
-70.6695
-70.6695
-70.6696
-70.6696
-70.6696
-70.6696
-70.6696
-70.6696
-70.6696
-70.6697
-70.6697
-70.6697
-70.6697
-70.6697
-70.6697
-70.6697
-70.6697
-70.6697
-70.6697
-70.6697
-70.6697
-70.6697
-70.6697
-70.6697
-70.6697
-70.6697
-70.6697
-70.6697
-70.6697
-70.6697
-70.6697
-70.6697
-70.6697
-70.6697
-70.6697
-70.6697
-70.6697
-70.6697
-70.6697
-70.6697
-70.6697
-70.6697
-70.6697
-70.6697
-70.6696
-70.6696
-70.6696
-70.6696
-70.6696
-70.6696
-70.6696
-70.6696
-70.6696
-70.6695
-70.6695
-70.6695
-70.6695
-70.6695
-70.6695
-70.6695
-70.6695
-70.6694
-70.6694
-70.6694
-70.6694
-70.6694
-70.6694
-70.6693
-70.6693
-70.6693
-70.6693
-70.6693
-70.6693
-70.6693
-70.6692
-70.6692
-70.6692
-70.6692
-70.6692
-70.6691
-70.6691
-70.6691
-70.6691
-70.6691
-70.6691
-70.669
-70.669
-70.669
-70.669
-70.669
-70.6689
-70.6689
-70.6689
-70.6689
-70.6689
-70.6688
-70.6688
-70.6688
-70.6688
-70.6688
-70.6687
-70.6687
-70.6687
-70.6687
-70.6686
-70.6686
-70.6686
-70.6686
-70.6686
-70.6685
-70.6685
-70.6685
-70.6685
-70.6685
-70.6684
-70.6684
-70.6684
-70.6684
-70.6684
-70.6683
-70.6683
-70.6683
-70.6683
-70.6682
-70.6682
-70.6682
-70.6682
-70.6682
-70.6681
-70.6681
-70.6681
-70.6681
-70.6681
-70.6777
-70.8796
-71.5526
-72.478
-73.2506
-70.9709
-55.3016
-51.4483
-49.5069
-47.1631
-38.4486
-3.59182
-33.9586
-66.0143
-68.8038
-67.8286
-66.7696
-65.6878
-64.6018
-63.5293
-62.4875
-61.4921
-60.5563
-59.6277
-58.7337
-57.9635
-57.2887
-56.6955
-56.1777
-55.7282
-55.3271
-54.9805
-54.6907
-54.4504
-54.2526
-54.0904
-53.953
-53.8339
-53.7384
-53.6634
-53.6048
-53.5594
-53.5246
-53.4964
-53.4686
-53.4463
-53.4308
-53.4203
-53.4136
-53.4094
-53.4074
-53.4069
-53.4036
-53.3966
-53.392
-53.3904
-53.3907
-53.3921
-53.3943
-53.3969
-53.4
-53.4033
-53.4068
-53.4067
-53.4024
-53.397
-53.3949
-53.3949
-53.3962
-53.3982
-53.4005
-53.403
-53.4056
-53.4084
-53.4112
-53.414
-53.4169
-53.4194
-53.4217
-53.4231
-53.4136
-53.4061
-53.3992
-53.3944
-53.3919
-53.39
-53.3875
-53.3827
-53.3707
-53.3083
-53.0326
-53.0024
-53.0653
-53.1325
-53.1844
-53.2206
-53.2448
-53.2614
-53.2738
-53.2846
-53.2953
-53.3073
-53.3219
-53.3404
-53.3645
-53.3953
-53.4252
-53.4378
-53.4439
-53.4492
-53.445
-53.4409
-53.4404
-53.4425
-53.4464
-53.4518
-53.4584
-53.4663
-53.4753
-53.4855
-53.497
-53.5098
-53.524
-53.5396
-53.5569
-53.5758
-53.5966
-53.6193
-53.6442
-53.6714
-53.7011
-53.7336
-53.7692
-53.8081
-53.8505
-53.8967
-53.9471
-54.0019
-54.0614
-54.1259
-54.1959
-54.1473
-53.6192
-53.4444
-53.4038
-53.406
-53.4218
-53.4115
-53.4013
-53.4031
-53.4109
-53.4211
-53.4321
-53.4436
-53.4552
-53.4668
-53.4785
-53.4904
-53.5026
-53.5155
-53.5289
-53.5432
-53.5585
-53.5751
-53.5932
-53.6127
-53.6335
-53.656
-53.6802
-53.7066
-53.7352
-53.7665
-53.8026
-53.8422
-53.8859
-53.9329
-53.9829
-54.0364
-54.0938
-54.1557
-54.2272
-54.3046
-54.3886
-54.4791
-54.3462
-53.5684
-53.3575
-53.32
-53.3309
-53.3543
-53.3796
-53.3914
-53.3826
-53.3837
-53.3908
-53.4002
-53.4103
-53.4204
-53.4303
-53.44
-53.4496
-53.4595
-53.4696
-53.48
-53.4912
-53.5029
-53.515
-53.5279
-53.5425
-53.5581
-53.5746
-53.5927
-53.6131
-53.6348
-53.6583
-53.6849
-53.7137
-53.7443
-53.7771
-53.8131
-53.8546
-53.8994
-53.9481
-54.003
-54.0611
-54.1224
-54.1917
-54.2673
-54.3462
-54.4292
-54.5171
-54.6108
-54.7184
-54.8354
-54.966
-55.1037
-55.2449
-55.3924
-53.8786
-53.2811
-53.171
-53.1842
-53.2258
-53.2698
-53.31
-53.3459
-53.3548
-53.3549
-53.3625
-53.3735
-53.3856
-53.3974
-53.4085
-53.419
-53.429
-53.4387
-53.4483
-53.4582
-53.4694
-53.481
-53.4926
-53.5047
-53.5179
-53.5326
-53.548
-53.5644
-53.5818
-53.6009
-53.6231
-53.6488
-53.6765
-53.7057
-53.7382
-53.7745
-53.8132
-53.8544
-53.8987
-53.9465
-54.0008
-54.062
-54.1277
-54.2026
-53.6745
-53.4111
-53.3519
-53.3507
-53.3653
-53.3834
-53.4014
-53.4187
-53.4355
-53.4516
-53.4669
-53.4822
-53.4983
-53.4873
-53.4444
-53.427
-53.4233
-53.4254
-53.4301
-53.4362
-53.4434
-53.4516
-53.463
-53.4802
-53.5022
-53.5254
-53.5486
-53.5703
-53.5911
-53.6122
-53.6357
-53.6697
-53.7236
-53.7903
-53.8574
-53.9228
-53.9853
-54.0463
-54.1099
-54.1777
-54.2544
-54.3471
-54.4659
-54.6025
-54.7442
-54.8882
-55.0338
-55.1846
-55.344
-55.5123
-55.6928
-55.8962
-56.1368
-56.4101
-56.7007
-56.9997
-57.3027
-57.6142
-57.9368
-58.2681
-58.6128
-58.9805
-59.3924
-59.8483
-60.3353
-60.8263
-61.3123
-61.7917
-62.2684
-62.7391
-63.2077
-63.6798
-64.1682
-64.6925
-65.2382
-65.7959
-66.3288
-66.8299
-67.3022
-67.7487
-68.1665
-68.5633
-68.9426
-69.3267
-69.7193
-70.106
-70.4862
-70.8389
-71.1535
-71.4373
-71.6958
-71.9288
-72.1411
-72.3362
-72.5326
-72.7285
-72.9151
-73.092
-73.2573
-73.4005
-73.5246
-73.6337
-73.7313
-73.8171
-73.8927
-73.9663
-74.0413
-74.1144
-74.1829
-74.2473
-74.3063
-74.3559
-74.397
-74.4312
-74.4622
-74.4881
-74.5105
-74.5342
-74.5587
-74.5838
-74.6067
-74.6282
-74.6484
-74.6649
-74.6772
-74.6857
-74.6924
-74.6983
-74.7028
-74.7091
-74.7167
-74.7262
-74.734
-74.7412
-74.7477
-74.7532
-74.7576
-74.7591
-74.7585
-74.7573
-74.757
-74.7582
-74.7593
-74.7622
-74.7655
-74.7676
-74.7699
-74.7715
-74.7725
-74.7727
-74.7722
-74.7701
-74.7666
-74.7653
-74.766
-74.7663
-74.7675
-74.7684
-74.7677
-74.7681
-74.7686
-74.7676
-74.7661
-74.7657
-74.7643
-74.7607
-74.7592
-74.7592
-74.76
-74.7609
-74.7617
-74.7608
-74.7607
-74.7607
-74.759
-74.7562
-74.7536
-74.7531
-74.7516
-74.7498
-74.7487
-74.7478
-74.7479
-74.7478
-74.7486
-74.7484
-74.7477
-74.7477
-74.7459
-74.7433
-74.7406
-74.7387
-74.7383
-74.7381
-74.7381
-74.7375
-74.7379
-74.7381
-74.7379
-74.7384
-74.7377
-74.7365
-74.7359
-74.7343
-74.7305
-74.7268
-74.7225
-74.7201
-74.7208
-74.7226
-74.7226
-74.7211
-74.7211
-74.7204
-74.7207
-74.7202
-74.7185
-74.7201
-74.722
-74.7216
-74.7177
-74.7133
-74.7105
-74.7081
-74.7096
-74.7125
-74.7128
-74.7111
-74.7096
-74.7082
-74.7074
-74.7074
-74.7053
-74.7049
-74.7052
-74.7049
-74.7037
-74.6991
-74.6935
-74.6908
-74.6887
-74.6897
-74.6917
-74.6924
-74.6912
-74.6899
-74.6868
-74.6855
-74.6881
-74.6872
-74.6877
-74.6902
-74.6918
-74.6923
-74.692
-74.6861
-74.6802
-74.6796
-74.6808
-74.6803
-74.6792
-74.6776
-74.676
-74.6749
-74.6724
-74.6688
-74.6692
-74.6686
-74.6666
-74.6683
-74.67
-74.6697
-74.6693
-74.6671
-74.6617
-74.6579
-74.6573
-74.6606
-74.6606
-74.6553
-74.6511
-74.6488
-74.65
-74.651
-74.6489
-74.6463
-74.6481
-74.6503
-74.65
-74.6487
-74.6497
-74.6525
-74.6517
-74.6505
-74.6504
-74.6499
-74.6496
-74.6485
-74.6461
-74.641
-74.6339
-74.6283
-74.6268
-74.6278
-74.6275
-74.6237
-74.6213
-74.6227
-74.6231
-74.622
-74.6218
-74.622
-74.6225
-74.6194
-74.6164
-74.6207
-74.6263
-74.6282
-74.6275
-74.6244
-74.6166
-74.609
-74.6043
-74.5996
-74.5934
-74.593
-74.5965
-74.5967
-74.5957
-74.5948
-74.5981
-74.6011
-74.5994
-74.5974
-74.5963
-74.5957
-74.5954
-74.5939
-74.592
-74.5938
-74.6012
-74.6078
-74.6093
-74.6058
-74.5981
-74.5885
-74.5797
-74.5716
-74.5658
-74.5652
-74.5634
-74.5607
-74.5584
-74.5529
-74.5501
-74.554
-74.5588
-74.5621
-74.5654
-74.5658
-74.5591
-74.5505
-74.5484
-74.5554
-74.5595
-74.5588
-74.5626
-74.5669
-74.5728
-74.5754
-74.5709
-74.5612
-74.5497
-74.5384
-74.5263
-74.5178
-74.5143
-74.517
-74.5214
-74.5205
-74.5155
-74.5111
-74.5094
-74.5103
-74.5163
-74.522
-74.5244
-74.5252
-74.5233
-74.5175
-74.512
-74.5087
-74.5078
-74.5109
-74.5189
-74.5247
-74.5274
-74.5318
-74.5342
-74.533
-74.5256
-74.5166
-74.509
-74.5017
-74.4917
-74.4797
-74.4719
-74.4671
-74.4622
-74.4577
-74.4528
-74.4509
-74.4469
-74.4407
-74.4388
-74.4425
-74.4462
-74.4509
-74.4531
-74.4544
-74.4575
-74.4578
-74.4541
-74.4535
-74.4507
-74.4484
-74.4517
-74.4595
-74.4642
-74.466
-74.4647
-74.4642
-74.4681
-74.4702
-74.4658
-74.4616
-74.4567
-74.4517
-74.4463
-74.4361
-74.4247
-74.4198
-74.4133
-74.4057
-74.3994
-74.3952
-74.3871
-74.3764
-74.367
-74.3606
-74.3573
-74.356
-74.3547
-74.3532
-74.3563
-74.3617
-74.3678
-74.3761
-74.3815
-74.3863
-74.392
-74.3962
-74.3945
-74.3895
-74.383
-74.3804
-74.3803
-74.3808
-74.3807
-74.3789
-74.3762
-74.3723
-74.3647
-74.358
-74.3571
-74.3632
-74.3683
-74.3677
-74.3683
-74.3719
-74.3742
-74.3687
-74.3597
-74.3506
-74.3432
-74.3354
-74.3241
-74.3094
-74.2932
-74.2846
-74.2808
-74.2754
-74.2714
-74.2618
-74.2461
-74.2295
-74.2122
-74.2014
-74.1929
-74.1885
-74.1876
-74.1919
-74.2024
-74.2172
-74.2314
-74.2399
-74.25
-74.2553
-74.2608
-74.2637
-74.2596
-74.2525
-74.2447
-74.2382
-74.2343
-74.2333
-74.2306
-74.2271
-74.2238
-74.2228
-74.2235
-74.2255
-74.2234
-74.216
-74.2035
-74.1969
-74.1951
-74.1918
-74.1921
-74.2005
-74.2069
-74.2087
-74.2074
-74.2048
-74.202
-74.2072
-74.2115
-74.2102
-74.2036
-74.1963
-74.1884
-74.1809
-74.1746
-74.1639
-74.1478
-74.1328
-74.117
-74.1027
-74.0902
-74.0749
-74.0562
-74.0377
-74.0199
-73.9992
-73.9809
-73.9762
-73.9842
-73.9933
-74.0019
-74.0014
-73.9992
-73.9973
-73.9885
-73.9736
-73.965
-73.9663
-73.9711
-73.9921
-74.0171
-74.033
-74.0377
-74.0395
-74.0388
-74.0392
-74.0443
-74.0488
-74.0506
-74.0443
-74.0305
-74.0141
-74.0017
-73.9907
-73.9825
-73.9803
-73.9807
-73.9785
-73.9744
-73.9727
-73.9682
-73.9666
-73.9753
-73.9859
-73.9937
-73.9913
-73.9804
-73.972
-73.9688
-73.9702
-73.9715
-73.968
-73.96
-73.9585
-73.9611
-73.9613
-73.9639
-73.9638
-73.9618
-73.9587
-73.9536
-73.9471
-73.9401
-73.9389
-73.9366
-73.9296
-73.916
-73.8969
-73.8739
-73.8519
-73.8415
-73.8373
-73.8325
-73.8268
-73.8217
-73.8191
-73.8197
-73.834
-73.8454
-73.8458
-73.8427
-73.8418
-73.8391
-73.8297
-73.8142
-73.7994
-73.7875
-73.7738
-73.7629
-73.7553
-73.7429
-73.725
-73.7029
-73.6783
-73.6575
-73.6371
-73.614
-73.589
-73.5699
-73.5573
-73.5494
-73.5468
-73.5397
-73.5259
-73.5071
-73.4846
-73.466
-73.4564
-73.4461
-73.4308
-73.4132
-73.3997
-73.3897
-73.3805
-73.3667
-73.3539
-73.344
-73.3381
-73.3288
-73.3142
-73.3001
-73.289
-73.2746
-73.2562
-73.2465
-73.248
-73.2596
-73.2775
-73.2868
-73.2856
-73.2779
-73.2729
-73.265
-73.2587
-73.2541
-73.2613
-73.2674
-73.2651
-73.2553
-73.2401
-73.2212
-73.2022
-73.1928
-73.2067
-73.2232
-73.2292
-73.2253
-73.2143
-73.2036
-73.1959
-73.1845
-73.1731
-73.1657
-73.1575
-73.1536
-73.1506
-73.1497
-73.1454
-73.1443
-73.1396
-73.1325
-73.129
-73.1252
-73.1242
-73.1186
-73.1072
-73.0931
-73.0854
-73.0764
-73.0649
-73.0592
-73.0516
-73.0392
-73.0228
-73.0119
-73.0042
-72.9987
-72.9964
-72.9894
-72.9772
-72.9608
-72.9417
-72.9206
-72.9045
-72.8953
-72.884
-72.8766
-72.873
-72.8693
-72.8704
-72.8674
-72.8584
-72.8448
-72.8279
-72.8087
-72.788
-72.7661
-72.7435
-72.7203
-72.6967
-72.6729
-72.6489
-72.6248
-72.6007
-72.5765
-72.5525
-72.5285
-72.5046
-72.4809
-72.4574
-72.439
-72.4333
-72.4273
-72.4174
-72.404
-72.3881
-72.3706
-72.352
-72.3327
-72.3129
-72.2929
-72.2727
-72.2523
-72.232
-72.2117
-72.1915
-72.1713
-72.1513
-72.1315
-72.1117
-72.0922
-72.0728
-72.0535
-72.0345
-72.0157
-71.997
-71.9785
-71.9603
-71.9422
-71.9243
-71.9066
-71.8891
-71.8718
-71.8547
-71.8378
-71.8211
-71.8046
-71.7883
-71.7722
-71.7562
-71.7405
-71.7249
-71.7095
-71.6943
-71.6793
-71.6644
-71.6497
-71.6352
-71.6209
-71.6068
-71.5928
-71.579
-71.5654
-71.5519
-71.5386
-71.5254
-71.5124
-71.4996
-71.4869
-71.4744
-71.4621
-71.4499
-71.4378
-71.4259
-71.4141
-71.4025
-71.391
-71.3797
-71.3685
-71.3575
-71.3466
-71.3358
-71.3252
-71.3147
-71.3043
-71.2941
-71.284
-71.2741
-71.2642
-71.2545
-71.2449
-71.2355
-71.2261
-71.2169
-71.2078
-71.1988
-71.19
-71.1812
-71.1726
-71.1641
-71.1557
-71.1474
-71.1392
-71.1311
-71.1231
-71.1152
-71.1075
-71.0998
-71.0922
-71.0847
-71.0774
-71.0701
-71.0629
-71.0559
-71.0489
-71.042
-71.0352
-71.0285
-71.0219
-71.0153
-71.0089
-71.0025
-70.9963
-70.9901
-70.984
-70.978
-70.972
-70.9662
-70.9604
-70.9547
-70.9491
-70.9436
-70.9381
-70.9327
-70.9274
-70.9222
-70.917
-70.912
-70.9069
-70.902
-70.8971
-70.8923
-70.8876
-70.8829
-70.8783
-70.8737
-70.8693
-70.8649
-70.8605
-70.8562
-70.852
-70.8478
-70.8437
-70.8397
-70.8357
-70.8318
-70.8279
-70.8241
-70.8203
-70.8166
-70.813
-70.8094
-70.8059
-70.8024
-70.799
-70.7956
-70.7922
-70.789
-70.7857
-70.7826
-70.7794
-70.7763
-70.7733
-70.7703
-70.7674
-70.7645
-70.7616
-70.7588
-70.756
-70.7533
-70.7506
-70.748
-70.7454
-70.7428
-70.7403
-70.7378
-70.7354
-70.733
-70.7306
-70.7283
-70.726
-70.7238
-70.7216
-70.7194
-70.7173
-70.7152
-70.7131
-70.7111
-70.7091
-70.7071
-70.7052
-70.7033
-70.7014
-70.6996
-70.6978
-70.696
-70.6943
-70.6925
-70.6909
-70.6892
-70.6876
-70.686
-70.6844
-70.6829
-70.6814
-70.6799
-70.6784
-70.677
-70.6756
-70.6742
-70.6728
-70.6715
-70.6702
-70.6689
-70.6677
-70.6664
-70.6652
-70.664
-70.6629
-70.6617
-70.6606
-70.6595
-70.6584
-70.6574
-70.6563
-70.6553
-70.6543
-70.6533
-70.6524
-70.6515
-70.6505
-70.6496
-70.6488
-70.6479
-70.6471
-70.6462
-70.6454
-70.6446
-70.6439
-70.6431
-70.6424
-70.6416
-70.6409
-70.6402
-70.6396
-70.6389
-70.6383
-70.6376
-70.637
-70.6364
-70.6358
-70.6353
-70.6347
-70.6342
-70.6336
-70.6331
-70.6326
-70.6321
-70.6316
-70.6312
-70.6307
-70.6303
-70.6299
-70.6294
-70.629
-70.6286
-70.6282
-70.6279
-70.6275
-70.6272
-70.6268
-70.6265
-70.6262
-70.6259
-70.6256
-70.6253
-70.625
-70.6247
-70.6245
-70.6242
-70.624
-70.6237
-70.6235
-70.6233
-70.6231
-70.6229
-70.6227
-70.6225
-70.6223
-70.6222
-70.622
-70.6218
-70.6217
-70.6215
-70.6214
-70.6213
-70.6212
-70.6211
-70.621
-70.6209
-70.6208
-70.6207
-70.6206
-70.6205
-70.6205
-70.6204
-70.6203
-70.6203
-70.6202
-70.6202
-70.6202
-70.6201
-70.6201
-70.6201
-70.6201
-70.6201
-70.6201
-70.6201
-70.6201
-70.6201
-70.6201
-70.6201
-70.6201
-70.6202
-70.6202
-70.6202
-70.6203
-70.6203
-70.6204
-70.6204
-70.6205
-70.6205
-70.6206
-70.6207
-70.6207
-70.6208
-70.6209
-70.6209
-70.621
-70.6211
-70.6212
-70.6213
-70.6214
-70.6215
-70.6216
-70.6217
-70.6218
-70.6219
-70.622
-70.6221
-70.6222
-70.6223
-70.6224
-70.6225
-70.6227
-70.6228
-70.6229
-70.623
-70.6232
-70.6233
-70.6234
-70.6236
-70.6237
-70.6238
-70.624
-70.6241
-70.6243
-70.6244
-70.6245
-70.6247
-70.6248
-70.625
-70.6251
-70.6253
-70.6254
-70.6256
-70.6258
-70.6259
-70.6261
-70.6262
-70.6264
-70.6265
-70.6267
-70.6269
-70.627
-70.6272
-70.6274
-70.6275
-70.6277
-70.6278
-70.628
-70.6282
-70.6284
-70.6285
-70.6287
-70.6289
-70.629
-70.6292
-70.6294
-70.6295
-70.6297
-70.6299
-70.6301
-70.6302
-70.6304
-70.6306
-70.6307
-70.6309
-70.6311
-70.6313
-70.6314
-70.6316
-70.6318
-70.632
-70.6321
-70.6323
-70.6325
-70.6327
-70.6328
-70.633
-70.6332
-70.6334
-70.6335
-70.6337
-70.6339
-70.6341
-70.6342
-70.6344
-70.6346
-70.6347
-70.6349
-70.6351
-70.6353
-70.6354
-70.6356
-70.6358
-70.6359
-70.6361
-70.6363
-70.6365
-70.6366
-70.6368
-70.637
-70.6371
-70.6373
-70.6375
-70.6376
-70.6378
-70.638
-70.6381
-70.6383
-70.6385
-70.6386
-70.6388
-70.639
-70.6391
-70.6393
-70.6395
-70.6396
-70.6398
-70.6399
-70.6401
-70.6403
-70.6404
-70.6406
-70.6407
-70.6409
-70.6411
-70.6412
-70.6414
-70.6415
-70.6417
-70.6418
-70.642
-70.6421
-70.6423
-70.6424
-70.6426
-70.6427
-70.6429
-70.643
-70.6432
-70.6433
-70.6435
-70.6436
-70.6438
-70.6439
-70.6441

