-70
-70.2123
-70.2926
-70.3252
-70.3404
-70.3491
-70.3555
-70.3609
-70.3659
-70.3708
-70.3757
-70.3805
-70.3853
-70.39
-70.3948
-70.3995
-70.4042
-70.4088
-70.4134
-70.4179
-70.4224
-70.4269
-70.4313
-70.4357
-70.44
-70.4443
-70.4485
-70.4527
-70.4569
-70.461
-70.465
-70.469
-70.473
-70.4769
-70.4808
-70.4846
-70.4884
-70.4921
-70.4958
-70.4995
-70.5031
-70.5067
-70.5102
-70.5137
-70.5172
-70.5206
-70.524
-70.5273
-70.5306
-70.5339
-70.5371
-70.5403
-70.5434
-70.5465
-70.5496
-70.5526
-70.5556
-70.5586
-70.5615
-70.5644
-70.5673
-70.5701
-70.5729
-70.5757
-70.5784
-70.5811
-70.5838
-70.5864
-70.589
-70.5916
-70.5941
-70.5966
-70.5991
-70.6016
-70.604
-70.6064
-70.6087
-70.6111
-70.6134
-70.6157
-70.6179
-70.6201
-70.6223
-70.6245
-70.6266
-70.6287
-70.6308
-70.6329
-70.6349
-70.6369
-70.6389
-70.6409
-70.6428
-70.6448
-70.6466
-70.6485
-70.6503
-70.6522
-70.654
-70.6557
-70.6575
-70.6592
-70.6609
-70.6626
-70.6643
-70.6659
-70.6675
-70.6691
-70.6707
-70.6723
-70.6738
-70.6754
-70.6769
-70.6783
-70.6798
-70.6812
-70.6827
-70.6841
-70.6855
-70.6868
-70.6882
-70.6895
-70.6908
-70.6921
-70.6934
-70.6947
-70.6959
-70.6972
-70.6984
-70.6996
-70.7008
-70.702
-70.7031
-70.7042
-70.7054
-70.7065
-70.7076
-70.7087
-70.7097
-70.7108
-70.7118
-70.7128
-70.7138
-70.7148
-70.7158
-70.7168
-70.7177
-70.7187
-70.7196
-70.7205
-70.7214
-70.7223
-70.7232
-70.7241
-70.7249
-70.7258
-70.7266
-70.7274
-70.7282
-70.729
-70.7298
-70.7306
-70.7314
-70.7321
-70.7329
-70.7336
-70.7343
-70.735
-70.7357
-70.7364
-70.7371
-70.7378
-70.7384
-70.7391
-70.7397
-70.7404
-70.741
-70.7416
-70.7422
-70.7428
-70.7434
-70.744
-70.7446
-70.7451
-70.7457
-70.7462
-70.7468
-70.7473
-70.7478
-70.7484
-70.7489
-70.7494
-70.7499
-70.7504
-70.7508
-70.7513
-70.7518
-70.7522
-70.7527
-70.7531
-70.7536
-70.754
-70.7544
-70.7549
-70.7553
-70.7557
-70.7561
-70.7565
-70.7569
-70.7573
-70.7576
-70.758
-70.7584
-70.7587
-70.7591
-70.7594
-70.7598
-70.7601
-70.7605
-70.7608
-70.7611
-70.7614
-70.7617
-70.7621
-70.7624
-70.7627
-70.763
-70.7632
-70.7635
-70.7638
-70.7641
-70.7644
-70.7646
-70.7649
-70.7651
-70.7654
-70.7656
-70.7659
-70.7661
-70.7664
-70.7666
-70.7668
-70.7671
-70.7673
-70.7675
-70.7677
-70.7679
-70.7681
-70.7684
-70.7686
-70.7688
-70.769
-70.7691
-70.7693
-70.7695
-70.7697
-70.7699
-70.7701
-70.7702
-70.7704
-70.7706
-70.7707
-70.7709
-70.7711
-70.7712
-70.7714
-70.7715
-70.7717
-70.7718
-70.772
-70.7721
-70.7722
-70.7724
-70.7725
-70.7726
-70.7728
-70.7729
-70.773
-70.7731
-70.7733
-70.7734
-70.7735
-70.7736
-70.7737
-70.7738
-70.7739
-70.774
-70.7741
-70.7742
-70.7743
-70.7744
-70.7745
-70.7746
-70.7747
-70.7748
-70.7749
-70.775
-70.7751
-70.7751
-70.7752
-70.7753
-70.7754
-70.7755
-70.7755
-70.7756
-70.7757
-70.7758
-70.7758
-70.7759
-70.776
-70.776
-70.7761
-70.7762
-70.7762
-70.7763
-70.7763
-70.7764
-70.7765
-70.7765
-70.7766
-70.7766
-70.7767
-70.7767
-70.7768
-70.7768
-70.7769
-70.7769
-70.777
-70.777
-70.7771
-70.7771
-70.7771
-70.7772
-70.7772
-70.7773
-70.7773
-70.7773
-70.7774
-70.7774
-70.7774
-70.7775
-70.7775
-70.7775
-70.7776
-70.7776
-70.7776
-70.7777
-70.7777
-70.7777
-70.7777
-70.7778
-70.7778
-70.7778
-70.7778
-70.7779
-70.7779
-70.7779
-70.7779
-70.778
-70.778
-70.778
-70.778
-70.778
-70.7781
-70.7781
-70.7781
-70.7781
-70.7781
-70.7781
-70.7782
-70.7782
-70.7782
-70.7782
-70.7782
-70.7782
-70.7782
-70.7783
-70.7783
-70.7783
-70.7783
-70.7783
-70.7783
-70.7783
-70.7783
-70.7783
-70.7783
-70.7784
-70.7784
-70.7784
-70.7784
-70.7784
-70.7784
-70.7784
-70.7784
-70.7784
-70.7784
-70.7784
-70.7784
-70.7784
-70.7784
-70.7784
-70.7784
-70.7784
-70.7784
-70.7784
-70.7785
-70.7785
-70.7785
-70.7785
-70.7785
-70.7785
-70.7785
-70.7785
-70.7785
-70.7785
-70.7785
-70.7785
-70.7785
-70.7785
-70.7785
-70.7785
-70.7785
-70.7785
-70.7785
-70.7785
-70.7785
-70.7785
-70.7785
-70.7785
-70.7785
-70.7785
-70.7785
-70.7785
-70.7785
-70.7785
-70.7785
-70.7784
-70.7784
-70.7784
-70.7784
-70.7784
-70.7784
-70.7784
-70.7784
-70.7784
-70.7784
-70.7784
-70.7784
-70.7784
-70.7784
-70.7784
-70.7784
-70.7784
-70.7784
-70.7784
-70.7784
-70.7784
-70.7784
-70.7784
-70.7784
-70.7784
-70.7784
-70.7784
-70.7784
-70.7784
-70.7783
-70.7783
-70.7783
-70.7783
-70.7783
-70.7783
-70.7783
-70.7832
-71.0051
-71.7946
-72.7673
-73.5203
-73.9711
-74.1994
-74.3068
-74.3574
-74.3815
-74.4001
-74.44
-74.5034
-74.5713
-74.6269
-74.659
-74.6739
-74.6777
-74.6744
-74.667
-74.6587
-74.6634
-74.6871
-74.7187
-74.7484
-74.7655
-74.7698
-74.7658
-74.757
-74.7453
-74.7315
-74.7159
-74.6989
-74.6804
-74.6606
-74.6394
-74.617
-74.5933
-74.5685
-74.5425
-74.5155
-74.4875
-74.4585
-74.4287
-74.3981
-74.3667
-74.3347
-74.3022
-74.2691
-74.2356
-74.2017
-74.1675
-74.133
-74.0984
-74.0635
-74.0286
-73.9937
-73.9587
-73.9237
-73.8887
-73.8539
-73.8192
-73.7846
-73.7501
-73.7158
-73.6818
-73.6479
-73.6142
-73.5808
-73.5477
-73.5148
-73.4821
-73.4498
-73.4177
-73.3859
-73.3544
-73.3232
-73.2922
-73.2616
-73.2313
-73.2012
-73.1715
-73.142
-73.1128
-73.084
-73.0554
-73.0271
-72.9991
-72.9714
-72.944
-72.9169
-72.89
-72.8635
-72.8372
-72.8112
-72.7855
-72.76
-72.7349
-72.71
-72.6854
-72.661
-72.6369
-72.6131
-72.5895
-72.5662
-72.5432
-72.5204
-72.4979
-72.4756
-72.4535
-72.4318
-72.4102
-72.389
-72.3679
-72.3471
-72.3266
-72.3063
-72.2862
-72.2663
-72.2467
-72.2273
-72.2082
-72.1892
-72.1705
-72.152
-72.1337
-72.1156
-72.0977
-72.0801
-72.0626
-72.0454
-72.0283
-72.0115
-71.9949
-71.9784
-71.9622
-71.9461
-71.9302
-71.9145
-71.899
-71.8837
-71.8686
-71.8536
-71.8389
-71.8243
-71.8099
-71.7956
-71.7816
-71.7677
-71.7539
-71.7404
-71.727
-71.7137
-71.7007
-71.6878
-71.675
-71.6624
-71.65
-71.6377
-71.6255
-71.6136
-71.6017
-71.59
-71.5785
-71.5671
-71.5558
-71.5447
-71.5337
-71.5229
-71.5122
-71.5016
-71.5018
-71.5153
-71.5262
-71.5315
-71.5324
-71.5301
-71.5257
-71.5199
-71.513
-71.5055
-71.5013
-71.5174
-71.5462
-71.5684
-71.5818
-71.5884
-71.5902
-71.5888
-71.5851
-71.5798
-71.5735
-71.578
-71.597
-71.6133
-71.6227
-71.6265
-71.6262
-71.6232
-71.6184
-71.6121
-71.605
-71.5981
-71.609
-71.627
-71.6394
-71.6455
-71.6469
-71.6449
-71.6406
-71.6348
-71.6279
-71.6201
-71.6133
-71.6255
-71.6438
-71.6563
-71.6623
-71.6636
-71.6615
-71.6572
-71.6512
-71.6442
-71.6364
-71.6292
-71.6366
-71.6546
-71.6685
-71.6758
-71.6779
-71.6764
-71.6724
-71.6667
-71.6598
-71.652
-71.6437
-71.6423
-71.6557
-71.6724
-71.6833
-71.6882
-71.6886
-71.6859
-71.6811
-71.6747
-71.6674
-71.6593
-71.652
-71.6545
-71.6665
-71.6819
-71.6921
-71.6964
-71.6965
-71.6936
-71.6885
-71.6821
-71.6746
-71.6665
-71.659
-71.6617
-71.6692
-71.6837
-71.6953
-71.7011
-71.7021
-71.6999
-71.6954
-71.6893
-71.6821
-71.6821
-71.6893
-71.7032
-71.7141
-71.7194
-71.7201
-71.7176
-71.7128
-71.7065
-71.6991
-71.6935
-71.6969
-71.7031
-71.7155
-71.7253
-71.7298
-71.73
-71.727
-71.7219
-71.7153
-71.7077
-71.7
-71.7015
-71.7058
-71.7109
-71.7221
-71.7305
-71.755
-71.8008
-71.8377
-71.8613
-71.8745
-71.8805
-71.9026
-72.0377
-72.2955
-72.5756
-72.8844
-73.1728
-73.3688
-73.4847
-73.5506
-73.5984
-73.673
-73.8252
-74.0103
-74.1759
-74.3068
-74.3946
-74.4429
-74.4653
-74.4759
-74.4865
-74.5112
-74.5566
-74.6169
-74.6656
-74.6962
-74.7136
-74.7199
-74.7182
-74.7139
-74.7089
-74.7096
-74.7213
-74.7425
-74.7625
-74.7753
-74.7816
-74.7821
-74.7775
-74.7696
-74.7598
-74.7519
-74.7511
-74.76
-74.774
-74.7837
-74.7885
-74.7891
-74.7857
-74.7792
-74.7708
-74.7604
-74.7542
-74.7556
-74.7652
-74.7762
-74.7826
-74.7851
-74.7844
-74.7806
-74.7747
-74.7662
-74.7562
-74.7512
-74.7538
-74.7635
-74.7731
-74.7791
-74.7808
-74.78
-74.7763
-74.7708
-74.7627
-74.7536
-74.7484
-74.7502
-74.7595
-74.7683
-74.7734
-74.7748
-74.7739
-74.7713
-74.767
-74.7607
-74.7532
-74.7481
-74.7474
-74.7542
-74.7619
-74.7666
-74.7687
-74.7679
-74.7661
-74.7636
-74.7597
-74.7536
-74.7474
-74.7443
-74.7461
-74.7538
-74.7593
-74.762
-74.7624
-74.7613
-74.7599
-74.7574
-74.753
-74.7474
-74.7428
-74.7409
-74.7427
-74.7498
-74.7558
-74.7577
-74.7578
-74.756
-74.7532
-74.7509
-74.747
-74.742
-74.7382
-74.7365
-74.7383
-74.7435
-74.7506
-74.7536
-74.7526
-74.751
-74.7484
-74.7448
-74.7414
-74.7379
-74.7343
-74.7324
-74.7334
-74.7366
-74.7414
-74.7464
-74.749
-74.7472
-74.7443
-74.7421
-74.7381
-74.7327
-74.7299
-74.7277
-74.7264
-74.7276
-74.73
-74.734
-74.7385
-74.7429
-74.7434
-74.7401
-74.7375
-74.7357
-74.7305
-74.7244
-74.722
-74.7207
-74.7213
-74.7219
-74.724
-74.7279
-74.7307
-74.7351
-74.7374
-74.7351
-74.7303
-74.7266
-74.723
-74.7175
-74.7129
-74.7117
-74.7141
-74.7157
-74.7163
-74.7186
-74.7225
-74.7248
-74.7285
-74.7315
-74.7307
-74.726
-74.7198
-74.7134
-74.7089
-74.7041
-74.7017
-74.7048
-74.7075
-74.7086
-74.71
-74.7112
-74.7125
-74.715
-74.7182
-74.721
-74.721
-74.7159
-74.7089
-74.7032
-74.6988
-74.6951
-74.6943
-74.6972
-74.7008
-74.7025
-74.7039
-74.7047
-74.7037
-74.7047
-74.7077
-74.7102
-74.7104
-74.7076
-74.7011
-74.6956
-74.6926
-74.6887
-74.6866
-74.6845
-74.684
-74.6856
-74.6886
-74.6906
-74.6909
-74.6923
-74.6917
-74.6935
-74.6974
-74.6986
-74.697
-74.6923
-74.6868
-74.6856
-74.6847
-74.6842
-74.6815
-74.6788
-74.6762
-74.6743
-74.6754
-74.6788
-74.6799
-74.6783
-74.6769
-74.6789
-74.6805
-74.6824
-74.6816
-74.6794
-74.6746
-74.6708
-74.6698
-74.6703
-74.6697
-74.6681
-74.6649
-74.662
-74.6584
-74.6575
-74.6603
-74.6622
-74.6615
-74.6599
-74.66
-74.6634
-74.6661
-74.6675
-74.6666
-74.6656
-74.6651
-74.6612
-74.6583
-74.6587
-74.6607
-74.6578
-74.6536
-74.6507
-74.6474
-74.6436
-74.6434
-74.6441
-74.6422
-74.6388
-74.6366
-74.6354
-74.6372
-74.6406
-74.6417
-74.6429
-74.6417
-74.6428
-74.6439
-74.6433
-74.6411
-74.6388
-74.637
-74.6344
-74.6328
-74.6302
-74.6269
-74.6229
-74.6207
-74.6214
-74.6219
-74.6187
-74.6154
-74.6148
-74.6142
-74.615
-74.6153
-74.6175
-74.6211
-74.6228
-74.6232
-74.6248
-74.6277
-74.6294
-74.6281
-74.6238
-74.6187
-74.6134
-74.6117
-74.6086
-74.6047
-74.6016
-74.6
-74.596
-74.5906
-74.5856
-74.5838
-74.5811
-74.5771
-74.5737
-74.5734
-74.5763
-74.5796
-74.5817
-74.5838
-74.5875
-74.5913
-74.5936
-74.5955
-74.5986
-74.5998
-74.5951
-74.589
-74.5835
-74.5815
-74.5815
-74.5803
-74.5765
-74.5681
-74.5596
-74.5563
-74.5558
-74.5573
-74.5542
-74.5498
-74.544
-74.5374
-74.531
-74.5274
-74.5356
-74.542
-74.5463
-74.5513
-74.5548
-74.5582
-74.5591
-74.5633
-74.5719
-74.5746
-74.5701
-74.563
-74.5538
-74.5462
-74.5444
-74.545
-74.5435
-74.5407
-74.5401
-74.5384
-74.5336
-74.5267
-74.5169
-74.5059
-74.5022
-74.4997
-74.4938
-74.485
-74.4739
-74.4644
-74.462
-74.4616
-74.4617
-74.4648
-74.4668
-74.4714
-74.4817
-74.4955
-74.5066
-74.5128
-74.5162
-74.5181
-74.5193
-74.5169
-74.515
-74.5113
-74.5071
-74.5009
-74.4957
-74.4911
-74.4841
-74.4776
-74.4759
-74.4722
-74.4627
-74.4579
-74.4635
-74.469
-74.4654
-74.4574
-74.45
-74.4402
-74.4289
-74.4159
-74.4053
-74.3967
-74.3857
-74.371
-74.3604
-74.3585
-74.3628
-74.3805
-74.3988
-74.4101
-74.4144
-74.4214
-74.434
-74.4464
-74.4527
-74.4564
-74.4607
-74.4605
-74.4566
-74.4515
-74.4506
-74.4482
-74.4414
-74.4316
-74.4293
-74.4306
-74.429
-74.4233
-74.4158
-74.4074
-74.4006
-74.3934
-74.3861
-74.3805
-74.3716
-74.3654
-74.3617
-74.36
-74.3584
-74.357
-74.3549
-74.3505
-74.3421
-74.3297
-74.3177
-74.3087
-74.2987
-74.283
-74.2638
-74.243
-74.2247
-74.2118
-74.2056
-74.21
-74.2233
-74.2431
-74.2559
-74.2683
-74.2803
-74.2878
-74.2969
-74.306
-74.3193
-74.3324
-74.3383
-74.3369
-74.3303
-74.3259
-74.3234
-74.322
-74.3219
-74.3182
-74.3136
-74.3092
-74.308
-74.3054
-74.2955
-74.2814
-74.2657
-74.2535
-74.2449
-74.2478
-74.2535
-74.2591
-74.26
-74.2607
-74.2611
-74.2595
-74.2562
-74.2548
-74.2499
-74.2379
-74.2198
-74.2017
-74.1883
-74.1753
-74.1659
-74.1621
-74.1602
-74.161
-74.1603
-74.1527
-74.1435
-74.1319
-74.1173
-74.1043
-74.0887
-74.0722
-74.0562
-74.0423
-74.0298
-74.0187
-74.0107
-74.0044
-73.9938
-73.9868
-73.9867
-73.999
-74.0126
-74.0371
-74.06
-74.0783
-74.0874
-74.0893
-74.0865
-74.0774
-74.0771
-74.0859
-74.1037
-74.1201
-74.1287
-74.1352
-74.1428
-74.1446
-74.1371
-74.1225
-74.1033
-74.0878
-74.0772
-74.0731
-74.0735
-74.0774
-74.0786
-74.0776
-74.076
-74.0744
-74.078
-74.0799
-74.0756
-74.071
-74.0699
-74.0704
-74.0668
-74.0579
-74.0502
-74.0491
-74.0469
-74.0374
-74.0212
-74.0006
-73.9811
-73.9712
-73.9649
-73.9529
-73.9379
-73.9316
-73.9277
-73.9301
-73.9285
-73.9255
-73.9222
-73.9214
-73.9259
-73.9385
-73.9542
-73.9628
-73.9614
-73.9581
-73.9566
-73.955
-73.9477
-73.9336
-73.9145
-73.894
-73.8751
-73.8566
-73.8445
-73.8309
-73.8152
-73.8002
-73.7866
-73.7714
-73.7519
-73.7289
-73.7089
-73.6895
-73.6672
-73.6459
-73.6284
-73.6207
-73.6213
-73.6166
-73.6092
-73.6012
-73.5952
-73.5917
-73.5848
-73.5839
-73.5825
-73.5781
-73.5734
-73.5752
-73.5755
-73.5723
-73.5673
-73.5566
-73.5404
-73.5203
-73.5008
-73.4851
-73.4674
-73.4464
-73.4243
-73.4079
-73.3938
-73.3836
-73.3702
-73.3524
-73.3313
-73.3078
-73.2876
-73.2725
-73.2554
-73.2413
-73.2325
-73.2382
-73.2526
-73.2669
-73.2747
-73.273
-73.2637
-73.249
-73.2367
-73.2446
-73.2545
-73.2556
-73.2485
-73.2355
-73.2183
-73.1983
-73.1764
-73.153
-73.1292
-73.1195
-73.1232
-73.1308
-73.1418
-73.1634
-73.1826
-73.1905
-73.1883
-73.1833
-73.1811
-73.1828
-73.1826
-73.1761
-73.1639
-73.1549
-73.1598
-73.1617
-73.1562
-73.1447
-73.1316
-73.1247
-73.116
-73.1028
-73.0859
-73.0664
-73.045
-73.0261
-73.0156
-73.0039
-72.9886
-72.9704
-72.9499
-72.928
-72.9092
-72.8995
-72.8968
-72.8972
-72.8923
-72.8819
-72.8673
-72.8498
-72.8304
-72.8097
-72.788
-72.7657
-72.743
-72.72
-72.6969
-72.6839
-72.6772
-72.6678
-72.6546
-72.6386
-72.6206
-72.6014
-72.5812
-72.5605
-72.5394
-72.5181
-72.4966
-72.4752
-72.4537
-72.4323
-72.411
-72.3898
-72.3687
-72.3478
-72.3271
-72.3065
-72.2861
-72.266
-72.246
-72.2262
-72.2066
-72.1873
-72.1681
-72.1492
-72.1304
-72.1119
-72.0936
-72.0755
-72.0576
-72.0399
-72.0225
-72.0052
-71.9881
-71.9713
-71.9546
-71.9381
-71.9219
-71.9058
-71.89
-71.8743
-71.8588
-71.8435
-71.8284
-71.8135
-71.7988
-71.7842
-71.7698
-71.7556
-71.7416
-71.7278
-71.7141
-71.7006
-71.6873
-71.6742
-71.6612
-71.6484
-71.6357
-71.6232
-71.6109
-71.5987
-71.5866
-71.5748
-71.5631
-71.5515
-71.5401
-71.5288
-71.5177
-71.5067
-71.4958
-71.4851
-71.4746
-71.4642
-71.4539
-71.4437
-71.4337
-71.4238
-71.414
-71.4044
-71.3949
-71.3855
-71.3763
-71.3671
-71.3581
-71.3492
-71.3405
-71.3318
-71.3233
-71.3149
-71.3066
-71.2984
-71.2903
-71.2824
-71.2745
-71.2668
-71.2592
-71.2516
-71.2442
-71.2369
-71.2296
-71.2225
-71.2155
-71.2085
-71.2017
-71.1949
-71.1883
-71.1817
-71.1753
-71.1689
-71.1626
-71.1564
-71.1503
-71.1442
-71.1383
-71.1324
-71.1266
-71.1209
-71.1153
-71.1097
-71.1043
-71.0989
-71.0936
-71.0883
-71.0832
-71.0781
-71.0731
-71.0681
-71.0633
-71.0585
-71.0537
-71.0491
-71.0445
-71.0399
-71.0354
-71.031
-71.0267
-71.0224
-71.0182
-71.0141
-71.01
-71.0059
-71.002
-70.998
-70.9942
-70.9904
-70.9866
-70.9829
-70.9793
-70.9757
-70.9722
-70.9687
-70.9653
-70.9619
-70.9586
-70.9553
-70.9521
-70.9489
-70.9458
-70.9427
-70.9397
-70.9367
-70.9338
-70.9309
-70.928
-70.9252
-70.9224
-70.9197
-70.917
-70.9144
-70.9118
-70.9092
-70.9067
-70.9042
-70.9018
-70.8994
-70.897
-70.8947
-70.8924
-70.8901
-70.8879
-70.8857
-70.8836
-70.8814
-70.8793
-70.8773
-70.8753
-70.8733
-70.8713
-70.8694
-70.8675
-70.8657
-70.8638
-70.862
-70.8602
-70.8585
-70.8568
-70.8551
-70.8534
-70.8518
-70.8502
-70.8486
-70.8471
-70.8455
-70.844
-70.8426
-70.8411
-70.8397
-70.8383
-70.8369
-70.8355
-70.8342
-70.8329
-70.8316
-70.8303
-70.8291
-70.8279
-70.8267
-70.8255
-70.8243
-70.8232
-70.8221
-70.8209
-70.8199
-70.8188
-70.8178
-70.8167
-70.8157
-70.8147
-70.8138
-70.8128
-70.8119
-70.8109
-70.81
-70.8091
-70.8083
-70.8074
-70.8066
-70.8057
-70.8049
-70.8041
-70.8033
-70.8026
-70.8018
-70.8011
-70.8004
-70.7997
-70.799
-70.7983
-70.7976
-70.7969
-70.7963
-70.7957
-70.795
-70.7944
-70.7938
-70.7932
-70.7927
-70.7921
-70.7915
-70.791
-70.7905
-70.79
-70.7894
-70.7889
-70.7885
-70.788
-70.7875
-70.787
-70.7866
-70.7862
-70.7857
-70.7853
-70.7849
-70.7845
-70.7841
-70.7837
-70.7833
-70.7829
-70.7826
-70.7822
-70.7819
-70.7815
-70.7812
-70.7809
-70.7805
-70.7802
-70.7799
-70.7796
-70.7793
-70.7791
-70.7788
-70.7785
-70.7782
-70.778
-70.7777
-70.7775
-70.7772
-70.777
-70.7768
-70.7766
-70.7763
-70.7761
-70.7759
-70.7757
-70.7755
-70.7753
-70.7751
-70.775
-70.7748
-70.7746
-70.7744
-70.7743
-70.7741
-70.774
-70.7738
-70.7737
-70.7735
-70.7734
-70.7732
-70.7731
-70.773
-70.7729
-70.7727
-70.7726
-70.7725
-70.7724
-70.7723
-70.7722
-70.7721
-70.772
-70.7719
-70.7718
-70.7717
-70.7717
-70.7716
-70.7715
-70.7714
-70.7714
-70.7713
-70.7712
-70.7712
-70.7711
-70.771
-70.771
-70.7709
-70.7709
-70.7708
-70.7708
-70.7707
-70.7707
-70.7707
-70.7706
-70.7706
-70.7706
-70.7705
-70.7705
-70.7705
-70.7704
-70.7704
-70.7704
-70.7704
-70.7704
-70.7703
-70.7703
-70.7703
-70.7703
-70.7703
-70.7703
-70.7703
-70.7703
-70.7703
-70.7702
-70.7702
-70.7702
-70.7702
-70.7702
-70.7702
-70.7702
-70.7703
-70.7703
-70.7703
-70.7703
-70.7703
-70.7703
-70.7703
-70.7703
-70.7703
-70.7703
-70.7704
-70.7704
-70.7704
-70.7704
-70.7704
-70.7704
-70.7705
-70.7705
-70.7705
-70.7705
-70.7705
-70.7706
-70.7706
-70.7706
-70.7706
-70.7706
-70.7707
-70.7707
-70.7707
-70.7708
-70.7708
-70.7708
-70.7708
-70.7709
-70.7709
-70.7709
-70.7709
-70.771
-70.771
-70.771
-70.7711
-70.7711
-70.7711
-70.7712
-70.7712
-70.7712
-70.7713
-70.7713
-70.7713
-70.7714
-70.7714
-70.7714
-70.7715
-70.7715
-70.7715
-70.7716
-70.7716
-70.7716
-70.7717
-70.7717
-70.7717
-70.7718
-70.7718
-70.7718
-70.7719
-70.7719
-70.772
-70.772
-70.772
-70.7721
-70.7721
-70.7721
-70.7722
-70.7722
-70.7722
-70.7723
-70.7723
-70.7723
-70.7724
-70.7724
-70.7725
-70.7725
-70.7725
-70.7726
-70.7726
-70.7726
-70.7727
-70.7727
-70.7727
-70.7728
-70.7728
-70.7728
-70.7729
-70.7729
-70.773
-70.773
-70.773
-70.7731
-70.7731
-70.7731
-70.7732
-70.7732
-70.7732
-70.7733
-70.7733
-70.7733
-70.7734
-70.7734
-70.7734
-70.7735
-70.7735
-70.7735
-70.7736
-70.7736

