-70
-70.1661
-70.23
-70.2566
-70.2695
-70.2773
-70.283
-70.2879
-70.2925
-70.297
-70.3014
-70.3057
-70.31
-70.3142
-70.3185
-70.3226
-70.3268
-70.3309
-70.335
-70.3391
-70.3431
-70.3471
-70.351
-70.3549
-70.3588
-70.3626
-70.3664
-70.3701
-70.3738
-70.3775
-70.3811
-70.3847
-70.3883
-70.3918
-70.3953
-70.3987
-70.4021
-70.4055
-70.4088
-70.4121
-70.4154
-70.4186
-70.4218
-70.4249
-70.428
-70.4311
-70.4341
-70.4372
-70.4401
-70.4431
-70.446
-70.4489
-70.4517
-70.4545
-70.4573
-70.4601
-70.4628
-70.4655
-70.4682
-70.4708
-70.4734
-70.476
-70.4785
-70.481
-70.4835
-70.486
-70.4884
-70.4908
-70.4932
-70.4955
-70.4978
-70.5001
-70.5024
-70.5046
-70.5068
-70.509
-70.5112
-70.5133
-70.5154
-70.5175
-70.5196
-70.5216
-70.5236
-70.5256
-70.5276
-70.5295
-70.5315
-70.5334
-70.5352
-70.5371
-70.5389
-70.5407
-70.5425
-70.5443
-70.5461
-70.5478
-70.5495
-70.5512
-70.5528
-70.5545
-70.5561
-70.5577
-70.5593
-70.5609
-70.5624
-70.5639
-70.5655
-70.5669
-70.5684
-70.5699
-70.5713
-70.5727
-70.5741
-70.5755
-70.5769
-70.5782
-70.5796
-70.5809
-70.5822
-70.5835
-70.5848
-70.586
-70.5873
-70.5885
-70.5897
-70.5909
-70.5921
-70.5932
-70.5944
-70.5955
-70.5966
-70.5977
-70.5988
-70.5999
-70.601
-70.602
-70.603
-70.6041
-70.6051
-70.6061
-70.6071
-70.608
-70.609
-70.6099
-70.6109
-70.6118
-70.6127
-70.6136
-70.6145
-70.6154
-70.6162
-70.6171
-70.6179
-70.6187
-70.6196
-70.6204
-70.6212
-70.622
-70.6227
-70.6235
-70.6242
-70.625
-70.6257
-70.6265
-70.6272
-70.6279
-70.6286
-70.6293
-70.6299
-70.6306
-70.6313
-70.6319
-70.6325
-70.6332
-70.6338
-70.6344
-70.635
-70.6356
-70.6362
-70.6368
-70.6374
-70.6379
-70.6385
-70.639
-70.6396
-70.6401
-70.6406
-70.6411
-70.6417
-70.6422
-70.6427
-70.6431
-70.6436
-70.6441
-70.6446
-70.645
-70.6455
-70.6459
-70.6464
-70.6468
-70.6472
-70.6476
-70.6481
-70.6485
-70.6489
-70.6493
-70.6497
-70.65
-70.6504
-70.6508
-70.6512
-70.6515
-70.6519
-70.6522
-70.6526
-70.6529
-70.6533
-70.6536
-70.6539
-70.6542
-70.6545
-70.6549
-70.6552
-70.6555
-70.6558
-70.656
-70.6563
-70.6566
-70.6569
-70.6572
-70.6574
-70.6577
-70.658
-70.6582
-70.6585
-70.6587
-70.6589
-70.6592
-70.6594
-70.6597
-70.6599
-70.6601
-70.6603
-70.6605
-70.6607
-70.661
-70.6612
-70.6614
-70.6616
-70.6617
-70.6619
-70.6621
-70.6623
-70.6625
-70.6627
-70.6628
-70.663
-70.6632
-70.6633
-70.6635
-70.6637
-70.6638
-70.664
-70.6641
-70.6643
-70.6644
-70.6646
-70.6647
-70.6648
-70.665
-70.6651
-70.6652
-70.6653
-70.6655
-70.6656
-70.6657
-70.6658
-70.6659
-70.666
-70.6662
-70.6663
-70.6664
-70.6665
-70.6666
-70.6667
-70.6668
-70.6669
-70.667
-70.667
-70.6671
-70.6672
-70.6673
-70.6674
-70.6675
-70.6675
-70.6676
-70.6677
-70.6678
-70.6678
-70.6679
-70.668
-70.668
-70.6681
-70.6682
-70.6682
-70.6683
-70.6683
-70.6684
-70.6685
-70.6685
-70.6686
-70.6686
-70.6687
-70.6687
-70.6688
-70.6688
-70.6688
-70.6689
-70.6689
-70.669
-70.669
-70.669
-70.6691
-70.6691
-70.6691
-70.6692
-70.6692
-70.6692
-70.6693
-70.6693
-70.6693
-70.6694
-70.6694
-70.6694
-70.6694
-70.6694
-70.6695
-70.6695
-70.6695
-70.6695
-70.6695
-70.6696
-70.6696
-70.6696
-70.6696
-70.6696
-70.6696
-70.6696
-70.6697
-70.6697
-70.6697
-70.6697
-70.6697
-70.6697
-70.6697
-70.6697
-70.6697
-70.6697
-70.6697
-70.6697
-70.6697
-70.6697
-70.6697
-70.6697
-70.6697
-70.6697
-70.6697
-70.6697
-70.6697
-70.6697
-70.6697
-70.6697
-70.6697
-70.6697
-70.6697
-70.6697
-70.6697
-70.6697
-70.6697
-70.6697
-70.6697
-70.6697
-70.6697
-70.6696
-70.6696
-70.6696
-70.6696
-70.6696
-70.6696
-70.6696
-70.6696
-70.6696
-70.6695
-70.6695
-70.6695
-70.6695
-70.6695
-70.6695
-70.6695
-70.6695
-70.6694
-70.6694
-70.6694
-70.6694
-70.6694
-70.6694
-70.6693
-70.6693
-70.6693
-70.6693
-70.6693
-70.6693
-70.6693
-70.6692
-70.6692
-70.6692
-70.6692
-70.6692
-70.6691
-70.6691
-70.6691
-70.6691
-70.6691
-70.6691
-70.669
-70.669
-70.669
-70.669
-70.669
-70.6689
-70.6689
-70.6689
-70.6689
-70.6689
-70.6688
-70.6688
-70.6688
-70.6688
-70.6688
-70.6687
-70.6687
-70.6687
-70.6687
-70.6686
-70.6686
-70.6686
-70.6686
-70.6686
-70.6685
-70.6685
-70.6685
-70.6685
-70.6685
-70.6684
-70.6684
-70.6684
-70.6684
-70.6684
-70.6683
-70.6683
-70.6683
-70.6683
-70.6682
-70.6682
-70.6682
-70.6682
-70.6682
-70.6681
-70.6681
-70.6681
-70.6681
-70.6681
-70.6711
-70.7846
-71.4458
-72.4592
-73.3075
-59.0406
-52.6052
-50.4234
-48.6345
-45.5014
-17.0827
-18.8191
-45.2564
-68.6429
-68.3725
-67.34
-66.2663
-65.1784
-64.0943
-63.0315
-62.0062
-61.0333
-60.1251
-59.223
-58.4038
-57.6835
-57.0334
-56.4589
-55.9648
-55.5385
-55.1659
-54.8509
-54.5861
-54.3603
-54.175
-54.024
-53.8973
-53.7924
-53.709
-53.6394
-53.5837
-53.5411
-53.5088
-53.4831
-53.4605
-53.4438
-53.4294
-53.418
-53.4106
-53.4062
-53.4041
-53.4035
-53.4022
-53.3988
-53.3961
-53.3927
-53.3914
-53.3918
-53.3934
-53.3956
-53.3984
-53.4014
-53.4047
-53.4082
-53.4068
-53.4016
-53.3972
-53.3958
-53.3963
-53.3977
-53.3998
-53.4021
-53.4045
-53.4071
-53.4098
-53.4126
-53.4154
-53.4181
-53.4205
-53.4225
-53.4239
-53.4138
-53.402
-53.3959
-53.3932
-53.3917
-53.3901
-53.3872
-53.3811
-53.364
-53.2311
-52.9958
-53.0092
-53.0786
-53.1434
-53.1915
-53.2245
-53.2467
-53.2622
-53.2742
-53.285
-53.2962
-53.3091
-53.3251
-53.3455
-53.3783
-53.4127
-53.4284
-53.4371
-53.4442
-53.4455
-53.4417
-53.4407
-53.4425
-53.4461
-53.4513
-53.4577
-53.4654
-53.4743
-53.4844
-53.4959
-53.5086
-53.5228
-53.5384
-53.5557
-53.5747
-53.5956
-53.6185
-53.6435
-53.6709
-53.7008
-53.7336
-53.7695
-53.8087
-53.8514
-53.8981
-53.9489
-54.0041
-54.0641
-53.9204
-53.565
-53.45
-53.4241
-53.428
-53.4419
-53.4592
-53.4777
-53.4965
-53.4664
-53.4432
-53.4368
-53.439
-53.4453
-53.4535
-53.4628
-53.4728
-53.4833
-53.4944
-53.5062
-53.5186
-53.5318
-53.546
-53.5613
-53.5785
-53.597
-53.6167
-53.6379
-53.6607
-53.6854
-53.7122
-53.7414
-53.7731
-53.8077
-53.8465
-53.8892
-53.935
-53.9841
-54.037
-54.094
-54.1566
-53.8046
-53.4718
-53.3839
-53.372
-53.383
-53.4001
-53.4183
-53.4361
-53.4533
-53.4699
-53.4867
-53.5035
-53.5202
-53.4775
-53.4417
-53.4297
-53.4287
-53.4324
-53.4381
-53.445
-53.4527
-53.4612
-53.4701
-53.4794
-53.4891
-53.4997
-53.5116
-53.5242
-53.5376
-53.5518
-53.5671
-53.5845
-53.6038
-53.6244
-53.6464
-53.67
-53.6956
-53.7254
-53.7583
-53.7933
-53.8306
-53.8708
-53.9167
-53.9679
-54.0222
-54.0796
-54.1407
-54.2062
-54.2772
-53.5895
-53.377
-53.3347
-53.3398
-53.3574
-53.3774
-53.3966
-53.4143
-53.4308
-53.4462
-53.4609
-53.4754
-53.4907
-53.5062
-53.5218
-53.5379
-53.5556
-53.575
-53.5953
-53.6165
-53.5182
-53.4422
-53.4186
-53.4147
-53.4182
-53.4248
-53.4323
-53.4402
-53.4488
-53.458
-53.4674
-53.4771
-53.4872
-53.4979
-53.5094
-53.5216
-53.5345
-53.5486
-53.5648
-53.5833
-53.6025
-53.6227
-53.6436
-53.6655
-53.6889
-53.7139
-53.7406
-53.6188
-53.4476
-53.3989
-53.3911
-53.3954
-53.4031
-53.4114
-53.4195
-53.4271
-53.4341
-53.4406
-53.4465
-53.4517
-53.4569
-53.4621
-53.4666
-53.4712
-53.4742
-53.4572
-53.4157
-53.3984
-53.391
-53.3853
-53.3765
-53.355
-53.2438
-52.8052
-52.7321
-52.8306
-52.9605
-53.0802
-53.1753
-53.2366
-53.2726
-53.2966
-53.3169
-53.3416
-53.3886
-53.5049
-53.674
-53.8166
-53.9256
-54.018
-54.1029
-54.1899
-54.2842
-54.389
-54.5207
-54.6861
-54.8675
-55.0443
-55.2162
-55.3922
-55.5754
-55.7696
-55.9776
-56.2038
-56.4546
-56.7349
-57.0417
-57.3642
-57.6953
-58.039
-58.395
-58.7639
-59.1471
-59.5469
-59.9686
-60.4203
-60.9011
-61.406
-61.9108
-62.413
-62.9156
-63.4154
-63.9107
-64.404
-64.8986
-65.4002
-65.9154
-66.4403
-66.9606
-67.4532
-67.9205
-68.3642
-68.7844
-69.1813
-69.5583
-69.9201
-70.2718
-70.6198
-70.9611
-71.2854
-71.5802
-71.8474
-72.0911
-72.3137
-72.5171
-72.7032
-72.8769
-73.0413
-73.2
-73.3535
-73.4978
-73.6268
-73.7396
-73.8391
-73.9268
-74.0054
-74.0757
-74.1395
-74.199
-74.2559
-74.3129
-74.3687
-74.4195
-74.463
-74.4994
-74.5296
-74.555
-74.5769
-74.5964
-74.614
-74.6307
-74.6478
-74.6671
-74.6871
-74.7052
-74.7192
-74.7293
-74.7361
-74.7408
-74.7438
-74.7467
-74.7502
-74.7539
-74.7585
-74.7652
-74.7739
-74.7821
-74.7876
-74.7903
-74.791
-74.7898
-74.7871
-74.7846
-74.7833
-74.7827
-74.782
-74.7827
-74.7855
-74.7912
-74.7953
-74.7967
-74.7964
-74.7955
-74.7925
-74.7894
-74.7865
-74.7846
-74.783
-74.7818
-74.7813
-74.7821
-74.7865
-74.7898
-74.7901
-74.7897
-74.7882
-74.7853
-74.7814
-74.7777
-74.7747
-74.7722
-74.7698
-74.7687
-74.7685
-74.7707
-74.7756
-74.7781
-74.7781
-74.7781
-74.7763
-74.7749
-74.7715
-74.7683
-74.7655
-74.7615
-74.7586
-74.7564
-74.7562
-74.7576
-74.7618
-74.7646
-74.7653
-74.7639
-74.7625
-74.7615
-74.7591
-74.7567
-74.7536
-74.75
-74.7463
-74.743
-74.7411
-74.7407
-74.743
-74.7484
-74.7526
-74.7537
-74.7519
-74.7516
-74.7512
-74.749
-74.7479
-74.7445
-74.7391
-74.7341
-74.7296
-74.726
-74.7237
-74.7237
-74.7278
-74.7345
-74.7379
-74.7378
-74.7369
-74.7364
-74.7365
-74.7367
-74.7357
-74.7317
-74.726
-74.7197
-74.7148
-74.7115
-74.707
-74.7061
-74.7099
-74.7151
-74.7206
-74.725
-74.7267
-74.7261
-74.7243
-74.7238
-74.7246
-74.7218
-74.716
-74.7104
-74.7033
-74.6973
-74.6939
-74.6902
-74.6898
-74.6909
-74.6933
-74.6975
-74.7041
-74.7093
-74.7123
-74.7115
-74.7097
-74.7096
-74.7095
-74.7056
-74.7001
-74.6939
-74.6859
-74.6809
-74.6768
-74.6739
-74.6724
-74.6724
-74.6742
-74.6773
-74.6802
-74.6874
-74.6929
-74.695
-74.694
-74.6938
-74.6935
-74.6911
-74.6873
-74.6825
-74.677
-74.6688
-74.6636
-74.6622
-74.6582
-74.6534
-74.6527
-74.6532
-74.6565
-74.6591
-74.6605
-74.6648
-74.6704
-74.6738
-74.6752
-74.6752
-74.6733
-74.6699
-74.6657
-74.6621
-74.6588
-74.652
-74.6492
-74.6483
-74.6444
-74.6386
-74.6328
-74.6276
-74.626
-74.6278
-74.6324
-74.6375
-74.6391
-74.6419
-74.6461
-74.6495
-74.6526
-74.6542
-74.6513
-74.6441
-74.636
-74.6331
-74.6314
-74.6301
-74.629
-74.6285
-74.6292
-74.6269
-74.6201
-74.6119
-74.6072
-74.6056
-74.6044
-74.6065
-74.612
-74.6127
-74.6107
-74.6108
-74.6155
-74.6221
-74.6267
-74.6266
-74.6213
-74.6136
-74.6043
-74.5978
-74.596
-74.5969
-74.5954
-74.5975
-74.6007
-74.6
-74.5969
-74.5924
-74.5851
-74.5782
-74.5745
-74.5723
-74.5707
-74.5722
-74.5735
-74.573
-74.5705
-74.5684
-74.571
-74.5793
-74.5898
-74.5947
-74.5933
-74.5877
-74.5783
-74.5713
-74.5649
-74.5591
-74.5555
-74.5556
-74.5581
-74.5603
-74.5606
-74.5625
-74.5637
-74.5625
-74.5619
-74.5566
-74.5514
-74.5471
-74.5424
-74.5374
-74.5352
-74.5362
-74.5337
-74.5295
-74.5235
-74.5208
-74.5273
-74.5324
-74.5386
-74.5444
-74.5465
-74.5444
-74.5441
-74.5392
-74.5285
-74.5183
-74.5105
-74.5015
-74.4946
-74.494
-74.4938
-74.498
-74.5021
-74.5058
-74.5067
-74.503
-74.4985
-74.4946
-74.4966
-74.4998
-74.4984
-74.4912
-74.4846
-74.4778
-74.4734
-74.4726
-74.4718
-74.4677
-74.4613
-74.4551
-74.4497
-74.4543
-74.4604
-74.4679
-74.4762
-74.4831
-74.4865
-74.4877
-74.4867
-74.4818
-74.4731
-74.4618
-74.4469
-74.4321
-74.4202
-74.4149
-74.4144
-74.4199
-74.4253
-74.4286
-74.4274
-74.4254
-74.4256
-74.4296
-74.4321
-74.43
-74.4266
-74.427
-74.4301
-74.4325
-74.4285
-74.4226
-74.418
-74.4174
-74.4173
-74.4141
-74.4069
-74.4006
-74.3959
-74.3881
-74.3775
-74.3693
-74.3702
-74.3757
-74.3776
-74.3799
-74.385
-74.3933
-74.4026
-74.4082
-74.4077
-74.4021
-74.3948
-74.3858
-74.3741
-74.3641
-74.3543
-74.3459
-74.3419
-74.3388
-74.3321
-74.3279
-74.3239
-74.3193
-74.3156
-74.3088
-74.3025
-74.2966
-74.2923
-74.286
-74.2815
-74.2744
-74.2716
-74.2717
-74.2799
-74.2865
-74.2841
-74.2811
-74.2788
-74.277
-74.28
-74.2816
-74.2865
-74.2899
-74.2931
-74.2942
-74.2912
-74.2854
-74.2805
-74.2745
-74.2658
-74.2541
-74.2371
-74.2164
-74.2038
-74.2059
-74.2218
-74.2321
-74.2315
-74.227
-74.223
-74.2191
-74.2221
-74.2234
-74.2268
-74.2324
-74.2372
-74.2415
-74.2431
-74.2434
-74.2426
-74.238
-74.2299
-74.2188
-74.2057
-74.1936
-74.1827
-74.1731
-74.1623
-74.152
-74.1414
-74.1304
-74.1253
-74.1252
-74.1217
-74.1166
-74.109
-74.0977
-74.0925
-74.0882
-74.0805
-74.0693
-74.0556
-74.0414
-74.0309
-74.0196
-74.0104
-74.0104
-74.0198
-74.0305
-74.0364
-74.0424
-74.0469
-74.055
-74.0575
-74.0522
-74.0464
-74.0399
-74.0371
-74.0472
-74.0672
-74.0929
-74.1136
-74.1274
-74.1333
-74.1332
-74.1308
-74.124
-74.1106
-74.0919
-74.0696
-74.0509
-74.0385
-74.0231
-74.003
-73.9821
-73.9627
-73.9444
-73.9234
-73.9077
-73.8952
-73.8858
-73.8823
-73.8879
-73.8946
-73.9027
-73.9192
-73.9356
-73.9442
-73.942
-73.9335
-73.9294
-73.9292
-73.9359
-73.9471
-73.9586
-73.9634
-73.9628
-73.9672
-73.974
-73.9721
-73.9649
-73.963
-73.9582
-73.9478
-73.9407
-73.9304
-73.9149
-73.9036
-73.8947
-73.8906
-73.8913
-73.8898
-73.8866
-73.8835
-73.8787
-73.8675
-73.8528
-73.8381
-73.8203
-73.8044
-73.7959
-73.7884
-73.7753
-73.7566
-73.7338
-73.7153
-73.7038
-73.6948
-73.6828
-73.6659
-73.6508
-73.6343
-73.621
-73.6144
-73.6036
-73.5872
-73.5671
-73.5508
-73.5349
-73.5344
-73.5381
-73.5341
-73.5225
-73.5116
-73.5046
-73.4979
-73.4929
-73.4898
-73.4853
-73.4746
-73.4586
-73.4499
-73.4466
-73.4385
-73.4312
-73.4221
-73.408
-73.3973
-73.3949
-73.3891
-73.378
-73.3706
-73.3689
-73.3637
-73.3522
-73.3414
-73.3469
-73.3545
-73.3537
-73.3448
-73.3341
-73.3352
-73.3527
-73.3752
-73.3864
-73.386
-73.3778
-73.3714
-73.3632
-73.35
-73.3325
-73.3159
-73.304
-73.2896
-73.2713
-73.2501
-73.2309
-73.2178
-73.2027
-73.1841
-73.1681
-73.1571
-73.1432
-73.1255
-73.1047
-73.083
-73.0696
-73.0572
-73.0412
-73.022
-73.0004
-72.977
-72.9526
-72.9274
-72.9016
-72.8755
-72.8492
-72.8228
-72.7963
-72.7698
-72.7435
-72.7271
-72.717
-72.7045
-72.6886
-72.6745
-72.6698
-72.6635
-72.6526
-72.6379
-72.6206
-72.6014
-72.5809
-72.5596
-72.5378
-72.5155
-72.4931
-72.4705
-72.4479
-72.4365
-72.4322
-72.4249
-72.4137
-72.3993
-72.3828
-72.3649
-72.346
-72.3264
-72.3065
-72.2863
-72.266
-72.2456
-72.2252
-72.2048
-72.1845
-72.1643
-72.1442
-72.1243
-72.1045
-72.0848
-72.0654
-72.0461
-72.027
-72.0081
-71.9894
-71.9709
-71.9526
-71.9344
-71.9165
-71.8988
-71.8812
-71.8639
-71.8468
-71.8298
-71.8131
-71.7965
-71.7801
-71.764
-71.748
-71.7322
-71.7166
-71.7012
-71.6859
-71.6709
-71.656
-71.6413
-71.6268
-71.6125
-71.5983
-71.5843
-71.5705
-71.5568
-71.5433
-71.53
-71.5168
-71.5038
-71.491
-71.4783
-71.4658
-71.4534
-71.4412
-71.4292
-71.4172
-71.4055
-71.3939
-71.3824
-71.3711
-71.3599
-71.3488
-71.3379
-71.3272
-71.3166
-71.3061
-71.2957
-71.2855
-71.2754
-71.2655
-71.2557
-71.246
-71.2364
-71.2269
-71.2176
-71.2084
-71.1993
-71.1904
-71.1815
-71.1728
-71.1642
-71.1557
-71.1473
-71.139
-71.1308
-71.1227
-71.1148
-71.1069
-71.0992
-71.0915
-71.084
-71.0765
-71.0692
-71.0619
-71.0548
-71.0477
-71.0408
-71.0339
-71.0271
-71.0205
-71.0139
-71.0074
-71.0009
-70.9946
-70.9884
-70.9822
-70.9762
-70.9702
-70.9643
-70.9585
-70.9527
-70.9471
-70.9415
-70.936
-70.9305
-70.9252
-70.9199
-70.9147
-70.9096
-70.9045
-70.8995
-70.8946
-70.8898
-70.885
-70.8803
-70.8756
-70.8711
-70.8666
-70.8621
-70.8577
-70.8534
-70.8492
-70.845
-70.8409
-70.8368
-70.8328
-70.8288
-70.8249
-70.8211
-70.8173
-70.8136
-70.8099
-70.8063
-70.8028
-70.7993
-70.7958
-70.7924
-70.7891
-70.7858
-70.7825
-70.7793
-70.7762
-70.7731
-70.77
-70.767
-70.7641
-70.7612
-70.7583
-70.7555
-70.7527
-70.75
-70.7473
-70.7446
-70.742
-70.7395
-70.7369
-70.7345
-70.732
-70.7296
-70.7272
-70.7249
-70.7226
-70.7204
-70.7182
-70.716
-70.7139
-70.7118
-70.7097
-70.7077
-70.7057
-70.7037
-70.7018
-70.6999
-70.698
-70.6962
-70.6944
-70.6926
-70.6908
-70.6891
-70.6875
-70.6858
-70.6842
-70.6826
-70.681
-70.6795
-70.678
-70.6765
-70.675
-70.6736
-70.6722
-70.6708
-70.6695
-70.6682
-70.6669
-70.6656
-70.6643
-70.6631
-70.6619
-70.6607
-70.6596
-70.6584
-70.6573
-70.6562
-70.6552
-70.6541
-70.6531
-70.6521
-70.6511
-70.6501
-70.6492
-70.6483
-70.6474
-70.6465
-70.6456
-70.6447
-70.6439
-70.6431
-70.6423
-70.6415
-70.6408
-70.64
-70.6393
-70.6386
-70.6379
-70.6372
-70.6365
-70.6359
-70.6353
-70.6346
-70.634
-70.6335
-70.6329
-70.6323
-70.6318
-70.6312
-70.6307
-70.6302
-70.6297
-70.6292
-70.6288
-70.6283
-70.6279
-70.6275
-70.627
-70.6266
-70.6262
-70.6259
-70.6255
-70.6251
-70.6248
-70.6244
-70.6241
-70.6238
-70.6235
-70.6232
-70.6229
-70.6226
-70.6224
-70.6221
-70.6219
-70.6216
-70.6214
-70.6212
-70.621
-70.6208
-70.6206
-70.6204
-70.6202
-70.62
-70.6199
-70.6197
-70.6196
-70.6194
-70.6193
-70.6192
-70.619
-70.6189
-70.6188
-70.6187
-70.6186
-70.6185
-70.6185
-70.6184
-70.6183
-70.6183
-70.6182
-70.6182
-70.6181
-70.6181
-70.618
-70.618
-70.618
-70.618
-70.618
-70.618
-70.618
-70.618
-70.618
-70.618
-70.618
-70.618
-70.6181
-70.6181
-70.6181
-70.6182
-70.6182
-70.6183
-70.6183
-70.6184
-70.6184
-70.6185
-70.6186
-70.6186
-70.6187
-70.6188
-70.6189
-70.6189
-70.619
-70.6191
-70.6192
-70.6193
-70.6194
-70.6195
-70.6196
-70.6197
-70.6198
-70.6199
-70.62
-70.6202
-70.6203
-70.6204
-70.6205
-70.6207
-70.6208
-70.6209
-70.621
-70.6212
-70.6213
-70.6215
-70.6216
-70.6217
-70.6219
-70.622
-70.6222
-70.6223
-70.6225
-70.6226
-70.6228
-70.6229
-70.6231
-70.6232
-70.6234
-70.6236
-70.6237
-70.6239
-70.624
-70.6242
-70.6244
-70.6245
-70.6247
-70.6249
-70.625
-70.6252
-70.6254
-70.6256
-70.6257
-70.6259
-70.6261
-70.6262
-70.6264
-70.6266
-70.6268
-70.6269
-70.6271
-70.6273
-70.6275
-70.6277
-70.6278
-70.628
-70.6282
-70.6284
-70.6286
-70.6287
-70.6289
-70.6291
-70.6293
-70.6295
-70.6296
-70.6298
-70.63
-70.6302
-70.6304
-70.6306
-70.6307
-70.6309
-70.6311
-70.6313
-70.6315
-70.6317
-70.6318
-70.632
-70.6322
-70.6324
-70.6326
-70.6327
-70.6329
-70.6331
-70.6333
-70.6335
-70.6337
-70.6338
-70.634
-70.6342
-70.6344
-70.6346
-70.6347
-70.6349
-70.6351
-70.6353
-70.6354
-70.6356
-70.6358
-70.636
-70.6362
-70.6363
-70.6365
-70.6367
-70.6369
-70.637
-70.6372
-70.6374
-70.6375
-70.6377
-70.6379
-70.6381
-70.6382
-70.6384
-70.6386
-70.6387
-70.6389
-70.6391
-70.6392
-70.6394
-70.6396
-70.6397
-70.6399
-70.6401
-70.6402
-70.6404
-70.6406
-70.6407
-70.6409
-70.641
-70.6412
-70.6414
-70.6415
-70.6417
-70.6418
-70.642
-70.6421
-70.6423
-70.6425
-70.6426
-70.6428
-70.6429
-70.6431
-70.6432
-70.6434
-70.6435
-70.6437
-70.6438
-70.644
-70.6441
-70.6443
-70.6444
-70.6446
-70.6447
-70.6448
-70.645
-70.6451

