-70
-70.1661
-70.23
-70.2566
-70.2695
-70.2773
-70.283
-70.2879
-70.2925
-70.297
-70.3014
-70.3057
-70.31
-70.3142
-70.3185
-70.3226
-70.3268
-70.3309
-70.335
-70.3391
-70.3431
-70.3471
-70.351
-70.3549
-70.3588
-70.3626
-70.3664
-70.3701
-70.3738
-70.3775
-70.3811
-70.3847
-70.3883
-70.3918
-70.3953
-70.3987
-70.4021
-70.4055
-70.4088
-70.4121
-70.4154
-70.4186
-70.4218
-70.4249
-70.428
-70.4311
-70.4341
-70.4372
-70.4401
-70.4431
-70.446
-70.4489
-70.4517
-70.4545
-70.4573
-70.4601
-70.4628
-70.4655
-70.4682
-70.4708
-70.4734
-70.476
-70.4785
-70.481
-70.4835
-70.486
-70.4884
-70.4908
-70.4932
-70.4955
-70.4978
-70.5001
-70.5024
-70.5046
-70.5068
-70.509
-70.5112
-70.5133
-70.5154
-70.5175
-70.5196
-70.5216
-70.5236
-70.5256
-70.5276
-70.5295
-70.5315
-70.5334
-70.5352
-70.5371
-70.5389
-70.5407
-70.5425
-70.5443
-70.5461
-70.5478
-70.5495
-70.5512
-70.5528
-70.5545
-70.5561
-70.5577
-70.5593
-70.5609
-70.5624
-70.5639
-70.5655
-70.5669
-70.5684
-70.5699
-70.5713
-70.5727
-70.5741
-70.5755
-70.5769
-70.5782
-70.5796
-70.5809
-70.5822
-70.5835
-70.5848
-70.586
-70.5873
-70.5885
-70.5897
-70.5909
-70.5921
-70.5932
-70.5944
-70.5955
-70.5966
-70.5977
-70.5988
-70.5999
-70.601
-70.602
-70.603
-70.6041
-70.6051
-70.6061
-70.6071
-70.608
-70.609
-70.6099
-70.6109
-70.6118
-70.6127
-70.6136
-70.6145
-70.6154
-70.6162
-70.6171
-70.6179
-70.6187
-70.6196
-70.6204
-70.6212
-70.622
-70.6227
-70.6235
-70.6242
-70.625
-70.6257
-70.6265
-70.6272
-70.6279
-70.6286
-70.6293
-70.6299
-70.6306
-70.6313
-70.6319
-70.6325
-70.6332
-70.6338
-70.6344
-70.635
-70.6356
-70.6362
-70.6368
-70.6374
-70.6379
-70.6385
-70.639
-70.6396
-70.6401
-70.6406
-70.6411
-70.6417
-70.6422
-70.6427
-70.6431
-70.6436
-70.6441
-70.6446
-70.645
-70.6455
-70.6459
-70.6464
-70.6468
-70.6472
-70.6476
-70.6481
-70.6485
-70.6489
-70.6493
-70.6497
-70.65
-70.6504
-70.6508
-70.6512
-70.6515
-70.6519
-70.6522
-70.6526
-70.6529
-70.6533
-70.6536
-70.6539
-70.6542
-70.6545
-70.6549
-70.6552
-70.6555
-70.6558
-70.656
-70.6563
-70.6566
-70.6569
-70.6572
-70.6574
-70.6577
-70.658
-70.6582
-70.6585
-70.6587
-70.6589
-70.6592
-70.6594
-70.6597
-70.6599
-70.6601
-70.6603
-70.6605
-70.6607
-70.661
-70.6612
-70.6614
-70.6616
-70.6617
-70.6619
-70.6621
-70.6623
-70.6625
-70.6627
-70.6628
-70.663
-70.6632
-70.6633
-70.6635
-70.6637
-70.6638
-70.664
-70.6641
-70.6643
-70.6644
-70.6646
-70.6647
-70.6648
-70.665
-70.6651
-70.6652
-70.6653
-70.6655
-70.6656
-70.6657
-70.6658
-70.6659
-70.666
-70.6662
-70.6663
-70.6664
-70.6665
-70.6666
-70.6667
-70.6668
-70.6669
-70.667
-70.667
-70.6671
-70.6672
-70.6673
-70.6674
-70.6675
-70.6675
-70.6676
-70.6677
-70.6678
-70.6678
-70.6679
-70.668
-70.668
-70.6681
-70.6682
-70.6682
-70.6683
-70.6683
-70.6684
-70.6685
-70.6685
-70.6686
-70.6686
-70.6687
-70.6687
-70.6688
-70.6688
-70.6688
-70.6689
-70.6689
-70.669
-70.669
-70.669
-70.6691
-70.6691
-70.6691
-70.6692
-70.6692
-70.6692
-70.6693
-70.6693
-70.6693
-70.6694
-70.6694
-70.6694
-70.6694
-70.6694
-70.6695
-70.6695
-70.6695
-70.6695
-70.6695
-70.6696
-70.6696
-70.6696
-70.6696
-70.6696
-70.6696
-70.6696
-70.6697
-70.6697
-70.6697
-70.6697
-70.6697
-70.6697
-70.6697
-70.6697
-70.6697
-70.6697
-70.6697
-70.6697
-70.6697
-70.6697
-70.6697
-70.6697
-70.6697
-70.6697
-70.6697
-70.6697
-70.6697
-70.6697
-70.6697
-70.6697
-70.6697
-70.6697
-70.6697
-70.6697
-70.6697
-70.6697
-70.6697
-70.6697
-70.6697
-70.6697
-70.6697
-70.6696
-70.6696
-70.6696
-70.6696
-70.6696
-70.6696
-70.6696
-70.6696
-70.6696
-70.6695
-70.6695
-70.6695
-70.6695
-70.6695
-70.6695
-70.6695
-70.6695
-70.6694
-70.6694
-70.6694
-70.6694
-70.6694
-70.6694
-70.6693
-70.6693
-70.6693
-70.6693
-70.6693
-70.6693
-70.6693
-70.6692
-70.6692
-70.6692
-70.6692
-70.6692
-70.6691
-70.6691
-70.6691
-70.6691
-70.6691
-70.6691
-70.669
-70.669
-70.669
-70.669
-70.669
-70.6689
-70.6689
-70.6689
-70.6689
-70.6689
-70.6688
-70.6688
-70.6688
-70.6688
-70.6688
-70.6687
-70.6687
-70.6687
-70.6687
-70.6686
-70.6686
-70.6686
-70.6686
-70.6686
-70.6685
-70.6685
-70.6685
-70.6685
-70.6685
-70.6684
-70.6684
-70.6684
-70.6684
-70.6684
-70.6683
-70.6683
-70.6683
-70.6683
-70.6682
-70.6682
-70.6682
-70.6682
-70.6682
-70.6681
-70.6681
-70.6681
-70.6681
-70.6681
-70.6729
-70.9308
-71.8078
-72.7878
-73.4871
-71.0856
-55.4035
-51.5711
-49.6329
-47.3759
-39.8932
0.255863
-32.3421
-64.826
-68.8326
-67.8708
-66.8087
-65.7219
-64.629
-63.5479
-62.4956
-61.4883
-60.5387
-59.6563
-58.8328
-58.0465
-57.3394
-56.7227
-56.191
-55.7319
-55.338
-54.999
-54.7061
-54.4574
-54.2519
-54.0841
-53.9464
-53.8341
-53.7402
-53.6623
-53.5991
-53.55
-53.5122
-53.4833
-53.4614
-53.4435
-53.4273
-53.4138
-53.4042
-53.3979
-53.394
-53.3918
-53.3909
-53.3911
-53.39
-53.387
-53.3843
-53.3832
-53.3834
-53.3845
-53.3862
-53.3881
-53.3903
-53.3927
-53.3952
-53.3975
-53.3953
-53.3924
-53.3903
-53.3898
-53.3905
-53.3917
-53.3931
-53.3948
-53.3965
-53.3983
-53.3999
-53.4014
-53.4028
-53.4039
-53.4048
-53.4052
-53.405
-53.4015
-53.3941
-53.389
-53.3851
-53.38
-53.3636
-53.2398
-53.1951
-53.2234
-53.2587
-53.2867
-53.3065
-53.3196
-53.3285
-53.3349
-53.3401
-53.3451
-53.3505
-53.357
-53.365
-53.3755
-53.3889
-53.4058
-53.4257
-53.4483
-53.4731
-53.5002
-53.522
-53.4848
-53.4566
-53.4362
-53.4233
-53.4192
-53.4197
-53.4225
-53.4266
-53.4316
-53.4372
-53.4434
-53.4502
-53.4577
-53.4658
-53.4746
-53.4843
-53.4948
-53.5062
-53.5186
-53.5322
-53.547
-53.5632
-53.5808
-53.5999
-53.6209
-53.6437
-53.6686
-53.6957
-53.7253
-53.7577
-53.7931
-53.8317
-53.8738
-53.9195
-53.9692
-54.0232
-53.9401
-53.5723
-53.4487
-53.4133
-53.3796
-53.3652
-53.3676
-53.3762
-53.3864
-53.3967
-53.4064
-53.4156
-53.4242
-53.4326
-53.4407
-53.4488
-53.457
-53.4653
-53.4739
-53.483
-53.4926
-53.5028
-53.5137
-53.5255
-53.5381
-53.5518
-53.5667
-53.5828
-53.6002
-53.6192
-53.6399
-53.6623
-53.6866
-53.7132
-53.7422
-53.7738
-53.8081
-53.8455
-53.886
-53.93
-53.9776
-54.0291
-54.0848
-54.1449
-53.9084
-53.4866
-53.3738
-53.3559
-53.3652
-53.3704
-53.358
-53.3589
-53.366
-53.3747
-53.3834
-53.3914
-53.3988
-53.4056
-53.412
-53.418
-53.4238
-53.4295
-53.4353
-53.4411
-53.4471
-53.4533
-53.4599
-53.467
-53.4745
-53.4825
-53.4912
-53.5002
-53.5091
-53.5184
-53.5281
-53.5384
-53.5492
-53.5602
-53.5714
-53.5827
-53.5937
-53.6041
-53.6136
-53.6216
-53.6275
-53.6301
-53.6276
-53.6177
-53.5965
-53.5574
-53.4877
-53.3586
-53.0789
-52.0365
-45.2457
-40.4866
-34.8857
-26.2762
-33.4947
-51.556
-58.8492
-59.0135
-58.3466
-57.6548
-57.0274
-56.4786
-56.0086
-55.5975
-55.2421
-54.9376
-54.6796
-54.4636
-54.2846
-54.1374
-54.0169
-53.9191
-53.841
-53.7792
-53.7313
-53.6949
-53.6685
-53.6506
-53.64
-53.636
-53.6376
-53.6443
-53.6556
-53.6712
-53.691
-53.7148
-53.7426
-53.7745
-53.8104
-53.8505
-53.8951
-53.9442
-53.9982
-54.0573
-54.1218
-53.7561
-53.513
-53.4433
-53.4326
-53.4417
-53.4574
-53.4466
-53.4293
-53.426
-53.4304
-53.4385
-53.4482
-53.4409
-53.434
-53.4332
-53.4362
-53.4414
-53.4482
-53.4567
-53.4668
-53.4781
-53.4903
-53.5026
-53.515
-53.5278
-53.5412
-53.5559
-53.5753
-53.6021
-53.6321
-53.6633
-53.6951
-53.7273
-53.7607
-53.7959
-53.8342
-53.8777
-53.9322
-53.9972
-54.069
-54.144
-54.2225
-54.3041
-54.3895
-54.4802
-54.579
-54.6888
-54.8171
-54.9636
-55.1274
-55.3004
-55.4815
-55.6705
-55.8682
-56.0751
-56.2963
-56.5342
-56.7996
-57.0971
-57.4274
-57.7792
-58.1391
-58.5067
-58.882
-59.2645
-59.6547
-60.0571
-60.4824
-60.9441
-61.4419
-61.9681
-62.5007
-63.0231
-63.5339
-64.0318
-64.518
-64.9947
-65.463
-65.9404
-66.4337
-66.9387
-67.4459
-67.9332
-68.3908
-68.8174
-69.214
-69.5816
-69.9278
-70.2536
-70.5711
-70.8857
-71.1956
-71.4959
-71.7761
-72.0299
-72.2591
-72.4654
-72.6489
-72.8158
-72.9679
-73.1126
-73.2523
-73.3881
-73.5189
-73.64
-73.7489
-73.8444
-73.9281
-74.0019
-74.0662
-74.1238
-74.1768
-74.2269
-74.2763
-74.3259
-74.3721
-74.4146
-74.4512
-74.4825
-74.5085
-74.5304
-74.5498
-74.5671
-74.5832
-74.5979
-74.6134
-74.6311
-74.6476
-74.6625
-74.6743
-74.6829
-74.6898
-74.6946
-74.6985
-74.7032
-74.7075
-74.7108
-74.7154
-74.7217
-74.7279
-74.7332
-74.7386
-74.7406
-74.7401
-74.7396
-74.739
-74.7392
-74.74
-74.7402
-74.7402
-74.7432
-74.7465
-74.7491
-74.7503
-74.7521
-74.7521
-74.7484
-74.7443
-74.7427
-74.7433
-74.7432
-74.7419
-74.7409
-74.7432
-74.7458
-74.7474
-74.7485
-74.7484
-74.7484
-74.7458
-74.7398
-74.735
-74.7352
-74.7364
-74.7359
-74.7342
-74.7337
-74.7367
-74.7381
-74.7386
-74.7399
-74.74
-74.7395
-74.7371
-74.7311
-74.7245
-74.7239
-74.7243
-74.7246
-74.7238
-74.7235
-74.7255
-74.7279
-74.7274
-74.727
-74.7278
-74.7283
-74.7276
-74.7254
-74.7206
-74.7161
-74.7122
-74.7096
-74.7098
-74.7104
-74.7117
-74.7148
-74.7164
-74.7157
-74.7147
-74.7141
-74.7136
-74.7132
-74.7137
-74.7128
-74.7102
-74.7065
-74.7002
-74.6949
-74.6925
-74.6946
-74.6976
-74.7013
-74.7035
-74.7024
-74.7009
-74.7
-74.6997
-74.6987
-74.6966
-74.6989
-74.7009
-74.6993
-74.6943
-74.6862
-74.68
-74.6769
-74.6782
-74.6816
-74.6843
-74.6864
-74.6868
-74.685
-74.6848
-74.6852
-74.6841
-74.6833
-74.6839
-74.6864
-74.6865
-74.684
-74.6789
-74.6716
-74.6657
-74.6621
-74.6599
-74.6627
-74.6662
-74.667
-74.666
-74.6645
-74.6655
-74.6678
-74.6684
-74.6689
-74.6703
-74.6716
-74.6727
-74.6695
-74.6651
-74.6605
-74.6558
-74.6505
-74.6471
-74.6425
-74.6392
-74.6417
-74.6457
-74.6466
-74.6443
-74.6422
-74.6435
-74.6453
-74.6496
-74.6548
-74.6571
-74.6568
-74.6555
-74.6525
-74.6483
-74.6425
-74.6375
-74.6334
-74.6288
-74.624
-74.6184
-74.615
-74.6138
-74.6188
-74.6228
-74.6207
-74.6168
-74.6169
-74.6217
-74.6277
-74.6325
-74.637
-74.6387
-74.6373
-74.6351
-74.6317
-74.6269
-74.6218
-74.6166
-74.6111
-74.6056
-74.5986
-74.5915
-74.5887
-74.5857
-74.5834
-74.5849
-74.5865
-74.5879
-74.5893
-74.5928
-74.5977
-74.6028
-74.6057
-74.6091
-74.6126
-74.6161
-74.6158
-74.6115
-74.608
-74.6033
-74.598
-74.5912
-74.5854
-74.5789
-74.5722
-74.5619
-74.5548
-74.5515
-74.5499
-74.5475
-74.5446
-74.5408
-74.5412
-74.5487
-74.5588
-74.569
-74.5746
-74.5756
-74.5735
-74.5744
-74.5785
-74.583
-74.5866
-74.5856
-74.5829
-74.5817
-74.5756
-74.5665
-74.5595
-74.5537
-74.545
-74.5321
-74.5203
-74.511
-74.5045
-74.5026
-74.5012
-74.4991
-74.4947
-74.4932
-74.4934
-74.5001
-74.5093
-74.5181
-74.5255
-74.5315
-74.5345
-74.5332
-74.5338
-74.5362
-74.54
-74.5444
-74.5438
-74.544
-74.5462
-74.5456
-74.543
-74.5365
-74.5279
-74.5218
-74.5123
-74.4975
-74.4801
-74.4636
-74.4495
-74.4424
-74.4354
-74.4315
-74.4323
-74.4364
-74.4398
-74.4389
-74.4349
-74.4357
-74.4384
-74.4429
-74.451
-74.4635
-74.4724
-74.4775
-74.4777
-74.4766
-74.4793
-74.4834
-74.4865
-74.4895
-74.4924
-74.4916
-74.4886
-74.4864
-74.4883
-74.4879
-74.4841
-74.4782
-74.4685
-74.4575
-74.4446
-74.429
-74.4151
-74.4023
-74.3899
-74.3789
-74.3722
-74.3671
-74.3634
-74.3657
-74.367
-74.3612
-74.3514
-74.3411
-74.3352
-74.3301
-74.3277
-74.3308
-74.3406
-74.3522
-74.3632
-74.3737
-74.3852
-74.3944
-74.3996
-74.4044
-74.4089
-74.4182
-74.4269
-74.4274
-74.4227
-74.4145
-74.4063
-74.4007
-74.3921
-74.3867
-74.3832
-74.3852
-74.3897
-74.3877
-74.3796
-74.3701
-74.3623
-74.3541
-74.3446
-74.3357
-74.327
-74.3172
-74.3107
-74.3079
-74.3003
-74.2924
-74.2869
-74.2855
-74.279
-74.27
-74.2571
-74.239
-74.2205
-74.2052
-74.1922
-74.1832
-74.175
-74.1657
-74.154
-74.1511
-74.1577
-74.1779
-74.2088
-74.2302
-74.2403
-74.2416
-74.2414
-74.2429
-74.2545
-74.2687
-74.2867
-74.3013
-74.31
-74.3105
-74.3033
-74.297
-74.2921
-74.2859
-74.279
-74.2713
-74.2614
-74.2504
-74.2434
-74.2403
-74.2334
-74.223
-74.2179
-74.212
-74.2018
-74.1872
-74.1757
-74.18
-74.1911
-74.2004
-74.2081
-74.2107
-74.205
-74.2036
-74.21
-74.2124
-74.2056
-74.1918
-74.1779
-74.1623
-74.1456
-74.1301
-74.1125
-74.0941
-74.0747
-74.0547
-74.0333
-74.0178
-74.0054
-73.9984
-73.9956
-73.9876
-73.9776
-73.9671
-73.9518
-73.9385
-73.9256
-73.9171
-73.924
-73.9396
-73.952
-73.956
-73.9575
-73.9567
-73.9508
-73.9504
-73.9519
-73.9578
-73.967
-73.976
-73.9761
-73.9751
-73.9752
-73.9732
-73.9706
-73.9814
-74.0012
-74.0193
-74.0379
-74.0515
-74.0605
-74.0657
-74.0656
-74.0685
-74.069
-74.0655
-74.0579
-74.0474
-74.0337
-74.022
-74.0103
-73.9945
-73.9789
-73.9674
-73.9606
-73.9558
-73.9473
-73.9412
-73.9457
-73.9505
-73.9556
-73.958
-73.9569
-73.9566
-73.958
-73.9639
-73.9666
-73.9637
-73.9625
-73.9612
-73.9616
-73.961
-73.9535
-73.9416
-73.9363
-73.9351
-73.9325
-73.9295
-73.9242
-73.918
-73.91
-73.9017
-73.9006
-73.8982
-73.9007
-73.9005
-73.8922
-73.8768
-73.8565
-73.8347
-73.8199
-73.8057
-73.7875
-73.7703
-73.7563
-73.7444
-73.7333
-73.718
-73.699
-73.6824
-73.6638
-73.6417
-73.6171
-73.5975
-73.5849
-73.5708
-73.5521
-73.5295
-73.5057
-73.4872
-73.4683
-73.4464
-73.4287
-73.412
-73.3922
-73.3754
-73.3719
-73.3738
-73.3699
-73.3587
-73.3425
-73.3304
-73.318
-73.3016
-73.2943
-73.3033
-73.3183
-73.3242
-73.3269
-73.3261
-73.3183
-73.3046
-73.2869
-73.2738
-73.262
-73.2539
-73.2489
-73.2473
-73.2418
-73.2385
-73.2328
-73.2215
-73.2053
-73.1881
-73.1826
-73.1868
-73.2009
-73.211
-73.2112
-73.2033
-73.1895
-73.1717
-73.1512
-73.1299
-73.1245
-73.1244
-73.1187
-73.1076
-73.101
-73.0969
-73.107
-73.1152
-73.1145
-73.1062
-73.0924
-73.0748
-73.0546
-73.0326
-73.0092
-72.9849
-72.9599
-72.9344
-72.9098
-72.8959
-72.8841
-72.869
-72.8508
-72.8303
-72.8081
-72.7849
-72.761
-72.7366
-72.712
-72.6871
-72.6622
-72.6373
-72.6124
-72.5876
-72.5629
-72.5399
-72.53
-72.5228
-72.5122
-72.4981
-72.4813
-72.4628
-72.4431
-72.4227
-72.4018
-72.3806
-72.3593
-72.3378
-72.3164
-72.2949
-72.2736
-72.2523
-72.2312
-72.2102
-72.1894
-72.1688
-72.1483
-72.128
-72.108
-72.0881
-72.0684
-72.0489
-72.0297
-72.0106
-71.9917
-71.9731
-71.9547
-71.9364
-71.9184
-71.9006
-71.883
-71.8655
-71.8483
-71.8313
-71.8145
-71.7979
-71.7815
-71.7652
-71.7492
-71.7334
-71.7177
-71.7022
-71.687
-71.6719
-71.6569
-71.6422
-71.6277
-71.6133
-71.5991
-71.585
-71.5712
-71.5575
-71.544
-71.5306
-71.5174
-71.5044
-71.4915
-71.4788
-71.4662
-71.4538
-71.4416
-71.4295
-71.4176
-71.4058
-71.3941
-71.3826
-71.3713
-71.3601
-71.349
-71.3381
-71.3273
-71.3167
-71.3062
-71.2958
-71.2856
-71.2754
-71.2655
-71.2556
-71.2459
-71.2363
-71.2269
-71.2175
-71.2083
-71.1992
-71.1902
-71.1814
-71.1726
-71.164
-71.1554
-71.147
-71.1387
-71.1306
-71.1225
-71.1145
-71.1066
-71.0989
-71.0912
-71.0836
-71.0762
-71.0688
-71.0616
-71.0544
-71.0473
-71.0404
-71.0335
-71.0267
-71.02
-71.0134
-71.0069
-71.0005
-70.9941
-70.9879
-70.9817
-70.9756
-70.9697
-70.9637
-70.9579
-70.9522
-70.9465
-70.9409
-70.9354
-70.93
-70.9246
-70.9193
-70.9141
-70.909
-70.9039
-70.8989
-70.894
-70.8891
-70.8844
-70.8796
-70.875
-70.8704
-70.8659
-70.8615
-70.8571
-70.8528
-70.8485
-70.8443
-70.8402
-70.8361
-70.8321
-70.8281
-70.8242
-70.8204
-70.8166
-70.8129
-70.8092
-70.8056
-70.8021
-70.7986
-70.7951
-70.7917
-70.7883
-70.785
-70.7818
-70.7786
-70.7755
-70.7724
-70.7693
-70.7663
-70.7633
-70.7604
-70.7576
-70.7547
-70.752
-70.7492
-70.7465
-70.7439
-70.7413
-70.7387
-70.7362
-70.7337
-70.7313
-70.7289
-70.7265
-70.7242
-70.7219
-70.7197
-70.7174
-70.7153
-70.7131
-70.711
-70.709
-70.7069
-70.7049
-70.703
-70.701
-70.6991
-70.6973
-70.6954
-70.6936
-70.6919
-70.6901
-70.6884
-70.6867
-70.6851
-70.6835
-70.6819
-70.6803
-70.6788
-70.6773
-70.6758
-70.6743
-70.6729
-70.6715
-70.6701
-70.6688
-70.6675
-70.6662
-70.6649
-70.6637
-70.6624
-70.6612
-70.66
-70.6589
-70.6578
-70.6566
-70.6556
-70.6545
-70.6534
-70.6524
-70.6514
-70.6504
-70.6495
-70.6485
-70.6476
-70.6467
-70.6458
-70.645
-70.6441
-70.6433
-70.6425
-70.6417
-70.6409
-70.6401
-70.6394
-70.6387
-70.638
-70.6373
-70.6366
-70.6359
-70.6353
-70.6347
-70.634
-70.6334
-70.6329
-70.6323
-70.6317
-70.6312
-70.6307
-70.6301
-70.6296
-70.6291
-70.6287
-70.6282
-70.6278
-70.6273
-70.6269
-70.6265
-70.6261
-70.6257
-70.6253
-70.6249
-70.6246
-70.6242
-70.6239
-70.6236
-70.6233
-70.623
-70.6227
-70.6224
-70.6221
-70.6218
-70.6216
-70.6213
-70.6211
-70.6209
-70.6207
-70.6205
-70.6203
-70.6201
-70.6199
-70.6197
-70.6195
-70.6194
-70.6192
-70.6191
-70.6189
-70.6188
-70.6187
-70.6186
-70.6185
-70.6184
-70.6183
-70.6182
-70.6181
-70.618
-70.6179
-70.6179
-70.6178
-70.6178
-70.6177
-70.6177
-70.6177
-70.6176
-70.6176
-70.6176
-70.6176
-70.6176
-70.6176
-70.6176
-70.6176
-70.6176
-70.6176
-70.6176
-70.6176
-70.6177
-70.6177
-70.6177
-70.6178
-70.6178
-70.6179
-70.6179
-70.618
-70.6181
-70.6181
-70.6182
-70.6183
-70.6183
-70.6184
-70.6185
-70.6186
-70.6187
-70.6188
-70.6189
-70.619
-70.6191
-70.6192
-70.6193
-70.6194
-70.6195
-70.6196
-70.6197
-70.6198
-70.62
-70.6201
-70.6202
-70.6203
-70.6205
-70.6206
-70.6207
-70.6209
-70.621
-70.6211
-70.6213
-70.6214
-70.6216
-70.6217
-70.6219
-70.622
-70.6222
-70.6223
-70.6225
-70.6226
-70.6228
-70.623
-70.6231
-70.6233
-70.6234
-70.6236
-70.6238
-70.6239
-70.6241
-70.6243
-70.6244
-70.6246
-70.6248
-70.625
-70.6251
-70.6253
-70.6255
-70.6257
-70.6258
-70.626
-70.6262
-70.6264
-70.6265
-70.6267
-70.6269
-70.6271
-70.6273
-70.6274
-70.6276
-70.6278
-70.628
-70.6282
-70.6283
-70.6285
-70.6287
-70.6289
-70.6291
-70.6293
-70.6294
-70.6296
-70.6298
-70.63
-70.6302
-70.6304
-70.6305
-70.6307
-70.6309
-70.6311
-70.6313
-70.6315
-70.6317
-70.6318
-70.632
-70.6322
-70.6324
-70.6326
-70.6328
-70.6329
-70.6331
-70.6333
-70.6335
-70.6337
-70.6338
-70.634
-70.6342
-70.6344
-70.6346
-70.6347
-70.6349
-70.6351
-70.6353
-70.6355
-70.6356
-70.6358
-70.636
-70.6362
-70.6364
-70.6365
-70.6367
-70.6369
-70.6371
-70.6372
-70.6374
-70.6376
-70.6378
-70.6379
-70.6381
-70.6383
-70.6384
-70.6386
-70.6388
-70.6389
-70.6391
-70.6393
-70.6394
-70.6396
-70.6398
-70.6399
-70.6401
-70.6403
-70.6404
-70.6406
-70.6408
-70.6409
-70.6411
-70.6412
-70.6414
-70.6416
-70.6417
-70.6419
-70.642
-70.6422
-70.6424
-70.6425
-70.6427
-70.6428
-70.643
-70.6431
-70.6433
-70.6434
-70.6436
-70.6437
-70.6439
-70.644
-70.6442
-70.6443
-70.6445
-70.6446
-70.6448
-70.6449
-70.645
-70.6452
-70.6453
-70.6455
-70.6456
-70.6457
-70.6459
-70.646
-70.6462
-70.6463

