-70
-70.1661
-70.23
-70.2566
-70.2695
-70.2773
-70.283
-70.2879
-70.2925
-70.297
-70.3014
-70.3057
-70.31
-70.3142
-70.3185
-70.3226
-70.3268
-70.3309
-70.335
-70.3391
-70.3431
-70.3471
-70.351
-70.3549
-70.3588
-70.3626
-70.3664
-70.3701
-70.3738
-70.3775
-70.3811
-70.3847
-70.3883
-70.3918
-70.3953
-70.3987
-70.4021
-70.4055
-70.4088
-70.4121
-70.4154
-70.4186
-70.4218
-70.4249
-70.428
-70.4311
-70.4341
-70.4372
-70.4401
-70.4431
-70.446
-70.4489
-70.4517
-70.4545
-70.4573
-70.4601
-70.4628
-70.4655
-70.4682
-70.4708
-70.4734
-70.476
-70.4785
-70.481
-70.4835
-70.486
-70.4884
-70.4908
-70.4932
-70.4955
-70.4978
-70.5001
-70.5024
-70.5046
-70.5068
-70.509
-70.5112
-70.5133
-70.5154
-70.5175
-70.5196
-70.5216
-70.5236
-70.5256
-70.5276
-70.5295
-70.5315
-70.5334
-70.5352
-70.5371
-70.5389
-70.5407
-70.5425
-70.5443
-70.5461
-70.5478
-70.5495
-70.5512
-70.5528
-70.5545
-70.5561
-70.5577
-70.5593
-70.5609
-70.5624
-70.5639
-70.5655
-70.5669
-70.5684
-70.5699
-70.5713
-70.5727
-70.5741
-70.5755
-70.5769
-70.5782
-70.5796
-70.5809
-70.5822
-70.5835
-70.5848
-70.586
-70.5873
-70.5885
-70.5897
-70.5909
-70.5921
-70.5932
-70.5944
-70.5955
-70.5966
-70.5977
-70.5988
-70.5999
-70.601
-70.602
-70.603
-70.6041
-70.6051
-70.6061
-70.6071
-70.608
-70.609
-70.6099
-70.6109
-70.6118
-70.6127
-70.6136
-70.6145
-70.6154
-70.6162
-70.6171
-70.6179
-70.6187
-70.6196
-70.6204
-70.6212
-70.622
-70.6227
-70.6235
-70.6242
-70.625
-70.6257
-70.6265
-70.6272
-70.6279
-70.6286
-70.6293
-70.6299
-70.6306
-70.6313
-70.6319
-70.6325
-70.6332
-70.6338
-70.6344
-70.635
-70.6356
-70.6362
-70.6368
-70.6374
-70.6379
-70.6385
-70.639
-70.6396
-70.6401
-70.6406
-70.6411
-70.6417
-70.6422
-70.6427
-70.6431
-70.6436
-70.6441
-70.6446
-70.645
-70.6455
-70.6459
-70.6464
-70.6468
-70.6472
-70.6476
-70.6481
-70.6485
-70.6489
-70.6493
-70.6497
-70.65
-70.6504
-70.6508
-70.6512
-70.6515
-70.6519
-70.6522
-70.6526
-70.6529
-70.6533
-70.6536
-70.6539
-70.6542
-70.6545
-70.6549
-70.6552
-70.6555
-70.6558
-70.656
-70.6563
-70.6566
-70.6569
-70.6572
-70.6574
-70.6577
-70.658
-70.6582
-70.6585
-70.6587
-70.6589
-70.6592
-70.6594
-70.6597
-70.6599
-70.6601
-70.6603
-70.6605
-70.6607
-70.661
-70.6612
-70.6614
-70.6616
-70.6617
-70.6619
-70.6621
-70.6623
-70.6625
-70.6627
-70.6628
-70.663
-70.6632
-70.6633
-70.6635
-70.6637
-70.6638
-70.664
-70.6641
-70.6643
-70.6644
-70.6646
-70.6647
-70.6648
-70.665
-70.6651
-70.6652
-70.6653
-70.6655
-70.6656
-70.6657
-70.6658
-70.6659
-70.666
-70.6662
-70.6663
-70.6664
-70.6665
-70.6666
-70.6667
-70.6668
-70.6669
-70.667
-70.667
-70.6671
-70.6672
-70.6673
-70.6674
-70.6675
-70.6675
-70.6676
-70.6677
-70.6678
-70.6678
-70.6679
-70.668
-70.668
-70.6681
-70.6682
-70.6682
-70.6683
-70.6683
-70.6684
-70.6685
-70.6685
-70.6686
-70.6686
-70.6687
-70.6687
-70.6688
-70.6688
-70.6688
-70.6689
-70.6689
-70.669
-70.669
-70.669
-70.6691
-70.6691
-70.6691
-70.6692
-70.6692
-70.6692
-70.6693
-70.6693
-70.6693
-70.6694
-70.6694
-70.6694
-70.6694
-70.6694
-70.6695
-70.6695
-70.6695
-70.6695
-70.6695
-70.6696
-70.6696
-70.6696
-70.6696
-70.6696
-70.6696
-70.6696
-70.6697
-70.6697
-70.6697
-70.6697
-70.6697
-70.6697
-70.6697
-70.6697
-70.6697
-70.6697
-70.6697
-70.6697
-70.6697
-70.6697
-70.6697
-70.6697
-70.6697
-70.6697
-70.6697
-70.6697
-70.6697
-70.6697
-70.6697
-70.6697
-70.6697
-70.6697
-70.6697
-70.6697
-70.6697
-70.6697
-70.6697
-70.6697
-70.6697
-70.6697
-70.6697
-70.6696
-70.6696
-70.6696
-70.6696
-70.6696
-70.6696
-70.6696
-70.6696
-70.6696
-70.6695
-70.6695
-70.6695
-70.6695
-70.6695
-70.6695
-70.6695
-70.6695
-70.6694
-70.6694
-70.6694
-70.6694
-70.6694
-70.6694
-70.6693
-70.6693
-70.6693
-70.6693
-70.6693
-70.6693
-70.6693
-70.6692
-70.6692
-70.6692
-70.6692
-70.6692
-70.6691
-70.6691
-70.6691
-70.6691
-70.6691
-70.6691
-70.669
-70.669
-70.669
-70.669
-70.669
-70.6689
-70.6689
-70.6689
-70.6689
-70.6689
-70.6688
-70.6688
-70.6688
-70.6688
-70.6688
-70.6687
-70.6687
-70.6687
-70.6687
-70.6686
-70.6686
-70.6686
-70.6686
-70.6686
-70.6685
-70.6685
-70.6685
-70.6685
-70.6685
-70.6684
-70.6684
-70.6684
-70.6684
-70.6684
-70.6683
-70.6683
-70.6683
-70.6683
-70.6682
-70.6682
-70.6682
-70.6682
-70.6682
-70.6681
-70.6681
-70.6681
-70.6681
-70.6681
-70.6791
-70.9351
-71.6565
-72.5936
-73.3473
-73.8455
-74.1108
-74.2382
-74.2992
-74.3296
-74.3554
-74.3942
-74.4586
-74.5258
-74.5818
-74.6188
-66.4769
-54.2603
-51.0163
-48.8297
-44.6614
10.7801
-23.9802
-53.5254
-69.5078
-68.7844
-67.7716
-66.6733
-65.5438
-64.4352
-63.349
-62.2978
-61.2947
-60.3515
-59.4769
-58.6684
-57.9043
-57.2313
-56.6426
-56.1306
-55.6874
-55.3079
-54.9857
-54.7136
-54.4869
-54.2803
-54.0962
-53.9518
-53.839
-53.7509
-53.6824
-53.6295
-53.5893
-53.5596
-53.5382
-53.5236
-53.5145
-53.51
-53.5071
-53.4625
-53.4318
-53.4177
-53.4127
-53.4125
-53.4149
-53.4189
-53.424
-53.4297
-53.4361
-53.4429
-53.4502
-53.4578
-53.4657
-53.474
-53.4825
-53.4914
-53.5005
-53.5093
-53.5167
-53.5231
-53.5284
-53.5319
-53.5327
-53.5296
-53.5207
-53.503
-53.4355
-53.3691
-53.3415
-53.308
-53.0504
-52.7178
-52.7781
-52.9073
-53.0178
-53.0967
-53.1491
-53.1831
-53.2063
-53.2241
-53.2398
-53.2561
-53.2748
-53.2977
-53.3271
-53.3652
-53.4133
-53.4712
-53.5375
-53.6107
-53.6903
-53.7768
-53.8724
-53.9784
-54.0924
-54.2143
-54.3447
-54.4845
-54.6353
-54.798
-54.9737
-55.1636
-55.3681
-55.5875
-55.8222
-56.0727
-56.3399
-56.6236
-56.9234
-57.2393
-57.5718
-57.9203
-58.284
-58.6629
-59.056
-59.4621
-59.8806
-60.3099
-60.7487
-61.1955
-61.6484
-62.1059
-62.566
-63.0268
-63.4865
-63.943
-64.3947
-64.8396
-65.2762
-65.703
-66.1183
-66.5212
-66.9105
-67.2852
-67.6447
-67.9885
-68.3162
-68.6275
-68.9225
-69.2011
-69.4636
-69.7104
-69.9417
-70.158
-56.9797
-52.3482
-51.1057
-50.7717
-50.9287
-51.3636
-51.8695
-52.3114
-52.6368
-52.866
-53.0301
-53.1518
-53.245
-53.3201
-53.3836
-53.4397
-53.4907
-53.5384
-53.5848
-53.6314
-53.6787
-53.7261
-53.7742
-53.8237
-53.8752
-53.9292
-53.9859
-54.0458
-54.1096
-54.1805
-54.2592
-54.3421
-54.4278
-54.5172
-54.6109
-54.7096
-54.8135
-54.9233
-55.0391
-55.164
-55.3047
-55.4612
-55.6226
-55.785
-55.9495
-56.1175
-56.2898
-56.4666
-56.6471
-56.831
-57.0206
-57.2338
-57.4716
-57.7119
-57.9417
-58.1627
-58.3777
-58.5885
-58.7958
-58.9995
-59.1995
-59.3958
-59.6106
-59.8544
-60.1113
-60.3494
-60.5663
-60.7673
-60.9565
-61.1364
-61.3088
-61.4749
-61.6354
-61.7936
-61.9807
-62.197
-62.419
-62.6187
-62.7965
-62.9585
-63.1093
-63.2522
-63.3892
-63.5216
-63.6503
-63.7769
-63.9313
-64.1151
-64.3103
-64.4868
-64.6428
-64.7839
-64.9148
-65.0387
-65.1576
-65.273
-65.3855
-65.4958
-65.6152
-65.7624
-65.9331
-66.096
-66.2392
-66.3661
-66.4815
-66.5887
-66.6902
-66.7873
-66.8838
-67.0009
-67.1386
-67.278
-67.4023
-67.5121
-67.6111
-67.7025
-67.7883
-67.87
-67.9488
-68.03
-68.135
-68.2638
-68.4032
-68.5323
-68.6484
-68.7541
-68.8518
-68.9433
-69.0299
-69.1121
-69.1907
-69.2665
-69.3555
-69.4571
-69.5898
-69.7256
-69.8409
-69.9367
-70.018
-70.1112
-70.244
-70.5251
-70.9984
-71.5223
-71.9511
-72.2614
-72.4733
-72.6205
-72.7519
-72.9384
-73.172
-73.4453
-73.7395
-73.9813
-74.1378
-74.2289
-74.2788
-74.3065
-74.3321
-74.377
-74.4351
-74.5039
-74.5808
-74.6438
-74.6807
-74.6987
-74.7055
-74.7074
-74.7105
-74.719
-74.7311
-74.7465
-74.7663
-74.7852
-74.7972
-74.8018
-74.8008
-74.7964
-74.7911
-74.7882
-74.7884
-74.7918
-74.7996
-74.8094
-74.8173
-74.8207
-74.819
-74.8134
-74.8062
-74.7994
-74.7957
-74.7952
-74.7991
-74.8061
-74.8132
-74.8182
-74.8194
-74.8166
-74.8101
-74.8025
-74.7956
-74.7912
-74.79
-74.7939
-74.7994
-74.8054
-74.8091
-74.8106
-74.8089
-74.804
-74.7972
-74.7904
-74.7857
-74.7844
-74.7877
-74.792
-74.7968
-74.8002
-74.8011
-74.7998
-74.7961
-74.7903
-74.7831
-74.7771
-74.7749
-74.7774
-74.782
-74.7861
-74.79
-74.7921
-74.7913
-74.7894
-74.7861
-74.781
-74.7744
-74.7695
-74.7688
-74.7716
-74.7749
-74.777
-74.779
-74.7803
-74.7792
-74.7766
-74.7745
-74.7714
-74.7672
-74.7641
-74.7637
-74.7656
-74.7688
-74.7703
-74.7702
-74.771
-74.7707
-74.7687
-74.7651
-74.7626
-74.7594
-74.7563
-74.7551
-74.7558
-74.7578
-74.7602
-74.7604
-74.7589
-74.7593
-74.76
-74.7591
-74.7555
-74.7526
-74.7514
-74.7499
-74.7503
-74.7511
-74.752
-74.7535
-74.7535
-74.7501
-74.7481
-74.748
-74.747
-74.7445
-74.7409
-74.7382
-74.7378
-74.7392
-74.7412
-74.7429
-74.7448
-74.7467
-74.7457
-74.7413
-74.7394
-74.7383
-74.7367
-74.7353
-74.7329
-74.7295
-74.728
-74.7309
-74.7339
-74.7351
-74.7358
-74.7364
-74.7357
-74.7315
-74.7266
-74.7237
-74.7224
-74.7208
-74.721
-74.7192
-74.717
-74.7178
-74.7209
-74.725
-74.728
-74.7287
-74.7288
-74.7293
-74.7257
-74.7197
-74.7148
-74.711
-74.7092
-74.7087
-74.709
-74.7079
-74.7075
-74.7072
-74.7077
-74.7108
-74.7136
-74.7152
-74.7164
-74.7169
-74.713
-74.7069
-74.7007
-74.6967
-74.6931
-74.6927
-74.6949
-74.6987
-74.6998
-74.6989
-74.6979
-74.6987
-74.7003
-74.7033
-74.707
-74.7091
-74.7075
-74.7022
-74.6961
-74.69
-74.6841
-74.6785
-74.6736
-74.6751
-74.6792
-74.6829
-74.6824
-74.6813
-74.6813
-74.6815
-74.6829
-74.6877
-74.6915
-74.6933
-74.6924
-74.6887
-74.6829
-74.6764
-74.6717
-74.6665
-74.662
-74.6613
-74.6645
-74.667
-74.6689
-74.6699
-74.6708
-74.6713
-74.6701
-74.6705
-74.6739
-74.6765
-74.6787
-74.6789
-74.6754
-74.6683
-74.6588
-74.6518
-74.646
-74.6418
-74.6399
-74.6378
-74.6396
-74.6428
-74.6455
-74.6502
-74.653
-74.6529
-74.6501
-74.6489
-74.6503
-74.6544
-74.6601
-74.6617
-74.6593
-74.655
-74.649
-74.6422
-74.6367
-74.6329
-74.6283
-74.6231
-74.619
-74.6194
-74.6234
-74.6283
-74.6344
-74.6367
-74.6361
-74.6311
-74.6274
-74.6292
-74.6335
-74.6342
-74.6358
-74.6369
-74.6331
-74.6263
-74.621
-74.6164
-74.6103
-74.6097
-74.6071
-74.6002
-74.594
-74.5894
-74.5894
-74.594
-74.5993
-74.6042
-74.6073
-74.607
-74.6046
-74.602
-74.6014
-74.6038
-74.6058
-74.6066
-74.609
-74.6086
-74.6062
-74.6036
-74.6008
-74.5975
-74.5924
-74.5898
-74.588
-74.5852
-74.5817
-74.5749
-74.5697
-74.566
-74.5649
-74.5696
-74.573
-74.5739
-74.575
-74.5752
-74.5766
-74.5754
-74.5723
-74.5714
-74.5721
-74.5716
-74.5713
-74.5701
-74.5678
-74.5626
-74.5552
-74.553
-74.5551
-74.5596
-74.5587
-74.5523
-74.5443
-74.5406
-74.539
-74.5337
-74.5276
-74.5242
-74.5235
-74.5261
-74.5285
-74.5311
-74.5317
-74.5298
-74.5266
-74.5264
-74.5247
-74.5228
-74.5214
-74.5223
-74.5237
-74.5247
-74.53
-74.5339
-74.5316
-74.5251
-74.5206
-74.5194
-74.5202
-74.5207
-74.5203
-74.517
-74.5092
-74.5036
-74.5024
-74.5009
-74.4947
-74.4872
-74.4832
-74.483
-74.4846
-74.4858
-74.4867
-74.4846
-74.4827
-74.4845
-74.481
-74.4734
-74.4663
-74.4572
-74.4516
-74.4514
-74.4523
-74.4558
-74.4624
-74.4676
-74.4733
-74.4799
-74.4845
-74.4834
-74.4811
-74.4777
-74.4714
-74.4624
-74.4531
-74.4451
-74.4342
-74.42
-74.4059
-74.4008
-74.4065
-74.4125
-74.4138
-74.414
-74.4194
-74.4251
-74.4262
-74.4235
-74.4187
-74.4106
-74.4028
-74.3975
-74.3947
-74.3909
-74.3848
-74.3772
-74.3765
-74.374
-74.3677
-74.3604
-74.3576
-74.3555
-74.3574
-74.362
-74.3682
-74.3773
-74.3852
-74.3946
-74.4016
-74.4062
-74.4101
-74.4128
-74.4121
-74.4071
-74.3992
-74.3897
-74.3754
-74.3584
-74.3413
-74.3246
-74.3091
-74.2962
-74.2878
-74.2795
-74.275
-74.281
-74.2878
-74.2973
-74.311
-74.3271
-74.3373
-74.3396
-74.3362
-74.3354
-74.3319
-74.3209
-74.3059
-74.291
-74.2759
-74.2635
-74.2583
-74.2544
-74.2491
-74.2498
-74.2518
-74.2544
-74.253
-74.2526
-74.2573
-74.263
-74.264
-74.2603
-74.2561
-74.2523
-74.2474
-74.2399
-74.2347
-74.2456
-74.2621
-74.2783
-74.2906
-74.2951
-74.298
-74.2962
-74.2925
-74.2861
-74.2779
-74.2668
-74.2524
-74.235
-74.2189
-74.2044
-74.1908
-74.1771
-74.1658
-74.1567
-74.1532
-74.1539
-74.1511
-74.1476
-74.1441
-74.1374
-74.1309
-74.1213
-74.1124
-74.1092
-74.1147
-74.1242
-74.1305
-74.1342
-74.1337
-74.1322
-74.1274
-74.1245
-74.1231
-74.1191
-74.1117
-74.0989
-74.0815
-74.0634
-74.046
-74.0264
-74.0109
-74.0034
-73.9988
-73.9982
-74.0056
-74.0095
-74.015
-74.0226
-74.0308
-74.0327
-74.0287
-74.0219
-74.015
-74.0111
-74.01
-74.0122
-74.0122
-74.0122
-74.009
-74.0042
-73.9991
-73.9957
-73.9955
-73.9974
-74.0038
-74.0079
-74.0136
-74.0128
-74.0083
-74.0094
-74.023
-74.044
-74.0577
-74.0609
-74.0567
-74.0487
-74.049
-74.0475
-74.042
-74.032
-74.0229
-74.011
-73.9989
-73.9913
-73.9816
-73.968
-73.9593
-73.9516
-73.9407
-73.9278
-73.913
-73.9011
-73.8895
-73.8815
-73.8719
-73.8646
-73.8668
-73.8787
-73.8873
-73.8855
-73.8773
-73.8715
-73.862
-73.8511
-73.8398
-73.8284
-73.8177
-73.8035
-73.7843
-73.7613
-73.7377
-73.7179
-73.7038
-73.697
-73.6939
-73.6897
-73.679
-73.6621
-73.6486
-73.6559
-73.6674
-73.6778
-73.685
-73.6849
-73.6816
-73.6756
-73.668
-73.6585
-73.6492
-73.6453
-73.6479
-73.6465
-73.6372
-73.6258
-73.6217
-73.6187
-73.618
-73.6146
-73.6044
-73.5882
-73.5677
-73.5443
-73.5206
-73.5023
-73.4831
-73.4609
-73.4362
-73.4101
-73.3932
-73.3846
-73.3731
-73.3628
-73.3525
-73.3416
-73.3403
-73.3394
-73.3399
-73.3351
-73.3237
-73.3081
-73.3011
-73.3029
-73.3068
-73.304
-73.2939
-73.2783
-73.2639
-73.2592
-73.2565
-73.2482
-73.2342
-73.2159
-73.1947
-73.1714
-73.1467
-73.1209
-73.0944
-73.0674
-73.04
-73.016
-73.001
-72.9944
-73.0015
-73.0046
-72.9997
-72.9884
-72.9724
-72.9534
-72.9322
-72.9096
-72.8859
-72.8615
-72.8366
-72.8113
-72.7858
-72.7601
-72.7344
-72.7087
-72.6845
-72.6725
-72.6631
-72.6504
-72.6343
-72.6158
-72.5956
-72.5743
-72.5523
-72.5298
-72.507
-72.4841
-72.4612
-72.4382
-72.4153
-72.3924
-72.3697
-72.3471
-72.3247
-72.3024
-72.2804
-72.2585
-72.2368
-72.2154
-72.1941
-72.1731
-72.1527
-72.1504
-72.1687
-72.1839
-72.1901
-72.1889
-72.1824
-72.1723
-72.1598
-72.1457
-72.1303
-72.1142
-72.0975
-72.0804
-72.063
-72.0454
-72.0277
-72.0111
-72.0101
-72.0138
-72.0132
-72.0079
-71.9991
-71.9879
-71.9751
-71.9611
-71.9464
-71.9312
-71.9156
-71.8998
-71.8839
-71.8679
-71.8519
-71.8359
-71.8199
-71.804
-71.7883
-71.7731
-71.774
-71.7821
-71.7859
-71.7845
-71.7792
-71.7712
-71.7613
-71.7502
-71.7382
-71.7256
-71.7127
-71.6994
-71.686
-71.6725
-71.659
-71.6454
-71.6319
-71.6184
-71.6049
-71.5916
-71.5783
-71.5651
-71.5521
-71.5392
-71.5264
-71.5137
-71.5011
-71.4887
-71.4764
-71.4643
-71.4523
-71.4404
-71.4287
-71.4171
-71.4056
-71.3943
-71.3831
-71.372
-71.3611
-71.3503
-71.3397
-71.3291
-71.3187
-71.3085
-71.2983
-71.2883
-71.2785
-71.2687
-71.2591
-71.2496
-71.2402
-71.2309
-71.2218
-71.2127
-71.2038
-71.195
-71.1863
-71.1777
-71.1693
-71.1609
-71.1527
-71.1445
-71.1365
-71.1286
-71.1207
-71.113
-71.1054
-71.0978
-71.0904
-71.0831
-71.0758
-71.0687
-71.0616
-71.0547
-71.0478
-71.0411
-71.0344
-71.0278
-71.0213
-71.0149
-71.0085
-71.0023
-70.9961
-70.9901
-70.9841
-70.9782
-70.9723
-70.9666
-70.9609
-70.9553
-70.9498
-70.9443
-70.939
-70.9337
-70.9284
-70.9233
-70.9182
-70.9132
-70.9082
-70.9034
-70.8986
-70.8938
-70.8892
-70.8846
-70.88
-70.8755
-70.8711
-70.8668
-70.8625
-70.8583
-70.8541
-70.85
-70.846
-70.842
-70.838
-70.8342
-70.8303
-70.8266
-70.8229
-70.8192
-70.8156
-70.8121
-70.8086
-70.8051
-70.8017
-70.7984
-70.7951
-70.7919
-70.7887
-70.7855
-70.7824
-70.7794
-70.7764
-70.7734
-70.7705
-70.7676
-70.7648
-70.762
-70.7593
-70.7566
-70.7539
-70.7513
-70.7488
-70.7462
-70.7437
-70.7413
-70.7389
-70.7365
-70.7341
-70.7318
-70.7296
-70.7273
-70.7252
-70.723
-70.7209
-70.7188
-70.7167
-70.7147
-70.7127
-70.7108
-70.7089
-70.707
-70.7051
-70.7033
-70.7015
-70.6997
-70.698
-70.6963
-70.6946
-70.693
-70.6913
-70.6897
-70.6882
-70.6866
-70.6851
-70.6837
-70.6822
-70.6808
-70.6794
-70.678
-70.6766
-70.6753
-70.674
-70.6727
-70.6715
-70.6702
-70.669
-70.6678
-70.6666
-70.6655
-70.6644
-70.6633
-70.6622
-70.6611
-70.6601
-70.6591
-70.6581
-70.6571
-70.6561
-70.6552
-70.6543
-70.6534
-70.6525
-70.6516
-70.6508
-70.6499
-70.6491
-70.6483
-70.6475
-70.6468
-70.646
-70.6453
-70.6446
-70.6439
-70.6432
-70.6425
-70.6419
-70.6412
-70.6406
-70.64
-70.6394
-70.6388
-70.6383
-70.6377
-70.6372
-70.6366
-70.6361
-70.6356
-70.6351
-70.6346
-70.6342
-70.6337
-70.6333
-70.6328
-70.6324
-70.632
-70.6316
-70.6312
-70.6309
-70.6305
-70.6301
-70.6298
-70.6295
-70.6291
-70.6288
-70.6285
-70.6282
-70.628
-70.6277
-70.6274
-70.6272
-70.6269
-70.6267
-70.6264
-70.6262
-70.626
-70.6258
-70.6256
-70.6254
-70.6252
-70.625
-70.6249
-70.6247
-70.6246
-70.6244
-70.6243
-70.6241
-70.624
-70.6239
-70.6238
-70.6237
-70.6236
-70.6235
-70.6234
-70.6233
-70.6232
-70.6232
-70.6231
-70.623
-70.623
-70.6229
-70.6229
-70.6228
-70.6228
-70.6228
-70.6228
-70.6227
-70.6227
-70.6227
-70.6227
-70.6227
-70.6227
-70.6227
-70.6227
-70.6227
-70.6228
-70.6228
-70.6228
-70.6229
-70.6229
-70.6229
-70.623
-70.623
-70.6231
-70.6231
-70.6232
-70.6232
-70.6233
-70.6234
-70.6234
-70.6235
-70.6236
-70.6237
-70.6237
-70.6238
-70.6239
-70.624
-70.6241
-70.6242
-70.6243
-70.6244
-70.6245
-70.6246
-70.6247
-70.6248
-70.6249
-70.625
-70.6251
-70.6252
-70.6253
-70.6255
-70.6256
-70.6257
-70.6258
-70.626
-70.6261
-70.6262
-70.6263
-70.6265
-70.6266
-70.6267
-70.6269
-70.627
-70.6272
-70.6273
-70.6274
-70.6276
-70.6277
-70.6279
-70.628
-70.6282
-70.6283
-70.6284
-70.6286
-70.6287
-70.6289
-70.629
-70.6292
-70.6294
-70.6295
-70.6297
-70.6298
-70.63
-70.6301
-70.6303
-70.6304
-70.6306
-70.6308
-70.6309
-70.6311
-70.6312
-70.6314
-70.6316
-70.6317
-70.6319
-70.632
-70.6322
-70.6324
-70.6325
-70.6327
-70.6329
-70.633
-70.6332
-70.6334
-70.6335
-70.6337
-70.6338
-70.634
-70.6342
-70.6343
-70.6345
-70.6347
-70.6348
-70.635
-70.6352
-70.6353
-70.6355
-70.6356
-70.6358
-70.636
-70.6361
-70.6363
-70.6365
-70.6366
-70.6368
-70.6369
-70.6371
-70.6373
-70.6374
-70.6376
-70.6378
-70.6379
-70.6381
-70.6382
-70.6384
-70.6386
-70.6387
-70.6389
-70.639
-70.6392
-70.6393
-70.6395
-70.6397
-70.6398
-70.64
-70.6401
-70.6403
-70.6404
-70.6406
-70.6407
-70.6409
-70.641
-70.6412
-70.6413
-70.6415
-70.6417
-70.6418
-70.642
-70.6421
-70.6422
-70.6424
-70.6425
-70.6427
-70.6428
-70.643
-70.6431
-70.6433
-70.6434
-70.6436
-70.6437
-70.6438
-70.644
-70.6441
-70.6443
-70.6444
-70.6446
-70.6447
-70.6448
-70.645
-70.6451
-70.6452

