-70
-70.1661
-70.23
-70.2566
-70.2695
-70.2773
-70.283
-70.2879
-70.2925
-70.297
-70.3014
-70.3057
-70.31
-70.3142
-70.3185
-70.3226
-70.3268
-70.3309
-70.335
-70.3391
-70.3431
-70.3471
-70.351
-70.3549
-70.3588
-70.3626
-70.3664
-70.3701
-70.3738
-70.3775
-70.3811
-70.3847
-70.3883
-70.3918
-70.3953
-70.3987
-70.4021
-70.4055
-70.4088
-70.4121
-70.4154
-70.4186
-70.4218
-70.4249
-70.428
-70.4311
-70.4341
-70.4372
-70.4401
-70.4431
-70.446
-70.4489
-70.4517
-70.4545
-70.4573
-70.4601
-70.4628
-70.4655
-70.4682
-70.4708
-70.4734
-70.476
-70.4785
-70.481
-70.4835
-70.486
-70.4884
-70.4908
-70.4932
-70.4955
-70.4978
-70.5001
-70.5024
-70.5046
-70.5068
-70.509
-70.5112
-70.5133
-70.5154
-70.5175
-70.5196
-70.5216
-70.5236
-70.5256
-70.5276
-70.5295
-70.5315
-70.5334
-70.5352
-70.5371
-70.5389
-70.5407
-70.5425
-70.5443
-70.5461
-70.5478
-70.5495
-70.5512
-70.5528
-70.5545
-70.5561
-70.5577
-70.5593
-70.5609
-70.5624
-70.5639
-70.5655
-70.5669
-70.5684
-70.5699
-70.5713
-70.5727
-70.5741
-70.5755
-70.5769
-70.5782
-70.5796
-70.5809
-70.5822
-70.5835
-70.5848
-70.586
-70.5873
-70.5885
-70.5897
-70.5909
-70.5921
-70.5932
-70.5944
-70.5955
-70.5966
-70.5977
-70.5988
-70.5999
-70.601
-70.602
-70.603
-70.6041
-70.6051
-70.6061
-70.6071
-70.608
-70.609
-70.6099
-70.6109
-70.6118
-70.6127
-70.6136
-70.6145
-70.6154
-70.6162
-70.6171
-70.6179
-70.6187
-70.6196
-70.6204
-70.6212
-70.622
-70.6227
-70.6235
-70.6242
-70.625
-70.6257
-70.6265
-70.6272
-70.6279
-70.6286
-70.6293
-70.6299
-70.6306
-70.6313
-70.6319
-70.6325
-70.6332
-70.6338
-70.6344
-70.635
-70.6356
-70.6362
-70.6368
-70.6374
-70.6379
-70.6385
-70.639
-70.6396
-70.6401
-70.6406
-70.6411
-70.6417
-70.6422
-70.6427
-70.6431
-70.6436
-70.6441
-70.6446
-70.645
-70.6455
-70.6459
-70.6464
-70.6468
-70.6472
-70.6476
-70.6481
-70.6485
-70.6489
-70.6493
-70.6497
-70.65
-70.6504
-70.6508
-70.6512
-70.6515
-70.6519
-70.6522
-70.6526
-70.6529
-70.6533
-70.6536
-70.6539
-70.6542
-70.6545
-70.6549
-70.6552
-70.6555
-70.6558
-70.656
-70.6563
-70.6566
-70.6569
-70.6572
-70.6574
-70.6577
-70.658
-70.6582
-70.6585
-70.6587
-70.6589
-70.6592
-70.6594
-70.6597
-70.6599
-70.6601
-70.6603
-70.6605
-70.6607
-70.661
-70.6612
-70.6614
-70.6616
-70.6617
-70.6619
-70.6621
-70.6623
-70.6625
-70.6627
-70.6628
-70.663
-70.6632
-70.6633
-70.6635
-70.6637
-70.6638
-70.664
-70.6641
-70.6643
-70.6644
-70.6646
-70.6647
-70.6648
-70.665
-70.6651
-70.6652
-70.6653
-70.6655
-70.6656
-70.6657
-70.6658
-70.6659
-70.666
-70.6662
-70.6663
-70.6664
-70.6665
-70.6666
-70.6667
-70.6668
-70.6669
-70.667
-70.667
-70.6671
-70.6672
-70.6673
-70.6674
-70.6675
-70.6675
-70.6676
-70.6677
-70.6678
-70.6678
-70.6679
-70.668
-70.668
-70.6681
-70.6682
-70.6682
-70.6683
-70.6683
-70.6684
-70.6685
-70.6685
-70.6686
-70.6686
-70.6687
-70.6687
-70.6688
-70.6688
-70.6688
-70.6689
-70.6689
-70.669
-70.669
-70.669
-70.6691
-70.6691
-70.6691
-70.6692
-70.6692
-70.6692
-70.6693
-70.6693
-70.6693
-70.6694
-70.6694
-70.6694
-70.6694
-70.6694
-70.6695
-70.6695
-70.6695
-70.6695
-70.6695
-70.6696
-70.6696
-70.6696
-70.6696
-70.6696
-70.6696
-70.6696
-70.6697
-70.6697
-70.6697
-70.6697
-70.6697
-70.6697
-70.6697
-70.6697
-70.6697
-70.6697
-70.6697
-70.6697
-70.6697
-70.6697
-70.6697
-70.6697
-70.6697
-70.6697
-70.6697
-70.6697
-70.6697
-70.6697
-70.6697
-70.6697
-70.6697
-70.6697
-70.6697
-70.6697
-70.6697
-70.6697
-70.6697
-70.6697
-70.6697
-70.6697
-70.6697
-70.6696
-70.6696
-70.6696
-70.6696
-70.6696
-70.6696
-70.6696
-70.6696
-70.6696
-70.6695
-70.6695
-70.6695
-70.6695
-70.6695
-70.6695
-70.6695
-70.6695
-70.6694
-70.6694
-70.6694
-70.6694
-70.6694
-70.6694
-70.6693
-70.6693
-70.6693
-70.6693
-70.6693
-70.6693
-70.6693
-70.6692
-70.6692
-70.6692
-70.6692
-70.6692
-70.6691
-70.6691
-70.6691
-70.6691
-70.6691
-70.6691
-70.669
-70.669
-70.669
-70.669
-70.669
-70.6689
-70.6689
-70.6689
-70.6689
-70.6689
-70.6688
-70.6688
-70.6688
-70.6688
-70.6688
-70.6687
-70.6687
-70.6687
-70.6687
-70.6686
-70.6686
-70.6686
-70.6686
-70.6686
-70.6685
-70.6685
-70.6685
-70.6685
-70.6685
-70.6684
-70.6684
-70.6684
-70.6684
-70.6684
-70.6683
-70.6683
-70.6683
-70.6683
-70.6682
-70.6682
-70.6682
-70.6682
-70.6682
-70.6681
-70.6681
-70.6681
-70.6681
-70.6681
-70.6715
-70.8397
-71.5174
-72.4425
-73.2403
-73.7781
-56.99
-52.0527
-50.0552
-48.1454
-43.9461
9.48962
-25.0008
-54.7988
-68.9938
-68.2501
-67.2182
-66.1563
-65.0855
-64.0236
-62.9883
-61.997
-61.064
-60.2002
-59.2315
-58.3078
-57.5682
-56.9389
-56.395
-55.926
-55.5157
-55.132
-54.8151
-54.5564
-54.3458
-54.1749
-54.0356
-53.9022
-53.7939
-53.7111
-53.6482
-53.6005
-53.5649
-53.5383
-53.5029
-53.4748
-53.4567
-53.4457
-53.4396
-53.4368
-53.4367
-53.4384
-53.4281
-53.4165
-53.4111
-53.4101
-53.4117
-53.4149
-53.4192
-53.4241
-53.4296
-53.4355
-53.4361
-53.4211
-53.4129
-53.4106
-53.4115
-53.4142
-53.4178
-53.4219
-53.4265
-53.4313
-53.4362
-53.4414
-53.4467
-53.4521
-53.4577
-53.4494
-53.4236
-53.4112
-53.4065
-53.4052
-53.405
-53.4048
-53.4038
-53.4013
-53.396
-53.3854
-53.3619
-53.2816
-52.6347
-52.3125
-52.4342
-52.6233
-52.7829
-52.8982
-52.9763
-53.0288
-53.0665
-53.097
-53.1788
-53.3621
-53.4261
-53.4431
-53.4464
-53.4477
-53.4508
-53.4569
-53.4658
-53.4774
-53.4917
-53.5086
-53.5288
-53.552
-53.5779
-53.6064
-53.6378
-53.6725
-53.7108
-53.7532
-53.8
-53.8514
-53.9079
-53.9698
-54.0376
-54.1115
-54.1921
-54.2794
-54.3738
-54.4758
-54.5862
-54.7053
-54.8337
-53.9203
-53.4533
-53.3434
-53.3375
-53.3611
-53.3918
-53.4231
-53.4532
-53.4818
-53.5093
-53.5362
-53.5627
-53.5895
-53.6167
-53.645
-53.6744
-53.7056
-53.7388
-53.7743
-53.8125
-53.8535
-53.8976
-53.945
-53.9961
-54.0512
-54.1105
-54.1762
-54.249
-54.3263
-54.4083
-54.4959
-54.5896
-54.6898
-54.7971
-54.9119
-55.0348
-55.1674
-55.318
-55.4849
-53.8475
-53.2955
-53.1913
-53.205
-53.2471
-53.2924
-53.3342
-53.3715
-53.4049
-53.4357
-53.4639
-53.49
-53.5148
-53.5387
-53.5624
-53.5862
-53.6105
-53.6358
-53.6622
-53.6918
-53.7251
-53.7601
-53.7969
-53.8358
-53.8775
-53.9222
-53.9703
-54.0221
-54.0779
-54.138
-54.2075
-54.2878
-54.3714
-54.458
-54.5489
-54.6449
-54.7468
-54.8549
-54.9699
-55.0922
-55.2218
-55.3642
-55.5345
-55.7126
-55.891
-56.0715
-53.719
-53.1531
-53.0671
-53.1006
-53.1591
-53.2167
-53.2676
-53.312
-53.3509
-53.3846
-53.4141
-53.4405
-53.4647
-53.4874
-53.5092
-53.5305
-53.5519
-53.5736
-53.5966
-53.6223
-53.6512
-53.6816
-53.7129
-53.7458
-53.7808
-53.8184
-53.8588
-53.9024
-53.9495
-54.0002
-54.0563
-54.122
-54.1951
-54.2769
-54.3616
-54.449
-54.5405
-54.637
-54.7393
-54.8478
-54.963
-55.0854
-55.2149
-55.3631
-55.526
-55.7027
-55.8931
-56.0837
-56.2745
-56.4676
-56.664
-56.864
-54.0747
-53.0901
-52.9246
-52.9586
-53.0372
-53.117
-53.1867
-53.2453
-53.2945
-53.3363
-53.3723
-53.4038
-53.4323
-53.4596
-53.4862
-53.5118
-53.5364
-53.5607
-53.5854
-53.6109
-53.6375
-53.6656
-53.6956
-53.7279
-53.7635
-53.8064
-53.8568
-53.9158
-53.9834
-54.054
-54.1253
-54.1991
-54.2852
-54.3898
-54.5351
-54.7052
-54.9163
-55.1868
-55.4722
-55.7307
-55.9645
-56.1897
-56.43
-56.7929
-57.3006
-57.8648
-58.5026
-59.1252
-59.6651
-60.1339
-60.5677
-60.9914
-61.4444
-61.9845
-62.6073
-63.2703
-63.9147
-64.5221
-65.0717
-65.5742
-66.0458
-66.4956
-66.9388
-67.4083
-67.8982
-68.3959
-68.8689
-69.3206
-69.7315
-70.0984
-70.4298
-70.7329
-71.0142
-71.2902
-71.5683
-71.8471
-72.1138
-72.358
-72.5826
-72.7794
-72.9502
-73.1002
-73.2341
-73.3594
-73.4829
-73.6048
-73.7265
-73.8383
-73.9386
-74.0286
-74.1052
-74.1687
-74.2223
-74.2691
-74.313
-74.3571
-74.4019
-74.4489
-74.4917
-74.5296
-74.5635
-74.5918
-74.6131
-74.6288
-74.6411
-74.6533
-74.6668
-74.6814
-74.6987
-74.7156
-74.7304
-74.7428
-74.7527
-74.759
-74.7616
-74.7617
-74.7615
-74.7637
-74.768
-74.774
-74.7821
-74.7893
-74.7953
-74.7993
-74.8018
-74.8016
-74.7986
-74.7947
-74.7916
-74.7904
-74.7914
-74.7933
-74.797
-74.801
-74.8037
-74.8047
-74.8052
-74.8042
-74.8008
-74.7972
-74.7945
-74.7925
-74.7917
-74.7919
-74.7933
-74.7959
-74.7984
-74.7987
-74.7979
-74.7969
-74.7945
-74.7906
-74.787
-74.7845
-74.7837
-74.782
-74.7805
-74.7816
-74.7847
-74.7875
-74.7874
-74.7855
-74.7853
-74.7845
-74.7821
-74.7782
-74.7763
-74.7758
-74.7737
-74.771
-74.7696
-74.7716
-74.7741
-74.7745
-74.7715
-74.7688
-74.77
-74.7704
-74.7674
-74.7647
-74.7636
-74.7631
-74.761
-74.7585
-74.7585
-74.7604
-74.7618
-74.7616
-74.7598
-74.7572
-74.7583
-74.7599
-74.7585
-74.7565
-74.7541
-74.7514
-74.749
-74.7464
-74.7445
-74.7453
-74.7451
-74.7446
-74.7439
-74.7432
-74.742
-74.7428
-74.7458
-74.7469
-74.7453
-74.7419
-74.7394
-74.7369
-74.7343
-74.7327
-74.7336
-74.7333
-74.7336
-74.7337
-74.7318
-74.7298
-74.7286
-74.7304
-74.7331
-74.7335
-74.7309
-74.7277
-74.7235
-74.7188
-74.7143
-74.7144
-74.7165
-74.7173
-74.7193
-74.7208
-74.719
-74.7147
-74.7122
-74.7142
-74.7171
-74.7199
-74.7197
-74.7175
-74.7143
-74.7085
-74.7021
-74.6982
-74.7014
-74.7047
-74.7076
-74.7098
-74.7091
-74.7057
-74.7014
-74.6972
-74.6948
-74.698
-74.6989
-74.6983
-74.6977
-74.6963
-74.6916
-74.6859
-74.6791
-74.6788
-74.6857
-74.6914
-74.6934
-74.6948
-74.6946
-74.6922
-74.6892
-74.6862
-74.6819
-74.6796
-74.6796
-74.6785
-74.6779
-74.6781
-74.677
-74.6735
-74.6683
-74.6658
-74.6697
-74.674
-74.6759
-74.6754
-74.6765
-74.6767
-74.6765
-74.6755
-74.6715
-74.6661
-74.6585
-74.6515
-74.6481
-74.6479
-74.6488
-74.6498
-74.6488
-74.6461
-74.6463
-74.6477
-74.6532
-74.6577
-74.6566
-74.6544
-74.6567
-74.659
-74.6611
-74.6609
-74.6573
-74.6519
-74.6461
-74.6383
-74.6291
-74.6231
-74.6228
-74.6247
-74.6258
-74.627
-74.6287
-74.6297
-74.6296
-74.6289
-74.631
-74.6335
-74.6339
-74.6342
-74.6329
-74.6331
-74.6359
-74.638
-74.6367
-74.6305
-74.6199
-74.6093
-74.6001
-74.5915
-74.5886
-74.5881
-74.5882
-74.5902
-74.5959
-74.6017
-74.604
-74.6037
-74.6021
-74.602
-74.6053
-74.607
-74.6069
-74.6053
-74.6043
-74.6081
-74.6109
-74.6088
-74.6059
-74.6031
-74.5961
-74.586
-74.5772
-74.5683
-74.5613
-74.558
-74.5586
-74.5615
-74.5658
-74.5712
-74.5752
-74.5771
-74.5797
-74.5776
-74.5742
-74.572
-74.5692
-74.571
-74.5715
-74.5667
-74.5657
-74.5673
-74.5702
-74.5725
-74.571
-74.5641
-74.5548
-74.5474
-74.5413
-74.5353
-74.5254
-74.5154
-74.5136
-74.5159
-74.5188
-74.5221
-74.5249
-74.5272
-74.5326
-74.5377
-74.5398
-74.5388
-74.5316
-74.5223
-74.5188
-74.5208
-74.5277
-74.5322
-74.5326
-74.5294
-74.5267
-74.526
-74.5246
-74.5227
-74.5211
-74.5171
-74.5107
-74.502
-74.4896
-74.4784
-74.4716
-74.4627
-74.4549
-74.4556
-74.4625
-74.4743
-74.4826
-74.4833
-74.4844
-74.489
-74.4907
-74.4919
-74.4931
-74.4939
-74.489
-74.4786
-74.4697
-74.4653
-74.4674
-74.4675
-74.4651
-74.4659
-74.4734
-74.4806
-74.4812
-74.4761
-74.4674
-74.4602
-74.4553
-74.4514
-74.4467
-74.4384
-74.4278
-74.4162
-74.4019
-74.3862
-74.3778
-74.3828
-74.3915
-74.3985
-74.4015
-74.402
-74.4
-74.397
-74.3967
-74.3999
-74.4031
-74.4056
-74.4055
-74.4088
-74.4098
-74.4096
-74.4076
-74.4048
-74.399
-74.3914
-74.3839
-74.378
-74.3742
-74.3725
-74.3714
-74.3761
-74.383
-74.3897
-74.3931
-74.3914
-74.3857
-74.3835
-74.3781
-74.3695
-74.3606
-74.3524
-74.3447
-74.3369
-74.3279
-74.3188
-74.3113
-74.3034
-74.2969
-74.2929
-74.2905
-74.2858
-74.2819
-74.2858
-74.2882
-74.2916
-74.2989
-74.3047
-74.3058
-74.3011
-74.2902
-74.2816
-74.2754
-74.2712
-74.2663
-74.2597
-74.2573
-74.2539
-74.2587
-74.2719
-74.2831
-74.2872
-74.2851
-74.2787
-74.2716
-74.2691
-74.2695
-74.2676
-74.2682
-74.2688
-74.2659
-74.2655
-74.2671
-74.2661
-74.2647
-74.2634
-74.2608
-74.2597
-74.256
-74.2481
-74.2361
-74.2208
-74.2065
-74.1924
-74.1756
-74.1636
-74.1623
-74.1705
-74.1793
-74.1851
-74.1819
-74.1784
-74.1745
-74.169
-74.1644
-74.1586
-74.1496
-74.138
-74.1279
-74.1237
-74.1221
-74.117
-74.1078
-74.0981
-74.0932
-74.0928
-74.0915
-74.0912
-74.0901
-74.0843
-74.0714
-74.0554
-74.0411
-74.029
-74.0177
-74.0027
-73.9897
-73.9881
-73.987
-73.988
-73.9914
-73.9958
-73.9935
-73.9944
-74.0082
-74.0257
-74.0413
-74.0494
-74.049
-74.0429
-74.0403
-74.038
-74.0432
-74.0519
-74.062
-74.0691
-74.0702
-74.0665
-74.0617
-74.0599
-74.0653
-74.0682
-74.0679
-74.0704
-74.0719
-74.0751
-74.0712
-74.0592
-74.0444
-74.0302
-74.0157
-74.0102
-74.0076
-74.0011
-73.9919
-73.981
-73.9686
-73.9588
-73.954
-73.9509
-73.9459
-73.9411
-73.9357
-73.9316
-73.9216
-73.9056
-73.8893
-73.8709
-73.8492
-73.8292
-73.8084
-73.7878
-73.7759
-73.772
-73.7689
-73.7661
-73.7661
-73.7654
-73.7666
-73.7682
-73.7808
-73.7899
-73.7936
-73.7936
-73.8022
-73.8164
-73.8217
-73.8216
-73.8152
-73.808
-73.8019
-73.7971
-73.7935
-73.7854
-73.771
-73.7517
-73.7341
-73.717
-73.7078
-73.7051
-73.6986
-73.6853
-73.6702
-73.6558
-73.6376
-73.617
-73.6
-73.5815
-73.5597
-73.5364
-73.5179
-73.4986
-73.4764
-73.455
-73.4379
-73.4198
-73.4157
-73.4197
-73.4175
-73.4074
-73.3914
-73.3711
-73.3503
-73.3444
-73.3597
-73.3781
-73.3859
-73.383
-73.3722
-73.3626
-73.3531
-73.3449
-73.3373
-73.3251
-73.3087
-73.297
-73.2863
-73.2797
-73.274
-73.2758
-73.2788
-73.2815
-73.2828
-73.2852
-73.2863
-73.2962
-73.3015
-73.2979
-73.2872
-73.2714
-73.2521
-73.2303
-73.2067
-73.1819
-73.1586
-73.1435
-73.1326
-73.1262
-73.1178
-73.1181
-73.123
-73.1221
-73.1231
-73.1212
-73.113
-73.0993
-73.0829
-73.077
-73.0796
-73.0776
-73.0689
-73.0549
-73.0372
-73.0169
-72.9976
-72.9869
-72.9756
-72.9605
-72.9422
-72.9215
-72.8995
-72.8861
-72.8763
-72.8633
-72.8468
-72.8368
-72.8305
-72.8206
-72.8064
-72.7891
-72.7695
-72.7484
-72.7262
-72.7033
-72.68
-72.6563
-72.6324
-72.6084
-72.5843
-72.5603
-72.5363
-72.5123
-72.4885
-72.4649
-72.4414
-72.418
-72.3949
-72.3719
-72.3531
-72.3481
-72.344
-72.3359
-72.324
-72.3095
-72.2931
-72.2755
-72.2572
-72.2383
-72.2191
-72.1997
-72.1802
-72.1606
-72.1411
-72.1216
-72.1022
-72.0829
-72.0637
-72.0447
-72.0259
-72.0072
-71.9886
-71.9703
-71.9521
-71.9341
-71.9163
-71.8987
-71.8812
-71.864
-71.847
-71.8301
-71.8134
-71.797
-71.7807
-71.7646
-71.7487
-71.7329
-71.7174
-71.702
-71.6869
-71.6719
-71.657
-71.6424
-71.6279
-71.6136
-71.5995
-71.5856
-71.5718
-71.5582
-71.5447
-71.5315
-71.5183
-71.5054
-71.4926
-71.4799
-71.4674
-71.4551
-71.4429
-71.4309
-71.419
-71.4073
-71.3957
-71.3843
-71.373
-71.3618
-71.3508
-71.3399
-71.3292
-71.3186
-71.3081
-71.2978
-71.2876
-71.2775
-71.2676
-71.2578
-71.2481
-71.2386
-71.2292
-71.2198
-71.2107
-71.2016
-71.1927
-71.1838
-71.1751
-71.1665
-71.158
-71.1496
-71.1414
-71.1332
-71.1251
-71.1172
-71.1093
-71.1016
-71.094
-71.0864
-71.079
-71.0717
-71.0644
-71.0573
-71.0502
-71.0433
-71.0364
-71.0296
-71.023
-71.0164
-71.0099
-71.0035
-70.9972
-70.9909
-70.9848
-70.9787
-70.9727
-70.9668
-70.961
-70.9553
-70.9496
-70.944
-70.9385
-70.9331
-70.9277
-70.9225
-70.9173
-70.9121
-70.9071
-70.9021
-70.8972
-70.8923
-70.8876
-70.8828
-70.8782
-70.8736
-70.8691
-70.8647
-70.8603
-70.856
-70.8517
-70.8475
-70.8434
-70.8393
-70.8353
-70.8313
-70.8274
-70.8236
-70.8198
-70.8161
-70.8124
-70.8088
-70.8052
-70.8017
-70.7983
-70.7949
-70.7915
-70.7882
-70.785
-70.7818
-70.7786
-70.7755
-70.7724
-70.7694
-70.7665
-70.7636
-70.7607
-70.7579
-70.7551
-70.7523
-70.7496
-70.747
-70.7444
-70.7418
-70.7393
-70.7368
-70.7343
-70.7319
-70.7295
-70.7272
-70.7249
-70.7227
-70.7204
-70.7182
-70.7161
-70.714
-70.7119
-70.7099
-70.7079
-70.7059
-70.7039
-70.702
-70.7002
-70.6983
-70.6965
-70.6947
-70.693
-70.6912
-70.6896
-70.6879
-70.6863
-70.6847
-70.6831
-70.6815
-70.68
-70.6785
-70.6771
-70.6756
-70.6742
-70.6728
-70.6715
-70.6701
-70.6688
-70.6675
-70.6663
-70.6651
-70.6638
-70.6626
-70.6615
-70.6603
-70.6592
-70.6581
-70.657
-70.656
-70.6549
-70.6539
-70.6529
-70.6519
-70.651
-70.6501
-70.6491
-70.6482
-70.6474
-70.6465
-70.6457
-70.6448
-70.644
-70.6432
-70.6425
-70.6417
-70.641
-70.6403
-70.6395
-70.6389
-70.6382
-70.6375
-70.6369
-70.6363
-70.6356
-70.635
-70.6345
-70.6339
-70.6333
-70.6328
-70.6323
-70.6318
-70.6313
-70.6308
-70.6303
-70.6298
-70.6294
-70.6289
-70.6285
-70.6281
-70.6277
-70.6273
-70.6269
-70.6266
-70.6262
-70.6259
-70.6255
-70.6252
-70.6249
-70.6246
-70.6243
-70.624
-70.6237
-70.6234
-70.6232
-70.6229
-70.6227
-70.6225
-70.6222
-70.622
-70.6218
-70.6216
-70.6214
-70.6213
-70.6211
-70.6209
-70.6208
-70.6206
-70.6205
-70.6203
-70.6202
-70.6201
-70.62
-70.6199
-70.6198
-70.6197
-70.6196
-70.6195
-70.6194
-70.6194
-70.6193
-70.6193
-70.6192
-70.6192
-70.6191
-70.6191
-70.6191
-70.619
-70.619
-70.619
-70.619
-70.619
-70.619
-70.619
-70.619
-70.619
-70.619
-70.6191
-70.6191
-70.6191
-70.6192
-70.6192
-70.6192
-70.6193
-70.6193
-70.6194
-70.6195
-70.6195
-70.6196
-70.6197
-70.6197
-70.6198
-70.6199
-70.62
-70.6201
-70.6201
-70.6202
-70.6203
-70.6204
-70.6205
-70.6206
-70.6207
-70.6208
-70.621
-70.6211
-70.6212
-70.6213
-70.6214
-70.6215
-70.6217
-70.6218
-70.6219
-70.6221
-70.6222
-70.6223
-70.6225
-70.6226
-70.6227
-70.6229
-70.623
-70.6232
-70.6233
-70.6234
-70.6236
-70.6237
-70.6239
-70.6241
-70.6242
-70.6244
-70.6245
-70.6247
-70.6248
-70.625
-70.6252
-70.6253
-70.6255
-70.6256
-70.6258
-70.626
-70.6261
-70.6263
-70.6265
-70.6266
-70.6268
-70.627
-70.6272
-70.6273
-70.6275
-70.6277
-70.6278
-70.628
-70.6282
-70.6284
-70.6285
-70.6287
-70.6289
-70.6291
-70.6292
-70.6294
-70.6296
-70.6298
-70.63
-70.6301
-70.6303
-70.6305
-70.6307
-70.6308
-70.631
-70.6312
-70.6314
-70.6316
-70.6317
-70.6319
-70.6321
-70.6323
-70.6324
-70.6326
-70.6328
-70.633
-70.6332
-70.6333
-70.6335
-70.6337
-70.6339
-70.634
-70.6342
-70.6344
-70.6346
-70.6348
-70.6349
-70.6351
-70.6353
-70.6355
-70.6356
-70.6358
-70.636
-70.6362
-70.6363
-70.6365
-70.6367
-70.6368
-70.637
-70.6372
-70.6374
-70.6375
-70.6377
-70.6379
-70.638
-70.6382
-70.6384
-70.6385
-70.6387
-70.6389
-70.639
-70.6392
-70.6394
-70.6395
-70.6397
-70.6399
-70.64
-70.6402
-70.6403
-70.6405
-70.6407
-70.6408
-70.641
-70.6411
-70.6413
-70.6415
-70.6416
-70.6418
-70.6419
-70.6421
-70.6422
-70.6424
-70.6425
-70.6427
-70.6429
-70.643
-70.6432
-70.6433
-70.6435
-70.6436
-70.6437
-70.6439
-70.644
-70.6442
-70.6443
-70.6445
-70.6446
-70.6448
-70.6449

