-70
-70.1661
-70.23
-70.2566
-70.2695
-70.2773
-70.283
-70.2879
-70.2925
-70.297
-70.3014
-70.3057
-70.31
-70.3142
-70.3185
-70.3226
-70.3268
-70.3309
-70.335
-70.3391
-70.3431
-70.3471
-70.351
-70.3549
-70.3588
-70.3626
-70.3664
-70.3701
-70.3738
-70.3775
-70.3811
-70.3847
-70.3883
-70.3918
-70.3953
-70.3987
-70.4021
-70.4055
-70.4088
-70.4121
-70.4154
-70.4186
-70.4218
-70.4249
-70.428
-70.4311
-70.4341
-70.4372
-70.4401
-70.4431
-70.446
-70.4489
-70.4517
-70.4545
-70.4573
-70.4601
-70.4628
-70.4655
-70.4682
-70.4708
-70.4734
-70.476
-70.4785
-70.481
-70.4835
-70.486
-70.4884
-70.4908
-70.4932
-70.4955
-70.4978
-70.5001
-70.5024
-70.5046
-70.5068
-70.509
-70.5112
-70.5133
-70.5154
-70.5175
-70.5196
-70.5216
-70.5236
-70.5256
-70.5276
-70.5295
-70.5315
-70.5334
-70.5352
-70.5371
-70.5389
-70.5407
-70.5425
-70.5443
-70.5461
-70.5478
-70.5495
-70.5512
-70.5528
-70.5545
-70.5561
-70.5577
-70.5593
-70.5609
-70.5624
-70.5639
-70.5655
-70.5669
-70.5684
-70.5699
-70.5713
-70.5727
-70.5741
-70.5755
-70.5769
-70.5782
-70.5796
-70.5809
-70.5822
-70.5835
-70.5848
-70.586
-70.5873
-70.5885
-70.5897
-70.5909
-70.5921
-70.5932
-70.5944
-70.5955
-70.5966
-70.5977
-70.5988
-70.5999
-70.601
-70.602
-70.603
-70.6041
-70.6051
-70.6061
-70.6071
-70.608
-70.609
-70.6099
-70.6109
-70.6118
-70.6127
-70.6136
-70.6145
-70.6154
-70.6162
-70.6171
-70.6179
-70.6187
-70.6196
-70.6204
-70.6212
-70.622
-70.6227
-70.6235
-70.6242
-70.625
-70.6257
-70.6265
-70.6272
-70.6279
-70.6286
-70.6293
-70.6299
-70.6306
-70.6313
-70.6319
-70.6325
-70.6332
-70.6338
-70.6344
-70.635
-70.6356
-70.6362
-70.6368
-70.6374
-70.6379
-70.6385
-70.639
-70.6396
-70.6401
-70.6406
-70.6411
-70.6417
-70.6422
-70.6427
-70.6431
-70.6436
-70.6441
-70.6446
-70.645
-70.6455
-70.6459
-70.6464
-70.6468
-70.6472
-70.6476
-70.6481
-70.6485
-70.6489
-70.6493
-70.6497
-70.65
-70.6504
-70.6508
-70.6512
-70.6515
-70.6519
-70.6522
-70.6526
-70.6529
-70.6533
-70.6536
-70.6539
-70.6542
-70.6545
-70.6549
-70.6552
-70.6555
-70.6558
-70.656
-70.6563
-70.6566
-70.6569
-70.6572
-70.6574
-70.6577
-70.658
-70.6582
-70.6585
-70.6587
-70.6589
-70.6592
-70.6594
-70.6597
-70.6599
-70.6601
-70.6603
-70.6605
-70.6607
-70.661
-70.6612
-70.6614
-70.6616
-70.6617
-70.6619
-70.6621
-70.6623
-70.6625
-70.6627
-70.6628
-70.663
-70.6632
-70.6633
-70.6635
-70.6637
-70.6638
-70.664
-70.6641
-70.6643
-70.6644
-70.6646
-70.6647
-70.6648
-70.665
-70.6651
-70.6652
-70.6653
-70.6655
-70.6656
-70.6657
-70.6658
-70.6659
-70.666
-70.6662
-70.6663
-70.6664
-70.6665
-70.6666
-70.6667
-70.6668
-70.6669
-70.667
-70.667
-70.6671
-70.6672
-70.6673
-70.6674
-70.6675
-70.6675
-70.6676
-70.6677
-70.6678
-70.6678
-70.6679
-70.668
-70.668
-70.6681
-70.6682
-70.6682
-70.6683
-70.6683
-70.6684
-70.6685
-70.6685
-70.6686
-70.6686
-70.6687
-70.6687
-70.6688
-70.6688
-70.6688
-70.6689
-70.6689
-70.669
-70.669
-70.669
-70.6691
-70.6691
-70.6691
-70.6692
-70.6692
-70.6692
-70.6693
-70.6693
-70.6693
-70.6694
-70.6694
-70.6694
-70.6694
-70.6694
-70.6695
-70.6695
-70.6695
-70.6695
-70.6695
-70.6696
-70.6696
-70.6696
-70.6696
-70.6696
-70.6696
-70.6696
-70.6697
-70.6697
-70.6697
-70.6697
-70.6697
-70.6697
-70.6697
-70.6697
-70.6697
-70.6697
-70.6697
-70.6697
-70.6697
-70.6697
-70.6697
-70.6697
-70.6697
-70.6697
-70.6697
-70.6697
-70.6697
-70.6697
-70.6697
-70.6697
-70.6697
-70.6697
-70.6697
-70.6697
-70.6697
-70.6697
-70.6697
-70.6697
-70.6697
-70.6697
-70.6697
-70.6696
-70.6696
-70.6696
-70.6696
-70.6696
-70.6696
-70.6696
-70.6696
-70.6696
-70.6695
-70.6695
-70.6695
-70.6695
-70.6695
-70.6695
-70.6695
-70.6695
-70.6694
-70.6694
-70.6694
-70.6694
-70.6694
-70.6694
-70.6693
-70.6693
-70.6693
-70.6693
-70.6693
-70.6693
-70.6693
-70.6692
-70.6692
-70.6692
-70.6692
-70.6692
-70.6691
-70.6691
-70.6691
-70.6691
-70.6691
-70.6691
-70.669
-70.669
-70.669
-70.669
-70.669
-70.6689
-70.6689
-70.6689
-70.6689
-70.6689
-70.6688
-70.6688
-70.6688
-70.6688
-70.6688
-70.6687
-70.6687
-70.6687
-70.6687
-70.6686
-70.6686
-70.6686
-70.6686
-70.6686
-70.6685
-70.6685
-70.6685
-70.6685
-70.6685
-70.6684
-70.6684
-70.6684
-70.6684
-70.6684
-70.6683
-70.6683
-70.6683
-70.6683
-70.6682
-70.6682
-70.6682
-70.6682
-70.6682
-70.6681
-70.6681
-70.6681
-70.6681
-70.6681
-70.6699
-70.837
-71.4853
-72.3767
-73.16
-58.9901
-52.593
-50.4174
-48.5946
-45.3743
-14.3302
-19.5152
-46.166
-68.6997
-68.3532
-67.3193
-66.2455
-65.1579
-64.0744
-63.0126
-61.9887
-61.0177
-60.1016
-59.1906
-58.3797
-57.6441
-57.0008
-56.44
-55.9537
-55.5287
-55.1591
-54.8426
-54.574
-54.3525
-54.1712
-54.0223
-53.8952
-53.791
-53.7042
-53.6356
-53.5824
-53.5415
-53.5103
-53.4832
-53.461
-53.4418
-53.4272
-53.4174
-53.4112
-53.4076
-53.4059
-53.4056
-53.4019
-53.3986
-53.3941
-53.3917
-53.3915
-53.3926
-53.3945
-53.397
-53.3999
-53.4032
-53.4066
-53.4079
-53.4046
-53.4002
-53.3967
-53.3959
-53.3966
-53.3982
-53.4003
-53.4027
-53.4052
-53.4078
-53.4105
-53.4133
-53.4161
-53.4185
-53.4207
-53.4226
-53.424
-53.4142
-53.404
-53.396
-53.3921
-53.3897
-53.3872
-53.3826
-53.3716
-53.3148
-53.0547
-53.0244
-53.0836
-53.1471
-53.1962
-53.2304
-53.2533
-53.269
-53.2807
-53.2908
-53.3009
-53.3122
-53.3259
-53.3432
-53.3657
-53.3946
-53.4301
-53.4715
-53.514
-53.4834
-53.4529
-53.4379
-53.4339
-53.4348
-53.4382
-53.4432
-53.4493
-53.4565
-53.4648
-53.4741
-53.4845
-53.4961
-53.5088
-53.5228
-53.5382
-53.5552
-53.5737
-53.594
-53.6162
-53.6405
-53.6669
-53.6958
-53.7275
-53.7621
-53.7999
-53.8411
-53.8861
-53.9351
-53.9883
-54.0462
-54.109
-54.1771
-54.2507
-54.3301
-54.4157
-54.5082
-53.7145
-53.3942
-53.3108
-53.3069
-53.3248
-53.3473
-53.3692
-53.3893
-53.4075
-53.4242
-53.4396
-53.4541
-53.4681
-53.4818
-53.4955
-53.5094
-53.5237
-53.5386
-53.5543
-53.571
-53.5888
-53.6079
-53.6284
-53.6506
-53.6745
-53.7005
-53.7288
-53.7596
-53.793
-53.8293
-53.8688
-53.9116
-53.9579
-54.0081
-54.0661
-54.1309
-54.1992
-54.2712
-54.3475
-54.4289
-54.5159
-54.609
-54.7084
-54.8146
-54.0016
-53.3816
-53.2319
-53.2225
-53.2483
-53.2798
-53.3093
-53.335
-53.3572
-53.3764
-53.3931
-53.4083
-53.4222
-53.435
-53.447
-53.4586
-53.4701
-53.4815
-53.4932
-53.5054
-53.5181
-53.5315
-53.5467
-53.5634
-53.581
-53.5996
-53.6195
-53.6409
-53.6641
-53.6891
-53.7164
-53.746
-53.7782
-53.8156
-53.8579
-53.9026
-53.9498
-54.0003
-54.0543
-54.1124
-54.1747
-54.2416
-54.313
-54.3893
-54.4729
-54.5713
-54.6754
-54.7827
-54.8941
-55.0108
-55.1334
-55.2623
-55.3974
-55.5382
-55.6847
-53.7512
-53.1597
-53.0656
-53.0929
-53.1448
-53.1955
-53.2391
-53.2753
-53.3053
-53.3299
-53.3504
-53.3674
-53.3815
-53.3936
-53.4044
-53.4136
-53.4213
-53.4274
-53.4321
-53.4351
-53.436
-53.4343
-53.4286
-53.4168
-53.3952
-53.3537
-53.2475
-52.5835
-50.8423
-50.6644
-51.0716
-51.5494
-51.9334
-52.2019
-52.3794
-52.505
-52.6107
-52.7034
-52.7947
-52.8962
-53.0184
-53.1717
-53.3635
-53.597
-53.8676
-53.7252
-53.6061
-53.561
-53.5417
-53.5231
-53.4993
-53.4857
-53.4792
-53.4773
-53.4785
-53.4822
-53.4879
-53.4954
-53.5047
-53.516
-53.5307
-53.5484
-53.5682
-53.5889
-53.6102
-53.633
-53.6576
-53.6859
-53.7188
-53.7571
-53.802
-53.8513
-53.9042
-53.9584
-54.0148
-54.0751
-54.1405
-54.213
-54.2944
-54.3879
-54.4932
-54.6084
-54.731
-54.8592
-54.9939
-55.1373
-55.2918
-55.4607
-55.6462
-55.855
-56.0872
-56.3392
-56.6067
-56.8845
-57.1696
-57.4639
-57.772
-58.0996
-58.4532
-58.8343
-59.2478
-59.6881
-60.1443
-60.6118
-61.0798
-61.5431
-62.0026
-62.4679
-62.9479
-63.4416
-63.956
-64.4938
-65.0344
-65.5659
-66.0845
-66.5782
-67.0426
-67.4813
-67.9064
-68.3253
-68.738
-69.1545
-69.5681
-69.9644
-70.3358
-70.6819
-70.999
-71.2851
-71.5442
-71.7844
-72.0109
-72.2283
-72.4424
-72.6493
-72.8442
-73.0215
-73.1833
-73.3272
-73.4548
-73.5675
-73.6684
-73.7586
-73.8438
-73.9291
-74.0115
-74.0881
-74.1592
-74.2224
-74.2788
-74.3267
-74.3674
-74.4032
-74.4344
-74.4606
-74.4881
-74.5183
-74.5468
-74.5728
-74.5975
-74.6189
-74.6367
-74.6513
-74.6618
-74.6708
-74.6785
-74.6835
-74.6908
-74.702
-74.7118
-74.7193
-74.7269
-74.7347
-74.7399
-74.7443
-74.7463
-74.7467
-74.7464
-74.746
-74.7465
-74.7515
-74.7566
-74.759
-74.7601
-74.7621
-74.7648
-74.7659
-74.7653
-74.7641
-74.7628
-74.7588
-74.7544
-74.755
-74.7595
-74.7624
-74.7629
-74.7617
-74.761
-74.7627
-74.7637
-74.7616
-74.7607
-74.76
-74.7566
-74.7507
-74.7486
-74.7522
-74.756
-74.7572
-74.7559
-74.7539
-74.7531
-74.7536
-74.7524
-74.7498
-74.7487
-74.7471
-74.7432
-74.7398
-74.7389
-74.7401
-74.7428
-74.7451
-74.7454
-74.7446
-74.743
-74.7412
-74.7404
-74.7396
-74.738
-74.7354
-74.7321
-74.7301
-74.7305
-74.7303
-74.73
-74.7293
-74.7312
-74.7321
-74.7305
-74.7281
-74.7253
-74.7247
-74.7257
-74.7241
-74.7199
-74.7166
-74.7158
-74.718
-74.7202
-74.7205
-74.7189
-74.7177
-74.7178
-74.717
-74.7146
-74.7128
-74.7114
-74.7109
-74.7124
-74.7106
-74.7062
-74.7032
-74.7033
-74.7048
-74.707
-74.7082
-74.7066
-74.703
-74.7013
-74.6984
-74.6951
-74.6926
-74.693
-74.6932
-74.6931
-74.6943
-74.6949
-74.6923
-74.6906
-74.692
-74.6924
-74.695
-74.6964
-74.6955
-74.6908
-74.6876
-74.6858
-74.6809
-74.6744
-74.6721
-74.6733
-74.6739
-74.6746
-74.6767
-74.6787
-74.6771
-74.6769
-74.6767
-74.6768
-74.6777
-74.6782
-74.6767
-74.6726
-74.6703
-74.6688
-74.6649
-74.6589
-74.6521
-74.6483
-74.6487
-74.6498
-74.652
-74.6555
-74.66
-74.6647
-74.6659
-74.6638
-74.6638
-74.6644
-74.6621
-74.658
-74.6549
-74.6504
-74.6501
-74.6493
-74.6474
-74.6415
-74.6335
-74.6292
-74.6271
-74.625
-74.6235
-74.6248
-74.6298
-74.6354
-74.6427
-74.6454
-74.6437
-74.6447
-74.6454
-74.6424
-74.6352
-74.6257
-74.6207
-74.6199
-74.623
-74.6249
-74.6232
-74.6166
-74.6107
-74.6082
-74.608
-74.6074
-74.602
-74.5996
-74.6011
-74.6064
-74.6125
-74.6181
-74.621
-74.6235
-74.6257
-74.6244
-74.6196
-74.6105
-74.5981
-74.5892
-74.5862
-74.5903
-74.5948
-74.5969
-74.5969
-74.5932
-74.5887
-74.5852
-74.5814
-74.5763
-74.5723
-74.5689
-74.5682
-74.5698
-74.5706
-74.5728
-74.5761
-74.5843
-74.5927
-74.5932
-74.5888
-74.5835
-74.5758
-74.5673
-74.5597
-74.5524
-74.5469
-74.5505
-74.5599
-74.5646
-74.5652
-74.5645
-74.5632
-74.5611
-74.557
-74.5528
-74.5504
-74.5456
-74.5391
-74.5387
-74.5385
-74.5361
-74.5352
-74.5362
-74.5373
-74.5417
-74.5454
-74.5451
-74.5418
-74.538
-74.5337
-74.5275
-74.5202
-74.5163
-74.5168
-74.5162
-74.5147
-74.5162
-74.5197
-74.5213
-74.5187
-74.5163
-74.5162
-74.5177
-74.5171
-74.5158
-74.5112
-74.5055
-74.5005
-74.4923
-74.4863
-74.4858
-74.4835
-74.481
-74.4793
-74.4809
-74.4829
-74.4811
-74.4766
-74.4709
-74.4677
-74.469
-74.4665
-74.4638
-74.4648
-74.4655
-74.4642
-74.4643
-74.4632
-74.4617
-74.4614
-74.4614
-74.4591
-74.4544
-74.4503
-74.4489
-74.4521
-74.4607
-74.4675
-74.468
-74.4663
-74.4647
-74.4602
-74.451
-74.4394
-74.4323
-74.4286
-74.4283
-74.4243
-74.4151
-74.4116
-74.4148
-74.4158
-74.4144
-74.4113
-74.4051
-74.3994
-74.3953
-74.3898
-74.3847
-74.38
-74.3726
-74.3692
-74.3681
-74.3711
-74.3754
-74.3788
-74.3843
-74.3953
-74.4011
-74.3981
-74.3906
-74.3809
-74.3689
-74.3627
-74.3595
-74.3589
-74.3607
-74.3694
-74.3733
-74.3734
-74.3744
-74.374
-74.3683
-74.3591
-74.3519
-74.3482
-74.3454
-74.3397
-74.3329
-74.3282
-74.3268
-74.3261
-74.3276
-74.324
-74.3164
-74.3105
-74.3067
-74.3018
-74.295
-74.2938
-74.2943
-74.2891
-74.2764
-74.2633
-74.2506
-74.2358
-74.2212
-74.2148
-74.2155
-74.2165
-74.2196
-74.2234
-74.2362
-74.2493
-74.2616
-74.2721
-74.2749
-74.2727
-74.2658
-74.2581
-74.254
-74.2495
-74.2456
-74.239
-74.2314
-74.2218
-74.2133
-74.2076
-74.2081
-74.2129
-74.2132
-74.2094
-74.2042
-74.1968
-74.1899
-74.1873
-74.1872
-74.1974
-74.2079
-74.2106
-74.2079
-74.205
-74.2009
-74.1932
-74.1871
-74.1853
-74.1864
-74.1896
-74.1948
-74.1967
-74.191
-74.18
-74.1654
-74.1515
-74.1433
-74.1365
-74.1285
-74.1199
-74.1091
-74.0928
-74.0723
-74.0602
-74.0591
-74.0603
-74.0577
-74.0509
-74.0391
-74.022
-74.0103
-74.0048
-73.9987
-73.9902
-73.9829
-73.9766
-73.9741
-73.9767
-73.9816
-74.0006
-74.0206
-74.0294
-74.0339
-74.0403
-74.0467
-74.0452
-74.0379
-74.0297
-74.0288
-74.0273
-74.0181
-74.0024
-73.9863
-73.9779
-73.9724
-73.9683
-73.9724
-73.9744
-73.9765
-73.9837
-73.9848
-73.9808
-73.9706
-73.962
-73.9619
-73.9579
-73.9494
-73.938
-73.9258
-73.9168
-73.9205
-73.9299
-73.9313
-73.9262
-73.9326
-73.9401
-73.9383
-73.9277
-73.9106
-73.89
-73.8797
-73.8723
-73.8653
-73.8627
-73.8579
-73.856
-73.8627
-73.8648
-73.8638
-73.8673
-73.8752
-73.8776
-73.8839
-73.8877
-73.889
-73.8921
-73.901
-73.9077
-73.9079
-73.909
-73.9049
-73.8933
-73.8838
-73.8818
-73.8799
-73.872
-73.8584
-73.8449
-73.8309
-73.8172
-73.7997
-73.7807
-73.7678
-73.7595
-73.7493
-73.7365
-73.7239
-73.7125
-73.7033
-73.6931
-73.6781
-73.6668
-73.6594
-73.6475
-73.6301
-73.6085
-73.5872
-73.5695
-73.5499
-73.5368
-73.5297
-73.5184
-73.5015
-73.4804
-73.4564
-73.4303
-73.4028
-73.3742
-73.345
-73.3168
-73.2972
-73.2995
-73.3195
-73.3326
-73.334
-73.3262
-73.312
-73.2983
-73.2877
-73.2737
-73.2582
-73.248
-73.2436
-73.2384
-73.2275
-73.2115
-73.1936
-73.182
-73.1695
-73.1532
-73.1334
-73.1113
-73.0954
-73.0877
-73.0849
-73.0777
-73.0648
-73.0477
-73.0303
-73.0201
-73.0088
-72.9985
-72.9951
-73.0011
-73.0128
-73.0248
-73.042
-73.0669
-73.083
-73.091
-73.0987
-73.0995
-73.0929
-73.0807
-73.0647
-73.0541
-73.0465
-73.0355
-73.0297
-73.026
-73.0276
-73.0263
-73.0187
-73.0056
-72.9888
-72.9693
-72.948
-72.9254
-72.9018
-72.8816
-72.8711
-72.8598
-72.8449
-72.8269
-72.8067
-72.785
-72.7622
-72.7387
-72.7148
-72.6906
-72.6663
-72.6418
-72.6173
-72.5928
-72.5684
-72.5441
-72.5199
-72.4958
-72.472
-72.4483
-72.4248
-72.4015
-72.3784
-72.3555
-72.3328
-72.3104
-72.2882
-72.2662
-72.2445
-72.223
-72.2017
-72.1806
-72.1598
-72.1394
-72.1321
-72.1331
-72.131
-72.1242
-72.1139
-72.1012
-72.0868
-72.0713
-72.0551
-72.0384
-72.0214
-72.0042
-71.9869
-71.9695
-71.9522
-71.9349
-71.9176
-71.9005
-71.8835
-71.8713
-71.876
-71.8814
-71.8816
-71.8771
-71.8693
-71.8592
-71.8476
-71.8349
-71.8215
-71.8077
-71.7935
-71.7791
-71.7646
-71.75
-71.7353
-71.7207
-71.7062
-71.6917
-71.6773
-71.663
-71.6488
-71.6347
-71.6207
-71.6069
-71.5932
-71.5797
-71.5662
-71.553
-71.5399
-71.5269
-71.514
-71.5014
-71.4888
-71.4764
-71.4642
-71.4521
-71.4401
-71.4283
-71.4166
-71.4051
-71.3937
-71.3824
-71.3713
-71.3603
-71.3495
-71.3388
-71.3282
-71.3178
-71.3075
-71.2973
-71.2872
-71.2773
-71.2675
-71.2579
-71.2483
-71.2389
-71.2296
-71.2204
-71.2114
-71.2024
-71.1936
-71.1849
-71.1763
-71.1678
-71.1594
-71.1511
-71.1429
-71.1349
-71.1269
-71.1191
-71.1113
-71.1037
-71.0961
-71.0887
-71.0813
-71.0741
-71.0669
-71.0598
-71.0529
-71.046
-71.0392
-71.0325
-71.0259
-71.0194
-71.013
-71.0066
-71.0004
-70.9942
-70.9881
-70.9821
-70.9762
-70.9703
-70.9646
-70.9589
-70.9533
-70.9477
-70.9423
-70.9369
-70.9316
-70.9264
-70.9212
-70.9161
-70.9111
-70.9062
-70.9013
-70.8965
-70.8917
-70.8871
-70.8825
-70.8779
-70.8734
-70.869
-70.8647
-70.8604
-70.8562
-70.852
-70.8479
-70.8438
-70.8398
-70.8359
-70.832
-70.8282
-70.8245
-70.8208
-70.8171
-70.8135
-70.81
-70.8065
-70.803
-70.7996
-70.7963
-70.793
-70.7898
-70.7866
-70.7834
-70.7803
-70.7773
-70.7743
-70.7713
-70.7684
-70.7655
-70.7627
-70.7599
-70.7572
-70.7545
-70.7519
-70.7493
-70.7467
-70.7442
-70.7417
-70.7392
-70.7368
-70.7344
-70.7321
-70.7298
-70.7275
-70.7253
-70.7231
-70.721
-70.7189
-70.7168
-70.7147
-70.7127
-70.7107
-70.7088
-70.7069
-70.705
-70.7031
-70.7013
-70.6995
-70.6978
-70.6961
-70.6944
-70.6927
-70.691
-70.6894
-70.6878
-70.6863
-70.6848
-70.6833
-70.6818
-70.6803
-70.6789
-70.6775
-70.6761
-70.6748
-70.6735
-70.6722
-70.6709
-70.6697
-70.6684
-70.6672
-70.666
-70.6649
-70.6637
-70.6626
-70.6615
-70.6605
-70.6594
-70.6584
-70.6574
-70.6564
-70.6554
-70.6544
-70.6535
-70.6526
-70.6517
-70.6508
-70.65
-70.6491
-70.6483
-70.6475
-70.6467
-70.6459
-70.6452
-70.6444
-70.6437
-70.643
-70.6423
-70.6416
-70.641
-70.6403
-70.6397
-70.6391
-70.6385
-70.6379
-70.6373
-70.6368
-70.6362
-70.6357
-70.6352
-70.6347
-70.6342
-70.6337
-70.6332
-70.6328
-70.6323
-70.6319
-70.6315
-70.631
-70.6306
-70.6303
-70.6299
-70.6295
-70.6292
-70.6288
-70.6285
-70.6281
-70.6278
-70.6275
-70.6272
-70.6269
-70.6267
-70.6264
-70.6261
-70.6259
-70.6257
-70.6254
-70.6252
-70.625
-70.6248
-70.6246
-70.6244
-70.6242
-70.624
-70.6239
-70.6237
-70.6235
-70.6234
-70.6233
-70.6231
-70.623
-70.6229
-70.6228
-70.6227
-70.6226
-70.6225
-70.6224
-70.6223
-70.6222
-70.6222
-70.6221
-70.622
-70.622
-70.6219
-70.6219
-70.6219
-70.6218
-70.6218
-70.6218
-70.6218
-70.6217
-70.6217
-70.6217
-70.6217
-70.6217
-70.6218
-70.6218
-70.6218
-70.6218
-70.6218
-70.6219
-70.6219
-70.6219
-70.622
-70.622
-70.6221
-70.6221
-70.6222
-70.6223
-70.6223
-70.6224
-70.6224
-70.6225
-70.6226
-70.6227
-70.6228
-70.6228
-70.6229
-70.623
-70.6231
-70.6232
-70.6233
-70.6234
-70.6235
-70.6236
-70.6237
-70.6238
-70.6239
-70.624
-70.6242
-70.6243
-70.6244
-70.6245
-70.6246
-70.6248
-70.6249
-70.625
-70.6251
-70.6253
-70.6254
-70.6255
-70.6257
-70.6258
-70.6259
-70.6261
-70.6262
-70.6264
-70.6265
-70.6267
-70.6268
-70.6269
-70.6271
-70.6272
-70.6274
-70.6275
-70.6277
-70.6279
-70.628
-70.6282
-70.6283
-70.6285
-70.6286
-70.6288
-70.6289
-70.6291
-70.6293
-70.6294
-70.6296
-70.6297
-70.6299
-70.6301
-70.6302
-70.6304
-70.6306
-70.6307
-70.6309
-70.6311
-70.6312
-70.6314
-70.6316
-70.6317
-70.6319
-70.6321
-70.6322
-70.6324
-70.6326
-70.6327
-70.6329
-70.6331
-70.6332
-70.6334
-70.6336
-70.6337
-70.6339
-70.6341
-70.6342
-70.6344
-70.6346
-70.6347
-70.6349
-70.6351
-70.6352
-70.6354
-70.6356
-70.6357
-70.6359
-70.6361
-70.6362
-70.6364
-70.6366
-70.6367
-70.6369
-70.6371
-70.6372
-70.6374
-70.6376
-70.6377
-70.6379
-70.638
-70.6382
-70.6384
-70.6385
-70.6387
-70.6388
-70.639
-70.6392
-70.6393
-70.6395
-70.6396
-70.6398
-70.64
-70.6401
-70.6403
-70.6404
-70.6406
-70.6407
-70.6409
-70.6411
-70.6412
-70.6414
-70.6415
-70.6417
-70.6418
-70.642
-70.6421
-70.6423
-70.6424
-70.6426
-70.6427
-70.6429
-70.643
-70.6432
-70.6433
-70.6435
-70.6436
-70.6437
-70.6439
-70.644
-70.6442
-70.6443
-70.6445
-70.6446

