-70
-70.1661
-70.23
-70.2566
-70.2695
-70.2773
-70.283
-70.2879
-70.2925
-70.297
-70.3014
-70.3057
-70.31
-70.3142
-70.3185
-70.3226
-70.3268
-70.3309
-70.335
-70.3391
-70.3431
-70.3471
-70.351
-70.3549
-70.3588
-70.3626
-70.3664
-70.3701
-70.3738
-70.3775
-70.3811
-70.3847
-70.3883
-70.3918
-70.3953
-70.3987
-70.4021
-70.4055
-70.4088
-70.4121
-70.4154
-70.4186
-70.4218
-70.4249
-70.428
-70.4311
-70.4341
-70.4372
-70.4401
-70.4431
-70.446
-70.4489
-70.4517
-70.4545
-70.4573
-70.4601
-70.4628
-70.4655
-70.4682
-70.4708
-70.4734
-70.476
-70.4785
-70.481
-70.4835
-70.486
-70.4884
-70.4908
-70.4932
-70.4955
-70.4978
-70.5001
-70.5024
-70.5046
-70.5068
-70.509
-70.5112
-70.5133
-70.5154
-70.5175
-70.5196
-70.5216
-70.5236
-70.5256
-70.5276
-70.5295
-70.5315
-70.5334
-70.5352
-70.5371
-70.5389
-70.5407
-70.5425
-70.5443
-70.5461
-70.5478
-70.5495
-70.5512
-70.5528
-70.5545
-70.5561
-70.5577
-70.5593
-70.5609
-70.5624
-70.5639
-70.5655
-70.5669
-70.5684
-70.5699
-70.5713
-70.5727
-70.5741
-70.5755
-70.5769
-70.5782
-70.5796
-70.5809
-70.5822
-70.5835
-70.5848
-70.586
-70.5873
-70.5885
-70.5897
-70.5909
-70.5921
-70.5932
-70.5944
-70.5955
-70.5966
-70.5977
-70.5988
-70.5999
-70.601
-70.602
-70.603
-70.6041
-70.6051
-70.6061
-70.6071
-70.608
-70.609
-70.6099
-70.6109
-70.6118
-70.6127
-70.6136
-70.6145
-70.6154
-70.6162
-70.6171
-70.6179
-70.6187
-70.6196
-70.6204
-70.6212
-70.622
-70.6227
-70.6235
-70.6242
-70.625
-70.6257
-70.6265
-70.6272
-70.6279
-70.6286
-70.6293
-70.6299
-70.6306
-70.6313
-70.6319
-70.6325
-70.6332
-70.6338
-70.6344
-70.635
-70.6356
-70.6362
-70.6368
-70.6374
-70.6379
-70.6385
-70.639
-70.6396
-70.6401
-70.6406
-70.6411
-70.6417
-70.6422
-70.6427
-70.6431
-70.6436
-70.6441
-70.6446
-70.645
-70.6455
-70.6459
-70.6464
-70.6468
-70.6472
-70.6476
-70.6481
-70.6485
-70.6489
-70.6493
-70.6497
-70.65
-70.6504
-70.6508
-70.6512
-70.6515
-70.6519
-70.6522
-70.6526
-70.6529
-70.6533
-70.6536
-70.6539
-70.6542
-70.6545
-70.6549
-70.6552
-70.6555
-70.6558
-70.656
-70.6563
-70.6566
-70.6569
-70.6572
-70.6574
-70.6577
-70.658
-70.6582
-70.6585
-70.6587
-70.6589
-70.6592
-70.6594
-70.6597
-70.6599
-70.6601
-70.6603
-70.6605
-70.6607
-70.661
-70.6612
-70.6614
-70.6616
-70.6617
-70.6619
-70.6621
-70.6623
-70.6625
-70.6627
-70.6628
-70.663
-70.6632
-70.6633
-70.6635
-70.6637
-70.6638
-70.664
-70.6641
-70.6643
-70.6644
-70.6646
-70.6647
-70.6648
-70.665
-70.6651
-70.6652
-70.6653
-70.6655
-70.6656
-70.6657
-70.6658
-70.6659
-70.666
-70.6662
-70.6663
-70.6664
-70.6665
-70.6666
-70.6667
-70.6668
-70.6669
-70.667
-70.667
-70.6671
-70.6672
-70.6673
-70.6674
-70.6675
-70.6675
-70.6676
-70.6677
-70.6678
-70.6678
-70.6679
-70.668
-70.668
-70.6681
-70.6682
-70.6682
-70.6683
-70.6683
-70.6684
-70.6685
-70.6685
-70.6686
-70.6686
-70.6687
-70.6687
-70.6688
-70.6688
-70.6688
-70.6689
-70.6689
-70.669
-70.669
-70.669
-70.6691
-70.6691
-70.6691
-70.6692
-70.6692
-70.6692
-70.6693
-70.6693
-70.6693
-70.6694
-70.6694
-70.6694
-70.6694
-70.6694
-70.6695
-70.6695
-70.6695
-70.6695
-70.6695
-70.6696
-70.6696
-70.6696
-70.6696
-70.6696
-70.6696
-70.6696
-70.6697
-70.6697
-70.6697
-70.6697
-70.6697
-70.6697
-70.6697
-70.6697
-70.6697
-70.6697
-70.6697
-70.6697
-70.6697
-70.6697
-70.6697
-70.6697
-70.6697
-70.6697
-70.6697
-70.6697
-70.6697
-70.6697
-70.6697
-70.6697
-70.6697
-70.6697
-70.6697
-70.6697
-70.6697
-70.6697
-70.6697
-70.6697
-70.6697
-70.6697
-70.6697
-70.6696
-70.6696
-70.6696
-70.6696
-70.6696
-70.6696
-70.6696
-70.6696
-70.6696
-70.6695
-70.6695
-70.6695
-70.6695
-70.6695
-70.6695
-70.6695
-70.6695
-70.6694
-70.6694
-70.6694
-70.6694
-70.6694
-70.6694
-70.6693
-70.6693
-70.6693
-70.6693
-70.6693
-70.6693
-70.6693
-70.6692
-70.6692
-70.6692
-70.6692
-70.6692
-70.6691
-70.6691
-70.6691
-70.6691
-70.6691
-70.6691
-70.669
-70.669
-70.669
-70.669
-70.669
-70.6689
-70.6689
-70.6689
-70.6689
-70.6689
-70.6688
-70.6688
-70.6688
-70.6688
-70.6688
-70.6687
-70.6687
-70.6687
-70.6687
-70.6686
-70.6686
-70.6686
-70.6686
-70.6686
-70.6685
-70.6685
-70.6685
-70.6685
-70.6685
-70.6684
-70.6684
-70.6684
-70.6684
-70.6684
-70.6683
-70.6683
-70.6683
-70.6683
-70.6682
-70.6682
-70.6682
-70.6682
-70.6682
-70.6681
-70.6681
-70.6681
-70.6681
-70.6681
-70.6699
-70.7835
-71.3774
-72.3447
-73.2003
-70.964
-55.3828
-51.576
-49.6932
-47.5621
-41.2777
5.2785
-30.4534
-62.9131
-68.8633
-67.9347
-66.8783
-65.7966
-64.7086
-63.6321
-62.5843
-61.581
-60.6364
-59.7557
-58.8686
-58.0852
-57.3785
-56.7621
-56.2294
-55.7695
-55.3696
-55.0227
-54.7279
-54.4773
-54.2714
-54.1036
-53.9654
-53.848
-53.753
-53.6738
-53.6109
-53.5623
-53.5252
-53.4968
-53.4714
-53.4518
-53.4351
-53.4221
-53.4134
-53.408
-53.405
-53.4038
-53.4016
-53.3981
-53.396
-53.3926
-53.391
-53.3912
-53.3925
-53.3946
-53.3972
-53.4002
-53.4034
-53.4037
-53.4013
-53.4003
-53.3973
-53.3958
-53.3961
-53.3974
-53.3993
-53.4015
-53.4039
-53.4065
-53.4091
-53.4118
-53.4146
-53.4171
-53.4193
-53.4156
-53.4082
-53.4041
-53.4
-53.3958
-53.3933
-53.3915
-53.3893
-53.3852
-53.3762
-53.3434
-53.0895
-52.9861
-53.037
-53.1079
-53.166
-53.2074
-53.2353
-53.2541
-53.2678
-53.2791
-53.2899
-53.3016
-53.3156
-53.3332
-53.3646
-53.4034
-53.4216
-53.4315
-53.4362
-53.4357
-53.4357
-53.4374
-53.4407
-53.4455
-53.4515
-53.4586
-53.4668
-53.4763
-53.487
-53.499
-53.5123
-53.5272
-53.5436
-53.5616
-53.5815
-53.6034
-53.6274
-53.6537
-53.6823
-53.7138
-53.7482
-53.7859
-53.827
-53.8719
-53.9209
-53.9741
-54.032
-54.0949
-54.1632
-53.7151
-53.4855
-53.4231
-53.4164
-53.4242
-53.4066
-53.4007
-53.405
-53.4139
-53.4246
-53.4359
-53.4473
-53.4588
-53.4704
-53.4825
-53.4949
-53.5077
-53.521
-53.535
-53.5498
-53.5656
-53.5825
-53.6007
-53.6204
-53.6422
-53.666
-53.6915
-53.7191
-53.7491
-53.7816
-53.8169
-53.8552
-53.8968
-53.9419
-53.9912
-54.0465
-54.1061
-54.1697
-54.2379
-54.3107
-54.3887
-53.6419
-53.3956
-53.343
-53.3463
-53.3651
-53.3873
-53.3825
-53.3798
-53.3849
-53.3934
-53.4031
-53.4128
-53.4224
-53.4317
-53.4408
-53.4498
-53.4593
-53.4691
-53.479
-53.4893
-53.5
-53.5114
-53.5235
-53.5364
-53.5504
-53.5654
-53.5817
-53.5998
-53.6207
-53.6431
-53.6668
-53.6923
-53.7198
-53.7496
-53.782
-53.8171
-53.8552
-53.8965
-53.9411
-53.9918
-54.05
-54.1116
-54.1762
-54.2446
-54.317
-54.3941
-54.4763
-54.564
-54.6573
-53.6019
-53.3157
-53.2668
-53.28
-53.3072
-53.3352
-53.3608
-53.3834
-53.379
-53.3763
-53.3801
-53.3866
-53.3938
-53.4009
-53.4075
-53.4139
-53.4202
-53.4259
-53.4311
-53.4357
-53.4398
-53.4433
-53.446
-53.4479
-53.4483
-53.4469
-53.4426
-53.4339
-53.4187
-53.3929
-53.3389
-53.1825
-51.9601
-50.5656
-50.6297
-51.1076
-51.591
-51.9604
-52.2128
-52.3824
-52.5115
-52.614
-52.7056
-52.8005
-52.9096
-53.0436
-53.2122
-53.4223
-53.6751
-53.9153
-53.6831
-53.595
-53.5491
-53.5172
-53.4994
-53.4895
-53.4845
-53.4829
-53.484
-53.4875
-53.493
-53.5003
-53.5094
-53.5203
-53.533
-53.5476
-53.564
-53.5821
-53.6022
-53.6249
-53.6496
-53.6765
-53.706
-53.7383
-53.7743
-53.8167
-53.8682
-53.9263
-53.99
-54.0571
-54.1257
-54.1981
-54.2753
-54.3591
-54.4538
-54.5713
-54.7102
-54.859
-55.0144
-55.1755
-55.3412
-55.5134
-55.6954
-55.8929
-56.1167
-56.38
-56.6688
-56.9714
-57.2832
-57.6029
-57.9307
-58.267
-58.616
-58.981
-59.3792
-59.8294
-60.3083
-60.7955
-61.2847
-61.7706
-62.2551
-62.7358
-63.2117
-63.6871
-64.1735
-64.6912
-65.2277
-65.7668
-66.2959
-66.7963
-67.2719
-67.7212
-68.145
-68.5461
-68.933
-69.3213
-69.7158
-70.1007
-70.4767
-70.8271
-71.1422
-71.428
-71.6862
-71.9197
-72.1327
-72.3355
-72.5359
-72.7324
-72.9174
-73.0966
-73.2594
-73.4009
-73.5249
-73.6332
-73.7279
-73.8117
-73.8921
-73.9725
-74.0512
-74.1229
-74.194
-74.2602
-74.3153
-74.3617
-74.4002
-74.4318
-74.4588
-74.4842
-74.5106
-74.5387
-74.5639
-74.5887
-74.6157
-74.6388
-74.6559
-74.669
-74.6778
-74.6844
-74.6899
-74.6966
-74.7045
-74.7133
-74.721
-74.7302
-74.7416
-74.7508
-74.7556
-74.758
-74.758
-74.7561
-74.755
-74.7556
-74.7573
-74.7591
-74.7612
-74.7648
-74.7702
-74.7758
-74.7779
-74.7777
-74.7762
-74.7732
-74.7701
-74.7684
-74.768
-74.768
-74.767
-74.768
-74.7706
-74.7737
-74.7768
-74.7771
-74.7744
-74.7711
-74.7685
-74.7656
-74.7637
-74.763
-74.7623
-74.7604
-74.761
-74.7625
-74.7643
-74.7675
-74.7693
-74.7666
-74.7628
-74.7608
-74.7593
-74.7571
-74.7556
-74.7546
-74.7528
-74.7513
-74.7529
-74.7536
-74.7542
-74.7558
-74.7565
-74.754
-74.7504
-74.748
-74.7475
-74.7464
-74.744
-74.7428
-74.7407
-74.7389
-74.7409
-74.7423
-74.7433
-74.7431
-74.7437
-74.7446
-74.7425
-74.7385
-74.7365
-74.7369
-74.7356
-74.7338
-74.7314
-74.7285
-74.7277
-74.7296
-74.73
-74.7299
-74.7293
-74.729
-74.7305
-74.7296
-74.7262
-74.7233
-74.7223
-74.7214
-74.7215
-74.7203
-74.7163
-74.7147
-74.7144
-74.7154
-74.7159
-74.7165
-74.7178
-74.7182
-74.7191
-74.7181
-74.7156
-74.7127
-74.7092
-74.7069
-74.7083
-74.7097
-74.7064
-74.703
-74.7003
-74.6994
-74.6993
-74.6985
-74.7004
-74.7038
-74.7039
-74.7033
-74.7031
-74.7028
-74.6987
-74.6916
-74.6894
-74.6915
-74.6932
-74.6917
-74.6893
-74.6854
-74.6817
-74.6814
-74.6825
-74.6833
-74.6877
-74.6915
-74.6905
-74.6897
-74.6911
-74.6906
-74.6864
-74.6804
-74.6749
-74.6749
-74.674
-74.6732
-74.6739
-74.6725
-74.6679
-74.6638
-74.6624
-74.6627
-74.6653
-74.6687
-74.6715
-74.6719
-74.6719
-74.6741
-74.6732
-74.6698
-74.6659
-74.6607
-74.6561
-74.6526
-74.6487
-74.648
-74.6497
-74.649
-74.646
-74.6435
-74.6422
-74.6416
-74.6432
-74.6455
-74.6514
-74.656
-74.6582
-74.6578
-74.6564
-74.6529
-74.6507
-74.6491
-74.6446
-74.6399
-74.6334
-74.6288
-74.628
-74.6252
-74.6226
-74.6209
-74.6207
-74.6224
-74.6217
-74.6208
-74.6191
-74.6196
-74.6277
-74.6363
-74.6387
-74.6346
-74.6265
-74.6212
-74.622
-74.6231
-74.621
-74.6199
-74.6155
-74.6088
-74.6033
-74.5988
-74.5962
-74.5938
-74.5897
-74.5879
-74.5887
-74.5892
-74.5888
-74.5916
-74.5936
-74.5962
-74.6018
-74.6093
-74.6123
-74.6084
-74.5998
-74.5919
-74.5906
-74.5919
-74.5917
-74.5933
-74.594
-74.5907
-74.5861
-74.5814
-74.5781
-74.5722
-74.5655
-74.5621
-74.5588
-74.556
-74.5537
-74.5532
-74.552
-74.5563
-74.5618
-74.5679
-74.5705
-74.5717
-74.5752
-74.5745
-74.5692
-74.5623
-74.5586
-74.556
-74.5518
-74.546
-74.5414
-74.5415
-74.544
-74.5476
-74.5489
-74.5478
-74.5441
-74.5386
-74.5335
-74.5299
-74.5221
-74.5133
-74.5074
-74.504
-74.5003
-74.4984
-74.504
-74.5163
-74.5261
-74.531
-74.5297
-74.5247
-74.5213
-74.5193
-74.5174
-74.5171
-74.5162
-74.5126
-74.5067
-74.4971
-74.4864
-74.4802
-74.4821
-74.483
-74.4865
-74.4907
-74.4943
-74.5002
-74.5026
-74.5016
-74.4947
-74.4871
-74.4787
-74.4673
-74.4589
-74.449
-74.442
-74.4398
-74.4426
-74.451
-74.4609
-74.4713
-74.4785
-74.4795
-74.476
-74.4724
-74.4658
-74.4601
-74.4587
-74.4617
-74.4641
-74.4612
-74.4542
-74.4432
-74.4288
-74.4133
-74.4043
-74.4024
-74.4078
-74.4155
-74.4226
-74.4249
-74.4243
-74.4243
-74.4285
-74.4315
-74.428
-74.4235
-74.4158
-74.4074
-74.4006
-74.393
-74.3844
-74.3765
-74.3691
-74.3668
-74.3634
-74.3629
-74.3661
-74.3679
-74.3714
-74.3819
-74.3929
-74.3963
-74.3928
-74.3838
-74.3752
-74.3697
-74.367
-74.365
-74.3625
-74.3598
-74.3582
-74.3588
-74.3569
-74.3527
-74.3475
-74.3379
-74.3244
-74.3129
-74.3059
-74.3066
-74.31
-74.3091
-74.3072
-74.3042
-74.3025
-74.3017
-74.3012
-74.3054
-74.3066
-74.3017
-74.2953
-74.2894
-74.2818
-74.272
-74.2644
-74.2593
-74.2531
-74.2485
-74.2503
-74.2534
-74.2519
-74.2565
-74.2637
-74.2702
-74.2733
-74.2707
-74.2677
-74.2614
-74.2515
-74.2454
-74.245
-74.2468
-74.2492
-74.2519
-74.25
-74.2447
-74.2414
-74.2336
-74.2216
-74.2073
-74.201
-74.2047
-74.2097
-74.2136
-74.2089
-74.2033
-74.1994
-74.1991
-74.2017
-74.1963
-74.1856
-74.1769
-74.1701
-74.1643
-74.1651
-74.1692
-74.1676
-74.1645
-74.1665
-74.1629
-74.151
-74.133
-74.1119
-74.0943
-74.0775
-74.0682
-74.0625
-74.0565
-74.0526
-74.0516
-74.0475
-74.0461
-74.0452
-74.0424
-74.0358
-74.0247
-74.0158
-74.0143
-74.0215
-74.033
-74.0428
-74.0463
-74.0454
-74.0567
-74.0741
-74.084
-74.0832
-74.0739
-74.0618
-74.0524
-74.0505
-74.0493
-74.0443
-74.042
-74.0379
-74.0302
-74.0202
-74.0091
-74.0073
-74.011
-74.017
-74.0254
-74.0317
-74.0403
-74.052
-74.061
-74.0626
-74.0587
-74.0529
-74.0451
-74.0317
-74.0166
-73.9992
-73.9778
-73.9571
-73.9517
-73.9469
-73.9395
-73.9295
-73.9195
-73.9099
-73.8994
-73.8937
-73.8932
-73.8969
-73.9041
-73.9098
-73.9071
-73.896
-73.8786
-73.8568
-73.8326
-73.814
-73.8102
-73.8071
-73.8072
-73.8109
-73.8265
-73.8488
-73.8707
-73.8963
-73.9166
-73.9297
-73.936
-73.9328
-73.9214
-73.9066
-73.8917
-73.8764
-73.8612
-73.8423
-73.8197
-73.7942
-73.7667
-73.7377
-73.7075
-73.6765
-73.6486
-73.6268
-73.6101
-73.5914
-73.5694
-73.5511
-73.5326
-73.5109
-73.4863
-73.4594
-73.433
-73.4208
-73.4154
-73.4107
-73.4022
-73.3974
-73.3995
-73.4069
-73.4125
-73.4116
-73.413
-73.417
-73.4217
-73.4198
-73.4103
-73.3953
-73.3844
-73.3817
-73.3878
-73.4053
-73.4152
-73.4142
-73.4048
-73.3897
-73.3762
-73.365
-73.3503
-73.3383
-73.3274
-73.3164
-73.3105
-73.3103
-73.3148
-73.3221
-73.3244
-73.3266
-73.3239
-73.3222
-73.3295
-73.3467
-73.36
-73.3625
-73.3559
-73.3432
-73.3334
-73.3235
-73.3095
-73.2914
-73.2703
-73.2471
-73.2224
-73.1965
-73.1699
-73.1438
-73.127
-73.1118
-73.0937
-73.0763
-73.0657
-73.057
-73.0534
-73.0461
-73.0333
-73.0164
-72.9965
-72.9746
-72.9552
-72.9448
-72.9333
-72.918
-72.8995
-72.8788
-72.8564
-72.833
-72.8088
-72.7842
-72.7592
-72.7341
-72.7088
-72.6836
-72.6583
-72.6331
-72.608
-72.583
-72.5581
-72.5335
-72.509
-72.4847
-72.4606
-72.4367
-72.413
-72.3896
-72.3664
-72.3434
-72.3207
-72.3023
-72.2984
-72.2952
-72.2878
-72.2765
-72.2625
-72.2466
-72.2295
-72.2116
-72.1931
-72.1743
-72.1554
-72.1363
-72.1171
-72.098
-72.0789
-72.0599
-72.041
-72.0222
-72.0036
-71.9851
-71.9668
-71.9487
-71.9307
-71.9129
-71.8953
-71.8778
-71.8606
-71.8435
-71.8267
-71.81
-71.7935
-71.7772
-71.7611
-71.7451
-71.7295
-71.729
-71.7379
-71.743
-71.7428
-71.7383
-71.7309
-71.7216
-71.711
-71.6994
-71.6872
-71.6746
-71.6617
-71.6487
-71.6355
-71.6223
-71.609
-71.5958
-71.5826
-71.5694
-71.5564
-71.5434
-71.5305
-71.5178
-71.5052
-71.4926
-71.4803
-71.468
-71.4559
-71.4439
-71.432
-71.4203
-71.4087
-71.3972
-71.3859
-71.3747
-71.3637
-71.3527
-71.3419
-71.3313
-71.3208
-71.3104
-71.3001
-71.29
-71.28
-71.2701
-71.2604
-71.2508
-71.2413
-71.2319
-71.2226
-71.2135
-71.2045
-71.1955
-71.1868
-71.1781
-71.1695
-71.1611
-71.1527
-71.1445
-71.1363
-71.1283
-71.1204
-71.1126
-71.1049
-71.0973
-71.0897
-71.0823
-71.075
-71.0678
-71.0607
-71.0537
-71.0467
-71.0399
-71.0331
-71.0265
-71.0199
-71.0134
-71.007
-71.0007
-70.9945
-70.9884
-70.9823
-70.9763
-70.9705
-70.9646
-70.9589
-70.9533
-70.9477
-70.9422
-70.9368
-70.9314
-70.9262
-70.921
-70.9158
-70.9108
-70.9058
-70.9009
-70.8961
-70.8913
-70.8866
-70.8819
-70.8774
-70.8729
-70.8684
-70.864
-70.8597
-70.8555
-70.8513
-70.8471
-70.843
-70.839
-70.8351
-70.8312
-70.8273
-70.8236
-70.8198
-70.8161
-70.8125
-70.809
-70.8054
-70.802
-70.7986
-70.7952
-70.7919
-70.7886
-70.7854
-70.7823
-70.7792
-70.7761
-70.7731
-70.7701
-70.7672
-70.7643
-70.7615
-70.7587
-70.7559
-70.7532
-70.7506
-70.7479
-70.7453
-70.7428
-70.7403
-70.7378
-70.7354
-70.733
-70.7307
-70.7284
-70.7261
-70.7239
-70.7217
-70.7195
-70.7174
-70.7153
-70.7133
-70.7113
-70.7093
-70.7073
-70.7054
-70.7035
-70.7016
-70.6998
-70.698
-70.6963
-70.6945
-70.6928
-70.6912
-70.6895
-70.6879
-70.6863
-70.6847
-70.6832
-70.6817
-70.6802
-70.6788
-70.6774
-70.676
-70.6746
-70.6732
-70.6719
-70.6706
-70.6693
-70.6681
-70.6669
-70.6657
-70.6645
-70.6633
-70.6622
-70.6611
-70.66
-70.6589
-70.6578
-70.6568
-70.6558
-70.6548
-70.6538
-70.6529
-70.652
-70.651
-70.6501
-70.6493
-70.6484
-70.6476
-70.6468
-70.646
-70.6452
-70.6444
-70.6436
-70.6429
-70.6422
-70.6415
-70.6408
-70.6401
-70.6395
-70.6388
-70.6382
-70.6376
-70.637
-70.6364
-70.6358
-70.6353
-70.6347
-70.6342
-70.6337
-70.6332
-70.6327
-70.6322
-70.6317
-70.6313
-70.6309
-70.6304
-70.63
-70.6296
-70.6292
-70.6288
-70.6285
-70.6281
-70.6277
-70.6274
-70.6271
-70.6268
-70.6264
-70.6261
-70.6259
-70.6256
-70.6253
-70.625
-70.6248
-70.6245
-70.6243
-70.6241
-70.6239
-70.6237
-70.6235
-70.6233
-70.6231
-70.6229
-70.6227
-70.6226
-70.6224
-70.6223
-70.6221
-70.622
-70.6219
-70.6217
-70.6216
-70.6215
-70.6214
-70.6213
-70.6212
-70.6212
-70.6211
-70.621
-70.621
-70.6209
-70.6208
-70.6208
-70.6208
-70.6207
-70.6207
-70.6207
-70.6206
-70.6206
-70.6206
-70.6206
-70.6206
-70.6206
-70.6206
-70.6206
-70.6207
-70.6207
-70.6207
-70.6207
-70.6208
-70.6208
-70.6208
-70.6209
-70.6209
-70.621
-70.621
-70.6211
-70.6212
-70.6212
-70.6213
-70.6214
-70.6214
-70.6215
-70.6216
-70.6217
-70.6218
-70.6219
-70.622
-70.622
-70.6221
-70.6222
-70.6223
-70.6225
-70.6226
-70.6227
-70.6228
-70.6229
-70.623
-70.6231
-70.6233
-70.6234
-70.6235
-70.6236
-70.6238
-70.6239
-70.624
-70.6241
-70.6243
-70.6244
-70.6246
-70.6247
-70.6248
-70.625
-70.6251
-70.6253
-70.6254
-70.6256
-70.6257
-70.6259
-70.626
-70.6262
-70.6263
-70.6265
-70.6266
-70.6268
-70.6269
-70.6271
-70.6273
-70.6274
-70.6276
-70.6277
-70.6279
-70.6281
-70.6282
-70.6284
-70.6286
-70.6287
-70.6289
-70.6291
-70.6292
-70.6294
-70.6296
-70.6297
-70.6299
-70.6301
-70.6302
-70.6304
-70.6306
-70.6307
-70.6309
-70.6311
-70.6313
-70.6314
-70.6316
-70.6318
-70.6319
-70.6321
-70.6323
-70.6325
-70.6326
-70.6328
-70.633
-70.6332
-70.6333
-70.6335
-70.6337
-70.6338
-70.634
-70.6342
-70.6344
-70.6345
-70.6347
-70.6349
-70.635
-70.6352
-70.6354
-70.6356
-70.6357
-70.6359
-70.6361
-70.6362
-70.6364
-70.6366
-70.6367
-70.6369
-70.6371
-70.6372
-70.6374
-70.6376
-70.6377
-70.6379
-70.6381
-70.6382
-70.6384
-70.6386
-70.6387
-70.6389
-70.6391
-70.6392
-70.6394
-70.6395
-70.6397
-70.6399
-70.64
-70.6402
-70.6403
-70.6405
-70.6407
-70.6408
-70.641
-70.6411
-70.6413
-70.6414
-70.6416
-70.6417
-70.6419
-70.6421
-70.6422
-70.6424
-70.6425
-70.6427
-70.6428
-70.643
-70.6431
-70.6433
-70.6434
-70.6435
-70.6437
-70.6438
-70.644
-70.6441
-70.6443
-70.6444
-70.6446
-70.6447
-70.6448
-70.645
-70.6451

