-70
-70.1661
-70.23
-70.2566
-70.2695
-70.2773
-70.283
-70.2879
-70.2925
-70.297
-70.3014
-70.3057
-70.31
-70.3142
-70.3185
-70.3226
-70.3268
-70.3309
-70.335
-70.3391
-70.3431
-70.3471
-70.351
-70.3549
-70.3588
-70.3626
-70.3664
-70.3701
-70.3738
-70.3775
-70.3811
-70.3847
-70.3883
-70.3918
-70.3953
-70.3987
-70.4021
-70.4055
-70.4088
-70.4121
-70.4154
-70.4186
-70.4218
-70.4249
-70.428
-70.4311
-70.4341
-70.4372
-70.4401
-70.4431
-70.446
-70.4489
-70.4517
-70.4545
-70.4573
-70.4601
-70.4628
-70.4655
-70.4682
-70.4708
-70.4734
-70.476
-70.4785
-70.481
-70.4835
-70.486
-70.4884
-70.4908
-70.4932
-70.4955
-70.4978
-70.5001
-70.5024
-70.5046
-70.5068
-70.509
-70.5112
-70.5133
-70.5154
-70.5175
-70.5196
-70.5216
-70.5236
-70.5256
-70.5276
-70.5295
-70.5315
-70.5334
-70.5352
-70.5371
-70.5389
-70.5407
-70.5425
-70.5443
-70.5461
-70.5478
-70.5495
-70.5512
-70.5528
-70.5545
-70.5561
-70.5577
-70.5593
-70.5609
-70.5624
-70.5639
-70.5655
-70.5669
-70.5684
-70.5699
-70.5713
-70.5727
-70.5741
-70.5755
-70.5769
-70.5782
-70.5796
-70.5809
-70.5822
-70.5835
-70.5848
-70.586
-70.5873
-70.5885
-70.5897
-70.5909
-70.5921
-70.5932
-70.5944
-70.5955
-70.5966
-70.5977
-70.5988
-70.5999
-70.601
-70.602
-70.603
-70.6041
-70.6051
-70.6061
-70.6071
-70.608
-70.609
-70.6099
-70.6109
-70.6118
-70.6127
-70.6136
-70.6145
-70.6154
-70.6162
-70.6171
-70.6179
-70.6187
-70.6196
-70.6204
-70.6212
-70.622
-70.6227
-70.6235
-70.6242
-70.625
-70.6257
-70.6265
-70.6272
-70.6279
-70.6286
-70.6293
-70.6299
-70.6306
-70.6313
-70.6319
-70.6325
-70.6332
-70.6338
-70.6344
-70.635
-70.6356
-70.6362
-70.6368
-70.6374
-70.6379
-70.6385
-70.639
-70.6396
-70.6401
-70.6406
-70.6411
-70.6417
-70.6422
-70.6427
-70.6431
-70.6436
-70.6441
-70.6446
-70.645
-70.6455
-70.6459
-70.6464
-70.6468
-70.6472
-70.6476
-70.6481
-70.6485
-70.6489
-70.6493
-70.6497
-70.65
-70.6504
-70.6508
-70.6512
-70.6515
-70.6519
-70.6522
-70.6526
-70.6529
-70.6533
-70.6536
-70.6539
-70.6542
-70.6545
-70.6549
-70.6552
-70.6555
-70.6558
-70.656
-70.6563
-70.6566
-70.6569
-70.6572
-70.6574
-70.6577
-70.658
-70.6582
-70.6585
-70.6587
-70.6589
-70.6592
-70.6594
-70.6597
-70.6599
-70.6601
-70.6603
-70.6605
-70.6607
-70.661
-70.6612
-70.6614
-70.6616
-70.6617
-70.6619
-70.6621
-70.6623
-70.6625
-70.6627
-70.6628
-70.663
-70.6632
-70.6633
-70.6635
-70.6637
-70.6638
-70.664
-70.6641
-70.6643
-70.6644
-70.6646
-70.6647
-70.6648
-70.665
-70.6651
-70.6652
-70.6653
-70.6655
-70.6656
-70.6657
-70.6658
-70.6659
-70.666
-70.6662
-70.6663
-70.6664
-70.6665
-70.6666
-70.6667
-70.6668
-70.6669
-70.667
-70.667
-70.6671
-70.6672
-70.6673
-70.6674
-70.6675
-70.6675
-70.6676
-70.6677
-70.6678
-70.6678
-70.6679
-70.668
-70.668
-70.6681
-70.6682
-70.6682
-70.6683
-70.6683
-70.6684
-70.6685
-70.6685
-70.6686
-70.6686
-70.6687
-70.6687
-70.6688
-70.6688
-70.6688
-70.6689
-70.6689
-70.669
-70.669
-70.669
-70.6691
-70.6691
-70.6691
-70.6692
-70.6692
-70.6692
-70.6693
-70.6693
-70.6693
-70.6694
-70.6694
-70.6694
-70.6694
-70.6694
-70.6695
-70.6695
-70.6695
-70.6695
-70.6695
-70.6696
-70.6696
-70.6696
-70.6696
-70.6696
-70.6696
-70.6696
-70.6697
-70.6697
-70.6697
-70.6697
-70.6697
-70.6697
-70.6697
-70.6697
-70.6697
-70.6697
-70.6697
-70.6697
-70.6697
-70.6697
-70.6697
-70.6697
-70.6697
-70.6697
-70.6697
-70.6697
-70.6697
-70.6697
-70.6697
-70.6697
-70.6697
-70.6697
-70.6697
-70.6697
-70.6697
-70.6697
-70.6697
-70.6697
-70.6697
-70.6697
-70.6697
-70.6696
-70.6696
-70.6696
-70.6696
-70.6696
-70.6696
-70.6696
-70.6696
-70.6696
-70.6695
-70.6695
-70.6695
-70.6695
-70.6695
-70.6695
-70.6695
-70.6695
-70.6694
-70.6694
-70.6694
-70.6694
-70.6694
-70.6694
-70.6693
-70.6693
-70.6693
-70.6693
-70.6693
-70.6693
-70.6693
-70.6692
-70.6692
-70.6692
-70.6692
-70.6692
-70.6691
-70.6691
-70.6691
-70.6691
-70.6691
-70.6691
-70.669
-70.669
-70.669
-70.669
-70.669
-70.6689
-70.6689
-70.6689
-70.6689
-70.6689
-70.6688
-70.6688
-70.6688
-70.6688
-70.6688
-70.6687
-70.6687
-70.6687
-70.6687
-70.6686
-70.6686
-70.6686
-70.6686
-70.6686
-70.6685
-70.6685
-70.6685
-70.6685
-70.6685
-70.6684
-70.6684
-70.6684
-70.6684
-70.6684
-70.6683
-70.6683
-70.6683
-70.6683
-70.6682
-70.6682
-70.6682
-70.6682
-70.6682
-70.6681
-70.6681
-70.6681
-70.6681
-70.6681
-70.6713
-70.8391
-71.4914
-72.4599
-73.294
-73.831
-74.1083
-74.2403
-71.462
-55.4604
-51.5442
-49.5726
-47.162
-37.5659
-5.6132
-34.7997
-66.7516
-68.9677
-67.9984
-66.9544
-65.8879
-64.8181
-63.7638
-62.7415
-61.7657
-60.848
-59.775
-58.855
-58.0766
-57.3959
-56.7991
-56.279
-55.8172
-55.3901
-55.0362
-54.7431
-54.5011
-54.3028
-54.1407
-53.9881
-53.8632
-53.7665
-53.692
-53.6347
-53.5912
-53.5588
-53.5195
-53.4868
-53.465
-53.4511
-53.4426
-53.4382
-53.4366
-53.4372
-53.4315
-53.4177
-53.4102
-53.4079
-53.4087
-53.4113
-53.4151
-53.4197
-53.4249
-53.4305
-53.4366
-53.4258
-53.4136
-53.4087
-53.4083
-53.4101
-53.4132
-53.417
-53.4212
-53.4257
-53.4303
-53.4351
-53.44
-53.4449
-53.4492
-53.4529
-53.4463
-53.4194
-53.406
-53.4004
-53.3978
-53.3959
-53.393
-53.3874
-53.376
-53.3471
-53.1762
-52.5893
-52.5528
-52.6926
-52.8375
-52.9493
-53.0273
-53.0795
-53.1152
-53.1419
-53.1649
-53.1882
-53.2145
-53.2464
-53.287
-53.3996
-53.4445
-53.4583
-53.4637
-53.468
-53.4736
-53.4813
-53.4914
-53.5044
-53.5197
-53.5372
-53.557
-53.5792
-53.604
-53.6317
-53.6624
-53.6964
-53.7339
-53.7753
-53.821
-53.8711
-53.9259
-53.9859
-54.0512
-54.1224
-54.1996
-54.2833
-54.3736
-54.4711
-54.5766
-54.6904
-54.813
-54.9452
-54.4261
-53.5593
-53.3376
-53.3042
-53.3239
-53.3569
-53.3917
-53.4249
-53.456
-53.4853
-53.5133
-53.5405
-53.5673
-53.5942
-53.6216
-53.6499
-53.6794
-53.7104
-53.7433
-53.7785
-53.8161
-53.8566
-53.9002
-53.9472
-53.9979
-54.0525
-54.1115
-54.1751
-54.2437
-54.3172
-54.3962
-54.4812
-54.5725
-54.6706
-54.7759
-54.8961
-55.0263
-55.1628
-55.306
-55.4567
-55.615
-53.8418
-53.2644
-53.1594
-53.1769
-53.2237
-53.2731
-53.318
-53.3575
-53.3922
-53.423
-53.4509
-53.4767
-53.501
-53.5245
-53.5485
-53.5734
-53.5989
-53.6246
-53.6512
-53.6789
-53.7083
-53.7396
-53.7732
-53.8094
-53.8499
-53.8954
-53.9466
-54.0011
-54.0583
-54.1189
-54.1834
-54.2524
-54.3259
-54.4045
-54.4886
-54.5844
-54.6894
-54.8065
-54.931
-55.0594
-55.1926
-55.3316
-55.4769
-55.6285
-55.7868
-55.9521
-56.1375
-56.3365
-56.5469
-54.7499
-53.2793
-52.9901
-52.9863
-53.0512
-53.1253
-53.1923
-53.2493
-53.2978
-53.3396
-53.3757
-53.4079
-53.437
-53.4634
-53.488
-53.5115
-53.5344
-53.5572
-53.5804
-53.6043
-53.6309
-53.6597
-53.6896
-53.7231
-53.76
-53.7988
-53.8397
-53.8834
-53.9302
-53.9806
-54.0349
-54.0936
-54.162
-54.2376
-54.3165
-54.401
-54.4983
-54.6011
-54.7075
-54.8185
-54.9355
-55.0592
-55.1965
-55.3508
-55.51
-55.6729
-55.8551
-55.6989
-53.5978
-53.1292
-53.0678
-53.1066
-53.1651
-53.2217
-53.2715
-53.314
-53.3505
-53.3826
-53.4115
-53.4374
-53.4613
-53.4837
-53.5053
-53.5267
-53.5492
-53.573
-53.5974
-53.6226
-53.6519
-53.6864
-53.7232
-53.761
-53.8006
-53.8427
-53.8888
-53.945
-54.0266
-54.1535
-54.3188
-54.5105
-54.6908
-54.8544
-55.0127
-55.1712
-55.3383
-55.5726
-55.9362
-56.392
-56.8464
-57.2604
-57.6372
-57.9857
-58.3259
-58.6697
-59.0439
-59.4811
-60.0068
-60.5775
-61.1487
-61.6939
-62.2078
-62.6969
-63.1767
-63.6546
-64.1376
-64.6445
-65.1865
-65.7467
-66.3021
-66.829
-67.3185
-67.7757
-68.2037
-68.6123
-69.0003
-69.3803
-69.761
-70.1465
-70.525
-70.883
-71.2038
-71.4908
-71.749
-71.9832
-72.1967
-72.3953
-72.587
-72.7773
-72.9655
-73.1455
-73.3104
-73.452
-73.5745
-73.6823
-73.7778
-73.8619
-73.9403
-74.0151
-74.0889
-74.1632
-74.2349
-74.3005
-74.3547
-74.3992
-74.4375
-74.4696
-74.4966
-74.5221
-74.5461
-74.571
-74.5982
-74.6264
-74.6526
-74.6741
-74.6895
-74.7011
-74.7097
-74.7154
-74.7207
-74.726
-74.7321
-74.7401
-74.7514
-74.7642
-74.7743
-74.7812
-74.7847
-74.7859
-74.7856
-74.7843
-74.7829
-74.782
-74.7826
-74.7851
-74.7908
-74.7981
-74.8027
-74.8049
-74.8052
-74.8032
-74.7999
-74.7967
-74.7938
-74.7907
-74.7893
-74.7898
-74.7934
-74.7994
-74.8034
-74.8046
-74.8045
-74.8019
-74.7986
-74.7952
-74.7911
-74.7873
-74.7839
-74.7822
-74.7832
-74.7871
-74.7918
-74.7944
-74.7948
-74.7945
-74.7911
-74.7877
-74.7851
-74.7819
-74.7786
-74.7756
-74.7738
-74.7743
-74.7774
-74.7814
-74.7848
-74.7854
-74.7836
-74.7811
-74.7766
-74.7726
-74.7701
-74.7671
-74.7634
-74.7609
-74.7605
-74.7631
-74.7669
-74.7708
-74.7745
-74.7744
-74.7723
-74.7701
-74.7663
-74.7609
-74.7578
-74.7559
-74.7528
-74.7501
-74.7499
-74.7516
-74.7549
-74.7589
-74.761
-74.7613
-74.7592
-74.7561
-74.7534
-74.7497
-74.7449
-74.7405
-74.7384
-74.7376
-74.7373
-74.74
-74.7425
-74.7457
-74.7495
-74.7512
-74.7515
-74.749
-74.744
-74.7404
-74.7386
-74.7359
-74.73
-74.7248
-74.7214
-74.7208
-74.724
-74.7274
-74.7294
-74.7314
-74.7347
-74.7372
-74.7365
-74.7335
-74.7276
-74.7234
-74.7227
-74.7225
-74.7189
-74.7129
-74.7096
-74.7079
-74.7103
-74.7151
-74.7177
-74.7186
-74.7221
-74.7241
-74.7252
-74.723
-74.7189
-74.7141
-74.7106
-74.7077
-74.7033
-74.6988
-74.6943
-74.6905
-74.6886
-74.6911
-74.695
-74.6975
-74.7
-74.703
-74.7063
-74.7078
-74.7071
-74.7054
-74.7025
-74.7028
-74.7004
-74.6948
-74.6899
-74.6848
-74.6804
-74.677
-74.6742
-74.6755
-74.6806
-74.6831
-74.6851
-74.6852
-74.6875
-74.6893
-74.6896
-74.6889
-74.6851
-74.6834
-74.683
-74.6816
-74.6765
-74.669
-74.6616
-74.6559
-74.6542
-74.6538
-74.6541
-74.6564
-74.6607
-74.6627
-74.6651
-74.6654
-74.6663
-74.6673
-74.6679
-74.6675
-74.6676
-74.6704
-74.6719
-74.6682
-74.6634
-74.6565
-74.6475
-74.6394
-74.6351
-74.6349
-74.6348
-74.6391
-74.6429
-74.6446
-74.6447
-74.646
-74.6439
-74.6397
-74.6377
-74.6368
-74.6364
-74.6374
-74.6418
-74.6431
-74.6435
-74.643
-74.6368
-74.6278
-74.6199
-74.6118
-74.6057
-74.6037
-74.6069
-74.612
-74.6165
-74.6191
-74.6212
-74.6248
-74.6251
-74.622
-74.6166
-74.6109
-74.6095
-74.6091
-74.6111
-74.6164
-74.6202
-74.618
-74.6149
-74.6128
-74.6103
-74.604
-74.5939
-74.5848
-74.5796
-74.578
-74.5822
-74.5852
-74.5867
-74.5903
-74.5918
-74.5915
-74.5935
-74.5954
-74.5942
-74.5895
-74.581
-74.576
-74.5747
-74.5724
-74.5753
-74.5796
-74.5794
-74.5768
-74.5743
-74.5683
-74.5601
-74.5562
-74.5542
-74.5476
-74.5387
-74.5324
-74.534
-74.538
-74.5436
-74.5485
-74.5527
-74.5564
-74.5604
-74.56
-74.5563
-74.5561
-74.5573
-74.5556
-74.5511
-74.5441
-74.5372
-74.5321
-74.5359
-74.5429
-74.5456
-74.5449
-74.5401
-74.535
-74.5317
-74.5282
-74.5199
-74.5099
-74.5039
-74.4991
-74.4939
-74.4857
-74.4802
-74.4794
-74.4816
-74.4883
-74.494
-74.4999
-74.5058
-74.5135
-74.518
-74.5158
-74.51
-74.506
-74.5058
-74.5017
-74.4917
-74.4828
-74.4789
-74.4773
-74.4772
-74.4818
-74.4871
-74.4868
-74.4854
-74.4848
-74.4813
-74.4766
-74.4707
-74.4636
-74.4573
-74.4496
-74.4397
-74.4304
-74.4185
-74.4103
-74.4055
-74.4055
-74.4101
-74.4133
-74.4113
-74.4076
-74.4077
-74.4144
-74.4211
-74.426
-74.4318
-74.4366
-74.4374
-74.4351
-74.4292
-74.4259
-74.4267
-74.4259
-74.4255
-74.4247
-74.4224
-74.4165
-74.4117
-74.4067
-74.4048
-74.404
-74.4038
-74.4049
-74.4026
-74.4026
-74.402
-74.3957
-74.3935
-74.3932
-74.3912
-74.3863
-74.3777
-74.3697
-74.3619
-74.3504
-74.3358
-74.3183
-74.2976
-74.2794
-74.275
-74.2877
-74.3043
-74.3229
-74.3359
-74.3395
-74.3371
-74.3361
-74.3361
-74.334
-74.3315
-74.3264
-74.318
-74.3077
-74.2966
-74.2908
-74.2879
-74.2859
-74.2891
-74.2948
-74.299
-74.3022
-74.301
-74.2944
-74.2914
-74.2937
-74.2989
-74.3053
-74.3049
-74.2965
-74.2862
-74.2772
-74.2677
-74.2577
-74.2524
-74.2541
-74.2586
-74.2615
-74.2667
-74.2669
-74.2582
-74.2433
-74.23
-74.2196
-74.2103
-74.2096
-74.2179
-74.2216
-74.2189
-74.2142
-74.2072
-74.1948
-74.179
-74.1606
-74.1404
-74.1327
-74.137
-74.1424
-74.144
-74.1446
-74.1485
-74.1482
-74.1481
-74.1541
-74.1619
-74.1679
-74.1704
-74.1692
-74.1637
-74.1579
-74.1494
-74.1408
-74.1295
-74.118
-74.1052
-74.0909
-74.082
-74.0696
-74.0547
-74.0441
-74.0356
-74.0324
-74.0332
-74.0382
-74.0446
-74.0546
-74.0636
-74.0701
-74.0751
-74.0744
-74.079
-74.0835
-74.0901
-74.0966
-74.0975
-74.1
-74.0992
-74.093
-74.082
-74.068
-74.0593
-74.0538
-74.0431
-74.0297
-74.0172
-74.0088
-74.0017
-73.9933
-73.9877
-73.9887
-73.9886
-73.9848
-73.978
-73.9677
-73.9559
-73.9408
-73.9277
-73.9227
-73.9194
-73.9184
-73.912
-73.8996
-73.8918
-73.8926
-73.8944
-73.8888
-73.8869
-73.8897
-73.8909
-73.8886
-73.8833
-73.8717
-73.8579
-73.8426
-73.825
-73.816
-73.8145
-73.8244
-73.8359
-73.8569
-73.8818
-73.9006
-73.9193
-73.9304
-73.9299
-73.9225
-73.9163
-73.9073
-73.8926
-73.8776
-73.8705
-73.863
-73.8497
-73.8309
-73.8092
-73.7901
-73.7694
-73.7457
-73.7194
-73.6994
-73.6972
-73.7034
-73.7104
-73.7158
-73.7159
-73.7142
-73.7107
-73.7021
-73.6933
-73.6854
-73.6753
-73.6609
-73.6562
-73.6593
-73.668
-73.6706
-73.6641
-73.6502
-73.6313
-73.6089
-73.584
-73.5573
-73.5302
-73.5117
-73.5003
-73.486
-73.4671
-73.449
-73.4338
-73.4157
-73.4006
-73.3867
-73.3692
-73.3547
-73.3415
-73.3307
-73.3311
-73.3343
-73.3345
-73.3278
-73.3333
-73.3605
-73.3854
-73.3965
-73.3958
-73.3922
-73.3919
-73.3917
-73.3879
-73.385
-73.377
-73.3633
-73.3453
-73.3242
-73.3068
-73.2932
-73.2778
-73.2692
-73.2679
-73.2653
-73.2646
-73.2588
-73.2469
-73.2301
-73.2153
-73.2048
-73.1913
-73.1772
-73.1734
-73.1737
-73.1683
-73.1566
-73.1481
-73.1428
-73.1422
-73.138
-73.1277
-73.1125
-73.0937
-73.0725
-73.0496
-73.0326
-73.0209
-73.0068
-72.9892
-72.9689
-72.9466
-72.923
-72.8986
-72.8735
-72.848
-72.8223
-72.7964
-72.7704
-72.7444
-72.7185
-72.6926
-72.6668
-72.6412
-72.6157
-72.5904
-72.5653
-72.5403
-72.5156
-72.4911
-72.4719
-72.4653
-72.4584
-72.4477
-72.4335
-72.417
-72.3989
-72.3912
-72.3899
-72.3851
-72.3758
-72.3631
-72.3479
-72.3311
-72.3132
-72.2946
-72.2754
-72.256
-72.2363
-72.2165
-72.1966
-72.1768
-72.157
-72.1372
-72.1176
-72.0981
-72.0787
-72.0595
-72.0404
-72.0215
-72.0028
-71.9842
-71.9658
-71.9476
-71.9297
-71.9119
-71.8942
-71.8768
-71.8596
-71.8426
-71.8257
-71.8091
-71.7926
-71.7763
-71.7602
-71.7443
-71.7286
-71.7131
-71.6978
-71.6826
-71.6676
-71.6528
-71.6382
-71.6238
-71.6095
-71.5954
-71.5815
-71.5677
-71.5541
-71.5407
-71.5274
-71.5143
-71.5014
-71.4886
-71.476
-71.4635
-71.4512
-71.439
-71.427
-71.4152
-71.4035
-71.3919
-71.3805
-71.3692
-71.3581
-71.3471
-71.3362
-71.3255
-71.3149
-71.3045
-71.2942
-71.284
-71.274
-71.2641
-71.2543
-71.2446
-71.2351
-71.2257
-71.2164
-71.2072
-71.1982
-71.1893
-71.1805
-71.1718
-71.1632
-71.1547
-71.1463
-71.1381
-71.13
-71.1219
-71.114
-71.1062
-71.0984
-71.0908
-71.0833
-71.0759
-71.0686
-71.0614
-71.0542
-71.0472
-71.0403
-71.0334
-71.0267
-71.02
-71.0135
-71.007
-71.0006
-70.9943
-70.9881
-70.982
-70.9759
-70.9699
-70.9641
-70.9583
-70.9525
-70.9469
-70.9413
-70.9359
-70.9304
-70.9251
-70.9199
-70.9147
-70.9096
-70.9045
-70.8996
-70.8947
-70.8898
-70.8851
-70.8804
-70.8757
-70.8712
-70.8667
-70.8623
-70.8579
-70.8536
-70.8494
-70.8452
-70.8411
-70.837
-70.833
-70.8291
-70.8252
-70.8214
-70.8176
-70.8139
-70.8102
-70.8066
-70.8031
-70.7996
-70.7962
-70.7928
-70.7894
-70.7862
-70.7829
-70.7797
-70.7766
-70.7735
-70.7705
-70.7675
-70.7645
-70.7616
-70.7588
-70.7559
-70.7532
-70.7504
-70.7478
-70.7451
-70.7425
-70.74
-70.7374
-70.735
-70.7325
-70.7301
-70.7278
-70.7255
-70.7232
-70.7209
-70.7187
-70.7166
-70.7144
-70.7123
-70.7103
-70.7082
-70.7062
-70.7043
-70.7024
-70.7005
-70.6986
-70.6968
-70.695
-70.6932
-70.6915
-70.6897
-70.6881
-70.6864
-70.6848
-70.6832
-70.6817
-70.6801
-70.6786
-70.6771
-70.6757
-70.6743
-70.6729
-70.6715
-70.6701
-70.6688
-70.6675
-70.6662
-70.665
-70.6638
-70.6626
-70.6614
-70.6602
-70.6591
-70.658
-70.6569
-70.6558
-70.6548
-70.6537
-70.6527
-70.6517
-70.6508
-70.6498
-70.6489
-70.648
-70.6471
-70.6462
-70.6454
-70.6446
-70.6438
-70.643
-70.6422
-70.6414
-70.6407
-70.6399
-70.6392
-70.6385
-70.6378
-70.6372
-70.6365
-70.6359
-70.6353
-70.6347
-70.6341
-70.6335
-70.633
-70.6324
-70.6319
-70.6314
-70.6308
-70.6304
-70.6299
-70.6294
-70.629
-70.6285
-70.6281
-70.6277
-70.6273
-70.6269
-70.6265
-70.6261
-70.6257
-70.6254
-70.6251
-70.6247
-70.6244
-70.6241
-70.6238
-70.6235
-70.6232
-70.623
-70.6227
-70.6224
-70.6222
-70.622
-70.6218
-70.6215
-70.6213
-70.6211
-70.6209
-70.6208
-70.6206
-70.6204
-70.6203
-70.6201
-70.62
-70.6198
-70.6197
-70.6196
-70.6195
-70.6194
-70.6193
-70.6192
-70.6191
-70.619
-70.6189
-70.6189
-70.6188
-70.6187
-70.6187
-70.6186
-70.6186
-70.6186
-70.6185
-70.6185
-70.6185
-70.6185
-70.6185
-70.6185
-70.6185
-70.6185
-70.6185
-70.6185
-70.6185
-70.6186
-70.6186
-70.6186
-70.6187
-70.6187
-70.6187
-70.6188
-70.6188
-70.6189
-70.619
-70.619
-70.6191
-70.6192
-70.6192
-70.6193
-70.6194
-70.6195
-70.6196
-70.6197
-70.6197
-70.6198
-70.6199
-70.62
-70.6201
-70.6202
-70.6204
-70.6205
-70.6206
-70.6207
-70.6208
-70.6209
-70.6211
-70.6212
-70.6213
-70.6214
-70.6216
-70.6217
-70.6218
-70.622
-70.6221
-70.6223
-70.6224
-70.6226
-70.6227
-70.6228
-70.623
-70.6231
-70.6233
-70.6234
-70.6236
-70.6238
-70.6239
-70.6241
-70.6242
-70.6244
-70.6246
-70.6247
-70.6249
-70.625
-70.6252
-70.6254
-70.6255
-70.6257
-70.6259
-70.6261
-70.6262
-70.6264
-70.6266
-70.6267
-70.6269
-70.6271
-70.6273
-70.6274
-70.6276
-70.6278
-70.628
-70.6281
-70.6283
-70.6285
-70.6287
-70.6289
-70.629
-70.6292
-70.6294
-70.6296
-70.6297
-70.6299
-70.6301
-70.6303
-70.6305
-70.6307
-70.6308
-70.631
-70.6312
-70.6314
-70.6316
-70.6317
-70.6319
-70.6321
-70.6323
-70.6325
-70.6326
-70.6328
-70.633
-70.6332
-70.6334
-70.6335
-70.6337
-70.6339
-70.6341
-70.6342
-70.6344
-70.6346
-70.6348
-70.635
-70.6351
-70.6353
-70.6355
-70.6357
-70.6358
-70.636
-70.6362
-70.6364
-70.6365
-70.6367
-70.6369
-70.6371
-70.6372
-70.6374
-70.6376
-70.6377
-70.6379
-70.6381
-70.6383
-70.6384
-70.6386
-70.6388
-70.6389
-70.6391
-70.6393
-70.6394
-70.6396
-70.6398
-70.6399
-70.6401
-70.6402
-70.6404
-70.6406
-70.6407
-70.6409
-70.6411
-70.6412
-70.6414
-70.6415
-70.6417
-70.6418
-70.642
-70.6422
-70.6423
-70.6425
-70.6426
-70.6428
-70.6429
-70.6431
-70.6432
-70.6434
-70.6435
-70.6437
-70.6438
-70.644
-70.6441
-70.6443

