-70
-70.1661
-70.23
-70.2566
-70.2695
-70.2773
-70.283
-70.2879
-70.2925
-70.297
-70.3014
-70.3057
-70.31
-70.3142
-70.3185
-70.3226
-70.3268
-70.3309
-70.335
-70.3391
-70.3431
-70.3471
-70.351
-70.3549
-70.3588
-70.3626
-70.3664
-70.3701
-70.3738
-70.3775
-70.3811
-70.3847
-70.3883
-70.3918
-70.3953
-70.3987
-70.4021
-70.4055
-70.4088
-70.4121
-70.4154
-70.4186
-70.4218
-70.4249
-70.428
-70.4311
-70.4341
-70.4372
-70.4401
-70.4431
-70.446
-70.4489
-70.4517
-70.4545
-70.4573
-70.4601
-70.4628
-70.4655
-70.4682
-70.4708
-70.4734
-70.476
-70.4785
-70.481
-70.4835
-70.486
-70.4884
-70.4908
-70.4932
-70.4955
-70.4978
-70.5001
-70.5024
-70.5046
-70.5068
-70.509
-70.5112
-70.5133
-70.5154
-70.5175
-70.5196
-70.5216
-70.5236
-70.5256
-70.5276
-70.5295
-70.5315
-70.5334
-70.5352
-70.5371
-70.5389
-70.5407
-70.5425
-70.5443
-70.5461
-70.5478
-70.5495
-70.5512
-70.5528
-70.5545
-70.5561
-70.5577
-70.5593
-70.5609
-70.5624
-70.5639
-70.5655
-70.5669
-70.5684
-70.5699
-70.5713
-70.5727
-70.5741
-70.5755
-70.5769
-70.5782
-70.5796
-70.5809
-70.5822
-70.5835
-70.5848
-70.586
-70.5873
-70.5885
-70.5897
-70.5909
-70.5921
-70.5932
-70.5944
-70.5955
-70.5966
-70.5977
-70.5988
-70.5999
-70.601
-70.602
-70.603
-70.6041
-70.6051
-70.6061
-70.6071
-70.608
-70.609
-70.6099
-70.6109
-70.6118
-70.6127
-70.6136
-70.6145
-70.6154
-70.6162
-70.6171
-70.6179
-70.6187
-70.6196
-70.6204
-70.6212
-70.622
-70.6227
-70.6235
-70.6242
-70.625
-70.6257
-70.6265
-70.6272
-70.6279
-70.6286
-70.6293
-70.6299
-70.6306
-70.6313
-70.6319
-70.6325
-70.6332
-70.6338
-70.6344
-70.635
-70.6356
-70.6362
-70.6368
-70.6374
-70.6379
-70.6385
-70.639
-70.6396
-70.6401
-70.6406
-70.6411
-70.6417
-70.6422
-70.6427
-70.6431
-70.6436
-70.6441
-70.6446
-70.645
-70.6455
-70.6459
-70.6464
-70.6468
-70.6472
-70.6476
-70.6481
-70.6485
-70.6489
-70.6493
-70.6497
-70.65
-70.6504
-70.6508
-70.6512
-70.6515
-70.6519
-70.6522
-70.6526
-70.6529
-70.6533
-70.6536
-70.6539
-70.6542
-70.6545
-70.6549
-70.6552
-70.6555
-70.6558
-70.656
-70.6563
-70.6566
-70.6569
-70.6572
-70.6574
-70.6577
-70.658
-70.6582
-70.6585
-70.6587
-70.6589
-70.6592
-70.6594
-70.6597
-70.6599
-70.6601
-70.6603
-70.6605
-70.6607
-70.661
-70.6612
-70.6614
-70.6616
-70.6617
-70.6619
-70.6621
-70.6623
-70.6625
-70.6627
-70.6628
-70.663
-70.6632
-70.6633
-70.6635
-70.6637
-70.6638
-70.664
-70.6641
-70.6643
-70.6644
-70.6646
-70.6647
-70.6648
-70.665
-70.6651
-70.6652
-70.6653
-70.6655
-70.6656
-70.6657
-70.6658
-70.6659
-70.666
-70.6662
-70.6663
-70.6664
-70.6665
-70.6666
-70.6667
-70.6668
-70.6669
-70.667
-70.667
-70.6671
-70.6672
-70.6673
-70.6674
-70.6675
-70.6675
-70.6676
-70.6677
-70.6678
-70.6678
-70.6679
-70.668
-70.668
-70.6681
-70.6682
-70.6682
-70.6683
-70.6683
-70.6684
-70.6685
-70.6685
-70.6686
-70.6686
-70.6687
-70.6687
-70.6688
-70.6688
-70.6688
-70.6689
-70.6689
-70.669
-70.669
-70.669
-70.6691
-70.6691
-70.6691
-70.6692
-70.6692
-70.6692
-70.6693
-70.6693
-70.6693
-70.6694
-70.6694
-70.6694
-70.6694
-70.6694
-70.6695
-70.6695
-70.6695
-70.6695
-70.6695
-70.6696
-70.6696
-70.6696
-70.6696
-70.6696
-70.6696
-70.6696
-70.6697
-70.6697
-70.6697
-70.6697
-70.6697
-70.6697
-70.6697
-70.6697
-70.6697
-70.6697
-70.6697
-70.6697
-70.6697
-70.6697
-70.6697
-70.6697
-70.6697
-70.6697
-70.6697
-70.6697
-70.6697
-70.6697
-70.6697
-70.6697
-70.6697
-70.6697
-70.6697
-70.6697
-70.6697
-70.6697
-70.6697
-70.6697
-70.6697
-70.6697
-70.6697
-70.6696
-70.6696
-70.6696
-70.6696
-70.6696
-70.6696
-70.6696
-70.6696
-70.6696
-70.6695
-70.6695
-70.6695
-70.6695
-70.6695
-70.6695
-70.6695
-70.6695
-70.6694
-70.6694
-70.6694
-70.6694
-70.6694
-70.6694
-70.6693
-70.6693
-70.6693
-70.6693
-70.6693
-70.6693
-70.6693
-70.6692
-70.6692
-70.6692
-70.6692
-70.6692
-70.6691
-70.6691
-70.6691
-70.6691
-70.6691
-70.6691
-70.669
-70.669
-70.669
-70.669
-70.669
-70.6689
-70.6689
-70.6689
-70.6689
-70.6689
-70.6688
-70.6688
-70.6688
-70.6688
-70.6688
-70.6687
-70.6687
-70.6687
-70.6687
-70.6686
-70.6686
-70.6686
-70.6686
-70.6686
-70.6685
-70.6685
-70.6685
-70.6685
-70.6685
-70.6684
-70.6684
-70.6684
-70.6684
-70.6684
-70.6683
-70.6683
-70.6683
-70.6683
-70.6682
-70.6682
-70.6682
-70.6682
-70.6682
-70.6681
-70.6681
-70.6681
-70.6681
-70.6681
-70.6692
-70.8928
-71.7524
-72.7335
-73.4958
-73.9602
-74.1875
-74.2934
-74.3437
-74.3679
-74.3865
-74.4286
-74.494
-74.5622
-74.6184
-74.65
-74.6637
-74.6668
-74.6633
-74.6558
-74.6479
-74.6535
-74.6793
-74.7112
-74.7402
-74.7565
-74.7598
-74.7553
-74.7464
-74.7346
-74.7213
-74.7072
-74.6926
-74.6768
-74.6594
-74.6406
-74.6202
-74.5981
-74.5747
-74.5499
-74.524
-74.497
-74.469
-74.4401
-74.4103
-74.3798
-74.3486
-74.3167
-74.2843
-74.2514
-74.2181
-74.1844
-74.1505
-74.1163
-74.0819
-74.0473
-74.0127
-73.978
-73.9434
-73.9087
-73.8741
-73.8396
-73.8052
-73.7709
-73.7368
-73.7029
-73.6691
-73.6356
-73.6022
-73.5691
-73.5363
-73.5037
-73.4713
-73.4392
-73.4074
-73.3759
-73.3446
-73.3136
-73.2829
-73.2525
-73.2223
-73.1925
-73.1629
-73.1336
-73.1046
-73.0758
-73.0474
-73.0192
-72.9913
-72.9637
-72.9364
-72.9093
-72.8825
-72.856
-72.8297
-72.8037
-72.778
-72.7525
-72.7273
-72.7024
-72.6777
-72.6532
-72.6291
-72.6051
-72.5815
-72.558
-72.5348
-72.5119
-72.4892
-72.4667
-72.4445
-72.4225
-72.4008
-72.3793
-72.358
-72.3369
-72.3161
-72.2955
-72.2751
-72.255
-72.235
-72.2153
-72.1958
-72.1765
-72.1574
-72.1385
-72.1199
-72.1014
-72.0831
-72.0651
-72.0472
-72.0295
-72.012
-71.9947
-71.9776
-71.9607
-71.944
-71.9274
-71.9111
-71.8949
-71.8789
-71.8631
-71.8474
-71.8319
-71.8166
-71.8015
-71.7866
-71.7718
-71.7571
-71.7427
-71.7284
-71.7142
-71.7002
-71.6864
-71.6727
-71.6592
-71.6459
-71.6327
-71.6196
-71.6067
-71.5939
-71.5813
-71.5694
-71.5733
-71.5842
-71.591
-71.5926
-71.5903
-71.5854
-71.5786
-71.5706
-71.5681
-71.5809
-71.5983
-71.6179
-71.6313
-71.6378
-71.6391
-71.6368
-71.632
-71.6255
-71.6195
-71.6392
-71.6671
-71.6957
-71.7186
-71.7324
-71.7388
-71.74
-71.7375
-71.7325
-71.7257
-71.7289
-71.7453
-71.7604
-71.7783
-71.7918
-71.7986
-71.7999
-71.7972
-71.7918
-71.7845
-71.7782
-71.7852
-71.7992
-71.8097
-71.8236
-71.8348
-71.8399
-71.84
-71.8363
-71.8301
-71.822
-71.8171
-71.8228
-71.8358
-71.845
-71.855
-71.8663
-71.8726
-71.8735
-71.8703
-71.8643
-71.8564
-71.8514
-71.8541
-71.8644
-71.8742
-71.8787
-71.8869
-71.8954
-71.899
-71.8978
-71.8931
-71.886
-71.8783
-71.8788
-71.8831
-71.8932
-71.9004
-71.9026
-71.9089
-71.9161
-71.9187
-71.9168
-71.9115
-71.9039
-71.8991
-71.9012
-71.9035
-71.9117
-71.9181
-71.9194
-71.92
-71.9264
-71.9304
-71.9298
-71.9255
-71.9184
-71.9141
-71.9165
-71.9171
-71.921
-71.9279
-71.931
-71.9294
-71.93
-71.9355
-71.9379
-71.9376
-71.9427
-71.9465
-71.9492
-71.9562
-71.9603
-71.9597
-71.9552
-71.9481
-71.9408
-71.9419
-71.9494
-71.9591
-71.9639
-71.9652
-71.9716
-71.9763
-71.9764
-71.9725
-71.9656
-71.9568
-71.9465
-71.9392
-71.9493
-71.9616
-71.9679
-71.9702
-71.9775
-71.9829
-71.9835
-71.9799
-71.9733
-71.9647
-71.9682
-71.9907
-72.0884
-72.2812
-72.5263
-72.7412
-72.9224
-73.0526
-73.1353
-73.1855
-73.2312
-73.3343
-73.5274
-73.7855
-74.0215
-74.1909
-74.2916
-74.3431
-74.3661
-74.3773
-74.3961
-74.447
-74.5121
-74.5826
-74.6425
-74.6801
-74.6975
-74.7016
-74.6979
-74.6904
-74.6848
-74.69
-74.7075
-74.7312
-74.7524
-74.7673
-74.7724
-74.77
-74.7624
-74.7513
-74.74
-74.7344
-74.7389
-74.75
-74.7647
-74.7762
-74.7822
-74.7804
-74.7735
-74.7627
-74.7502
-74.7403
-74.739
-74.745
-74.7561
-74.7685
-74.7771
-74.7808
-74.7775
-74.7701
-74.7594
-74.7477
-74.7395
-74.7384
-74.7438
-74.7537
-74.7649
-74.7726
-74.7757
-74.7736
-74.7669
-74.7573
-74.7471
-74.7395
-74.7376
-74.7421
-74.7507
-74.7606
-74.7685
-74.7719
-74.7701
-74.764
-74.7552
-74.7463
-74.7381
-74.734
-74.7363
-74.7427
-74.7512
-74.7598
-74.7655
-74.7664
-74.7623
-74.7561
-74.7496
-74.7421
-74.7362
-74.7343
-74.7372
-74.7428
-74.7489
-74.755
-74.7583
-74.7584
-74.7539
-74.7478
-74.7424
-74.7362
-74.7322
-74.7316
-74.7345
-74.7398
-74.7453
-74.7507
-74.7536
-74.7536
-74.7513
-74.7464
-74.7398
-74.7336
-74.7297
-74.7277
-74.7287
-74.7325
-74.7362
-74.7404
-74.7435
-74.7453
-74.7447
-74.7426
-74.7377
-74.7314
-74.7275
-74.726
-74.7257
-74.7285
-74.7319
-74.7344
-74.7377
-74.74
-74.7402
-74.7398
-74.7363
-74.7316
-74.7255
-74.7205
-74.7168
-74.7148
-74.7173
-74.7226
-74.7258
-74.729
-74.7321
-74.7346
-74.7346
-74.7334
-74.7297
-74.7247
-74.7205
-74.7165
-74.7127
-74.7101
-74.7122
-74.7177
-74.7206
-74.7238
-74.7269
-74.7292
-74.7285
-74.7254
-74.7208
-74.7149
-74.7105
-74.7065
-74.7027
-74.7004
-74.701
-74.7048
-74.7098
-74.7142
-74.7193
-74.7222
-74.7247
-74.7237
-74.7207
-74.7163
-74.7103
-74.7061
-74.7017
-74.6965
-74.6921
-74.6916
-74.6945
-74.6988
-74.7017
-74.7048
-74.7102
-74.713
-74.7139
-74.7119
-74.7088
-74.7031
-74.7
-74.696
-74.6911
-74.6868
-74.6833
-74.6819
-74.6864
-74.6912
-74.6928
-74.6936
-74.6978
-74.7014
-74.7045
-74.7069
-74.7052
-74.7012
-74.6974
-74.6937
-74.6873
-74.6788
-74.6725
-74.6706
-74.6705
-74.6722
-74.6752
-74.6786
-74.6799
-74.681
-74.6828
-74.6861
-74.6892
-74.6915
-74.6917
-74.6918
-74.6906
-74.6847
-74.6776
-74.6712
-74.6653
-74.6613
-74.6602
-74.6625
-74.6634
-74.6633
-74.6638
-74.6657
-74.6669
-74.6709
-74.6749
-74.6762
-74.6764
-74.6774
-74.6792
-74.678
-74.6726
-74.6656
-74.6601
-74.654
-74.6485
-74.6444
-74.6441
-74.6463
-74.6461
-74.6431
-74.6407
-74.6437
-74.6486
-74.6527
-74.657
-74.6578
-74.6588
-74.6614
-74.665
-74.6658
-74.6638
-74.659
-74.6515
-74.6447
-74.6404
-74.6367
-74.6328
-74.6313
-74.6285
-74.6256
-74.623
-74.6207
-74.6215
-74.6242
-74.6262
-74.6287
-74.6347
-74.6356
-74.6377
-74.6425
-74.645
-74.6454
-74.6412
-74.6363
-74.6325
-74.6269
-74.6212
-74.6178
-74.6166
-74.6154
-74.6119
-74.607
-74.6015
-74.5972
-74.5969
-74.6004
-74.6023
-74.5997
-74.5979
-74.6051
-74.6154
-74.6186
-74.6211
-74.6224
-74.622
-74.6203
-74.6173
-74.6113
-74.6076
-74.605
-74.6001
-74.5956
-74.5926
-74.5911
-74.5911
-74.5899
-74.5859
-74.5807
-74.5744
-74.5689
-74.5646
-74.5619
-74.5655
-74.5693
-74.5684
-74.5707
-74.5762
-74.5817
-74.5846
-74.5856
-74.5878
-74.5858
-74.5804
-74.5773
-74.5762
-74.5721
-74.5679
-74.5651
-74.5633
-74.5622
-74.5592
-74.5552
-74.5525
-74.5539
-74.5565
-74.5552
-74.5494
-74.5429
-74.5415
-74.5406
-74.5386
-74.5368
-74.5342
-74.5305
-74.5309
-74.5363
-74.5446
-74.5506
-74.5503
-74.5469
-74.546
-74.5433
-74.5377
-74.5313
-74.5281
-74.5247
-74.5222
-74.5192
-74.5202
-74.5205
-74.5194
-74.5156
-74.5097
-74.51
-74.5116
-74.5084
-74.5069
-74.5075
-74.5045
-74.5001
-74.4971
-74.4944
-74.493
-74.4919
-74.4885
-74.4836
-74.4757
-74.4721
-74.4712
-74.4754
-74.486
-74.4916
-74.4886
-74.4806
-74.4721
-74.4648
-74.4598
-74.4591
-74.4608
-74.4594
-74.458
-74.4528
-74.4477
-74.4469
-74.443
-74.4411
-74.4433
-74.4503
-74.4554
-74.4578
-74.4579
-74.456
-74.4507
-74.4436
-74.4395
-74.4382
-74.4352
-74.4366
-74.4364
-74.4348
-74.4333
-74.4365
-74.4376
-74.4337
-74.4276
-74.4242
-74.4185
-74.4173
-74.415
-74.4115
-74.4088
-74.4079
-74.4019
-74.3922
-74.3836
-74.3758
-74.3741
-74.3734
-74.3746
-74.3743
-74.3709
-74.3684
-74.3645
-74.3621
-74.3619
-74.3611
-74.3628
-74.3648
-74.3651
-74.3652
-74.3672
-74.3695
-74.3654
-74.3609
-74.3614
-74.3631
-74.3657
-74.3706
-74.3701
-74.363
-74.3509
-74.3354
-74.3225
-74.313
-74.305
-74.2973
-74.2984
-74.3078
-74.3195
-74.326
-74.3281
-74.3256
-74.3172
-74.3093
-74.3047
-74.2991
-74.2966
-74.2936
-74.2846
-74.2717
-74.2609
-74.2531
-74.2516
-74.251
-74.2483
-74.2427
-74.2313
-74.2158
-74.2022
-74.1962
-74.1933
-74.1917
-74.198
-74.213
-74.2276
-74.2376
-74.243
-74.2434
-74.2397
-74.2386
-74.2393
-74.2338
-74.2232
-74.209
-74.1993
-74.1939
-74.187
-74.1851
-74.183
-74.1797
-74.1825
-74.1907
-74.2009
-74.2037
-74.2006
-74.1978
-74.1911
-74.1805
-74.1658
-74.1551
-74.1479
-74.1453
-74.1451
-74.1439
-74.1367
-74.1261
-74.1162
-74.1032
-74.087
-74.0778
-74.0767
-74.0782
-74.0829
-74.0962
-74.1037
-74.1096
-74.1142
-74.1176
-74.1144
-74.1063
-74.0937
-74.0875
-74.0826
-74.073
-74.0687
-74.0656
-74.0629
-74.06
-74.0553
-74.0514
-74.0438
-74.0296
-74.0133
-74.0061
-74.0048
-74.0075
-74.0143
-74.0235
-74.0265
-74.0199
-74.0096
-73.995
-73.979
-73.9639
-73.9508
-73.9446
-73.945
-73.9429
-73.9371
-73.9364
-73.9318
-73.9288
-73.9322
-73.935
-73.9312
-73.9289
-73.9298
-73.9324
-73.9289
-73.9219
-73.9125
-73.9051
-73.8995
-73.8888
-73.8766
-73.8677
-73.8679
-73.8721
-73.8779
-73.8916
-73.913
-73.929
-73.9393
-73.9451
-73.9419
-73.9352
-73.9292
-73.9181
-73.9014
-73.8802
-73.8562
-73.8387
-73.8242
-73.8059
-73.7835
-73.7614
-73.7439
-73.7335
-73.7224
-73.7151
-73.7229
-73.7306
-73.7342
-73.7368
-73.736
-73.7366
-73.7361
-73.7282
-73.7136
-73.6944
-73.6814
-73.672
-73.6582
-73.6422
-73.6343
-73.625
-73.6148
-73.6055
-73.6008
-73.6039
-73.6023
-73.5929
-73.577
-73.5587
-73.5439
-73.5305
-73.5191
-73.5097
-73.4994
-73.4848
-73.4728
-73.4662
-73.4581
-73.4444
-73.4313
-73.4202
-73.4129
-73.4031
-73.3895
-73.3915
-73.4074
-73.417
-73.4159
-73.4063
-73.3962
-73.3868
-73.3731
-73.3551
-73.3338
-73.3103
-73.285
-73.2586
-73.2313
-73.2044
-73.1903
-73.185
-73.1865
-73.2055
-73.2188
-73.2277
-73.242
-73.2491
-73.2466
-73.2367
-73.2227
-73.2136
-73.2078
-73.205
-73.1974
-73.1843
-73.1669
-73.1465
-73.124
-73.1057
-73.0934
-73.0789
-73.061
-73.0402
-73.0175
-72.9934
-72.9703
-72.9567
-72.9459
-72.9421
-72.9363
-72.9253
-72.9097
-72.8911
-72.8716
-72.8615
-72.8526
-72.8399
-72.8235
-72.8099
-72.8038
-72.7954
-72.7826
-72.7663
-72.7475
-72.7269
-72.7052
-72.69
-72.6832
-72.6743
-72.6614
-72.6452
-72.6268
-72.6069
-72.5859
-72.5642
-72.542
-72.5195
-72.4968
-72.4741
-72.4513
-72.4285
-72.4058
-72.3832
-72.3607
-72.3384
-72.3162
-72.2942
-72.2723
-72.2507
-72.2292
-72.208
-72.187
-72.1661
-72.1455
-72.1251
-72.105
-72.085
-72.0653
-72.0457
-72.0264
-72.0073
-71.9885
-71.9698
-71.9513
-71.9331
-71.9151
-71.8972
-71.8796
-71.8622
-71.845
-71.828
-71.8112
-71.7946
-71.7782
-71.762
-71.746
-71.7302
-71.7145
-71.6991
-71.6838
-71.6688
-71.6539
-71.6392
-71.6246
-71.6103
-71.5961
-71.5821
-71.5682
-71.5546
-71.5411
-71.5277
-71.5146
-71.5015
-71.4887
-71.476
-71.4635
-71.4511
-71.4389
-71.4268
-71.4149
-71.4031
-71.3915
-71.38
-71.3687
-71.3575
-71.3465
-71.3356
-71.3248
-71.3142
-71.3037
-71.2933
-71.2831
-71.273
-71.2631
-71.2533
-71.2436
-71.234
-71.2246
-71.2152
-71.206
-71.197
-71.188
-71.1792
-71.1704
-71.1618
-71.1533
-71.1449
-71.1366
-71.1285
-71.1204
-71.1124
-71.1046
-71.0968
-71.0892
-71.0817
-71.0742
-71.0669
-71.0596
-71.0525
-71.0454
-71.0385
-71.0316
-71.0249
-71.0182
-71.0116
-71.0051
-70.9987
-70.9924
-70.9861
-70.98
-70.9739
-70.968
-70.9621
-70.9562
-70.9505
-70.9449
-70.9393
-70.9338
-70.9284
-70.923
-70.9177
-70.9126
-70.9074
-70.9024
-70.8974
-70.8925
-70.8877
-70.8829
-70.8782
-70.8736
-70.869
-70.8645
-70.8601
-70.8557
-70.8514
-70.8471
-70.843
-70.8388
-70.8348
-70.8308
-70.8268
-70.823
-70.8191
-70.8154
-70.8116
-70.808
-70.8044
-70.8008
-70.7973
-70.7939
-70.7905
-70.7872
-70.7839
-70.7807
-70.7775
-70.7743
-70.7712
-70.7682
-70.7652
-70.7623
-70.7594
-70.7565
-70.7537
-70.7509
-70.7482
-70.7455
-70.7429
-70.7403
-70.7377
-70.7352
-70.7327
-70.7303
-70.7279
-70.7256
-70.7233
-70.721
-70.7187
-70.7165
-70.7144
-70.7122
-70.7101
-70.7081
-70.7061
-70.7041
-70.7021
-70.7002
-70.6983
-70.6965
-70.6946
-70.6928
-70.6911
-70.6893
-70.6876
-70.686
-70.6843
-70.6827
-70.6811
-70.6796
-70.678
-70.6765
-70.6751
-70.6736
-70.6722
-70.6708
-70.6695
-70.6681
-70.6668
-70.6655
-70.6642
-70.663
-70.6618
-70.6606
-70.6594
-70.6583
-70.6571
-70.656
-70.655
-70.6539
-70.6529
-70.6518
-70.6508
-70.6499
-70.6489
-70.648
-70.6471
-70.6462
-70.6453
-70.6444
-70.6436
-70.6428
-70.6419
-70.6412
-70.6404
-70.6396
-70.6389
-70.6382
-70.6375
-70.6368
-70.6361
-70.6355
-70.6348
-70.6342
-70.6336
-70.633
-70.6324
-70.6318
-70.6313
-70.6308
-70.6302
-70.6297
-70.6292
-70.6287
-70.6283
-70.6278
-70.6274
-70.6269
-70.6265
-70.6261
-70.6257
-70.6253
-70.6249
-70.6246
-70.6242
-70.6239
-70.6236
-70.6232
-70.6229
-70.6226
-70.6223
-70.6221
-70.6218
-70.6215
-70.6213
-70.621
-70.6208
-70.6206
-70.6204
-70.6202
-70.62
-70.6198
-70.6196
-70.6194
-70.6192
-70.6191
-70.6189
-70.6188
-70.6187
-70.6185
-70.6184
-70.6183
-70.6182
-70.6181
-70.618
-70.6179
-70.6178
-70.6178
-70.6177
-70.6176
-70.6176
-70.6175
-70.6175
-70.6175
-70.6174
-70.6174
-70.6174
-70.6174
-70.6174
-70.6173
-70.6173
-70.6174
-70.6174
-70.6174
-70.6174
-70.6174
-70.6174
-70.6175
-70.6175
-70.6176
-70.6176
-70.6176
-70.6177
-70.6178
-70.6178
-70.6179
-70.618
-70.618
-70.6181
-70.6182
-70.6183
-70.6183
-70.6184
-70.6185
-70.6186
-70.6187
-70.6188
-70.6189
-70.619
-70.6191
-70.6192
-70.6194
-70.6195
-70.6196
-70.6197
-70.6198
-70.62
-70.6201
-70.6202
-70.6203
-70.6205
-70.6206
-70.6208
-70.6209
-70.621
-70.6212
-70.6213
-70.6215
-70.6216
-70.6218
-70.6219
-70.6221
-70.6222
-70.6224
-70.6225
-70.6227
-70.6229
-70.623
-70.6232
-70.6234
-70.6235
-70.6237
-70.6238
-70.624
-70.6242
-70.6244
-70.6245
-70.6247
-70.6249
-70.625
-70.6252
-70.6254
-70.6256
-70.6258
-70.6259
-70.6261
-70.6263
-70.6265
-70.6266
-70.6268
-70.627
-70.6272
-70.6274
-70.6275
-70.6277
-70.6279
-70.6281
-70.6283
-70.6285
-70.6286
-70.6288
-70.629
-70.6292
-70.6294
-70.6296
-70.6298
-70.6299
-70.6301
-70.6303
-70.6305
-70.6307
-70.6309
-70.631
-70.6312
-70.6314
-70.6316
-70.6318
-70.632
-70.6322
-70.6323
-70.6325
-70.6327
-70.6329
-70.6331
-70.6333
-70.6334
-70.6336
-70.6338
-70.634
-70.6342
-70.6344
-70.6345
-70.6347
-70.6349
-70.6351
-70.6353
-70.6354
-70.6356
-70.6358
-70.636
-70.6361
-70.6363
-70.6365
-70.6367
-70.6369
-70.637
-70.6372
-70.6374
-70.6376
-70.6377
-70.6379
-70.6381
-70.6382
-70.6384
-70.6386
-70.6388
-70.6389
-70.6391
-70.6393
-70.6394
-70.6396
-70.6398
-70.6399
-70.6401
-70.6403
-70.6404
-70.6406
-70.6407
-70.6409
-70.6411
-70.6412
-70.6414
-70.6416
-70.6417
-70.6419
-70.642
-70.6422
-70.6423
-70.6425
-70.6427
-70.6428
-70.643
-70.6431
-70.6433
-70.6434
-70.6436
-70.6437

