-70
-70.1661
-70.23
-70.2566
-70.2695
-70.2773
-70.283
-70.2879
-70.2925
-70.297
-70.3014
-70.3057
-70.31
-70.3142
-70.3185
-70.3226
-70.3268
-70.3309
-70.335
-70.3391
-70.3431
-70.3471
-70.351
-70.3549
-70.3588
-70.3626
-70.3664
-70.3701
-70.3738
-70.3775
-70.3811
-70.3847
-70.3883
-70.3918
-70.3953
-70.3987
-70.4021
-70.4055
-70.4088
-70.4121
-70.4154
-70.4186
-70.4218
-70.4249
-70.428
-70.4311
-70.4341
-70.4372
-70.4401
-70.4431
-70.446
-70.4489
-70.4517
-70.4545
-70.4573
-70.4601
-70.4628
-70.4655
-70.4682
-70.4708
-70.4734
-70.476
-70.4785
-70.481
-70.4835
-70.486
-70.4884
-70.4908
-70.4932
-70.4955
-70.4978
-70.5001
-70.5024
-70.5046
-70.5068
-70.509
-70.5112
-70.5133
-70.5154
-70.5175
-70.5196
-70.5216
-70.5236
-70.5256
-70.5276
-70.5295
-70.5315
-70.5334
-70.5352
-70.5371
-70.5389
-70.5407
-70.5425
-70.5443
-70.5461
-70.5478
-70.5495
-70.5512
-70.5528
-70.5545
-70.5561
-70.5577
-70.5593
-70.5609
-70.5624
-70.5639
-70.5655
-70.5669
-70.5684
-70.5699
-70.5713
-70.5727
-70.5741
-70.5755
-70.5769
-70.5782
-70.5796
-70.5809
-70.5822
-70.5835
-70.5848
-70.586
-70.5873
-70.5885
-70.5897
-70.5909
-70.5921
-70.5932
-70.5944
-70.5955
-70.5966
-70.5977
-70.5988
-70.5999
-70.601
-70.602
-70.603
-70.6041
-70.6051
-70.6061
-70.6071
-70.608
-70.609
-70.6099
-70.6109
-70.6118
-70.6127
-70.6136
-70.6145
-70.6154
-70.6162
-70.6171
-70.6179
-70.6187
-70.6196
-70.6204
-70.6212
-70.622
-70.6227
-70.6235
-70.6242
-70.625
-70.6257
-70.6265
-70.6272
-70.6279
-70.6286
-70.6293
-70.6299
-70.6306
-70.6313
-70.6319
-70.6325
-70.6332
-70.6338
-70.6344
-70.635
-70.6356
-70.6362
-70.6368
-70.6374
-70.6379
-70.6385
-70.639
-70.6396
-70.6401
-70.6406
-70.6411
-70.6417
-70.6422
-70.6427
-70.6431
-70.6436
-70.6441
-70.6446
-70.645
-70.6455
-70.6459
-70.6464
-70.6468
-70.6472
-70.6476
-70.6481
-70.6485
-70.6489
-70.6493
-70.6497
-70.65
-70.6504
-70.6508
-70.6512
-70.6515
-70.6519
-70.6522
-70.6526
-70.6529
-70.6533
-70.6536
-70.6539
-70.6542
-70.6545
-70.6549
-70.6552
-70.6555
-70.6558
-70.656
-70.6563
-70.6566
-70.6569
-70.6572
-70.6574
-70.6577
-70.658
-70.6582
-70.6585
-70.6587
-70.6589
-70.6592
-70.6594
-70.6597
-70.6599
-70.6601
-70.6603
-70.6605
-70.6607
-70.661
-70.6612
-70.6614
-70.6616
-70.6617
-70.6619
-70.6621
-70.6623
-70.6625
-70.6627
-70.6628
-70.663
-70.6632
-70.6633
-70.6635
-70.6637
-70.6638
-70.664
-70.6641
-70.6643
-70.6644
-70.6646
-70.6647
-70.6648
-70.665
-70.6651
-70.6652
-70.6653
-70.6655
-70.6656
-70.6657
-70.6658
-70.6659
-70.666
-70.6662
-70.6663
-70.6664
-70.6665
-70.6666
-70.6667
-70.6668
-70.6669
-70.667
-70.667
-70.6671
-70.6672
-70.6673
-70.6674
-70.6675
-70.6675
-70.6676
-70.6677
-70.6678
-70.6678
-70.6679
-70.668
-70.668
-70.6681
-70.6682
-70.6682
-70.6683
-70.6683
-70.6684
-70.6685
-70.6685
-70.6686
-70.6686
-70.6687
-70.6687
-70.6688
-70.6688
-70.6688
-70.6689
-70.6689
-70.669
-70.669
-70.669
-70.6691
-70.6691
-70.6691
-70.6692
-70.6692
-70.6692
-70.6693
-70.6693
-70.6693
-70.6694
-70.6694
-70.6694
-70.6694
-70.6694
-70.6695
-70.6695
-70.6695
-70.6695
-70.6695
-70.6696
-70.6696
-70.6696
-70.6696
-70.6696
-70.6696
-70.6696
-70.6697
-70.6697
-70.6697
-70.6697
-70.6697
-70.6697
-70.6697
-70.6697
-70.6697
-70.6697
-70.6697
-70.6697
-70.6697
-70.6697
-70.6697
-70.6697
-70.6697
-70.6697
-70.6697
-70.6697
-70.6697
-70.6697
-70.6697
-70.6697
-70.6697
-70.6697
-70.6697
-70.6697
-70.6697
-70.6697
-70.6697
-70.6697
-70.6697
-70.6697
-70.6697
-70.6696
-70.6696
-70.6696
-70.6696
-70.6696
-70.6696
-70.6696
-70.6696
-70.6696
-70.6695
-70.6695
-70.6695
-70.6695
-70.6695
-70.6695
-70.6695
-70.6695
-70.6694
-70.6694
-70.6694
-70.6694
-70.6694
-70.6694
-70.6693
-70.6693
-70.6693
-70.6693
-70.6693
-70.6693
-70.6693
-70.6692
-70.6692
-70.6692
-70.6692
-70.6692
-70.6691
-70.6691
-70.6691
-70.6691
-70.6691
-70.6691
-70.669
-70.669
-70.669
-70.669
-70.669
-70.6689
-70.6689
-70.6689
-70.6689
-70.6689
-70.6688
-70.6688
-70.6688
-70.6688
-70.6688
-70.6687
-70.6687
-70.6687
-70.6687
-70.6686
-70.6686
-70.6686
-70.6686
-70.6686
-70.6685
-70.6685
-70.6685
-70.6685
-70.6685
-70.6684
-70.6684
-70.6684
-70.6684
-70.6684
-70.6683
-70.6683
-70.6683
-70.6683
-70.6682
-70.6682
-70.6682
-70.6682
-70.6682
-70.6681
-70.6681
-70.6681
-70.6681
-70.6681
-70.6748
-70.8542
-71.4986
-72.4502
-73.299
-73.8532
-74.1435
-60.646
-52.9401
-50.4666
-48.4608
-44.4858
6.31967
-23.685
-52.6296
-69.0568
-68.3623
-67.3242
-66.2512
-65.1645
-64.0822
-63.0223
-62.0013
-61.0335
-60.1294
-59.2107
-58.3661
-57.6341
-56.9955
-56.4371
-55.952
-55.5286
-55.1563
-54.8359
-54.5688
-54.3486
-54.168
-54.0199
-53.8929
-53.7849
-53.6988
-53.6314
-53.5791
-53.5388
-53.5081
-53.4813
-53.4567
-53.4372
-53.4238
-53.415
-53.4094
-53.4062
-53.4048
-53.4044
-53.4001
-53.3938
-53.3902
-53.3893
-53.39
-53.3917
-53.3941
-53.3968
-53.3999
-53.4033
-53.4069
-53.4054
-53.3988
-53.3948
-53.3939
-53.3946
-53.3963
-53.3984
-53.4008
-53.4034
-53.406
-53.4088
-53.4115
-53.4143
-53.4169
-53.4191
-53.4211
-53.4215
-53.4099
-53.3988
-53.3937
-53.3914
-53.3899
-53.3878
-53.3838
-53.3743
-53.3358
-53.0732
-52.998
-53.0527
-53.1213
-53.1763
-53.2152
-53.2413
-53.2591
-53.2721
-53.2829
-53.2934
-53.305
-53.3189
-53.3364
-53.3591
-53.3882
-53.4245
-53.4522
-53.4422
-53.4359
-53.4339
-53.4346
-53.4372
-53.4414
-53.4467
-53.453
-53.4605
-53.4691
-53.4788
-53.4897
-53.5018
-53.5153
-53.5303
-53.5468
-53.5649
-53.5848
-53.6067
-53.6306
-53.6568
-53.6854
-53.7167
-53.7509
-53.7884
-53.8293
-53.874
-53.9226
-53.9756
-54.0331
-54.0956
-54.1634
-54.2368
-54.316
-54.4014
-53.8149
-53.4109
-53.32
-53.315
-53.3325
-53.3545
-53.3759
-53.3956
-53.4135
-53.43
-53.4454
-53.46
-53.4742
-53.4882
-53.5022
-53.5165
-53.5313
-53.5468
-53.5639
-53.5821
-53.6014
-53.6218
-53.6437
-53.6673
-53.6928
-53.7205
-53.7506
-53.7833
-53.8217
-53.8649
-53.9107
-53.959
-54.0107
-54.0662
-54.1259
-54.1901
-54.2592
-54.3333
-54.4186
-54.5212
-54.6286
-54.7388
-54.8533
-53.6506
-53.2887
-53.2258
-53.2393
-53.2695
-53.3004
-53.3287
-53.3535
-53.3749
-53.3936
-53.4101
-53.425
-53.4388
-53.4518
-53.4643
-53.4767
-53.4896
-53.5037
-53.5189
-53.5344
-53.5503
-53.567
-53.5846
-53.6035
-53.6237
-53.6455
-53.6694
-53.6968
-53.7281
-53.7642
-53.8031
-53.8437
-53.8865
-53.9321
-53.9811
-54.0339
-54.0907
-54.1526
-54.2239
-54.302
-54.3896
-54.4874
-54.5901
-54.6956
-54.8052
-54.9205
-55.0423
-55.1712
-55.3074
-55.46
-55.6259
-54.8928
-53.4593
-53.1494
-53.0995
-53.1276
-53.1743
-53.2203
-53.2606
-53.2949
-53.3239
-53.3487
-53.37
-53.3887
-53.4055
-53.4209
-53.4354
-53.449
-53.462
-53.4748
-53.4876
-53.5007
-53.5144
-53.5298
-53.5462
-53.5634
-53.583
-53.6041
-53.6276
-53.6534
-53.6805
-53.7093
-53.7404
-53.7761
-53.8158
-53.8579
-53.9055
-53.9581
-54.0138
-54.0728
-54.1377
-54.2121
-54.2911
-54.3756
-54.4708
-54.5712
-54.6759
-54.6415
-53.5795
-53.2955
-53.2354
-53.2453
-53.272
-53.2999
-53.3255
-53.348
-53.3675
-53.3844
-53.3994
-53.4137
-53.4272
-53.4398
-53.4516
-53.4632
-53.4748
-53.487
-53.5012
-53.5212
-53.5536
-53.5932
-53.6334
-53.6724
-53.7092
-53.7454
-53.7822
-53.8238
-53.8818
-53.9648
-54.069
-54.1906
-54.3069
-54.4125
-54.5137
-54.6175
-54.7282
-54.851
-54.9963
-55.1694
-55.3699
-55.5923
-55.8172
-56.0396
-56.2664
-56.5023
-56.7536
-57.024
-57.3199
-57.6473
-58.0106
-58.4098
-58.8249
-59.2342
-59.644
-60.0584
-60.4797
-60.9163
-61.369
-61.845
-62.3551
-62.8962
-63.4571
-64.0022
-64.5196
-65.0168
-65.4958
-65.9669
-66.4318
-66.8928
-67.3608
-67.839
-68.3216
-68.7924
-69.2277
-69.6224
-69.9845
-70.3186
-70.6322
-70.9261
-71.2054
-71.4826
-71.7573
-72.0253
-72.2797
-72.508
-72.7095
-72.8859
-73.0429
-73.1856
-73.314
-73.4324
-73.5494
-73.6668
-73.7785
-73.8853
-73.981
-74.0628
-74.1317
-74.1904
-74.2434
-74.2888
-74.3285
-74.3673
-74.4105
-74.4525
-74.4924
-74.5305
-74.5636
-74.5899
-74.6101
-74.6275
-74.6423
-74.6528
-74.6617
-74.6727
-74.6872
-74.7007
-74.7141
-74.7279
-74.7403
-74.7492
-74.7539
-74.7573
-74.7598
-74.7605
-74.7609
-74.7624
-74.7672
-74.7723
-74.7775
-74.7822
-74.7878
-74.792
-74.7938
-74.7932
-74.7907
-74.7871
-74.7851
-74.7832
-74.783
-74.7852
-74.7873
-74.7887
-74.7901
-74.7931
-74.7957
-74.7974
-74.7962
-74.7923
-74.788
-74.7864
-74.7849
-74.7841
-74.7854
-74.7866
-74.787
-74.786
-74.786
-74.7875
-74.789
-74.7885
-74.7853
-74.7804
-74.776
-74.7733
-74.7727
-74.7741
-74.7764
-74.778
-74.7777
-74.7766
-74.777
-74.7785
-74.7799
-74.7794
-74.7772
-74.7735
-74.7689
-74.7639
-74.7614
-74.7633
-74.7661
-74.7685
-74.7687
-74.7662
-74.7639
-74.7637
-74.7634
-74.7641
-74.7637
-74.7621
-74.7593
-74.755
-74.7499
-74.7471
-74.7489
-74.7544
-74.7594
-74.7609
-74.7588
-74.7563
-74.7547
-74.754
-74.7528
-74.7535
-74.7528
-74.7505
-74.7461
-74.7404
-74.7347
-74.7316
-74.7331
-74.7393
-74.745
-74.7463
-74.7444
-74.7419
-74.7398
-74.7389
-74.7375
-74.7382
-74.7402
-74.7389
-74.7351
-74.7304
-74.7243
-74.7192
-74.719
-74.7229
-74.7289
-74.7331
-74.735
-74.7351
-74.7334
-74.7301
-74.7281
-74.7261
-74.7247
-74.7235
-74.7218
-74.7188
-74.7139
-74.7086
-74.7038
-74.7023
-74.7033
-74.7067
-74.7118
-74.7146
-74.7158
-74.7184
-74.7186
-74.717
-74.7152
-74.7152
-74.7132
-74.7092
-74.7052
-74.7024
-74.6993
-74.6954
-74.6917
-74.6892
-74.6892
-74.6913
-74.6955
-74.7004
-74.7027
-74.7026
-74.7008
-74.6988
-74.6974
-74.6979
-74.6986
-74.6962
-74.691
-74.6866
-74.6812
-74.6762
-74.6752
-74.6739
-74.6713
-74.6701
-74.671
-74.6743
-74.6781
-74.683
-74.6843
-74.6833
-74.6833
-74.681
-74.6785
-74.6784
-74.6793
-74.6784
-74.6757
-74.6712
-74.6668
-74.6617
-74.6576
-74.653
-74.6496
-74.6509
-74.6524
-74.6544
-74.6573
-74.6611
-74.6643
-74.666
-74.6634
-74.6596
-74.6565
-74.655
-74.6554
-74.6551
-74.6519
-74.6486
-74.6456
-74.6429
-74.6398
-74.6362
-74.6341
-74.6316
-74.6276
-74.6228
-74.6235
-74.6274
-74.6339
-74.6399
-74.6413
-74.642
-74.644
-74.6457
-74.6427
-74.6367
-74.6334
-74.632
-74.6302
-74.6282
-74.6255
-74.6206
-74.618
-74.6134
-74.6074
-74.6015
-74.5972
-74.5958
-74.5993
-74.6003
-74.5978
-74.5974
-74.5959
-74.5967
-74.6049
-74.6097
-74.61
-74.6103
-74.6127
-74.6136
-74.6115
-74.6085
-74.6079
-74.6069
-74.602
-74.5954
-74.5899
-74.5868
-74.5835
-74.5782
-74.5723
-74.5658
-74.56
-74.5535
-74.5499
-74.549
-74.5502
-74.5541
-74.5596
-74.5626
-74.5646
-74.5659
-74.568
-74.5704
-74.5716
-74.5718
-74.5739
-74.5775
-74.5798
-74.5793
-74.5801
-74.5815
-74.5801
-74.5782
-74.5738
-74.565
-74.5572
-74.5496
-74.5423
-74.5322
-74.5208
-74.5128
-74.5076
-74.5052
-74.5023
-74.4993
-74.4945
-74.4904
-74.4905
-74.4917
-74.4947
-74.5005
-74.5059
-74.505
-74.5042
-74.5089
-74.5139
-74.5151
-74.5118
-74.5105
-74.5151
-74.5201
-74.5258
-74.5309
-74.5335
-74.5345
-74.5314
-74.5268
-74.523
-74.5172
-74.5103
-74.5024
-74.4967
-74.4882
-74.4782
-74.4662
-74.4503
-74.4351
-74.4226
-74.413
-74.4107
-74.4125
-74.4146
-74.4155
-74.4138
-74.4118
-74.4115
-74.4103
-74.4115
-74.4153
-74.4212
-74.4262
-74.43
-74.4388
-74.4487
-74.4533
-74.4515
-74.4442
-74.4391
-74.4387
-74.4407
-74.446
-74.4575
-74.4667
-74.4701
-74.4689
-74.4672
-74.464
-74.4577
-74.4523
-74.4508
-74.4505
-74.447
-74.4394
-74.4292
-74.421
-74.4135
-74.4036
-74.3902
-74.3739
-74.3558
-74.339
-74.3267
-74.3191
-74.3137
-74.3071
-74.2985
-74.2906
-74.2831
-74.2839
-74.2934
-74.2982
-74.296
-74.2905
-74.2846
-74.2785
-74.2753
-74.2746
-74.2765
-74.2835
-74.3044
-74.3211
-74.3283
-74.3317
-74.3319
-74.3292
-74.3264
-74.3234
-74.3236
-74.3262
-74.3258
-74.3224
-74.3199
-74.3153
-74.3073
-74.3113
-74.321
-74.3274
-74.33
-74.3316
-74.3295
-74.3234
-74.3187
-74.317
-74.3186
-74.3258
-74.3287
-74.3219
-74.3077
-74.2915
-74.2769
-74.2657
-74.2558
-74.2456
-74.2352
-74.2235
-74.2161
-74.2095
-74.2017
-74.1904
-74.1743
-74.1629
-74.1547
-74.1442
-74.1307
-74.1143
-74.0975
-74.0893
-74.0909
-74.0879
-74.0765
-74.0585
-74.0408
-74.0303
-74.0281
-74.028
-74.0248
-74.0198
-74.0172
-74.0128
-74.0096
-74.0097
-74.0146
-74.0373
-74.0707
-74.103
-74.1248
-74.1338
-74.1431
-74.1521
-74.1572
-74.1537
-74.1427
-74.1295
-74.1173
-74.1049
-74.0941
-74.0935
-74.1022
-74.1048
-74.1006
-74.0904
-74.0778
-74.0767
-74.08
-74.0858
-74.0902
-74.0911
-74.0853
-74.0759
-74.0697
-74.0687
-74.0662
-74.0572
-74.0492
-74.0467
-74.0505
-74.0588
-74.0637
-74.0667
-74.0703
-74.081
-74.0882
-74.0869
-74.0831
-74.0744
-74.0608
-74.0478
-74.0341
-74.017
-74.0008
-73.9869
-73.9775
-73.9717
-73.9618
-73.9506
-73.9409
-73.932
-73.9234
-73.9155
-73.9097
-73.9135
-73.9191
-73.926
-73.9266
-73.9181
-73.9026
-73.882
-73.8584
-73.8417
-73.8272
-73.8088
-73.7908
-73.7726
-73.7616
-73.7591
-73.7566
-73.7493
-73.7353
-73.7159
-73.6927
-73.6733
-73.6771
-73.6863
-73.6932
-73.6982
-73.6951
-73.684
-73.6675
-73.6585
-73.6506
-73.6374
-73.619
-73.6024
-73.5882
-73.5783
-73.5715
-73.5641
-73.5566
-73.544
-73.5322
-73.5282
-73.5253
-73.5205
-73.5103
-73.5014
-73.4897
-73.48
-73.4769
-73.4705
-73.4578
-73.4401
-73.4215
-73.4141
-73.4165
-73.4146
-73.405
-73.3896
-73.3701
-73.355
-73.3409
-73.3251
-73.321
-73.329
-73.3313
-73.3249
-73.3119
-73.2941
-73.2807
-73.2896
-73.3159
-73.3334
-73.3379
-73.3325
-73.3203
-73.3034
-73.2832
-73.2607
-73.2408
-73.227
-73.2166
-73.2094
-73.198
-73.1885
-73.181
-73.1692
-73.1529
-73.1332
-73.1114
-73.1002
-73.1003
-73.0966
-73.0866
-73.0715
-73.0527
-73.0315
-73.0086
-72.9845
-72.9595
-72.934
-72.908
-72.8818
-72.8553
-72.8288
-72.8023
-72.7758
-72.7493
-72.7229
-72.6967
-72.6706
-72.6446
-72.6213
-72.6105
-72.6014
-72.5889
-72.573
-72.5548
-72.535
-72.5142
-72.4926
-72.4707
-72.4484
-72.4261
-72.4037
-72.3813
-72.359
-72.3367
-72.3146
-72.2926
-72.2708
-72.2492
-72.2277
-72.2065
-72.1854
-72.1645
-72.1439
-72.1235
-72.1032
-72.0832
-72.0634
-72.0439
-72.0245
-72.0054
-71.9865
-71.9677
-71.9492
-71.931
-71.9129
-71.895
-71.8774
-71.8599
-71.8427
-71.8256
-71.8088
-71.7922
-71.7757
-71.7595
-71.7434
-71.7276
-71.7119
-71.6964
-71.6811
-71.666
-71.6511
-71.6363
-71.6218
-71.6074
-71.5932
-71.5792
-71.5653
-71.5516
-71.5381
-71.5247
-71.5115
-71.4985
-71.4856
-71.4729
-71.4604
-71.448
-71.4357
-71.4236
-71.4117
-71.3999
-71.3883
-71.3768
-71.3655
-71.3543
-71.3432
-71.3323
-71.3215
-71.3109
-71.3004
-71.29
-71.2798
-71.2697
-71.2598
-71.2499
-71.2402
-71.2307
-71.2212
-71.2119
-71.2027
-71.1936
-71.1846
-71.1758
-71.167
-71.1584
-71.1499
-71.1415
-71.1332
-71.1251
-71.117
-71.109
-71.1012
-71.0934
-71.0858
-71.0783
-71.0708
-71.0635
-71.0562
-71.0491
-71.0421
-71.0351
-71.0282
-71.0215
-71.0148
-71.0082
-71.0017
-70.9953
-70.989
-70.9828
-70.9767
-70.9706
-70.9646
-70.9587
-70.9529
-70.9472
-70.9416
-70.936
-70.9305
-70.9251
-70.9198
-70.9145
-70.9093
-70.9042
-70.8991
-70.8942
-70.8893
-70.8845
-70.8797
-70.875
-70.8704
-70.8658
-70.8613
-70.8569
-70.8526
-70.8483
-70.844
-70.8399
-70.8357
-70.8317
-70.8277
-70.8238
-70.8199
-70.8161
-70.8123
-70.8086
-70.805
-70.8014
-70.7979
-70.7944
-70.7909
-70.7876
-70.7842
-70.781
-70.7777
-70.7746
-70.7714
-70.7684
-70.7653
-70.7624
-70.7594
-70.7565
-70.7537
-70.7509
-70.7481
-70.7454
-70.7428
-70.7401
-70.7376
-70.735
-70.7325
-70.7301
-70.7276
-70.7253
-70.7229
-70.7206
-70.7183
-70.7161
-70.7139
-70.7118
-70.7097
-70.7076
-70.7055
-70.7035
-70.7016
-70.6996
-70.6977
-70.6958
-70.694
-70.6922
-70.6904
-70.6886
-70.6869
-70.6852
-70.6836
-70.6819
-70.6804
-70.6788
-70.6772
-70.6757
-70.6742
-70.6728
-70.6714
-70.6699
-70.6686
-70.6672
-70.6659
-70.6646
-70.6633
-70.6621
-70.6608
-70.6596
-70.6584
-70.6573
-70.6561
-70.655
-70.6539
-70.6529
-70.6518
-70.6508
-70.6498
-70.6488
-70.6478
-70.6469
-70.646
-70.6451
-70.6442
-70.6433
-70.6425
-70.6416
-70.6408
-70.64
-70.6393
-70.6385
-70.6378
-70.637
-70.6363
-70.6356
-70.635
-70.6343
-70.6337
-70.633
-70.6324
-70.6318
-70.6312
-70.6307
-70.6301
-70.6296
-70.629
-70.6285
-70.628
-70.6275
-70.6271
-70.6266
-70.6262
-70.6257
-70.6253
-70.6249
-70.6245
-70.6241
-70.6237
-70.6234
-70.623
-70.6227
-70.6224
-70.622
-70.6217
-70.6214
-70.6211
-70.6209
-70.6206
-70.6203
-70.6201
-70.6198
-70.6196
-70.6194
-70.6192
-70.619
-70.6188
-70.6186
-70.6184
-70.6182
-70.6181
-70.6179
-70.6178
-70.6176
-70.6175
-70.6174
-70.6173
-70.6171
-70.617
-70.6169
-70.6169
-70.6168
-70.6167
-70.6166
-70.6166
-70.6165
-70.6165
-70.6164
-70.6164
-70.6163
-70.6163
-70.6163
-70.6163
-70.6163
-70.6162
-70.6162
-70.6163
-70.6163
-70.6163
-70.6163
-70.6163
-70.6163
-70.6164
-70.6164
-70.6164
-70.6165
-70.6165
-70.6166
-70.6167
-70.6167
-70.6168
-70.6168
-70.6169
-70.617
-70.6171
-70.6172
-70.6172
-70.6173
-70.6174
-70.6175
-70.6176
-70.6177
-70.6178
-70.6179
-70.618
-70.6181
-70.6183
-70.6184
-70.6185
-70.6186
-70.6188
-70.6189
-70.619
-70.6191
-70.6193
-70.6194
-70.6196
-70.6197
-70.6198
-70.62
-70.6201
-70.6203
-70.6204
-70.6206
-70.6207
-70.6209
-70.621
-70.6212
-70.6214
-70.6215
-70.6217
-70.6218
-70.622
-70.6222
-70.6223
-70.6225
-70.6227
-70.6229
-70.623
-70.6232
-70.6234
-70.6235
-70.6237
-70.6239
-70.6241
-70.6243
-70.6244
-70.6246
-70.6248
-70.625
-70.6252
-70.6253
-70.6255
-70.6257
-70.6259
-70.6261
-70.6263
-70.6264
-70.6266
-70.6268
-70.627
-70.6272
-70.6274
-70.6276
-70.6278
-70.6279
-70.6281
-70.6283
-70.6285
-70.6287
-70.6289
-70.6291
-70.6293
-70.6295
-70.6296
-70.6298
-70.63
-70.6302
-70.6304
-70.6306
-70.6308
-70.631
-70.6312
-70.6314
-70.6315
-70.6317
-70.6319
-70.6321
-70.6323
-70.6325
-70.6327
-70.6329
-70.633
-70.6332
-70.6334
-70.6336
-70.6338
-70.634
-70.6342
-70.6343
-70.6345
-70.6347
-70.6349
-70.6351
-70.6353
-70.6354
-70.6356
-70.6358
-70.636
-70.6362
-70.6363
-70.6365
-70.6367
-70.6369
-70.6371
-70.6372
-70.6374
-70.6376
-70.6378
-70.6379
-70.6381
-70.6383
-70.6385
-70.6386
-70.6388
-70.639
-70.6391
-70.6393
-70.6395
-70.6396
-70.6398
-70.64
-70.6401
-70.6403
-70.6405
-70.6406
-70.6408
-70.641
-70.6411
-70.6413
-70.6415
-70.6416
-70.6418
-70.6419
-70.6421
-70.6423
-70.6424
-70.6426
-70.6427
-70.6429
-70.643
-70.6432
-70.6433
-70.6435
-70.6436
-70.6438
-70.6439
-70.6441
-70.6442
-70.6444
-70.6445
-70.6447
-70.6448
-70.645
-70.6451
-70.6453
-70.6454
-70.6455
-70.6457
-70.6458

