-70
-70.1661
-70.23
-70.2566
-70.2695
-70.2773
-70.283
-70.2879
-70.2925
-70.297
-70.3014
-70.3057
-70.31
-70.3142
-70.3185
-70.3226
-70.3268
-70.3309
-70.335
-70.3391
-70.3431
-70.3471
-70.351
-70.3549
-70.3588
-70.3626
-70.3664
-70.3701
-70.3738
-70.3775
-70.3811
-70.3847
-70.3883
-70.3918
-70.3953
-70.3987
-70.4021
-70.4055
-70.4088
-70.4121
-70.4154
-70.4186
-70.4218
-70.4249
-70.428
-70.4311
-70.4341
-70.4372
-70.4401
-70.4431
-70.446
-70.4489
-70.4517
-70.4545
-70.4573
-70.4601
-70.4628
-70.4655
-70.4682
-70.4708
-70.4734
-70.476
-70.4785
-70.481
-70.4835
-70.486
-70.4884
-70.4908
-70.4932
-70.4955
-70.4978
-70.5001
-70.5024
-70.5046
-70.5068
-70.509
-70.5112
-70.5133
-70.5154
-70.5175
-70.5196
-70.5216
-70.5236
-70.5256
-70.5276
-70.5295
-70.5315
-70.5334
-70.5352
-70.5371
-70.5389
-70.5407
-70.5425
-70.5443
-70.5461
-70.5478
-70.5495
-70.5512
-70.5528
-70.5545
-70.5561
-70.5577
-70.5593
-70.5609
-70.5624
-70.5639
-70.5655
-70.5669
-70.5684
-70.5699
-70.5713
-70.5727
-70.5741
-70.5755
-70.5769
-70.5782
-70.5796
-70.5809
-70.5822
-70.5835
-70.5848
-70.586
-70.5873
-70.5885
-70.5897
-70.5909
-70.5921
-70.5932
-70.5944
-70.5955
-70.5966
-70.5977
-70.5988
-70.5999
-70.601
-70.602
-70.603
-70.6041
-70.6051
-70.6061
-70.6071
-70.608
-70.609
-70.6099
-70.6109
-70.6118
-70.6127
-70.6136
-70.6145
-70.6154
-70.6162
-70.6171
-70.6179
-70.6187
-70.6196
-70.6204
-70.6212
-70.622
-70.6227
-70.6235
-70.6242
-70.625
-70.6257
-70.6265
-70.6272
-70.6279
-70.6286
-70.6293
-70.6299
-70.6306
-70.6313
-70.6319
-70.6325
-70.6332
-70.6338
-70.6344
-70.635
-70.6356
-70.6362
-70.6368
-70.6374
-70.6379
-70.6385
-70.639
-70.6396
-70.6401
-70.6406
-70.6411
-70.6417
-70.6422
-70.6427
-70.6431
-70.6436
-70.6441
-70.6446
-70.645
-70.6455
-70.6459
-70.6464
-70.6468
-70.6472
-70.6476
-70.6481
-70.6485
-70.6489
-70.6493
-70.6497
-70.65
-70.6504
-70.6508
-70.6512
-70.6515
-70.6519
-70.6522
-70.6526
-70.6529
-70.6533
-70.6536
-70.6539
-70.6542
-70.6545
-70.6549
-70.6552
-70.6555
-70.6558
-70.656
-70.6563
-70.6566
-70.6569
-70.6572
-70.6574
-70.6577
-70.658
-70.6582
-70.6585
-70.6587
-70.6589
-70.6592
-70.6594
-70.6597
-70.6599
-70.6601
-70.6603
-70.6605
-70.6607
-70.661
-70.6612
-70.6614
-70.6616
-70.6617
-70.6619
-70.6621
-70.6623
-70.6625
-70.6627
-70.6628
-70.663
-70.6632
-70.6633
-70.6635
-70.6637
-70.6638
-70.664
-70.6641
-70.6643
-70.6644
-70.6646
-70.6647
-70.6648
-70.665
-70.6651
-70.6652
-70.6653
-70.6655
-70.6656
-70.6657
-70.6658
-70.6659
-70.666
-70.6662
-70.6663
-70.6664
-70.6665
-70.6666
-70.6667
-70.6668
-70.6669
-70.667
-70.667
-70.6671
-70.6672
-70.6673
-70.6674
-70.6675
-70.6675
-70.6676
-70.6677
-70.6678
-70.6678
-70.6679
-70.668
-70.668
-70.6681
-70.6682
-70.6682
-70.6683
-70.6683
-70.6684
-70.6685
-70.6685
-70.6686
-70.6686
-70.6687
-70.6687
-70.6688
-70.6688
-70.6688
-70.6689
-70.6689
-70.669
-70.669
-70.669
-70.6691
-70.6691
-70.6691
-70.6692
-70.6692
-70.6692
-70.6693
-70.6693
-70.6693
-70.6694
-70.6694
-70.6694
-70.6694
-70.6694
-70.6695
-70.6695
-70.6695
-70.6695
-70.6695
-70.6696
-70.6696
-70.6696
-70.6696
-70.6696
-70.6696
-70.6696
-70.6697
-70.6697
-70.6697
-70.6697
-70.6697
-70.6697
-70.6697
-70.6697
-70.6697
-70.6697
-70.6697
-70.6697
-70.6697
-70.6697
-70.6697
-70.6697
-70.6697
-70.6697
-70.6697
-70.6697
-70.6697
-70.6697
-70.6697
-70.6697
-70.6697
-70.6697
-70.6697
-70.6697
-70.6697
-70.6697
-70.6697
-70.6697
-70.6697
-70.6697
-70.6697
-70.6696
-70.6696
-70.6696
-70.6696
-70.6696
-70.6696
-70.6696
-70.6696
-70.6696
-70.6695
-70.6695
-70.6695
-70.6695
-70.6695
-70.6695
-70.6695
-70.6695
-70.6694
-70.6694
-70.6694
-70.6694
-70.6694
-70.6694
-70.6693
-70.6693
-70.6693
-70.6693
-70.6693
-70.6693
-70.6693
-70.6692
-70.6692
-70.6692
-70.6692
-70.6692
-70.6691
-70.6691
-70.6691
-70.6691
-70.6691
-70.6691
-70.669
-70.669
-70.669
-70.669
-70.669
-70.6689
-70.6689
-70.6689
-70.6689
-70.6689
-70.6688
-70.6688
-70.6688
-70.6688
-70.6688
-70.6687
-70.6687
-70.6687
-70.6687
-70.6686
-70.6686
-70.6686
-70.6686
-70.6686
-70.6685
-70.6685
-70.6685
-70.6685
-70.6685
-70.6684
-70.6684
-70.6684
-70.6684
-70.6684
-70.6683
-70.6683
-70.6683
-70.6683
-70.6682
-70.6682
-70.6682
-70.6682
-70.6682
-70.6681
-70.6681
-70.6681
-70.6681
-70.6681
-70.6743
-70.8629
-71.5701
-72.5196
-73.3125
-73.8174
-58.0049
-52.3239
-50.2253
-48.352
-44.6049
2.0858
-22.951
-51.3398
-68.9743
-68.3463
-67.3191
-66.259
-65.1881
-64.1245
-63.0859
-62.0899
-61.1517
-60.1897
-59.1133
-58.2797
-57.5655
-56.9394
-56.391
-55.9146
-55.4948
-55.126
-54.8098
-54.5473
-54.3313
-54.1546
-54.0088
-53.8836
-53.7822
-53.7016
-53.6332
-53.5788
-53.5374
-53.506
-53.4782
-53.4566
-53.4412
-53.4306
-53.4237
-53.4195
-53.4175
-53.412
-53.4049
-53.3974
-53.3936
-53.3926
-53.3933
-53.3951
-53.3977
-53.4007
-53.4042
-53.4079
-53.4119
-53.4158
-53.4108
-53.4067
-53.4055
-53.4063
-53.4084
-53.4072
-53.4034
-53.402
-53.4025
-53.404
-53.4061
-53.4085
-53.4111
-53.4136
-53.4159
-53.4179
-53.4169
-53.4084
-53.4031
-53.4003
-53.3985
-53.3965
-53.3933
-53.3875
-53.3753
-53.3383
-53.0201
-52.7398
-52.7933
-52.9072
-53.0075
-53.0811
-53.1313
-53.1647
-53.1882
-53.2069
-53.2243
-53.2427
-53.2643
-53.291
-53.3255
-53.3701
-53.4262
-53.4631
-53.4657
-53.4654
-53.4669
-53.4709
-53.4775
-53.4868
-53.478
-53.4629
-53.4568
-53.4567
-53.4602
-53.4661
-53.4737
-53.4829
-53.4934
-53.5052
-53.5184
-53.533
-53.5491
-53.5668
-53.5862
-53.6074
-53.6305
-53.6558
-53.6834
-53.7135
-53.7465
-53.7826
-53.822
-53.8649
-53.9116
-53.9625
-54.0178
-54.0778
-54.1429
-53.7064
-53.4824
-53.4215
-53.415
-53.4262
-53.4431
-53.4617
-53.4809
-53.5001
-53.5195
-53.5391
-53.5591
-53.5798
-53.6014
-53.6241
-53.6481
-53.6738
-53.7012
-53.731
-53.7648
-53.8012
-53.8401
-53.8817
-53.9266
-53.975
-54.0272
-54.0837
-54.1446
-54.2127
-54.2913
-54.3777
-54.4721
-54.5706
-54.6734
-54.7817
-54.8965
-55.0188
-55.1491
-55.2885
-55.4483
-55.635
-55.8346
-55.3886
-53.5844
-53.1704
-53.1154
-53.1517
-53.2068
-53.2606
-53.3088
-53.3517
-53.3901
-53.4243
-53.455
-53.483
-53.5093
-53.5345
-53.5592
-53.5839
-53.6091
-53.6363
-53.6666
-53.7001
-53.7362
-53.7733
-53.8121
-53.8531
-53.8967
-53.9436
-53.9939
-54.0481
-54.1097
-54.1817
-54.2619
-54.3512
-54.443
-54.5374
-54.636
-54.7399
-54.8498
-54.9667
-55.091
-55.2271
-55.3892
-55.5597
-55.7526
-55.9553
-56.1568
-56.3594
-56.5652
-56.7754
-56.9907
-57.2113
-57.4376
-55.0952
-53.2316
-52.8671
-52.8626
-52.9464
-53.0421
-53.1287
-53.183
-53.2156
-53.2493
-53.2816
-53.3108
-53.3367
-53.3597
-53.3799
-53.3982
-53.4151
-53.4307
-53.4453
-53.4592
-53.4728
-53.4864
-53.5002
-53.5146
-53.5304
-53.5483
-53.5673
-53.5878
-53.6105
-53.6356
-53.6621
-53.6898
-53.7194
-53.7513
-53.7861
-53.8276
-53.8744
-53.9245
-53.9812
-54.0438
-54.1092
-54.1776
-54.2499
-54.3267
-54.4088
-54.4969
-54.5998
-54.7175
-53.7796
-53.3655
-53.2813
-53.2852
-53.3111
-53.3405
-53.3683
-53.3937
-53.4168
-53.438
-53.4588
-53.4794
-53.4994
-53.5207
-53.5422
-53.5636
-53.5854
-53.608
-53.6319
-53.661
-53.7068
-53.7573
-53.8191
-53.8883
-53.9585
-54.0276
-54.1004
-54.1825
-54.302
-54.4766
-54.6804
-54.8926
-55.0972
-55.2863
-55.4664
-55.6476
-55.8374
-56.0577
-56.3343
-56.6669
-57.0302
-57.3956
-57.7496
-58.0964
-58.4439
-58.7996
-59.1656
-59.5578
-59.9964
-60.4778
-60.9955
-61.5256
-62.0442
-62.5468
-63.0366
-63.5195
-63.9946
-64.4708
-64.9692
-65.4869
-66.0272
-66.5663
-67.0818
-67.5635
-68.0109
-68.4282
-68.8193
-69.1923
-69.5609
-69.9291
-70.2971
-70.665
-71.0123
-71.328
-71.6104
-71.8617
-72.0868
-72.2897
-72.4793
-72.663
-72.8401
-73.0161
-73.1875
-73.3453
-73.486
-73.6088
-73.7149
-73.8061
-73.8874
-73.9627
-74.0345
-74.1028
-74.1711
-74.2386
-74.2999
-74.3533
-74.3995
-74.4378
-74.4687
-74.4944
-74.518
-74.5413
-74.5635
-74.5874
-74.6136
-74.6377
-74.659
-74.677
-74.6912
-74.7014
-74.7082
-74.7129
-74.7174
-74.7222
-74.7283
-74.7369
-74.7467
-74.7553
-74.7623
-74.7679
-74.7711
-74.7726
-74.7728
-74.7718
-74.7711
-74.7708
-74.7724
-74.7771
-74.7819
-74.7855
-74.7876
-74.789
-74.789
-74.7877
-74.7862
-74.7838
-74.7809
-74.7782
-74.7763
-74.7781
-74.7815
-74.7831
-74.7842
-74.7842
-74.7846
-74.7839
-74.7825
-74.7806
-74.7794
-74.7778
-74.7753
-74.7733
-74.7747
-74.777
-74.7763
-74.7759
-74.7751
-74.7737
-74.7732
-74.771
-74.7685
-74.767
-74.7661
-74.764
-74.7618
-74.7619
-74.7642
-74.7652
-74.7636
-74.764
-74.7632
-74.7634
-74.7629
-74.7605
-74.7588
-74.7575
-74.7559
-74.7533
-74.752
-74.7521
-74.7532
-74.753
-74.7503
-74.7493
-74.7497
-74.7496
-74.7484
-74.7457
-74.7441
-74.7432
-74.7416
-74.7399
-74.7396
-74.7392
-74.7399
-74.7418
-74.7404
-74.7374
-74.7385
-74.7395
-74.7386
-74.7368
-74.735
-74.7335
-74.7318
-74.7294
-74.728
-74.7271
-74.7263
-74.7259
-74.7258
-74.7258
-74.7222
-74.7209
-74.7217
-74.7218
-74.7209
-74.7207
-74.7203
-74.7186
-74.7152
-74.7145
-74.7151
-74.7152
-74.715
-74.7149
-74.7139
-74.7124
-74.7107
-74.7084
-74.706
-74.7062
-74.7064
-74.7086
-74.7106
-74.7088
-74.7033
-74.6992
-74.6986
-74.7001
-74.6993
-74.6978
-74.6978
-74.6965
-74.6958
-74.6939
-74.689
-74.6849
-74.6821
-74.6832
-74.688
-74.6942
-74.696
-74.6924
-74.6885
-74.6873
-74.6868
-74.686
-74.6833
-74.68
-74.6809
-74.6831
-74.6825
-74.6797
-74.6755
-74.6703
-74.6649
-74.664
-74.6685
-74.6727
-74.6751
-74.6751
-74.6747
-74.6739
-74.6723
-74.6705
-74.6671
-74.6614
-74.6579
-74.6595
-74.66
-74.659
-74.6571
-74.6538
-74.65
-74.6447
-74.6424
-74.6434
-74.6487
-74.6522
-74.6512
-74.6513
-74.6556
-74.6595
-74.6588
-74.6547
-74.6499
-74.6455
-74.6394
-74.6376
-74.6406
-74.6411
-74.6368
-74.6323
-74.6316
-74.6291
-74.628
-74.6281
-74.6282
-74.6258
-74.6247
-74.6262
-74.6266
-74.6274
-74.6295
-74.6309
-74.6322
-74.6325
-74.6281
-74.6228
-74.6167
-74.6113
-74.61
-74.6079
-74.6053
-74.6022
-74.5969
-74.5933
-74.5944
-74.6006
-74.6049
-74.6055
-74.6041
-74.5988
-74.5952
-74.5953
-74.5979
-74.601
-74.6035
-74.6046
-74.6052
-74.6048
-74.603
-74.5976
-74.5888
-74.5811
-74.5777
-74.5801
-74.5791
-74.5751
-74.569
-74.5654
-74.5651
-74.5696
-74.5742
-74.5776
-74.5809
-74.5785
-74.5721
-74.5647
-74.5599
-74.5597
-74.5633
-74.5676
-74.5698
-74.5668
-74.5678
-74.5716
-74.5715
-74.5688
-74.5599
-74.546
-74.5323
-74.5244
-74.5265
-74.5291
-74.5287
-74.5256
-74.5223
-74.5202
-74.5241
-74.531
-74.5345
-74.5346
-74.5309
-74.5257
-74.522
-74.5203
-74.5165
-74.5122
-74.5163
-74.523
-74.526
-74.5265
-74.5296
-74.5316
-74.5301
-74.5312
-74.529
-74.522
-74.5141
-74.5066
-74.4958
-74.4821
-74.4712
-74.4649
-74.4636
-74.4668
-74.4714
-74.4732
-74.4765
-74.481
-74.485
-74.4843
-74.4791
-74.4783
-74.4774
-74.473
-74.4699
-74.466
-74.4624
-74.4597
-74.4602
-74.4667
-74.4738
-74.4784
-74.4792
-74.4762
-74.4757
-74.4803
-74.4829
-74.4802
-74.4722
-74.4635
-74.4555
-74.444
-74.43
-74.4134
-74.401
-74.3986
-74.4051
-74.4076
-74.4055
-74.4013
-74.3994
-74.3981
-74.3986
-74.4018
-74.4016
-74.3991
-74.3963
-74.3943
-74.3903
-74.3834
-74.3793
-74.3775
-74.3774
-74.3747
-74.3704
-74.3707
-74.3752
-74.3795
-74.3834
-74.3863
-74.3884
-74.3869
-74.3865
-74.3938
-74.3977
-74.3959
-74.3937
-74.3864
-74.3793
-74.3773
-74.3737
-74.3638
-74.3499
-74.3387
-74.3285
-74.3159
-74.3031
-74.2885
-74.2791
-74.2801
-74.2904
-74.301
-74.3077
-74.3108
-74.3161
-74.3186
-74.3124
-74.3008
-74.2846
-74.271
-74.2595
-74.2521
-74.2502
-74.2523
-74.2593
-74.2596
-74.2568
-74.2578
-74.2654
-74.2706
-74.2691
-74.2687
-74.2705
-74.2725
-74.2738
-74.2776
-74.2756
-74.2679
-74.2574
-74.2489
-74.2464
-74.2526
-74.2567
-74.2604
-74.2646
-74.2695
-74.2703
-74.2642
-74.2514
-74.2408
-74.2394
-74.2426
-74.2381
-74.2279
-74.218
-74.2118
-74.2051
-74.1937
-74.1789
-74.1632
-74.1551
-74.1522
-74.1514
-74.157
-74.1642
-74.1664
-74.1654
-74.1599
-74.1545
-74.1527
-74.1479
-74.1395
-74.1325
-74.1256
-74.1128
-74.0943
-74.0774
-74.061
-74.0408
-74.0219
-74.0117
-74.01
-74.0095
-74.0109
-74.0085
-74.0039
-73.9999
-73.9987
-73.9978
-73.9941
-73.9891
-73.9892
-73.9958
-74.0085
-74.0219
-74.0309
-74.0412
-74.0485
-74.0542
-74.0623
-74.0691
-74.0701
-74.0655
-74.057
-74.0481
-74.0399
-74.0267
-74.0117
-74.0047
-74.0003
-73.9976
-73.9959
-73.9995
-74.0053
-74.0169
-74.025
-74.0265
-74.0195
-74.0068
-73.9961
-73.9917
-73.9849
-73.9716
-73.9548
-73.9392
-73.9266
-73.9277
-73.9298
-73.9344
-73.936
-73.929
-73.9145
-73.8946
-73.8768
-73.874
-73.87
-73.8608
-73.8549
-73.8515
-73.852
-73.8561
-73.8666
-73.8826
-73.8966
-73.8995
-73.8965
-73.8935
-73.8965
-73.8979
-73.8985
-73.907
-73.9115
-73.9118
-73.9156
-73.9135
-73.9068
-73.9022
-73.8925
-73.8766
-73.856
-73.832
-73.8059
-73.7851
-73.7703
-73.7528
-73.7312
-73.7085
-73.6889
-73.6674
-73.6429
-73.6193
-73.6052
-73.5957
-73.5931
-73.5951
-73.5911
-73.5794
-73.5619
-73.5403
-73.5185
-73.5012
-73.4855
-73.4725
-73.4562
-73.4411
-73.4273
-73.4136
-73.4045
-73.399
-73.3961
-73.4082
-73.4164
-73.4146
-73.4045
-73.3916
-73.3816
-73.3714
-73.3639
-73.3531
-73.3451
-73.3354
-73.3208
-73.3021
-73.2814
-73.2709
-73.2713
-73.2741
-73.277
-73.2769
-73.2697
-73.2579
-73.2502
-73.2414
-73.2434
-73.2476
-73.2527
-73.2529
-73.2457
-73.2325
-73.2152
-73.209
-73.2094
-73.2043
-73.1929
-73.1766
-73.1588
-73.1477
-73.1359
-73.1206
-73.1104
-73.1014
-73.0883
-73.0724
-73.0633
-73.0539
-73.0402
-73.0235
-73.0164
-73.0197
-73.0191
-73.0116
-72.9985
-72.9815
-72.9618
-72.9402
-72.9173
-72.8935
-72.869
-72.8441
-72.8188
-72.7933
-72.7677
-72.742
-72.7164
-72.6907
-72.6652
-72.6397
-72.6144
-72.5966
-72.5928
-72.5987
-72.6005
-72.5955
-72.5851
-72.5709
-72.5542
-72.5357
-72.5161
-72.4957
-72.4747
-72.4598
-72.456
-72.4507
-72.4412
-72.4281
-72.4125
-72.3952
-72.3767
-72.3627
-72.3609
-72.3582
-72.351
-72.3398
-72.3259
-72.3102
-72.2931
-72.2751
-72.2566
-72.2377
-72.2185
-72.1991
-72.1797
-72.1603
-72.1409
-72.1215
-72.1022
-72.083
-72.064
-72.0451
-72.0263
-72.0077
-71.9892
-71.971
-71.9529
-71.935
-71.9172
-71.8997
-71.8823
-71.8651
-71.8482
-71.8314
-71.8148
-71.7983
-71.7821
-71.766
-71.7502
-71.7345
-71.719
-71.7037
-71.6885
-71.6736
-71.6588
-71.6442
-71.6298
-71.6155
-71.6014
-71.5875
-71.5738
-71.5602
-71.5468
-71.5335
-71.5204
-71.5075
-71.4947
-71.4821
-71.4696
-71.4573
-71.4452
-71.4331
-71.4213
-71.4096
-71.398
-71.3866
-71.3753
-71.3642
-71.3532
-71.3423
-71.3316
-71.321
-71.3106
-71.3003
-71.2901
-71.28
-71.2701
-71.2603
-71.2507
-71.2411
-71.2317
-71.2224
-71.2132
-71.2042
-71.1952
-71.1864
-71.1777
-71.1691
-71.1606
-71.1522
-71.144
-71.1358
-71.1278
-71.1198
-71.112
-71.1043
-71.0966
-71.0891
-71.0817
-71.0743
-71.0671
-71.0599
-71.0529
-71.0459
-71.0391
-71.0323
-71.0256
-71.0191
-71.0126
-71.0061
-70.9998
-70.9936
-70.9874
-70.9814
-70.9754
-70.9695
-70.9637
-70.9579
-70.9523
-70.9467
-70.9412
-70.9357
-70.9304
-70.9251
-70.9199
-70.9148
-70.9097
-70.9047
-70.8998
-70.8949
-70.8902
-70.8854
-70.8808
-70.8762
-70.8717
-70.8672
-70.8629
-70.8585
-70.8543
-70.8501
-70.8459
-70.8418
-70.8378
-70.8339
-70.83
-70.8261
-70.8223
-70.8186
-70.8149
-70.8113
-70.8077
-70.8042
-70.8007
-70.7973
-70.794
-70.7906
-70.7874
-70.7842
-70.781
-70.7779
-70.7748
-70.7718
-70.7688
-70.7659
-70.763
-70.7602
-70.7574
-70.7546
-70.7519
-70.7493
-70.7466
-70.7441
-70.7415
-70.739
-70.7366
-70.7341
-70.7318
-70.7294
-70.7271
-70.7248
-70.7226
-70.7204
-70.7183
-70.7161
-70.7141
-70.712
-70.71
-70.708
-70.706
-70.7041
-70.7022
-70.7004
-70.6986
-70.6968
-70.695
-70.6933
-70.6916
-70.6899
-70.6883
-70.6867
-70.6851
-70.6835
-70.682
-70.6805
-70.679
-70.6776
-70.6761
-70.6747
-70.6734
-70.672
-70.6707
-70.6694
-70.6681
-70.6669
-70.6657
-70.6645
-70.6633
-70.6621
-70.661
-70.6599
-70.6588
-70.6577
-70.6567
-70.6557
-70.6546
-70.6537
-70.6527
-70.6517
-70.6508
-70.6499
-70.649
-70.6482
-70.6473
-70.6465
-70.6457
-70.6449
-70.6441
-70.6433
-70.6426
-70.6418
-70.6411
-70.6404
-70.6397
-70.6391
-70.6384
-70.6378
-70.6371
-70.6365
-70.6359
-70.6354
-70.6348
-70.6343
-70.6337
-70.6332
-70.6327
-70.6322
-70.6317
-70.6312
-70.6308
-70.6303
-70.6299
-70.6295
-70.629
-70.6286
-70.6283
-70.6279
-70.6275
-70.6272
-70.6268
-70.6265
-70.6261
-70.6258
-70.6255
-70.6252
-70.6249
-70.6247
-70.6244
-70.6241
-70.6239
-70.6237
-70.6234
-70.6232
-70.623
-70.6228
-70.6226
-70.6224
-70.6222
-70.6221
-70.6219
-70.6217
-70.6216
-70.6214
-70.6213
-70.6212
-70.6211
-70.6209
-70.6208
-70.6207
-70.6206
-70.6205
-70.6205
-70.6204
-70.6203
-70.6203
-70.6202
-70.6201
-70.6201
-70.6201
-70.62
-70.62
-70.62
-70.6199
-70.6199
-70.6199
-70.6199
-70.6199
-70.6199
-70.6199
-70.6199
-70.6199
-70.62
-70.62
-70.62
-70.6201
-70.6201
-70.6201
-70.6202
-70.6202
-70.6203
-70.6203
-70.6204
-70.6205
-70.6205
-70.6206
-70.6207
-70.6208
-70.6208
-70.6209
-70.621
-70.6211
-70.6212
-70.6213
-70.6214
-70.6215
-70.6216
-70.6217
-70.6218
-70.6219
-70.622
-70.6221
-70.6222
-70.6223
-70.6225
-70.6226
-70.6227
-70.6228
-70.623
-70.6231
-70.6232
-70.6234
-70.6235
-70.6236
-70.6238
-70.6239
-70.6241
-70.6242
-70.6243
-70.6245
-70.6246
-70.6248
-70.6249
-70.6251
-70.6252
-70.6254
-70.6256
-70.6257
-70.6259
-70.626
-70.6262
-70.6263
-70.6265
-70.6267
-70.6268
-70.627
-70.6272
-70.6273
-70.6275
-70.6277
-70.6278
-70.628
-70.6282
-70.6283
-70.6285
-70.6287
-70.6288
-70.629
-70.6292
-70.6293
-70.6295
-70.6297
-70.6299
-70.63
-70.6302
-70.6304
-70.6306
-70.6307
-70.6309
-70.6311
-70.6313
-70.6314
-70.6316
-70.6318
-70.632
-70.6321
-70.6323
-70.6325
-70.6327
-70.6328
-70.633
-70.6332
-70.6334
-70.6335
-70.6337
-70.6339
-70.634
-70.6342
-70.6344
-70.6346
-70.6347
-70.6349
-70.6351
-70.6353
-70.6354
-70.6356
-70.6358
-70.636
-70.6361
-70.6363
-70.6365
-70.6366
-70.6368
-70.637
-70.6371
-70.6373
-70.6375
-70.6376
-70.6378
-70.638
-70.6381
-70.6383
-70.6385
-70.6386
-70.6388
-70.639
-70.6391
-70.6393
-70.6395
-70.6396
-70.6398
-70.64
-70.6401
-70.6403
-70.6404
-70.6406
-70.6408
-70.6409
-70.6411
-70.6412
-70.6414
-70.6415
-70.6417
-70.6418
-70.642
-70.6422
-70.6423
-70.6425
-70.6426
-70.6428
-70.6429
-70.6431
-70.6432
-70.6434
-70.6435
-70.6437
-70.6438
-70.6439
-70.6441
-70.6442
-70.6444
-70.6445
-70.6447
-70.6448

