-70
-70.1661
-70.23
-70.2566
-70.2695
-70.2773
-70.283
-70.2879
-70.2925
-70.297
-70.3014
-70.3057
-70.31
-70.3142
-70.3185
-70.3226
-70.3268
-70.3309
-70.335
-70.3391
-70.3431
-70.3471
-70.351
-70.3549
-70.3588
-70.3626
-70.3664
-70.3701
-70.3738
-70.3775
-70.3811
-70.3847
-70.3883
-70.3918
-70.3953
-70.3987
-70.4021
-70.4055
-70.4088
-70.4121
-70.4154
-70.4186
-70.4218
-70.4249
-70.428
-70.4311
-70.4341
-70.4372
-70.4401
-70.4431
-70.446
-70.4489
-70.4517
-70.4545
-70.4573
-70.4601
-70.4628
-70.4655
-70.4682
-70.4708
-70.4734
-70.476
-70.4785
-70.481
-70.4835
-70.486
-70.4884
-70.4908
-70.4932
-70.4955
-70.4978
-70.5001
-70.5024
-70.5046
-70.5068
-70.509
-70.5112
-70.5133
-70.5154
-70.5175
-70.5196
-70.5216
-70.5236
-70.5256
-70.5276
-70.5295
-70.5315
-70.5334
-70.5352
-70.5371
-70.5389
-70.5407
-70.5425
-70.5443
-70.5461
-70.5478
-70.5495
-70.5512
-70.5528
-70.5545
-70.5561
-70.5577
-70.5593
-70.5609
-70.5624
-70.5639
-70.5655
-70.5669
-70.5684
-70.5699
-70.5713
-70.5727
-70.5741
-70.5755
-70.5769
-70.5782
-70.5796
-70.5809
-70.5822
-70.5835
-70.5848
-70.586
-70.5873
-70.5885
-70.5897
-70.5909
-70.5921
-70.5932
-70.5944
-70.5955
-70.5966
-70.5977
-70.5988
-70.5999
-70.601
-70.602
-70.603
-70.6041
-70.6051
-70.6061
-70.6071
-70.608
-70.609
-70.6099
-70.6109
-70.6118
-70.6127
-70.6136
-70.6145
-70.6154
-70.6162
-70.6171
-70.6179
-70.6187
-70.6196
-70.6204
-70.6212
-70.622
-70.6227
-70.6235
-70.6242
-70.625
-70.6257
-70.6265
-70.6272
-70.6279
-70.6286
-70.6293
-70.6299
-70.6306
-70.6313
-70.6319
-70.6325
-70.6332
-70.6338
-70.6344
-70.635
-70.6356
-70.6362
-70.6368
-70.6374
-70.6379
-70.6385
-70.639
-70.6396
-70.6401
-70.6406
-70.6411
-70.6417
-70.6422
-70.6427
-70.6431
-70.6436
-70.6441
-70.6446
-70.645
-70.6455
-70.6459
-70.6464
-70.6468
-70.6472
-70.6476
-70.6481
-70.6485
-70.6489
-70.6493
-70.6497
-70.65
-70.6504
-70.6508
-70.6512
-70.6515
-70.6519
-70.6522
-70.6526
-70.6529
-70.6533
-70.6536
-70.6539
-70.6542
-70.6545
-70.6549
-70.6552
-70.6555
-70.6558
-70.656
-70.6563
-70.6566
-70.6569
-70.6572
-70.6574
-70.6577
-70.658
-70.6582
-70.6585
-70.6587
-70.6589
-70.6592
-70.6594
-70.6597
-70.6599
-70.6601
-70.6603
-70.6605
-70.6607
-70.661
-70.6612
-70.6614
-70.6616
-70.6617
-70.6619
-70.6621
-70.6623
-70.6625
-70.6627
-70.6628
-70.663
-70.6632
-70.6633
-70.6635
-70.6637
-70.6638
-70.664
-70.6641
-70.6643
-70.6644
-70.6646
-70.6647
-70.6648
-70.665
-70.6651
-70.6652
-70.6653
-70.6655
-70.6656
-70.6657
-70.6658
-70.6659
-70.666
-70.6662
-70.6663
-70.6664
-70.6665
-70.6666
-70.6667
-70.6668
-70.6669
-70.667
-70.667
-70.6671
-70.6672
-70.6673
-70.6674
-70.6675
-70.6675
-70.6676
-70.6677
-70.6678
-70.6678
-70.6679
-70.668
-70.668
-70.6681
-70.6682
-70.6682
-70.6683
-70.6683
-70.6684
-70.6685
-70.6685
-70.6686
-70.6686
-70.6687
-70.6687
-70.6688
-70.6688
-70.6688
-70.6689
-70.6689
-70.669
-70.669
-70.669
-70.6691
-70.6691
-70.6691
-70.6692
-70.6692
-70.6692
-70.6693
-70.6693
-70.6693
-70.6694
-70.6694
-70.6694
-70.6694
-70.6694
-70.6695
-70.6695
-70.6695
-70.6695
-70.6695
-70.6696
-70.6696
-70.6696
-70.6696
-70.6696
-70.6696
-70.6696
-70.6697
-70.6697
-70.6697
-70.6697
-70.6697
-70.6697
-70.6697
-70.6697
-70.6697
-70.6697
-70.6697
-70.6697
-70.6697
-70.6697
-70.6697
-70.6697
-70.6697
-70.6697
-70.6697
-70.6697
-70.6697
-70.6697
-70.6697
-70.6697
-70.6697
-70.6697
-70.6697
-70.6697
-70.6697
-70.6697
-70.6697
-70.6697
-70.6697
-70.6697
-70.6697
-70.6696
-70.6696
-70.6696
-70.6696
-70.6696
-70.6696
-70.6696
-70.6696
-70.6696
-70.6695
-70.6695
-70.6695
-70.6695
-70.6695
-70.6695
-70.6695
-70.6695
-70.6694
-70.6694
-70.6694
-70.6694
-70.6694
-70.6694
-70.6693
-70.6693
-70.6693
-70.6693
-70.6693
-70.6693
-70.6693
-70.6692
-70.6692
-70.6692
-70.6692
-70.6692
-70.6691
-70.6691
-70.6691
-70.6691
-70.6691
-70.6691
-70.669
-70.669
-70.669
-70.669
-70.669
-70.6689
-70.6689
-70.6689
-70.6689
-70.6689
-70.6688
-70.6688
-70.6688
-70.6688
-70.6688
-70.6687
-70.6687
-70.6687
-70.6687
-70.6686
-70.6686
-70.6686
-70.6686
-70.6686
-70.6685
-70.6685
-70.6685
-70.6685
-70.6685
-70.6684
-70.6684
-70.6684
-70.6684
-70.6684
-70.6683
-70.6683
-70.6683
-70.6683
-70.6682
-70.6682
-70.6682
-70.6682
-70.6682
-70.6681
-70.6681
-70.6681
-70.6681
-70.6681
-70.6752
-70.8756
-71.4867
-72.3797
-73.1814
-73.7295
-74.0212
-62.1866
-53.3274
-50.7104
-48.7642
-45.4293
-11.6603
-19.9406
-46.7472
-68.8992
-68.4906
-67.4606
-66.3901
-65.3035
-64.2188
-63.1541
-62.1266
-61.1502
-60.2361
-59.3272
-58.4834
-57.7303
-57.0763
-56.5058
-56.0104
-55.5812
-55.2034
-54.8767
-54.6015
-54.3745
-54.1885
-54.0362
-53.9076
-53.7987
-53.7091
-53.6388
-53.5842
-53.5421
-53.51
-53.4841
-53.4598
-53.4391
-53.4245
-53.4148
-53.4086
-53.4049
-53.4031
-53.4028
-53.4008
-53.394
-53.3897
-53.3883
-53.3887
-53.3901
-53.3922
-53.3948
-53.3977
-53.4009
-53.4042
-53.4056
-53.3981
-53.3938
-53.3927
-53.3934
-53.3949
-53.3969
-53.3992
-53.4015
-53.404
-53.4065
-53.4089
-53.411
-53.4129
-53.4145
-53.4156
-53.4091
-53.402
-53.3951
-53.3906
-53.3876
-53.3841
-53.3775
-53.3567
-53.1766
-53.0514
-53.0869
-53.1472
-53.1979
-53.2344
-53.2592
-53.2758
-53.2877
-53.2972
-53.3061
-53.3156
-53.3267
-53.3407
-53.3586
-53.3818
-53.4101
-53.4271
-53.4354
-53.4415
-53.4479
-53.4491
-53.4434
-53.4415
-53.4428
-53.4464
-53.4516
-53.4582
-53.4661
-53.4751
-53.4854
-53.4968
-53.5096
-53.5237
-53.5393
-53.5564
-53.5752
-53.5958
-53.6183
-53.6429
-53.6698
-53.6991
-53.7313
-53.7665
-53.8049
-53.8468
-53.8925
-53.9423
-53.9964
-54.0552
-53.6896
-53.4911
-53.4349
-53.4277
-53.4373
-53.4526
-53.4698
-53.4879
-53.4751
-53.447
-53.437
-53.4374
-53.4427
-53.4503
-53.4592
-53.4688
-53.479
-53.4897
-53.5011
-53.5131
-53.5259
-53.5396
-53.5542
-53.5699
-53.5869
-53.6052
-53.625
-53.6465
-53.6698
-53.6951
-53.7226
-53.7527
-53.7854
-53.821
-53.8621
-53.9075
-53.9558
-54.0074
-54.0626
-54.122
-53.9121
-53.5069
-53.3928
-53.3724
-53.3802
-53.3963
-53.414
-53.4314
-53.4482
-53.4644
-53.4802
-53.4959
-53.4686
-53.4369
-53.4257
-53.4249
-53.4286
-53.4343
-53.4409
-53.4481
-53.4557
-53.4638
-53.4723
-53.4812
-53.4908
-53.501
-53.5127
-53.5254
-53.5388
-53.5531
-53.5685
-53.5851
-53.603
-53.6224
-53.6435
-53.6664
-53.6912
-53.7204
-53.753
-53.7876
-53.8245
-53.8641
-53.9067
-53.9527
-54.0023
-54.0558
-54.1134
-54.1755
-54.245
-54.3251
-53.582
-53.362
-53.3204
-53.3271
-53.3458
-53.3661
-53.3848
-53.4016
-53.4167
-53.4304
-53.4435
-53.4563
-53.4683
-53.4794
-53.4899
-53.4999
-53.4582
-53.4211
-53.4082
-53.4053
-53.4059
-53.4077
-53.4097
-53.4117
-53.4127
-53.4121
-53.4092
-53.4026
-53.3893
-53.3604
-53.2707
-52.57
-52.0035
-52.086
-52.3149
-52.5316
-52.6942
-52.8052
-52.8809
-52.9363
-52.9824
-53.0265
-53.0743
-53.1305
-53.2
-53.2935
-53.4126
-53.5104
-53.5225
-53.5167
-53.5105
-53.5075
-53.5084
-53.5132
-53.5214
-53.5323
-53.5406
-53.5037
-53.4811
-53.473
-53.4728
-53.477
-53.4839
-53.4929
-53.5035
-53.5158
-53.5298
-53.5453
-53.5623
-53.5811
-53.6014
-53.6236
-53.6478
-53.6741
-53.7029
-53.7347
-53.7716
-53.815
-53.8637
-53.9174
-53.9735
-54.0323
-54.095
-54.163
-54.246
-54.3464
-54.4656
-54.5928
-54.7225
-54.8555
-54.9925
-55.1357
-55.2877
-55.4547
-55.6515
-55.881
-56.1346
-56.4023
-56.6767
-56.9568
-57.2455
-57.5447
-57.8566
-58.1858
-58.546
-58.9484
-59.3857
-59.839
-60.2955
-60.7539
-61.2137
-61.6768
-62.1398
-62.6082
-63.0903
-63.5989
-64.1384
-64.6905
-65.2254
-65.7402
-66.2354
-66.7102
-67.1627
-67.5943
-68.0143
-68.4307
-68.8606
-69.2943
-69.7142
-70.0987
-70.451
-70.7748
-71.0735
-71.3455
-71.5958
-71.8295
-72.0572
-72.2875
-72.5129
-72.7239
-72.9117
-73.0776
-73.2253
-73.3574
-73.4762
-73.5823
-73.6775
-73.77
-73.8646
-73.9569
-74.0437
-74.1193
-74.1845
-74.2406
-74.2888
-74.3299
-74.3673
-74.3989
-74.4293
-74.4628
-74.4973
-74.5319
-74.5624
-74.5869
-74.6073
-74.6239
-74.6365
-74.6458
-74.6541
-74.6615
-74.6709
-74.6829
-74.6961
-74.7094
-74.72
-74.7273
-74.7322
-74.7361
-74.7377
-74.7372
-74.7354
-74.736
-74.7398
-74.745
-74.7512
-74.7577
-74.7619
-74.7639
-74.7645
-74.7637
-74.7627
-74.7599
-74.7554
-74.7517
-74.7519
-74.7539
-74.7578
-74.7623
-74.7658
-74.7664
-74.7659
-74.7647
-74.7628
-74.7607
-74.7568
-74.7524
-74.7498
-74.7494
-74.7508
-74.7543
-74.7581
-74.7608
-74.7608
-74.759
-74.7573
-74.7546
-74.7513
-74.7466
-74.7423
-74.7403
-74.7388
-74.7384
-74.7413
-74.7452
-74.7484
-74.7506
-74.7504
-74.7489
-74.7464
-74.7434
-74.7396
-74.735
-74.7317
-74.7304
-74.7284
-74.7275
-74.7303
-74.7335
-74.7364
-74.7386
-74.7388
-74.7362
-74.7337
-74.7302
-74.7265
-74.7224
-74.7207
-74.7191
-74.7162
-74.7136
-74.7154
-74.7189
-74.7222
-74.725
-74.7275
-74.7283
-74.7251
-74.7222
-74.7179
-74.7124
-74.7094
-74.71
-74.7088
-74.7054
-74.7017
-74.7009
-74.7021
-74.7044
-74.7069
-74.7108
-74.7134
-74.7132
-74.7106
-74.7072
-74.7019
-74.6947
-74.6935
-74.6951
-74.6954
-74.6929
-74.6901
-74.69
-74.6891
-74.6901
-74.6916
-74.6942
-74.6985
-74.701
-74.7005
-74.6968
-74.6912
-74.6855
-74.6826
-74.6801
-74.6776
-74.6766
-74.6745
-74.673
-74.6729
-74.673
-74.6732
-74.6734
-74.675
-74.6773
-74.6809
-74.6844
-74.6832
-74.678
-74.6719
-74.67
-74.6693
-74.6653
-74.6612
-74.6589
-74.6577
-74.6569
-74.6557
-74.6568
-74.6589
-74.6602
-74.66
-74.6604
-74.6615
-74.6634
-74.6648
-74.663
-74.6601
-74.658
-74.6553
-74.6513
-74.6451
-74.6396
-74.6345
-74.6326
-74.6342
-74.6351
-74.635
-74.635
-74.6371
-74.6406
-74.6419
-74.6416
-74.6406
-74.6404
-74.6393
-74.6385
-74.6393
-74.6418
-74.6409
-74.6358
-74.6288
-74.6234
-74.6185
-74.6129
-74.6099
-74.6105
-74.6126
-74.615
-74.6168
-74.6188
-74.62
-74.6223
-74.6236
-74.6207
-74.6158
-74.6135
-74.6144
-74.6152
-74.6167
-74.617
-74.614
-74.6058
-74.5994
-74.5949
-74.5902
-74.5875
-74.5851
-74.581
-74.576
-74.5794
-74.585
-74.5882
-74.5911
-74.5931
-74.595
-74.597
-74.5962
-74.5912
-74.5859
-74.5827
-74.5831
-74.5883
-74.5909
-74.5893
-74.5843
-74.5774
-74.5732
-74.5689
-74.5652
-74.5607
-74.5582
-74.5549
-74.5524
-74.5505
-74.5497
-74.5491
-74.5523
-74.5571
-74.5624
-74.5641
-74.564
-74.5626
-74.562
-74.561
-74.5564
-74.5552
-74.5578
-74.5587
-74.5553
-74.5502
-74.5436
-74.5362
-74.5308
-74.5277
-74.5258
-74.5233
-74.5206
-74.5176
-74.5154
-74.5104
-74.5057
-74.5052
-74.5056
-74.5022
-74.5011
-74.505
-74.514
-74.5199
-74.5176
-74.5165
-74.5154
-74.513
-74.5111
-74.5104
-74.5149
-74.5196
-74.5196
-74.5164
-74.5118
-74.5051
-74.4995
-74.4958
-74.4929
-74.489
-74.486
-74.4818
-74.478
-74.4739
-74.4688
-74.4634
-74.4592
-74.4555
-74.4519
-74.4524
-74.4549
-74.4519
-74.4451
-74.443
-74.4445
-74.451
-74.457
-74.458
-74.4587
-74.4597
-74.4593
-74.4585
-74.4598
-74.458
-74.4517
-74.4487
-74.4507
-74.4556
-74.4564
-74.4549
-74.4525
-74.4457
-74.4387
-74.4359
-74.4348
-74.4314
-74.4299
-74.4241
-74.4151
-74.4033
-74.3901
-74.3789
-74.369
-74.3663
-74.3679
-74.3719
-74.3709
-74.3636
-74.3538
-74.3472
-74.3483
-74.3539
-74.3557
-74.3565
-74.3551
-74.3518
-74.3485
-74.3507
-74.3609
-74.3736
-74.3823
-74.382
-74.3805
-74.3743
-74.3633
-74.3533
-74.3522
-74.3504
-74.3518
-74.357
-74.3613
-74.3634
-74.3634
-74.3642
-74.3723
-74.3765
-74.3753
-74.3725
-74.366
-74.355
-74.3392
-74.3225
-74.3063
-74.2919
-74.2802
-74.2673
-74.2604
-74.2583
-74.2577
-74.2557
-74.251
-74.2465
-74.2417
-74.234
-74.222
-74.2101
-74.2073
-74.2118
-74.2186
-74.2234
-74.225
-74.2213
-74.2157
-74.2098
-74.2104
-74.2204
-74.2278
-74.2295
-74.2342
-74.2391
-74.2405
-74.2395
-74.2363
-74.2282
-74.2174
-74.2066
-74.2022
-74.2109
-74.2163
-74.2138
-74.2132
-74.2178
-74.2231
-74.2267
-74.2345
-74.2466
-74.2558
-74.2633
-74.2691
-74.2711
-74.2688
-74.2621
-74.2488
-74.2314
-74.2146
-74.1999
-74.1851
-74.1707
-74.1616
-74.1546
-74.1434
-74.1295
-74.1113
-74.092
-74.0803
-74.0728
-74.063
-74.0558
-74.0536
-74.0493
-74.038
-74.0234
-74.0104
-73.9945
-73.9781
-73.9681
-73.964
-73.964
-73.972
-73.9779
-73.9741
-73.9674
-73.9615
-73.9662
-73.9751
-73.9908
-74.0103
-74.0218
-74.0218
-74.0137
-74.0027
-73.9939
-73.984
-73.9688
-73.9531
-73.9423
-73.9364
-73.9412
-73.9476
-73.9451
-73.9363
-73.9292
-73.9275
-73.9318
-73.9309
-73.9235
-73.9204
-73.9219
-73.917
-73.9074
-73.9089
-73.9157
-73.9184
-73.9188
-73.9217
-73.9278
-73.9425
-73.9532
-73.9675
-73.9817
-73.9929
-73.9978
-73.9969
-73.997
-73.997
-73.9975
-73.9951
-73.987
-73.9772
-73.9746
-73.9776
-73.9757
-73.9765
-73.9807
-73.9888
-73.9954
-74.0006
-74.0041
-73.9992
-73.9865
-73.9749
-73.9706
-73.9664
-73.9561
-73.9397
-73.9227
-73.9095
-73.894
-73.8755
-73.8581
-73.838
-73.8144
-73.7908
-73.7758
-73.7602
-73.7402
-73.7165
-73.6936
-73.6733
-73.6507
-73.6256
-73.6042
-73.5839
-73.561
-73.5353
-73.5079
-73.4856
-73.4653
-73.4447
-73.4285
-73.4108
-73.3909
-73.3805
-73.3746
-73.3638
-73.3475
-73.3271
-73.3061
-73.2911
-73.2802
-73.2847
-73.3018
-73.3208
-73.341
-73.3545
-73.3687
-73.3782
-73.3781
-73.37
-73.3647
-73.366
-73.363
-73.3548
-73.3603
-73.3716
-73.3746
-73.3686
-73.3559
-73.3386
-73.318
-73.2951
-73.2706
-73.2482
-73.2372
-73.2327
-73.224
-73.2104
-73.2074
-73.2156
-73.228
-73.2381
-73.239
-73.2315
-73.2181
-73.2005
-73.18
-73.1575
-73.1335
-73.1084
-73.0826
-73.0562
-73.0293
-73.0025
-72.9849
-72.9713
-72.9552
-72.936
-72.9145
-72.8913
-72.8671
-72.8422
-72.8168
-72.7912
-72.7654
-72.7395
-72.7137
-72.6878
-72.6621
-72.6365
-72.615
-72.6187
-72.6264
-72.6269
-72.6204
-72.6088
-72.5937
-72.5762
-72.5572
-72.5371
-72.5162
-72.4948
-72.4731
-72.4511
-72.434
-72.43
-72.4386
-72.447
-72.448
-72.4426
-72.4324
-72.419
-72.4034
-72.3863
-72.3682
-72.3493
-72.3299
-72.3102
-72.2902
-72.27
-72.2498
-72.2296
-72.2094
-72.1892
-72.1691
-72.1492
-72.1351
-72.1353
-72.1352
-72.1303
-72.1215
-72.1098
-72.0966
-72.0966
-72.102
-72.1028
-72.0984
-72.0902
-72.0791
-72.0663
-72.0521
-72.037
-72.0214
-72.0053
-71.9889
-71.9724
-71.9557
-71.939
-71.9222
-71.9055
-71.8889
-71.8723
-71.8558
-71.8395
-71.8232
-71.8071
-71.7911
-71.7753
-71.7596
-71.7441
-71.7288
-71.7136
-71.6985
-71.6837
-71.6689
-71.6544
-71.64
-71.6258
-71.6117
-71.5979
-71.5841
-71.5705
-71.5571
-71.5439
-71.5308
-71.5178
-71.5051
-71.4924
-71.48
-71.4676
-71.4555
-71.4434
-71.4315
-71.4198
-71.4082
-71.3968
-71.3855
-71.3743
-71.3633
-71.3524
-71.3416
-71.331
-71.3205
-71.3102
-71.3
-71.2899
-71.2799
-71.2701
-71.2604
-71.2508
-71.2414
-71.232
-71.2228
-71.2137
-71.2048
-71.1959
-71.1871
-71.1785
-71.17
-71.1616
-71.1533
-71.1451
-71.137
-71.129
-71.1211
-71.1133
-71.1057
-71.0981
-71.0906
-71.0832
-71.076
-71.0688
-71.0617
-71.0547
-71.0478
-71.041
-71.0343
-71.0276
-71.0211
-71.0146
-71.0083
-71.002
-70.9958
-70.9897
-70.9837
-70.9777
-70.9719
-70.9661
-70.9604
-70.9547
-70.9492
-70.9437
-70.9383
-70.933
-70.9277
-70.9226
-70.9175
-70.9124
-70.9075
-70.9026
-70.8977
-70.893
-70.8883
-70.8837
-70.8791
-70.8746
-70.8702
-70.8658
-70.8615
-70.8573
-70.8531
-70.849
-70.8449
-70.8409
-70.8369
-70.833
-70.8292
-70.8254
-70.8217
-70.8181
-70.8144
-70.8109
-70.8074
-70.8039
-70.8005
-70.7972
-70.7939
-70.7906
-70.7874
-70.7842
-70.7811
-70.7781
-70.7751
-70.7721
-70.7692
-70.7663
-70.7635
-70.7607
-70.7579
-70.7552
-70.7526
-70.7499
-70.7474
-70.7448
-70.7423
-70.7399
-70.7374
-70.7351
-70.7327
-70.7304
-70.7281
-70.7259
-70.7237
-70.7215
-70.7194
-70.7173
-70.7153
-70.7132
-70.7113
-70.7093
-70.7074
-70.7055
-70.7036
-70.7018
-70.7
-70.6982
-70.6965
-70.6948
-70.6931
-70.6915
-70.6899
-70.6883
-70.6867
-70.6852
-70.6837
-70.6822
-70.6807
-70.6793
-70.6779
-70.6765
-70.6751
-70.6738
-70.6725
-70.6712
-70.67
-70.6687
-70.6675
-70.6663
-70.6652
-70.664
-70.6629
-70.6618
-70.6607
-70.6597
-70.6586
-70.6576
-70.6566
-70.6557
-70.6547
-70.6538
-70.6528
-70.6519
-70.6511
-70.6502
-70.6493
-70.6485
-70.6477
-70.6469
-70.6461
-70.6454
-70.6446
-70.6439
-70.6432
-70.6425
-70.6418
-70.6412
-70.6405
-70.6399
-70.6392
-70.6386
-70.638
-70.6375
-70.6369
-70.6364
-70.6358
-70.6353
-70.6348
-70.6343
-70.6338
-70.6333
-70.6329
-70.6324
-70.632
-70.6316
-70.6311
-70.6307
-70.6304
-70.63
-70.6296
-70.6292
-70.6289
-70.6286
-70.6282
-70.6279
-70.6276
-70.6273
-70.627
-70.6267
-70.6265
-70.6262
-70.626
-70.6257
-70.6255
-70.6253
-70.625
-70.6248
-70.6246
-70.6244
-70.6242
-70.6241
-70.6239
-70.6237
-70.6236
-70.6234
-70.6233
-70.6232
-70.623
-70.6229
-70.6228
-70.6227
-70.6226
-70.6225
-70.6224
-70.6223
-70.6222
-70.6222
-70.6221
-70.6221
-70.622
-70.6219
-70.6219
-70.6219
-70.6218
-70.6218
-70.6218
-70.6218
-70.6218
-70.6217
-70.6217
-70.6217
-70.6217
-70.6218
-70.6218
-70.6218
-70.6218
-70.6218
-70.6219
-70.6219
-70.6219
-70.622
-70.622
-70.6221
-70.6221
-70.6222
-70.6222
-70.6223
-70.6224
-70.6224
-70.6225
-70.6226
-70.6227
-70.6227
-70.6228
-70.6229
-70.623
-70.6231
-70.6232
-70.6233
-70.6234
-70.6235
-70.6236
-70.6237
-70.6238
-70.6239
-70.624
-70.6241
-70.6242
-70.6244
-70.6245
-70.6246
-70.6247
-70.6248
-70.625
-70.6251
-70.6252
-70.6254
-70.6255
-70.6256
-70.6258
-70.6259
-70.626
-70.6262
-70.6263
-70.6265
-70.6266
-70.6268
-70.6269
-70.6271
-70.6272
-70.6274
-70.6275
-70.6277
-70.6278
-70.628
-70.6281
-70.6283
-70.6284
-70.6286
-70.6287
-70.6289
-70.6291
-70.6292
-70.6294
-70.6295
-70.6297
-70.6299
-70.63
-70.6302
-70.6304
-70.6305
-70.6307
-70.6308
-70.631
-70.6312
-70.6313
-70.6315
-70.6317
-70.6318
-70.632
-70.6322
-70.6323
-70.6325
-70.6327
-70.6328
-70.633
-70.6332
-70.6333
-70.6335
-70.6337
-70.6339
-70.634
-70.6342
-70.6344
-70.6345
-70.6347
-70.6349
-70.635
-70.6352
-70.6354
-70.6355
-70.6357
-70.6359
-70.636
-70.6362
-70.6364
-70.6365
-70.6367
-70.6369
-70.637
-70.6372
-70.6373
-70.6375
-70.6377
-70.6378
-70.638
-70.6382
-70.6383
-70.6385
-70.6386
-70.6388
-70.639
-70.6391
-70.6393
-70.6394
-70.6396
-70.6398
-70.6399
-70.6401
-70.6402
-70.6404
-70.6405
-70.6407
-70.6409
-70.641
-70.6412
-70.6413
-70.6415
-70.6416
-70.6418
-70.6419
-70.6421
-70.6422
-70.6424
-70.6425
-70.6427
-70.6428
-70.643
-70.6431
-70.6433
-70.6434
-70.6436
-70.6437
-70.6438
-70.644
-70.6441
-70.6443
-70.6444
-70.6446
-70.6447
-70.6448
-70.645
-70.6451
-70.6453
-70.6454
-70.6455
-70.6457

