-70
-70.2123
-70.2926
-70.3252
-70.3404
-70.3491
-70.3555
-70.3609
-70.3659
-70.3708
-70.3757
-70.3805
-70.3853
-70.39
-70.3948
-70.3995
-70.4042
-70.4088
-70.4134
-70.4179
-70.4224
-70.4269
-70.4313
-70.4357
-70.44
-70.4443
-70.4485
-70.4527
-70.4569
-70.461
-70.465
-70.469
-70.473
-70.4769
-70.4808
-70.4846
-70.4884
-70.4921
-70.4958
-70.4995
-70.5031
-70.5067
-70.5102
-70.5137
-70.5172
-70.5206
-70.524
-70.5273
-70.5306
-70.5339
-70.5371
-70.5403
-70.5434
-70.5465
-70.5496
-70.5526
-70.5556
-70.5586
-70.5615
-70.5644
-70.5673
-70.5701
-70.5729
-70.5757
-70.5784
-70.5811
-70.5838
-70.5864
-70.589
-70.5916
-70.5941
-70.5966
-70.5991
-70.6016
-70.604
-70.6064
-70.6087
-70.6111
-70.6134
-70.6157
-70.6179
-70.6201
-70.6223
-70.6245
-70.6266
-70.6287
-70.6308
-70.6329
-70.6349
-70.6369
-70.6389
-70.6409
-70.6428
-70.6448
-70.6466
-70.6485
-70.6503
-70.6522
-70.654
-70.6557
-70.6575
-70.6592
-70.6609
-70.6626
-70.6643
-70.6659
-70.6675
-70.6691
-70.6707
-70.6723
-70.6738
-70.6754
-70.6769
-70.6783
-70.6798
-70.6812
-70.6827
-70.6841
-70.6855
-70.6868
-70.6882
-70.6895
-70.6908
-70.6921
-70.6934
-70.6947
-70.6959
-70.6972
-70.6984
-70.6996
-70.7008
-70.702
-70.7031
-70.7042
-70.7054
-70.7065
-70.7076
-70.7087
-70.7097
-70.7108
-70.7118
-70.7128
-70.7138
-70.7148
-70.7158
-70.7168
-70.7177
-70.7187
-70.7196
-70.7205
-70.7214
-70.7223
-70.7232
-70.7241
-70.7249
-70.7258
-70.7266
-70.7274
-70.7282
-70.729
-70.7298
-70.7306
-70.7314
-70.7321
-70.7329
-70.7336
-70.7343
-70.735
-70.7357
-70.7364
-70.7371
-70.7378
-70.7384
-70.7391
-70.7397
-70.7404
-70.741
-70.7416
-70.7422
-70.7428
-70.7434
-70.744
-70.7446
-70.7451
-70.7457
-70.7462
-70.7468
-70.7473
-70.7478
-70.7484
-70.7489
-70.7494
-70.7499
-70.7504
-70.7508
-70.7513
-70.7518
-70.7522
-70.7527
-70.7531
-70.7536
-70.754
-70.7544
-70.7549
-70.7553
-70.7557
-70.7561
-70.7565
-70.7569
-70.7573
-70.7576
-70.758
-70.7584
-70.7587
-70.7591
-70.7594
-70.7598
-70.7601
-70.7605
-70.7608
-70.7611
-70.7614
-70.7617
-70.7621
-70.7624
-70.7627
-70.763
-70.7632
-70.7635
-70.7638
-70.7641
-70.7644
-70.7646
-70.7649
-70.7651
-70.7654
-70.7656
-70.7659
-70.7661
-70.7664
-70.7666
-70.7668
-70.7671
-70.7673
-70.7675
-70.7677
-70.7679
-70.7681
-70.7684
-70.7686
-70.7688
-70.769
-70.7691
-70.7693
-70.7695
-70.7697
-70.7699
-70.7701
-70.7702
-70.7704
-70.7706
-70.7707
-70.7709
-70.7711
-70.7712
-70.7714
-70.7715
-70.7717
-70.7718
-70.772
-70.7721
-70.7722
-70.7724
-70.7725
-70.7726
-70.7728
-70.7729
-70.773
-70.7731
-70.7733
-70.7734
-70.7735
-70.7736
-70.7737
-70.7738
-70.7739
-70.774
-70.7741
-70.7742
-70.7743
-70.7744
-70.7745
-70.7746
-70.7747
-70.7748
-70.7749
-70.775
-70.7751
-70.7751
-70.7752
-70.7753
-70.7754
-70.7755
-70.7755
-70.7756
-70.7757
-70.7758
-70.7758
-70.7759
-70.776
-70.776
-70.7761
-70.7762
-70.7762
-70.7763
-70.7763
-70.7764
-70.7765
-70.7765
-70.7766
-70.7766
-70.7767
-70.7767
-70.7768
-70.7768
-70.7769
-70.7769
-70.777
-70.777
-70.7771
-70.7771
-70.7771
-70.7772
-70.7772
-70.7773
-70.7773
-70.7773
-70.7774
-70.7774
-70.7774
-70.7775
-70.7775
-70.7775
-70.7776
-70.7776
-70.7776
-70.7777
-70.7777
-70.7777
-70.7777
-70.7778
-70.7778
-70.7778
-70.7778
-70.7779
-70.7779
-70.7779
-70.7779
-70.778
-70.778
-70.778
-70.778
-70.778
-70.7781
-70.7781
-70.7781
-70.7781
-70.7781
-70.7781
-70.7782
-70.7782
-70.7782
-70.7782
-70.7782
-70.7782
-70.7782
-70.7783
-70.7783
-70.7783
-70.7783
-70.7783
-70.7783
-70.7783
-70.7783
-70.7783
-70.7783
-70.7784
-70.7784
-70.7784
-70.7784
-70.7784
-70.7784
-70.7784
-70.7784
-70.7784
-70.7784
-70.7784
-70.7784
-70.7784
-70.7784
-70.7784
-70.7784
-70.7784
-70.7784
-70.7784
-70.7785
-70.7785
-70.7785
-70.7785
-70.7785
-70.7785
-70.7785
-70.7785
-70.7785
-70.7785
-70.7785
-70.7785
-70.7785
-70.7785
-70.7785
-70.7785
-70.7785
-70.7785
-70.7785
-70.7785
-70.7785
-70.7785
-70.7785
-70.7785
-70.7785
-70.7785
-70.7785
-70.7785
-70.7785
-70.7785
-70.7785
-70.7784
-70.7784
-70.7784
-70.7784
-70.7784
-70.7784
-70.7784
-70.7784
-70.7784
-70.7784
-70.7784
-70.7784
-70.7784
-70.7784
-70.7784
-70.7784
-70.7784
-70.7784
-70.7784
-70.7784
-70.7784
-70.7784
-70.7784
-70.7784
-70.7784
-70.7784
-70.7784
-70.7784
-70.7784
-70.7783
-70.7783
-70.7783
-70.7783
-70.7783
-70.7783
-70.7783
-70.7804
-71.0536
-71.8403
-72.7058
-73.4271
-68.3759
-54.8494
-51.3334
-49.0445
-43.924
1.33588
-40.6633
-70.4029
-69.75
-68.5116
-67.1966
-65.8406
-64.4408
-63.0193
-61.7022
-60.4917
-59.3999
-58.4357
-57.5723
-56.8387
-56.2316
-55.735
-55.3354
-55.009
-54.7395
-54.5283
-54.3731
-54.2606
-54.1799
-54.1221
-54.0808
-54.0429
-54.0112
-53.9913
-53.9801
-53.9746
-53.9727
-53.9732
-53.97
-53.968
-53.9685
-53.9676
-53.9662
-53.967
-53.9695
-53.9728
-53.9741
-53.9732
-53.9739
-53.976
-53.979
-53.9824
-53.9863
-53.9903
-53.9938
-53.9899
-53.9872
-53.9826
-53.9799
-53.9797
-53.9811
-53.9832
-53.9857
-53.9885
-53.9914
-53.9944
-53.9976
-54.0008
-54.0041
-54.0075
-54.011
-54.0146
-54.0118
-53.9985
-53.9915
-53.9888
-53.9882
-53.9882
-53.9882
-53.9876
-53.9858
-53.9822
-53.9735
-53.9613
-53.9398
-53.7636
-53.6003
-53.6637
-53.741
-53.7951
-53.8285
-53.848
-53.859
-53.8652
-53.869
-53.8723
-53.8782
-53.9243
-53.9519
-53.9638
-53.9701
-53.9756
-53.9823
-53.9909
-54.0014
-54.0135
-54.0269
-54.0419
-54.0586
-54.0776
-54.0988
-54.1219
-54.147
-54.1745
-54.2047
-54.2377
-54.2739
-54.3136
-54.3571
-54.4048
-54.4571
-54.5141
-54.5765
-54.6445
-54.7185
-54.7989
-54.8863
-54.9814
-55.0847
-55.1967
-54.6757
-54.0539
-53.9104
-53.9059
-53.937
-53.9737
-54.0082
-54.0392
-54.0671
-54.0929
-54.1174
-54.1412
-54.1649
-54.1892
-54.2143
-54.2405
-54.2683
-54.2979
-54.3298
-54.3641
-54.401
-54.4424
-54.4871
-54.5348
-54.5859
-54.6409
-54.7001
-54.764
-54.833
-54.9076
-54.2419
-53.9686
-53.9179
-53.9299
-53.9565
-53.984
-54.0096
-54.0337
-54.0559
-54.0763
-54.0954
-54.0515
-54.0211
-54.0123
-54.0134
-54.0188
-54.0264
-54.0352
-54.0448
-54.0546
-54.0646
-54.0751
-54.0862
-54.0984
-54.1115
-54.1255
-54.1411
-54.1587
-54.1787
-54.2005
-54.2232
-54.2471
-54.2726
-54.3001
-54.3311
-54.3651
-54.4021
-54.4433
-54.4899
-54.5433
-54.6007
-54.6602
-54.7225
-54.7885
-54.8591
-54.9362
-55.0235
-55.1195
-55.2243
-55.3404
-55.4715
-55.6119
-55.7546
-55.9
-56.0506
-56.2082
-56.3733
-56.5498
-56.749
-56.9645
-54.9395
-53.7159
-53.5242
-53.579
-53.6779
-53.769
-53.8432
-53.9019
-53.9487
-53.9867
-54.0195
-54.0481
-54.074
-54.0992
-54.1239
-54.1477
-54.1712
-54.195
-54.2196
-54.2454
-54.2727
-54.3024
-54.337
-54.3761
-54.4185
-54.4676
-54.5221
-54.5784
-54.6366
-54.6978
-54.7629
-54.8327
-54.9079
-54.9895
-55.0831
-55.1857
-55.3012
-55.4332
-55.5801
-55.7332
-55.8865
-56.0424
-56.2039
-56.3725
-56.5511
-56.7485
-56.956
-56.2912
-53.9864
-53.5327
-53.5296
-53.6245
-53.7239
-53.8072
-53.8734
-53.9258
-53.9684
-54.0037
-54.0343
-54.0628
-54.0894
-54.1141
-54.1377
-54.1609
-54.1845
-54.2089
-54.2345
-54.2618
-54.2927
-54.3265
-54.3643
-54.41
-54.4659
-54.527
-54.5891
-54.6517
-54.7166
-54.7853
-54.8588
-54.9553
-55.1027
-55.3012
-55.5173
-55.7317
-55.9408
-56.1431
-56.3521
-56.5701
-56.858
-57.2398
-57.6899
-58.1556
-58.6102
-59.0224
-59.4125
-59.7935
-60.186
-60.6236
-61.1245
-61.6944
-62.2871
-62.8641
-63.422
-63.939
-64.4275
-64.9009
-65.3647
-65.8364
-66.3252
-66.8417
-67.3616
-67.8626
-68.3383
-68.7771
-69.179
-69.5517
-69.8992
-70.2315
-70.5577
-70.8846
-71.2044
-71.5092
-71.7907
-72.0494
-72.2789
-72.4832
-72.6665
-72.8348
-72.9932
-73.1483
-73.3021
-73.4468
-73.5805
-73.7008
-73.808
-73.901
-73.9808
-74.0498
-74.1119
-74.1714
-74.2304
-74.2902
-74.3461
-74.3973
-74.4431
-74.4823
-74.5156
-74.543
-74.5648
-74.5835
-74.6021
-74.6222
-74.6439
-74.6644
-74.6834
-74.7002
-74.7136
-74.7237
-74.7318
-74.7367
-74.7398
-74.7435
-74.7492
-74.7572
-74.7657
-74.774
-74.781
-74.7858
-74.7882
-74.7889
-74.7889
-74.7877
-74.7856
-74.7843
-74.7866
-74.7902
-74.7939
-74.7976
-74.8006
-74.8012
-74.8001
-74.7983
-74.7965
-74.7951
-74.7929
-74.7919
-74.7932
-74.7941
-74.7955
-74.7973
-74.7985
-74.798
-74.795
-74.7912
-74.7884
-74.7871
-74.7855
-74.7839
-74.7847
-74.7854
-74.7865
-74.7879
-74.7896
-74.7901
-74.7883
-74.7855
-74.7824
-74.7801
-74.7786
-74.7772
-74.7763
-74.7755
-74.7755
-74.776
-74.7765
-74.7771
-74.777
-74.7752
-74.7724
-74.7685
-74.7666
-74.765
-74.7645
-74.7657
-74.7655
-74.7642
-74.7647
-74.7659
-74.7682
-74.7695
-74.769
-74.7667
-74.7634
-74.759
-74.7557
-74.7536
-74.7526
-74.7524
-74.7509
-74.75
-74.7497
-74.7505
-74.7522
-74.7544
-74.7552
-74.7528
-74.7502
-74.7485
-74.7457
-74.7442
-74.7433
-74.7431
-74.741
-74.74
-74.7414
-74.7423
-74.7425
-74.7436
-74.7455
-74.7457
-74.744
-74.7406
-74.7364
-74.7329
-74.7308
-74.7296
-74.7286
-74.7256
-74.7219
-74.7209
-74.7233
-74.7259
-74.7267
-74.7281
-74.7305
-74.7324
-74.7309
-74.728
-74.7259
-74.7237
-74.7221
-74.7228
-74.7209
-74.7173
-74.7125
-74.7096
-74.711
-74.7137
-74.7152
-74.7159
-74.7188
-74.7207
-74.7186
-74.7148
-74.7111
-74.7103
-74.7086
-74.7083
-74.7056
-74.7011
-74.6952
-74.691
-74.689
-74.6898
-74.6934
-74.697
-74.6996
-74.7021
-74.7054
-74.7071
-74.7046
-74.7004
-74.6997
-74.7008
-74.7029
-74.7013
-74.697
-74.6913
-74.6835
-74.6769
-74.673
-74.6744
-74.6786
-74.6813
-74.6826
-74.6838
-74.6851
-74.6887
-74.6909
-74.6887
-74.684
-74.6808
-74.681
-74.6818
-74.6798
-74.6759
-74.6706
-74.6611
-74.6539
-74.6518
-74.6513
-74.6554
-74.6597
-74.6626
-74.6624
-74.6629
-74.6655
-74.669
-74.6723
-74.6727
-74.6714
-74.6703
-74.6723
-74.6732
-74.6702
-74.6648
-74.6574
-74.6478
-74.6402
-74.6357
-74.635
-74.6368
-74.6391
-74.6368
-74.6364
-74.6399
-74.641
-74.6412
-74.6416
-74.6464
-74.6503
-74.6505
-74.6504
-74.6501
-74.6513
-74.6496
-74.6454
-74.6394
-74.6306
-74.6205
-74.6114
-74.6085
-74.6066
-74.6059
-74.6084
-74.6117
-74.6125
-74.6115
-74.6125
-74.6137
-74.6149
-74.6142
-74.6109
-74.6143
-74.6245
-74.6337
-74.6358
-74.6338
-74.6307
-74.6256
-74.6197
-74.6159
-74.6117
-74.6061
-74.5979
-74.5901
-74.5833
-74.5783
-74.5769
-74.5755
-74.5739
-74.5749
-74.5793
-74.584
-74.5875
-74.5867
-74.5822
-74.5793
-74.5794
-74.5816
-74.5903
-74.5975
-74.601
-74.6025
-74.6015
-74.5959
-74.5893
-74.5844
-74.5806
-74.5735
-74.5666
-74.5598
-74.5531
-74.5464
-74.5399
-74.5374
-74.5399
-74.5383
-74.5308
-74.5274
-74.5295
-74.5345
-74.5426
-74.5463
-74.5459
-74.5404
-74.5322
-74.5308
-74.5351
-74.5419
-74.5525
-74.5628
-74.5676
-74.567
-74.5638
-74.5599
-74.555
-74.5519
-74.546
-74.5381
-74.5273
-74.5162
-74.5064
-74.5005
-74.4973
-74.494
-74.4923
-74.4919
-74.4899
-74.4891
-74.4858
-74.4798
-74.4796
-74.4793
-74.4785
-74.4791
-74.4815
-74.4812
-74.4764
-74.4734
-74.4789
-74.4853
-74.4867
-74.4885
-74.4967
-74.5109
-74.5253
-74.5318
-74.5284
-74.5197
-74.5081
-74.4964
-74.486
-74.4766
-74.4662
-74.4539
-74.4429
-74.4339
-74.4255
-74.4204
-74.4193
-74.4215
-74.4258
-74.4279
-74.4294
-74.426
-74.418
-74.4118
-74.4107
-74.4088
-74.4057
-74.4019
-74.3976
-74.3959
-74.3962
-74.3945
-74.3959
-74.404
-74.4139
-74.4178
-74.4212
-74.4233
-74.4274
-74.4334
-74.4373
-74.437
-74.4341
-74.4325
-74.4333
-74.4307
-74.4266
-74.4233
-74.4172
-74.4046
-74.3892
-74.3772
-74.3639
-74.3477
-74.3294
-74.3204
-74.3167
-74.3118
-74.311
-74.3134
-74.3137
-74.3168
-74.3187
-74.3151
-74.3137
-74.3187
-74.3228
-74.3243
-74.3206
-74.312
-74.2994
-74.2893
-74.2835
-74.2778
-74.2756
-74.271
-74.2647
-74.27
-74.2838
-74.2987
-74.3127
-74.3209
-74.3258
-74.3286
-74.33
-74.3324
-74.337
-74.3404
-74.3406
-74.3378
-74.3328
-74.3271
-74.3193
-74.3064
-74.2968
-74.2886
-74.2818
-74.2805
-74.2816
-74.2775
-74.2666
-74.2538
-74.2417
-74.2253
-74.2058
-74.189
-74.1771
-74.1708
-74.1688
-74.1663
-74.1571
-74.1424
-74.1346
-74.136
-74.1414
-74.1438
-74.1429
-74.1401
-74.1372
-74.1406
-74.1434
-74.1465
-74.1501
-74.1489
-74.1428
-74.1354
-74.1229
-74.1066
-74.0912
-74.0793
-74.0648
-74.053
-74.0443
-74.0375
-74.0278
-74.0147
-74.0042
-73.9985
-74.0117
-74.0354
-74.0617
-74.0889
-74.111
-74.1274
-74.1388
-74.1423
-74.1372
-74.1277
-74.1166
-74.1062
-74.1109
-74.1202
-74.1266
-74.132
-74.1379
-74.1429
-74.1452
-74.1443
-74.136
-74.1272
-74.1183
-74.1091
-74.0992
-74.091
-74.0895
-74.0918
-74.0926
-74.0913
-74.0842
-74.0709
-74.0623
-74.0573
-74.0487
-74.0373
-74.0227
-74.0083
-74.0052
-74.0045
-73.9998
-73.9912
-73.9765
-73.9567
-73.9331
-73.9069
-73.8788
-73.8494
-73.8237
-73.8034
-73.7907
-73.7787
-73.7658
-73.7484
-73.7321
-73.7255
-73.7218
-73.7226
-73.7244
-73.7241
-73.723
-73.7244
-73.7378
-73.7558
-73.7643
-73.7616
-73.7545
-73.745
-73.7374
-73.7386
-73.7366
-73.7271
-73.7177
-73.7126
-73.7079
-73.702
-73.6993
-73.6997
-73.7036
-73.7077
-73.7115
-73.7113
-73.709
-73.7017
-73.6942
-73.6849
-73.676
-73.6628
-73.6448
-73.625
-73.6089
-73.591
-73.5698
-73.5459
-73.5219
-73.5043
-73.5002
-73.5065
-73.5145
-73.5192
-73.5195
-73.518
-73.5133
-73.5038
-73.4961
-73.4851
-73.4696
-73.4571
-73.45
-73.4436
-73.432
-73.4159
-73.4059
-73.4028
-73.3958
-73.3845
-73.3774
-73.3879
-73.4144
-73.4428
-73.4639
-73.472
-73.4694
-73.4592
-73.45
-73.441
-73.4385
-73.4415
-73.4502
-73.4592
-73.4595
-73.4514
-73.4395
-73.4308
-73.4278
-73.432
-73.4305
-73.4253
-73.4208
-73.4114
-73.397
-73.3858
-73.3749
-73.3599
-73.3413
-73.3198
-73.3024
-73.289
-73.273
-73.2537
-73.2371
-73.2253
-73.2109
-73.1928
-73.1738
-73.1621
-73.1501
-73.1343
-73.1152
-73.0938
-73.0708
-73.0466
-73.0245
-73.0117
-72.9989
-72.9827
-72.9637
-72.9426
-72.9201
-72.9045
-72.8952
-72.8835
-72.8681
-72.8499
-72.8297
-72.8082
-72.7859
-72.763
-72.7396
-72.7161
-72.6924
-72.6687
-72.645
-72.6213
-72.5978
-72.5743
-72.551
-72.5279
-72.5128
-72.5086
-72.5155
-72.5223
-72.5222
-72.516
-72.5054
-72.4918
-72.4762
-72.4592
-72.4494
-72.4492
-72.4464
-72.439
-72.4278
-72.4141
-72.3986
-72.3819
-72.3644
-72.3464
-72.328
-72.3093
-72.2905
-72.2716
-72.2527
-72.2338
-72.215
-72.1963
-72.1776
-72.1591
-72.1407
-72.1225
-72.1045
-72.0866
-72.0688
-72.0513
-72.0339
-72.0167
-71.9997
-71.9829
-71.9662
-71.9498
-71.9335
-71.9175
-71.9016
-71.8859
-71.8703
-71.855
-71.8399
-71.8249
-71.8101
-71.7955
-71.7811
-71.7668
-71.7527
-71.7388
-71.7251
-71.7116
-71.6982
-71.6849
-71.6719
-71.659
-71.6463
-71.6337
-71.6213
-71.609
-71.5969
-71.585
-71.5732
-71.5615
-71.55
-71.5387
-71.5275
-71.5164
-71.5055
-71.4947
-71.4841
-71.4736
-71.4632
-71.453
-71.4429
-71.4329
-71.4231
-71.4134
-71.4038
-71.3944
-71.385
-71.3758
-71.3668
-71.3578
-71.349
-71.3402
-71.3316
-71.3231
-71.3148
-71.3065
-71.2984
-71.2903
-71.2824
-71.2746
-71.2669
-71.2593
-71.2518
-71.2444
-71.2371
-71.2299
-71.2228
-71.2158
-71.2089
-71.2021
-71.1954
-71.1887
-71.1822
-71.1758
-71.1694
-71.1631
-71.157
-71.1509
-71.1449
-71.1389
-71.1331
-71.1273
-71.1216
-71.116
-71.1105
-71.1051
-71.0997
-71.0944
-71.0892
-71.084
-71.079
-71.074
-71.069
-71.0642
-71.0594
-71.0547
-71.05
-71.0454
-71.0409
-71.0364
-71.032
-71.0277
-71.0234
-71.0192
-71.0151
-71.011
-71.007
-71.003
-70.9991
-70.9953
-70.9915
-70.9877
-70.984
-70.9804
-70.9768
-70.9733
-70.9698
-70.9664
-70.9631
-70.9597
-70.9565
-70.9532
-70.9501
-70.9469
-70.9439
-70.9408
-70.9379
-70.9349
-70.932
-70.9292
-70.9264
-70.9236
-70.9209
-70.9182
-70.9155
-70.9129
-70.9104
-70.9079
-70.9054
-70.9029
-70.9005
-70.8982
-70.8958
-70.8935
-70.8913
-70.8891
-70.8869
-70.8847
-70.8826
-70.8805
-70.8784
-70.8764
-70.8744
-70.8725
-70.8706
-70.8687
-70.8668
-70.865
-70.8632
-70.8614
-70.8596
-70.8579
-70.8562
-70.8546
-70.8529
-70.8513
-70.8497
-70.8482
-70.8466
-70.8451
-70.8436
-70.8422
-70.8408
-70.8394
-70.838
-70.8366
-70.8353
-70.8339
-70.8327
-70.8314
-70.8301
-70.8289
-70.8277
-70.8265
-70.8253
-70.8242
-70.8231
-70.822
-70.8209
-70.8198
-70.8187
-70.8177
-70.8167
-70.8157
-70.8147
-70.8138
-70.8128
-70.8119
-70.811
-70.8101
-70.8092
-70.8083
-70.8075
-70.8067
-70.8058
-70.805
-70.8043
-70.8035
-70.8027
-70.802
-70.8012
-70.8005
-70.7998
-70.7991
-70.7985
-70.7978
-70.7971
-70.7965
-70.7959
-70.7953
-70.7947
-70.7941
-70.7935
-70.7929
-70.7924
-70.7918
-70.7913
-70.7907
-70.7902
-70.7897
-70.7892
-70.7887
-70.7883
-70.7878
-70.7873
-70.7869
-70.7865
-70.786
-70.7856
-70.7852
-70.7848
-70.7844
-70.784
-70.7836
-70.7833
-70.7829
-70.7825
-70.7822
-70.7819
-70.7815
-70.7812
-70.7809
-70.7806
-70.7803
-70.78
-70.7797
-70.7794
-70.7791
-70.7789
-70.7786
-70.7783
-70.7781
-70.7778
-70.7776
-70.7774
-70.7771
-70.7769
-70.7767
-70.7765
-70.7763
-70.7761
-70.7759
-70.7757
-70.7755
-70.7753
-70.7751
-70.775
-70.7748
-70.7746
-70.7745
-70.7743
-70.7742
-70.774
-70.7739
-70.7737
-70.7736
-70.7735
-70.7733
-70.7732
-70.7731
-70.773
-70.7729
-70.7728
-70.7727
-70.7726
-70.7725
-70.7724
-70.7723
-70.7722
-70.7721
-70.772
-70.7719
-70.7719
-70.7718
-70.7717
-70.7716
-70.7716
-70.7715
-70.7714
-70.7714
-70.7713
-70.7713
-70.7712
-70.7712
-70.7711
-70.7711
-70.771
-70.771
-70.771
-70.7709
-70.7709
-70.7708
-70.7708
-70.7708
-70.7708
-70.7707
-70.7707
-70.7707
-70.7707
-70.7706
-70.7706
-70.7706
-70.7706
-70.7706
-70.7706
-70.7706
-70.7706
-70.7705
-70.7705
-70.7705
-70.7705
-70.7705
-70.7705
-70.7705
-70.7705
-70.7705
-70.7705
-70.7705
-70.7705
-70.7706
-70.7706
-70.7706
-70.7706
-70.7706
-70.7706
-70.7706
-70.7706
-70.7706
-70.7707
-70.7707
-70.7707
-70.7707
-70.7707
-70.7707
-70.7708
-70.7708
-70.7708
-70.7708
-70.7708
-70.7709
-70.7709
-70.7709
-70.7709
-70.771
-70.771
-70.771
-70.771
-70.7711
-70.7711
-70.7711
-70.7711
-70.7712
-70.7712
-70.7712
-70.7712
-70.7713
-70.7713
-70.7713
-70.7714
-70.7714
-70.7714
-70.7715
-70.7715
-70.7715
-70.7716
-70.7716
-70.7716
-70.7717
-70.7717
-70.7717
-70.7717
-70.7718
-70.7718
-70.7718
-70.7719
-70.7719
-70.7719
-70.772
-70.772
-70.7721
-70.7721
-70.7721
-70.7722
-70.7722
-70.7722
-70.7723
-70.7723
-70.7723
-70.7724
-70.7724
-70.7724
-70.7725
-70.7725
-70.7725
-70.7726
-70.7726
-70.7726
-70.7727
-70.7727
-70.7727
-70.7728
-70.7728
-70.7728
-70.7729
-70.7729
-70.7729
-70.773
-70.773
-70.773
-70.7731
-70.7731
-70.7731
-70.7732
-70.7732
-70.7732
-70.7733
-70.7733
-70.7733
-70.7734
-70.7734
-70.7734
-70.7735
-70.7735

