-70
-70.1661
-70.23
-70.2566
-70.2695
-70.2773
-70.283
-70.2879
-70.2925
-70.297
-70.3014
-70.3057
-70.31
-70.3142
-70.3185
-70.3226
-70.3268
-70.3309
-70.335
-70.3391
-70.3431
-70.3471
-70.351
-70.3549
-70.3588
-70.3626
-70.3664
-70.3701
-70.3738
-70.3775
-70.3811
-70.3847
-70.3883
-70.3918
-70.3953
-70.3987
-70.4021
-70.4055
-70.4088
-70.4121
-70.4154
-70.4186
-70.4218
-70.4249
-70.428
-70.4311
-70.4341
-70.4372
-70.4401
-70.4431
-70.446
-70.4489
-70.4517
-70.4545
-70.4573
-70.4601
-70.4628
-70.4655
-70.4682
-70.4708
-70.4734
-70.476
-70.4785
-70.481
-70.4835
-70.486
-70.4884
-70.4908
-70.4932
-70.4955
-70.4978
-70.5001
-70.5024
-70.5046
-70.5068
-70.509
-70.5112
-70.5133
-70.5154
-70.5175
-70.5196
-70.5216
-70.5236
-70.5256
-70.5276
-70.5295
-70.5315
-70.5334
-70.5352
-70.5371
-70.5389
-70.5407
-70.5425
-70.5443
-70.5461
-70.5478
-70.5495
-70.5512
-70.5528
-70.5545
-70.5561
-70.5577
-70.5593
-70.5609
-70.5624
-70.5639
-70.5655
-70.5669
-70.5684
-70.5699
-70.5713
-70.5727
-70.5741
-70.5755
-70.5769
-70.5782
-70.5796
-70.5809
-70.5822
-70.5835
-70.5848
-70.586
-70.5873
-70.5885
-70.5897
-70.5909
-70.5921
-70.5932
-70.5944
-70.5955
-70.5966
-70.5977
-70.5988
-70.5999
-70.601
-70.602
-70.603
-70.6041
-70.6051
-70.6061
-70.6071
-70.608
-70.609
-70.6099
-70.6109
-70.6118
-70.6127
-70.6136
-70.6145
-70.6154
-70.6162
-70.6171
-70.6179
-70.6187
-70.6196
-70.6204
-70.6212
-70.622
-70.6227
-70.6235
-70.6242
-70.625
-70.6257
-70.6265
-70.6272
-70.6279
-70.6286
-70.6293
-70.6299
-70.6306
-70.6313
-70.6319
-70.6325
-70.6332
-70.6338
-70.6344
-70.635
-70.6356
-70.6362
-70.6368
-70.6374
-70.6379
-70.6385
-70.639
-70.6396
-70.6401
-70.6406
-70.6411
-70.6417
-70.6422
-70.6427
-70.6431
-70.6436
-70.6441
-70.6446
-70.645
-70.6455
-70.6459
-70.6464
-70.6468
-70.6472
-70.6476
-70.6481
-70.6485
-70.6489
-70.6493
-70.6497
-70.65
-70.6504
-70.6508
-70.6512
-70.6515
-70.6519
-70.6522
-70.6526
-70.6529
-70.6533
-70.6536
-70.6539
-70.6542
-70.6545
-70.6549
-70.6552
-70.6555
-70.6558
-70.656
-70.6563
-70.6566
-70.6569
-70.6572
-70.6574
-70.6577
-70.658
-70.6582
-70.6585
-70.6587
-70.6589
-70.6592
-70.6594
-70.6597
-70.6599
-70.6601
-70.6603
-70.6605
-70.6607
-70.661
-70.6612
-70.6614
-70.6616
-70.6617
-70.6619
-70.6621
-70.6623
-70.6625
-70.6627
-70.6628
-70.663
-70.6632
-70.6633
-70.6635
-70.6637
-70.6638
-70.664
-70.6641
-70.6643
-70.6644
-70.6646
-70.6647
-70.6648
-70.665
-70.6651
-70.6652
-70.6653
-70.6655
-70.6656
-70.6657
-70.6658
-70.6659
-70.666
-70.6662
-70.6663
-70.6664
-70.6665
-70.6666
-70.6667
-70.6668
-70.6669
-70.667
-70.667
-70.6671
-70.6672
-70.6673
-70.6674
-70.6675
-70.6675
-70.6676
-70.6677
-70.6678
-70.6678
-70.6679
-70.668
-70.668
-70.6681
-70.6682
-70.6682
-70.6683
-70.6683
-70.6684
-70.6685
-70.6685
-70.6686
-70.6686
-70.6687
-70.6687
-70.6688
-70.6688
-70.6688
-70.6689
-70.6689
-70.669
-70.669
-70.669
-70.6691
-70.6691
-70.6691
-70.6692
-70.6692
-70.6692
-70.6693
-70.6693
-70.6693
-70.6694
-70.6694
-70.6694
-70.6694
-70.6694
-70.6695
-70.6695
-70.6695
-70.6695
-70.6695
-70.6696
-70.6696
-70.6696
-70.6696
-70.6696
-70.6696
-70.6696
-70.6697
-70.6697
-70.6697
-70.6697
-70.6697
-70.6697
-70.6697
-70.6697
-70.6697
-70.6697
-70.6697
-70.6697
-70.6697
-70.6697
-70.6697
-70.6697
-70.6697
-70.6697
-70.6697
-70.6697
-70.6697
-70.6697
-70.6697
-70.6697
-70.6697
-70.6697
-70.6697
-70.6697
-70.6697
-70.6697
-70.6697
-70.6697
-70.6697
-70.6697
-70.6697
-70.6696
-70.6696
-70.6696
-70.6696
-70.6696
-70.6696
-70.6696
-70.6696
-70.6696
-70.6695
-70.6695
-70.6695
-70.6695
-70.6695
-70.6695
-70.6695
-70.6695
-70.6694
-70.6694
-70.6694
-70.6694
-70.6694
-70.6694
-70.6693
-70.6693
-70.6693
-70.6693
-70.6693
-70.6693
-70.6693
-70.6692
-70.6692
-70.6692
-70.6692
-70.6692
-70.6691
-70.6691
-70.6691
-70.6691
-70.6691
-70.6691
-70.669
-70.669
-70.669
-70.669
-70.669
-70.6689
-70.6689
-70.6689
-70.6689
-70.6689
-70.6688
-70.6688
-70.6688
-70.6688
-70.6688
-70.6687
-70.6687
-70.6687
-70.6687
-70.6686
-70.6686
-70.6686
-70.6686
-70.6686
-70.6685
-70.6685
-70.6685
-70.6685
-70.6685
-70.6684
-70.6684
-70.6684
-70.6684
-70.6684
-70.6683
-70.6683
-70.6683
-70.6683
-70.6682
-70.6682
-70.6682
-70.6682
-70.6682
-70.6681
-70.6681
-70.6681
-70.6681
-70.6681
-70.6749
-70.9738
-71.6847
-72.5826
-73.3274
-73.8066
-74.0662
-68.6197
-54.7992
-51.3338
-49.4299
-46.9934
-36.6183
-7.15518
-35.6377
-67.061
-68.8835
-67.9068
-66.8602
-65.7926
-64.7223
-63.6686
-62.6488
-61.6778
-60.6763
-59.6347
-58.7674
-58.0101
-57.3417
-56.7539
-56.2418
-55.7647
-55.3507
-55.0079
-54.7223
-54.4858
-54.2918
-54.1257
-53.9743
-53.8544
-53.7613
-53.6893
-53.6338
-53.5917
-53.5586
-53.5174
-53.4859
-53.4652
-53.452
-53.4441
-53.44
-53.4387
-53.4395
-53.4372
-53.4218
-53.4125
-53.4092
-53.4094
-53.4118
-53.4155
-53.42
-53.4251
-53.4308
-53.4368
-53.4433
-53.428
-53.4149
-53.4099
-53.4095
-53.4114
-53.4145
-53.4183
-53.4225
-53.4269
-53.4315
-53.4363
-53.4409
-53.445
-53.4485
-53.4515
-53.4537
-53.4547
-53.4326
-53.4068
-53.3948
-53.3884
-53.3822
-53.3719
-53.3453
-53.1591
-52.7172
-52.7224
-52.8423
-52.958
-53.0453
-53.1054
-53.1453
-53.1726
-53.1933
-53.2117
-53.2304
-53.2518
-53.278
-53.3115
-53.3548
-53.4098
-53.4767
-53.5535
-53.6386
-53.7132
-53.553
-53.4875
-53.4694
-53.4686
-53.4748
-53.4846
-53.4969
-53.5113
-53.5275
-53.5457
-53.5658
-53.588
-53.6124
-53.6392
-53.6685
-53.7007
-53.7359
-53.7745
-53.8166
-53.8626
-53.9128
-53.9674
-54.0268
-54.0913
-54.1613
-54.2371
-54.319
-54.4072
-54.5026
-54.6055
-54.7165
-54.8359
-54.9646
-55.1031
-55.2519
-55.4112
-55.3625
-53.7232
-53.2914
-53.2153
-53.2353
-53.2785
-53.3242
-53.3667
-53.4054
-53.4408
-53.4732
-53.5033
-53.5319
-53.5596
-53.587
-53.6151
-53.6445
-53.6748
-53.7062
-53.7403
-53.7764
-53.8147
-53.8555
-53.8992
-53.9462
-54.0002
-54.0607
-54.1247
-54.1921
-54.2645
-54.3436
-54.4276
-54.5166
-54.6113
-54.7122
-54.8235
-54.948
-55.0826
-55.2229
-55.3694
-55.5256
-55.6956
-55.8726
-56.0556
-56.2459
-54.0524
-53.2107
-53.0578
-53.078
-53.1385
-53.2018
-53.2588
-53.3085
-53.3514
-53.3887
-53.4216
-53.4513
-53.4793
-53.5061
-53.5323
-53.5578
-53.583
-53.6084
-53.6355
-53.6645
-53.6947
-53.7263
-53.7603
-53.7987
-53.84
-53.8863
-53.9358
-53.9878
-54.0429
-54.1017
-54.168
-54.2413
-54.318
-54.3987
-54.4896
-54.5884
-54.6932
-54.8104
-54.9333
-55.0605
-55.1931
-55.332
-55.4825
-55.6504
-55.8235
-56.002
-56.2003
-56.4057
-56.6133
-56.8407
-57.0743
-57.306
-57.5371
-57.7687
-56.1288
-53.3857
-52.8284
-52.7833
-52.8666
-52.9722
-53.0699
-53.1531
-53.2225
-53.2802
-53.3288
-53.3705
-53.4069
-53.4394
-53.4698
-53.4989
-53.5275
-53.556
-53.5841
-53.6121
-53.642
-53.6743
-53.7077
-53.7426
-53.7797
-53.8205
-53.8686
-53.9217
-53.9769
-54.0348
-54.0998
-54.1708
-54.2453
-54.3237
-54.4068
-54.4956
-54.5904
-54.7023
-54.8316
-54.9647
-55.1026
-55.2558
-55.4164
-55.5804
-55.7494
-53.7014
-53.198
-53.1192
-53.1469
-53.1978
-53.2491
-53.2951
-53.3352
-53.3704
-53.4012
-53.4288
-53.4538
-53.4773
-53.5002
-53.5273
-53.5647
-53.6089
-53.6614
-53.7141
-53.7642
-53.8136
-53.8629
-53.9159
-53.9967
-54.1107
-54.241
-54.3781
-54.5137
-54.6416
-54.765
-54.8905
-55.025
-55.1741
-55.3546
-55.5786
-55.8352
-56.1017
-56.3665
-56.6301
-56.8961
-57.1703
-57.4593
-57.7692
-58.1167
-58.5118
-58.945
-59.3921
-59.8397
-60.2852
-60.7296
-61.174
-61.6223
-62.0771
-62.552
-63.066
-63.6188
-64.1763
-64.7207
-65.2457
-65.7475
-66.2262
-66.6844
-67.1243
-67.5546
-67.987
-68.4417
-68.9033
-69.3416
-69.748
-70.125
-70.4684
-70.7821
-71.0673
-71.33
-71.5794
-71.8225
-72.0737
-72.3197
-72.5467
-72.749
-72.9311
-73.0931
-73.2353
-73.362
-73.4751
-73.5799
-73.6797
-73.7841
-73.8882
-73.9818
-74.063
-74.1344
-74.1979
-74.2512
-74.2964
-74.3367
-74.3728
-74.4064
-74.4425
-74.4813
-74.5179
-74.5496
-74.576
-74.5992
-74.6186
-74.6328
-74.6445
-74.6549
-74.6639
-74.6733
-74.6861
-74.6999
-74.7134
-74.724
-74.7318
-74.7384
-74.7434
-74.7458
-74.7473
-74.7482
-74.7485
-74.7505
-74.7551
-74.7599
-74.7655
-74.7703
-74.7721
-74.7725
-74.7723
-74.7716
-74.7711
-74.7694
-74.7678
-74.7676
-74.7686
-74.7706
-74.7723
-74.7754
-74.7769
-74.7759
-74.7739
-74.7716
-74.7703
-74.769
-74.7666
-74.7654
-74.7656
-74.7664
-74.7664
-74.7661
-74.7672
-74.7676
-74.7661
-74.7638
-74.762
-74.7604
-74.7584
-74.7569
-74.7566
-74.7565
-74.7572
-74.7577
-74.7576
-74.7568
-74.7565
-74.7552
-74.7535
-74.7525
-74.7504
-74.7483
-74.7448
-74.7439
-74.7447
-74.7438
-74.7434
-74.7438
-74.7444
-74.7436
-74.7417
-74.7404
-74.7391
-74.7394
-74.7394
-74.7369
-74.7335
-74.7329
-74.7328
-74.7332
-74.7323
-74.7306
-74.73
-74.7308
-74.7309
-74.729
-74.7284
-74.7267
-74.7261
-74.7263
-74.7225
-74.7188
-74.7195
-74.7186
-74.7178
-74.7172
-74.7152
-74.7124
-74.7114
-74.7116
-74.7125
-74.7118
-74.7125
-74.713
-74.7133
-74.713
-74.7108
-74.7097
-74.7085
-74.7081
-74.7063
-74.7029
-74.7002
-74.6979
-74.6973
-74.6963
-74.6963
-74.6957
-74.6951
-74.6971
-74.6965
-74.6942
-74.6956
-74.6982
-74.698
-74.6945
-74.692
-74.6895
-74.6837
-74.6785
-74.6765
-74.6778
-74.6766
-74.6757
-74.6745
-74.674
-74.6762
-74.6795
-74.6789
-74.6789
-74.6851
-74.6901
-74.6893
-74.6839
-74.6774
-74.6724
-74.6678
-74.662
-74.6581
-74.6588
-74.6597
-74.6576
-74.6553
-74.6549
-74.6543
-74.6529
-74.6537
-74.6557
-74.6604
-74.6693
-74.6742
-74.6741
-74.669
-74.6615
-74.652
-74.6455
-74.6412
-74.6357
-74.6323
-74.6325
-74.6328
-74.6334
-74.6354
-74.6336
-74.6286
-74.6259
-74.6275
-74.6323
-74.6404
-74.6474
-74.6544
-74.6576
-74.6559
-74.6513
-74.6438
-74.6342
-74.6238
-74.6158
-74.6124
-74.609
-74.6068
-74.6065
-74.6101
-74.6121
-74.6111
-74.6093
-74.6058
-74.603
-74.6028
-74.6088
-74.616
-74.6214
-74.6234
-74.625
-74.6274
-74.6271
-74.6235
-74.6157
-74.6054
-74.594
-74.5843
-74.5768
-74.5754
-74.5762
-74.5785
-74.5795
-74.5778
-74.5797
-74.581
-74.5798
-74.5752
-74.575
-74.5796
-74.5848
-74.5859
-74.5852
-74.5872
-74.589
-74.5897
-74.5917
-74.5922
-74.5883
-74.584
-74.576
-74.5654
-74.5571
-74.5505
-74.5462
-74.5462
-74.5475
-74.5502
-74.5526
-74.5505
-74.5473
-74.5435
-74.543
-74.5436
-74.5477
-74.5538
-74.5585
-74.5598
-74.5566
-74.5513
-74.5467
-74.5436
-74.5406
-74.5393
-74.5395
-74.5407
-74.5385
-74.533
-74.5271
-74.5236
-74.52
-74.5143
-74.5122
-74.5083
-74.5028
-74.5031
-74.5061
-74.507
-74.5045
-74.4984
-74.4912
-74.4895
-74.4954
-74.5037
-74.5122
-74.5189
-74.5213
-74.5185
-74.512
-74.5038
-74.494
-74.4866
-74.484
-74.4816
-74.4763
-74.4685
-74.4633
-74.4638
-74.4654
-74.4661
-74.4684
-74.4709
-74.4716
-74.4671
-74.4611
-74.4539
-74.4455
-74.4399
-74.4379
-74.4405
-74.4396
-74.4386
-74.4401
-74.4441
-74.4509
-74.4577
-74.4622
-74.4673
-74.4687
-74.4666
-74.4652
-74.4634
-74.461
-74.4532
-74.4444
-74.4369
-74.4287
-74.4211
-74.4116
-74.4019
-74.3943
-74.3901
-74.3846
-74.386
-74.3879
-74.3873
-74.3919
-74.3994
-74.4029
-74.4014
-74.3977
-74.3954
-74.3888
-74.3788
-74.3661
-74.3553
-74.3501
-74.3486
-74.3496
-74.3497
-74.3534
-74.3627
-74.3728
-74.3834
-74.3871
-74.3884
-74.3878
-74.3894
-74.3882
-74.3791
-74.3647
-74.3549
-74.3522
-74.3516
-74.3514
-74.3476
-74.3408
-74.3352
-74.328
-74.3202
-74.3106
-74.2998
-74.2872
-74.2818
-74.2847
-74.2838
-74.2816
-74.2787
-74.2753
-74.2771
-74.2822
-74.284
-74.2858
-74.2837
-74.2787
-74.2739
-74.269
-74.2607
-74.2505
-74.2371
-74.2259
-74.2165
-74.213
-74.2098
-74.2092
-74.2101
-74.221
-74.2348
-74.2451
-74.248
-74.2464
-74.2436
-74.2414
-74.2411
-74.2441
-74.244
-74.2389
-74.2377
-74.2424
-74.2461
-74.2432
-74.232
-74.2146
-74.1953
-74.1805
-74.1733
-74.1713
-74.1732
-74.1769
-74.1771
-74.1716
-74.163
-74.1589
-74.1527
-74.1431
-74.1368
-74.1338
-74.1287
-74.1244
-74.1201
-74.12
-74.1219
-74.1243
-74.1234
-74.1181
-74.1105
-74.1015
-74.0943
-74.0885
-74.0909
-74.0939
-74.0906
-74.0841
-74.0736
-74.0606
-74.049
-74.0392
-74.0335
-74.0225
-74.017
-74.0154
-74.0082
-73.9975
-73.9849
-73.9836
-73.9896
-73.9967
-74.0084
-74.0188
-74.0267
-74.0297
-74.0292
-74.0313
-74.0328
-74.0295
-74.0188
-74.0043
-74.003
-74.0175
-74.03
-74.0309
-74.023
-74.0118
-73.9966
-73.9826
-73.977
-73.9757
-73.9786
-73.9806
-73.9794
-73.9764
-73.9779
-73.9887
-73.9954
-73.9934
-73.9879
-73.9843
-73.9801
-73.9709
-73.9555
-73.9351
-73.9115
-73.8931
-73.8822
-73.8762
-73.8763
-73.8783
-73.8781
-73.8746
-73.8646
-73.8492
-73.8342
-73.8189
-73.8097
-73.8087
-73.8062
-73.8011
-73.7939
-73.7903
-73.7943
-73.7994
-73.7959
-73.7891
-73.7889
-73.7889
-73.7971
-73.8012
-73.8056
-73.8056
-73.7998
-73.7939
-73.7869
-73.7792
-73.7687
-73.7581
-73.7456
-73.7416
-73.7417
-73.739
-73.7342
-73.73
-73.7257
-73.716
-73.7056
-73.6932
-73.682
-73.6714
-73.6612
-73.6465
-73.6271
-73.6042
-73.5787
-73.5515
-73.5279
-73.5154
-73.5102
-73.5106
-73.5054
-73.495
-73.4862
-73.4808
-73.4784
-73.4738
-73.4679
-73.4608
-73.4493
-73.4444
-73.4424
-73.4359
-73.4304
-73.421
-73.4062
-73.387
-73.3715
-73.367
-73.3599
-73.3525
-73.3451
-73.3327
-73.3155
-73.2965
-73.285
-73.2808
-73.2737
-73.2639
-73.2571
-73.2507
-73.2464
-73.2391
-73.236
-73.2379
-73.2425
-73.2544
-73.2719
-73.2894
-73.2972
-73.2948
-73.2849
-73.2698
-73.2511
-73.2299
-73.2069
-73.1825
-73.1571
-73.1386
-73.1288
-73.1244
-73.1165
-73.1127
-73.1149
-73.1162
-73.1152
-73.1234
-73.1305
-73.1294
-73.1208
-73.1069
-73.092
-73.0839
-73.0742
-73.0601
-73.0425
-73.0222
-73
-72.9766
-72.9522
-72.9272
-72.9017
-72.8759
-72.853
-72.8406
-72.8286
-72.8132
-72.7948
-72.7743
-72.7524
-72.7295
-72.7059
-72.6828
-72.6712
-72.6631
-72.6516
-72.6367
-72.619
-72.5996
-72.5789
-72.5574
-72.5354
-72.5131
-72.4905
-72.4678
-72.4501
-72.4445
-72.4385
-72.4285
-72.4151
-72.4018
-72.4006
-72.3998
-72.3941
-72.384
-72.3709
-72.3672
-72.3692
-72.367
-72.3598
-72.3487
-72.335
-72.3195
-72.3026
-72.2849
-72.2666
-72.2479
-72.2289
-72.2097
-72.1904
-72.171
-72.1517
-72.1324
-72.1131
-72.094
-72.0749
-72.056
-72.0373
-72.0187
-72.0002
-71.9819
-71.9638
-71.9459
-71.9281
-71.9105
-71.8931
-71.8759
-71.8589
-71.842
-71.8254
-71.8089
-71.7926
-71.7765
-71.7606
-71.7449
-71.7293
-71.714
-71.6988
-71.6838
-71.6689
-71.6543
-71.6398
-71.6255
-71.6113
-71.5974
-71.5835
-71.5699
-71.5564
-71.5431
-71.53
-71.517
-71.5042
-71.4915
-71.479
-71.4666
-71.4544
-71.4423
-71.4304
-71.4186
-71.407
-71.3955
-71.3842
-71.373
-71.3619
-71.351
-71.3402
-71.3296
-71.3191
-71.3087
-71.2985
-71.2884
-71.2784
-71.2686
-71.2589
-71.2493
-71.2398
-71.2304
-71.2212
-71.2121
-71.2031
-71.1942
-71.1855
-71.1768
-71.1683
-71.1599
-71.1515
-71.1433
-71.1352
-71.1272
-71.1193
-71.1116
-71.1039
-71.0963
-71.0888
-71.0814
-71.0741
-71.0669
-71.0598
-71.0528
-71.0459
-71.0391
-71.0324
-71.0258
-71.0192
-71.0128
-71.0064
-71.0001
-70.9939
-70.9878
-70.9818
-70.9758
-70.9699
-70.9642
-70.9584
-70.9528
-70.9473
-70.9418
-70.9364
-70.9311
-70.9258
-70.9206
-70.9155
-70.9105
-70.9055
-70.9006
-70.8958
-70.891
-70.8863
-70.8817
-70.8772
-70.8727
-70.8682
-70.8639
-70.8596
-70.8553
-70.8511
-70.847
-70.843
-70.839
-70.835
-70.8311
-70.8273
-70.8235
-70.8198
-70.8161
-70.8125
-70.809
-70.8055
-70.802
-70.7986
-70.7953
-70.792
-70.7887
-70.7855
-70.7824
-70.7793
-70.7762
-70.7732
-70.7702
-70.7673
-70.7645
-70.7616
-70.7588
-70.7561
-70.7534
-70.7507
-70.7481
-70.7456
-70.743
-70.7405
-70.7381
-70.7357
-70.7333
-70.7309
-70.7286
-70.7264
-70.7242
-70.722
-70.7198
-70.7177
-70.7156
-70.7136
-70.7115
-70.7096
-70.7076
-70.7057
-70.7038
-70.702
-70.7001
-70.6984
-70.6966
-70.6949
-70.6932
-70.6915
-70.6899
-70.6882
-70.6867
-70.6851
-70.6836
-70.6821
-70.6806
-70.6791
-70.6777
-70.6763
-70.675
-70.6736
-70.6723
-70.671
-70.6697
-70.6685
-70.6672
-70.666
-70.6649
-70.6637
-70.6626
-70.6615
-70.6604
-70.6593
-70.6582
-70.6572
-70.6562
-70.6552
-70.6542
-70.6533
-70.6524
-70.6515
-70.6506
-70.6497
-70.6488
-70.648
-70.6472
-70.6464
-70.6456
-70.6448
-70.6441
-70.6433
-70.6426
-70.6419
-70.6412
-70.6405
-70.6399
-70.6392
-70.6386
-70.638
-70.6374
-70.6368
-70.6362
-70.6357
-70.6352
-70.6346
-70.6341
-70.6336
-70.6331
-70.6326
-70.6322
-70.6317
-70.6313
-70.6308
-70.6304
-70.63
-70.6296
-70.6292
-70.6289
-70.6285
-70.6282
-70.6278
-70.6275
-70.6272
-70.6269
-70.6266
-70.6263
-70.626
-70.6257
-70.6254
-70.6252
-70.6249
-70.6247
-70.6245
-70.6243
-70.6241
-70.6238
-70.6237
-70.6235
-70.6233
-70.6231
-70.623
-70.6228
-70.6226
-70.6225
-70.6224
-70.6222
-70.6221
-70.622
-70.6219
-70.6218
-70.6217
-70.6216
-70.6215
-70.6215
-70.6214
-70.6213
-70.6213
-70.6212
-70.6212
-70.6211
-70.6211
-70.6211
-70.621
-70.621
-70.621
-70.621
-70.621
-70.621
-70.621
-70.621
-70.621
-70.621
-70.621
-70.621
-70.6211
-70.6211
-70.6211
-70.6212
-70.6212
-70.6213
-70.6213
-70.6214
-70.6214
-70.6215
-70.6216
-70.6216
-70.6217
-70.6218
-70.6218
-70.6219
-70.622
-70.6221
-70.6222
-70.6223
-70.6224
-70.6225
-70.6226
-70.6227
-70.6228
-70.6229
-70.623
-70.6231
-70.6232
-70.6233
-70.6234
-70.6235
-70.6237
-70.6238
-70.6239
-70.624
-70.6242
-70.6243
-70.6244
-70.6246
-70.6247
-70.6248
-70.625
-70.6251
-70.6252
-70.6254
-70.6255
-70.6257
-70.6258
-70.626
-70.6261
-70.6263
-70.6264
-70.6266
-70.6267
-70.6269
-70.627
-70.6272
-70.6273
-70.6275
-70.6277
-70.6278
-70.628
-70.6281
-70.6283
-70.6285
-70.6286
-70.6288
-70.629
-70.6291
-70.6293
-70.6295
-70.6296
-70.6298
-70.63
-70.6301
-70.6303
-70.6305
-70.6306
-70.6308
-70.631
-70.6311
-70.6313
-70.6315
-70.6316
-70.6318
-70.632
-70.6322
-70.6323
-70.6325
-70.6327
-70.6328
-70.633
-70.6332
-70.6333
-70.6335
-70.6337
-70.6339
-70.634
-70.6342
-70.6344
-70.6345
-70.6347
-70.6349
-70.635
-70.6352
-70.6354
-70.6356
-70.6357
-70.6359
-70.6361
-70.6362
-70.6364
-70.6366
-70.6367
-70.6369
-70.6371
-70.6372
-70.6374
-70.6376
-70.6377
-70.6379
-70.6381
-70.6382
-70.6384
-70.6386
-70.6387
-70.6389
-70.639
-70.6392
-70.6394
-70.6395
-70.6397
-70.6398
-70.64
-70.6402
-70.6403
-70.6405
-70.6406
-70.6408
-70.6409
-70.6411
-70.6413
-70.6414
-70.6416
-70.6417
-70.6419
-70.642
-70.6422
-70.6423
-70.6425
-70.6426
-70.6428
-70.6429
-70.6431
-70.6432
-70.6434
-70.6435
-70.6437
-70.6438
-70.644
-70.6441

