-70
-70.2123
-70.2926
-70.3252
-70.3404
-70.3491
-70.3555
-70.3609
-70.3659
-70.3708
-70.3757
-70.3805
-70.3853
-70.39
-70.3948
-70.3995
-70.4042
-70.4088
-70.4134
-70.4179
-70.4224
-70.4269
-70.4313
-70.4357
-70.44
-70.4443
-70.4485
-70.4527
-70.4569
-70.461
-70.465
-70.469
-70.473
-70.4769
-70.4808
-70.4846
-70.4884
-70.4921
-70.4958
-70.4995
-70.5031
-70.5067
-70.5102
-70.5137
-70.5172
-70.5206
-70.524
-70.5273
-70.5306
-70.5339
-70.5371
-70.5403
-70.5434
-70.5465
-70.5496
-70.5526
-70.5556
-70.5586
-70.5615
-70.5644
-70.5673
-70.5701
-70.5729
-70.5757
-70.5784
-70.5811
-70.5838
-70.5864
-70.589
-70.5916
-70.5941
-70.5966
-70.5991
-70.6016
-70.604
-70.6064
-70.6087
-70.6111
-70.6134
-70.6157
-70.6179
-70.6201
-70.6223
-70.6245
-70.6266
-70.6287
-70.6308
-70.6329
-70.6349
-70.6369
-70.6389
-70.6409
-70.6428
-70.6448
-70.6466
-70.6485
-70.6503
-70.6522
-70.654
-70.6557
-70.6575
-70.6592
-70.6609
-70.6626
-70.6643
-70.6659
-70.6675
-70.6691
-70.6707
-70.6723
-70.6738
-70.6754
-70.6769
-70.6783
-70.6798
-70.6812
-70.6827
-70.6841
-70.6855
-70.6868
-70.6882
-70.6895
-70.6908
-70.6921
-70.6934
-70.6947
-70.6959
-70.6972
-70.6984
-70.6996
-70.7008
-70.702
-70.7031
-70.7042
-70.7054
-70.7065
-70.7076
-70.7087
-70.7097
-70.7108
-70.7118
-70.7128
-70.7138
-70.7148
-70.7158
-70.7168
-70.7177
-70.7187
-70.7196
-70.7205
-70.7214
-70.7223
-70.7232
-70.7241
-70.7249
-70.7258
-70.7266
-70.7274
-70.7282
-70.729
-70.7298
-70.7306
-70.7314
-70.7321
-70.7329
-70.7336
-70.7343
-70.735
-70.7357
-70.7364
-70.7371
-70.7378
-70.7384
-70.7391
-70.7397
-70.7404
-70.741
-70.7416
-70.7422
-70.7428
-70.7434
-70.744
-70.7446
-70.7451
-70.7457
-70.7462
-70.7468
-70.7473
-70.7478
-70.7484
-70.7489
-70.7494
-70.7499
-70.7504
-70.7508
-70.7513
-70.7518
-70.7522
-70.7527
-70.7531
-70.7536
-70.754
-70.7544
-70.7549
-70.7553
-70.7557
-70.7561
-70.7565
-70.7569
-70.7573
-70.7576
-70.758
-70.7584
-70.7587
-70.7591
-70.7594
-70.7598
-70.7601
-70.7605
-70.7608
-70.7611
-70.7614
-70.7617
-70.7621
-70.7624
-70.7627
-70.763
-70.7632
-70.7635
-70.7638
-70.7641
-70.7644
-70.7646
-70.7649
-70.7651
-70.7654
-70.7656
-70.7659
-70.7661
-70.7664
-70.7666
-70.7668
-70.7671
-70.7673
-70.7675
-70.7677
-70.7679
-70.7681
-70.7684
-70.7686
-70.7688
-70.769
-70.7691
-70.7693
-70.7695
-70.7697
-70.7699
-70.7701
-70.7702
-70.7704
-70.7706
-70.7707
-70.7709
-70.7711
-70.7712
-70.7714
-70.7715
-70.7717
-70.7718
-70.772
-70.7721
-70.7722
-70.7724
-70.7725
-70.7726
-70.7728
-70.7729
-70.773
-70.7731
-70.7733
-70.7734
-70.7735
-70.7736
-70.7737
-70.7738
-70.7739
-70.774
-70.7741
-70.7742
-70.7743
-70.7744
-70.7745
-70.7746
-70.7747
-70.7748
-70.7749
-70.775
-70.7751
-70.7751
-70.7752
-70.7753
-70.7754
-70.7755
-70.7755
-70.7756
-70.7757
-70.7758
-70.7758
-70.7759
-70.776
-70.776
-70.7761
-70.7762
-70.7762
-70.7763
-70.7763
-70.7764
-70.7765
-70.7765
-70.7766
-70.7766
-70.7767
-70.7767
-70.7768
-70.7768
-70.7769
-70.7769
-70.777
-70.777
-70.7771
-70.7771
-70.7771
-70.7772
-70.7772
-70.7773
-70.7773
-70.7773
-70.7774
-70.7774
-70.7774
-70.7775
-70.7775
-70.7775
-70.7776
-70.7776
-70.7776
-70.7777
-70.7777
-70.7777
-70.7777
-70.7778
-70.7778
-70.7778
-70.7778
-70.7779
-70.7779
-70.7779
-70.7779
-70.778
-70.778
-70.778
-70.778
-70.778
-70.7781
-70.7781
-70.7781
-70.7781
-70.7781
-70.7781
-70.7782
-70.7782
-70.7782
-70.7782
-70.7782
-70.7782
-70.7782
-70.7783
-70.7783
-70.7783
-70.7783
-70.7783
-70.7783
-70.7783
-70.7783
-70.7783
-70.7783
-70.7784
-70.7784
-70.7784
-70.7784
-70.7784
-70.7784
-70.7784
-70.7784
-70.7784
-70.7784
-70.7784
-70.7784
-70.7784
-70.7784
-70.7784
-70.7784
-70.7784
-70.7784
-70.7784
-70.7785
-70.7785
-70.7785
-70.7785
-70.7785
-70.7785
-70.7785
-70.7785
-70.7785
-70.7785
-70.7785
-70.7785
-70.7785
-70.7785
-70.7785
-70.7785
-70.7785
-70.7785
-70.7785
-70.7785
-70.7785
-70.7785
-70.7785
-70.7785
-70.7785
-70.7785
-70.7785
-70.7785
-70.7785
-70.7785
-70.7785
-70.7784
-70.7784
-70.7784
-70.7784
-70.7784
-70.7784
-70.7784
-70.7784
-70.7784
-70.7784
-70.7784
-70.7784
-70.7784
-70.7784
-70.7784
-70.7784
-70.7784
-70.7784
-70.7784
-70.7784
-70.7784
-70.7784
-70.7784
-70.7784
-70.7784
-70.7784
-70.7784
-70.7784
-70.7784
-70.7783
-70.7783
-70.7783
-70.7783
-70.7783
-70.7783
-70.7783
-70.7832
-70.923
-71.6058
-72.5414
-73.2717
-73.7776
-74.0541
-74.1881
-74.2529
-56.2666
-51.7701
-49.2906
-44.0443
0.875998
-40.7073
-70.5965
-69.9206
-68.6932
-67.3856
-66.032
-64.6685
-63.3333
-62.0617
-60.8812
-59.8132
-58.7567
-57.7521
-56.9677
-56.3354
-55.8236
-55.4131
-55.0901
-54.804
-54.576
-54.4116
-54.2947
-54.2123
-54.1551
-54.1099
-54.0609
-54.0286
-54.0103
-54.0011
-53.998
-53.9987
-54.0022
-53.991
-53.9811
-53.978
-53.9794
-53.9832
-53.9885
-53.9946
-54.0013
-54.0084
-53.9983
-53.9891
-53.9864
-53.9876
-53.991
-53.9954
-54.0004
-54.0058
-54.0115
-54.0175
-54.0236
-54.03
-54.015
-53.9994
-53.9935
-53.9929
-53.9947
-53.9978
-54.0013
-54.0052
-54.0092
-54.0132
-54.0166
-54.0196
-54.0221
-54.0241
-54.025
-54.0246
-54.022
-54.0161
-53.9978
-53.9688
-53.9497
-53.9162
-53.6233
-53.4646
-53.5632
-53.6671
-53.7377
-53.7807
-53.8056
-53.8196
-53.8274
-53.8324
-53.8368
-53.8424
-53.8503
-53.8618
-53.8783
-53.9017
-53.9341
-53.9767
-54.0292
-54.0897
-54.1561
-54.2278
-54.3045
-54.3879
-54.4809
-54.5818
-54.3359
-54.0727
-54.0054
-54.0001
-54.013
-54.031
-54.0503
-54.0698
-54.0897
-54.1101
-54.1314
-54.1538
-54.1776
-54.2031
-54.2305
-54.2599
-54.2917
-54.3262
-54.3636
-54.4044
-54.4486
-54.4967
-54.5489
-54.6055
-54.667
-54.7336
-54.8058
-54.8842
-54.9693
-55.0617
-55.1615
-55.2693
-55.3852
-55.5092
-55.642
-55.784
-55.9357
-56.0979
-56.271
-55.2877
-53.9622
-53.6963
-53.7036
-53.7717
-53.8431
-53.9047
-53.9555
-53.9974
-54.0326
-54.0631
-54.0903
-54.1154
-54.1394
-54.1631
-54.1869
-54.2118
-54.2388
-54.2684
-54.3001
-54.3331
-54.3678
-54.4048
-54.4445
-54.4872
-54.5333
-54.5856
-54.6466
-54.7125
-54.7839
-54.8588
-54.9377
-55.0216
-55.1112
-55.207
-55.3094
-55.4207
-55.5458
-55.683
-55.8305
-55.9861
-56.1463
-56.3119
-56.4841
-56.6629
-56.8487
-57.0419
-56.3368
-53.9773
-53.5124
-53.5105
-53.6095
-53.7127
-53.7989
-53.8672
-53.921
-53.964
-53.9992
-54.0295
-54.0562
-54.0809
-54.1045
-54.1276
-54.1501
-54.1727
-54.1958
-54.2199
-54.2452
-54.2724
-54.3035
-54.337
-54.3746
-54.416
-54.462
-54.5102
-54.5607
-54.6143
-54.6715
-54.7329
-54.7988
-54.8741
-54.958
-55.0473
-55.1483
-55.2602
-55.3809
-55.5039
-55.6302
-55.7615
-55.8988
-56.0429
-56.1964
-56.3712
-56.5541
-56.7403
-56.9461
-57.1682
-57.4038
-57.6365
-57.8654
-58.0931
-58.3215
-58.552
-58.7879
-59.0493
-59.3134
-59.5699
-58.0714
-53.8573
-53.057
-53.0594
-53.2471
-53.4412
-53.5987
-53.7187
-53.8094
-53.8787
-53.933
-53.9772
-54.0146
-54.0471
-54.0758
-54.1022
-54.1274
-54.1525
-54.1791
-54.2064
-54.2343
-54.2637
-54.2967
-54.3334
-54.3737
-54.4159
-54.4604
-54.5078
-54.559
-54.6179
-54.6817
-54.749
-54.8204
-54.8973
-54.986
-55.0872
-55.2103
-55.3386
-55.4667
-55.5974
-55.7336
-55.886
-56.0633
-56.2982
-56.628
-57.1054
-57.6733
-58.1742
-58.59
-58.9602
-59.3053
-59.6457
-60.0937
-60.763
-61.557
-62.345
-63.073
-63.6905
-64.2151
-64.6838
-65.1233
-65.5818
-66.1164
-66.7182
-67.3262
-67.9134
-68.4479
-68.9106
-69.3181
-60.1936
-53.3674
-51.8311
-51.638
-52.0239
-52.5845
-53.0675
-53.4099
-53.6341
-53.7851
-53.8936
-53.977
-54.0452
-54.1049
-54.1605
-54.215
-54.2688
-54.3226
-54.377
-54.4328
-54.4906
-54.551
-54.615
-54.6847
-54.7631
-54.8516
-54.951
-55.0604
-55.1765
-55.3001
-55.4314
-55.5696
-55.7159
-55.8714
-56.0424
-56.2334
-56.4467
-56.683
-56.937
-57.2011
-57.4771
-57.768
-58.0725
-58.3876
-58.7151
-59.0662
-59.4433
-59.8488
-60.2805
-60.732
-61.1919
-61.6497
-62.109
-62.5776
-63.0495
-63.5208
-63.9983
-64.4848
-64.9857
-65.4983
-66.0084
-66.5101
-66.9921
-67.4487
-67.886
-68.3071
-68.7168
-69.1103
-69.4867
-69.8497
-70.2072
-70.5491
-70.8725
-71.1779
-71.4595
-71.7149
-71.9473
-72.1629
-72.3723
-72.5699
-72.7525
-72.9217
-73.0827
-73.2324
-73.3684
-73.4938
-73.6064
-73.7067
-73.7945
-73.8728
-73.9466
-74.0174
-74.0837
-74.1464
-74.2046
-74.2573
-74.3037
-74.3464
-74.3855
-74.4199
-74.4501
-74.4755
-74.4974
-74.5191
-74.5399
-74.5612
-74.5813
-74.6007
-74.6168
-74.6296
-74.6405
-74.6504
-74.6587
-74.6649
-74.6691
-74.6727
-74.6758
-74.6803
-74.6868
-74.6939
-74.7008
-74.7079
-74.7141
-74.7176
-74.7204
-74.7221
-74.723
-74.7215
-74.7198
-74.7186
-74.7175
-74.718
-74.7203
-74.7227
-74.7254
-74.7272
-74.7291
-74.7297
-74.7295
-74.7278
-74.7258
-74.7221
-74.7177
-74.7145
-74.7137
-74.7141
-74.7152
-74.7179
-74.7211
-74.7231
-74.7243
-74.7253
-74.7254
-74.7255
-74.7232
-74.7201
-74.7174
-74.7123
-74.7066
-74.7052
-74.7067
-74.7074
-74.7073
-74.7074
-74.7065
-74.7047
-74.706
-74.7064
-74.7055
-74.7047
-74.7034
-74.7021
-74.7002
-74.6959
-74.6923
-74.6935
-74.6959
-74.6966
-74.6985
-74.6982
-74.6965
-74.6946
-74.6936
-74.6928
-74.6914
-74.6908
-74.691
-74.6909
-74.6895
-74.6882
-74.6849
-74.6814
-74.679
-74.6766
-74.6754
-74.6755
-74.6763
-74.6743
-74.6707
-74.6694
-74.6677
-74.6661
-74.6655
-74.6684
-74.6718
-74.6729
-74.6738
-74.6752
-74.6758
-74.6747
-74.6717
-74.6678
-74.6655
-74.6645
-74.6633
-74.6606
-74.6564
-74.6508
-74.6494
-74.6486
-74.6484
-74.6507
-74.6526
-74.6541
-74.6543
-74.6526
-74.6541
-74.6547
-74.6536
-74.6506
-74.6477
-74.6438
-74.6391
-74.6362
-74.6318
-74.6287
-74.6258
-74.6214
-74.6196
-74.6217
-74.6271
-74.6279
-74.6292
-74.6337
-74.6354
-74.6381
-74.6421
-74.644
-74.6457
-74.6445
-74.6402
-74.6337
-74.6279
-74.6225
-74.6149
-74.6073
-74.6038
-74.6012
-74.5992
-74.6013
-74.6035
-74.6041
-74.6024
-74.6009
-74.6005
-74.5993
-74.6016
-74.6073
-74.6122
-74.6157
-74.6167
-74.6164
-74.6129
-74.6062
-74.6001
-74.5946
-74.587
-74.5752
-74.564
-74.5624
-74.5665
-74.5674
-74.5723
-74.5774
-74.5801
-74.5798
-74.5752
-74.5729
-74.5757
-74.5806
-74.585
-74.5876
-74.5908
-74.5933
-74.5939
-74.5948
-74.5932
-74.5871
-74.5807
-74.5734
-74.5665
-74.5586
-74.5489
-74.5392
-74.5328
-74.5289
-74.5266
-74.5292
-74.5328
-74.5394
-74.5462
-74.5492
-74.5458
-74.5397
-74.538
-74.5413
-74.5446
-74.5467
-74.5473
-74.5446
-74.5451
-74.5475
-74.5435
-74.5348
-74.5319
-74.531
-74.5267
-74.5197
-74.5136
-74.5098
-74.5054
-74.5016
-74.4988
-74.4926
-74.4836
-74.4804
-74.484
-74.4894
-74.4916
-74.4944
-74.4995
-74.5027
-74.5016
-74.5041
-74.5109
-74.5139
-74.5149
-74.5135
-74.5112
-74.5106
-74.5139
-74.5152
-74.5088
-74.4992
-74.4906
-74.4836
-74.4759
-74.4731
-74.4697
-74.4638
-74.4599
-74.4568
-74.4526
-74.4471
-74.4447
-74.4457
-74.4421
-74.4352
-74.4266
-74.4228
-74.4222
-74.422
-74.4272
-74.4293
-74.4295
-74.4332
-74.443
-74.4531
-74.4635
-74.4671
-74.4639
-74.4558
-74.4495
-74.4465
-74.442
-74.4368
-74.4328
-74.4285
-74.4257
-74.4226
-74.4154
-74.4017
-74.3888
-74.3819
-74.3783
-74.3766
-74.372
-74.3632
-74.3575
-74.3554
-74.3521
-74.3547
-74.3573
-74.3552
-74.3492
-74.346
-74.3408
-74.3347
-74.3284
-74.3238
-74.3299
-74.3397
-74.3484
-74.3541
-74.3619
-74.3674
-74.3698
-74.375
-74.3838
-74.3911
-74.3917
-74.3868
-74.3812
-74.3744
-74.3657
-74.3562
-74.3527
-74.3515
-74.3516
-74.3522
-74.3479
-74.3388
-74.3278
-74.3162
-74.3077
-74.3029
-74.2949
-74.2827
-74.2691
-74.2547
-74.2476
-74.2494
-74.2487
-74.2445
-74.2367
-74.2229
-74.2145
-74.2155
-74.2187
-74.2192
-74.2176
-74.2133
-74.2069
-74.203
-74.2044
-74.2074
-74.2061
-74.2036
-74.2066
-74.2117
-74.2148
-74.2228
-74.2359
-74.2476
-74.2548
-74.255
-74.2532
-74.2572
-74.2591
-74.2578
-74.255
-74.2543
-74.2644
-74.275
-74.2763
-74.2704
-74.258
-74.2428
-74.2327
-74.2278
-74.2279
-74.2261
-74.2198
-74.2146
-74.2084
-74.2064
-74.2006
-74.1903
-74.1758
-74.1589
-74.1386
-74.1254
-74.1205
-74.1108
-74.097
-74.0804
-74.0625
-74.0479
-74.0405
-74.0364
-74.0278
-74.0126
-73.9966
-73.9827
-73.9654
-73.9445
-73.9267
-73.9236
-73.9214
-73.916
-73.9138
-73.9139
-73.9132
-73.9104
-73.906
-73.8998
-73.905
-73.9203
-73.9428
-73.9652
-73.9758
-73.974
-73.973
-73.9881
-74.0018
-74.0084
-74.0152
-74.0224
-74.0249
-74.0226
-74.0211
-74.02
-74.0158
-74.0142
-74.015
-74.011
-74.0064
-74.0105
-74.0179
-74.0227
-74.0338
-74.046
-74.0552
-74.0572
-74.0537
-74.0436
-74.0327
-74.0226
-74.0115
-74.0032
-73.9955
-73.9824
-73.9664
-73.9631
-73.969
-73.9759
-73.9779
-73.977
-73.9753
-73.9756
-73.9716
-73.962
-73.9522
-73.9431
-73.9383
-73.9352
-73.9414
-73.9437
-73.937
-73.923
-73.9081
-73.8923
-73.8781
-73.8679
-73.8596
-73.8507
-73.8389
-73.8224
-73.8066
-73.7892
-73.7722
-73.7555
-73.7355
-73.712
-73.6861
-73.6644
-73.6513
-73.6392
-73.6279
-73.6123
-73.5923
-73.5689
-73.5432
-73.5158
-73.4874
-73.4581
-73.4283
-73.3981
-73.3676
-73.337
-73.3063
-73.2756
-73.2449
-73.2153
-73.1944
-73.1755
-73.1576
-73.1457
-73.1343
-73.1278
-73.1184
-73.1076
-73.1025
-73.1058
-73.1147
-73.1172
-73.115
-73.1183
-73.1246
-73.1317
-73.1468
-73.1555
-73.1624
-73.1842
-73.2117
-73.2302
-73.2439
-73.251
-73.2534
-73.2555
-73.2518
-73.2497
-73.2462
-73.2371
-73.2273
-73.2273
-73.2303
-73.2354
-73.2429
-73.2472
-73.247
-73.2548
-73.2704
-73.2904
-73.3053
-73.3153
-73.3162
-73.3091
-73.2963
-73.2796
-73.2625
-73.2547
-73.2533
-73.2478
-73.2375
-73.2313
-73.226
-73.2244
-73.219
-73.2096
-73.209
-73.2133
-73.2115
-73.2028
-73.1888
-73.1712
-73.1537
-73.1434
-73.1322
-73.1197
-73.1132
-73.1046
-73.0913
-73.0791
-73.0724
-73.0628
-73.0488
-73.0342
-73.0268
-73.0179
-73.0048
-72.9882
-72.969
-72.948
-72.9258
-72.9028
-72.8793
-72.8553
-72.831
-72.8066
-72.7821
-72.7576
-72.7331
-72.7087
-72.6844
-72.6602
-72.6361
-72.6122
-72.5885
-72.565
-72.5418
-72.5298
-72.5249
-72.5172
-72.5057
-72.4922
-72.4896
-72.4894
-72.4847
-72.4755
-72.463
-72.4481
-72.4318
-72.4143
-72.3962
-72.3776
-72.3587
-72.3395
-72.3203
-72.301
-72.2817
-72.2624
-72.2433
-72.2242
-72.2052
-72.1864
-72.1677
-72.1492
-72.1308
-72.1126
-72.0946
-72.0768
-72.0591
-72.0416
-72.0244
-72.0073
-71.9904
-71.9737
-71.9572
-71.9408
-71.9247
-71.9087
-71.893
-71.8774
-71.862
-71.8468
-71.8318
-71.817
-71.8023
-71.7878
-71.7735
-71.7594
-71.7454
-71.7317
-71.7181
-71.7046
-71.6913
-71.6782
-71.6653
-71.6525
-71.6399
-71.6274
-71.6151
-71.603
-71.591
-71.5792
-71.5675
-71.5559
-71.5445
-71.5333
-71.5222
-71.5112
-71.5004
-71.4897
-71.4792
-71.4688
-71.4585
-71.4484
-71.4383
-71.4285
-71.4187
-71.4091
-71.3996
-71.3902
-71.381
-71.3719
-71.3629
-71.354
-71.3452
-71.3366
-71.328
-71.3196
-71.3113
-71.3031
-71.2951
-71.2871
-71.2793
-71.2715
-71.2639
-71.2563
-71.2489
-71.2415
-71.2343
-71.2272
-71.2201
-71.2132
-71.2063
-71.1996
-71.1929
-71.1863
-71.1799
-71.1735
-71.1672
-71.1609
-71.1548
-71.1488
-71.1428
-71.1369
-71.1311
-71.1254
-71.1198
-71.1142
-71.1087
-71.1033
-71.098
-71.0927
-71.0875
-71.0824
-71.0774
-71.0724
-71.0675
-71.0627
-71.058
-71.0533
-71.0487
-71.0441
-71.0396
-71.0352
-71.0308
-71.0265
-71.0223
-71.0181
-71.014
-71.01
-71.006
-71.002
-70.9981
-70.9943
-70.9906
-70.9868
-70.9832
-70.9796
-70.976
-70.9725
-70.9691
-70.9657
-70.9623
-70.959
-70.9558
-70.9526
-70.9494
-70.9463
-70.9433
-70.9403
-70.9373
-70.9344
-70.9315
-70.9287
-70.9259
-70.9231
-70.9204
-70.9178
-70.9151
-70.9126
-70.91
-70.9075
-70.905
-70.9026
-70.9002
-70.8979
-70.8956
-70.8933
-70.891
-70.8888
-70.8866
-70.8845
-70.8824
-70.8803
-70.8783
-70.8763
-70.8743
-70.8723
-70.8704
-70.8685
-70.8667
-70.8649
-70.8631
-70.8613
-70.8596
-70.8579
-70.8562
-70.8545
-70.8529
-70.8513
-70.8497
-70.8482
-70.8466
-70.8451
-70.8437
-70.8422
-70.8408
-70.8394
-70.838
-70.8367
-70.8353
-70.834
-70.8327
-70.8315
-70.8302
-70.829
-70.8278
-70.8266
-70.8254
-70.8243
-70.8232
-70.8221
-70.821
-70.8199
-70.8189
-70.8179
-70.8168
-70.8159
-70.8149
-70.8139
-70.813
-70.8121
-70.8111
-70.8103
-70.8094
-70.8085
-70.8077
-70.8068
-70.806
-70.8052
-70.8044
-70.8037
-70.8029
-70.8022
-70.8014
-70.8007
-70.8
-70.7993
-70.7987
-70.798
-70.7974
-70.7967
-70.7961
-70.7955
-70.7949
-70.7943
-70.7937
-70.7931
-70.7926
-70.792
-70.7915
-70.791
-70.7905
-70.7899
-70.7895
-70.789
-70.7885
-70.788
-70.7876
-70.7871
-70.7867
-70.7863
-70.7858
-70.7854
-70.785
-70.7846
-70.7842
-70.7839
-70.7835
-70.7831
-70.7828
-70.7824
-70.7821
-70.7818
-70.7814
-70.7811
-70.7808
-70.7805
-70.7802
-70.7799
-70.7796
-70.7794
-70.7791
-70.7788
-70.7786
-70.7783
-70.7781
-70.7778
-70.7776
-70.7774
-70.7771
-70.7769
-70.7767
-70.7765
-70.7763
-70.7761
-70.7759
-70.7757
-70.7755
-70.7754
-70.7752
-70.775
-70.7749
-70.7747
-70.7745
-70.7744
-70.7742
-70.7741
-70.774
-70.7738
-70.7737
-70.7736
-70.7734
-70.7733
-70.7732
-70.7731
-70.773
-70.7729
-70.7728
-70.7727
-70.7726
-70.7725
-70.7724
-70.7723
-70.7722
-70.7721
-70.772
-70.772
-70.7719
-70.7718
-70.7718
-70.7717
-70.7716
-70.7716
-70.7715
-70.7715
-70.7714
-70.7714
-70.7713
-70.7713
-70.7712
-70.7712
-70.7711
-70.7711
-70.7711
-70.771
-70.771
-70.771
-70.7709
-70.7709
-70.7709
-70.7709
-70.7708
-70.7708
-70.7708
-70.7708
-70.7708
-70.7707
-70.7707
-70.7707
-70.7707
-70.7707
-70.7707
-70.7707
-70.7707
-70.7707
-70.7707
-70.7707
-70.7707
-70.7707
-70.7707
-70.7707
-70.7707
-70.7707
-70.7707
-70.7707
-70.7707
-70.7707
-70.7707
-70.7707
-70.7708
-70.7708
-70.7708
-70.7708
-70.7708
-70.7708
-70.7708
-70.7709
-70.7709
-70.7709
-70.7709
-70.7709
-70.771
-70.771
-70.771
-70.771
-70.771
-70.7711
-70.7711
-70.7711
-70.7711
-70.7712
-70.7712
-70.7712
-70.7712
-70.7713
-70.7713
-70.7713
-70.7714
-70.7714
-70.7714
-70.7714
-70.7715
-70.7715
-70.7715
-70.7716
-70.7716
-70.7716
-70.7717
-70.7717
-70.7717
-70.7717
-70.7718
-70.7718
-70.7718
-70.7719
-70.7719
-70.7719
-70.772
-70.772
-70.772
-70.7721
-70.7721
-70.7721
-70.7722
-70.7722
-70.7722
-70.7723
-70.7723
-70.7723
-70.7724
-70.7724
-70.7724
-70.7725
-70.7725
-70.7725
-70.7726
-70.7726
-70.7726
-70.7727
-70.7727
-70.7727
-70.7728
-70.7728
-70.7728
-70.7729
-70.7729
-70.7729
-70.773
-70.773
-70.773
-70.7731
-70.7731
-70.7731
-70.7732
-70.7732
-70.7732
-70.7733
-70.7733
-70.7733
-70.7734
-70.7734
-70.7734
-70.7735
-70.7735
-70.7735
-70.7736
-70.7736
-70.7736
-70.7737
-70.7737
-70.7737
-70.7738
-70.7738

