-70
-70.1661
-70.23
-70.2566
-70.2695
-70.2773
-70.283
-70.2879
-70.2925
-70.297
-70.3014
-70.3057
-70.31
-70.3142
-70.3185
-70.3226
-70.3268
-70.3309
-70.335
-70.3391
-70.3431
-70.3471
-70.351
-70.3549
-70.3588
-70.3626
-70.3664
-70.3701
-70.3738
-70.3775
-70.3811
-70.3847
-70.3883
-70.3918
-70.3953
-70.3987
-70.4021
-70.4055
-70.4088
-70.4121
-70.4154
-70.4186
-70.4218
-70.4249
-70.428
-70.4311
-70.4341
-70.4372
-70.4401
-70.4431
-70.446
-70.4489
-70.4517
-70.4545
-70.4573
-70.4601
-70.4628
-70.4655
-70.4682
-70.4708
-70.4734
-70.476
-70.4785
-70.481
-70.4835
-70.486
-70.4884
-70.4908
-70.4932
-70.4955
-70.4978
-70.5001
-70.5024
-70.5046
-70.5068
-70.509
-70.5112
-70.5133
-70.5154
-70.5175
-70.5196
-70.5216
-70.5236
-70.5256
-70.5276
-70.5295
-70.5315
-70.5334
-70.5352
-70.5371
-70.5389
-70.5407
-70.5425
-70.5443
-70.5461
-70.5478
-70.5495
-70.5512
-70.5528
-70.5545
-70.5561
-70.5577
-70.5593
-70.5609
-70.5624
-70.5639
-70.5655
-70.5669
-70.5684
-70.5699
-70.5713
-70.5727
-70.5741
-70.5755
-70.5769
-70.5782
-70.5796
-70.5809
-70.5822
-70.5835
-70.5848
-70.586
-70.5873
-70.5885
-70.5897
-70.5909
-70.5921
-70.5932
-70.5944
-70.5955
-70.5966
-70.5977
-70.5988
-70.5999
-70.601
-70.602
-70.603
-70.6041
-70.6051
-70.6061
-70.6071
-70.608
-70.609
-70.6099
-70.6109
-70.6118
-70.6127
-70.6136
-70.6145
-70.6154
-70.6162
-70.6171
-70.6179
-70.6187
-70.6196
-70.6204
-70.6212
-70.622
-70.6227
-70.6235
-70.6242
-70.625
-70.6257
-70.6265
-70.6272
-70.6279
-70.6286
-70.6293
-70.6299
-70.6306
-70.6313
-70.6319
-70.6325
-70.6332
-70.6338
-70.6344
-70.635
-70.6356
-70.6362
-70.6368
-70.6374
-70.6379
-70.6385
-70.639
-70.6396
-70.6401
-70.6406
-70.6411
-70.6417
-70.6422
-70.6427
-70.6431
-70.6436
-70.6441
-70.6446
-70.645
-70.6455
-70.6459
-70.6464
-70.6468
-70.6472
-70.6476
-70.6481
-70.6485
-70.6489
-70.6493
-70.6497
-70.65
-70.6504
-70.6508
-70.6512
-70.6515
-70.6519
-70.6522
-70.6526
-70.6529
-70.6533
-70.6536
-70.6539
-70.6542
-70.6545
-70.6549
-70.6552
-70.6555
-70.6558
-70.656
-70.6563
-70.6566
-70.6569
-70.6572
-70.6574
-70.6577
-70.658
-70.6582
-70.6585
-70.6587
-70.6589
-70.6592
-70.6594
-70.6597
-70.6599
-70.6601
-70.6603
-70.6605
-70.6607
-70.661
-70.6612
-70.6614
-70.6616
-70.6617
-70.6619
-70.6621
-70.6623
-70.6625
-70.6627
-70.6628
-70.663
-70.6632
-70.6633
-70.6635
-70.6637
-70.6638
-70.664
-70.6641
-70.6643
-70.6644
-70.6646
-70.6647
-70.6648
-70.665
-70.6651
-70.6652
-70.6653
-70.6655
-70.6656
-70.6657
-70.6658
-70.6659
-70.666
-70.6662
-70.6663
-70.6664
-70.6665
-70.6666
-70.6667
-70.6668
-70.6669
-70.667
-70.667
-70.6671
-70.6672
-70.6673
-70.6674
-70.6675
-70.6675
-70.6676
-70.6677
-70.6678
-70.6678
-70.6679
-70.668
-70.668
-70.6681
-70.6682
-70.6682
-70.6683
-70.6683
-70.6684
-70.6685
-70.6685
-70.6686
-70.6686
-70.6687
-70.6687
-70.6688
-70.6688
-70.6688
-70.6689
-70.6689
-70.669
-70.669
-70.669
-70.6691
-70.6691
-70.6691
-70.6692
-70.6692
-70.6692
-70.6693
-70.6693
-70.6693
-70.6694
-70.6694
-70.6694
-70.6694
-70.6694
-70.6695
-70.6695
-70.6695
-70.6695
-70.6695
-70.6696
-70.6696
-70.6696
-70.6696
-70.6696
-70.6696
-70.6696
-70.6697
-70.6697
-70.6697
-70.6697
-70.6697
-70.6697
-70.6697
-70.6697
-70.6697
-70.6697
-70.6697
-70.6697
-70.6697
-70.6697
-70.6697
-70.6697
-70.6697
-70.6697
-70.6697
-70.6697
-70.6697
-70.6697
-70.6697
-70.6697
-70.6697
-70.6697
-70.6697
-70.6697
-70.6697
-70.6697
-70.6697
-70.6697
-70.6697
-70.6697
-70.6697
-70.6696
-70.6696
-70.6696
-70.6696
-70.6696
-70.6696
-70.6696
-70.6696
-70.6696
-70.6695
-70.6695
-70.6695
-70.6695
-70.6695
-70.6695
-70.6695
-70.6695
-70.6694
-70.6694
-70.6694
-70.6694
-70.6694
-70.6694
-70.6693
-70.6693
-70.6693
-70.6693
-70.6693
-70.6693
-70.6693
-70.6692
-70.6692
-70.6692
-70.6692
-70.6692
-70.6691
-70.6691
-70.6691
-70.6691
-70.6691
-70.6691
-70.669
-70.669
-70.669
-70.669
-70.669
-70.6689
-70.6689
-70.6689
-70.6689
-70.6689
-70.6688
-70.6688
-70.6688
-70.6688
-70.6688
-70.6687
-70.6687
-70.6687
-70.6687
-70.6686
-70.6686
-70.6686
-70.6686
-70.6686
-70.6685
-70.6685
-70.6685
-70.6685
-70.6685
-70.6684
-70.6684
-70.6684
-70.6684
-70.6684
-70.6683
-70.6683
-70.6683
-70.6683
-70.6682
-70.6682
-70.6682
-70.6682
-70.6682
-70.6681
-70.6681
-70.6681
-70.6681
-70.6681
-70.669
-70.8595
-71.5525
-72.4594
-73.263
-73.7947
-74.0732
-74.2067
-74.271
-74.3026
-74.3252
-74.3658
-74.4277
-74.4979
-74.5596
-74.6029
-74.6257
-74.633
-74.6314
-74.6248
-74.6174
-74.621
-74.6429
-74.6731
-74.7046
-74.7271
-74.7352
-74.7332
-74.7254
-74.7145
-74.7014
-74.687
-74.6712
-74.6538
-74.6353
-74.6159
-74.5949
-74.5723
-74.5483
-74.523
-74.4966
-74.4692
-74.4408
-74.4115
-74.3814
-74.3505
-74.319
-74.287
-74.2544
-74.2213
-74.1879
-74.1542
-74.1202
-74.086
-74.0517
-74.0172
-73.9827
-73.9482
-73.9136
-73.8791
-73.8447
-73.8104
-73.7762
-73.7421
-73.7083
-73.6746
-73.6411
-73.6078
-73.5747
-73.5419
-73.5093
-73.477
-73.4449
-73.4131
-73.3816
-73.3503
-73.3194
-73.2886
-73.2582
-73.2281
-73.1982
-73.1686
-73.1393
-73.1103
-73.0816
-73.0531
-73.0249
-72.997
-72.9694
-72.9421
-72.915
-72.8882
-72.8616
-72.8353
-72.8093
-72.7836
-72.7581
-72.7329
-72.708
-72.6832
-72.6588
-72.6346
-72.6107
-72.587
-72.5635
-72.5403
-72.5174
-72.4946
-72.4722
-72.4499
-72.4279
-72.4061
-72.3846
-72.3633
-72.3422
-72.3214
-72.3008
-72.2804
-72.2602
-72.2402
-72.2205
-72.201
-72.1816
-72.1625
-72.1436
-72.1249
-72.1064
-72.0881
-72.0701
-72.0522
-72.0345
-72.017
-71.9996
-71.9825
-71.9656
-71.9488
-71.9323
-71.9159
-71.8997
-71.8836
-71.8678
-71.8521
-71.8366
-71.8213
-71.8061
-71.7912
-71.7763
-71.7617
-71.7472
-71.7329
-71.7187
-71.7047
-71.6908
-71.6772
-71.6636
-71.6502
-71.637
-71.6239
-71.611
-71.5982
-71.5856
-71.5731
-71.5607
-71.5485
-71.5364
-71.5245
-71.5127
-71.501
-71.4895
-71.4781
-71.4754
-71.4911
-71.5226
-71.5503
-71.568
-71.5773
-71.5807
-71.5801
-71.5767
-71.5714
-71.5658
-71.5699
-71.5841
-71.6006
-71.6112
-71.6158
-71.6158
-71.6128
-71.6075
-71.6007
-71.5928
-71.5885
-71.5937
-71.6073
-71.6189
-71.6247
-71.6256
-71.623
-71.6181
-71.6114
-71.6036
-71.595
-71.5928
-71.5996
-71.6141
-71.6255
-71.6311
-71.6318
-71.6291
-71.6241
-71.6174
-71.6095
-71.6008
-71.5964
-71.6021
-71.6169
-71.6294
-71.6359
-71.6373
-71.6351
-71.6304
-71.6239
-71.6162
-71.6076
-71.5997
-71.6017
-71.614
-71.6286
-71.6376
-71.641
-71.6401
-71.6364
-71.6305
-71.6233
-71.6151
-71.6061
-71.6005
-71.6049
-71.6188
-71.6325
-71.6402
-71.6426
-71.6411
-71.6368
-71.6307
-71.6233
-71.6149
-71.6059
-71.5993
-71.6029
-71.6164
-71.6308
-71.6394
-71.6424
-71.6414
-71.6374
-71.6316
-71.6243
-71.6161
-71.6072
-71.5979
-71.597
-71.6056
-71.6214
-71.6334
-71.6393
-71.6403
-71.6378
-71.6329
-71.6264
-71.6188
-71.6149
-71.6199
-71.6334
-71.6457
-71.6522
-71.6536
-71.6515
-71.6468
-71.6404
-71.6328
-71.6243
-71.618
-71.6214
-71.6343
-71.6479
-71.656
-71.6586
-71.6572
-71.6531
-71.6471
-71.6397
-71.6314
-71.6224
-71.6158
-71.6194
-71.6467
-71.685
-71.7135
-71.7308
-71.7395
-71.7425
-71.7413
-71.7513
-71.8102
-71.9132
-72.1163
-72.3627
-72.5954
-72.7737
-72.8924
-72.9657
-73.0229
-73.1599
-73.3839
-73.6508
-73.9115
-74.1072
-74.2278
-74.292
-74.3224
-74.3347
-74.3456
-74.3778
-74.437
-74.513
-74.58
-74.6273
-74.6523
-74.6615
-74.6603
-74.6538
-74.6494
-74.6541
-74.6688
-74.6926
-74.7158
-74.7342
-74.7439
-74.7448
-74.7392
-74.7304
-74.7205
-74.7142
-74.7149
-74.7244
-74.7384
-74.7504
-74.7589
-74.7601
-74.7552
-74.7464
-74.7355
-74.7256
-74.7207
-74.7232
-74.7335
-74.746
-74.7553
-74.7608
-74.76
-74.7542
-74.7455
-74.7347
-74.7247
-74.719
-74.7209
-74.7301
-74.7419
-74.7505
-74.7557
-74.756
-74.7518
-74.7444
-74.735
-74.7257
-74.7195
-74.7197
-74.7269
-74.7372
-74.746
-74.75
-74.751
-74.7474
-74.7405
-74.7327
-74.7238
-74.7164
-74.7145
-74.7191
-74.7281
-74.7383
-74.7444
-74.7463
-74.7458
-74.7409
-74.7341
-74.7273
-74.7193
-74.7133
-74.7121
-74.716
-74.7232
-74.7319
-74.7371
-74.7383
-74.7369
-74.7332
-74.728
-74.7228
-74.7172
-74.7121
-74.7107
-74.7132
-74.7188
-74.7262
-74.7324
-74.7343
-74.732
-74.7282
-74.7245
-74.7184
-74.7116
-74.7064
-74.7035
-74.704
-74.7075
-74.7136
-74.7214
-74.7274
-74.7283
-74.7252
-74.722
-74.7196
-74.714
-74.7075
-74.7014
-74.7
-74.7011
-74.704
-74.7095
-74.7158
-74.7196
-74.7204
-74.7168
-74.7129
-74.7099
-74.7062
-74.7015
-74.6944
-74.69
-74.692
-74.6964
-74.7022
-74.7085
-74.7127
-74.715
-74.7148
-74.7117
-74.7077
-74.7032
-74.6997
-74.6956
-74.6884
-74.6835
-74.6839
-74.6879
-74.6928
-74.6978
-74.7015
-74.7033
-74.7049
-74.704
-74.7006
-74.6951
-74.6907
-74.6877
-74.6836
-74.6796
-74.6783
-74.6809
-74.6832
-74.687
-74.6917
-74.6948
-74.6969
-74.6994
-74.6996
-74.6959
-74.6902
-74.684
-74.6779
-74.6726
-74.6692
-74.667
-74.6676
-74.6694
-74.6712
-74.6744
-74.6783
-74.6815
-74.6856
-74.6897
-74.69
-74.6866
-74.6823
-74.677
-74.6704
-74.6659
-74.6623
-74.6584
-74.6591
-74.6603
-74.6607
-74.6638
-74.6673
-74.6695
-74.6723
-74.6793
-74.6824
-74.6805
-74.6756
-74.67
-74.6646
-74.6575
-74.6503
-74.6442
-74.6397
-74.6389
-74.6423
-74.6435
-74.6452
-74.6496
-74.6536
-74.6575
-74.6621
-74.6676
-74.6717
-74.6698
-74.6675
-74.6638
-74.6584
-74.6511
-74.6408
-74.6322
-74.6262
-74.6235
-74.6259
-74.6284
-74.6318
-74.6352
-74.6376
-74.6446
-74.6488
-74.6494
-74.6521
-74.6542
-74.6524
-74.65
-74.6476
-74.6415
-74.6334
-74.6235
-74.6135
-74.6049
-74.6
-74.5996
-74.6034
-74.6071
-74.6096
-74.6149
-74.6234
-74.6291
-74.6326
-74.6365
-74.6395
-74.6419
-74.6426
-74.6399
-74.6345
-74.6297
-74.6221
-74.6131
-74.6046
-74.5956
-74.5873
-74.5828
-74.5828
-74.5833
-74.5858
-74.5901
-74.5964
-74.6024
-74.6073
-74.6111
-74.6143
-74.6157
-74.6148
-74.6158
-74.6164
-74.6155
-74.6108
-74.6043
-74.5956
-74.5838
-74.5737
-74.5674
-74.5623
-74.5585
-74.5571
-74.5555
-74.5531
-74.5564
-74.5641
-74.5721
-74.5786
-74.5833
-74.5882
-74.5907
-74.5922
-74.5934
-74.5917
-74.593
-74.594
-74.5933
-74.5921
-74.5864
-74.5752
-74.5642
-74.5532
-74.5437
-74.5363
-74.5341
-74.5343
-74.532
-74.5284
-74.5245
-74.5298
-74.5422
-74.5509
-74.554
-74.5547
-74.5552
-74.5561
-74.5534
-74.548
-74.5469
-74.5502
-74.549
-74.5482
-74.549
-74.5528
-74.5511
-74.5435
-74.5334
-74.5205
-74.5093
-74.5034
-74.4994
-74.4947
-74.4927
-74.4916
-74.4916
-74.4922
-74.4914
-74.4915
-74.4997
-74.512
-74.5184
-74.5199
-74.5179
-74.5112
-74.502
-74.4994
-74.5023
-74.5038
-74.5031
-74.5031
-74.5027
-74.5024
-74.5078
-74.5115
-74.5103
-74.5062
-74.4977
-74.4873
-74.478
-74.4716
-74.4637
-74.4583
-74.4544
-74.4537
-74.4566
-74.4613
-74.4655
-74.47
-74.4679
-74.459
-74.455
-74.4556
-74.458
-74.4596
-74.4613
-74.4594
-74.4542
-74.4474
-74.4426
-74.4368
-74.4316
-74.428
-74.4282
-74.4286
-74.4297
-74.4303
-74.4305
-74.4302
-74.4297
-74.4292
-74.4272
-74.421
-74.4128
-74.4035
-74.3963
-74.3922
-74.393
-74.3955
-74.3981
-74.4039
-74.4066
-74.4059
-74.4053
-74.4045
-74.4006
-74.3957
-74.3905
-74.3854
-74.3834
-74.3834
-74.3836
-74.3792
-74.371
-74.3623
-74.3553
-74.3535
-74.3533
-74.3492
-74.344
-74.3355
-74.3264
-74.3223
-74.3204
-74.3179
-74.3148
-74.3151
-74.3199
-74.3306
-74.3398
-74.3425
-74.342
-74.3383
-74.3317
-74.323
-74.3139
-74.3039
-74.2995
-74.3017
-74.3027
-74.3012
-74.3023
-74.3077
-74.3194
-74.3306
-74.3365
-74.3361
-74.3332
-74.3303
-74.3257
-74.3175
-74.3094
-74.301
-74.2896
-74.2784
-74.2702
-74.2674
-74.2679
-74.2668
-74.2672
-74.2667
-74.2646
-74.2624
-74.2556
-74.2452
-74.2336
-74.2248
-74.2195
-74.2119
-74.2057
-74.1948
-74.1788
-74.1615
-74.148
-74.147
-74.1547
-74.1604
-74.1684
-74.1761
-74.1794
-74.1798
-74.1778
-74.1797
-74.1829
-74.1856
-74.189
-74.1882
-74.1859
-74.1874
-74.1903
-74.1897
-74.1875
-74.1828
-74.1723
-74.1602
-74.1479
-74.1388
-74.1366
-74.1436
-74.15
-74.1552
-74.1602
-74.1647
-74.1641
-74.1577
-74.1551
-74.1519
-74.146
-74.1383
-74.1314
-74.1238
-74.1202
-74.1128
-74.1027
-74.0939
-74.0824
-74.0668
-74.0499
-74.0292
-74.0097
-74.0054
-74.005
-74.0059
-74.0147
-74.0193
-74.0194
-74.0182
-74.0153
-74.006
-73.9987
-73.9955
-73.9923
-73.9882
-73.9815
-73.9751
-73.9652
-73.9571
-73.9467
-73.9306
-73.9166
-73.9059
-73.9047
-73.9096
-73.9219
-73.929
-73.9307
-73.9293
-73.9283
-73.9283
-73.9285
-73.9352
-73.9458
-73.9498
-73.9438
-73.9328
-73.9208
-73.9113
-73.9011
-73.8945
-73.895
-73.8928
-73.8874
-73.8797
-73.8707
-73.8611
-73.8521
-73.8505
-73.8512
-73.85
-73.8426
-73.8332
-73.8198
-73.8021
-73.7887
-73.7776
-73.772
-73.7725
-73.7809
-73.7961
-73.8124
-73.829
-73.8497
-73.8741
-73.8961
-73.9089
-73.9101
-73.905
-73.896
-73.8836
-73.8756
-73.8651
-73.8491
-73.8292
-73.8146
-73.8038
-73.7939
-73.7795
-73.7623
-73.7463
-73.7288
-73.7162
-73.7056
-73.6907
-73.6717
-73.6565
-73.6517
-73.6461
-73.634
-73.6163
-73.5943
-73.5695
-73.5435
-73.5271
-73.5161
-73.5015
-73.4821
-73.4592
-73.4353
-73.4172
-73.4064
-73.403
-73.4003
-73.4105
-73.421
-73.4218
-73.4136
-73.4
-73.3897
-73.3777
-73.3614
-73.3469
-73.3346
-73.3188
-73.2992
-73.2768
-73.2526
-73.2349
-73.2197
-73.209
-73.2014
-73.1987
-73.2011
-73.2001
-73.192
-73.1781
-73.1744
-73.1924
-73.2116
-73.2198
-73.2176
-73.213
-73.2098
-73.2096
-73.2074
-73.199
-73.1851
-73.1673
-73.1468
-73.1318
-73.1199
-73.1095
-73.1033
-73.0954
-73.0921
-73.0904
-73.0917
-73.1051
-73.1182
-73.1217
-73.1163
-73.1047
-73.0887
-73.0696
-73.0485
-73.0265
-73.0132
-73.0022
-72.9962
-72.9919
-72.991
-72.9902
-72.9836
-72.9714
-72.9551
-72.9361
-72.915
-72.8926
-72.8692
-72.8451
-72.8206
-72.8036
-72.7935
-72.7813
-72.7655
-72.747
-72.7265
-72.7048
-72.6822
-72.659
-72.6355
-72.6117
-72.5878
-72.5639
-72.54
-72.5161
-72.4924
-72.4687
-72.4452
-72.4218
-72.3996
-72.3909
-72.3865
-72.3786
-72.3669
-72.3523
-72.3357
-72.3179
-72.2992
-72.2799
-72.2603
-72.2405
-72.2205
-72.2005
-72.1805
-72.1606
-72.1408
-72.121
-72.1014
-72.0819
-72.0626
-72.0435
-72.0245
-72.0057
-71.9871
-71.9687
-71.9505
-71.9324
-71.9146
-71.8969
-71.8795
-71.8622
-71.8452
-71.8283
-71.8116
-71.7951
-71.7788
-71.7627
-71.7468
-71.7311
-71.7155
-71.7001
-71.685
-71.67
-71.6551
-71.6405
-71.626
-71.6118
-71.5976
-71.5837
-71.5699
-71.5563
-71.5428
-71.5296
-71.5165
-71.5035
-71.4907
-71.4781
-71.4656
-71.4532
-71.4411
-71.429
-71.4172
-71.4054
-71.3939
-71.3824
-71.3711
-71.36
-71.349
-71.3381
-71.3274
-71.3168
-71.3063
-71.296
-71.2858
-71.2758
-71.2658
-71.256
-71.2464
-71.2368
-71.2274
-71.2181
-71.2089
-71.1999
-71.1909
-71.1821
-71.1734
-71.1648
-71.1563
-71.1479
-71.1397
-71.1315
-71.1235
-71.1155
-71.1077
-71.1
-71.0923
-71.0848
-71.0774
-71.07
-71.0628
-71.0557
-71.0486
-71.0417
-71.0348
-71.0281
-71.0214
-71.0148
-71.0083
-71.0019
-70.9956
-70.9894
-70.9833
-70.9772
-70.9712
-70.9653
-70.9595
-70.9538
-70.9481
-70.9426
-70.9371
-70.9317
-70.9263
-70.921
-70.9159
-70.9107
-70.9057
-70.9007
-70.8958
-70.891
-70.8862
-70.8815
-70.8768
-70.8723
-70.8678
-70.8633
-70.859
-70.8547
-70.8504
-70.8462
-70.8421
-70.838
-70.834
-70.8301
-70.8262
-70.8224
-70.8186
-70.8149
-70.8112
-70.8076
-70.804
-70.8005
-70.7971
-70.7937
-70.7903
-70.787
-70.7838
-70.7806
-70.7775
-70.7744
-70.7713
-70.7683
-70.7654
-70.7624
-70.7596
-70.7568
-70.754
-70.7512
-70.7486
-70.7459
-70.7433
-70.7407
-70.7382
-70.7357
-70.7333
-70.7309
-70.7285
-70.7262
-70.7239
-70.7217
-70.7194
-70.7173
-70.7151
-70.713
-70.7109
-70.7089
-70.7069
-70.7049
-70.703
-70.7011
-70.6992
-70.6974
-70.6956
-70.6938
-70.6921
-70.6904
-70.6887
-70.687
-70.6854
-70.6838
-70.6822
-70.6807
-70.6792
-70.6777
-70.6762
-70.6748
-70.6734
-70.672
-70.6707
-70.6693
-70.668
-70.6668
-70.6655
-70.6643
-70.6631
-70.6619
-70.6607
-70.6596
-70.6585
-70.6574
-70.6563
-70.6552
-70.6542
-70.6532
-70.6522
-70.6512
-70.6503
-70.6494
-70.6485
-70.6476
-70.6467
-70.6458
-70.645
-70.6442
-70.6434
-70.6426
-70.6418
-70.6411
-70.6403
-70.6396
-70.6389
-70.6382
-70.6376
-70.6369
-70.6363
-70.6357
-70.6351
-70.6345
-70.6339
-70.6333
-70.6328
-70.6322
-70.6317
-70.6312
-70.6307
-70.6302
-70.6297
-70.6293
-70.6288
-70.6284
-70.628
-70.6276
-70.6272
-70.6268
-70.6264
-70.6261
-70.6257
-70.6254
-70.625
-70.6247
-70.6244
-70.6241
-70.6238
-70.6235
-70.6232
-70.623
-70.6227
-70.6225
-70.6222
-70.622
-70.6218
-70.6216
-70.6214
-70.6212
-70.621
-70.6208
-70.6207
-70.6205
-70.6204
-70.6202
-70.6201
-70.6199
-70.6198
-70.6197
-70.6196
-70.6195
-70.6194
-70.6193
-70.6192
-70.6191
-70.6191
-70.619
-70.619
-70.6189
-70.6189
-70.6188
-70.6188
-70.6187
-70.6187
-70.6187
-70.6187
-70.6187
-70.6187
-70.6187
-70.6187
-70.6187
-70.6187
-70.6187
-70.6187
-70.6188
-70.6188
-70.6188
-70.6189
-70.6189
-70.619
-70.619
-70.6191
-70.6191
-70.6192
-70.6192
-70.6193
-70.6194
-70.6195
-70.6195
-70.6196
-70.6197
-70.6198
-70.6199
-70.62
-70.6201
-70.6202
-70.6203
-70.6204
-70.6205
-70.6206
-70.6207
-70.6208
-70.621
-70.6211
-70.6212
-70.6213
-70.6214
-70.6216
-70.6217
-70.6218
-70.622
-70.6221
-70.6222
-70.6224
-70.6225
-70.6227
-70.6228
-70.623
-70.6231
-70.6233
-70.6234
-70.6236
-70.6237
-70.6239
-70.624
-70.6242
-70.6243
-70.6245
-70.6247
-70.6248
-70.625
-70.6251
-70.6253
-70.6255
-70.6256
-70.6258
-70.626
-70.6261
-70.6263
-70.6265
-70.6267
-70.6268
-70.627
-70.6272
-70.6273
-70.6275
-70.6277
-70.6279
-70.628
-70.6282
-70.6284
-70.6286
-70.6288
-70.6289
-70.6291
-70.6293
-70.6295
-70.6296
-70.6298
-70.63
-70.6302
-70.6304
-70.6305
-70.6307
-70.6309
-70.6311
-70.6313
-70.6314
-70.6316
-70.6318
-70.632
-70.6322
-70.6323
-70.6325
-70.6327
-70.6329
-70.6331
-70.6332
-70.6334
-70.6336
-70.6338
-70.6339
-70.6341
-70.6343
-70.6345
-70.6347
-70.6348
-70.635
-70.6352
-70.6354
-70.6355
-70.6357
-70.6359
-70.6361
-70.6362
-70.6364
-70.6366
-70.6368
-70.6369
-70.6371
-70.6373
-70.6374
-70.6376
-70.6378
-70.638
-70.6381
-70.6383
-70.6385
-70.6386
-70.6388
-70.639
-70.6391
-70.6393
-70.6395
-70.6396
-70.6398
-70.64
-70.6401
-70.6403
-70.6404
-70.6406
-70.6408
-70.6409
-70.6411
-70.6412
-70.6414
-70.6416
-70.6417
-70.6419
-70.642
-70.6422
-70.6423
-70.6425
-70.6426
-70.6428
-70.643
-70.6431
-70.6433
-70.6434
-70.6436
-70.6437
-70.6439
-70.644
-70.6441
-70.6443
-70.6444
-70.6446

