-70
-70.2123
-70.2926
-70.3252
-70.3404
-70.3491
-70.3555
-70.3609
-70.3659
-70.3708
-70.3757
-70.3805
-70.3853
-70.39
-70.3948
-70.3995
-70.4042
-70.4088
-70.4134
-70.4179
-70.4224
-70.4269
-70.4313
-70.4357
-70.44
-70.4443
-70.4485
-70.4527
-70.4569
-70.461
-70.465
-70.469
-70.473
-70.4769
-70.4808
-70.4846
-70.4884
-70.4921
-70.4958
-70.4995
-70.5031
-70.5067
-70.5102
-70.5137
-70.5172
-70.5206
-70.524
-70.5273
-70.5306
-70.5339
-70.5371
-70.5403
-70.5434
-70.5465
-70.5496
-70.5526
-70.5556
-70.5586
-70.5615
-70.5644
-70.5673
-70.5701
-70.5729
-70.5757
-70.5784
-70.5811
-70.5838
-70.5864
-70.589
-70.5916
-70.5941
-70.5966
-70.5991
-70.6016
-70.604
-70.6064
-70.6087
-70.6111
-70.6134
-70.6157
-70.6179
-70.6201
-70.6223
-70.6245
-70.6266
-70.6287
-70.6308
-70.6329
-70.6349
-70.6369
-70.6389
-70.6409
-70.6428
-70.6448
-70.6466
-70.6485
-70.6503
-70.6522
-70.654
-70.6557
-70.6575
-70.6592
-70.6609
-70.6626
-70.6643
-70.6659
-70.6675
-70.6691
-70.6707
-70.6723
-70.6738
-70.6754
-70.6769
-70.6783
-70.6798
-70.6812
-70.6827
-70.6841
-70.6855
-70.6868
-70.6882
-70.6895
-70.6908
-70.6921
-70.6934
-70.6947
-70.6959
-70.6972
-70.6984
-70.6996
-70.7008
-70.702
-70.7031
-70.7042
-70.7054
-70.7065
-70.7076
-70.7087
-70.7097
-70.7108
-70.7118
-70.7128
-70.7138
-70.7148
-70.7158
-70.7168
-70.7177
-70.7187
-70.7196
-70.7205
-70.7214
-70.7223
-70.7232
-70.7241
-70.7249
-70.7258
-70.7266
-70.7274
-70.7282
-70.729
-70.7298
-70.7306
-70.7314
-70.7321
-70.7329
-70.7336
-70.7343
-70.735
-70.7357
-70.7364
-70.7371
-70.7378
-70.7384
-70.7391
-70.7397
-70.7404
-70.741
-70.7416
-70.7422
-70.7428
-70.7434
-70.744
-70.7446
-70.7451
-70.7457
-70.7462
-70.7468
-70.7473
-70.7478
-70.7484
-70.7489
-70.7494
-70.7499
-70.7504
-70.7508
-70.7513
-70.7518
-70.7522
-70.7527
-70.7531
-70.7536
-70.754
-70.7544
-70.7549
-70.7553
-70.7557
-70.7561
-70.7565
-70.7569
-70.7573
-70.7576
-70.758
-70.7584
-70.7587
-70.7591
-70.7594
-70.7598
-70.7601
-70.7605
-70.7608
-70.7611
-70.7614
-70.7617
-70.7621
-70.7624
-70.7627
-70.763
-70.7632
-70.7635
-70.7638
-70.7641
-70.7644
-70.7646
-70.7649
-70.7651
-70.7654
-70.7656
-70.7659
-70.7661
-70.7664
-70.7666
-70.7668
-70.7671
-70.7673
-70.7675
-70.7677
-70.7679
-70.7681
-70.7684
-70.7686
-70.7688
-70.769
-70.7691
-70.7693
-70.7695
-70.7697
-70.7699
-70.7701
-70.7702
-70.7704
-70.7706
-70.7707
-70.7709
-70.7711
-70.7712
-70.7714
-70.7715
-70.7717
-70.7718
-70.772
-70.7721
-70.7722
-70.7724
-70.7725
-70.7726
-70.7728
-70.7729
-70.773
-70.7731
-70.7733
-70.7734
-70.7735
-70.7736
-70.7737
-70.7738
-70.7739
-70.774
-70.7741
-70.7742
-70.7743
-70.7744
-70.7745
-70.7746
-70.7747
-70.7748
-70.7749
-70.775
-70.7751
-70.7751
-70.7752
-70.7753
-70.7754
-70.7755
-70.7755
-70.7756
-70.7757
-70.7758
-70.7758
-70.7759
-70.776
-70.776
-70.7761
-70.7762
-70.7762
-70.7763
-70.7763
-70.7764
-70.7765
-70.7765
-70.7766
-70.7766
-70.7767
-70.7767
-70.7768
-70.7768
-70.7769
-70.7769
-70.777
-70.777
-70.7771
-70.7771
-70.7771
-70.7772
-70.7772
-70.7773
-70.7773
-70.7773
-70.7774
-70.7774
-70.7774
-70.7775
-70.7775
-70.7775
-70.7776
-70.7776
-70.7776
-70.7777
-70.7777
-70.7777
-70.7777
-70.7778
-70.7778
-70.7778
-70.7778
-70.7779
-70.7779
-70.7779
-70.7779
-70.778
-70.778
-70.778
-70.778
-70.778
-70.7781
-70.7781
-70.7781
-70.7781
-70.7781
-70.7781
-70.7782
-70.7782
-70.7782
-70.7782
-70.7782
-70.7782
-70.7782
-70.7783
-70.7783
-70.7783
-70.7783
-70.7783
-70.7783
-70.7783
-70.7783
-70.7783
-70.7783
-70.7784
-70.7784
-70.7784
-70.7784
-70.7784
-70.7784
-70.7784
-70.7784
-70.7784
-70.7784
-70.7784
-70.7784
-70.7784
-70.7784
-70.7784
-70.7784
-70.7784
-70.7784
-70.7784
-70.7785
-70.7785
-70.7785
-70.7785
-70.7785
-70.7785
-70.7785
-70.7785
-70.7785
-70.7785
-70.7785
-70.7785
-70.7785
-70.7785
-70.7785
-70.7785
-70.7785
-70.7785
-70.7785
-70.7785
-70.7785
-70.7785
-70.7785
-70.7785
-70.7785
-70.7785
-70.7785
-70.7785
-70.7785
-70.7785
-70.7785
-70.7784
-70.7784
-70.7784
-70.7784
-70.7784
-70.7784
-70.7784
-70.7784
-70.7784
-70.7784
-70.7784
-70.7784
-70.7784
-70.7784
-70.7784
-70.7784
-70.7784
-70.7784
-70.7784
-70.7784
-70.7784
-70.7784
-70.7784
-70.7784
-70.7784
-70.7784
-70.7784
-70.7784
-70.7784
-70.7783
-70.7783
-70.7783
-70.7783
-70.7783
-70.7783
-70.7783
-70.7818
-71.0233
-71.7355
-72.5872
-70.5305
-55.3766
-51.5634
-49.3238
-45.1274
10.9814
-36.0164
-69.96
-69.7799
-68.5352
-67.2063
-65.8314
-64.4467
-63.0892
-61.7935
-60.5879
-59.4937
-58.524
-57.6833
-56.9373
-56.2922
-55.7615
-55.3335
-54.9985
-54.7376
-54.5359
-54.3802
-54.2614
-54.1725
-54.1067
-54.06
-54.0274
-54.0031
-53.9857
-53.9728
-53.9635
-53.9584
-53.9563
-53.956
-53.9554
-53.9557
-53.9553
-53.9547
-53.9553
-53.9571
-53.9595
-53.9622
-53.9635
-53.9648
-53.9658
-53.9653
-53.9652
-53.9662
-53.9678
-53.9698
-53.972
-53.9743
-53.9758
-53.9758
-53.9764
-53.9771
-53.9754
-53.9741
-53.974
-53.9748
-53.976
-53.9774
-53.979
-53.9806
-53.9823
-53.984
-53.9855
-53.9849
-53.9826
-53.9813
-53.9807
-53.9805
-53.9776
-53.9739
-53.9717
-53.9698
-53.9672
-53.9612
-53.9338
-53.7699
-53.7586
-53.8026
-53.8411
-53.8669
-53.8828
-53.8922
-53.8975
-53.9008
-53.9031
-53.9055
-53.9176
-53.9415
-53.9549
-53.9624
-53.968
-53.9741
-53.9816
-53.9895
-53.994
-53.9943
-53.9945
-53.9958
-53.9982
-54.0018
-54.0061
-54.0111
-54.0168
-54.0233
-54.0306
-54.0387
-54.0478
-54.0578
-54.0688
-54.081
-54.0943
-54.109
-54.1252
-54.1429
-54.1623
-54.1836
-54.2068
-54.2319
-54.2593
-54.1357
-54.0621
-54.0393
-54.0379
-54.0448
-54.0552
-54.0672
-54.0802
-54.094
-54.0625
-54.0376
-54.0294
-54.0152
-54.0067
-54.0057
-54.0085
-54.0131
-54.0187
-54.0248
-54.0313
-54.0382
-54.0455
-54.0533
-54.0616
-54.0706
-54.0802
-54.0907
-54.102
-54.1143
-54.1278
-54.1432
-54.1598
-54.1776
-54.1968
-54.2175
-54.2399
-54.2642
-54.2905
-54.3048
-54.1089
-54.0259
-54.0053
-54.0068
-54.0155
-54.0263
-54.0377
-54.0492
-54.0608
-54.0726
-54.0825
-54.0435
-54.0198
-54.0126
-54.013
-54.0169
-54.0095
-54.0017
-53.9996
-54.001
-54.004
-54.0079
-54.0124
-54.0175
-54.0229
-54.0286
-54.0346
-54.041
-54.0479
-54.0554
-54.0635
-54.0723
-54.0818
-54.0925
-54.1048
-54.118
-54.1321
-54.1473
-54.1637
-54.1815
-54.2009
-54.2218
-54.2445
-54.2692
-54.296
-54.2795
-54.0636
-53.9918
-53.9782
-53.9829
-53.9924
-54.0029
-54.0132
-54.0231
-54.0326
-54.0421
-54.0517
-54.0624
-54.0736
-54.0822
-54.0342
-54.0081
-54.0003
-53.9999
-54.0026
-54.0064
-54.0108
-54.0154
-54.0148
-54.0012
-53.9946
-53.9929
-53.9935
-53.995
-53.997
-53.9989
-54.0008
-54.0025
-54.0038
-54.0045
-54.0043
-54.003
-54.001
-53.9965
-53.9869
-53.9675
-53.9224
-53.7231
-52.6113
-52.4568
-52.7432
-53.0241
-53.2186
-53.3376
-53.4101
-53.4577
-53.4876
-53.5098
-53.9076
-54.0433
-54.0626
-54.0522
-54.0384
-54.0288
-54.0258
-54.029
-54.037
-54.0487
-54.0499
-54.0355
-54.0197
-54.0123
-54.0107
-54.0122
-54.0154
-54.0202
-54.026
-54.0327
-54.0403
-54.0489
-54.0584
-54.069
-54.0807
-54.0935
-54.1077
-54.1237
-54.1418
-54.1618
-54.1832
-54.2061
-54.2308
-54.2575
-54.2869
-54.3209
-54.3598
-54.4023
-54.4501
-54.5021
-54.5561
-54.6131
-54.6744
-54.7408
-54.8219
-54.9257
-55.0394
-55.1587
-55.2892
-55.4251
-55.5616
-55.7029
-55.8522
-56.0172
-56.2141
-56.4458
-56.692
-56.9512
-57.2188
-57.4964
-57.7792
-58.0703
-58.3749
-58.7046
-59.0741
-59.48
-59.9031
-60.3346
-60.7734
-61.2176
-61.6674
-62.1147
-62.5608
-63.014
-63.4939
-64.0016
-64.527
-65.0453
-65.5532
-66.0466
-66.5206
-66.9785
-67.4137
-67.8283
-68.2407
-68.6568
-69.0802
-69.4943
-69.886
-70.2486
-70.5846
-70.8918
-71.175
-71.4368
-71.6802
-71.9134
-72.1432
-72.3676
-72.5793
-72.7755
-72.951
-73.1078
-73.2464
-73.3701
-73.4839
-73.5899
-73.6883
-73.7841
-73.8768
-73.9632
-74.0436
-74.1143
-74.1746
-74.2257
-74.2694
-74.3088
-74.3451
-74.3803
-74.4153
-74.4498
-74.4815
-74.5124
-74.5406
-74.5643
-74.5821
-74.5949
-74.6057
-74.6152
-74.6248
-74.6353
-74.6477
-74.6603
-74.6708
-74.6822
-74.692
-74.6994
-74.7026
-74.7038
-74.7031
-74.7022
-74.7036
-74.7059
-74.7101
-74.7165
-74.7214
-74.7264
-74.7312
-74.7334
-74.734
-74.7327
-74.7289
-74.7238
-74.7209
-74.7196
-74.7204
-74.7226
-74.7247
-74.7269
-74.7304
-74.7328
-74.7337
-74.7335
-74.7305
-74.7256
-74.722
-74.7176
-74.7148
-74.715
-74.7163
-74.7181
-74.7188
-74.7207
-74.7242
-74.7262
-74.7259
-74.7236
-74.7191
-74.7156
-74.71
-74.7038
-74.7004
-74.6999
-74.7014
-74.7033
-74.7041
-74.7077
-74.7105
-74.7138
-74.7142
-74.7128
-74.7102
-74.7066
-74.7008
-74.6946
-74.6888
-74.6852
-74.6862
-74.6883
-74.6899
-74.6933
-74.6964
-74.6996
-74.7008
-74.7001
-74.6988
-74.6953
-74.6906
-74.6852
-74.6788
-74.6712
-74.6663
-74.6681
-74.6703
-74.6727
-74.6766
-74.6824
-74.6877
-74.6905
-74.6906
-74.6874
-74.6838
-74.6799
-74.6757
-74.6698
-74.662
-74.6559
-74.6553
-74.6546
-74.653
-74.6542
-74.6587
-74.6657
-74.6736
-74.6771
-74.6763
-74.6717
-74.6664
-74.6619
-74.6579
-74.6533
-74.6482
-74.6433
-74.643
-74.6404
-74.6356
-74.6351
-74.6397
-74.6461
-74.6546
-74.6613
-74.6639
-74.664
-74.6603
-74.6528
-74.6452
-74.6411
-74.6376
-74.6334
-74.6295
-74.6287
-74.6249
-74.6175
-74.6145
-74.6179
-74.623
-74.628
-74.6362
-74.64
-74.6424
-74.6452
-74.6436
-74.6369
-74.6285
-74.6211
-74.6157
-74.6118
-74.6106
-74.6115
-74.6102
-74.6058
-74.6041
-74.6055
-74.6071
-74.6067
-74.6105
-74.6169
-74.6203
-74.6244
-74.6263
-74.6261
-74.6235
-74.6162
-74.6044
-74.5942
-74.588
-74.5846
-74.5859
-74.588
-74.5884
-74.5862
-74.585
-74.5853
-74.5854
-74.5834
-74.5808
-74.5845
-74.5932
-74.6017
-74.606
-74.6047
-74.6001
-74.592
-74.5825
-74.5729
-74.563
-74.5564
-74.5592
-74.5659
-74.5727
-74.5751
-74.5727
-74.5693
-74.5678
-74.5654
-74.5636
-74.5575
-74.5543
-74.5654
-74.5762
-74.5796
-74.5818
-74.581
-74.5756
-74.5648
-74.5535
-74.5414
-74.5294
-74.5196
-74.517
-74.528
-74.5403
-74.5481
-74.5493
-74.547
-74.5425
-74.5382
-74.5342
-74.5316
-74.5319
-74.5307
-74.5342
-74.5401
-74.5435
-74.5436
-74.541
-74.539
-74.5365
-74.5313
-74.5209
-74.5056
-74.4925
-74.4822
-74.4825
-74.489
-74.494
-74.5016
-74.5124
-74.5189
-74.5206
-74.5189
-74.5159
-74.5154
-74.5122
-74.5081
-74.5073
-74.5097
-74.5106
-74.5089
-74.5077
-74.5066
-74.501
-74.494
-74.4908
-74.4851
-74.4781
-74.4687
-74.4562
-74.4522
-74.4538
-74.4546
-74.4539
-74.4512
-74.4512
-74.4513
-74.4513
-74.4515
-74.456
-74.4644
-74.4724
-74.4736
-74.4707
-74.4661
-74.4668
-74.4721
-74.4765
-74.4747
-74.469
-74.4615
-74.452
-74.4442
-74.4385
-74.4323
-74.4254
-74.4194
-74.4132
-74.4082
-74.4072
-74.4053
-74.401
-74.3961
-74.3906
-74.3922
-74.3973
-74.4009
-74.4032
-74.4035
-74.4009
-74.3932
-74.3861
-74.3856
-74.3913
-74.3956
-74.3953
-74.3979
-74.4065
-74.4146
-74.4242
-74.4304
-74.4306
-74.4265
-74.4206
-74.4124
-74.3991
-74.3862
-74.3758
-74.3683
-74.3595
-74.3524
-74.35
-74.3515
-74.3522
-74.3481
-74.3401
-74.3334
-74.3288
-74.3271
-74.3294
-74.3336
-74.3356
-74.3323
-74.3295
-74.3253
-74.3207
-74.3161
-74.3094
-74.3002
-74.2902
-74.2807
-74.2784
-74.284
-74.2858
-74.2854
-74.2913
-74.3009
-74.308
-74.3088
-74.3089
-74.3112
-74.3154
-74.3206
-74.3207
-74.3181
-74.3146
-74.3054
-74.2933
-74.2858
-74.2788
-74.2746
-74.2742
-74.2765
-74.2758
-74.2685
-74.2589
-74.2493
-74.2425
-74.2435
-74.2432
-74.2384
-74.2429
-74.2496
-74.2474
-74.2416
-74.2337
-74.2217
-74.2089
-74.199
-74.1876
-74.1744
-74.1655
-74.1588
-74.152
-74.1395
-74.1248
-74.1188
-74.1169
-74.1164
-74.1245
-74.1375
-74.1445
-74.1468
-74.1452
-74.1426
-74.1394
-74.1339
-74.1285
-74.1252
-74.1261
-74.1296
-74.1307
-74.1303
-74.1304
-74.1421
-74.153
-74.1578
-74.1602
-74.1654
-74.1695
-74.1706
-74.165
-74.153
-74.1441
-74.1396
-74.1371
-74.1331
-74.129
-74.1269
-74.125
-74.1203
-74.1137
-74.1093
-74.1124
-74.1133
-74.109
-74.1064
-74.1138
-74.1158
-74.1083
-74.099
-74.0882
-74.0722
-74.0516
-74.0285
-74.0069
-73.9885
-73.9779
-73.9648
-73.9465
-73.925
-73.9073
-73.9017
-73.9022
-73.8992
-73.8885
-73.8714
-73.8518
-73.8381
-73.8304
-73.8417
-73.8591
-73.8719
-73.8807
-73.8856
-73.8872
-73.8858
-73.8777
-73.8631
-73.8481
-73.8369
-73.8278
-73.8261
-73.836
-73.8489
-73.8587
-73.8693
-73.8743
-73.8739
-73.8696
-73.867
-73.8641
-73.8658
-73.8644
-73.8703
-73.8918
-73.9102
-73.9285
-73.942
-73.9551
-73.9602
-73.9552
-73.9426
-73.9246
-73.903
-73.8786
-73.8538
-73.8398
-73.8366
-73.8344
-73.8278
-73.8151
-73.8064
-73.7981
-73.7889
-73.7772
-73.7631
-73.7591
-73.7668
-73.7807
-73.7904
-73.7951
-73.7918
-73.7885
-73.788
-73.7921
-73.7961
-73.8024
-73.8144
-73.825
-73.8354
-73.8397
-73.8408
-73.8419
-73.8405
-73.8336
-73.8252
-73.8123
-73.7944
-73.7739
-73.7563
-73.7374
-73.7153
-73.6913
-73.6722
-73.6594
-73.6449
-73.6261
-73.6049
-73.5889
-73.5784
-73.5658
-73.5547
-73.5591
-73.5686
-73.5701
-73.5626
-73.5524
-73.5427
-73.5286
-73.5103
-73.4886
-73.4646
-73.4389
-73.4121
-73.3844
-73.3566
-73.3392
-73.3313
-73.3217
-73.3153
-73.3075
-73.3026
-73.2981
-73.2988
-73.302
-73.2989
-73.2911
-73.2861
-73.2776
-73.264
-73.2463
-73.2321
-73.2213
-73.2074
-73.1897
-73.1718
-73.1607
-73.1485
-73.1325
-73.1132
-73.0917
-73.0686
-73.0445
-73.0279
-73.0172
-73.0186
-73.0295
-73.0468
-73.0648
-73.0733
-73.0721
-73.0636
-73.0502
-73.0335
-73.0144
-72.9936
-72.9715
-72.9486
-72.9251
-72.9031
-72.8955
-72.8985
-72.8977
-72.8904
-72.8779
-72.8684
-72.8786
-72.8997
-72.9122
-72.9145
-72.9089
-72.898
-72.8833
-72.8661
-72.8472
-72.8269
-72.8057
-72.7839
-72.7616
-72.7487
-72.7416
-72.7317
-72.7181
-72.7017
-72.6833
-72.6636
-72.643
-72.6219
-72.6004
-72.5802
-72.5726
-72.5675
-72.5587
-72.5463
-72.5311
-72.5141
-72.4958
-72.4768
-72.4572
-72.4373
-72.4172
-72.397
-72.3867
-72.3852
-72.3812
-72.3728
-72.3611
-72.3471
-72.3316
-72.315
-72.2977
-72.2799
-72.2619
-72.2437
-72.2254
-72.2071
-72.1888
-72.1705
-72.1524
-72.1343
-72.1164
-72.0985
-72.0809
-72.0634
-72.046
-72.0288
-72.0118
-71.995
-71.9783
-71.9618
-71.9455
-71.9294
-71.9135
-71.8977
-71.8821
-71.8668
-71.8516
-71.8365
-71.8217
-71.8176
-71.8267
-71.8333
-71.8345
-71.8313
-71.825
-71.8167
-71.807
-71.7963
-71.785
-71.7733
-71.7612
-71.749
-71.7366
-71.7242
-71.7118
-71.6993
-71.6869
-71.6746
-71.6623
-71.6501
-71.6381
-71.6261
-71.6142
-71.6025
-71.5908
-71.5793
-71.5679
-71.5567
-71.5455
-71.5345
-71.5236
-71.5129
-71.5023
-71.4918
-71.4814
-71.4711
-71.461
-71.451
-71.4412
-71.4314
-71.4218
-71.4123
-71.4029
-71.3937
-71.3846
-71.3755
-71.3666
-71.3578
-71.3492
-71.3406
-71.3322
-71.3238
-71.3156
-71.3075
-71.2995
-71.2916
-71.2838
-71.2761
-71.2686
-71.2611
-71.2537
-71.2464
-71.2392
-71.2321
-71.2251
-71.2182
-71.2114
-71.2047
-71.1981
-71.1916
-71.1851
-71.1788
-71.1725
-71.1663
-71.1602
-71.1542
-71.1482
-71.1424
-71.1366
-71.1309
-71.1253
-71.1197
-71.1143
-71.1089
-71.1036
-71.0983
-71.0932
-71.0881
-71.083
-71.0781
-71.0732
-71.0684
-71.0636
-71.059
-71.0543
-71.0498
-71.0453
-71.0409
-71.0365
-71.0322
-71.028
-71.0238
-71.0197
-71.0156
-71.0116
-71.0077
-71.0038
-70.9999
-70.9962
-70.9924
-70.9888
-70.9852
-70.9816
-70.9781
-70.9746
-70.9712
-70.9679
-70.9645
-70.9613
-70.9581
-70.9549
-70.9518
-70.9487
-70.9457
-70.9427
-70.9397
-70.9369
-70.934
-70.9312
-70.9284
-70.9257
-70.923
-70.9204
-70.9178
-70.9152
-70.9127
-70.9102
-70.9077
-70.9053
-70.9029
-70.9006
-70.8983
-70.896
-70.8938
-70.8916
-70.8894
-70.8873
-70.8852
-70.8831
-70.8811
-70.8791
-70.8771
-70.8751
-70.8732
-70.8714
-70.8695
-70.8677
-70.8659
-70.8641
-70.8624
-70.8607
-70.859
-70.8573
-70.8557
-70.8541
-70.8525
-70.851
-70.8494
-70.8479
-70.8465
-70.845
-70.8436
-70.8422
-70.8408
-70.8394
-70.8381
-70.8368
-70.8355
-70.8342
-70.833
-70.8317
-70.8305
-70.8293
-70.8282
-70.827
-70.8259
-70.8248
-70.8237
-70.8226
-70.8215
-70.8205
-70.8195
-70.8185
-70.8175
-70.8165
-70.8156
-70.8146
-70.8137
-70.8128
-70.8119
-70.8111
-70.8102
-70.8094
-70.8085
-70.8077
-70.8069
-70.8061
-70.8054
-70.8046
-70.8039
-70.8031
-70.8024
-70.8017
-70.801
-70.8004
-70.7997
-70.799
-70.7984
-70.7978
-70.7972
-70.7966
-70.796
-70.7954
-70.7948
-70.7943
-70.7937
-70.7932
-70.7926
-70.7921
-70.7916
-70.7911
-70.7906
-70.7901
-70.7897
-70.7892
-70.7888
-70.7883
-70.7879
-70.7875
-70.787
-70.7866
-70.7862
-70.7858
-70.7855
-70.7851
-70.7847
-70.7844
-70.784
-70.7837
-70.7833
-70.783
-70.7827
-70.7823
-70.782
-70.7817
-70.7814
-70.7811
-70.7809
-70.7806
-70.7803
-70.78
-70.7798
-70.7795
-70.7793
-70.779
-70.7788
-70.7786
-70.7783
-70.7781
-70.7779
-70.7777
-70.7775
-70.7773
-70.7771
-70.7769
-70.7767
-70.7765
-70.7764
-70.7762
-70.776
-70.7758
-70.7757
-70.7755
-70.7754
-70.7752
-70.7751
-70.7749
-70.7748
-70.7747
-70.7746
-70.7744
-70.7743
-70.7742
-70.7741
-70.774
-70.7738
-70.7737
-70.7736
-70.7735
-70.7734
-70.7734
-70.7733
-70.7732
-70.7731
-70.773
-70.7729
-70.7729
-70.7728
-70.7727
-70.7726
-70.7726
-70.7725
-70.7724
-70.7724
-70.7723
-70.7723
-70.7722
-70.7722
-70.7721
-70.7721
-70.772
-70.772
-70.772
-70.7719
-70.7719
-70.7718
-70.7718
-70.7718
-70.7717
-70.7717
-70.7717
-70.7717
-70.7716
-70.7716
-70.7716
-70.7716
-70.7716
-70.7716
-70.7715
-70.7715
-70.7715
-70.7715
-70.7715
-70.7715
-70.7715
-70.7715
-70.7715
-70.7715
-70.7715
-70.7715
-70.7715
-70.7715
-70.7715
-70.7715
-70.7715
-70.7715
-70.7715
-70.7715
-70.7715
-70.7715
-70.7715
-70.7715
-70.7715
-70.7715
-70.7715
-70.7716
-70.7716
-70.7716
-70.7716
-70.7716
-70.7716
-70.7716
-70.7717
-70.7717
-70.7717
-70.7717
-70.7717
-70.7718
-70.7718
-70.7718
-70.7718
-70.7718
-70.7719
-70.7719
-70.7719
-70.7719
-70.7719
-70.772
-70.772
-70.772
-70.772
-70.7721
-70.7721
-70.7721
-70.7721
-70.7722
-70.7722
-70.7722
-70.7723
-70.7723
-70.7723
-70.7723
-70.7724
-70.7724
-70.7724
-70.7724
-70.7725
-70.7725
-70.7725
-70.7726
-70.7726
-70.7726
-70.7726
-70.7727
-70.7727
-70.7727
-70.7728
-70.7728
-70.7728
-70.7729
-70.7729
-70.7729
-70.7729
-70.773
-70.773
-70.773
-70.7731
-70.7731
-70.7731
-70.7731
-70.7732
-70.7732
-70.7732
-70.7733
-70.7733
-70.7733
-70.7734
-70.7734
-70.7734
-70.7734
-70.7735
-70.7735
-70.7735
-70.7736
-70.7736
-70.7736
-70.7737
-70.7737
-70.7737
-70.7737
-70.7738
-70.7738
-70.7738
-70.7739
-70.7739
-70.7739
-70.7739
-70.774
-70.774
-70.774
-70.7741

