-70
-70.1661
-70.23
-70.2566
-70.2695
-70.2773
-70.283
-70.2879
-70.2925
-70.297
-70.3014
-70.3057
-70.31
-70.3142
-70.3185
-70.3226
-70.3268
-70.3309
-70.335
-70.3391
-70.3431
-70.3471
-70.351
-70.3549
-70.3588
-70.3626
-70.3664
-70.3701
-70.3738
-70.3775
-70.3811
-70.3847
-70.3883
-70.3918
-70.3953
-70.3987
-70.4021
-70.4055
-70.4088
-70.4121
-70.4154
-70.4186
-70.4218
-70.4249
-70.428
-70.4311
-70.4341
-70.4372
-70.4401
-70.4431
-70.446
-70.4489
-70.4517
-70.4545
-70.4573
-70.4601
-70.4628
-70.4655
-70.4682
-70.4708
-70.4734
-70.476
-70.4785
-70.481
-70.4835
-70.486
-70.4884
-70.4908
-70.4932
-70.4955
-70.4978
-70.5001
-70.5024
-70.5046
-70.5068
-70.509
-70.5112
-70.5133
-70.5154
-70.5175
-70.5196
-70.5216
-70.5236
-70.5256
-70.5276
-70.5295
-70.5315
-70.5334
-70.5352
-70.5371
-70.5389
-70.5407
-70.5425
-70.5443
-70.5461
-70.5478
-70.5495
-70.5512
-70.5528
-70.5545
-70.5561
-70.5577
-70.5593
-70.5609
-70.5624
-70.5639
-70.5655
-70.5669
-70.5684
-70.5699
-70.5713
-70.5727
-70.5741
-70.5755
-70.5769
-70.5782
-70.5796
-70.5809
-70.5822
-70.5835
-70.5848
-70.586
-70.5873
-70.5885
-70.5897
-70.5909
-70.5921
-70.5932
-70.5944
-70.5955
-70.5966
-70.5977
-70.5988
-70.5999
-70.601
-70.602
-70.603
-70.6041
-70.6051
-70.6061
-70.6071
-70.608
-70.609
-70.6099
-70.6109
-70.6118
-70.6127
-70.6136
-70.6145
-70.6154
-70.6162
-70.6171
-70.6179
-70.6187
-70.6196
-70.6204
-70.6212
-70.622
-70.6227
-70.6235
-70.6242
-70.625
-70.6257
-70.6265
-70.6272
-70.6279
-70.6286
-70.6293
-70.6299
-70.6306
-70.6313
-70.6319
-70.6325
-70.6332
-70.6338
-70.6344
-70.635
-70.6356
-70.6362
-70.6368
-70.6374
-70.6379
-70.6385
-70.639
-70.6396
-70.6401
-70.6406
-70.6411
-70.6417
-70.6422
-70.6427
-70.6431
-70.6436
-70.6441
-70.6446
-70.645
-70.6455
-70.6459
-70.6464
-70.6468
-70.6472
-70.6476
-70.6481
-70.6485
-70.6489
-70.6493
-70.6497
-70.65
-70.6504
-70.6508
-70.6512
-70.6515
-70.6519
-70.6522
-70.6526
-70.6529
-70.6533
-70.6536
-70.6539
-70.6542
-70.6545
-70.6549
-70.6552
-70.6555
-70.6558
-70.656
-70.6563
-70.6566
-70.6569
-70.6572
-70.6574
-70.6577
-70.658
-70.6582
-70.6585
-70.6587
-70.6589
-70.6592
-70.6594
-70.6597
-70.6599
-70.6601
-70.6603
-70.6605
-70.6607
-70.661
-70.6612
-70.6614
-70.6616
-70.6617
-70.6619
-70.6621
-70.6623
-70.6625
-70.6627
-70.6628
-70.663
-70.6632
-70.6633
-70.6635
-70.6637
-70.6638
-70.664
-70.6641
-70.6643
-70.6644
-70.6646
-70.6647
-70.6648
-70.665
-70.6651
-70.6652
-70.6653
-70.6655
-70.6656
-70.6657
-70.6658
-70.6659
-70.666
-70.6662
-70.6663
-70.6664
-70.6665
-70.6666
-70.6667
-70.6668
-70.6669
-70.667
-70.667
-70.6671
-70.6672
-70.6673
-70.6674
-70.6675
-70.6675
-70.6676
-70.6677
-70.6678
-70.6678
-70.6679
-70.668
-70.668
-70.6681
-70.6682
-70.6682
-70.6683
-70.6683
-70.6684
-70.6685
-70.6685
-70.6686
-70.6686
-70.6687
-70.6687
-70.6688
-70.6688
-70.6688
-70.6689
-70.6689
-70.669
-70.669
-70.669
-70.6691
-70.6691
-70.6691
-70.6692
-70.6692
-70.6692
-70.6693
-70.6693
-70.6693
-70.6694
-70.6694
-70.6694
-70.6694
-70.6694
-70.6695
-70.6695
-70.6695
-70.6695
-70.6695
-70.6696
-70.6696
-70.6696
-70.6696
-70.6696
-70.6696
-70.6696
-70.6697
-70.6697
-70.6697
-70.6697
-70.6697
-70.6697
-70.6697
-70.6697
-70.6697
-70.6697
-70.6697
-70.6697
-70.6697
-70.6697
-70.6697
-70.6697
-70.6697
-70.6697
-70.6697
-70.6697
-70.6697
-70.6697
-70.6697
-70.6697
-70.6697
-70.6697
-70.6697
-70.6697
-70.6697
-70.6697
-70.6697
-70.6697
-70.6697
-70.6697
-70.6697
-70.6696
-70.6696
-70.6696
-70.6696
-70.6696
-70.6696
-70.6696
-70.6696
-70.6696
-70.6695
-70.6695
-70.6695
-70.6695
-70.6695
-70.6695
-70.6695
-70.6695
-70.6694
-70.6694
-70.6694
-70.6694
-70.6694
-70.6694
-70.6693
-70.6693
-70.6693
-70.6693
-70.6693
-70.6693
-70.6693
-70.6692
-70.6692
-70.6692
-70.6692
-70.6692
-70.6691
-70.6691
-70.6691
-70.6691
-70.6691
-70.6691
-70.669
-70.669
-70.669
-70.669
-70.669
-70.6689
-70.6689
-70.6689
-70.6689
-70.6689
-70.6688
-70.6688
-70.6688
-70.6688
-70.6688
-70.6687
-70.6687
-70.6687
-70.6687
-70.6686
-70.6686
-70.6686
-70.6686
-70.6686
-70.6685
-70.6685
-70.6685
-70.6685
-70.6685
-70.6684
-70.6684
-70.6684
-70.6684
-70.6684
-70.6683
-70.6683
-70.6683
-70.6683
-70.6682
-70.6682
-70.6682
-70.6682
-70.6682
-70.6681
-70.6681
-70.6681
-70.6681
-70.6681
-70.684
-70.9485
-71.7674
-72.7565
-73.5006
-73.955
-74.1907
-74.3022
-74.3548
-74.3809
-74.4022
-74.4416
-74.5057
-74.5696
-74.618
-74.651
-74.6681
-74.6732
-74.6708
-74.6643
-74.6583
-74.6628
-74.6867
-74.7169
-74.7421
-74.7583
-74.7632
-74.7598
-74.7514
-74.7403
-74.7281
-74.7148
-74.7005
-74.6846
-74.6673
-74.6485
-74.6282
-74.6065
-74.5833
-74.5588
-74.5331
-74.5063
-74.4785
-74.4498
-74.4202
-74.3898
-74.3587
-74.327
-74.2947
-74.2618
-74.2286
-74.195
-74.161
-74.1269
-74.0925
-74.0579
-74.0233
-73.9886
-73.9539
-73.9192
-73.8845
-73.85
-73.8155
-73.7812
-73.747
-73.713
-73.6791
-73.6455
-73.6121
-73.5789
-73.546
-73.5132
-73.4808
-73.4486
-73.4167
-73.3851
-73.3537
-73.3226
-73.2918
-73.2613
-73.231
-73.2011
-73.1714
-73.142
-73.1129
-73.0841
-73.0555
-73.0273
-72.9993
-72.9716
-72.9441
-72.917
-72.8901
-72.8635
-72.8371
-72.811
-72.7852
-72.7597
-72.7344
-72.7094
-72.6846
-72.6601
-72.6358
-72.6118
-72.588
-72.5645
-72.5413
-72.5182
-72.4955
-72.4729
-72.4506
-72.4286
-72.4067
-72.3851
-72.3638
-72.3427
-72.3218
-72.3011
-72.2807
-72.2604
-72.2404
-72.2206
-72.2011
-72.1817
-72.1625
-72.1436
-72.1249
-72.1063
-72.088
-72.0699
-72.0519
-72.0342
-72.0166
-71.9993
-71.9821
-71.9652
-71.9484
-71.9318
-71.9154
-71.8991
-71.8831
-71.8672
-71.8515
-71.836
-71.8206
-71.8054
-71.7904
-71.7756
-71.7609
-71.7464
-71.732
-71.7178
-71.7038
-71.6919
-71.6967
-71.7047
-71.7083
-71.7071
-71.7025
-71.6955
-71.687
-71.6773
-71.6669
-71.666
-71.6849
-71.7067
-71.7208
-71.7275
-71.7285
-71.7256
-71.7202
-71.7128
-71.7042
-71.6972
-71.7005
-71.7133
-71.7247
-71.7302
-71.7306
-71.7274
-71.7215
-71.7139
-71.705
-71.6953
-71.6914
-71.6945
-71.7054
-71.7153
-71.7197
-71.7194
-71.7156
-71.7094
-71.7016
-71.6926
-71.6831
-71.682
-71.6849
-71.6941
-71.7042
-71.7094
-71.7097
-71.7064
-71.7007
-71.6932
-71.6845
-71.675
-71.6731
-71.6762
-71.6795
-71.6893
-71.697
-71.6996
-71.6981
-71.6936
-71.687
-71.679
-71.67
-71.664
-71.6669
-71.6691
-71.6717
-71.6807
-71.6874
-71.6892
-71.6871
-71.6823
-71.6756
-71.6675
-71.6585
-71.6548
-71.6585
-71.6605
-71.6602
-71.6675
-71.6749
-71.6779
-71.6768
-71.6726
-71.6664
-71.6587
-71.6501
-71.6468
-71.6508
-71.6532
-71.6519
-71.6527
-71.6604
-71.6658
-71.6667
-71.6642
-71.6591
-71.6522
-71.6442
-71.6365
-71.6389
-71.6431
-71.6439
-71.6414
-71.6392
-71.6459
-71.6518
-71.6535
-71.6515
-71.6469
-71.6404
-71.6326
-71.6269
-71.631
-71.6351
-71.6368
-71.6453
-71.6535
-71.6572
-71.6567
-71.6531
-71.6474
-71.6402
-71.6319
-71.6232
-71.6237
-71.6283
-71.6328
-71.6439
-71.6528
-71.6565
-71.656
-71.6525
-71.6468
-71.6396
-71.6314
-71.6225
-71.613
-71.611
-71.6158
-71.6224
-71.6353
-71.645
-71.6492
-71.6491
-71.6458
-71.6403
-71.6334
-71.6268
-71.6522
-71.7283
-71.8654
-72.0508
-72.3119
-72.5458
-72.7352
-72.8687
-72.9528
-73.0237
-73.1638
-73.4174
-73.73
-73.9815
-74.1611
-74.27
-74.3299
-74.3594
-74.3728
-74.3872
-74.4227
-74.5005
-74.5863
-74.6448
-74.6813
-74.7
-74.7061
-74.7044
-74.6984
-74.6914
-74.6907
-74.7077
-74.7333
-74.7533
-74.7654
-74.7706
-74.7696
-74.764
-74.7552
-74.7443
-74.7354
-74.7387
-74.7523
-74.7674
-74.7773
-74.7815
-74.7805
-74.7758
-74.7673
-74.7557
-74.7442
-74.7391
-74.7461
-74.7588
-74.7711
-74.7793
-74.7819
-74.7796
-74.7745
-74.7654
-74.754
-74.7433
-74.741
-74.7471
-74.758
-74.7688
-74.7758
-74.7776
-74.7754
-74.7705
-74.7628
-74.7524
-74.7428
-74.7414
-74.7466
-74.7542
-74.7639
-74.7713
-74.7744
-74.7731
-74.7682
-74.7611
-74.7519
-74.7427
-74.7397
-74.7422
-74.7467
-74.7536
-74.7619
-74.7674
-74.7688
-74.7661
-74.7606
-74.7526
-74.745
-74.7404
-74.7409
-74.7435
-74.7467
-74.7514
-74.7571
-74.7616
-74.7623
-74.7596
-74.7543
-74.7465
-74.7397
-74.7365
-74.7378
-74.7405
-74.7429
-74.7459
-74.75
-74.7542
-74.7556
-74.7543
-74.7503
-74.745
-74.7393
-74.7358
-74.7353
-74.7375
-74.7393
-74.7403
-74.7424
-74.745
-74.7476
-74.7474
-74.745
-74.7407
-74.7367
-74.7332
-74.7313
-74.7315
-74.7339
-74.7357
-74.7363
-74.7375
-74.7388
-74.7409
-74.7405
-74.7376
-74.7353
-74.7332
-74.73
-74.7281
-74.7268
-74.7286
-74.7302
-74.7313
-74.7314
-74.7321
-74.7325
-74.7329
-74.7304
-74.7271
-74.726
-74.7252
-74.724
-74.7223
-74.7211
-74.7237
-74.7256
-74.7259
-74.7255
-74.7252
-74.7256
-74.7258
-74.7252
-74.7222
-74.7182
-74.7164
-74.7164
-74.7166
-74.7149
-74.7153
-74.719
-74.7198
-74.7195
-74.7176
-74.7158
-74.716
-74.7167
-74.7171
-74.7155
-74.7107
-74.7061
-74.7064
-74.7076
-74.7077
-74.7087
-74.7112
-74.7128
-74.7124
-74.7097
-74.7065
-74.7052
-74.7076
-74.7097
-74.7093
-74.707
-74.7021
-74.6966
-74.6951
-74.6972
-74.698
-74.7005
-74.7039
-74.7035
-74.7019
-74.7002
-74.6962
-74.6935
-74.6959
-74.6998
-74.7012
-74.6988
-74.6959
-74.6912
-74.6877
-74.6855
-74.685
-74.6873
-74.6904
-74.6924
-74.6935
-74.6907
-74.6868
-74.6841
-74.6825
-74.6816
-74.6849
-74.6901
-74.6907
-74.6866
-74.683
-74.6818
-74.6793
-74.6761
-74.6731
-74.6732
-74.6758
-74.679
-74.6796
-74.6777
-74.6745
-74.671
-74.6691
-74.6693
-74.6711
-74.6731
-74.6756
-74.6783
-74.6759
-74.6725
-74.6713
-74.6685
-74.6632
-74.6596
-74.6582
-74.6583
-74.659
-74.6612
-74.6628
-74.6606
-74.6575
-74.6548
-74.652
-74.6502
-74.6512
-74.6528
-74.6552
-74.6603
-74.6631
-74.6631
-74.6603
-74.6573
-74.6518
-74.6455
-74.6403
-74.6412
-74.6407
-74.6418
-74.6414
-74.6407
-74.6418
-74.6409
-74.638
-74.6355
-74.6317
-74.6299
-74.6305
-74.6356
-74.6409
-74.6437
-74.6476
-74.647
-74.6437
-74.6388
-74.6339
-74.6294
-74.6228
-74.6182
-74.6175
-74.6192
-74.6199
-74.6204
-74.6196
-74.6162
-74.613
-74.6126
-74.6116
-74.6109
-74.6083
-74.6056
-74.6052
-74.6061
-74.6095
-74.6156
-74.622
-74.6246
-74.6204
-74.6123
-74.6057
-74.603
-74.6021
-74.5996
-74.5968
-74.5945
-74.5965
-74.5987
-74.5986
-74.5948
-74.5902
-74.5862
-74.5825
-74.5805
-74.5788
-74.5796
-74.5779
-74.5781
-74.5759
-74.5743
-74.5772
-74.5811
-74.5846
-74.5905
-74.5974
-74.5974
-74.5902
-74.5809
-74.5717
-74.5661
-74.5636
-74.5655
-74.5671
-74.5665
-74.5673
-74.5675
-74.5677
-74.5655
-74.5614
-74.5554
-74.5486
-74.5405
-74.5331
-74.5273
-74.5268
-74.5259
-74.5266
-74.5297
-74.5324
-74.5383
-74.542
-74.5439
-74.5459
-74.5456
-74.5437
-74.5452
-74.5467
-74.5451
-74.5382
-74.5298
-74.5202
-74.5157
-74.5169
-74.5186
-74.52
-74.5206
-74.522
-74.5252
-74.5276
-74.5282
-74.5223
-74.5123
-74.501
-74.4894
-74.478
-74.469
-74.4624
-74.4582
-74.4556
-74.4563
-74.4617
-74.4701
-74.4767
-74.4832
-74.4915
-74.4964
-74.4992
-74.502
-74.5032
-74.4986
-74.4913
-74.4874
-74.4825
-74.4799
-74.4795
-74.4764
-74.4724
-74.4702
-74.472
-74.473
-74.4697
-74.4674
-74.4661
-74.4626
-74.4592
-74.4566
-74.455
-74.453
-74.4496
-74.4435
-74.4349
-74.4253
-74.4159
-74.4063
-74.3962
-74.3852
-74.3737
-74.3685
-74.3683
-74.3717
-74.3753
-74.3801
-74.3891
-74.395
-74.4011
-74.4062
-74.4111
-74.4122
-74.4133
-74.4167
-74.4183
-74.4194
-74.417
-74.4131
-74.4125
-74.4109
-74.4105
-74.4079
-74.4029
-74.3969
-74.3925
-74.3936
-74.392
-74.3851
-74.3781
-74.3752
-74.3736
-74.3685
-74.3611
-74.3508
-74.3412
-74.3329
-74.3217
-74.3071
-74.2918
-74.2809
-74.2785
-74.2813
-74.2831
-74.2812
-74.2748
-74.2698
-74.2646
-74.2571
-74.2485
-74.2435
-74.2448
-74.2515
-74.2608
-74.2642
-74.2626
-74.259
-74.2619
-74.2638
-74.2636
-74.27
-74.2733
-74.2762
-74.2774
-74.2739
-74.2662
-74.2606
-74.2693
-74.2792
-74.2837
-74.2867
-74.2876
-74.2858
-74.2846
-74.2848
-74.2888
-74.2891
-74.2845
-74.2817
-74.279
-74.276
-74.2709
-74.2632
-74.2509
-74.2338
-74.2164
-74.2013
-74.1873
-74.176
-74.1726
-74.1738
-74.1711
-74.164
-74.1546
-74.1418
-74.1294
-74.1221
-74.1175
-74.1099
-74.1051
-74.0996
-74.0887
-74.0715
-74.0495
-74.0271
-74.0105
-73.9979
-73.985
-73.9821
-73.9946
-74.006
-74.0165
-74.0335
-74.0558
-74.0696
-74.0711
-74.0692
-74.0702
-74.0707
-74.0685
-74.0642
-74.063
-74.0629
-74.0677
-74.0693
-74.0658
-74.0598
-74.064
-74.0805
-74.0972
-74.1129
-74.1211
-74.1215
-74.1202
-74.1176
-74.1126
-74.1026
-74.0877
-74.0783
-74.0696
-74.063
-74.0549
-74.0431
-74.0277
-74.0132
-74.007
-74.0036
-73.9984
-73.997
-73.9935
-73.9906
-73.9882
-73.9928
-74.0007
-74.0024
-73.9991
-73.9928
-73.9812
-73.9684
-73.9563
-73.9448
-73.9374
-73.9375
-73.9399
-73.9429
-73.945
-73.9435
-73.9344
-73.9206
-73.9133
-73.9073
-73.8952
-73.8797
-73.8649
-73.8606
-73.857
-73.8465
-73.837
-73.835
-73.8289
-73.8223
-73.8163
-73.806
-73.7989
-73.7911
-73.7829
-73.7779
-73.7678
-73.7524
-73.7379
-73.7212
-73.7004
-73.6768
-73.6567
-73.6366
-73.6136
-73.5879
-73.5603
-73.5312
-73.5012
-73.4758
-73.4645
-73.4653
-73.4664
-73.4668
-73.4617
-73.4509
-73.442
-73.43
-73.4132
-73.3962
-73.3828
-73.3666
-73.3467
-73.3269
-73.3163
-73.3103
-73.3
-73.2844
-73.2646
-73.242
-73.2174
-73.1929
-73.1917
-73.2026
-73.224
-73.2483
-73.2608
-73.2655
-73.2751
-73.2817
-73.2802
-73.2792
-73.2751
-73.2649
-73.2521
-73.2499
-73.2505
-73.2525
-73.2515
-73.2514
-73.2488
-73.2398
-73.2296
-73.2225
-73.215
-73.2108
-73.2026
-73.1918
-73.1934
-73.1954
-73.1904
-73.1832
-73.1785
-73.1696
-73.1557
-73.1378
-73.1171
-73.0945
-73.0705
-73.0455
-73.0248
-73.0213
-73.0204
-73.0135
-73.0009
-72.99
-72.9836
-72.9736
-72.9592
-72.9414
-72.921
-72.899
-72.8758
-72.8518
-72.8272
-72.8053
-72.794
-72.7829
-72.7684
-72.7507
-72.7309
-72.7095
-72.6871
-72.664
-72.6405
-72.6168
-72.5929
-72.5689
-72.5449
-72.5209
-72.5063
-72.4999
-72.4913
-72.4789
-72.4643
-72.4606
-72.4671
-72.4788
-72.4839
-72.4815
-72.4735
-72.4616
-72.447
-72.4305
-72.4128
-72.3941
-72.3748
-72.355
-72.3349
-72.3146
-72.2942
-72.2737
-72.2532
-72.2327
-72.2123
-72.1919
-72.1717
-72.1516
-72.1317
-72.1119
-72.0923
-72.0728
-72.0536
-72.0345
-72.0156
-71.9969
-71.9783
-71.96
-71.9419
-71.9239
-71.9062
-71.8887
-71.8713
-71.8542
-71.8372
-71.8205
-71.8039
-71.7875
-71.7713
-71.7553
-71.7395
-71.7239
-71.7085
-71.6932
-71.6781
-71.6632
-71.6485
-71.634
-71.6196
-71.6054
-71.5914
-71.5776
-71.5639
-71.5504
-71.537
-71.5238
-71.5108
-71.4979
-71.4852
-71.4727
-71.4603
-71.4481
-71.436
-71.424
-71.4122
-71.4006
-71.3891
-71.3777
-71.3665
-71.3554
-71.3445
-71.3337
-71.3231
-71.3126
-71.3022
-71.2919
-71.2818
-71.2718
-71.262
-71.2523
-71.2427
-71.2332
-71.2238
-71.2146
-71.2055
-71.1965
-71.1876
-71.1788
-71.1702
-71.1617
-71.1532
-71.1449
-71.1367
-71.1286
-71.1206
-71.1127
-71.105
-71.0973
-71.0897
-71.0822
-71.0748
-71.0676
-71.0604
-71.0533
-71.0463
-71.0394
-71.0326
-71.0259
-71.0193
-71.0127
-71.0063
-70.9999
-70.9937
-70.9875
-70.9814
-70.9754
-70.9694
-70.9636
-70.9578
-70.9521
-70.9465
-70.941
-70.9355
-70.9301
-70.9248
-70.9196
-70.9144
-70.9093
-70.9043
-70.8994
-70.8945
-70.8897
-70.885
-70.8803
-70.8757
-70.8712
-70.8667
-70.8623
-70.8579
-70.8536
-70.8494
-70.8453
-70.8412
-70.8371
-70.8332
-70.8292
-70.8254
-70.8216
-70.8178
-70.8141
-70.8105
-70.8069
-70.8034
-70.7999
-70.7965
-70.7931
-70.7898
-70.7865
-70.7833
-70.7801
-70.777
-70.7739
-70.7709
-70.7679
-70.7649
-70.762
-70.7592
-70.7564
-70.7536
-70.7509
-70.7482
-70.7456
-70.743
-70.7405
-70.738
-70.7355
-70.7331
-70.7307
-70.7283
-70.726
-70.7238
-70.7215
-70.7193
-70.7172
-70.715
-70.7129
-70.7109
-70.7089
-70.7069
-70.7049
-70.703
-70.7011
-70.6992
-70.6974
-70.6956
-70.6939
-70.6921
-70.6904
-70.6887
-70.6871
-70.6855
-70.6839
-70.6823
-70.6808
-70.6793
-70.6778
-70.6764
-70.675
-70.6736
-70.6722
-70.6709
-70.6695
-70.6682
-70.667
-70.6657
-70.6645
-70.6633
-70.6621
-70.661
-70.6598
-70.6587
-70.6576
-70.6566
-70.6555
-70.6545
-70.6535
-70.6525
-70.6515
-70.6506
-70.6497
-70.6488
-70.6479
-70.647
-70.6461
-70.6453
-70.6445
-70.6437
-70.6429
-70.6422
-70.6414
-70.6407
-70.64
-70.6393
-70.6386
-70.6379
-70.6373
-70.6367
-70.636
-70.6354
-70.6348
-70.6343
-70.6337
-70.6332
-70.6326
-70.6321
-70.6316
-70.6311
-70.6306
-70.6301
-70.6297
-70.6292
-70.6288
-70.6284
-70.628
-70.6276
-70.6272
-70.6268
-70.6265
-70.6261
-70.6258
-70.6254
-70.6251
-70.6248
-70.6245
-70.6242
-70.6239
-70.6237
-70.6234
-70.6232
-70.6229
-70.6227
-70.6224
-70.6222
-70.622
-70.6218
-70.6216
-70.6214
-70.6213
-70.6211
-70.6209
-70.6208
-70.6206
-70.6205
-70.6204
-70.6203
-70.6201
-70.62
-70.6199
-70.6198
-70.6197
-70.6197
-70.6196
-70.6195
-70.6194
-70.6194
-70.6193
-70.6193
-70.6192
-70.6192
-70.6192
-70.6191
-70.6191
-70.6191
-70.6191
-70.6191
-70.6191
-70.6191
-70.6191
-70.6191
-70.6191
-70.6191
-70.6192
-70.6192
-70.6192
-70.6193
-70.6193
-70.6194
-70.6194
-70.6195
-70.6195
-70.6196
-70.6197
-70.6197
-70.6198
-70.6199
-70.6199
-70.62
-70.6201
-70.6202
-70.6203
-70.6204
-70.6205
-70.6206
-70.6207
-70.6208
-70.6209
-70.621
-70.6211
-70.6212
-70.6213
-70.6214
-70.6216
-70.6217
-70.6218
-70.6219
-70.6221
-70.6222
-70.6223
-70.6225
-70.6226
-70.6227
-70.6229
-70.623
-70.6232
-70.6233
-70.6235
-70.6236
-70.6238
-70.6239
-70.6241
-70.6242
-70.6244
-70.6245
-70.6247
-70.6248
-70.625
-70.6252
-70.6253
-70.6255
-70.6256
-70.6258
-70.626
-70.6261
-70.6263
-70.6265
-70.6266
-70.6268
-70.627
-70.6271
-70.6273
-70.6275
-70.6277
-70.6278
-70.628
-70.6282
-70.6283
-70.6285
-70.6287
-70.6289
-70.629
-70.6292
-70.6294
-70.6296
-70.6298
-70.6299
-70.6301
-70.6303
-70.6305
-70.6306
-70.6308
-70.631
-70.6312
-70.6314
-70.6315
-70.6317
-70.6319
-70.6321
-70.6322
-70.6324
-70.6326
-70.6328
-70.633
-70.6331
-70.6333
-70.6335
-70.6337
-70.6338
-70.634
-70.6342
-70.6344
-70.6345
-70.6347
-70.6349
-70.6351
-70.6353
-70.6354
-70.6356
-70.6358
-70.6359
-70.6361
-70.6363
-70.6365
-70.6366
-70.6368
-70.637
-70.6372
-70.6373
-70.6375
-70.6377
-70.6378
-70.638
-70.6382
-70.6383
-70.6385
-70.6387
-70.6388
-70.639
-70.6392
-70.6393
-70.6395
-70.6397
-70.6398
-70.64
-70.6402
-70.6403
-70.6405
-70.6406
-70.6408
-70.641
-70.6411
-70.6413
-70.6414
-70.6416
-70.6417
-70.6419
-70.6421
-70.6422
-70.6424
-70.6425
-70.6427
-70.6428
-70.643
-70.6431
-70.6433
-70.6434
-70.6436

