-70
-70.1661
-70.23
-70.2566
-70.2695
-70.2773
-70.283
-70.2879
-70.2925
-70.297
-70.3014
-70.3057
-70.31
-70.3142
-70.3185
-70.3226
-70.3268
-70.3309
-70.335
-70.3391
-70.3431
-70.3471
-70.351
-70.3549
-70.3588
-70.3626
-70.3664
-70.3701
-70.3738
-70.3775
-70.3811
-70.3847
-70.3883
-70.3918
-70.3953
-70.3987
-70.4021
-70.4055
-70.4088
-70.4121
-70.4154
-70.4186
-70.4218
-70.4249
-70.428
-70.4311
-70.4341
-70.4372
-70.4401
-70.4431
-70.446
-70.4489
-70.4517
-70.4545
-70.4573
-70.4601
-70.4628
-70.4655
-70.4682
-70.4708
-70.4734
-70.476
-70.4785
-70.481
-70.4835
-70.486
-70.4884
-70.4908
-70.4932
-70.4955
-70.4978
-70.5001
-70.5024
-70.5046
-70.5068
-70.509
-70.5112
-70.5133
-70.5154
-70.5175
-70.5196
-70.5216
-70.5236
-70.5256
-70.5276
-70.5295
-70.5315
-70.5334
-70.5352
-70.5371
-70.5389
-70.5407
-70.5425
-70.5443
-70.5461
-70.5478
-70.5495
-70.5512
-70.5528
-70.5545
-70.5561
-70.5577
-70.5593
-70.5609
-70.5624
-70.5639
-70.5655
-70.5669
-70.5684
-70.5699
-70.5713
-70.5727
-70.5741
-70.5755
-70.5769
-70.5782
-70.5796
-70.5809
-70.5822
-70.5835
-70.5848
-70.586
-70.5873
-70.5885
-70.5897
-70.5909
-70.5921
-70.5932
-70.5944
-70.5955
-70.5966
-70.5977
-70.5988
-70.5999
-70.601
-70.602
-70.603
-70.6041
-70.6051
-70.6061
-70.6071
-70.608
-70.609
-70.6099
-70.6109
-70.6118
-70.6127
-70.6136
-70.6145
-70.6154
-70.6162
-70.6171
-70.6179
-70.6187
-70.6196
-70.6204
-70.6212
-70.622
-70.6227
-70.6235
-70.6242
-70.625
-70.6257
-70.6265
-70.6272
-70.6279
-70.6286
-70.6293
-70.6299
-70.6306
-70.6313
-70.6319
-70.6325
-70.6332
-70.6338
-70.6344
-70.635
-70.6356
-70.6362
-70.6368
-70.6374
-70.6379
-70.6385
-70.639
-70.6396
-70.6401
-70.6406
-70.6411
-70.6417
-70.6422
-70.6427
-70.6431
-70.6436
-70.6441
-70.6446
-70.645
-70.6455
-70.6459
-70.6464
-70.6468
-70.6472
-70.6476
-70.6481
-70.6485
-70.6489
-70.6493
-70.6497
-70.65
-70.6504
-70.6508
-70.6512
-70.6515
-70.6519
-70.6522
-70.6526
-70.6529
-70.6533
-70.6536
-70.6539
-70.6542
-70.6545
-70.6549
-70.6552
-70.6555
-70.6558
-70.656
-70.6563
-70.6566
-70.6569
-70.6572
-70.6574
-70.6577
-70.658
-70.6582
-70.6585
-70.6587
-70.6589
-70.6592
-70.6594
-70.6597
-70.6599
-70.6601
-70.6603
-70.6605
-70.6607
-70.661
-70.6612
-70.6614
-70.6616
-70.6617
-70.6619
-70.6621
-70.6623
-70.6625
-70.6627
-70.6628
-70.663
-70.6632
-70.6633
-70.6635
-70.6637
-70.6638
-70.664
-70.6641
-70.6643
-70.6644
-70.6646
-70.6647
-70.6648
-70.665
-70.6651
-70.6652
-70.6653
-70.6655
-70.6656
-70.6657
-70.6658
-70.6659
-70.666
-70.6662
-70.6663
-70.6664
-70.6665
-70.6666
-70.6667
-70.6668
-70.6669
-70.667
-70.667
-70.6671
-70.6672
-70.6673
-70.6674
-70.6675
-70.6675
-70.6676
-70.6677
-70.6678
-70.6678
-70.6679
-70.668
-70.668
-70.6681
-70.6682
-70.6682
-70.6683
-70.6683
-70.6684
-70.6685
-70.6685
-70.6686
-70.6686
-70.6687
-70.6687
-70.6688
-70.6688
-70.6688
-70.6689
-70.6689
-70.669
-70.669
-70.669
-70.6691
-70.6691
-70.6691
-70.6692
-70.6692
-70.6692
-70.6693
-70.6693
-70.6693
-70.6694
-70.6694
-70.6694
-70.6694
-70.6694
-70.6695
-70.6695
-70.6695
-70.6695
-70.6695
-70.6696
-70.6696
-70.6696
-70.6696
-70.6696
-70.6696
-70.6696
-70.6697
-70.6697
-70.6697
-70.6697
-70.6697
-70.6697
-70.6697
-70.6697
-70.6697
-70.6697
-70.6697
-70.6697
-70.6697
-70.6697
-70.6697
-70.6697
-70.6697
-70.6697
-70.6697
-70.6697
-70.6697
-70.6697
-70.6697
-70.6697
-70.6697
-70.6697
-70.6697
-70.6697
-70.6697
-70.6697
-70.6697
-70.6697
-70.6697
-70.6697
-70.6697
-70.6696
-70.6696
-70.6696
-70.6696
-70.6696
-70.6696
-70.6696
-70.6696
-70.6696
-70.6695
-70.6695
-70.6695
-70.6695
-70.6695
-70.6695
-70.6695
-70.6695
-70.6694
-70.6694
-70.6694
-70.6694
-70.6694
-70.6694
-70.6693
-70.6693
-70.6693
-70.6693
-70.6693
-70.6693
-70.6693
-70.6692
-70.6692
-70.6692
-70.6692
-70.6692
-70.6691
-70.6691
-70.6691
-70.6691
-70.6691
-70.6691
-70.669
-70.669
-70.669
-70.669
-70.669
-70.6689
-70.6689
-70.6689
-70.6689
-70.6689
-70.6688
-70.6688
-70.6688
-70.6688
-70.6688
-70.6687
-70.6687
-70.6687
-70.6687
-70.6686
-70.6686
-70.6686
-70.6686
-70.6686
-70.6685
-70.6685
-70.6685
-70.6685
-70.6685
-70.6684
-70.6684
-70.6684
-70.6684
-70.6684
-70.6683
-70.6683
-70.6683
-70.6683
-70.6682
-70.6682
-70.6682
-70.6682
-70.6682
-70.6681
-70.6681
-70.6681
-70.6681
-70.6681
-70.6697
-70.8175
-71.552
-72.5439
-73.349
-73.8561
-68.1805
-54.5186
-51.1198
-49.1243
-46.2167
-26.6884
-15.3817
-41.4371
-68.4658
-68.6163
-67.5946
-66.5227
-65.4312
-64.338
-63.2609
-62.2169
-61.2211
-60.2841
-59.3768
-58.548
-57.8043
-57.1463
-56.5665
-56.0599
-55.6179
-55.2341
-54.9041
-54.6252
-54.3929
-54.2009
-54.0425
-53.9092
-53.7988
-53.7088
-53.6371
-53.5804
-53.536
-53.5014
-53.4728
-53.4494
-53.4303
-53.4163
-53.4062
-53.3992
-53.3944
-53.3913
-53.3889
-53.3858
-53.3828
-53.3805
-53.3796
-53.3798
-53.3807
-53.382
-53.3836
-53.3855
-53.3876
-53.3884
-53.388
-53.3871
-53.3857
-53.3855
-53.3861
-53.3872
-53.3886
-53.3902
-53.3918
-53.3935
-53.3952
-53.3969
-53.3987
-53.4003
-53.4009
-53.3994
-53.3982
-53.3961
-53.3936
-53.3916
-53.3903
-53.3895
-53.3886
-53.3871
-53.3837
-53.3731
-53.2806
-53.1869
-53.2031
-53.2389
-53.2702
-53.2931
-53.3087
-53.3193
-53.3268
-53.3328
-53.3383
-53.3441
-53.3515
-53.372
-53.3869
-53.3967
-53.4047
-53.4116
-53.4147
-53.4157
-53.4167
-53.4163
-53.4167
-53.4182
-53.4204
-53.4234
-53.427
-53.4312
-53.436
-53.4415
-53.4476
-53.4545
-53.462
-53.4704
-53.4796
-53.4898
-53.5009
-53.5131
-53.5265
-53.5411
-53.5571
-53.5746
-53.5937
-53.6146
-53.6374
-53.6622
-53.6246
-53.5207
-53.4775
-53.4653
-53.4663
-53.4731
-53.483
-53.4782
-53.4387
-53.4214
-53.4174
-53.4181
-53.4155
-53.4153
-53.4175
-53.421
-53.4252
-53.4299
-53.4349
-53.4402
-53.4458
-53.4517
-53.458
-53.4647
-53.4719
-53.4799
-53.4887
-53.4981
-53.5082
-53.519
-53.5307
-53.5434
-53.5572
-53.5723
-53.5886
-53.6067
-53.627
-53.6489
-53.6724
-53.6979
-53.7256
-53.55
-53.4608
-53.4337
-53.43
-53.4351
-53.4442
-53.455
-53.4663
-53.4778
-53.4746
-53.4304
-53.412
-53.4077
-53.4088
-53.4122
-53.4113
-53.4107
-53.4119
-53.4142
-53.4172
-53.4206
-53.4243
-53.4282
-53.4323
-53.4367
-53.4415
-53.4468
-53.4528
-53.4593
-53.4661
-53.4733
-53.4811
-53.4894
-53.4985
-53.5083
-53.519
-53.531
-53.5447
-53.5599
-53.5771
-53.5955
-53.6149
-53.6357
-53.6581
-53.6824
-53.7088
-53.7376
-53.7701
-53.8076
-53.6372
-53.457
-53.4061
-53.3979
-53.4033
-53.4128
-53.4234
-53.4343
-53.4451
-53.4559
-53.4675
-53.4793
-53.4913
-53.46
-53.4245
-53.4075
-53.4033
-53.4042
-53.4071
-53.4107
-53.4126
-53.4105
-53.4101
-53.4113
-53.4133
-53.4159
-53.419
-53.4225
-53.4261
-53.43
-53.4341
-53.4386
-53.4433
-53.4485
-53.4541
-53.4601
-53.4663
-53.4728
-53.4798
-53.4882
-53.4973
-53.5068
-53.5165
-53.5268
-53.5389
-53.5517
-53.5646
-53.5594
-53.4615
-53.4222
-53.4111
-53.41
-53.4119
-53.4047
-53.4007
-53.4003
-53.4015
-53.403
-53.4015
-53.399
-53.398
-53.3974
-53.3964
-53.3944
-53.3902
-53.3828
-53.3648
-53.2325
-53.1305
-53.1546
-53.201
-53.2414
-53.2717
-53.2932
-53.3073
-53.3171
-53.325
-53.3355
-53.3545
-53.3743
-53.4011
-53.4384
-53.4786
-53.515
-53.5498
-53.5848
-53.6227
-53.673
-53.7396
-53.8131
-53.891
-53.9664
-54.0381
-54.1085
-54.1817
-54.2607
-54.3497
-54.453
-54.5716
-54.6986
-54.8334
-54.9755
-55.1265
-55.2874
-55.4592
-55.643
-55.8423
-56.0625
-56.3071
-56.5712
-56.8526
-57.1476
-57.4559
-57.7795
-58.1158
-58.4665
-58.8366
-59.2302
-59.6511
-60.0994
-60.5666
-61.0461
-61.5288
-62.0142
-62.5017
-62.9881
-63.4784
-63.9761
-64.4839
-65.005
-65.5338
-66.06
-66.5709
-67.0605
-67.5282
-67.9752
-68.402
-68.8126
-69.2115
-69.599
-69.978
-70.3468
-70.6999
-71.0281
-71.3297
-71.6061
-71.8581
-72.0917
-72.3089
-72.5127
-72.7042
-72.8863
-73.0602
-73.2246
-73.3739
-73.5062
-73.6252
-73.73
-73.8237
-73.9095
-73.9886
-74.0619
-74.1304
-74.1958
-74.2585
-74.3176
-74.3687
-74.4124
-74.4506
-74.484
-74.5127
-74.5385
-74.5629
-74.5848
-74.6058
-74.6269
-74.6483
-74.6686
-74.6847
-74.6972
-74.7079
-74.7165
-74.7227
-74.7281
-74.7338
-74.7394
-74.7452
-74.7514
-74.7597
-74.7683
-74.7745
-74.7778
-74.7802
-74.7814
-74.7809
-74.7802
-74.7799
-74.779
-74.7789
-74.7801
-74.7821
-74.7859
-74.79
-74.7923
-74.7929
-74.7917
-74.7904
-74.7883
-74.787
-74.7858
-74.783
-74.7813
-74.7816
-74.7828
-74.7846
-74.7877
-74.7899
-74.79
-74.7878
-74.7851
-74.7824
-74.7805
-74.7779
-74.7741
-74.771
-74.7689
-74.7697
-74.7716
-74.7745
-74.7787
-74.7807
-74.7799
-74.7782
-74.7749
-74.7731
-74.7721
-74.7683
-74.764
-74.7599
-74.7569
-74.7573
-74.7601
-74.7639
-74.768
-74.7694
-74.767
-74.7645
-74.7618
-74.76
-74.7593
-74.7563
-74.7521
-74.7479
-74.7428
-74.7416
-74.7441
-74.7485
-74.7534
-74.7574
-74.7592
-74.7572
-74.7542
-74.7507
-74.7501
-74.7486
-74.7457
-74.7416
-74.7375
-74.7316
-74.7279
-74.7296
-74.7315
-74.7335
-74.7376
-74.7409
-74.7432
-74.7417
-74.7381
-74.7375
-74.736
-74.7331
-74.7303
-74.7281
-74.7245
-74.7198
-74.7168
-74.717
-74.7187
-74.7204
-74.7227
-74.7245
-74.7279
-74.7305
-74.7283
-74.7265
-74.7272
-74.7242
-74.719
-74.7144
-74.7118
-74.7098
-74.7046
-74.7
-74.6982
-74.699
-74.699
-74.7018
-74.7056
-74.7068
-74.7091
-74.712
-74.7126
-74.7125
-74.7125
-74.7105
-74.7067
-74.7015
-74.6973
-74.6939
-74.6896
-74.6863
-74.6836
-74.6837
-74.6839
-74.6839
-74.6868
-74.6912
-74.6929
-74.6934
-74.6947
-74.6957
-74.6946
-74.6942
-74.6943
-74.6925
-74.6873
-74.6799
-74.6731
-74.667
-74.6635
-74.6606
-74.6584
-74.6601
-74.6614
-74.6629
-74.666
-74.6693
-74.6727
-74.6751
-74.6768
-74.6778
-74.6789
-74.6776
-74.6761
-74.6748
-74.671
-74.6649
-74.6589
-74.6508
-74.6454
-74.6421
-74.641
-74.6397
-74.641
-74.6423
-74.6426
-74.6433
-74.646
-74.6474
-74.6493
-74.6516
-74.6562
-74.6599
-74.659
-74.655
-74.6541
-74.6516
-74.6466
-74.6399
-74.6329
-74.625
-74.6163
-74.6101
-74.6065
-74.6065
-74.6099
-74.6164
-74.6193
-74.619
-74.6193
-74.6199
-74.6229
-74.626
-74.6289
-74.629
-74.6302
-74.6324
-74.6337
-74.6324
-74.6301
-74.6248
-74.6167
-74.6096
-74.6051
-74.5981
-74.5905
-74.5864
-74.5821
-74.5737
-74.5717
-74.574
-74.579
-74.5851
-74.5898
-74.5938
-74.596
-74.5967
-74.5979
-74.5979
-74.5985
-74.6003
-74.6008
-74.5999
-74.5971
-74.5947
-74.5921
-74.5895
-74.5868
-74.5812
-74.5718
-74.5621
-74.5548
-74.5511
-74.5455
-74.5387
-74.5363
-74.5373
-74.5384
-74.5361
-74.5349
-74.5378
-74.542
-74.5499
-74.5576
-74.5631
-74.5634
-74.5612
-74.5599
-74.5642
-74.5671
-74.5707
-74.5694
-74.5632
-74.5563
-74.551
-74.5448
-74.5349
-74.5264
-74.5202
-74.5153
-74.5133
-74.5122
-74.506
-74.4961
-74.4873
-74.4833
-74.4844
-74.4856
-74.4892
-74.4933
-74.4937
-74.4911
-74.4882
-74.4909
-74.4956
-74.4977
-74.4955
-74.4946
-74.5006
-74.5048
-74.5111
-74.5144
-74.5162
-74.5201
-74.5235
-74.5237
-74.5184
-74.5102
-74.5048
-74.4988
-74.491
-74.4804
-74.4646
-74.4479
-74.4337
-74.4202
-74.4134
-74.4098
-74.4106
-74.4165
-74.4256
-74.431
-74.4313
-74.4272
-74.4243
-74.4193
-74.4167
-74.418
-74.4215
-74.4232
-74.4224
-74.4203
-74.4197
-74.4238
-74.429
-74.4288
-74.4259
-74.4277
-74.4283
-74.4248
-74.4249
-74.4323
-74.4368
-74.4401
-74.4398
-74.4388
-74.4393
-74.4397
-74.438
-74.4329
-74.4256
-74.4152
-74.4037
-74.3909
-74.3774
-74.3605
-74.3432
-74.329
-74.3229
-74.3208
-74.3175
-74.317
-74.3165
-74.3147
-74.3125
-74.3121
-74.3094
-74.307
-74.3049
-74.3038
-74.3063
-74.3041
-74.2955
-74.2877
-74.2868
-74.2856
-74.2822
-74.2836
-74.2905
-74.3003
-74.3067
-74.3126
-74.3173
-74.3152
-74.3076
-74.3027
-74.3048
-74.3062
-74.3064
-74.3032
-74.3009
-74.301
-74.3034
-74.3017
-74.2969
-74.2973
-74.3047
-74.3131
-74.3161
-74.316
-74.3145
-74.3063
-74.2912
-74.2716
-74.2572
-74.2484
-74.2405
-74.2293
-74.2152
-74.2068
-74.1977
-74.193
-74.1924
-74.1917
-74.1901
-74.1838
-74.1742
-74.1648
-74.1596
-74.1535
-74.1442
-74.1361
-74.1313
-74.1298
-74.1314
-74.1294
-74.1225
-74.1104
-74.0959
-74.0775
-74.0628
-74.0552
-74.0494
-74.0463
-74.05
-74.0551
-74.0559
-74.0549
-74.0489
-74.0382
-74.0355
-74.038
-74.0424
-74.0514
-74.0594
-74.0663
-74.0771
-74.0973
-74.1117
-74.1197
-74.1235
-74.1221
-74.122
-74.1246
-74.1297
-74.1299
-74.122
-74.1169
-74.1154
-74.114
-74.1175
-74.1176
-74.1107
-74.1008
-74.0908
-74.0931
-74.1035
-74.1098
-74.1066
-74.0983
-74.0961
-74.097
-74.0953
-74.0922
-74.0895
-74.0812
-74.0724
-74.0674
-74.0581
-74.0488
-74.0404
-74.0312
-74.0197
-74.0082
-73.9996
-73.993
-73.9836
-73.969
-73.9538
-73.9366
-73.9199
-73.9002
-73.8777
-73.8652
-73.8566
-73.8554
-73.8597
-73.862
-73.8593
-73.85
-73.8446
-73.8397
-73.8396
-73.8407
-73.839
-73.83
-73.8144
-73.7991
-73.7873
-73.7773
-73.775
-73.7737
-73.7653
-73.75
-73.7298
-73.7075
-73.6943
-73.6831
-73.6734
-73.6641
-73.6609
-73.6618
-73.6563
-73.6434
-73.6249
-73.6073
-73.5911
-73.573
-73.5603
-73.5522
-73.5404
-73.5234
-73.5026
-73.4888
-73.4816
-73.475
-73.474
-73.4789
-73.479
-73.4744
-73.4693
-73.4588
-73.4437
-73.4356
-73.4321
-73.4236
-73.4092
-73.3905
-73.3757
-73.3675
-73.3693
-73.3678
-73.359
-73.3441
-73.3249
-73.3028
-73.2786
-73.2541
-73.2374
-73.2251
-73.2175
-73.2065
-73.1914
-73.1813
-73.1736
-73.1801
-73.2139
-73.2441
-73.259
-73.2611
-73.2542
-73.2465
-73.241
-73.2312
-73.2165
-73.2007
-73.1908
-73.1847
-73.181
-73.1725
-73.1621
-73.1586
-73.1604
-73.1609
-73.163
-73.1595
-73.1548
-73.1594
-73.1636
-73.1602
-73.1512
-73.1466
-73.1403
-73.1288
-73.1129
-73.0956
-73.0859
-73.0756
-73.0612
-73.0432
-73.0226
-73.0002
-72.9765
-72.9519
-72.9267
-72.901
-72.8751
-72.8489
-72.8227
-72.7964
-72.7734
-72.7618
-72.7508
-72.7449
-72.7433
-72.7372
-72.726
-72.7108
-72.693
-72.6734
-72.6524
-72.6307
-72.6083
-72.5856
-72.5691
-72.5771
-72.5868
-72.5888
-72.5835
-72.5731
-72.5591
-72.5426
-72.5245
-72.5053
-72.4852
-72.4646
-72.4436
-72.4223
-72.4009
-72.3793
-72.3578
-72.3362
-72.3147
-72.2933
-72.272
-72.2509
-72.2299
-72.209
-72.1883
-72.1678
-72.1475
-72.1273
-72.1074
-72.0876
-72.0681
-72.0488
-72.0296
-72.0107
-71.992
-71.9734
-71.9551
-71.937
-71.9191
-71.9014
-71.8839
-71.8666
-71.8495
-71.8326
-71.8158
-71.7993
-71.783
-71.7669
-71.7509
-71.7352
-71.7196
-71.7042
-71.6891
-71.674
-71.6592
-71.6446
-71.6301
-71.6158
-71.6016
-71.5877
-71.5739
-71.5603
-71.5468
-71.5335
-71.5204
-71.5074
-71.4946
-71.482
-71.4695
-71.4571
-71.4449
-71.4329
-71.421
-71.4093
-71.3977
-71.3862
-71.3749
-71.3638
-71.3527
-71.3419
-71.3311
-71.3205
-71.31
-71.2997
-71.2895
-71.2794
-71.2695
-71.2597
-71.25
-71.2404
-71.231
-71.2217
-71.2125
-71.2034
-71.1945
-71.1856
-71.1769
-71.1683
-71.1598
-71.1514
-71.1431
-71.135
-71.1269
-71.1189
-71.1111
-71.1033
-71.0957
-71.0881
-71.0807
-71.0734
-71.0661
-71.059
-71.0519
-71.0449
-71.0381
-71.0313
-71.0246
-71.018
-71.0115
-71.0051
-70.9988
-70.9925
-70.9864
-70.9803
-70.9743
-70.9684
-70.9626
-70.9568
-70.9511
-70.9456
-70.94
-70.9346
-70.9292
-70.924
-70.9187
-70.9136
-70.9085
-70.9035
-70.8986
-70.8938
-70.889
-70.8843
-70.8796
-70.875
-70.8705
-70.8661
-70.8617
-70.8573
-70.8531
-70.8489
-70.8447
-70.8406
-70.8366
-70.8327
-70.8288
-70.8249
-70.8211
-70.8174
-70.8137
-70.8101
-70.8065
-70.803
-70.7995
-70.7961
-70.7928
-70.7894
-70.7862
-70.783
-70.7798
-70.7767
-70.7736
-70.7706
-70.7676
-70.7647
-70.7618
-70.759
-70.7562
-70.7535
-70.7507
-70.7481
-70.7455
-70.7429
-70.7403
-70.7379
-70.7354
-70.733
-70.7306
-70.7283
-70.726
-70.7237
-70.7215
-70.7193
-70.7171
-70.715
-70.7129
-70.7109
-70.7088
-70.7069
-70.7049
-70.703
-70.7011
-70.6993
-70.6974
-70.6957
-70.6939
-70.6922
-70.6905
-70.6888
-70.6872
-70.6856
-70.684
-70.6824
-70.6809
-70.6794
-70.6779
-70.6765
-70.6751
-70.6737
-70.6723
-70.671
-70.6697
-70.6684
-70.6671
-70.6659
-70.6646
-70.6634
-70.6623
-70.6611
-70.66
-70.6589
-70.6578
-70.6567
-70.6557
-70.6547
-70.6537
-70.6527
-70.6517
-70.6508
-70.6499
-70.649
-70.6481
-70.6472
-70.6464
-70.6455
-70.6447
-70.6439
-70.6431
-70.6424
-70.6416
-70.6409
-70.6402
-70.6395
-70.6388
-70.6382
-70.6375
-70.6369
-70.6363
-70.6357
-70.6351
-70.6345
-70.6339
-70.6334
-70.6329
-70.6323
-70.6318
-70.6313
-70.6309
-70.6304
-70.6299
-70.6295
-70.6291
-70.6286
-70.6282
-70.6278
-70.6275
-70.6271
-70.6267
-70.6264
-70.626
-70.6257
-70.6254
-70.6251
-70.6248
-70.6245
-70.6242
-70.6239
-70.6237
-70.6234
-70.6232
-70.6229
-70.6227
-70.6225
-70.6223
-70.6221
-70.6219
-70.6217
-70.6215
-70.6214
-70.6212
-70.6211
-70.6209
-70.6208
-70.6206
-70.6205
-70.6204
-70.6203
-70.6202
-70.6201
-70.62
-70.6199
-70.6198
-70.6198
-70.6197
-70.6196
-70.6196
-70.6195
-70.6195
-70.6195
-70.6194
-70.6194
-70.6194
-70.6194
-70.6193
-70.6193
-70.6193
-70.6193
-70.6193
-70.6194
-70.6194
-70.6194
-70.6194
-70.6194
-70.6195
-70.6195
-70.6196
-70.6196
-70.6197
-70.6197
-70.6198
-70.6198
-70.6199
-70.62
-70.62
-70.6201
-70.6202
-70.6203
-70.6203
-70.6204
-70.6205
-70.6206
-70.6207
-70.6208
-70.6209
-70.621
-70.6211
-70.6212
-70.6213
-70.6214
-70.6216
-70.6217
-70.6218
-70.6219
-70.622
-70.6222
-70.6223
-70.6224
-70.6225
-70.6227
-70.6228
-70.623
-70.6231
-70.6232
-70.6234
-70.6235
-70.6237
-70.6238
-70.624
-70.6241
-70.6243
-70.6244
-70.6246
-70.6247
-70.6249
-70.625
-70.6252
-70.6253
-70.6255
-70.6257
-70.6258
-70.626
-70.6262
-70.6263
-70.6265
-70.6266
-70.6268
-70.627
-70.6272
-70.6273
-70.6275
-70.6277
-70.6278
-70.628
-70.6282
-70.6283
-70.6285
-70.6287
-70.6289
-70.629
-70.6292
-70.6294
-70.6296
-70.6297
-70.6299
-70.6301
-70.6303
-70.6304
-70.6306
-70.6308
-70.631
-70.6312
-70.6313
-70.6315
-70.6317
-70.6319
-70.632
-70.6322
-70.6324
-70.6326
-70.6327
-70.6329
-70.6331
-70.6333
-70.6335
-70.6336
-70.6338
-70.634
-70.6342
-70.6343
-70.6345
-70.6347
-70.6349
-70.635
-70.6352
-70.6354
-70.6356
-70.6357
-70.6359
-70.6361
-70.6363
-70.6364
-70.6366
-70.6368
-70.6369
-70.6371
-70.6373
-70.6374
-70.6376
-70.6378
-70.638
-70.6381
-70.6383
-70.6385
-70.6386
-70.6388
-70.639
-70.6391
-70.6393
-70.6395
-70.6396
-70.6398
-70.6399
-70.6401
-70.6403
-70.6404
-70.6406
-70.6407
-70.6409
-70.6411
-70.6412
-70.6414
-70.6415
-70.6417
-70.6418
-70.642
-70.6422
-70.6423
-70.6425
-70.6426
-70.6428
-70.6429
-70.6431
-70.6432
-70.6434
-70.6435
-70.6437
-70.6438
-70.644
-70.6441

