-70
-70.1661
-70.23
-70.2566
-70.2695
-70.2773
-70.283
-70.2879
-70.2925
-70.297
-70.3014
-70.3057
-70.31
-70.3142
-70.3185
-70.3226
-70.3268
-70.3309
-70.335
-70.3391
-70.3431
-70.3471
-70.351
-70.3549
-70.3588
-70.3626
-70.3664
-70.3701
-70.3738
-70.3775
-70.3811
-70.3847
-70.3883
-70.3918
-70.3953
-70.3987
-70.4021
-70.4055
-70.4088
-70.4121
-70.4154
-70.4186
-70.4218
-70.4249
-70.428
-70.4311
-70.4341
-70.4372
-70.4401
-70.4431
-70.446
-70.4489
-70.4517
-70.4545
-70.4573
-70.4601
-70.4628
-70.4655
-70.4682
-70.4708
-70.4734
-70.476
-70.4785
-70.481
-70.4835
-70.486
-70.4884
-70.4908
-70.4932
-70.4955
-70.4978
-70.5001
-70.5024
-70.5046
-70.5068
-70.509
-70.5112
-70.5133
-70.5154
-70.5175
-70.5196
-70.5216
-70.5236
-70.5256
-70.5276
-70.5295
-70.5315
-70.5334
-70.5352
-70.5371
-70.5389
-70.5407
-70.5425
-70.5443
-70.5461
-70.5478
-70.5495
-70.5512
-70.5528
-70.5545
-70.5561
-70.5577
-70.5593
-70.5609
-70.5624
-70.5639
-70.5655
-70.5669
-70.5684
-70.5699
-70.5713
-70.5727
-70.5741
-70.5755
-70.5769
-70.5782
-70.5796
-70.5809
-70.5822
-70.5835
-70.5848
-70.586
-70.5873
-70.5885
-70.5897
-70.5909
-70.5921
-70.5932
-70.5944
-70.5955
-70.5966
-70.5977
-70.5988
-70.5999
-70.601
-70.602
-70.603
-70.6041
-70.6051
-70.6061
-70.6071
-70.608
-70.609
-70.6099
-70.6109
-70.6118
-70.6127
-70.6136
-70.6145
-70.6154
-70.6162
-70.6171
-70.6179
-70.6187
-70.6196
-70.6204
-70.6212
-70.622
-70.6227
-70.6235
-70.6242
-70.625
-70.6257
-70.6265
-70.6272
-70.6279
-70.6286
-70.6293
-70.6299
-70.6306
-70.6313
-70.6319
-70.6325
-70.6332
-70.6338
-70.6344
-70.635
-70.6356
-70.6362
-70.6368
-70.6374
-70.6379
-70.6385
-70.639
-70.6396
-70.6401
-70.6406
-70.6411
-70.6417
-70.6422
-70.6427
-70.6431
-70.6436
-70.6441
-70.6446
-70.645
-70.6455
-70.6459
-70.6464
-70.6468
-70.6472
-70.6476
-70.6481
-70.6485
-70.6489
-70.6493
-70.6497
-70.65
-70.6504
-70.6508
-70.6512
-70.6515
-70.6519
-70.6522
-70.6526
-70.6529
-70.6533
-70.6536
-70.6539
-70.6542
-70.6545
-70.6549
-70.6552
-70.6555
-70.6558
-70.656
-70.6563
-70.6566
-70.6569
-70.6572
-70.6574
-70.6577
-70.658
-70.6582
-70.6585
-70.6587
-70.6589
-70.6592
-70.6594
-70.6597
-70.6599
-70.6601
-70.6603
-70.6605
-70.6607
-70.661
-70.6612
-70.6614
-70.6616
-70.6617
-70.6619
-70.6621
-70.6623
-70.6625
-70.6627
-70.6628
-70.663
-70.6632
-70.6633
-70.6635
-70.6637
-70.6638
-70.664
-70.6641
-70.6643
-70.6644
-70.6646
-70.6647
-70.6648
-70.665
-70.6651
-70.6652
-70.6653
-70.6655
-70.6656
-70.6657
-70.6658
-70.6659
-70.666
-70.6662
-70.6663
-70.6664
-70.6665
-70.6666
-70.6667
-70.6668
-70.6669
-70.667
-70.667
-70.6671
-70.6672
-70.6673
-70.6674
-70.6675
-70.6675
-70.6676
-70.6677
-70.6678
-70.6678
-70.6679
-70.668
-70.668
-70.6681
-70.6682
-70.6682
-70.6683
-70.6683
-70.6684
-70.6685
-70.6685
-70.6686
-70.6686
-70.6687
-70.6687
-70.6688
-70.6688
-70.6688
-70.6689
-70.6689
-70.669
-70.669
-70.669
-70.6691
-70.6691
-70.6691
-70.6692
-70.6692
-70.6692
-70.6693
-70.6693
-70.6693
-70.6694
-70.6694
-70.6694
-70.6694
-70.6694
-70.6695
-70.6695
-70.6695
-70.6695
-70.6695
-70.6696
-70.6696
-70.6696
-70.6696
-70.6696
-70.6696
-70.6696
-70.6697
-70.6697
-70.6697
-70.6697
-70.6697
-70.6697
-70.6697
-70.6697
-70.6697
-70.6697
-70.6697
-70.6697
-70.6697
-70.6697
-70.6697
-70.6697
-70.6697
-70.6697
-70.6697
-70.6697
-70.6697
-70.6697
-70.6697
-70.6697
-70.6697
-70.6697
-70.6697
-70.6697
-70.6697
-70.6697
-70.6697
-70.6697
-70.6697
-70.6697
-70.6697
-70.6696
-70.6696
-70.6696
-70.6696
-70.6696
-70.6696
-70.6696
-70.6696
-70.6696
-70.6695
-70.6695
-70.6695
-70.6695
-70.6695
-70.6695
-70.6695
-70.6695
-70.6694
-70.6694
-70.6694
-70.6694
-70.6694
-70.6694
-70.6693
-70.6693
-70.6693
-70.6693
-70.6693
-70.6693
-70.6693
-70.6692
-70.6692
-70.6692
-70.6692
-70.6692
-70.6691
-70.6691
-70.6691
-70.6691
-70.6691
-70.6691
-70.669
-70.669
-70.669
-70.669
-70.669
-70.6689
-70.6689
-70.6689
-70.6689
-70.6689
-70.6688
-70.6688
-70.6688
-70.6688
-70.6688
-70.6687
-70.6687
-70.6687
-70.6687
-70.6686
-70.6686
-70.6686
-70.6686
-70.6686
-70.6685
-70.6685
-70.6685
-70.6685
-70.6685
-70.6684
-70.6684
-70.6684
-70.6684
-70.6684
-70.6683
-70.6683
-70.6683
-70.6683
-70.6682
-70.6682
-70.6682
-70.6682
-70.6682
-70.6681
-70.6681
-70.6681
-70.6681
-70.6681
-70.6877
-70.9971
-71.8102
-72.7583
-73.5064
-57.5811
-52.1049
-49.9796
-47.8825
-42.5604
10.2143
-28.2917
-60.1271
-68.9228
-68.0384
-66.9804
-65.8884
-64.7882
-63.6972
-62.6323
-61.6089
-60.6406
-59.7371
-58.8858
-58.1107
-57.4204
-56.8057
-56.2644
-55.794
-55.3878
-55.0369
-54.7384
-54.4878
-54.2786
-54.1059
-53.9623
-53.8428
-53.7448
-53.6662
-53.6033
-53.5532
-53.514
-53.4835
-53.4592
-53.4384
-53.4221
-53.4102
-53.4011
-53.3946
-53.3903
-53.3876
-53.3861
-53.3843
-53.382
-53.3808
-53.3805
-53.3803
-53.3808
-53.3811
-53.3818
-53.3829
-53.3844
-53.386
-53.3873
-53.3871
-53.3866
-53.3867
-53.387
-53.3874
-53.3882
-53.3894
-53.3906
-53.392
-53.3935
-53.395
-53.3965
-53.3981
-53.3996
-53.4009
-53.4021
-53.4023
-53.3984
-53.3958
-53.3942
-53.3925
-53.3909
-53.3891
-53.3876
-53.3852
-53.3785
-53.3238
-53.2459
-53.255
-53.281
-53.3041
-53.3211
-53.3327
-53.3405
-53.346
-53.3503
-53.3542
-53.3583
-53.363
-53.3687
-53.3761
-53.3857
-53.3979
-53.4124
-53.4172
-53.4179
-53.4192
-53.4215
-53.4249
-53.4264
-53.4222
-53.4198
-53.4198
-53.4214
-53.424
-53.4274
-53.4315
-53.4362
-53.4415
-53.4473
-53.4539
-53.461
-53.4689
-53.4776
-53.4871
-53.4975
-53.5088
-53.5212
-53.5348
-53.5496
-53.5658
-53.5834
-53.6027
-53.6237
-53.6466
-53.6716
-53.6989
-53.7287
-53.7613
-53.7969
-53.71
-53.4886
-53.4132
-53.3964
-53.3987
-53.4069
-53.4169
-53.4273
-53.4242
-53.4126
-53.4089
-53.4101
-53.4134
-53.4177
-53.4224
-53.4275
-53.4327
-53.4381
-53.4437
-53.4413
-53.435
-53.4325
-53.433
-53.4353
-53.4387
-53.4429
-53.4477
-53.4534
-53.4598
-53.4665
-53.4738
-53.4816
-53.49
-53.4991
-53.509
-53.5198
-53.5315
-53.5447
-53.5594
-53.5752
-53.5921
-53.6104
-53.6303
-53.6518
-53.5342
-53.4346
-53.4023
-53.3962
-53.3991
-53.4049
-53.4113
-53.4179
-53.4245
-53.431
-53.4286
-53.4214
-53.4132
-53.41
-53.41
-53.4118
-53.4144
-53.4173
-53.4206
-53.424
-53.4277
-53.4316
-53.4357
-53.4401
-53.4449
-53.4501
-53.4561
-53.4626
-53.4695
-53.4768
-53.4848
-53.4934
-53.5027
-53.5129
-53.524
-53.536
-53.5491
-53.5647
-53.5821
-53.6006
-53.6202
-53.6414
-53.6642
-53.689
-53.7158
-53.7425
-53.77
-53.7989
-53.8302
-53.8681
-53.9083
-53.9487
-53.9891
-53.7234
-53.4274
-53.3399
-53.3258
-53.3332
-53.3452
-53.3571
-53.3674
-53.3764
-53.3837
-53.3894
-53.3932
-53.3952
-53.3948
-53.3908
-53.3819
-53.37
-53.3311
-53.1019
-53.0941
-53.1742
-53.2395
-53.2818
-53.3075
-53.323
-53.3326
-53.3392
-53.3445
-53.3496
-53.3552
-53.3627
-53.3726
-53.385
-53.4005
-53.4192
-53.4408
-53.4649
-53.4915
-53.5207
-53.553
-53.5891
-53.629
-53.5354
-53.4557
-53.4307
-53.4261
-53.4289
-53.4348
-53.4421
-53.4504
-53.4594
-53.4692
-53.4756
-53.462
-53.4539
-53.4524
-53.4549
-53.4599
-53.4665
-53.4743
-53.4831
-53.4931
-53.5045
-53.5183
-53.5335
-53.5504
-53.5693
-53.5892
-53.6098
-53.6316
-53.655
-53.6812
-53.7143
-53.756
-53.8019
-53.852
-53.9048
-53.9593
-54.0155
-54.0751
-54.1398
-54.2127
-54.2964
-54.3929
-54.5011
-54.6183
-54.742
-54.1186
-53.5379
-53.3846
-53.3628
-53.3807
-53.4101
-53.4427
-53.4754
-53.5077
-53.5391
-53.5698
-53.6003
-53.631
-53.6626
-53.6959
-53.732
-53.7722
-53.8177
-53.8674
-53.9218
-53.979
-54.0394
-54.1038
-54.1728
-54.2475
-54.3289
-54.4204
-54.5249
-54.6423
-54.7715
-54.9113
-55.0577
-55.212
-55.3761
-55.5494
-55.7348
-55.9359
-56.1618
-56.4139
-56.6902
-56.9918
-57.3082
-57.6331
-57.9674
-58.3124
-58.6699
-59.0397
-59.4276
-59.8491
-60.3014
-60.7756
-61.2764
-61.7909
-62.2963
-62.7989
-63.2978
-63.7906
-64.2787
-64.7622
-65.2593
-65.7665
-66.2726
-66.7784
-67.2858
-67.7709
-68.2237
-68.6522
-69.0585
-69.4391
-69.796
-70.1383
-70.474
-70.7985
-71.1081
-71.4045
-71.6904
-71.9531
-72.1908
-72.4041
-72.6001
-72.7776
-72.9386
-73.0894
-73.2326
-73.3669
-73.492
-73.6102
-73.722
-73.8249
-73.9158
-73.9957
-74.0645
-74.1262
-74.183
-74.2343
-74.2831
-74.3283
-74.3709
-74.4104
-74.4481
-74.4834
-74.515
-74.5427
-74.5658
-74.5835
-74.599
-74.6138
-74.6279
-74.6424
-74.6547
-74.6663
-74.6775
-74.6886
-74.6991
-74.7089
-74.7177
-74.7239
-74.7276
-74.7302
-74.7318
-74.734
-74.7384
-74.7423
-74.7447
-74.7481
-74.7515
-74.7546
-74.7576
-74.7608
-74.7625
-74.7629
-74.7625
-74.7614
-74.7589
-74.7563
-74.7568
-74.7576
-74.7573
-74.7594
-74.7616
-74.7635
-74.7644
-74.7656
-74.7661
-74.7655
-74.7648
-74.7633
-74.7609
-74.7582
-74.7554
-74.7535
-74.7517
-74.7512
-74.7537
-74.757
-74.76
-74.7603
-74.7605
-74.7594
-74.7576
-74.7556
-74.7536
-74.7513
-74.7489
-74.7468
-74.7437
-74.7394
-74.7365
-74.7369
-74.7411
-74.7485
-74.7521
-74.7529
-74.7522
-74.7502
-74.7483
-74.7458
-74.743
-74.7406
-74.7383
-74.7368
-74.7337
-74.7283
-74.7236
-74.7201
-74.7229
-74.7314
-74.7385
-74.7401
-74.7406
-74.7399
-74.7369
-74.735
-74.733
-74.7291
-74.7259
-74.7235
-74.7219
-74.7195
-74.7146
-74.7098
-74.7061
-74.7066
-74.7136
-74.7228
-74.7271
-74.7279
-74.7281
-74.7274
-74.7255
-74.7226
-74.7208
-74.7174
-74.7123
-74.708
-74.7061
-74.7044
-74.7009
-74.6972
-74.6937
-74.689
-74.6906
-74.6999
-74.7069
-74.7092
-74.71
-74.7113
-74.711
-74.7084
-74.7055
-74.7035
-74.702
-74.697
-74.6907
-74.6874
-74.6854
-74.6858
-74.6861
-74.6838
-74.6793
-74.6741
-74.6769
-74.685
-74.6908
-74.6926
-74.6939
-74.695
-74.6941
-74.6918
-74.6895
-74.6861
-74.6823
-74.6798
-74.6756
-74.6712
-74.6677
-74.6662
-74.6667
-74.6664
-74.6637
-74.6597
-74.6546
-74.6545
-74.6621
-74.6674
-74.6704
-74.6719
-74.6729
-74.6726
-74.6712
-74.6692
-74.6659
-74.663
-74.6571
-74.6504
-74.6467
-74.6452
-74.6471
-74.6489
-74.6487
-74.6466
-74.6433
-74.642
-74.6398
-74.6368
-74.634
-74.6398
-74.6482
-74.6535
-74.6536
-74.6513
-74.6497
-74.6475
-74.6484
-74.6466
-74.6419
-74.6343
-74.6281
-74.6213
-74.6155
-74.6154
-74.6152
-74.6165
-74.6168
-74.6159
-74.6155
-74.6131
-74.6082
-74.6071
-74.6061
-74.6041
-74.6067
-74.6183
-74.626
-74.6279
-74.6258
-74.6243
-74.6238
-74.6225
-74.6205
-74.6165
-74.6095
-74.6019
-74.5936
-74.5877
-74.5836
-74.5792
-74.5748
-74.5742
-74.576
-74.5766
-74.5765
-74.5762
-74.5759
-74.5761
-74.5738
-74.5686
-74.5665
-74.5693
-74.5759
-74.5832
-74.5916
-74.5972
-74.5981
-74.5965
-74.5955
-74.5961
-74.5985
-74.5953
-74.5911
-74.5842
-74.5733
-74.5598
-74.5462
-74.5365
-74.53
-74.5263
-74.5248
-74.5212
-74.5236
-74.5294
-74.5311
-74.528
-74.5218
-74.5157
-74.5069
-74.5044
-74.5052
-74.5058
-74.5092
-74.5147
-74.5204
-74.5257
-74.5298
-74.5357
-74.5443
-74.5495
-74.5519
-74.5549
-74.5603
-74.5627
-74.5617
-74.557
-74.5488
-74.5385
-74.5267
-74.5165
-74.505
-74.4902
-74.4734
-74.4574
-74.4449
-74.4378
-74.4372
-74.4422
-74.4498
-74.4552
-74.4602
-74.4601
-74.4547
-74.4482
-74.4392
-74.4315
-74.4288
-74.4257
-74.42
-74.4192
-74.4221
-74.4278
-74.436
-74.4441
-74.4514
-74.4567
-74.4662
-74.485
-74.4993
-74.5052
-74.508
-74.51
-74.509
-74.5067
-74.5042
-74.5006
-74.4954
-74.4864
-74.4757
-74.4651
-74.4513
-74.4354
-74.4205
-74.4046
-74.3877
-74.3711
-74.3586
-74.3485
-74.3406
-74.3362
-74.336
-74.3412
-74.3426
-74.3384
-74.3314
-74.3286
-74.3291
-74.3291
-74.3323
-74.3361
-74.3393
-74.337
-74.3282
-74.3159
-74.3035
-74.2915
-74.2808
-74.2766
-74.2822
-74.2939
-74.3046
-74.3223
-74.3389
-74.3517
-74.3657
-74.3759
-74.3854
-74.3941
-74.4012
-74.4054
-74.4049
-74.403
-74.4025
-74.4016
-74.4007
-74.3984
-74.3943
-74.3871
-74.375
-74.3575
-74.3368
-74.3183
-74.3072
-74.3001
-74.2914
-74.2817
-74.2723
-74.26
-74.2468
-74.2343
-74.2238
-74.2155
-74.2067
-74.1997
-74.1887
-74.1759
-74.1632
-74.1589
-74.1557
-74.1492
-74.1382
-74.1311
-74.1281
-74.1246
-74.1237
-74.1272
-74.132
-74.1361
-74.1354
-74.1284
-74.1224
-74.1228
-74.1214
-74.1172
-74.1097
-74.1022
-74.0932
-74.0794
-74.0681
-74.0598
-74.0511
-74.0497
-74.067
-74.0894
-74.1079
-74.1348
-74.1585
-74.1733
-74.1861
-74.1949
-74.2016
-74.2092
-74.2147
-74.2227
-74.2366
-74.2504
-74.2595
-74.2648
-74.2612
-74.2521
-74.2403
-74.2276
-74.2124
-74.1976
-74.1873
-74.1802
-74.1718
-74.1687
-74.1669
-74.1618
-74.154
-74.1414
-74.1269
-74.109
-74.0887
-74.0724
-74.0568
-74.0464
-74.0418
-74.0388
-74.0354
-74.0305
-74.0339
-74.0339
-74.0256
-74.0143
-73.9987
-73.9821
-73.9733
-73.9734
-73.9698
-73.9627
-73.954
-73.9451
-73.9359
-73.9246
-73.911
-73.8968
-73.8833
-73.8667
-73.8474
-73.8392
-73.8422
-73.8448
-73.843
-73.8343
-73.8241
-73.8095
-73.79
-73.7672
-73.7472
-73.7323
-73.7239
-73.7116
-73.6988
-73.687
-73.6764
-73.6652
-73.6546
-73.6458
-73.6337
-73.6218
-73.6149
-73.6183
-73.6287
-73.6306
-73.6231
-73.6085
-73.5909
-73.5789
-73.5707
-73.5584
-73.5457
-73.5431
-73.5519
-73.5561
-73.5537
-73.557
-73.556
-73.5473
-73.5322
-73.5127
-73.4901
-73.4652
-73.4388
-73.4114
-73.3913
-73.3824
-73.3871
-73.4081
-73.4341
-73.4547
-73.4646
-73.4686
-73.4686
-73.4666
-73.4629
-73.454
-73.4474
-73.4425
-73.4379
-73.4347
-73.4414
-73.4496
-73.4491
-73.4403
-73.4322
-73.4457
-73.4691
-73.4849
-73.4957
-73.5003
-73.5027
-73.4981
-73.4866
-73.4701
-73.4578
-73.4544
-73.4479
-73.4356
-73.4318
-73.4403
-73.4436
-73.4381
-73.4255
-73.4079
-73.387
-73.3636
-73.3388
-73.3207
-73.3121
-73.3049
-73.2928
-73.2758
-73.2552
-73.2338
-73.22
-73.2061
-73.203
-73.2114
-73.2209
-73.222
-73.2147
-73.2013
-73.1837
-73.1631
-73.1405
-73.1164
-73.0913
-73.0654
-73.039
-73.0122
-72.9851
-72.9629
-72.9494
-72.935
-72.9174
-72.897
-72.8747
-72.8512
-72.8268
-72.8019
-72.7766
-72.7512
-72.7256
-72.7
-72.6744
-72.6489
-72.6235
-72.5983
-72.5732
-72.5483
-72.5235
-72.499
-72.4798
-72.4732
-72.4665
-72.4557
-72.4416
-72.425
-72.4068
-72.3875
-72.3675
-72.3471
-72.3264
-72.3055
-72.2846
-72.2636
-72.2427
-72.2219
-72.2012
-72.1806
-72.1602
-72.1399
-72.1198
-72.0999
-72.0801
-72.0606
-72.0412
-72.022
-72.0031
-71.9962
-71.9999
-72.0007
-71.9966
-71.9886
-71.9779
-71.9653
-71.9516
-71.9369
-71.9218
-71.9062
-71.8905
-71.8746
-71.8586
-71.8426
-71.8266
-71.8106
-71.7948
-71.779
-71.7633
-71.7478
-71.7324
-71.7171
-71.702
-71.687
-71.6721
-71.6575
-71.6429
-71.6286
-71.6144
-71.6003
-71.5865
-71.5727
-71.5592
-71.5458
-71.5325
-71.5194
-71.5065
-71.4937
-71.4811
-71.4686
-71.4563
-71.4441
-71.4321
-71.4202
-71.4085
-71.3969
-71.3855
-71.3742
-71.3631
-71.352
-71.3412
-71.3304
-71.3198
-71.3094
-71.299
-71.2888
-71.2788
-71.2688
-71.259
-71.2494
-71.2398
-71.2304
-71.2211
-71.2119
-71.2028
-71.1939
-71.185
-71.1763
-71.1677
-71.1592
-71.1508
-71.1425
-71.1344
-71.1263
-71.1183
-71.1105
-71.1028
-71.0951
-71.0876
-71.0801
-71.0728
-71.0655
-71.0584
-71.0513
-71.0444
-71.0375
-71.0307
-71.0241
-71.0175
-71.011
-71.0046
-70.9982
-70.992
-70.9858
-70.9798
-70.9738
-70.9679
-70.962
-70.9563
-70.9506
-70.9451
-70.9395
-70.9341
-70.9288
-70.9235
-70.9183
-70.9131
-70.9081
-70.9031
-70.8981
-70.8933
-70.8885
-70.8838
-70.8791
-70.8746
-70.8701
-70.8656
-70.8612
-70.8569
-70.8526
-70.8484
-70.8443
-70.8402
-70.8362
-70.8322
-70.8283
-70.8245
-70.8207
-70.817
-70.8133
-70.8097
-70.8061
-70.8026
-70.7991
-70.7957
-70.7924
-70.789
-70.7858
-70.7826
-70.7794
-70.7763
-70.7732
-70.7702
-70.7673
-70.7643
-70.7615
-70.7586
-70.7558
-70.7531
-70.7504
-70.7477
-70.7451
-70.7425
-70.74
-70.7375
-70.735
-70.7326
-70.7303
-70.7279
-70.7256
-70.7234
-70.7211
-70.7189
-70.7168
-70.7147
-70.7126
-70.7105
-70.7085
-70.7065
-70.7046
-70.7027
-70.7008
-70.699
-70.6971
-70.6954
-70.6936
-70.6919
-70.6902
-70.6885
-70.6869
-70.6853
-70.6837
-70.6821
-70.6806
-70.6791
-70.6777
-70.6762
-70.6748
-70.6734
-70.6721
-70.6707
-70.6694
-70.6681
-70.6668
-70.6656
-70.6644
-70.6632
-70.662
-70.6609
-70.6597
-70.6586
-70.6576
-70.6565
-70.6555
-70.6544
-70.6534
-70.6525
-70.6515
-70.6506
-70.6496
-70.6487
-70.6478
-70.647
-70.6461
-70.6453
-70.6445
-70.6437
-70.6429
-70.6422
-70.6414
-70.6407
-70.64
-70.6393
-70.6386
-70.638
-70.6373
-70.6367
-70.6361
-70.6355
-70.6349
-70.6343
-70.6338
-70.6332
-70.6327
-70.6322
-70.6317
-70.6312
-70.6307
-70.6302
-70.6298
-70.6293
-70.6289
-70.6285
-70.6281
-70.6277
-70.6273
-70.6269
-70.6266
-70.6262
-70.6259
-70.6255
-70.6252
-70.6249
-70.6246
-70.6243
-70.624
-70.6238
-70.6235
-70.6233
-70.623
-70.6228
-70.6226
-70.6224
-70.6221
-70.6219
-70.6218
-70.6216
-70.6214
-70.6212
-70.6211
-70.6209
-70.6208
-70.6206
-70.6205
-70.6204
-70.6203
-70.6202
-70.6201
-70.62
-70.6199
-70.6198
-70.6197
-70.6196
-70.6196
-70.6195
-70.6195
-70.6194
-70.6194
-70.6193
-70.6193
-70.6193
-70.6193
-70.6192
-70.6192
-70.6192
-70.6192
-70.6192
-70.6192
-70.6193
-70.6193
-70.6193
-70.6193
-70.6194
-70.6194
-70.6194
-70.6195
-70.6195
-70.6196
-70.6196
-70.6197
-70.6197
-70.6198
-70.6199
-70.6199
-70.62
-70.6201
-70.6202
-70.6203
-70.6203
-70.6204
-70.6205
-70.6206
-70.6207
-70.6208
-70.6209
-70.621
-70.6211
-70.6213
-70.6214
-70.6215
-70.6216
-70.6217
-70.6218
-70.622
-70.6221
-70.6222
-70.6223
-70.6225
-70.6226
-70.6228
-70.6229
-70.623
-70.6232
-70.6233
-70.6235
-70.6236
-70.6237
-70.6239
-70.624
-70.6242
-70.6244
-70.6245
-70.6247
-70.6248
-70.625
-70.6251
-70.6253
-70.6255
-70.6256
-70.6258
-70.6259
-70.6261
-70.6263
-70.6264
-70.6266
-70.6268
-70.6269
-70.6271
-70.6273
-70.6274
-70.6276
-70.6278
-70.628
-70.6281
-70.6283
-70.6285
-70.6287
-70.6288
-70.629
-70.6292
-70.6294
-70.6295
-70.6297
-70.6299
-70.6301
-70.6302
-70.6304
-70.6306
-70.6308
-70.6309
-70.6311
-70.6313
-70.6315
-70.6317
-70.6318
-70.632
-70.6322
-70.6324
-70.6325
-70.6327
-70.6329
-70.6331
-70.6332
-70.6334
-70.6336
-70.6338
-70.634
-70.6341
-70.6343
-70.6345
-70.6347
-70.6348
-70.635
-70.6352
-70.6354
-70.6355
-70.6357
-70.6359
-70.6361
-70.6362
-70.6364
-70.6366
-70.6367
-70.6369
-70.6371
-70.6373
-70.6374
-70.6376
-70.6378
-70.6379
-70.6381
-70.6383
-70.6384
-70.6386
-70.6388
-70.6389
-70.6391
-70.6393
-70.6394
-70.6396
-70.6398
-70.6399
-70.6401
-70.6402
-70.6404
-70.6406
-70.6407
-70.6409
-70.641
-70.6412
-70.6414
-70.6415
-70.6417
-70.6418
-70.642
-70.6421
-70.6423
-70.6424
-70.6426
-70.6427
-70.6429

