-70
-70.1661
-70.23
-70.2566
-70.2695
-70.2773
-70.283
-70.2879
-70.2925
-70.297
-70.3014
-70.3057
-70.31
-70.3142
-70.3185
-70.3226
-70.3268
-70.3309
-70.335
-70.3391
-70.3431
-70.3471
-70.351
-70.3549
-70.3588
-70.3626
-70.3664
-70.3701
-70.3738
-70.3775
-70.3811
-70.3847
-70.3883
-70.3918
-70.3953
-70.3987
-70.4021
-70.4055
-70.4088
-70.4121
-70.4154
-70.4186
-70.4218
-70.4249
-70.428
-70.4311
-70.4341
-70.4372
-70.4401
-70.4431
-70.446
-70.4489
-70.4517
-70.4545
-70.4573
-70.4601
-70.4628
-70.4655
-70.4682
-70.4708
-70.4734
-70.476
-70.4785
-70.481
-70.4835
-70.486
-70.4884
-70.4908
-70.4932
-70.4955
-70.4978
-70.5001
-70.5024
-70.5046
-70.5068
-70.509
-70.5112
-70.5133
-70.5154
-70.5175
-70.5196
-70.5216
-70.5236
-70.5256
-70.5276
-70.5295
-70.5315
-70.5334
-70.5352
-70.5371
-70.5389
-70.5407
-70.5425
-70.5443
-70.5461
-70.5478
-70.5495
-70.5512
-70.5528
-70.5545
-70.5561
-70.5577
-70.5593
-70.5609
-70.5624
-70.5639
-70.5655
-70.5669
-70.5684
-70.5699
-70.5713
-70.5727
-70.5741
-70.5755
-70.5769
-70.5782
-70.5796
-70.5809
-70.5822
-70.5835
-70.5848
-70.586
-70.5873
-70.5885
-70.5897
-70.5909
-70.5921
-70.5932
-70.5944
-70.5955
-70.5966
-70.5977
-70.5988
-70.5999
-70.601
-70.602
-70.603
-70.6041
-70.6051
-70.6061
-70.6071
-70.608
-70.609
-70.6099
-70.6109
-70.6118
-70.6127
-70.6136
-70.6145
-70.6154
-70.6162
-70.6171
-70.6179
-70.6187
-70.6196
-70.6204
-70.6212
-70.622
-70.6227
-70.6235
-70.6242
-70.625
-70.6257
-70.6265
-70.6272
-70.6279
-70.6286
-70.6293
-70.6299
-70.6306
-70.6313
-70.6319
-70.6325
-70.6332
-70.6338
-70.6344
-70.635
-70.6356
-70.6362
-70.6368
-70.6374
-70.6379
-70.6385
-70.639
-70.6396
-70.6401
-70.6406
-70.6411
-70.6417
-70.6422
-70.6427
-70.6431
-70.6436
-70.6441
-70.6446
-70.645
-70.6455
-70.6459
-70.6464
-70.6468
-70.6472
-70.6476
-70.6481
-70.6485
-70.6489
-70.6493
-70.6497
-70.65
-70.6504
-70.6508
-70.6512
-70.6515
-70.6519
-70.6522
-70.6526
-70.6529
-70.6533
-70.6536
-70.6539
-70.6542
-70.6545
-70.6549
-70.6552
-70.6555
-70.6558
-70.656
-70.6563
-70.6566
-70.6569
-70.6572
-70.6574
-70.6577
-70.658
-70.6582
-70.6585
-70.6587
-70.6589
-70.6592
-70.6594
-70.6597
-70.6599
-70.6601
-70.6603
-70.6605
-70.6607
-70.661
-70.6612
-70.6614
-70.6616
-70.6617
-70.6619
-70.6621
-70.6623
-70.6625
-70.6627
-70.6628
-70.663
-70.6632
-70.6633
-70.6635
-70.6637
-70.6638
-70.664
-70.6641
-70.6643
-70.6644
-70.6646
-70.6647
-70.6648
-70.665
-70.6651
-70.6652
-70.6653
-70.6655
-70.6656
-70.6657
-70.6658
-70.6659
-70.666
-70.6662
-70.6663
-70.6664
-70.6665
-70.6666
-70.6667
-70.6668
-70.6669
-70.667
-70.667
-70.6671
-70.6672
-70.6673
-70.6674
-70.6675
-70.6675
-70.6676
-70.6677
-70.6678
-70.6678
-70.6679
-70.668
-70.668
-70.6681
-70.6682
-70.6682
-70.6683
-70.6683
-70.6684
-70.6685
-70.6685
-70.6686
-70.6686
-70.6687
-70.6687
-70.6688
-70.6688
-70.6688
-70.6689
-70.6689
-70.669
-70.669
-70.669
-70.6691
-70.6691
-70.6691
-70.6692
-70.6692
-70.6692
-70.6693
-70.6693
-70.6693
-70.6694
-70.6694
-70.6694
-70.6694
-70.6694
-70.6695
-70.6695
-70.6695
-70.6695
-70.6695
-70.6696
-70.6696
-70.6696
-70.6696
-70.6696
-70.6696
-70.6696
-70.6697
-70.6697
-70.6697
-70.6697
-70.6697
-70.6697
-70.6697
-70.6697
-70.6697
-70.6697
-70.6697
-70.6697
-70.6697
-70.6697
-70.6697
-70.6697
-70.6697
-70.6697
-70.6697
-70.6697
-70.6697
-70.6697
-70.6697
-70.6697
-70.6697
-70.6697
-70.6697
-70.6697
-70.6697
-70.6697
-70.6697
-70.6697
-70.6697
-70.6697
-70.6697
-70.6696
-70.6696
-70.6696
-70.6696
-70.6696
-70.6696
-70.6696
-70.6696
-70.6696
-70.6695
-70.6695
-70.6695
-70.6695
-70.6695
-70.6695
-70.6695
-70.6695
-70.6694
-70.6694
-70.6694
-70.6694
-70.6694
-70.6694
-70.6693
-70.6693
-70.6693
-70.6693
-70.6693
-70.6693
-70.6693
-70.6692
-70.6692
-70.6692
-70.6692
-70.6692
-70.6691
-70.6691
-70.6691
-70.6691
-70.6691
-70.6691
-70.669
-70.669
-70.669
-70.669
-70.669
-70.6689
-70.6689
-70.6689
-70.6689
-70.6689
-70.6688
-70.6688
-70.6688
-70.6688
-70.6688
-70.6687
-70.6687
-70.6687
-70.6687
-70.6686
-70.6686
-70.6686
-70.6686
-70.6686
-70.6685
-70.6685
-70.6685
-70.6685
-70.6685
-70.6684
-70.6684
-70.6684
-70.6684
-70.6684
-70.6683
-70.6683
-70.6683
-70.6683
-70.6682
-70.6682
-70.6682
-70.6682
-70.6682
-70.6681
-70.6681
-70.6681
-70.6681
-70.6681
-70.6741
-70.9294
-71.6384
-72.4809
-63.3979
-53.5791
-50.8304
-48.983
-46.2371
-29.4692
-13.9875
-40.2596
-68.1091
-68.5131
-67.4928
-66.4201
-65.3297
-64.2398
-63.1679
-62.1306
-61.1425
-60.2161
-59.3601
-58.5259
-57.7547
-57.0933
-56.5178
-56.0177
-55.5849
-55.2138
-54.8857
-54.6075
-54.3777
-54.189
-54.0342
-53.907
-53.8002
-53.7094
-53.6375
-53.5813
-53.5377
-53.504
-53.4783
-53.4572
-53.4369
-53.4213
-53.4105
-53.4033
-53.3986
-53.3959
-53.3945
-53.394
-53.3918
-53.3873
-53.3847
-53.384
-53.3846
-53.3858
-53.3876
-53.3897
-53.392
-53.3945
-53.3967
-53.3962
-53.394
-53.3909
-53.39
-53.3904
-53.3915
-53.393
-53.3948
-53.3967
-53.3986
-53.4006
-53.4026
-53.4047
-53.4067
-53.4084
-53.4091
-53.4052
-53.4023
-53.3999
-53.3959
-53.3926
-53.3908
-53.3893
-53.3872
-53.383
-53.3706
-53.2659
-53.1355
-53.1522
-53.1972
-53.2372
-53.2667
-53.2869
-53.3004
-53.31
-53.3175
-53.3244
-53.3317
-53.34
-53.3504
-53.3638
-53.3898
-53.407
-53.4175
-53.4257
-53.4336
-53.435
-53.4339
-53.4304
-53.4276
-53.4275
-53.4293
-53.4324
-53.4366
-53.4416
-53.4475
-53.4543
-53.4618
-53.4703
-53.4796
-53.4899
-53.5013
-53.5138
-53.5275
-53.5425
-53.5589
-53.5769
-53.5965
-53.6179
-53.6413
-53.6667
-53.6946
-53.725
-53.7583
-53.7947
-53.7113
-53.5349
-53.4703
-53.4538
-53.4557
-53.4648
-53.477
-53.4908
-53.4703
-53.4486
-53.4415
-53.4353
-53.4255
-53.4228
-53.4246
-53.4288
-53.4341
-53.44
-53.4465
-53.4533
-53.4605
-53.4682
-53.4763
-53.485
-53.4943
-53.5043
-53.515
-53.5266
-53.5392
-53.5529
-53.5677
-53.5838
-53.6013
-53.6203
-53.641
-53.6648
-53.6933
-53.7238
-53.7559
-53.79
-53.8267
-53.6703
-53.4849
-53.4272
-53.4159
-53.4208
-53.4317
-53.4443
-53.4573
-53.4703
-53.4835
-53.4969
-53.4831
-53.4485
-53.4342
-53.4314
-53.4341
-53.4322
-53.4234
-53.4202
-53.421
-53.4237
-53.4276
-53.4321
-53.4371
-53.4425
-53.4485
-53.4554
-53.4631
-53.4711
-53.4794
-53.4881
-53.4975
-53.5076
-53.5185
-53.5304
-53.5434
-53.5585
-53.5756
-53.5957
-53.6169
-53.6391
-53.6626
-53.6878
-53.7151
-53.7447
-53.7769
-53.8124
-53.8536
-53.8991
-53.6813
-53.4606
-53.3999
-53.3908
-53.3975
-53.4089
-53.4215
-53.4341
-53.4465
-53.4592
-53.4722
-53.4856
-53.5006
-53.5159
-53.5314
-53.5474
-53.5589
-53.4794
-53.4391
-53.4265
-53.4253
-53.429
-53.4349
-53.4419
-53.4502
-53.4372
-53.4262
-53.4227
-53.4233
-53.426
-53.4298
-53.4344
-53.4394
-53.4452
-53.4517
-53.4585
-53.4665
-53.4757
-53.4853
-53.4953
-53.5058
-53.5172
-53.5295
-53.5429
-53.5586
-53.576
-53.5954
-53.6188
-53.6436
-53.6694
-53.5607
-53.4565
-53.4237
-53.4175
-53.4206
-53.4276
-53.4362
-53.4454
-53.4559
-53.4668
-53.4778
-53.4593
-53.436
-53.4171
-53.4091
-53.4079
-53.4097
-53.4129
-53.4169
-53.4211
-53.4261
-53.4313
-53.4367
-53.4422
-53.4481
-53.4559
-53.4685
-53.4854
-53.506
-53.5297
-53.5522
-53.5733
-53.5936
-53.6152
-53.6392
-53.6748
-53.723
-53.781
-53.8407
-53.8995
-53.958
-54.0161
-54.076
-54.1398
-54.2114
-54.3003
-54.4095
-54.5361
-54.6679
-54.8018
-54.9385
-55.0797
-55.2288
-55.3882
-55.5606
-55.7575
-55.9859
-56.2419
-56.5168
-56.7986
-57.0894
-57.3859
-57.6935
-58.0124
-58.3449
-58.7012
-59.1027
-59.5411
-60.0092
-60.4851
-60.9609
-61.4364
-61.9034
-62.3668
-62.8316
-63.2991
-63.7925
-64.3192
-64.8687
-65.4252
-65.9562
-66.4644
-66.949
-67.4024
-67.8295
-68.235
-68.6275
-69.0276
-69.4303
-69.8317
-70.2233
-70.5832
-70.912
-71.2156
-71.4888
-71.7372
-71.9627
-72.1723
-72.3794
-72.5804
-72.7748
-72.9623
-73.1327
-73.2821
-73.417
-73.5377
-73.6429
-73.7346
-73.8176
-73.8989
-73.9773
-74.0523
-74.1255
-74.1955
-74.2572
-74.3089
-74.3546
-74.3947
-74.428
-74.4553
-74.4812
-74.5073
-74.5317
-74.5566
-74.5807
-74.604
-74.6249
-74.6412
-74.6555
-74.6673
-74.676
-74.6826
-74.6907
-74.6991
-74.7061
-74.7137
-74.7207
-74.7281
-74.7348
-74.7396
-74.743
-74.7463
-74.7474
-74.7471
-74.749
-74.751
-74.7523
-74.7536
-74.7549
-74.7561
-74.7579
-74.7588
-74.7598
-74.7612
-74.7626
-74.7622
-74.7607
-74.7613
-74.7624
-74.762
-74.7613
-74.7598
-74.7578
-74.7576
-74.7555
-74.7545
-74.7542
-74.7543
-74.7549
-74.7542
-74.7546
-74.7542
-74.7542
-74.7541
-74.7529
-74.7497
-74.7487
-74.7488
-74.7466
-74.7441
-74.7434
-74.7444
-74.7448
-74.7457
-74.7458
-74.7449
-74.7428
-74.742
-74.7416
-74.7385
-74.7348
-74.7341
-74.7332
-74.7291
-74.726
-74.7264
-74.7281
-74.7317
-74.7339
-74.7331
-74.7317
-74.7301
-74.7297
-74.7285
-74.7261
-74.7235
-74.7227
-74.7213
-74.717
-74.7128
-74.7098
-74.7118
-74.7171
-74.7212
-74.7221
-74.7204
-74.716
-74.714
-74.7123
-74.7088
-74.7063
-74.7048
-74.7052
-74.7046
-74.7016
-74.6958
-74.6922
-74.6936
-74.6995
-74.7071
-74.7121
-74.7117
-74.7068
-74.7017
-74.6987
-74.6944
-74.6909
-74.6891
-74.6877
-74.6882
-74.689
-74.6855
-74.6798
-74.6781
-74.6781
-74.6802
-74.6873
-74.6941
-74.6954
-74.6913
-74.686
-74.6813
-74.6756
-74.6722
-74.6705
-74.6686
-74.6683
-74.6692
-74.6679
-74.6656
-74.6639
-74.6639
-74.6653
-74.6667
-74.6694
-74.6751
-74.6784
-74.6772
-74.6734
-74.6689
-74.6621
-74.6563
-74.6535
-74.6513
-74.6502
-74.6481
-74.6493
-74.6488
-74.6476
-74.6445
-74.641
-74.6423
-74.6456
-74.6469
-74.6465
-74.6477
-74.6515
-74.6534
-74.6519
-74.6473
-74.6432
-74.6383
-74.6327
-74.6288
-74.6262
-74.6239
-74.6225
-74.6253
-74.6291
-74.6302
-74.6271
-74.6214
-74.622
-74.6242
-74.6254
-74.6229
-74.6201
-74.6216
-74.6259
-74.6295
-74.6304
-74.6288
-74.6253
-74.6203
-74.6142
-74.6067
-74.6005
-74.5954
-74.5923
-74.5956
-74.5992
-74.5991
-74.5985
-74.5968
-74.5941
-74.5937
-74.5935
-74.5916
-74.5885
-74.5852
-74.5829
-74.5873
-74.5941
-74.6005
-74.6032
-74.6043
-74.6016
-74.5962
-74.5894
-74.579
-74.5683
-74.5618
-74.5608
-74.5627
-74.5655
-74.5677
-74.5677
-74.5686
-74.569
-74.5653
-74.565
-74.5652
-74.5608
-74.5565
-74.5531
-74.5508
-74.5517
-74.5529
-74.5565
-74.5637
-74.5707
-74.5751
-74.5741
-74.5678
-74.5607
-74.5511
-74.5413
-74.5338
-74.5277
-74.5205
-74.517
-74.5153
-74.5169
-74.5205
-74.5225
-74.5247
-74.5252
-74.5211
-74.5152
-74.513
-74.5143
-74.5165
-74.5156
-74.5141
-74.5108
-74.5089
-74.5087
-74.5097
-74.5124
-74.5159
-74.5185
-74.5185
-74.5178
-74.5154
-74.5108
-74.5052
-74.5013
-74.4938
-74.4842
-74.4744
-74.4659
-74.4616
-74.4622
-74.4681
-74.4765
-74.4785
-74.4751
-74.4715
-74.4699
-74.4667
-74.4646
-74.4653
-74.4657
-74.4682
-74.4702
-74.4711
-74.4732
-74.471
-74.4656
-74.4617
-74.4586
-74.4528
-74.4479
-74.4446
-74.4409
-74.4379
-74.4394
-74.4422
-74.4448
-74.4447
-74.4429
-74.4373
-74.4297
-74.4194
-74.4087
-74.4055
-74.4098
-74.4117
-74.4096
-74.4041
-74.3988
-74.397
-74.3983
-74.3965
-74.3905
-74.3863
-74.3814
-74.3794
-74.3832
-74.3928
-74.3982
-74.3988
-74.3988
-74.3971
-74.3943
-74.3918
-74.3889
-74.3818
-74.3741
-74.3668
-74.3606
-74.3545
-74.3457
-74.3411
-74.34
-74.3411
-74.3436
-74.345
-74.3409
-74.3348
-74.3277
-74.3234
-74.3224
-74.3242
-74.3263
-74.3247
-74.3237
-74.323
-74.325
-74.3272
-74.3264
-74.3232
-74.3182
-74.3137
-74.3077
-74.2975
-74.2845
-74.2707
-74.259
-74.2543
-74.2571
-74.2642
-74.2702
-74.2713
-74.2705
-74.2718
-74.2778
-74.2807
-74.2834
-74.2872
-74.2834
-74.2771
-74.2733
-74.2683
-74.2598
-74.2506
-74.2398
-74.2286
-74.2288
-74.23
-74.2339
-74.2392
-74.2399
-74.2348
-74.2291
-74.2217
-74.2153
-74.2087
-74.1972
-74.1831
-74.1756
-74.1741
-74.1785
-74.1842
-74.1844
-74.1826
-74.1828
-74.1824
-74.1833
-74.1836
-74.1791
-74.1797
-74.1847
-74.1929
-74.1994
-74.1977
-74.1918
-74.1821
-74.172
-74.1628
-74.1517
-74.1427
-74.1372
-74.1321
-74.1233
-74.1142
-74.1063
-74.0967
-74.088
-74.0776
-74.0641
-74.0542
-74.0516
-74.0517
-74.0532
-74.0533
-74.0507
-74.0553
-74.0571
-74.054
-74.0497
-74.0466
-74.0417
-74.0422
-74.0398
-74.0295
-74.0126
-73.9939
-73.9822
-73.9761
-73.9757
-73.9788
-73.9817
-73.9868
-73.988
-73.9843
-73.9756
-73.9674
-73.9593
-73.9498
-73.9424
-73.9495
-73.9647
-73.9731
-73.9737
-73.9679
-73.9584
-73.9511
-73.9489
-73.9451
-73.9421
-73.9443
-73.9428
-73.9377
-73.9345
-73.9377
-73.9454
-73.9496
-73.948
-73.9405
-73.9396
-73.9426
-73.9419
-73.9367
-73.9317
-73.9298
-73.9257
-73.9148
-73.9005
-73.8954
-73.891
-73.8834
-73.8716
-73.8662
-73.8635
-73.8702
-73.8816
-73.8925
-73.8981
-73.895
-73.8929
-73.8876
-73.8802
-73.8684
-73.8512
-73.8299
-73.815
-73.8088
-73.8023
-73.8022
-73.8006
-73.7915
-73.7761
-73.7652
-73.7603
-73.7576
-73.7513
-73.7383
-73.7198
-73.6974
-73.6765
-73.6575
-73.636
-73.6115
-73.5898
-73.5769
-73.5685
-73.5614
-73.5553
-73.5496
-73.5486
-73.5438
-73.5321
-73.5149
-73.497
-73.4822
-73.4648
-73.4448
-73.4292
-73.4149
-73.4121
-73.4088
-73.399
-73.3832
-73.3643
-73.3502
-73.3356
-73.3188
-73.3069
-73.3013
-73.3072
-73.3157
-73.316
-73.3154
-73.3191
-73.326
-73.3293
-73.3303
-73.3309
-73.3326
-73.329
-73.3187
-73.3063
-73.2976
-73.2859
-73.2697
-73.2527
-73.2534
-73.2625
-73.2713
-73.2779
-73.2908
-73.3007
-73.301
-73.2931
-73.2793
-73.2614
-73.2407
-73.218
-73.1949
-73.1798
-73.1656
-73.1482
-73.1278
-73.1051
-73.0808
-73.0567
-73.0416
-73.0279
-73.0112
-72.9914
-72.9694
-72.9458
-72.9212
-72.896
-72.8702
-72.8442
-72.8181
-72.7919
-72.775
-72.764
-72.7507
-72.7349
-72.7278
-72.7224
-72.7127
-72.6988
-72.6818
-72.6627
-72.6479
-72.642
-72.6344
-72.6227
-72.6075
-72.59
-72.5707
-72.5504
-72.5293
-72.5077
-72.4857
-72.4672
-72.4611
-72.4555
-72.4458
-72.4327
-72.4169
-72.3994
-72.3808
-72.3614
-72.3415
-72.3213
-72.3008
-72.2803
-72.2597
-72.2393
-72.2311
-72.2306
-72.227
-72.219
-72.2076
-72.1979
-72.2008
-72.203
-72.2
-72.1925
-72.1817
-72.1686
-72.1539
-72.1382
-72.1218
-72.1049
-72.0876
-72.0701
-72.0524
-72.0347
-72.0169
-71.9992
-71.9815
-71.9639
-71.9464
-71.929
-71.9117
-71.8945
-71.8775
-71.8607
-71.844
-71.8275
-71.8111
-71.7949
-71.7789
-71.763
-71.7473
-71.7318
-71.7165
-71.7013
-71.6863
-71.6715
-71.6569
-71.6424
-71.6281
-71.6139
-71.6
-71.5862
-71.5725
-71.559
-71.5457
-71.5326
-71.5196
-71.5067
-71.494
-71.4815
-71.4691
-71.4569
-71.4448
-71.4329
-71.4211
-71.4094
-71.3979
-71.3866
-71.3754
-71.3643
-71.3534
-71.3426
-71.3319
-71.3214
-71.311
-71.3008
-71.2906
-71.2807
-71.2708
-71.2611
-71.2514
-71.242
-71.2326
-71.2233
-71.2142
-71.2052
-71.1963
-71.1875
-71.1789
-71.1703
-71.1619
-71.1535
-71.1453
-71.1372
-71.1292
-71.1213
-71.1135
-71.1058
-71.0982
-71.0907
-71.0833
-71.076
-71.0688
-71.0616
-71.0546
-71.0477
-71.0409
-71.0341
-71.0275
-71.0209
-71.0145
-71.0081
-71.0018
-70.9956
-70.9894
-70.9834
-70.9774
-70.9715
-70.9657
-70.96
-70.9544
-70.9488
-70.9433
-70.9379
-70.9326
-70.9273
-70.9221
-70.917
-70.9119
-70.907
-70.9021
-70.8972
-70.8925
-70.8877
-70.8831
-70.8785
-70.874
-70.8696
-70.8652
-70.8609
-70.8566
-70.8524
-70.8483
-70.8442
-70.8402
-70.8363
-70.8324
-70.8285
-70.8248
-70.821
-70.8173
-70.8137
-70.8102
-70.8066
-70.8032
-70.7998
-70.7964
-70.7931
-70.7898
-70.7866
-70.7835
-70.7804
-70.7773
-70.7743
-70.7713
-70.7684
-70.7655
-70.7627
-70.7599
-70.7571
-70.7544
-70.7517
-70.7491
-70.7465
-70.744
-70.7415
-70.739
-70.7366
-70.7342
-70.7319
-70.7296
-70.7273
-70.7251
-70.7229
-70.7207
-70.7186
-70.7165
-70.7144
-70.7124
-70.7104
-70.7084
-70.7065
-70.7046
-70.7028
-70.7009
-70.6991
-70.6974
-70.6956
-70.6939
-70.6923
-70.6906
-70.689
-70.6874
-70.6858
-70.6843
-70.6828
-70.6813
-70.6799
-70.6784
-70.677
-70.6756
-70.6743
-70.673
-70.6717
-70.6704
-70.6691
-70.6679
-70.6667
-70.6655
-70.6643
-70.6632
-70.6621
-70.661
-70.6599
-70.6588
-70.6578
-70.6568
-70.6558
-70.6548
-70.6539
-70.6529
-70.652
-70.6511
-70.6502
-70.6494
-70.6485
-70.6477
-70.6469
-70.6461
-70.6453
-70.6446
-70.6438
-70.6431
-70.6424
-70.6417
-70.641
-70.6404
-70.6397
-70.6391
-70.6385
-70.6379
-70.6373
-70.6367
-70.6361
-70.6356
-70.6351
-70.6345
-70.634
-70.6335
-70.6331
-70.6326
-70.6321
-70.6317
-70.6312
-70.6308
-70.6304
-70.63
-70.6296
-70.6292
-70.6289
-70.6285
-70.6282
-70.6278
-70.6275
-70.6272
-70.6269
-70.6266
-70.6263
-70.626
-70.6258
-70.6255
-70.6253
-70.625
-70.6248
-70.6246
-70.6244
-70.6242
-70.624
-70.6238
-70.6236
-70.6234
-70.6233
-70.6231
-70.6229
-70.6228
-70.6227
-70.6225
-70.6224
-70.6223
-70.6222
-70.6221
-70.622
-70.6219
-70.6218
-70.6217
-70.6216
-70.6216
-70.6215
-70.6215
-70.6214
-70.6214
-70.6213
-70.6213
-70.6213
-70.6212
-70.6212
-70.6212
-70.6212
-70.6212
-70.6212
-70.6212
-70.6212
-70.6212
-70.6212
-70.6212
-70.6213
-70.6213
-70.6213
-70.6214
-70.6214
-70.6215
-70.6215
-70.6216
-70.6216
-70.6217
-70.6217
-70.6218
-70.6219
-70.6219
-70.622
-70.6221
-70.6222
-70.6223
-70.6223
-70.6224
-70.6225
-70.6226
-70.6227
-70.6228
-70.6229
-70.623
-70.6231
-70.6232
-70.6233
-70.6235
-70.6236
-70.6237
-70.6238
-70.6239
-70.624
-70.6242
-70.6243
-70.6244
-70.6246
-70.6247
-70.6248
-70.625
-70.6251
-70.6252
-70.6254
-70.6255
-70.6257
-70.6258
-70.6259
-70.6261
-70.6262
-70.6264
-70.6265
-70.6267
-70.6268
-70.627
-70.6271
-70.6273
-70.6274
-70.6276
-70.6278
-70.6279
-70.6281
-70.6282
-70.6284
-70.6286
-70.6287
-70.6289
-70.629
-70.6292
-70.6294
-70.6295
-70.6297
-70.6299
-70.63
-70.6302
-70.6304
-70.6305
-70.6307
-70.6309
-70.631
-70.6312
-70.6314
-70.6315
-70.6317
-70.6319
-70.6321
-70.6322
-70.6324
-70.6326
-70.6327
-70.6329
-70.6331
-70.6332
-70.6334
-70.6336
-70.6337
-70.6339
-70.6341
-70.6343
-70.6344
-70.6346
-70.6348
-70.6349
-70.6351
-70.6353
-70.6354
-70.6356
-70.6358
-70.6359
-70.6361
-70.6363
-70.6365
-70.6366
-70.6368
-70.637
-70.6371
-70.6373
-70.6374
-70.6376
-70.6378
-70.6379
-70.6381
-70.6383
-70.6384
-70.6386
-70.6388
-70.6389
-70.6391
-70.6392
-70.6394
-70.6396
-70.6397
-70.6399
-70.64
-70.6402
-70.6404
-70.6405
-70.6407
-70.6408
-70.641
-70.6411
-70.6413
-70.6414
-70.6416
-70.6418
-70.6419
-70.6421
-70.6422
-70.6424
-70.6425
-70.6427
-70.6428
-70.643
-70.6431
-70.6433
-70.6434
-70.6435
-70.6437
-70.6438
-70.644
-70.6441
-70.6443
-70.6444
-70.6445
-70.6447
-70.6448
-70.645
-70.6451
-70.6452
-70.6454
-70.6455
-70.6457
-70.6458

