-70
-70.1661
-70.23
-70.2566
-70.2695
-70.2773
-70.283
-70.2879
-70.2925
-70.297
-70.3014
-70.3057
-70.31
-70.3142
-70.3185
-70.3226
-70.3268
-70.3309
-70.335
-70.3391
-70.3431
-70.3471
-70.351
-70.3549
-70.3588
-70.3626
-70.3664
-70.3701
-70.3738
-70.3775
-70.3811
-70.3847
-70.3883
-70.3918
-70.3953
-70.3987
-70.4021
-70.4055
-70.4088
-70.4121
-70.4154
-70.4186
-70.4218
-70.4249
-70.428
-70.4311
-70.4341
-70.4372
-70.4401
-70.4431
-70.446
-70.4489
-70.4517
-70.4545
-70.4573
-70.4601
-70.4628
-70.4655
-70.4682
-70.4708
-70.4734
-70.476
-70.4785
-70.481
-70.4835
-70.486
-70.4884
-70.4908
-70.4932
-70.4955
-70.4978
-70.5001
-70.5024
-70.5046
-70.5068
-70.509
-70.5112
-70.5133
-70.5154
-70.5175
-70.5196
-70.5216
-70.5236
-70.5256
-70.5276
-70.5295
-70.5315
-70.5334
-70.5352
-70.5371
-70.5389
-70.5407
-70.5425
-70.5443
-70.5461
-70.5478
-70.5495
-70.5512
-70.5528
-70.5545
-70.5561
-70.5577
-70.5593
-70.5609
-70.5624
-70.5639
-70.5655
-70.5669
-70.5684
-70.5699
-70.5713
-70.5727
-70.5741
-70.5755
-70.5769
-70.5782
-70.5796
-70.5809
-70.5822
-70.5835
-70.5848
-70.586
-70.5873
-70.5885
-70.5897
-70.5909
-70.5921
-70.5932
-70.5944
-70.5955
-70.5966
-70.5977
-70.5988
-70.5999
-70.601
-70.602
-70.603
-70.6041
-70.6051
-70.6061
-70.6071
-70.608
-70.609
-70.6099
-70.6109
-70.6118
-70.6127
-70.6136
-70.6145
-70.6154
-70.6162
-70.6171
-70.6179
-70.6187
-70.6196
-70.6204
-70.6212
-70.622
-70.6227
-70.6235
-70.6242
-70.625
-70.6257
-70.6265
-70.6272
-70.6279
-70.6286
-70.6293
-70.6299
-70.6306
-70.6313
-70.6319
-70.6325
-70.6332
-70.6338
-70.6344
-70.635
-70.6356
-70.6362
-70.6368
-70.6374
-70.6379
-70.6385
-70.639
-70.6396
-70.6401
-70.6406
-70.6411
-70.6417
-70.6422
-70.6427
-70.6431
-70.6436
-70.6441
-70.6446
-70.645
-70.6455
-70.6459
-70.6464
-70.6468
-70.6472
-70.6476
-70.6481
-70.6485
-70.6489
-70.6493
-70.6497
-70.65
-70.6504
-70.6508
-70.6512
-70.6515
-70.6519
-70.6522
-70.6526
-70.6529
-70.6533
-70.6536
-70.6539
-70.6542
-70.6545
-70.6549
-70.6552
-70.6555
-70.6558
-70.656
-70.6563
-70.6566
-70.6569
-70.6572
-70.6574
-70.6577
-70.658
-70.6582
-70.6585
-70.6587
-70.6589
-70.6592
-70.6594
-70.6597
-70.6599
-70.6601
-70.6603
-70.6605
-70.6607
-70.661
-70.6612
-70.6614
-70.6616
-70.6617
-70.6619
-70.6621
-70.6623
-70.6625
-70.6627
-70.6628
-70.663
-70.6632
-70.6633
-70.6635
-70.6637
-70.6638
-70.664
-70.6641
-70.6643
-70.6644
-70.6646
-70.6647
-70.6648
-70.665
-70.6651
-70.6652
-70.6653
-70.6655
-70.6656
-70.6657
-70.6658
-70.6659
-70.666
-70.6662
-70.6663
-70.6664
-70.6665
-70.6666
-70.6667
-70.6668
-70.6669
-70.667
-70.667
-70.6671
-70.6672
-70.6673
-70.6674
-70.6675
-70.6675
-70.6676
-70.6677
-70.6678
-70.6678
-70.6679
-70.668
-70.668
-70.6681
-70.6682
-70.6682
-70.6683
-70.6683
-70.6684
-70.6685
-70.6685
-70.6686
-70.6686
-70.6687
-70.6687
-70.6688
-70.6688
-70.6688
-70.6689
-70.6689
-70.669
-70.669
-70.669
-70.6691
-70.6691
-70.6691
-70.6692
-70.6692
-70.6692
-70.6693
-70.6693
-70.6693
-70.6694
-70.6694
-70.6694
-70.6694
-70.6694
-70.6695
-70.6695
-70.6695
-70.6695
-70.6695
-70.6696
-70.6696
-70.6696
-70.6696
-70.6696
-70.6696
-70.6696
-70.6697
-70.6697
-70.6697
-70.6697
-70.6697
-70.6697
-70.6697
-70.6697
-70.6697
-70.6697
-70.6697
-70.6697
-70.6697
-70.6697
-70.6697
-70.6697
-70.6697
-70.6697
-70.6697
-70.6697
-70.6697
-70.6697
-70.6697
-70.6697
-70.6697
-70.6697
-70.6697
-70.6697
-70.6697
-70.6697
-70.6697
-70.6697
-70.6697
-70.6697
-70.6697
-70.6696
-70.6696
-70.6696
-70.6696
-70.6696
-70.6696
-70.6696
-70.6696
-70.6696
-70.6695
-70.6695
-70.6695
-70.6695
-70.6695
-70.6695
-70.6695
-70.6695
-70.6694
-70.6694
-70.6694
-70.6694
-70.6694
-70.6694
-70.6693
-70.6693
-70.6693
-70.6693
-70.6693
-70.6693
-70.6693
-70.6692
-70.6692
-70.6692
-70.6692
-70.6692
-70.6691
-70.6691
-70.6691
-70.6691
-70.6691
-70.6691
-70.669
-70.669
-70.669
-70.669
-70.669
-70.6689
-70.6689
-70.6689
-70.6689
-70.6689
-70.6688
-70.6688
-70.6688
-70.6688
-70.6688
-70.6687
-70.6687
-70.6687
-70.6687
-70.6686
-70.6686
-70.6686
-70.6686
-70.6686
-70.6685
-70.6685
-70.6685
-70.6685
-70.6685
-70.6684
-70.6684
-70.6684
-70.6684
-70.6684
-70.6683
-70.6683
-70.6683
-70.6683
-70.6682
-70.6682
-70.6682
-70.6682
-70.6682
-70.6681
-70.6681
-70.6681
-70.6681
-70.6681
-70.677
-70.9417
-71.7204
-72.7136
-73.4949
-68.4134
-54.6873
-51.2212
-49.2713
-46.6437
-33.343
-11.0753
-38.0077
-67.7357
-68.665
-67.6552
-66.585
-65.494
-64.4002
-63.3215
-62.2746
-61.2749
-60.3346
-59.4541
-58.6138
-57.8642
-57.1914
-56.601
-56.0876
-55.6426
-55.2571
-54.9261
-54.6447
-54.4074
-54.2116
-54.0507
-53.9177
-53.8068
-53.7168
-53.6432
-53.5844
-53.5384
-53.5027
-53.475
-53.4519
-53.4338
-53.4193
-53.4079
-53.3998
-53.3943
-53.3907
-53.3887
-53.387
-53.3845
-53.383
-53.3816
-53.3806
-53.3806
-53.3814
-53.3827
-53.3843
-53.3862
-53.3882
-53.3893
-53.3885
-53.3882
-53.3878
-53.3876
-53.3876
-53.3883
-53.3894
-53.3908
-53.3923
-53.3938
-53.3955
-53.3971
-53.3988
-53.4004
-53.4019
-53.4025
-53.3993
-53.3964
-53.3944
-53.3928
-53.392
-53.3909
-53.3897
-53.3881
-53.3853
-53.3781
-53.3286
-53.2024
-53.2032
-53.2367
-53.2687
-53.2927
-53.3094
-53.3206
-53.3283
-53.3343
-53.3396
-53.345
-53.3511
-53.3587
-53.3683
-53.3834
-53.4004
-53.4093
-53.4137
-53.4152
-53.4165
-53.4182
-53.4207
-53.4238
-53.4237
-53.424
-53.4255
-53.4281
-53.4316
-53.4359
-53.441
-53.4467
-53.4532
-53.4604
-53.4684
-53.4772
-53.4869
-53.4976
-53.5093
-53.5221
-53.5362
-53.5515
-53.5682
-53.5865
-53.6065
-53.6283
-53.652
-53.678
-53.7063
-53.7373
-53.7587
-53.5666
-53.4472
-53.4104
-53.3979
-53.3942
-53.3974
-53.4036
-53.4107
-53.4182
-53.4256
-53.4331
-53.4321
-53.429
-53.429
-53.4312
-53.4347
-53.4391
-53.4442
-53.4498
-53.4561
-53.4629
-53.4704
-53.4787
-53.4876
-53.497
-53.5071
-53.5179
-53.5296
-53.5423
-53.5565
-53.572
-53.5892
-53.6092
-53.6312
-53.6545
-53.6793
-53.7058
-53.7344
-53.766
-53.8027
-53.8452
-53.8916
-53.6393
-53.4361
-53.3794
-53.3717
-53.373
-53.3763
-53.3828
-53.3906
-53.3987
-53.4067
-53.4144
-53.4219
-53.4291
-53.4363
-53.4435
-53.4387
-53.4315
-53.429
-53.4298
-53.4326
-53.4367
-53.4416
-53.4473
-53.4535
-53.4601
-53.4673
-53.4751
-53.4833
-53.4923
-53.5024
-53.5137
-53.5263
-53.54
-53.5557
-53.5728
-53.5906
-53.6097
-53.6312
-53.6543
-53.6791
-53.7074
-53.7394
-53.7737
-53.8118
-53.8549
-53.9032
-53.9548
-54.0086
-54.0656
-54.1296
-54.1989
-53.6938
-53.3948
-53.3254
-53.3223
-53.3365
-53.3542
-53.369
-53.3751
-53.3818
-53.3893
-53.3971
-53.4048
-53.4124
-53.42
-53.4272
-53.4343
-53.4413
-53.4491
-53.4572
-53.4658
-53.4746
-53.4773
-53.4525
-53.4387
-53.4346
-53.4358
-53.4392
-53.4438
-53.4492
-53.4556
-53.4632
-53.4716
-53.4806
-53.4901
-53.5003
-53.5128
-53.5266
-53.5408
-53.5558
-53.5724
-53.5918
-53.5708
-53.4818
-53.4454
-53.4354
-53.424
-53.4147
-53.4133
-53.4158
-53.42
-53.4228
-53.4189
-53.4174
-53.4185
-53.4209
-53.4243
-53.4282
-53.4329
-53.4384
-53.4407
-53.4331
-53.4288
-53.4283
-53.4301
-53.4331
-53.4369
-53.4413
-53.4462
-53.4516
-53.4582
-53.4679
-53.483
-53.5012
-53.5213
-53.5413
-53.5601
-53.5788
-53.5978
-53.6182
-53.6488
-53.6943
-53.7507
-53.8081
-53.8637
-53.9161
-53.9683
-54.0233
-54.0823
-54.1508
-54.2343
-54.3333
-54.4438
-54.5607
-54.6822
-54.8061
-54.9347
-55.0716
-55.2211
-55.3888
-55.5789
-55.7924
-56.0285
-56.2811
-56.544
-56.8147
-57.0937
-57.3826
-57.6855
-58.0095
-58.3625
-58.7479
-59.1673
-59.6127
-60.0702
-60.529
-60.989
-61.446
-61.9015
-62.3658
-62.849
-63.3548
-63.8823
-64.4266
-64.9786
-65.5159
-66.0275
-66.5162
-66.981
-67.4226
-67.8522
-68.2755
-68.6991
-69.1206
-69.535
-69.9399
-70.3164
-70.6601
-70.9751
-71.2645
-71.5285
-71.7741
-72.0048
-72.2291
-72.4468
-72.6537
-72.8511
-73.0331
-73.1929
-73.3337
-73.4597
-73.5729
-73.6757
-73.7682
-73.8563
-73.9411
-74.0217
-74.1007
-74.1751
-74.2408
-74.2951
-74.341
-74.3819
-74.4197
-74.4529
-74.4817
-74.5098
-74.5374
-74.5639
-74.5902
-74.6152
-74.6377
-74.6544
-74.6667
-74.6768
-74.6876
-74.6969
-74.7054
-74.7139
-74.7224
-74.7308
-74.7397
-74.7479
-74.756
-74.7617
-74.7648
-74.7658
-74.7672
-74.769
-74.7702
-74.7712
-74.7734
-74.775
-74.7774
-74.7799
-74.7817
-74.7842
-74.7861
-74.7863
-74.7862
-74.7848
-74.7841
-74.7832
-74.7831
-74.7843
-74.7843
-74.785
-74.7854
-74.7847
-74.785
-74.7864
-74.7862
-74.7858
-74.7831
-74.7793
-74.7762
-74.7745
-74.7759
-74.777
-74.7776
-74.7785
-74.7786
-74.7773
-74.7777
-74.7783
-74.7791
-74.7785
-74.7758
-74.7716
-74.7663
-74.7646
-74.7659
-74.7673
-74.7693
-74.7707
-74.7704
-74.7687
-74.7663
-74.7655
-74.7662
-74.7658
-74.7646
-74.7613
-74.7551
-74.751
-74.7505
-74.7538
-74.7564
-74.759
-74.7614
-74.7617
-74.7601
-74.7564
-74.756
-74.7562
-74.7555
-74.7543
-74.7515
-74.7455
-74.7415
-74.7394
-74.7395
-74.7414
-74.7426
-74.7436
-74.7465
-74.7477
-74.7456
-74.7426
-74.7424
-74.7418
-74.7411
-74.7399
-74.7373
-74.734
-74.7304
-74.7281
-74.7281
-74.7285
-74.7292
-74.7312
-74.734
-74.735
-74.735
-74.7346
-74.7328
-74.7316
-74.7302
-74.7291
-74.7261
-74.7212
-74.7181
-74.7157
-74.7132
-74.7114
-74.7113
-74.7112
-74.712
-74.7148
-74.7167
-74.7165
-74.7175
-74.7187
-74.7188
-74.7185
-74.7177
-74.7138
-74.7098
-74.7055
-74.7016
-74.7012
-74.7009
-74.6996
-74.6987
-74.699
-74.6995
-74.6997
-74.7013
-74.7034
-74.7061
-74.7062
-74.7035
-74.701
-74.7003
-74.6992
-74.6949
-74.6896
-74.6858
-74.6819
-74.6795
-74.679
-74.6806
-74.6798
-74.6796
-74.68
-74.6792
-74.6793
-74.6811
-74.6843
-74.6875
-74.6886
-74.6878
-74.6839
-74.6801
-74.676
-74.673
-74.67
-74.665
-74.6618
-74.6622
-74.663
-74.6643
-74.6651
-74.666
-74.6657
-74.6651
-74.6638
-74.6626
-74.6653
-74.6675
-74.6696
-74.6709
-74.6707
-74.668
-74.6634
-74.6566
-74.6506
-74.6431
-74.6378
-74.632
-74.627
-74.6279
-74.6315
-74.6368
-74.6406
-74.6408
-74.6397
-74.6397
-74.6409
-74.6429
-74.6451
-74.6465
-74.6474
-74.6458
-74.6447
-74.6438
-74.6414
-74.6383
-74.6342
-74.6262
-74.619
-74.6115
-74.604
-74.5978
-74.5938
-74.5909
-74.5889
-74.5958
-74.6082
-74.6178
-74.62
-74.6186
-74.617
-74.6166
-74.6198
-74.6243
-74.6254
-74.6245
-74.6222
-74.6185
-74.6171
-74.6161
-74.6136
-74.6096
-74.6048
-74.5986
-74.5899
-74.5805
-74.5758
-74.5698
-74.5618
-74.5537
-74.5484
-74.5447
-74.5471
-74.5526
-74.5593
-74.5641
-74.5692
-74.5774
-74.585
-74.5889
-74.5894
-74.5941
-74.5964
-74.5935
-74.5893
-74.5879
-74.5844
-74.5792
-74.5752
-74.5738
-74.571
-74.5655
-74.5577
-74.5492
-74.5396
-74.5296
-74.5197
-74.5153
-74.5114
-74.505
-74.496
-74.4882
-74.4904
-74.494
-74.4961
-74.498
-74.499
-74.5015
-74.5108
-74.5214
-74.5311
-74.5342
-74.5363
-74.5428
-74.5521
-74.5536
-74.549
-74.5438
-74.5424
-74.5423
-74.5409
-74.5383
-74.5346
-74.5303
-74.5228
-74.5178
-74.5118
-74.5027
-74.4932
-74.4829
-74.4724
-74.4604
-74.4482
-74.4409
-74.4318
-74.4261
-74.421
-74.4188
-74.4221
-74.4268
-74.4319
-74.4375
-74.4409
-74.4418
-74.44
-74.4408
-74.4473
-74.4555
-74.4643
-74.4693
-74.4751
-74.4821
-74.4884
-74.4922
-74.4884
-74.4812
-74.4727
-74.4688
-74.4686
-74.4702
-74.4707
-74.4689
-74.4662
-74.4621
-74.4559
-74.446
-74.4349
-74.4243
-74.4149
-74.4065
-74.3981
-74.3871
-74.3732
-74.356
-74.3375
-74.3199
-74.3117
-74.3078
-74.3001
-74.2922
-74.2979
-74.3078
-74.3205
-74.3305
-74.336
-74.3396
-74.3432
-74.3463
-74.3495
-74.3492
-74.3493
-74.3555
-74.3567
-74.3521
-74.345
-74.3348
-74.3257
-74.3286
-74.3387
-74.3487
-74.3593
-74.3684
-74.3719
-74.3715
-74.3656
-74.3607
-74.3619
-74.361
-74.3575
-74.3519
-74.3455
-74.3373
-74.3255
-74.3133
-74.3057
-74.2998
-74.2997
-74.3019
-74.3016
-74.2984
-74.2882
-74.2733
-74.2561
-74.2411
-74.2272
-74.2126
-74.1974
-74.1842
-74.1684
-74.1509
-74.1361
-74.1301
-74.1291
-74.135
-74.1476
-74.1563
-74.1569
-74.1519
-74.1543
-74.1625
-74.1704
-74.176
-74.1816
-74.1825
-74.1787
-74.1737
-74.1731
-74.1777
-74.1818
-74.1808
-74.1732
-74.1638
-74.1564
-74.15
-74.1472
-74.1454
-74.1392
-74.1266
-74.115
-74.1044
-74.1016
-74.109
-74.1213
-74.1351
-74.1474
-74.1528
-74.1585
-74.1683
-74.1759
-74.1767
-74.1716
-74.1638
-74.1511
-74.1418
-74.1455
-74.1549
-74.1607
-74.1612
-74.158
-74.1507
-74.141
-74.1331
-74.1222
-74.107
-74.0941
-74.0863
-74.0773
-74.0728
-74.0656
-74.0517
-74.032
-74.0095
-73.9928
-73.9861
-73.9804
-73.9692
-73.9582
-73.9487
-73.9398
-73.935
-73.9312
-73.9217
-73.9137
-73.9146
-73.9117
-73.9008
-73.8869
-73.8794
-73.8721
-73.8649
-73.8596
-73.8533
-73.8434
-73.8344
-73.826
-73.8249
-73.8294
-73.8323
-73.84
-73.8441
-73.8477
-73.853
-73.8689
-73.8841
-73.8922
-73.8984
-73.9068
-73.9166
-73.9174
-73.9088
-73.8934
-73.8769
-73.8613
-73.8486
-73.8379
-73.8231
-73.8037
-73.7874
-73.7845
-73.7894
-73.7882
-73.7787
-73.768
-73.7552
-73.7449
-73.7367
-73.724
-73.71
-73.7026
-73.6965
-73.6884
-73.6744
-73.6554
-73.6357
-73.6188
-73.5995
-73.5825
-73.5751
-73.5781
-73.5788
-73.5713
-73.5613
-73.5589
-73.5527
-73.5418
-73.5374
-73.5334
-73.5247
-73.5184
-73.522
-73.5322
-73.5393
-73.5412
-73.5352
-73.5291
-73.52
-73.5055
-73.4909
-73.4784
-73.4624
-73.4427
-73.4329
-73.4382
-73.4576
-73.4779
-73.4863
-73.4865
-73.4937
-73.5042
-73.5066
-73.501
-73.4957
-73.487
-73.4729
-73.4544
-73.4328
-73.4089
-73.3834
-73.3634
-73.3483
-73.3388
-73.3296
-73.3253
-73.3253
-73.3207
-73.3094
-73.2971
-73.2881
-73.2757
-73.2589
-73.2386
-73.2158
-73.1913
-73.1656
-73.1391
-73.1119
-73.0843
-73.0564
-73.0283
-73.0001
-72.9718
-72.9435
-72.9153
-72.8872
-72.8592
-72.8314
-72.8037
-72.7762
-72.7489
-72.7219
-72.695
-72.6684
-72.642
-72.6218
-72.6123
-72.602
-72.5881
-72.5713
-72.5523
-72.5319
-72.5106
-72.4887
-72.4665
-72.4441
-72.4216
-72.399
-72.3765
-72.3541
-72.3318
-72.3096
-72.2876
-72.2667
-72.2602
-72.2581
-72.2524
-72.2426
-72.2297
-72.2146
-72.1982
-72.1809
-72.163
-72.1447
-72.1261
-72.1074
-72.0886
-72.0698
-72.051
-72.0324
-72.0138
-71.9953
-71.9769
-71.9587
-71.9407
-71.9228
-71.9051
-71.8876
-71.8702
-71.853
-71.836
-71.8192
-71.8026
-71.7861
-71.7699
-71.7538
-71.7379
-71.7222
-71.7067
-71.6913
-71.6762
-71.6612
-71.6464
-71.6317
-71.6173
-71.603
-71.5889
-71.575
-71.5612
-71.5476
-71.5342
-71.5209
-71.5078
-71.4949
-71.4821
-71.4695
-71.457
-71.4447
-71.4325
-71.4205
-71.4086
-71.3969
-71.3854
-71.3739
-71.3627
-71.3515
-71.3406
-71.3297
-71.319
-71.3084
-71.298
-71.2877
-71.2775
-71.2675
-71.2576
-71.2478
-71.2382
-71.2287
-71.2193
-71.21
-71.2009
-71.1918
-71.1829
-71.1741
-71.1654
-71.1569
-71.1484
-71.1401
-71.1318
-71.1237
-71.1157
-71.1078
-71.1
-71.0923
-71.0847
-71.0772
-71.0698
-71.0625
-71.0553
-71.0482
-71.0412
-71.0342
-71.0274
-71.0207
-71.0141
-71.0075
-71.0011
-70.9947
-70.9884
-70.9822
-70.9761
-70.9701
-70.9641
-70.9583
-70.9525
-70.9468
-70.9412
-70.9356
-70.9302
-70.9248
-70.9195
-70.9143
-70.9091
-70.904
-70.899
-70.894
-70.8892
-70.8844
-70.8796
-70.875
-70.8704
-70.8658
-70.8614
-70.857
-70.8526
-70.8483
-70.8441
-70.84
-70.8359
-70.8319
-70.8279
-70.824
-70.8201
-70.8163
-70.8126
-70.8089
-70.8053
-70.8017
-70.7982
-70.7947
-70.7913
-70.7879
-70.7846
-70.7814
-70.7781
-70.775
-70.7719
-70.7688
-70.7658
-70.7628
-70.7599
-70.757
-70.7542
-70.7514
-70.7487
-70.746
-70.7433
-70.7407
-70.7381
-70.7356
-70.7331
-70.7306
-70.7282
-70.7259
-70.7235
-70.7212
-70.719
-70.7168
-70.7146
-70.7124
-70.7103
-70.7083
-70.7062
-70.7042
-70.7022
-70.7003
-70.6984
-70.6965
-70.6947
-70.6929
-70.6911
-70.6894
-70.6877
-70.686
-70.6843
-70.6827
-70.6811
-70.6795
-70.678
-70.6765
-70.675
-70.6735
-70.6721
-70.6707
-70.6693
-70.668
-70.6667
-70.6654
-70.6641
-70.6628
-70.6616
-70.6604
-70.6592
-70.6581
-70.6569
-70.6558
-70.6547
-70.6537
-70.6526
-70.6516
-70.6506
-70.6496
-70.6486
-70.6477
-70.6468
-70.6459
-70.645
-70.6441
-70.6433
-70.6424
-70.6416
-70.6408
-70.6401
-70.6393
-70.6386
-70.6378
-70.6371
-70.6364
-70.6358
-70.6351
-70.6345
-70.6338
-70.6332
-70.6326
-70.632
-70.6315
-70.6309
-70.6304
-70.6298
-70.6293
-70.6288
-70.6283
-70.6279
-70.6274
-70.627
-70.6265
-70.6261
-70.6257
-70.6253
-70.6249
-70.6245
-70.6242
-70.6238
-70.6235
-70.6231
-70.6228
-70.6225
-70.6222
-70.6219
-70.6216
-70.6213
-70.6211
-70.6208
-70.6206
-70.6204
-70.6201
-70.6199
-70.6197
-70.6195
-70.6193
-70.6191
-70.619
-70.6188
-70.6186
-70.6185
-70.6183
-70.6182
-70.6181
-70.618
-70.6179
-70.6177
-70.6176
-70.6176
-70.6175
-70.6174
-70.6173
-70.6173
-70.6172
-70.6171
-70.6171
-70.617
-70.617
-70.617
-70.617
-70.6169
-70.6169
-70.6169
-70.6169
-70.6169
-70.6169
-70.6169
-70.6169
-70.617
-70.617
-70.617
-70.617
-70.6171
-70.6171
-70.6172
-70.6172
-70.6173
-70.6173
-70.6174
-70.6174
-70.6175
-70.6176
-70.6177
-70.6177
-70.6178
-70.6179
-70.618
-70.6181
-70.6182
-70.6183
-70.6184
-70.6185
-70.6186
-70.6187
-70.6188
-70.6189
-70.6191
-70.6192
-70.6193
-70.6194
-70.6195
-70.6197
-70.6198
-70.6199
-70.6201
-70.6202
-70.6204
-70.6205
-70.6206
-70.6208
-70.6209
-70.6211
-70.6212
-70.6214
-70.6215
-70.6217
-70.6218
-70.622
-70.6222
-70.6223
-70.6225
-70.6226
-70.6228
-70.623
-70.6231
-70.6233
-70.6235
-70.6237
-70.6238
-70.624
-70.6242
-70.6243
-70.6245
-70.6247
-70.6249
-70.625
-70.6252
-70.6254
-70.6256
-70.6258
-70.6259
-70.6261
-70.6263
-70.6265
-70.6267
-70.6269
-70.627
-70.6272
-70.6274
-70.6276
-70.6278
-70.628
-70.6281
-70.6283
-70.6285
-70.6287
-70.6289
-70.6291
-70.6293
-70.6294
-70.6296
-70.6298
-70.63
-70.6302
-70.6304
-70.6306
-70.6308
-70.6309
-70.6311
-70.6313
-70.6315
-70.6317
-70.6319
-70.6321
-70.6322
-70.6324
-70.6326
-70.6328
-70.633
-70.6332
-70.6334
-70.6335
-70.6337
-70.6339
-70.6341
-70.6343
-70.6345
-70.6346
-70.6348
-70.635
-70.6352
-70.6354
-70.6355
-70.6357
-70.6359
-70.6361
-70.6363
-70.6364
-70.6366
-70.6368
-70.637
-70.6371
-70.6373
-70.6375
-70.6377
-70.6378
-70.638
-70.6382
-70.6384
-70.6385
-70.6387
-70.6389
-70.639
-70.6392
-70.6394
-70.6395
-70.6397
-70.6399
-70.64
-70.6402
-70.6404
-70.6405
-70.6407
-70.6409
-70.641
-70.6412
-70.6414
-70.6415
-70.6417
-70.6418
-70.642
-70.6421
-70.6423
-70.6425
-70.6426
-70.6428
-70.6429
-70.6431
-70.6432
-70.6434
-70.6435
-70.6437
-70.6438
-70.644
-70.6441
-70.6443
-70.6444
-70.6446
-70.6447
-70.6449
-70.645

