-70
-70.1661
-70.23
-70.2566
-70.2695
-70.2773
-70.283
-70.2879
-70.2925
-70.297
-70.3014
-70.3057
-70.31
-70.3142
-70.3185
-70.3226
-70.3268
-70.3309
-70.335
-70.3391
-70.3431
-70.3471
-70.351
-70.3549
-70.3588
-70.3626
-70.3664
-70.3701
-70.3738
-70.3775
-70.3811
-70.3847
-70.3883
-70.3918
-70.3953
-70.3987
-70.4021
-70.4055
-70.4088
-70.4121
-70.4154
-70.4186
-70.4218
-70.4249
-70.428
-70.4311
-70.4341
-70.4372
-70.4401
-70.4431
-70.446
-70.4489
-70.4517
-70.4545
-70.4573
-70.4601
-70.4628
-70.4655
-70.4682
-70.4708
-70.4734
-70.476
-70.4785
-70.481
-70.4835
-70.486
-70.4884
-70.4908
-70.4932
-70.4955
-70.4978
-70.5001
-70.5024
-70.5046
-70.5068
-70.509
-70.5112
-70.5133
-70.5154
-70.5175
-70.5196
-70.5216
-70.5236
-70.5256
-70.5276
-70.5295
-70.5315
-70.5334
-70.5352
-70.5371
-70.5389
-70.5407
-70.5425
-70.5443
-70.5461
-70.5478
-70.5495
-70.5512
-70.5528
-70.5545
-70.5561
-70.5577
-70.5593
-70.5609
-70.5624
-70.5639
-70.5655
-70.5669
-70.5684
-70.5699
-70.5713
-70.5727
-70.5741
-70.5755
-70.5769
-70.5782
-70.5796
-70.5809
-70.5822
-70.5835
-70.5848
-70.586
-70.5873
-70.5885
-70.5897
-70.5909
-70.5921
-70.5932
-70.5944
-70.5955
-70.5966
-70.5977
-70.5988
-70.5999
-70.601
-70.602
-70.603
-70.6041
-70.6051
-70.6061
-70.6071
-70.608
-70.609
-70.6099
-70.6109
-70.6118
-70.6127
-70.6136
-70.6145
-70.6154
-70.6162
-70.6171
-70.6179
-70.6187
-70.6196
-70.6204
-70.6212
-70.622
-70.6227
-70.6235
-70.6242
-70.625
-70.6257
-70.6265
-70.6272
-70.6279
-70.6286
-70.6293
-70.6299
-70.6306
-70.6313
-70.6319
-70.6325
-70.6332
-70.6338
-70.6344
-70.635
-70.6356
-70.6362
-70.6368
-70.6374
-70.6379
-70.6385
-70.639
-70.6396
-70.6401
-70.6406
-70.6411
-70.6417
-70.6422
-70.6427
-70.6431
-70.6436
-70.6441
-70.6446
-70.645
-70.6455
-70.6459
-70.6464
-70.6468
-70.6472
-70.6476
-70.6481
-70.6485
-70.6489
-70.6493
-70.6497
-70.65
-70.6504
-70.6508
-70.6512
-70.6515
-70.6519
-70.6522
-70.6526
-70.6529
-70.6533
-70.6536
-70.6539
-70.6542
-70.6545
-70.6549
-70.6552
-70.6555
-70.6558
-70.656
-70.6563
-70.6566
-70.6569
-70.6572
-70.6574
-70.6577
-70.658
-70.6582
-70.6585
-70.6587
-70.6589
-70.6592
-70.6594
-70.6597
-70.6599
-70.6601
-70.6603
-70.6605
-70.6607
-70.661
-70.6612
-70.6614
-70.6616
-70.6617
-70.6619
-70.6621
-70.6623
-70.6625
-70.6627
-70.6628
-70.663
-70.6632
-70.6633
-70.6635
-70.6637
-70.6638
-70.664
-70.6641
-70.6643
-70.6644
-70.6646
-70.6647
-70.6648
-70.665
-70.6651
-70.6652
-70.6653
-70.6655
-70.6656
-70.6657
-70.6658
-70.6659
-70.666
-70.6662
-70.6663
-70.6664
-70.6665
-70.6666
-70.6667
-70.6668
-70.6669
-70.667
-70.667
-70.6671
-70.6672
-70.6673
-70.6674
-70.6675
-70.6675
-70.6676
-70.6677
-70.6678
-70.6678
-70.6679
-70.668
-70.668
-70.6681
-70.6682
-70.6682
-70.6683
-70.6683
-70.6684
-70.6685
-70.6685
-70.6686
-70.6686
-70.6687
-70.6687
-70.6688
-70.6688
-70.6688
-70.6689
-70.6689
-70.669
-70.669
-70.669
-70.6691
-70.6691
-70.6691
-70.6692
-70.6692
-70.6692
-70.6693
-70.6693
-70.6693
-70.6694
-70.6694
-70.6694
-70.6694
-70.6694
-70.6695
-70.6695
-70.6695
-70.6695
-70.6695
-70.6696
-70.6696
-70.6696
-70.6696
-70.6696
-70.6696
-70.6696
-70.6697
-70.6697
-70.6697
-70.6697
-70.6697
-70.6697
-70.6697
-70.6697
-70.6697
-70.6697
-70.6697
-70.6697
-70.6697
-70.6697
-70.6697
-70.6697
-70.6697
-70.6697
-70.6697
-70.6697
-70.6697
-70.6697
-70.6697
-70.6697
-70.6697
-70.6697
-70.6697
-70.6697
-70.6697
-70.6697
-70.6697
-70.6697
-70.6697
-70.6697
-70.6697
-70.6696
-70.6696
-70.6696
-70.6696
-70.6696
-70.6696
-70.6696
-70.6696
-70.6696
-70.6695
-70.6695
-70.6695
-70.6695
-70.6695
-70.6695
-70.6695
-70.6695
-70.6694
-70.6694
-70.6694
-70.6694
-70.6694
-70.6694
-70.6693
-70.6693
-70.6693
-70.6693
-70.6693
-70.6693
-70.6693
-70.6692
-70.6692
-70.6692
-70.6692
-70.6692
-70.6691
-70.6691
-70.6691
-70.6691
-70.6691
-70.6691
-70.669
-70.669
-70.669
-70.669
-70.669
-70.6689
-70.6689
-70.6689
-70.6689
-70.6689
-70.6688
-70.6688
-70.6688
-70.6688
-70.6688
-70.6687
-70.6687
-70.6687
-70.6687
-70.6686
-70.6686
-70.6686
-70.6686
-70.6686
-70.6685
-70.6685
-70.6685
-70.6685
-70.6685
-70.6684
-70.6684
-70.6684
-70.6684
-70.6684
-70.6683
-70.6683
-70.6683
-70.6683
-70.6682
-70.6682
-70.6682
-70.6682
-70.6682
-70.6681
-70.6681
-70.6681
-70.6681
-70.6681
-70.6761
-70.8986
-71.5901
-72.472
-73.2268
-73.7644
-74.0663
-74.2129
-74.283
-74.3173
-74.3442
-74.3848
-74.4424
-74.5067
-74.5645
-74.6066
-74.6285
-74.6361
-74.6362
-74.6313
-74.6269
-74.6319
-74.6516
-74.6796
-74.7076
-74.7295
-74.7388
-74.7378
-74.7306
-74.7197
-74.7068
-74.6927
-74.6775
-74.6612
-74.6436
-74.6245
-74.6038
-74.5815
-74.5577
-74.5327
-74.5066
-74.4793
-74.4511
-74.422
-74.3921
-74.3614
-74.3301
-74.2981
-74.2656
-74.2327
-74.1993
-74.1657
-74.1317
-74.0975
-74.0632
-74.0287
-73.9942
-73.9596
-73.925
-73.8905
-73.856
-73.8216
-73.7874
-73.7532
-73.7193
-73.6855
-73.6519
-73.6185
-73.5854
-73.5525
-73.5198
-73.4874
-73.4552
-73.4233
-73.3916
-73.3603
-73.3292
-73.2984
-73.2679
-73.2376
-73.2077
-73.178
-73.1486
-73.1194
-73.0906
-73.062
-73.0338
-73.0057
-72.978
-72.9506
-72.9234
-72.8965
-72.8698
-72.8435
-72.8174
-72.7915
-72.766
-72.7407
-72.7156
-72.6908
-72.6663
-72.642
-72.618
-72.5942
-72.5707
-72.5474
-72.5243
-72.5015
-72.479
-72.4566
-72.4345
-72.4127
-72.3911
-72.3697
-72.3485
-72.3276
-72.3069
-72.2864
-72.2662
-72.2462
-72.2263
-72.2067
-72.1873
-72.1682
-72.1492
-72.1304
-72.1119
-72.0935
-72.0753
-72.0574
-72.0396
-72.022
-72.0047
-71.9875
-71.9705
-71.9537
-71.937
-71.9206
-71.9043
-71.8882
-71.8723
-71.8566
-71.841
-71.8257
-71.8105
-71.7954
-71.7805
-71.7658
-71.7513
-71.7369
-71.7227
-71.7086
-71.6947
-71.681
-71.6674
-71.654
-71.6407
-71.6275
-71.6146
-71.6102
-71.6207
-71.6297
-71.6332
-71.6327
-71.6444
-71.6604
-71.6706
-71.6747
-71.6742
-71.6722
-71.6785
-71.6848
-71.6868
-71.6912
-71.7134
-71.7404
-71.7593
-71.7696
-71.7732
-71.7723
-71.7735
-71.7795
-71.7827
-71.7825
-71.789
-71.805
-71.8196
-71.8276
-71.8296
-71.8273
-71.8221
-71.8214
-71.8253
-71.8264
-71.827
-71.8346
-71.8493
-71.8607
-71.8659
-71.8657
-71.8618
-71.8553
-71.8514
-71.8542
-71.8553
-71.8572
-71.865
-71.879
-71.8906
-71.8958
-71.8956
-71.8917
-71.885
-71.8771
-71.8771
-71.8791
-71.8813
-71.8887
-71.8998
-71.9123
-71.9191
-71.9203
-71.9171
-71.911
-71.9028
-71.8949
-71.8955
-71.8972
-71.9045
-71.9118
-71.9228
-71.9332
-71.9379
-71.9374
-71.933
-71.926
-71.9171
-71.9075
-71.9063
-71.9093
-71.9187
-71.9261
-71.9368
-71.9468
-71.9513
-71.9506
-71.946
-71.9388
-71.9298
-71.9194
-71.9118
-71.9135
-71.9241
-71.9333
-71.9402
-71.9509
-71.9578
-71.959
-71.956
-71.9497
-71.9414
-71.9315
-71.9205
-71.9145
-71.9211
-71.9331
-71.9404
-71.9475
-71.9573
-71.9626
-71.9627
-71.9587
-71.9519
-71.9501
-71.954
-71.9635
-71.97
-71.9711
-71.9679
-71.9633
-71.966
-71.9684
-71.9669
-71.9629
-71.9651
-71.9686
-71.9773
-71.9844
-71.9862
-71.9834
-71.9773
-71.9689
-71.9596
-71.9586
-71.9599
-71.9614
-71.968
-71.9724
-71.9812
-71.9891
-71.9916
-71.9894
-71.9837
-71.9776
-72.003
-72.1233
-72.3354
-72.5912
-72.8309
-73.0316
-73.1753
-73.269
-73.3391
-73.4208
-73.5306
-73.7282
-73.9749
-74.1619
-74.2764
-74.3433
-74.3785
-74.3933
-74.4035
-74.4268
-74.4677
-74.5286
-74.5967
-74.6441
-74.6689
-74.6794
-74.6806
-74.6763
-74.6726
-74.6733
-74.6806
-74.6942
-74.7174
-74.7371
-74.7471
-74.7487
-74.7461
-74.7405
-74.7329
-74.7267
-74.7246
-74.7254
-74.7353
-74.7503
-74.76
-74.7617
-74.7584
-74.752
-74.7431
-74.7345
-74.7294
-74.7274
-74.7299
-74.7406
-74.7539
-74.7613
-74.7615
-74.7574
-74.7508
-74.7425
-74.7347
-74.7289
-74.7255
-74.7267
-74.7345
-74.7463
-74.754
-74.7557
-74.7529
-74.7485
-74.7429
-74.7364
-74.7306
-74.7272
-74.7268
-74.7308
-74.7391
-74.7479
-74.7509
-74.7495
-74.7451
-74.7397
-74.7335
-74.7265
-74.7226
-74.7214
-74.7231
-74.7287
-74.7371
-74.7443
-74.7461
-74.7452
-74.7418
-74.7366
-74.7305
-74.7245
-74.7221
-74.7205
-74.7206
-74.7231
-74.7282
-74.7333
-74.7349
-74.736
-74.7341
-74.7303
-74.7252
-74.7212
-74.7211
-74.7203
-74.7198
-74.72
-74.7227
-74.7267
-74.7297
-74.7311
-74.7311
-74.7291
-74.7236
-74.7175
-74.7157
-74.7145
-74.7127
-74.711
-74.7107
-74.7127
-74.7172
-74.7209
-74.7228
-74.724
-74.7233
-74.7194
-74.7152
-74.7147
-74.7139
-74.7118
-74.7092
-74.7076
-74.709
-74.7114
-74.7137
-74.7141
-74.7146
-74.7136
-74.7099
-74.7063
-74.7052
-74.7044
-74.7037
-74.7017
-74.701
-74.7031
-74.7047
-74.7059
-74.7076
-74.7094
-74.7095
-74.7075
-74.7039
-74.7015
-74.7018
-74.7004
-74.6996
-74.6988
-74.6974
-74.697
-74.6972
-74.6961
-74.6966
-74.6978
-74.6975
-74.6951
-74.6915
-74.6876
-74.6878
-74.6888
-74.6901
-74.6924
-74.6927
-74.6925
-74.6922
-74.6924
-74.6922
-74.6934
-74.6937
-74.6926
-74.6892
-74.6844
-74.6814
-74.6803
-74.6802
-74.681
-74.6817
-74.6812
-74.6806
-74.6809
-74.6809
-74.6821
-74.6819
-74.6815
-74.6802
-74.678
-74.6728
-74.6687
-74.6677
-74.6697
-74.6716
-74.6712
-74.6717
-74.6719
-74.6709
-74.67
-74.6714
-74.6762
-74.6789
-74.6781
-74.6771
-74.6737
-74.6686
-74.6625
-74.6581
-74.6574
-74.6575
-74.658
-74.6572
-74.6552
-74.6541
-74.6542
-74.6527
-74.6528
-74.6561
-74.6622
-74.665
-74.6644
-74.6622
-74.658
-74.6509
-74.6487
-74.6481
-74.6476
-74.6445
-74.6436
-74.6442
-74.6439
-74.6436
-74.6407
-74.6382
-74.6401
-74.6439
-74.647
-74.6515
-74.6546
-74.6544
-74.6512
-74.6474
-74.6421
-74.6368
-74.6353
-74.6323
-74.627
-74.6226
-74.6202
-74.6219
-74.6219
-74.6217
-74.62
-74.6198
-74.6215
-74.6232
-74.6251
-74.6274
-74.6287
-74.6294
-74.6311
-74.6319
-74.6288
-74.625
-74.6201
-74.6176
-74.6154
-74.6094
-74.6077
-74.6072
-74.6027
-74.5991
-74.6013
-74.6039
-74.6059
-74.6085
-74.6094
-74.6089
-74.6089
-74.6109
-74.6111
-74.6087
-74.6069
-74.6054
-74.6047
-74.6038
-74.6007
-74.5963
-74.5903
-74.5858
-74.5834
-74.5827
-74.5825
-74.5791
-74.5714
-74.5678
-74.5735
-74.5802
-74.5865
-74.5878
-74.5864
-74.5841
-74.582
-74.5805
-74.5804
-74.5774
-74.5727
-74.5693
-74.5678
-74.5678
-74.5667
-74.5652
-74.5654
-74.5631
-74.5581
-74.5586
-74.5623
-74.5624
-74.5591
-74.5536
-74.5508
-74.5514
-74.5513
-74.554
-74.5625
-74.5652
-74.5639
-74.5603
-74.5528
-74.5456
-74.5417
-74.5386
-74.5368
-74.5364
-74.5348
-74.5307
-74.5247
-74.52
-74.5178
-74.5181
-74.52
-74.52
-74.52
-74.519
-74.5207
-74.5243
-74.525
-74.524
-74.5246
-74.526
-74.527
-74.5243
-74.5192
-74.5158
-74.5131
-74.5117
-74.5115
-74.5074
-74.5027
-74.4974
-74.4918
-74.4856
-74.4831
-74.4839
-74.4837
-74.4843
-74.4837
-74.478
-74.4706
-74.463
-74.4558
-74.4498
-74.451
-74.4562
-74.4624
-74.4698
-74.479
-74.4877
-74.4913
-74.4899
-74.4892
-74.4892
-74.4875
-74.4872
-74.4826
-74.477
-74.4707
-74.4625
-74.4513
-74.4396
-74.4354
-74.4367
-74.4361
-74.435
-74.4312
-74.4292
-74.4263
-74.4268
-74.4255
-74.4237
-74.419
-74.4125
-74.4059
-74.4013
-74.4001
-74.3978
-74.3912
-74.3821
-74.3748
-74.3773
-74.3882
-74.4019
-74.4132
-74.4178
-74.4165
-74.4174
-74.4179
-74.4144
-74.4114
-74.4122
-74.4115
-74.4065
-74.4015
-74.4005
-74.3995
-74.3945
-74.385
-74.3745
-74.3622
-74.3468
-74.3317
-74.3265
-74.3259
-74.3252
-74.3262
-74.3307
-74.3322
-74.3355
-74.3375
-74.3399
-74.343
-74.3405
-74.3363
-74.3293
-74.3217
-74.3143
-74.3101
-74.3044
-74.3003
-74.293
-74.2956
-74.3041
-74.3119
-74.3203
-74.326
-74.327
-74.328
-74.3266
-74.3186
-74.3061
-74.2929
-74.2791
-74.2679
-74.2588
-74.2488
-74.2375
-74.2349
-74.2369
-74.2444
-74.2566
-74.2679
-74.2766
-74.2787
-74.2742
-74.2681
-74.262
-74.2534
-74.2406
-74.2245
-74.2075
-74.1894
-74.1751
-74.1672
-74.1683
-74.1689
-74.1719
-74.1771
-74.1778
-74.1723
-74.1712
-74.1814
-74.1982
-74.2083
-74.2104
-74.2161
-74.2172
-74.2143
-74.2089
-74.2025
-74.1971
-74.1941
-74.1923
-74.19
-74.1839
-74.1766
-74.1778
-74.1798
-74.1761
-74.167
-74.1578
-74.1503
-74.1463
-74.1414
-74.1377
-74.14
-74.1449
-74.1412
-74.13
-74.1209
-74.1141
-74.1075
-74.0987
-74.0846
-74.0651
-74.0415
-74.0179
-73.9983
-73.9815
-73.9682
-73.9558
-73.9477
-73.9421
-73.9375
-73.9372
-73.931
-73.93
-73.9385
-73.9472
-73.957
-73.9672
-73.9748
-73.9769
-73.9795
-73.9842
-73.9932
-73.9949
-73.9891
-73.9838
-73.981
-73.9838
-73.987
-73.9825
-73.9723
-73.9591
-73.9454
-73.9367
-73.9388
-73.946
-73.9456
-73.9458
-73.9503
-73.9493
-73.9438
-73.9361
-73.9319
-73.9319
-73.935
-73.9426
-73.9467
-73.9488
-73.9508
-73.952
-73.9528
-73.9512
-73.9425
-73.9314
-73.9245
-73.9358
-73.9596
-73.9775
-73.9842
-73.9852
-73.989
-73.99
-73.9834
-73.9722
-73.9589
-73.9419
-73.9268
-73.918
-73.9074
-73.8955
-73.8816
-73.8678
-73.8536
-73.8389
-73.8199
-73.7975
-73.7872
-73.7873
-73.782
-73.7752
-73.7706
-73.7615
-73.7538
-73.747
-73.7353
-73.7235
-73.7147
-73.7161
-73.7145
-73.7054
-73.6961
-73.6898
-73.6796
-73.6637
-73.6477
-73.6322
-73.6133
-73.5908
-73.5657
-73.5444
-73.5251
-73.5034
-73.4789
-73.4523
-73.4242
-73.3951
-73.3653
-73.3365
-73.3154
-73.3025
-73.2904
-73.2741
-73.2561
-73.2449
-73.2404
-73.2388
-73.2369
-73.2286
-73.2176
-73.21
-73.199
-73.1867
-73.1787
-73.1749
-73.171
-73.172
-73.18
-73.1869
-73.1919
-73.1893
-73.1798
-73.1732
-73.1663
-73.161
-73.1571
-73.1569
-73.1575
-73.1597
-73.1563
-73.1462
-73.1336
-73.126
-73.1161
-73.1017
-73.0837
-73.0637
-73.0512
-73.042
-73.0388
-73.0377
-73.0392
-73.0351
-73.0247
-73.0103
-73.0019
-72.994
-72.9819
-72.967
-72.9594
-72.9516
-72.9395
-72.9234
-72.9045
-72.8835
-72.8611
-72.8377
-72.8137
-72.7892
-72.7644
-72.7394
-72.7142
-72.689
-72.6638
-72.6386
-72.6136
-72.5886
-72.5638
-72.5391
-72.5146
-72.4951
-72.4899
-72.4974
-72.5025
-72.5005
-72.4925
-72.4803
-72.4652
-72.4482
-72.4299
-72.4107
-72.3908
-72.3744
-72.3711
-72.368
-72.3606
-72.3494
-72.3353
-72.3193
-72.302
-72.2838
-72.2704
-72.2697
-72.2682
-72.2621
-72.2521
-72.242
-72.2446
-72.2474
-72.2449
-72.2376
-72.2269
-72.2137
-72.199
-72.1831
-72.1664
-72.1492
-72.1316
-72.1137
-72.0957
-72.0776
-72.0594
-72.0413
-72.0231
-72.0051
-71.9892
-71.9894
-71.993
-71.9921
-71.9866
-71.9778
-71.9666
-71.9539
-71.9401
-71.9256
-71.9106
-71.8953
-71.8798
-71.8642
-71.8485
-71.8329
-71.8172
-71.8016
-71.786
-71.7706
-71.7552
-71.74
-71.7249
-71.71
-71.6951
-71.6804
-71.6659
-71.6515
-71.6373
-71.6232
-71.6093
-71.5955
-71.5819
-71.5685
-71.5552
-71.542
-71.529
-71.5162
-71.5035
-71.4909
-71.4785
-71.4663
-71.4542
-71.4423
-71.4305
-71.4188
-71.4073
-71.3959
-71.3847
-71.3736
-71.3626
-71.3518
-71.3411
-71.3305
-71.3201
-71.3098
-71.2997
-71.2896
-71.2797
-71.27
-71.2603
-71.2508
-71.2414
-71.2321
-71.2229
-71.2139
-71.205
-71.1961
-71.1874
-71.1788
-71.1704
-71.162
-71.1537
-71.1456
-71.1375
-71.1296
-71.1217
-71.114
-71.1063
-71.0988
-71.0914
-71.084
-71.0768
-71.0696
-71.0626
-71.0556
-71.0487
-71.042
-71.0353
-71.0287
-71.0222
-71.0157
-71.0094
-71.0031
-70.997
-70.9909
-70.9849
-70.979
-70.9731
-70.9673
-70.9617
-70.9561
-70.9505
-70.9451
-70.9397
-70.9344
-70.9292
-70.924
-70.9189
-70.9139
-70.9089
-70.9041
-70.8992
-70.8945
-70.8898
-70.8852
-70.8807
-70.8762
-70.8718
-70.8674
-70.8631
-70.8589
-70.8547
-70.8506
-70.8465
-70.8426
-70.8386
-70.8347
-70.8309
-70.8271
-70.8234
-70.8198
-70.8162
-70.8126
-70.8091
-70.8057
-70.8023
-70.7989
-70.7956
-70.7924
-70.7892
-70.786
-70.7829
-70.7799
-70.7769
-70.7739
-70.771
-70.7681
-70.7653
-70.7625
-70.7597
-70.757
-70.7544
-70.7517
-70.7492
-70.7466
-70.7441
-70.7417
-70.7393
-70.7369
-70.7345
-70.7322
-70.73
-70.7277
-70.7255
-70.7234
-70.7212
-70.7191
-70.7171
-70.7151
-70.7131
-70.7111
-70.7092
-70.7073
-70.7054
-70.7036
-70.7018
-70.7
-70.6983
-70.6966
-70.6949
-70.6933
-70.6916
-70.69
-70.6885
-70.6869
-70.6854
-70.6839
-70.6825
-70.681
-70.6796
-70.6783
-70.6769
-70.6756
-70.6743
-70.673
-70.6717
-70.6705
-70.6693
-70.6681
-70.6669
-70.6657
-70.6646
-70.6635
-70.6624
-70.6614
-70.6603
-70.6593
-70.6583
-70.6573
-70.6563
-70.6554
-70.6545
-70.6536
-70.6527
-70.6518
-70.651
-70.6501
-70.6493
-70.6485
-70.6477
-70.647
-70.6462
-70.6455
-70.6448
-70.6441
-70.6434
-70.6427
-70.642
-70.6414
-70.6408
-70.6402
-70.6396
-70.639
-70.6384
-70.6379
-70.6373
-70.6368
-70.6363
-70.6358
-70.6353
-70.6348
-70.6343
-70.6339
-70.6334
-70.633
-70.6326
-70.6322
-70.6318
-70.6314
-70.631
-70.6306
-70.6303
-70.6299
-70.6296
-70.6293
-70.629
-70.6287
-70.6284
-70.6281
-70.6278
-70.6275
-70.6273
-70.627
-70.6268
-70.6265
-70.6263
-70.6261
-70.6259
-70.6257
-70.6255
-70.6253
-70.6251
-70.625
-70.6248
-70.6246
-70.6245
-70.6244
-70.6242
-70.6241
-70.624
-70.6239
-70.6238
-70.6236
-70.6236
-70.6235
-70.6234
-70.6233
-70.6232
-70.6232
-70.6231
-70.623
-70.623
-70.623
-70.6229
-70.6229
-70.6228
-70.6228
-70.6228
-70.6228
-70.6228
-70.6228
-70.6228
-70.6228
-70.6228
-70.6228
-70.6228
-70.6228
-70.6229
-70.6229
-70.6229
-70.6229
-70.623
-70.623
-70.6231
-70.6231
-70.6232
-70.6232
-70.6233
-70.6233
-70.6234
-70.6235
-70.6236
-70.6236
-70.6237
-70.6238
-70.6239
-70.6239
-70.624
-70.6241
-70.6242
-70.6243
-70.6244
-70.6245
-70.6246
-70.6247
-70.6248
-70.6249
-70.625
-70.6252
-70.6253
-70.6254
-70.6255
-70.6256
-70.6257
-70.6259
-70.626
-70.6261
-70.6262
-70.6264
-70.6265
-70.6266
-70.6268
-70.6269
-70.627
-70.6272
-70.6273
-70.6275
-70.6276
-70.6277
-70.6279
-70.628
-70.6282
-70.6283
-70.6285
-70.6286
-70.6288
-70.6289
-70.6291
-70.6292
-70.6294
-70.6295
-70.6297
-70.6298
-70.63
-70.6302
-70.6303
-70.6305
-70.6306
-70.6308
-70.6309
-70.6311
-70.6313
-70.6314
-70.6316
-70.6317
-70.6319
-70.6321
-70.6322
-70.6324
-70.6325
-70.6327
-70.6329
-70.633
-70.6332
-70.6334
-70.6335
-70.6337
-70.6339
-70.634
-70.6342
-70.6343
-70.6345
-70.6347
-70.6348
-70.635
-70.6352
-70.6353
-70.6355
-70.6357
-70.6358
-70.636
-70.6361
-70.6363
-70.6365
-70.6366
-70.6368
-70.637
-70.6371
-70.6373
-70.6374
-70.6376
-70.6378
-70.6379
-70.6381
-70.6382
-70.6384
-70.6386
-70.6387
-70.6389
-70.639
-70.6392
-70.6393
-70.6395
-70.6397
-70.6398
-70.64
-70.6401
-70.6403
-70.6404
-70.6406
-70.6407
-70.6409
-70.6411
-70.6412
-70.6414
-70.6415
-70.6417
-70.6418
-70.642
-70.6421
-70.6423
-70.6424
-70.6425
-70.6427
-70.6428
-70.643
-70.6431
-70.6433
-70.6434
-70.6436
-70.6437
-70.6439
-70.644
-70.6441

