-70
-70.1661
-70.23
-70.2566
-70.2695
-70.2773
-70.283
-70.2879
-70.2925
-70.297
-70.3014
-70.3057
-70.31
-70.3142
-70.3185
-70.3226
-70.3268
-70.3309
-70.335
-70.3391
-70.3431
-70.3471
-70.351
-70.3549
-70.3588
-70.3626
-70.3664
-70.3701
-70.3738
-70.3775
-70.3811
-70.3847
-70.3883
-70.3918
-70.3953
-70.3987
-70.4021
-70.4055
-70.4088
-70.4121
-70.4154
-70.4186
-70.4218
-70.4249
-70.428
-70.4311
-70.4341
-70.4372
-70.4401
-70.4431
-70.446
-70.4489
-70.4517
-70.4545
-70.4573
-70.4601
-70.4628
-70.4655
-70.4682
-70.4708
-70.4734
-70.476
-70.4785
-70.481
-70.4835
-70.486
-70.4884
-70.4908
-70.4932
-70.4955
-70.4978
-70.5001
-70.5024
-70.5046
-70.5068
-70.509
-70.5112
-70.5133
-70.5154
-70.5175
-70.5196
-70.5216
-70.5236
-70.5256
-70.5276
-70.5295
-70.5315
-70.5334
-70.5352
-70.5371
-70.5389
-70.5407
-70.5425
-70.5443
-70.5461
-70.5478
-70.5495
-70.5512
-70.5528
-70.5545
-70.5561
-70.5577
-70.5593
-70.5609
-70.5624
-70.5639
-70.5655
-70.5669
-70.5684
-70.5699
-70.5713
-70.5727
-70.5741
-70.5755
-70.5769
-70.5782
-70.5796
-70.5809
-70.5822
-70.5835
-70.5848
-70.586
-70.5873
-70.5885
-70.5897
-70.5909
-70.5921
-70.5932
-70.5944
-70.5955
-70.5966
-70.5977
-70.5988
-70.5999
-70.601
-70.602
-70.603
-70.6041
-70.6051
-70.6061
-70.6071
-70.608
-70.609
-70.6099
-70.6109
-70.6118
-70.6127
-70.6136
-70.6145
-70.6154
-70.6162
-70.6171
-70.6179
-70.6187
-70.6196
-70.6204
-70.6212
-70.622
-70.6227
-70.6235
-70.6242
-70.625
-70.6257
-70.6265
-70.6272
-70.6279
-70.6286
-70.6293
-70.6299
-70.6306
-70.6313
-70.6319
-70.6325
-70.6332
-70.6338
-70.6344
-70.635
-70.6356
-70.6362
-70.6368
-70.6374
-70.6379
-70.6385
-70.639
-70.6396
-70.6401
-70.6406
-70.6411
-70.6417
-70.6422
-70.6427
-70.6431
-70.6436
-70.6441
-70.6446
-70.645
-70.6455
-70.6459
-70.6464
-70.6468
-70.6472
-70.6476
-70.6481
-70.6485
-70.6489
-70.6493
-70.6497
-70.65
-70.6504
-70.6508
-70.6512
-70.6515
-70.6519
-70.6522
-70.6526
-70.6529
-70.6533
-70.6536
-70.6539
-70.6542
-70.6545
-70.6549
-70.6552
-70.6555
-70.6558
-70.656
-70.6563
-70.6566
-70.6569
-70.6572
-70.6574
-70.6577
-70.658
-70.6582
-70.6585
-70.6587
-70.6589
-70.6592
-70.6594
-70.6597
-70.6599
-70.6601
-70.6603
-70.6605
-70.6607
-70.661
-70.6612
-70.6614
-70.6616
-70.6617
-70.6619
-70.6621
-70.6623
-70.6625
-70.6627
-70.6628
-70.663
-70.6632
-70.6633
-70.6635
-70.6637
-70.6638
-70.664
-70.6641
-70.6643
-70.6644
-70.6646
-70.6647
-70.6648
-70.665
-70.6651
-70.6652
-70.6653
-70.6655
-70.6656
-70.6657
-70.6658
-70.6659
-70.666
-70.6662
-70.6663
-70.6664
-70.6665
-70.6666
-70.6667
-70.6668
-70.6669
-70.667
-70.667
-70.6671
-70.6672
-70.6673
-70.6674
-70.6675
-70.6675
-70.6676
-70.6677
-70.6678
-70.6678
-70.6679
-70.668
-70.668
-70.6681
-70.6682
-70.6682
-70.6683
-70.6683
-70.6684
-70.6685
-70.6685
-70.6686
-70.6686
-70.6687
-70.6687
-70.6688
-70.6688
-70.6688
-70.6689
-70.6689
-70.669
-70.669
-70.669
-70.6691
-70.6691
-70.6691
-70.6692
-70.6692
-70.6692
-70.6693
-70.6693
-70.6693
-70.6694
-70.6694
-70.6694
-70.6694
-70.6694
-70.6695
-70.6695
-70.6695
-70.6695
-70.6695
-70.6696
-70.6696
-70.6696
-70.6696
-70.6696
-70.6696
-70.6696
-70.6697
-70.6697
-70.6697
-70.6697
-70.6697
-70.6697
-70.6697
-70.6697
-70.6697
-70.6697
-70.6697
-70.6697
-70.6697
-70.6697
-70.6697
-70.6697
-70.6697
-70.6697
-70.6697
-70.6697
-70.6697
-70.6697
-70.6697
-70.6697
-70.6697
-70.6697
-70.6697
-70.6697
-70.6697
-70.6697
-70.6697
-70.6697
-70.6697
-70.6697
-70.6697
-70.6696
-70.6696
-70.6696
-70.6696
-70.6696
-70.6696
-70.6696
-70.6696
-70.6696
-70.6695
-70.6695
-70.6695
-70.6695
-70.6695
-70.6695
-70.6695
-70.6695
-70.6694
-70.6694
-70.6694
-70.6694
-70.6694
-70.6694
-70.6693
-70.6693
-70.6693
-70.6693
-70.6693
-70.6693
-70.6693
-70.6692
-70.6692
-70.6692
-70.6692
-70.6692
-70.6691
-70.6691
-70.6691
-70.6691
-70.6691
-70.6691
-70.669
-70.669
-70.669
-70.669
-70.669
-70.6689
-70.6689
-70.6689
-70.6689
-70.6689
-70.6688
-70.6688
-70.6688
-70.6688
-70.6688
-70.6687
-70.6687
-70.6687
-70.6687
-70.6686
-70.6686
-70.6686
-70.6686
-70.6686
-70.6685
-70.6685
-70.6685
-70.6685
-70.6685
-70.6684
-70.6684
-70.6684
-70.6684
-70.6684
-70.6683
-70.6683
-70.6683
-70.6683
-70.6682
-70.6682
-70.6682
-70.6682
-70.6682
-70.6681
-70.6681
-70.6681
-70.6681
-70.6681
-70.6858
-70.9893
-71.8726
-72.8741
-73.5894
-74.0135
-74.233
-64.1336
-53.7709
-50.9276
-49.0417
-46.1755
-26.3294
-15.5491
-41.63
-68.5731
-68.7101
-67.7058
-66.654
-65.5849
-64.5168
-63.4688
-62.4584
-61.4988
-60.6013
-59.606
-58.6554
-57.8825
-57.2185
-56.6405
-56.1398
-55.7081
-55.2998
-54.9537
-54.6704
-54.4388
-54.2504
-54.0977
-53.9654
-53.8422
-53.7466
-53.6741
-53.6193
-53.5781
-53.5478
-53.5243
-53.4904
-53.4648
-53.4489
-53.4396
-53.4348
-53.4332
-53.4339
-53.4364
-53.4369
-53.422
-53.4125
-53.4092
-53.4097
-53.4123
-53.4162
-53.4209
-53.4262
-53.432
-53.4382
-53.4447
-53.439
-53.4214
-53.4131
-53.411
-53.4121
-53.4148
-53.4184
-53.4225
-53.4269
-53.4314
-53.4361
-53.4409
-53.4453
-53.4491
-53.4523
-53.455
-53.4566
-53.4568
-53.4292
-53.4039
-53.3923
-53.3853
-53.3774
-53.3615
-53.3029
-52.8655
-52.7083
-52.7994
-52.9205
-53.0192
-53.0894
-53.1365
-53.1679
-53.1904
-53.2089
-53.2266
-53.246
-53.269
-53.2978
-53.3352
-53.3832
-53.4429
-53.5133
-53.5924
-53.6791
-53.773
-53.7347
-53.5406
-53.4775
-53.4625
-53.4645
-53.4732
-53.4854
-53.4997
-53.5159
-53.5338
-53.5534
-53.5749
-53.5983
-53.6239
-53.6518
-53.6822
-53.7154
-53.7517
-53.7913
-53.8346
-53.8817
-53.9329
-53.9887
-54.0493
-54.115
-54.1864
-54.2635
-54.3467
-54.4364
-54.5333
-54.6379
-54.7505
-54.8717
-55.0022
-55.1427
-55.2934
-55.4545
-55.626
-54.1836
-53.3785
-53.2063
-53.2038
-53.2449
-53.2935
-53.3399
-53.3817
-53.4193
-53.4536
-53.4856
-53.5156
-53.5442
-53.5723
-53.6007
-53.6292
-53.6584
-53.6886
-53.7203
-53.754
-53.7912
-53.8327
-53.8778
-53.9273
-53.9822
-54.0406
-54.1019
-54.1667
-54.2357
-54.3091
-54.3891
-54.4789
-54.5792
-54.6918
-54.813
-54.942
-55.0784
-55.2197
-55.367
-55.5209
-55.6821
-55.8567
-56.0538
-56.2696
-56.4975
-54.5344
-53.2837
-53.0355
-53.0364
-53.098
-53.1677
-53.2311
-53.2863
-53.3347
-53.3771
-53.4145
-53.4481
-53.4785
-53.5075
-53.5354
-53.5623
-53.5889
-53.6157
-53.6434
-53.6759
-53.7111
-53.7483
-53.7877
-53.8286
-53.8718
-53.9202
-53.9722
-54.027
-54.0853
-54.1475
-54.2208
-54.3072
-54.3984
-54.4962
-54.5973
-54.7021
-54.8117
-54.9332
-55.0657
-55.2037
-55.3474
-55.5019
-55.6822
-55.8823
-56.0933
-56.3134
-56.5333
-56.7532
-56.9754
-57.204
-57.4549
-57.7121
-57.9681
-58.24
-58.5383
-58.8472
-55.6471
-53.1625
-52.6759
-52.6643
-52.7735
-52.9006
-53.0158
-53.1135
-53.1943
-53.2614
-53.3183
-53.3674
-53.4106
-53.4503
-53.4867
-53.5203
-53.5521
-53.5831
-53.6149
-53.6485
-53.6845
-53.7227
-53.7634
-53.8079
-53.8554
-53.9049
-53.9568
-54.0118
-54.0707
-54.1342
-54.2101
-54.2945
-54.3859
-54.4854
-54.5919
-54.7068
-54.8259
-54.9498
-55.0799
-55.2173
-55.3626
-55.5231
-55.7004
-55.9201
-56.1603
-56.0244
-53.6675
-53.1285
-53.0514
-53.0905
-53.1544
-53.2173
-53.274
-53.3269
-53.376
-53.4243
-53.4735
-53.5195
-53.5595
-53.5956
-53.6308
-53.6676
-53.712
-53.7751
-53.8452
-53.9151
-53.9886
-54.0614
-54.1322
-54.2048
-54.2826
-54.3721
-54.4786
-54.604
-54.7445
-54.8921
-55.0462
-55.206
-55.3706
-55.5426
-55.7254
-55.9306
-56.166
-56.427
-56.7095
-57.0066
-57.3196
-57.6449
-57.9769
-58.3177
-58.6681
-59.0388
-59.4456
-59.8843
-60.3516
-60.8351
-61.3273
-61.8262
-62.3231
-62.8098
-63.2889
-63.7661
-64.2593
-64.7716
-65.3004
-65.8334
-66.3556
-66.8626
-67.3526
-67.8171
-68.2499
-68.6563
-69.0445
-69.4256
-69.8028
-70.1775
-70.5363
-70.8746
-71.1908
-71.484
-71.7543
-71.9974
-72.2153
-72.4164
-72.607
-72.7904
-72.9692
-73.1377
-73.2911
-73.4308
-73.5578
-73.6722
-73.774
-73.8625
-73.9411
-74.0151
-74.0847
-74.1518
-74.2175
-74.2769
-74.3297
-74.3776
-74.4205
-74.4581
-74.4906
-74.5186
-74.5434
-74.5667
-74.5881
-74.6101
-74.6319
-74.6505
-74.6662
-74.6808
-74.6944
-74.7057
-74.7148
-74.7223
-74.7288
-74.7354
-74.7416
-74.7486
-74.7564
-74.7624
-74.7666
-74.7703
-74.7739
-74.777
-74.7785
-74.7802
-74.7818
-74.783
-74.7831
-74.7835
-74.787
-74.7902
-74.7906
-74.7904
-74.79
-74.7899
-74.7905
-74.7903
-74.79
-74.7909
-74.7925
-74.7917
-74.7902
-74.7915
-74.793
-74.7922
-74.7902
-74.789
-74.7872
-74.7857
-74.7855
-74.7844
-74.7838
-74.7855
-74.7863
-74.7844
-74.7839
-74.7847
-74.7851
-74.7842
-74.7828
-74.7813
-74.7789
-74.7775
-74.7774
-74.7771
-74.7763
-74.7767
-74.7763
-74.7752
-74.7751
-74.776
-74.7758
-74.7734
-74.7709
-74.7692
-74.7671
-74.7659
-74.764
-74.7643
-74.7655
-74.7664
-74.765
-74.7623
-74.763
-74.7661
-74.7692
-74.7695
-74.7661
-74.7618
-74.7592
-74.758
-74.7556
-74.7524
-74.7513
-74.7532
-74.7557
-74.7549
-74.7516
-74.7482
-74.7482
-74.7515
-74.7544
-74.7537
-74.7497
-74.7474
-74.7466
-74.7453
-74.7421
-74.7388
-74.7373
-74.7401
-74.7444
-74.7461
-74.745
-74.7413
-74.7385
-74.7391
-74.7432
-74.7445
-74.7419
-74.7387
-74.7365
-74.7341
-74.7313
-74.7287
-74.7259
-74.7236
-74.7237
-74.7264
-74.7281
-74.7266
-74.7235
-74.7208
-74.7198
-74.72
-74.7228
-74.7252
-74.7248
-74.7243
-74.7235
-74.7215
-74.7192
-74.7181
-74.7179
-74.7167
-74.7145
-74.7134
-74.7146
-74.7149
-74.7131
-74.7107
-74.7088
-74.7085
-74.7089
-74.7086
-74.7083
-74.708
-74.7077
-74.7076
-74.7059
-74.7033
-74.7042
-74.7024
-74.6985
-74.6941
-74.6896
-74.6878
-74.6875
-74.6875
-74.6862
-74.6833
-74.6857
-74.6898
-74.6909
-74.6912
-74.6882
-74.6843
-74.6853
-74.6888
-74.6912
-74.6945
-74.6975
-74.6971
-74.692
-74.6865
-74.6814
-74.6757
-74.6716
-74.669
-74.6664
-74.6665
-74.6658
-74.6678
-74.6709
-74.6731
-74.6737
-74.6724
-74.6687
-74.6624
-74.6581
-74.6605
-74.6665
-74.6717
-74.6727
-74.6721
-74.6702
-74.666
-74.6584
-74.6501
-74.6421
-74.6357
-74.6322
-74.6323
-74.6346
-74.6363
-74.6395
-74.6447
-74.6489
-74.6505
-74.6512
-74.6495
-74.6446
-74.6383
-74.6334
-74.6362
-74.6418
-74.646
-74.6488
-74.65
-74.6492
-74.6475
-74.6427
-74.6358
-74.6271
-74.6213
-74.6156
-74.6081
-74.6053
-74.6068
-74.6072
-74.6093
-74.6146
-74.619
-74.622
-74.6238
-74.6229
-74.6173
-74.6139
-74.6123
-74.6111
-74.6119
-74.6142
-74.6131
-74.6081
-74.6032
-74.6002
-74.6016
-74.6044
-74.6025
-74.596
-74.5909
-74.5859
-74.5803
-74.5761
-74.5688
-74.5629
-74.5618
-74.5658
-74.5711
-74.5755
-74.5794
-74.5828
-74.5838
-74.5825
-74.5787
-74.5754
-74.5748
-74.5782
-74.5842
-74.5877
-74.5878
-74.5835
-74.5778
-74.5718
-74.5661
-74.558
-74.5493
-74.5457
-74.5471
-74.5471
-74.5458
-74.5424
-74.5397
-74.5377
-74.5334
-74.5272
-74.5248
-74.5229
-74.5194
-74.5168
-74.5144
-74.5169
-74.5235
-74.5264
-74.5259
-74.5242
-74.5284
-74.5303
-74.5299
-74.5322
-74.5384
-74.5447
-74.5494
-74.5487
-74.5446
-74.5387
-74.5319
-74.5251
-74.5165
-74.5054
-74.4982
-74.4957
-74.494
-74.4883
-74.4785
-74.467
-74.4605
-74.4598
-74.4614
-74.4611
-74.4612
-74.4597
-74.4587
-74.4568
-74.4519
-74.4489
-74.445
-74.4401
-74.4335
-74.4303
-74.4303
-74.4351
-74.4498
-74.4607
-74.4644
-74.4679
-74.4681
-74.4726
-74.4783
-74.482
-74.4802
-74.478
-74.4766
-74.4725
-74.4665
-74.4605
-74.4552
-74.4502
-74.4448
-74.4369
-74.4297
-74.4223
-74.4129
-74.4097
-74.408
-74.4087
-74.4055
-74.3955
-74.3827
-74.373
-74.3691
-74.3702
-74.3692
-74.3658
-74.3588
-74.3524
-74.3463
-74.339
-74.3309
-74.3246
-74.3237
-74.3237
-74.3193
-74.3128
-74.3094
-74.3044
-74.3005
-74.3021
-74.309
-74.315
-74.3197
-74.3217
-74.333
-74.3551
-74.3756
-74.384
-74.3831
-74.3786
-74.3769
-74.3732
-74.3666
-74.3588
-74.3552
-74.3554
-74.354
-74.348
-74.3398
-74.3342
-74.3301
-74.3221
-74.3105
-74.2978
-74.2807
-74.2647
-74.2596
-74.2603
-74.2561
-74.2496
-74.2422
-74.2399
-74.2481
-74.2589
-74.2624
-74.2557
-74.244
-74.2403
-74.2424
-74.2415
-74.2369
-74.2253
-74.2075
-74.1886
-74.1764
-74.1687
-74.1614
-74.1539
-74.1483
-74.1421
-74.1303
-74.1177
-74.1069
-74.0976
-74.0909
-74.0864
-74.0818
-74.0786
-74.0729
-74.0654
-74.0563
-74.045
-74.0442
-74.0575
-74.0789
-74.102
-74.1198
-74.137
-74.1469
-74.1478
-74.1471
-74.1487
-74.1509
-74.152
-74.1594
-74.1726
-74.1814
-74.1857
-74.1886
-74.1909
-74.1902
-74.1887
-74.1861
-74.1823
-74.1839
-74.1845
-74.1786
-74.1654
-74.1495
-74.1383
-74.127
-74.1134
-74.0953
-74.0804
-74.0688
-74.0604
-74.0582
-74.057
-74.0536
-74.0434
-74.0277
-74.0137
-73.9998
-73.99
-73.9849
-73.9802
-73.9811
-73.9803
-73.9767
-73.9755
-73.9734
-73.9647
-73.9548
-73.9452
-73.9308
-73.9154
-73.8984
-73.8804
-73.87
-73.8722
-73.8725
-73.8817
-73.8964
-73.907
-73.914
-73.9214
-73.9262
-73.9265
-73.9204
-73.9072
-73.8886
-73.8667
-73.8471
-73.8303
-73.8183
-73.8073
-73.7964
-73.7871
-73.7891
-73.7983
-73.7997
-73.796
-73.7877
-73.7732
-73.7537
-73.7313
-73.7121
-73.6925
-73.6754
-73.658
-73.6395
-73.6233
-73.607
-73.5979
-73.6013
-73.6127
-73.621
-73.6225
-73.6151
-73.6008
-73.5816
-73.5595
-73.5416
-73.524
-73.5033
-73.4811
-73.4638
-73.4471
-73.438
-73.4441
-73.4544
-73.463
-73.4644
-73.472
-73.4851
-73.4897
-73.4847
-73.4724
-73.4586
-73.4478
-73.4437
-73.4495
-73.4538
-73.4534
-73.4517
-73.4464
-73.4417
-73.4344
-73.4356
-73.4357
-73.4354
-73.4315
-73.4221
-73.4147
-73.4102
-73.4053
-73.3947
-73.3789
-73.3591
-73.3366
-73.3121
-73.2862
-73.2646
-73.262
-73.2671
-73.2654
-73.256
-73.2408
-73.2216
-73.1996
-73.1758
-73.1506
-73.1245
-73.0977
-73.0705
-73.05
-73.0358
-73.0216
-73.0142
-73.0055
-72.992
-72.9746
-72.9543
-72.9321
-72.9086
-72.8841
-72.859
-72.8336
-72.8078
-72.7819
-72.756
-72.7356
-72.7253
-72.7141
-72.6994
-72.6817
-72.6619
-72.6407
-72.6185
-72.5958
-72.5727
-72.5493
-72.5258
-72.5023
-72.4788
-72.4554
-72.432
-72.414
-72.4087
-72.4032
-72.3935
-72.3804
-72.3647
-72.3473
-72.3288
-72.3096
-72.2899
-72.2699
-72.2497
-72.2295
-72.2092
-72.1889
-72.1688
-72.1487
-72.1287
-72.1088
-72.0891
-72.0696
-72.0502
-72.0311
-72.0121
-71.9933
-71.9746
-71.9562
-71.938
-71.92
-71.9021
-71.8845
-71.8671
-71.8498
-71.8328
-71.8159
-71.7993
-71.7828
-71.7665
-71.7505
-71.7346
-71.7189
-71.7034
-71.688
-71.6729
-71.6579
-71.6432
-71.6286
-71.6141
-71.5999
-71.5858
-71.5719
-71.5582
-71.5446
-71.5312
-71.518
-71.5049
-71.492
-71.4792
-71.4666
-71.4542
-71.4419
-71.4298
-71.4178
-71.406
-71.3943
-71.3828
-71.3714
-71.3601
-71.349
-71.3381
-71.3273
-71.3166
-71.3061
-71.2957
-71.2854
-71.2753
-71.2653
-71.2554
-71.2456
-71.236
-71.2265
-71.2172
-71.2079
-71.1988
-71.1898
-71.1809
-71.1721
-71.1635
-71.1549
-71.1465
-71.1382
-71.13
-71.1219
-71.1139
-71.106
-71.0982
-71.0905
-71.0829
-71.0755
-71.0681
-71.0608
-71.0536
-71.0466
-71.0396
-71.0327
-71.0259
-71.0192
-71.0126
-71.006
-70.9996
-70.9932
-70.987
-70.9808
-70.9747
-70.9687
-70.9628
-70.957
-70.9512
-70.9455
-70.9399
-70.9344
-70.9289
-70.9236
-70.9183
-70.9131
-70.9079
-70.9029
-70.8979
-70.8929
-70.8881
-70.8833
-70.8786
-70.8739
-70.8693
-70.8648
-70.8603
-70.856
-70.8516
-70.8474
-70.8432
-70.839
-70.835
-70.8309
-70.827
-70.8231
-70.8192
-70.8155
-70.8117
-70.8081
-70.8044
-70.8009
-70.7974
-70.7939
-70.7905
-70.7872
-70.7839
-70.7806
-70.7774
-70.7743
-70.7712
-70.7681
-70.7651
-70.7621
-70.7592
-70.7564
-70.7535
-70.7508
-70.748
-70.7453
-70.7427
-70.7401
-70.7375
-70.735
-70.7325
-70.7301
-70.7277
-70.7253
-70.723
-70.7207
-70.7185
-70.7163
-70.7141
-70.7119
-70.7098
-70.7078
-70.7057
-70.7037
-70.7018
-70.6999
-70.698
-70.6961
-70.6943
-70.6925
-70.6907
-70.689
-70.6873
-70.6856
-70.6839
-70.6823
-70.6807
-70.6792
-70.6776
-70.6761
-70.6747
-70.6732
-70.6718
-70.6704
-70.669
-70.6677
-70.6664
-70.6651
-70.6638
-70.6625
-70.6613
-70.6601
-70.659
-70.6578
-70.6567
-70.6556
-70.6545
-70.6534
-70.6524
-70.6514
-70.6504
-70.6494
-70.6484
-70.6475
-70.6466
-70.6457
-70.6448
-70.6439
-70.6431
-70.6423
-70.6414
-70.6407
-70.6399
-70.6391
-70.6384
-70.6377
-70.637
-70.6363
-70.6356
-70.6349
-70.6343
-70.6337
-70.6331
-70.6325
-70.6319
-70.6313
-70.6308
-70.6302
-70.6297
-70.6292
-70.6287
-70.6282
-70.6278
-70.6273
-70.6268
-70.6264
-70.626
-70.6256
-70.6252
-70.6248
-70.6244
-70.6241
-70.6237
-70.6234
-70.623
-70.6227
-70.6224
-70.6221
-70.6218
-70.6215
-70.6213
-70.621
-70.6208
-70.6205
-70.6203
-70.6201
-70.6199
-70.6197
-70.6195
-70.6193
-70.6191
-70.6189
-70.6188
-70.6186
-70.6184
-70.6183
-70.6182
-70.6181
-70.6179
-70.6178
-70.6177
-70.6176
-70.6175
-70.6174
-70.6174
-70.6173
-70.6172
-70.6172
-70.6171
-70.6171
-70.617
-70.617
-70.617
-70.6169
-70.6169
-70.6169
-70.6169
-70.6169
-70.6169
-70.6169
-70.6169
-70.6169
-70.6169
-70.617
-70.617
-70.617
-70.6171
-70.6171
-70.6172
-70.6172
-70.6173
-70.6173
-70.6174
-70.6175
-70.6175
-70.6176
-70.6177
-70.6178
-70.6178
-70.6179
-70.618
-70.6181
-70.6182
-70.6183
-70.6184
-70.6185
-70.6186
-70.6187
-70.6188
-70.619
-70.6191
-70.6192
-70.6193
-70.6194
-70.6196
-70.6197
-70.6198
-70.62
-70.6201
-70.6202
-70.6204
-70.6205
-70.6207
-70.6208
-70.621
-70.6211
-70.6213
-70.6214
-70.6216
-70.6217
-70.6219
-70.622
-70.6222
-70.6224
-70.6225
-70.6227
-70.6228
-70.623
-70.6232
-70.6233
-70.6235
-70.6237
-70.6239
-70.624
-70.6242
-70.6244
-70.6246
-70.6247
-70.6249
-70.6251
-70.6253
-70.6254
-70.6256
-70.6258
-70.626
-70.6262
-70.6263
-70.6265
-70.6267
-70.6269
-70.6271
-70.6273
-70.6274
-70.6276
-70.6278
-70.628
-70.6282
-70.6284
-70.6286
-70.6287
-70.6289
-70.6291
-70.6293
-70.6295
-70.6297
-70.6299
-70.63
-70.6302
-70.6304
-70.6306
-70.6308
-70.631
-70.6312
-70.6314
-70.6315
-70.6317
-70.6319
-70.6321
-70.6323
-70.6325
-70.6327
-70.6328
-70.633
-70.6332
-70.6334
-70.6336
-70.6338
-70.6339
-70.6341
-70.6343
-70.6345
-70.6347
-70.6349
-70.635
-70.6352
-70.6354
-70.6356
-70.6358
-70.6359
-70.6361
-70.6363
-70.6365
-70.6366
-70.6368
-70.637
-70.6372
-70.6374
-70.6375
-70.6377
-70.6379
-70.638
-70.6382
-70.6384
-70.6386
-70.6387
-70.6389
-70.6391
-70.6392
-70.6394
-70.6396
-70.6397
-70.6399
-70.6401
-70.6402
-70.6404
-70.6406
-70.6407
-70.6409
-70.6411
-70.6412
-70.6414
-70.6415
-70.6417
-70.6419
-70.642
-70.6422
-70.6423
-70.6425
-70.6426
-70.6428
-70.643
-70.6431
-70.6433
-70.6434
-70.6436
-70.6437
-70.6439
-70.644
-70.6442
-70.6443
-70.6445
-70.6446
-70.6447
-70.6449

