-70
-70.1661
-70.23
-70.2566
-70.2695
-70.2773
-70.283
-70.2879
-70.2925
-70.297
-70.3014
-70.3057
-70.31
-70.3142
-70.3185
-70.3226
-70.3268
-70.3309
-70.335
-70.3391
-70.3431
-70.3471
-70.351
-70.3549
-70.3588
-70.3626
-70.3664
-70.3701
-70.3738
-70.3775
-70.3811
-70.3847
-70.3883
-70.3918
-70.3953
-70.3987
-70.4021
-70.4055
-70.4088
-70.4121
-70.4154
-70.4186
-70.4218
-70.4249
-70.428
-70.4311
-70.4341
-70.4372
-70.4401
-70.4431
-70.446
-70.4489
-70.4517
-70.4545
-70.4573
-70.4601
-70.4628
-70.4655
-70.4682
-70.4708
-70.4734
-70.476
-70.4785
-70.481
-70.4835
-70.486
-70.4884
-70.4908
-70.4932
-70.4955
-70.4978
-70.5001
-70.5024
-70.5046
-70.5068
-70.509
-70.5112
-70.5133
-70.5154
-70.5175
-70.5196
-70.5216
-70.5236
-70.5256
-70.5276
-70.5295
-70.5315
-70.5334
-70.5352
-70.5371
-70.5389
-70.5407
-70.5425
-70.5443
-70.5461
-70.5478
-70.5495
-70.5512
-70.5528
-70.5545
-70.5561
-70.5577
-70.5593
-70.5609
-70.5624
-70.5639
-70.5655
-70.5669
-70.5684
-70.5699
-70.5713
-70.5727
-70.5741
-70.5755
-70.5769
-70.5782
-70.5796
-70.5809
-70.5822
-70.5835
-70.5848
-70.586
-70.5873
-70.5885
-70.5897
-70.5909
-70.5921
-70.5932
-70.5944
-70.5955
-70.5966
-70.5977
-70.5988
-70.5999
-70.601
-70.602
-70.603
-70.6041
-70.6051
-70.6061
-70.6071
-70.608
-70.609
-70.6099
-70.6109
-70.6118
-70.6127
-70.6136
-70.6145
-70.6154
-70.6162
-70.6171
-70.6179
-70.6187
-70.6196
-70.6204
-70.6212
-70.622
-70.6227
-70.6235
-70.6242
-70.625
-70.6257
-70.6265
-70.6272
-70.6279
-70.6286
-70.6293
-70.6299
-70.6306
-70.6313
-70.6319
-70.6325
-70.6332
-70.6338
-70.6344
-70.635
-70.6356
-70.6362
-70.6368
-70.6374
-70.6379
-70.6385
-70.639
-70.6396
-70.6401
-70.6406
-70.6411
-70.6417
-70.6422
-70.6427
-70.6431
-70.6436
-70.6441
-70.6446
-70.645
-70.6455
-70.6459
-70.6464
-70.6468
-70.6472
-70.6476
-70.6481
-70.6485
-70.6489
-70.6493
-70.6497
-70.65
-70.6504
-70.6508
-70.6512
-70.6515
-70.6519
-70.6522
-70.6526
-70.6529
-70.6533
-70.6536
-70.6539
-70.6542
-70.6545
-70.6549
-70.6552
-70.6555
-70.6558
-70.656
-70.6563
-70.6566
-70.6569
-70.6572
-70.6574
-70.6577
-70.658
-70.6582
-70.6585
-70.6587
-70.6589
-70.6592
-70.6594
-70.6597
-70.6599
-70.6601
-70.6603
-70.6605
-70.6607
-70.661
-70.6612
-70.6614
-70.6616
-70.6617
-70.6619
-70.6621
-70.6623
-70.6625
-70.6627
-70.6628
-70.663
-70.6632
-70.6633
-70.6635
-70.6637
-70.6638
-70.664
-70.6641
-70.6643
-70.6644
-70.6646
-70.6647
-70.6648
-70.665
-70.6651
-70.6652
-70.6653
-70.6655
-70.6656
-70.6657
-70.6658
-70.6659
-70.666
-70.6662
-70.6663
-70.6664
-70.6665
-70.6666
-70.6667
-70.6668
-70.6669
-70.667
-70.667
-70.6671
-70.6672
-70.6673
-70.6674
-70.6675
-70.6675
-70.6676
-70.6677
-70.6678
-70.6678
-70.6679
-70.668
-70.668
-70.6681
-70.6682
-70.6682
-70.6683
-70.6683
-70.6684
-70.6685
-70.6685
-70.6686
-70.6686
-70.6687
-70.6687
-70.6688
-70.6688
-70.6688
-70.6689
-70.6689
-70.669
-70.669
-70.669
-70.6691
-70.6691
-70.6691
-70.6692
-70.6692
-70.6692
-70.6693
-70.6693
-70.6693
-70.6694
-70.6694
-70.6694
-70.6694
-70.6694
-70.6695
-70.6695
-70.6695
-70.6695
-70.6695
-70.6696
-70.6696
-70.6696
-70.6696
-70.6696
-70.6696
-70.6696
-70.6697
-70.6697
-70.6697
-70.6697
-70.6697
-70.6697
-70.6697
-70.6697
-70.6697
-70.6697
-70.6697
-70.6697
-70.6697
-70.6697
-70.6697
-70.6697
-70.6697
-70.6697
-70.6697
-70.6697
-70.6697
-70.6697
-70.6697
-70.6697
-70.6697
-70.6697
-70.6697
-70.6697
-70.6697
-70.6697
-70.6697
-70.6697
-70.6697
-70.6697
-70.6697
-70.6696
-70.6696
-70.6696
-70.6696
-70.6696
-70.6696
-70.6696
-70.6696
-70.6696
-70.6695
-70.6695
-70.6695
-70.6695
-70.6695
-70.6695
-70.6695
-70.6695
-70.6694
-70.6694
-70.6694
-70.6694
-70.6694
-70.6694
-70.6693
-70.6693
-70.6693
-70.6693
-70.6693
-70.6693
-70.6693
-70.6692
-70.6692
-70.6692
-70.6692
-70.6692
-70.6691
-70.6691
-70.6691
-70.6691
-70.6691
-70.6691
-70.669
-70.669
-70.669
-70.669
-70.669
-70.6689
-70.6689
-70.6689
-70.6689
-70.6689
-70.6688
-70.6688
-70.6688
-70.6688
-70.6688
-70.6687
-70.6687
-70.6687
-70.6687
-70.6686
-70.6686
-70.6686
-70.6686
-70.6686
-70.6685
-70.6685
-70.6685
-70.6685
-70.6685
-70.6684
-70.6684
-70.6684
-70.6684
-70.6684
-70.6683
-70.6683
-70.6683
-70.6683
-70.6682
-70.6682
-70.6682
-70.6682
-70.6682
-70.6681
-70.6681
-70.6681
-70.6681
-70.6681
-70.6697
-70.8142
-71.5455
-72.5227
-73.3133
-68.3018
-54.7536
-51.3606
-49.542
-47.402
-40.5891
2.72911
-31.4446
-63.9842
-68.8833
-67.9509
-66.9071
-65.8408
-64.7709
-63.7151
-62.6906
-61.7147
-60.8014
-59.798
-58.838
-58.05
-57.3688
-56.774
-56.2568
-55.8086
-55.3842
-55.0279
-54.7349
-54.494
-54.2972
-54.1374
-53.9944
-53.8671
-53.7686
-53.6934
-53.6359
-53.5925
-53.5602
-53.5301
-53.4946
-53.4699
-53.4543
-53.4451
-53.4402
-53.4384
-53.439
-53.4414
-53.4322
-53.4189
-53.4126
-53.4111
-53.4126
-53.4158
-53.42
-53.425
-53.4306
-53.4366
-53.4431
-53.4405
-53.4231
-53.4143
-53.4118
-53.4128
-53.4155
-53.4192
-53.4234
-53.4279
-53.4327
-53.4377
-53.4428
-53.448
-53.4533
-53.458
-53.4621
-53.4656
-53.44
-53.4143
-53.4033
-53.3988
-53.3963
-53.3935
-53.3888
-53.3791
-53.356
-53.2533
-52.6619
-52.5408
-52.6658
-52.8138
-52.9321
-53.0158
-53.0721
-53.1103
-53.1382
-53.1615
-53.1844
-53.2098
-53.2402
-53.2787
-53.3285
-53.3922
-53.4679
-53.4815
-53.4786
-53.4764
-53.4771
-53.4809
-53.4877
-53.4972
-53.5089
-53.5228
-53.5389
-53.5573
-53.5781
-53.6013
-53.6273
-53.656
-53.6877
-53.7227
-53.7613
-53.8038
-53.8504
-53.9014
-53.957
-54.0175
-54.0835
-54.1551
-54.2328
-54.3167
-54.4072
-54.5051
-54.6108
-54.7247
-54.8474
-54.9797
-55.1222
-55.2753
-54.7942
-53.5929
-53.2929
-53.2473
-53.2712
-53.3117
-53.3534
-53.3924
-53.4282
-53.461
-53.4916
-53.5206
-53.5492
-53.5775
-53.6056
-53.634
-53.6631
-53.6935
-53.7255
-53.7595
-53.7958
-53.8348
-53.8774
-53.9242
-53.9741
-54.0275
-54.0849
-54.1466
-54.2131
-54.2843
-54.3609
-54.4483
-54.5433
-54.6468
-54.7569
-54.8723
-54.9943
-55.1236
-55.2607
-55.406
-55.5592
-55.7249
-55.9058
-54.3474
-53.3217
-53.114
-53.1135
-53.1633
-53.2202
-53.2726
-53.3185
-53.3584
-53.3937
-53.4253
-53.4537
-53.4805
-53.5061
-53.5306
-53.5546
-53.5785
-53.6028
-53.6278
-53.6542
-53.6836
-53.7149
-53.7478
-53.7831
-53.8233
-53.8665
-53.912
-53.9604
-54.0122
-54.0677
-54.1274
-54.1962
-54.2709
-54.349
-54.4312
-54.5199
-54.6214
-54.7287
-54.8401
-54.9566
-55.0792
-55.2085
-55.351
-55.5096
-55.6727
-55.8388
-56.0092
-56.1856
-56.3851
-56.5957
-56.8057
-57.0155
-53.918
-53.044
-52.9061
-52.949
-53.0312
-53.1129
-53.1839
-53.2434
-53.2936
-53.3368
-53.374
-53.4064
-53.4354
-53.4618
-53.4873
-53.5124
-53.5367
-53.5607
-53.585
-53.6098
-53.6358
-53.6634
-53.6953
-53.7295
-53.7654
-53.8035
-53.8451
-53.8935
-53.9455
-54
-54.0579
-54.1198
-54.1864
-54.2639
-54.3483
-54.4363
-54.5289
-54.6349
-54.7494
-54.868
-54.9915
-55.1213
-55.258
-55.4018
-55.5548
-55.7309
-55.9156
-55.3773
-53.5082
-53.1061
-53.0625
-53.1064
-53.1664
-53.2231
-53.2725
-53.3147
-53.351
-53.3829
-53.4132
-53.441
-53.467
-53.4918
-53.516
-53.5416
-53.567
-53.5923
-53.6212
-53.6679
-53.7268
-53.797
-53.8701
-53.9538
-54.0437
-54.1305
-54.2147
-54.3043
-54.4238
-54.6016
-54.816
-55.0289
-55.2278
-55.4216
-55.616
-55.8133
-56.0198
-56.2472
-56.5184
-56.8601
-57.2253
-57.585
-57.9369
-58.2913
-58.6534
-59.0245
-59.4074
-59.8079
-60.2484
-60.7511
-61.2847
-61.8148
-62.3267
-62.8273
-63.3207
-63.81
-64.2939
-64.7765
-65.2645
-65.7818
-66.3242
-66.8558
-67.3571
-67.824
-68.2626
-68.6738
-69.0627
-69.4317
-69.7834
-70.1347
-70.4966
-70.8532
-71.1861
-71.4872
-71.7566
-71.9992
-72.2173
-72.417
-72.6005
-72.7705
-72.9413
-73.113
-73.276
-73.4255
-73.5573
-73.672
-73.7712
-73.8588
-73.9373
-74.0082
-74.0722
-74.1379
-74.2067
-74.2707
-74.3291
-74.3803
-74.4238
-74.4593
-74.4883
-74.5134
-74.5352
-74.5551
-74.5757
-74.601
-74.6249
-74.6471
-74.6677
-74.6844
-74.6979
-74.7064
-74.7119
-74.7161
-74.7201
-74.7245
-74.7324
-74.7425
-74.7506
-74.7583
-74.7659
-74.7711
-74.775
-74.7757
-74.7738
-74.7712
-74.7693
-74.7691
-74.7729
-74.7781
-74.7812
-74.7831
-74.7866
-74.7888
-74.7895
-74.7892
-74.7868
-74.7829
-74.7786
-74.7759
-74.777
-74.7806
-74.7832
-74.7828
-74.783
-74.7844
-74.785
-74.7846
-74.7841
-74.7813
-74.7773
-74.7721
-74.7694
-74.7708
-74.7738
-74.7757
-74.7747
-74.7734
-74.7735
-74.7738
-74.7738
-74.7734
-74.7724
-74.769
-74.7648
-74.7615
-74.7599
-74.7617
-74.7636
-74.7642
-74.7628
-74.7625
-74.7624
-74.7625
-74.7616
-74.7608
-74.76
-74.7571
-74.754
-74.7512
-74.7496
-74.7495
-74.7496
-74.7497
-74.7488
-74.7476
-74.7477
-74.7484
-74.7494
-74.7486
-74.7475
-74.7465
-74.7454
-74.7422
-74.7397
-74.7404
-74.7388
-74.7365
-74.7348
-74.7339
-74.7338
-74.7345
-74.7363
-74.7374
-74.737
-74.7348
-74.7339
-74.7329
-74.7304
-74.7279
-74.7277
-74.7256
-74.7215
-74.7169
-74.7134
-74.7116
-74.7143
-74.7193
-74.7237
-74.7261
-74.7255
-74.7245
-74.7231
-74.7216
-74.7189
-74.7173
-74.7175
-74.7151
-74.7102
-74.7039
-74.6986
-74.6948
-74.6945
-74.6986
-74.7046
-74.7105
-74.7139
-74.7137
-74.7122
-74.709
-74.7049
-74.702
-74.6993
-74.6988
-74.6962
-74.6918
-74.6856
-74.6773
-74.6728
-74.6734
-74.6762
-74.6807
-74.6872
-74.6968
-74.7035
-74.7046
-74.7021
-74.6979
-74.6936
-74.6891
-74.6878
-74.6854
-74.6809
-74.6748
-74.6694
-74.663
-74.6581
-74.6554
-74.6555
-74.6596
-74.6644
-74.6713
-74.6769
-74.6835
-74.6864
-74.6834
-74.6789
-74.6748
-74.6692
-74.6661
-74.6651
-74.6612
-74.653
-74.6459
-74.6404
-74.6372
-74.6343
-74.6324
-74.6311
-74.6343
-74.6426
-74.652
-74.6586
-74.664
-74.6684
-74.6679
-74.6655
-74.6619
-74.6571
-74.6527
-74.6496
-74.6462
-74.6413
-74.6343
-74.6272
-74.6222
-74.6175
-74.6121
-74.6104
-74.6109
-74.6135
-74.6173
-74.6232
-74.6275
-74.6335
-74.6386
-74.641
-74.6402
-74.6373
-74.6321
-74.6257
-74.622
-74.6213
-74.6191
-74.6151
-74.6098
-74.6048
-74.601
-74.5947
-74.5886
-74.5817
-74.5769
-74.5806
-74.5848
-74.5859
-74.5898
-74.5938
-74.6006
-74.6066
-74.611
-74.6114
-74.6131
-74.6141
-74.6097
-74.6029
-74.5957
-74.5915
-74.5914
-74.5895
-74.5877
-74.5856
-74.582
-74.5767
-74.5717
-74.5658
-74.5615
-74.558
-74.5523
-74.5492
-74.5508
-74.5516
-74.5543
-74.561
-74.5652
-74.5679
-74.5692
-74.5712
-74.5716
-74.5721
-74.5719
-74.5688
-74.5645
-74.5581
-74.5515
-74.5473
-74.5458
-74.5452
-74.5413
-74.5362
-74.5304
-74.5275
-74.5254
-74.5253
-74.5256
-74.5238
-74.5161
-74.5081
-74.5019
-74.4988
-74.4968
-74.4994
-74.5054
-74.5149
-74.5241
-74.5273
-74.5265
-74.5273
-74.5286
-74.5277
-74.5244
-74.5204
-74.5177
-74.5144
-74.5111
-74.51
-74.5087
-74.5045
-74.4996
-74.4943
-74.4914
-74.4876
-74.4787
-74.475
-74.4745
-74.4727
-74.4678
-74.4643
-74.4631
-74.457
-74.4474
-74.44
-74.4428
-74.4491
-74.4535
-74.454
-74.4535
-74.4552
-74.4586
-74.4612
-74.4633
-74.4661
-74.4723
-74.4756
-74.4733
-74.4669
-74.4605
-74.4557
-74.4517
-74.4456
-74.4393
-74.4393
-74.4428
-74.4417
-74.4385
-74.434
-74.4251
-74.4172
-74.4175
-74.4157
-74.4118
-74.407
-74.3982
-74.3899
-74.3831
-74.3735
-74.3639
-74.3556
-74.3473
-74.3394
-74.3374
-74.3395
-74.3451
-74.3541
-74.3615
-74.3633
-74.3638
-74.36
-74.3554
-74.356
-74.3604
-74.3642
-74.3663
-74.3653
-74.373
-74.3856
-74.391
-74.3889
-74.3799
-74.3709
-74.3635
-74.359
-74.3573
-74.3538
-74.3533
-74.3518
-74.3475
-74.3403
-74.3373
-74.3379
-74.3368
-74.3327
-74.3322
-74.3293
-74.319
-74.3057
-74.2945
-74.2851
-74.275
-74.2617
-74.246
-74.2304
-74.2167
-74.2144
-74.2176
-74.2196
-74.2216
-74.2166
-74.2095
-74.2088
-74.2095
-74.2065
-74.2064
-74.2069
-74.2071
-74.2037
-74.1976
-74.2001
-74.2023
-74.2036
-74.2086
-74.2241
-74.239
-74.2432
-74.241
-74.2369
-74.2332
-74.2296
-74.2282
-74.2324
-74.2387
-74.2383
-74.2355
-74.2334
-74.2336
-74.2344
-74.2362
-74.236
-74.2345
-74.2305
-74.2322
-74.2333
-74.2282
-74.2215
-74.2139
-74.2041
-74.1978
-74.1943
-74.1871
-74.1734
-74.1582
-74.1456
-74.132
-74.1166
-74.1016
-74.0874
-74.0707
-74.0555
-74.0388
-74.0226
-74.0128
-73.9997
-73.9813
-73.965
-73.9545
-73.9411
-73.9379
-73.9431
-73.9536
-73.9616
-73.9604
-73.9506
-73.9408
-73.9353
-73.9256
-73.9114
-73.9048
-73.9063
-73.9178
-73.9252
-73.9293
-73.9328
-73.9361
-73.9421
-73.9502
-73.9578
-73.9588
-73.9559
-73.9531
-73.9505
-73.9593
-73.9714
-73.976
-73.9776
-73.9789
-73.9812
-73.9805
-73.9803
-73.9794
-73.9778
-73.979
-73.9792
-73.9752
-73.9665
-73.9577
-73.9579
-73.9552
-73.9456
-73.9378
-73.9333
-73.9276
-73.9305
-73.9362
-73.9508
-73.9657
-73.9776
-73.9892
-73.9965
-74.0006
-74.0073
-74.0098
-74.0033
-73.9893
-73.9727
-73.9563
-73.9463
-73.9453
-73.9482
-73.9552
-73.958
-73.9559
-73.947
-73.9316
-73.9171
-73.9058
-73.8925
-73.8796
-73.8677
-73.8544
-73.8437
-73.8387
-73.8299
-73.8147
-73.7944
-73.7705
-73.7442
-73.7216
-73.7001
-73.682
-73.6694
-73.6559
-73.6394
-73.625
-73.6077
-73.5945
-73.5874
-73.5763
-73.5595
-73.5384
-73.5142
-73.4879
-73.46
-73.4311
-73.4015
-73.3713
-73.3417
-73.32
-73.3112
-73.31
-73.3036
-73.2916
-73.2826
-73.2807
-73.3032
-73.3239
-73.3384
-73.3494
-73.357
-73.356
-73.3472
-73.3326
-73.318
-73.3072
-73.2936
-73.276
-73.2552
-73.2322
-73.2116
-73.1971
-73.182
-73.1726
-73.1622
-73.1474
-73.1287
-73.1072
-73.0838
-73.0637
-73.0508
-73.0363
-73.0185
-72.9978
-72.9751
-72.9511
-72.9261
-72.9005
-72.8745
-72.8524
-72.84
-72.8272
-72.8111
-72.7922
-72.7813
-72.7857
-72.7899
-72.7869
-72.7776
-72.7637
-72.7499
-72.7452
-72.7393
-72.7288
-72.7144
-72.6972
-72.678
-72.6574
-72.6359
-72.6137
-72.5911
-72.5682
-72.5452
-72.522
-72.4987
-72.4755
-72.4523
-72.4292
-72.4062
-72.3834
-72.3607
-72.3382
-72.3158
-72.2937
-72.2717
-72.25
-72.2284
-72.2071
-72.186
-72.1651
-72.1444
-72.1241
-72.1164
-72.1186
-72.1329
-72.1457
-72.1506
-72.1487
-72.1419
-72.1318
-72.1195
-72.1056
-72.0905
-72.0747
-72.0584
-72.0417
-72.0247
-72.0076
-71.9903
-71.973
-71.9557
-71.9385
-71.9213
-71.9042
-71.8872
-71.8703
-71.8536
-71.837
-71.8205
-71.8042
-71.788
-71.772
-71.7562
-71.7406
-71.7251
-71.7097
-71.6946
-71.6796
-71.6648
-71.6501
-71.6356
-71.6213
-71.6072
-71.5932
-71.5794
-71.5657
-71.5522
-71.5389
-71.5257
-71.5127
-71.4999
-71.4872
-71.4747
-71.4623
-71.45
-71.438
-71.426
-71.4142
-71.4026
-71.3911
-71.3798
-71.3685
-71.3575
-71.3465
-71.3357
-71.3251
-71.3146
-71.3042
-71.294
-71.2838
-71.2739
-71.264
-71.2543
-71.2447
-71.2352
-71.2258
-71.2166
-71.2075
-71.1985
-71.1896
-71.1808
-71.1722
-71.1636
-71.1552
-71.1469
-71.1387
-71.1306
-71.1226
-71.1147
-71.1069
-71.0992
-71.0916
-71.0842
-71.0768
-71.0695
-71.0623
-71.0552
-71.0482
-71.0413
-71.0345
-71.0278
-71.0211
-71.0146
-71.0082
-71.0018
-70.9955
-70.9893
-70.9832
-70.9772
-70.9713
-70.9654
-70.9596
-70.9539
-70.9483
-70.9428
-70.9373
-70.9319
-70.9266
-70.9213
-70.9162
-70.9111
-70.9061
-70.9011
-70.8962
-70.8914
-70.8867
-70.882
-70.8774
-70.8728
-70.8684
-70.8639
-70.8596
-70.8553
-70.8511
-70.8469
-70.8428
-70.8387
-70.8348
-70.8308
-70.827
-70.8231
-70.8194
-70.8157
-70.812
-70.8084
-70.8049
-70.8014
-70.798
-70.7946
-70.7913
-70.788
-70.7848
-70.7816
-70.7784
-70.7753
-70.7723
-70.7693
-70.7664
-70.7635
-70.7606
-70.7578
-70.755
-70.7523
-70.7496
-70.747
-70.7444
-70.7418
-70.7393
-70.7369
-70.7344
-70.732
-70.7297
-70.7273
-70.7251
-70.7228
-70.7206
-70.7184
-70.7163
-70.7142
-70.7121
-70.7101
-70.7081
-70.7061
-70.7042
-70.7023
-70.7005
-70.6986
-70.6968
-70.695
-70.6933
-70.6916
-70.6899
-70.6883
-70.6866
-70.685
-70.6835
-70.6819
-70.6804
-70.6789
-70.6775
-70.6761
-70.6747
-70.6733
-70.6719
-70.6706
-70.6693
-70.668
-70.6668
-70.6655
-70.6643
-70.6631
-70.662
-70.6608
-70.6597
-70.6586
-70.6575
-70.6565
-70.6555
-70.6544
-70.6535
-70.6525
-70.6515
-70.6506
-70.6497
-70.6488
-70.6479
-70.6471
-70.6462
-70.6454
-70.6446
-70.6438
-70.643
-70.6423
-70.6416
-70.6408
-70.6401
-70.6394
-70.6388
-70.6381
-70.6375
-70.6368
-70.6362
-70.6356
-70.6351
-70.6345
-70.6339
-70.6334
-70.6329
-70.6324
-70.6319
-70.6314
-70.6309
-70.6304
-70.63
-70.6295
-70.6291
-70.6287
-70.6283
-70.6279
-70.6275
-70.6272
-70.6268
-70.6265
-70.6261
-70.6258
-70.6255
-70.6252
-70.6249
-70.6246
-70.6243
-70.624
-70.6238
-70.6235
-70.6233
-70.6231
-70.6228
-70.6226
-70.6224
-70.6222
-70.622
-70.6219
-70.6217
-70.6215
-70.6214
-70.6212
-70.6211
-70.6209
-70.6208
-70.6207
-70.6206
-70.6205
-70.6204
-70.6203
-70.6202
-70.6201
-70.62
-70.62
-70.6199
-70.6198
-70.6198
-70.6197
-70.6197
-70.6197
-70.6196
-70.6196
-70.6196
-70.6196
-70.6196
-70.6195
-70.6195
-70.6195
-70.6196
-70.6196
-70.6196
-70.6196
-70.6196
-70.6197
-70.6197
-70.6197
-70.6198
-70.6198
-70.6199
-70.6199
-70.62
-70.6201
-70.6201
-70.6202
-70.6203
-70.6203
-70.6204
-70.6205
-70.6206
-70.6207
-70.6207
-70.6208
-70.6209
-70.621
-70.6211
-70.6212
-70.6213
-70.6214
-70.6216
-70.6217
-70.6218
-70.6219
-70.622
-70.6221
-70.6223
-70.6224
-70.6225
-70.6226
-70.6228
-70.6229
-70.623
-70.6232
-70.6233
-70.6235
-70.6236
-70.6237
-70.6239
-70.624
-70.6242
-70.6243
-70.6245
-70.6246
-70.6248
-70.6249
-70.6251
-70.6253
-70.6254
-70.6256
-70.6257
-70.6259
-70.6261
-70.6262
-70.6264
-70.6265
-70.6267
-70.6269
-70.627
-70.6272
-70.6274
-70.6275
-70.6277
-70.6279
-70.628
-70.6282
-70.6284
-70.6286
-70.6287
-70.6289
-70.6291
-70.6293
-70.6294
-70.6296
-70.6298
-70.63
-70.6301
-70.6303
-70.6305
-70.6307
-70.6308
-70.631
-70.6312
-70.6314
-70.6315
-70.6317
-70.6319
-70.6321
-70.6322
-70.6324
-70.6326
-70.6328
-70.6329
-70.6331
-70.6333
-70.6335
-70.6336
-70.6338
-70.634
-70.6342
-70.6343
-70.6345
-70.6347
-70.6349
-70.635
-70.6352
-70.6354
-70.6356
-70.6357
-70.6359
-70.6361
-70.6363
-70.6364
-70.6366
-70.6368
-70.6369
-70.6371
-70.6373
-70.6375
-70.6376
-70.6378
-70.638
-70.6381
-70.6383
-70.6385
-70.6386
-70.6388
-70.639
-70.6391
-70.6393
-70.6394
-70.6396
-70.6398
-70.6399
-70.6401
-70.6403
-70.6404
-70.6406
-70.6407
-70.6409
-70.6411
-70.6412
-70.6414
-70.6415
-70.6417
-70.6418
-70.642
-70.6421
-70.6423
-70.6425
-70.6426
-70.6428
-70.6429
-70.6431
-70.6432
-70.6434
-70.6435
-70.6437
-70.6438
-70.6439
-70.6441
-70.6442
-70.6444
-70.6445
-70.6447
-70.6448
-70.6449
-70.6451
-70.6452
-70.6454
-70.6455
-70.6456
-70.6458
-70.6459
-70.6461
-70.6462
-70.6463
-70.6465

