-70
-70.1661
-70.23
-70.2566
-70.2695
-70.2773
-70.283
-70.2879
-70.2925
-70.297
-70.3014
-70.3057
-70.31
-70.3142
-70.3185
-70.3226
-70.3268
-70.3309
-70.335
-70.3391
-70.3431
-70.3471
-70.351
-70.3549
-70.3588
-70.3626
-70.3664
-70.3701
-70.3738
-70.3775
-70.3811
-70.3847
-70.3883
-70.3918
-70.3953
-70.3987
-70.4021
-70.4055
-70.4088
-70.4121
-70.4154
-70.4186
-70.4218
-70.4249
-70.428
-70.4311
-70.4341
-70.4372
-70.4401
-70.4431
-70.446
-70.4489
-70.4517
-70.4545
-70.4573
-70.4601
-70.4628
-70.4655
-70.4682
-70.4708
-70.4734
-70.476
-70.4785
-70.481
-70.4835
-70.486
-70.4884
-70.4908
-70.4932
-70.4955
-70.4978
-70.5001
-70.5024
-70.5046
-70.5068
-70.509
-70.5112
-70.5133
-70.5154
-70.5175
-70.5196
-70.5216
-70.5236
-70.5256
-70.5276
-70.5295
-70.5315
-70.5334
-70.5352
-70.5371
-70.5389
-70.5407
-70.5425
-70.5443
-70.5461
-70.5478
-70.5495
-70.5512
-70.5528
-70.5545
-70.5561
-70.5577
-70.5593
-70.5609
-70.5624
-70.5639
-70.5655
-70.5669
-70.5684
-70.5699
-70.5713
-70.5727
-70.5741
-70.5755
-70.5769
-70.5782
-70.5796
-70.5809
-70.5822
-70.5835
-70.5848
-70.586
-70.5873
-70.5885
-70.5897
-70.5909
-70.5921
-70.5932
-70.5944
-70.5955
-70.5966
-70.5977
-70.5988
-70.5999
-70.601
-70.602
-70.603
-70.6041
-70.6051
-70.6061
-70.6071
-70.608
-70.609
-70.6099
-70.6109
-70.6118
-70.6127
-70.6136
-70.6145
-70.6154
-70.6162
-70.6171
-70.6179
-70.6187
-70.6196
-70.6204
-70.6212
-70.622
-70.6227
-70.6235
-70.6242
-70.625
-70.6257
-70.6265
-70.6272
-70.6279
-70.6286
-70.6293
-70.6299
-70.6306
-70.6313
-70.6319
-70.6325
-70.6332
-70.6338
-70.6344
-70.635
-70.6356
-70.6362
-70.6368
-70.6374
-70.6379
-70.6385
-70.639
-70.6396
-70.6401
-70.6406
-70.6411
-70.6417
-70.6422
-70.6427
-70.6431
-70.6436
-70.6441
-70.6446
-70.645
-70.6455
-70.6459
-70.6464
-70.6468
-70.6472
-70.6476
-70.6481
-70.6485
-70.6489
-70.6493
-70.6497
-70.65
-70.6504
-70.6508
-70.6512
-70.6515
-70.6519
-70.6522
-70.6526
-70.6529
-70.6533
-70.6536
-70.6539
-70.6542
-70.6545
-70.6549
-70.6552
-70.6555
-70.6558
-70.656
-70.6563
-70.6566
-70.6569
-70.6572
-70.6574
-70.6577
-70.658
-70.6582
-70.6585
-70.6587
-70.6589
-70.6592
-70.6594
-70.6597
-70.6599
-70.6601
-70.6603
-70.6605
-70.6607
-70.661
-70.6612
-70.6614
-70.6616
-70.6617
-70.6619
-70.6621
-70.6623
-70.6625
-70.6627
-70.6628
-70.663
-70.6632
-70.6633
-70.6635
-70.6637
-70.6638
-70.664
-70.6641
-70.6643
-70.6644
-70.6646
-70.6647
-70.6648
-70.665
-70.6651
-70.6652
-70.6653
-70.6655
-70.6656
-70.6657
-70.6658
-70.6659
-70.666
-70.6662
-70.6663
-70.6664
-70.6665
-70.6666
-70.6667
-70.6668
-70.6669
-70.667
-70.667
-70.6671
-70.6672
-70.6673
-70.6674
-70.6675
-70.6675
-70.6676
-70.6677
-70.6678
-70.6678
-70.6679
-70.668
-70.668
-70.6681
-70.6682
-70.6682
-70.6683
-70.6683
-70.6684
-70.6685
-70.6685
-70.6686
-70.6686
-70.6687
-70.6687
-70.6688
-70.6688
-70.6688
-70.6689
-70.6689
-70.669
-70.669
-70.669
-70.6691
-70.6691
-70.6691
-70.6692
-70.6692
-70.6692
-70.6693
-70.6693
-70.6693
-70.6694
-70.6694
-70.6694
-70.6694
-70.6694
-70.6695
-70.6695
-70.6695
-70.6695
-70.6695
-70.6696
-70.6696
-70.6696
-70.6696
-70.6696
-70.6696
-70.6696
-70.6697
-70.6697
-70.6697
-70.6697
-70.6697
-70.6697
-70.6697
-70.6697
-70.6697
-70.6697
-70.6697
-70.6697
-70.6697
-70.6697
-70.6697
-70.6697
-70.6697
-70.6697
-70.6697
-70.6697
-70.6697
-70.6697
-70.6697
-70.6697
-70.6697
-70.6697
-70.6697
-70.6697
-70.6697
-70.6697
-70.6697
-70.6697
-70.6697
-70.6697
-70.6697
-70.6696
-70.6696
-70.6696
-70.6696
-70.6696
-70.6696
-70.6696
-70.6696
-70.6696
-70.6695
-70.6695
-70.6695
-70.6695
-70.6695
-70.6695
-70.6695
-70.6695
-70.6694
-70.6694
-70.6694
-70.6694
-70.6694
-70.6694
-70.6693
-70.6693
-70.6693
-70.6693
-70.6693
-70.6693
-70.6693
-70.6692
-70.6692
-70.6692
-70.6692
-70.6692
-70.6691
-70.6691
-70.6691
-70.6691
-70.6691
-70.6691
-70.669
-70.669
-70.669
-70.669
-70.669
-70.6689
-70.6689
-70.6689
-70.6689
-70.6689
-70.6688
-70.6688
-70.6688
-70.6688
-70.6688
-70.6687
-70.6687
-70.6687
-70.6687
-70.6686
-70.6686
-70.6686
-70.6686
-70.6686
-70.6685
-70.6685
-70.6685
-70.6685
-70.6685
-70.6684
-70.6684
-70.6684
-70.6684
-70.6684
-70.6683
-70.6683
-70.6683
-70.6683
-70.6682
-70.6682
-70.6682
-70.6682
-70.6682
-70.6681
-70.6681
-70.6681
-70.6681
-70.6681
-70.6751
-70.9069
-71.6481
-72.541
-73.2798
-73.754
-74.0085
-74.138
-74.2028
-74.2357
-74.2642
-74.316
-74.3872
-74.4637
-74.5261
-74.5648
-74.5826
-74.5873
-74.5851
-74.5782
-74.5719
-74.5826
-74.6105
-74.6461
-74.6798
-74.6997
-74.7057
-74.7026
-74.6939
-74.6822
-74.6683
-74.6525
-74.6351
-74.6162
-74.5958
-74.5739
-74.5507
-74.5263
-74.5007
-74.4741
-74.4464
-74.4179
-74.3884
-74.3583
-74.3274
-74.2958
-74.2638
-74.2312
-74.1982
-74.1649
-74.1312
-74.0973
-74.0632
-74.029
-73.9947
-73.9604
-73.926
-73.8916
-73.8573
-73.8231
-73.789
-73.755
-73.7212
-73.6876
-73.6541
-73.6208
-73.5878
-73.5549
-73.5224
-73.49
-73.4579
-73.4261
-73.3946
-73.3633
-73.3323
-73.3015
-73.271
-73.2409
-73.211
-73.1813
-73.152
-73.1229
-73.0941
-73.0656
-73.0374
-73.0094
-72.9817
-72.9543
-72.9272
-72.9003
-72.8737
-72.8474
-72.8213
-72.7955
-72.77
-72.7447
-72.7197
-72.6949
-72.6704
-72.6461
-72.6221
-72.5984
-72.5749
-72.5516
-72.5286
-72.5058
-72.4832
-72.4609
-72.4388
-72.417
-72.3954
-72.374
-72.3529
-72.332
-72.3113
-72.2908
-72.2706
-72.2506
-72.2308
-72.2112
-72.1918
-72.1726
-72.1537
-72.1349
-72.1163
-72.098
-72.0798
-72.0619
-72.0441
-72.0265
-72.0092
-71.992
-71.975
-71.9582
-71.9415
-71.9251
-71.9088
-71.8927
-71.8768
-71.8611
-71.8455
-71.8301
-71.8149
-71.7999
-71.785
-71.7703
-71.7557
-71.7413
-71.7271
-71.7131
-71.6991
-71.6854
-71.6718
-71.6584
-71.6451
-71.6319
-71.6189
-71.6061
-71.5934
-71.5808
-71.5684
-71.5562
-71.544
-71.532
-71.5202
-71.5085
-71.4969
-71.4854
-71.4741
-71.4629
-71.4519
-71.441
-71.4302
-71.423
-71.434
-71.4473
-71.4553
-71.4581
-71.4572
-71.4536
-71.4483
-71.4418
-71.4414
-71.4575
-71.481
-71.5044
-71.5202
-71.5287
-71.5318
-71.5312
-71.528
-71.523
-71.5173
-71.5214
-71.5303
-71.5454
-71.5582
-71.5651
-71.5672
-71.5656
-71.5616
-71.5559
-71.5489
-71.5446
-71.5489
-71.5555
-71.5684
-71.579
-71.5842
-71.5849
-71.5823
-71.5775
-71.5712
-71.5637
-71.5602
-71.5648
-71.5701
-71.5821
-71.5926
-71.5978
-71.5986
-71.596
-71.5912
-71.5848
-71.5773
-71.5727
-71.5771
-71.5809
-71.5896
-71.6009
-71.6077
-71.6097
-71.6081
-71.6039
-71.5978
-71.5906
-71.5827
-71.5837
-71.5887
-71.5914
-71.6007
-71.6108
-71.6163
-71.6172
-71.6148
-71.61
-71.6035
-71.596
-71.5889
-71.5917
-71.5964
-71.598
-71.6059
-71.6157
-71.6213
-71.6224
-71.6201
-71.6154
-71.609
-71.6014
-71.5938
-71.5958
-71.6008
-71.6026
-71.6048
-71.6143
-71.6218
-71.6247
-71.6238
-71.62
-71.6142
-71.609
-71.6129
-71.6175
-71.6196
-71.6281
-71.6366
-71.6405
-71.6403
-71.6371
-71.6317
-71.6249
-71.6176
-71.6195
-71.6241
-71.6259
-71.6334
-71.6427
-71.6478
-71.6485
-71.6459
-71.6409
-71.6343
-71.6265
-71.6187
-71.6204
-71.6251
-71.6267
-71.6335
-71.6433
-71.6491
-71.6504
-71.6482
-71.6441
-71.6987
-71.8764
-72.0812
-72.2372
-72.3783
-72.5076
-72.6057
-72.6748
-72.7451
-72.8912
-73.1308
-73.4564
-73.7335
-73.9189
-74.0408
-74.1141
-74.1543
-74.1771
-74.2018
-74.2602
-74.338
-74.4236
-74.502
-74.5529
-74.581
-74.5937
-74.596
-74.5937
-74.5936
-74.6052
-74.6268
-74.6541
-74.6836
-74.7022
-74.7093
-74.7089
-74.7033
-74.6954
-74.6867
-74.6836
-74.6896
-74.7004
-74.7161
-74.7306
-74.7362
-74.7349
-74.7283
-74.7188
-74.7087
-74.7006
-74.6984
-74.7032
-74.7132
-74.727
-74.7375
-74.7405
-74.7372
-74.7293
-74.7189
-74.7082
-74.7007
-74.6984
-74.7026
-74.7115
-74.724
-74.7334
-74.7368
-74.7338
-74.7267
-74.7169
-74.7076
-74.7012
-74.6981
-74.7011
-74.7084
-74.7187
-74.7269
-74.7307
-74.7301
-74.7246
-74.7152
-74.7056
-74.6992
-74.6947
-74.6952
-74.7003
-74.7087
-74.7177
-74.7232
-74.7258
-74.7243
-74.7175
-74.7085
-74.7007
-74.6941
-74.6899
-74.6911
-74.6967
-74.7044
-74.7111
-74.7154
-74.7182
-74.7169
-74.7102
-74.7032
-74.6966
-74.6902
-74.6866
-74.6875
-74.6928
-74.6991
-74.7053
-74.7085
-74.7103
-74.7098
-74.7054
-74.6992
-74.6939
-74.6877
-74.6824
-74.68
-74.6837
-74.6894
-74.6952
-74.7001
-74.7014
-74.7018
-74.7005
-74.6979
-74.6941
-74.6892
-74.6839
-74.6786
-74.6754
-74.6779
-74.6829
-74.6884
-74.6927
-74.6928
-74.691
-74.6906
-74.6897
-74.6879
-74.6842
-74.6796
-74.6736
-74.6696
-74.6684
-74.6725
-74.6785
-74.6841
-74.6867
-74.685
-74.6829
-74.6834
-74.6833
-74.6808
-74.6769
-74.6715
-74.6661
-74.6621
-74.6601
-74.6637
-74.6699
-74.6747
-74.6766
-74.676
-74.6733
-74.6732
-74.6742
-74.6744
-74.6711
-74.6649
-74.6593
-74.6563
-74.6552
-74.6543
-74.6581
-74.664
-74.6675
-74.6669
-74.6663
-74.6643
-74.6637
-74.6642
-74.6642
-74.6618
-74.6556
-74.6484
-74.6468
-74.6478
-74.6469
-74.6453
-74.6483
-74.6531
-74.6549
-74.6546
-74.6552
-74.654
-74.6551
-74.6552
-74.6525
-74.6487
-74.6445
-74.6408
-74.6393
-74.6407
-74.6397
-74.6349
-74.6343
-74.6379
-74.6409
-74.6407
-74.6411
-74.6421
-74.6432
-74.6463
-74.6439
-74.6376
-74.6323
-74.6295
-74.6297
-74.6294
-74.6288
-74.6257
-74.6202
-74.6178
-74.6223
-74.6264
-74.6285
-74.627
-74.6255
-74.629
-74.6327
-74.6339
-74.632
-74.6265
-74.6192
-74.6148
-74.6162
-74.6169
-74.6149
-74.6102
-74.6011
-74.5966
-74.6004
-74.6089
-74.6134
-74.6141
-74.6115
-74.6126
-74.6143
-74.6151
-74.6173
-74.6171
-74.6122
-74.6055
-74.5998
-74.5976
-74.5966
-74.5967
-74.5945
-74.5855
-74.5762
-74.5729
-74.5796
-74.5913
-74.597
-74.5987
-74.5979
-74.5966
-74.599
-74.599
-74.598
-74.5975
-74.5946
-74.5905
-74.585
-74.5808
-74.5774
-74.5724
-74.5694
-74.5681
-74.5624
-74.5524
-74.5478
-74.552
-74.5618
-74.5716
-74.5779
-74.5818
-74.5823
-74.582
-74.5804
-74.5767
-74.5749
-74.5739
-74.5703
-74.5665
-74.5631
-74.5583
-74.5543
-74.5488
-74.5422
-74.5387
-74.5334
-74.5265
-74.5221
-74.5187
-74.5233
-74.5309
-74.5425
-74.5536
-74.5568
-74.5573
-74.5583
-74.5568
-74.5542
-74.5501
-74.5458
-74.5429
-74.5417
-74.5394
-74.5353
-74.5335
-74.5305
-74.5236
-74.5153
-74.5088
-74.5015
-74.495
-74.4887
-74.4812
-74.4775
-74.4829
-74.4957
-74.5071
-74.5163
-74.5209
-74.5242
-74.5251
-74.5258
-74.5252
-74.5216
-74.5188
-74.5135
-74.5076
-74.5036
-74.5008
-74.5011
-74.501
-74.4985
-74.4942
-74.4901
-74.4834
-74.4753
-74.4685
-74.4609
-74.4509
-74.4399
-74.4307
-74.4294
-74.4307
-74.4396
-74.4515
-74.4598
-74.4678
-74.4755
-74.4825
-74.4849
-74.4812
-74.4768
-74.4721
-74.4668
-74.4614
-74.4553
-74.4533
-74.4539
-74.4547
-74.4533
-74.4535
-74.4553
-74.4533
-74.4497
-74.4433
-74.4386
-74.4347
-74.4274
-74.4194
-74.4108
-74.4036
-74.3936
-74.3837
-74.3763
-74.3683
-74.3671
-74.375
-74.3798
-74.3831
-74.3901
-74.4043
-74.4154
-74.4236
-74.4243
-74.4181
-74.4075
-74.4021
-74.3991
-74.3959
-74.3955
-74.3947
-74.3902
-74.3876
-74.3883
-74.3904
-74.3944
-74.3958
-74.3914
-74.3856
-74.3819
-74.3809
-74.3804
-74.3776
-74.3729
-74.371
-74.3644
-74.3506
-74.3343
-74.3195
-74.3069
-74.2991
-74.2914
-74.2848
-74.2795
-74.2791
-74.2781
-74.2763
-74.2819
-74.292
-74.3024
-74.31
-74.3085
-74.3045
-74.3022
-74.3005
-74.3026
-74.3048
-74.3049
-74.3033
-74.2991
-74.297
-74.2958
-74.2975
-74.2977
-74.2935
-74.2965
-74.3013
-74.3009
-74.2976
-74.2915
-74.2888
-74.2888
-74.287
-74.2837
-74.2847
-74.2861
-74.2829
-74.2751
-74.2672
-74.2589
-74.2528
-74.2437
-74.2284
-74.2118
-74.1987
-74.1859
-74.1753
-74.163
-74.151
-74.1393
-74.13
-74.1324
-74.1386
-74.1437
-74.1478
-74.1465
-74.1459
-74.145
-74.145
-74.149
-74.1529
-74.1507
-74.143
-74.1394
-74.1381
-74.1322
-74.1265
-74.1302
-74.1411
-74.1508
-74.1563
-74.1556
-74.1507
-74.1462
-74.1449
-74.1432
-74.1519
-74.1596
-74.1612
-74.1646
-74.1712
-74.1759
-74.1778
-74.1726
-74.1623
-74.1489
-74.1449
-74.1455
-74.1451
-74.1439
-74.1409
-74.1308
-74.1187
-74.1113
-74.104
-74.1
-74.0957
-74.0859
-74.073
-74.0619
-74.0521
-74.0402
-74.023
-74.0014
-73.9806
-73.9649
-73.9539
-73.9437
-73.9308
-73.9138
-73.9002
-73.8857
-73.8702
-73.8581
-73.8566
-73.8646
-73.8762
-73.8841
-73.8886
-73.8859
-73.879
-73.866
-73.8498
-73.8395
-73.839
-73.8449
-73.8456
-73.8452
-73.8404
-73.8366
-73.8412
-73.8453
-73.8438
-73.8388
-73.835
-73.8387
-73.848
-73.8664
-73.8849
-73.8971
-73.9052
-73.91
-73.9159
-73.918
-73.9116
-73.9011
-73.8882
-73.8706
-73.8516
-73.8508
-73.861
-73.8786
-73.8955
-73.9094
-73.914
-73.9136
-73.9108
-73.9054
-73.9
-73.8988
-73.8954
-73.886
-73.8803
-73.8773
-73.8729
-73.8677
-73.8586
-73.8436
-73.8291
-73.8288
-73.8397
-73.8523
-73.8616
-73.8723
-73.8833
-73.8844
-73.8794
-73.8703
-73.8555
-73.8359
-73.813
-73.7924
-73.7749
-73.7591
-73.7401
-73.7174
-73.6953
-73.6761
-73.6624
-73.6586
-73.66
-73.6559
-73.6442
-73.6265
-73.6049
-73.5864
-73.5684
-73.5474
-73.5234
-73.4972
-73.4694
-73.4404
-73.4107
-73.3859
-73.3656
-73.3437
-73.3193
-73.2929
-73.2652
-73.2366
-73.2074
-73.1802
-73.1656
-73.1656
-73.1665
-73.1604
-73.1487
-73.1445
-73.1478
-73.1618
-73.1746
-73.1775
-73.1715
-73.1591
-73.1448
-73.1359
-73.1258
-73.1254
-73.1305
-73.1335
-73.1445
-73.1523
-73.1512
-73.1428
-73.1373
-73.1316
-73.1209
-73.1112
-73.1072
-73.109
-73.1225
-73.1364
-73.1405
-73.1357
-73.1243
-73.1085
-73.0895
-73.0684
-73.0457
-73.0219
-72.9972
-72.9756
-72.9637
-72.9613
-72.9574
-72.9479
-72.9335
-72.9156
-72.8953
-72.8733
-72.8502
-72.8263
-72.8019
-72.7771
-72.7535
-72.7414
-72.7316
-72.7192
-72.7148
-72.7112
-72.7029
-72.6901
-72.6795
-72.6763
-72.6705
-72.66
-72.6457
-72.6287
-72.6099
-72.5898
-72.5689
-72.5474
-72.5254
-72.5032
-72.4808
-72.4583
-72.4358
-72.4133
-72.3908
-72.3685
-72.3463
-72.3242
-72.3023
-72.2805
-72.2589
-72.2375
-72.2163
-72.1953
-72.1745
-72.1539
-72.1335
-72.1143
-72.1101
-72.1107
-72.12
-72.1325
-72.1385
-72.1375
-72.1315
-72.122
-72.1101
-72.0966
-72.0819
-72.0664
-72.0503
-72.0338
-72.0171
-72.0002
-71.9832
-71.9661
-71.949
-71.9319
-71.9149
-71.898
-71.8812
-71.8645
-71.8479
-71.8315
-71.8152
-71.799
-71.783
-71.7672
-71.752
-71.753
-71.7611
-71.765
-71.7638
-71.7586
-71.7508
-71.7411
-71.7302
-71.7184
-71.7061
-71.6933
-71.6803
-71.6672
-71.6539
-71.6406
-71.6272
-71.6139
-71.6007
-71.5875
-71.5743
-71.5613
-71.5484
-71.5356
-71.5229
-71.5103
-71.4979
-71.4855
-71.4733
-71.4613
-71.4494
-71.4376
-71.4259
-71.4144
-71.403
-71.3918
-71.3806
-71.3696
-71.3588
-71.3481
-71.3375
-71.327
-71.3167
-71.3065
-71.2964
-71.2865
-71.2766
-71.267
-71.2574
-71.2479
-71.2386
-71.2294
-71.2203
-71.2113
-71.2024
-71.1937
-71.185
-71.1765
-71.1681
-71.1598
-71.1516
-71.1435
-71.1355
-71.1276
-71.1198
-71.1121
-71.1045
-71.097
-71.0897
-71.0824
-71.0752
-71.0681
-71.0611
-71.0541
-71.0473
-71.0406
-71.0339
-71.0274
-71.0209
-71.0145
-71.0082
-71.002
-70.9959
-70.9898
-70.9839
-70.978
-70.9722
-70.9665
-70.9608
-70.9552
-70.9497
-70.9443
-70.939
-70.9337
-70.9285
-70.9234
-70.9183
-70.9133
-70.9084
-70.9036
-70.8988
-70.8941
-70.8894
-70.8848
-70.8803
-70.8759
-70.8715
-70.8671
-70.8629
-70.8587
-70.8545
-70.8504
-70.8464
-70.8424
-70.8385
-70.8347
-70.8309
-70.8271
-70.8234
-70.8198
-70.8162
-70.8127
-70.8092
-70.8058
-70.8024
-70.799
-70.7958
-70.7925
-70.7894
-70.7862
-70.7831
-70.7801
-70.7771
-70.7741
-70.7712
-70.7684
-70.7656
-70.7628
-70.7601
-70.7574
-70.7547
-70.7521
-70.7496
-70.747
-70.7445
-70.7421
-70.7397
-70.7373
-70.735
-70.7327
-70.7304
-70.7282
-70.726
-70.7239
-70.7218
-70.7197
-70.7176
-70.7156
-70.7136
-70.7117
-70.7098
-70.7079
-70.706
-70.7042
-70.7024
-70.7007
-70.6989
-70.6972
-70.6955
-70.6939
-70.6923
-70.6907
-70.6891
-70.6876
-70.6861
-70.6846
-70.6832
-70.6817
-70.6803
-70.6789
-70.6776
-70.6763
-70.675
-70.6737
-70.6724
-70.6712
-70.67
-70.6688
-70.6676
-70.6665
-70.6653
-70.6642
-70.6632
-70.6621
-70.6611
-70.66
-70.659
-70.6581
-70.6571
-70.6562
-70.6552
-70.6543
-70.6534
-70.6526
-70.6517
-70.6509
-70.6501
-70.6493
-70.6485
-70.6477
-70.647
-70.6462
-70.6455
-70.6448
-70.6441
-70.6435
-70.6428
-70.6422
-70.6415
-70.6409
-70.6403
-70.6398
-70.6392
-70.6386
-70.6381
-70.6375
-70.637
-70.6365
-70.636
-70.6355
-70.6351
-70.6346
-70.6342
-70.6337
-70.6333
-70.6329
-70.6325
-70.6321
-70.6318
-70.6314
-70.631
-70.6307
-70.6303
-70.63
-70.6297
-70.6294
-70.6291
-70.6288
-70.6285
-70.6283
-70.628
-70.6277
-70.6275
-70.6273
-70.627
-70.6268
-70.6266
-70.6264
-70.6262
-70.626
-70.6258
-70.6257
-70.6255
-70.6254
-70.6252
-70.6251
-70.6249
-70.6248
-70.6247
-70.6246
-70.6244
-70.6243
-70.6242
-70.6241
-70.6241
-70.624
-70.6239
-70.6238
-70.6238
-70.6237
-70.6237
-70.6236
-70.6236
-70.6235
-70.6235
-70.6235
-70.6235
-70.6234
-70.6234
-70.6234
-70.6234
-70.6234
-70.6234
-70.6234
-70.6234
-70.6234
-70.6235
-70.6235
-70.6235
-70.6236
-70.6236
-70.6236
-70.6237
-70.6237
-70.6238
-70.6238
-70.6239
-70.6239
-70.624
-70.6241
-70.6241
-70.6242
-70.6243
-70.6243
-70.6244
-70.6245
-70.6246
-70.6247
-70.6248
-70.6249
-70.625
-70.6251
-70.6251
-70.6253
-70.6254
-70.6255
-70.6256
-70.6257
-70.6258
-70.6259
-70.626
-70.6261
-70.6262
-70.6264
-70.6265
-70.6266
-70.6267
-70.6269
-70.627
-70.6271
-70.6273
-70.6274
-70.6275
-70.6277
-70.6278
-70.6279
-70.6281
-70.6282
-70.6283
-70.6285
-70.6286
-70.6288
-70.6289
-70.6291
-70.6292
-70.6294
-70.6295
-70.6297
-70.6298
-70.63
-70.6301
-70.6303
-70.6304
-70.6306
-70.6307
-70.6309
-70.631
-70.6312
-70.6313
-70.6315
-70.6317
-70.6318
-70.632
-70.6321
-70.6323
-70.6325
-70.6326
-70.6328
-70.6329
-70.6331
-70.6332
-70.6334
-70.6336
-70.6337
-70.6339
-70.6341
-70.6342
-70.6344
-70.6345
-70.6347
-70.6349
-70.635
-70.6352
-70.6353
-70.6355
-70.6357
-70.6358
-70.636
-70.6361
-70.6363
-70.6365
-70.6366
-70.6368
-70.6369
-70.6371
-70.6373
-70.6374
-70.6376
-70.6377
-70.6379
-70.6381
-70.6382
-70.6384
-70.6385
-70.6387
-70.6388
-70.639
-70.6392
-70.6393
-70.6395
-70.6396
-70.6398
-70.6399
-70.6401
-70.6402
-70.6404
-70.6405
-70.6407
-70.6409
-70.641
-70.6412
-70.6413
-70.6415
-70.6416
-70.6418
-70.6419
-70.6421
-70.6422
-70.6423
-70.6425
-70.6426
-70.6428
-70.6429
-70.6431
-70.6432
-70.6434
-70.6435
-70.6436
-70.6438
-70.6439
-70.6441
-70.6442
-70.6444
-70.6445
-70.6446
-70.6448
-70.6449
-70.645
-70.6452
-70.6453
-70.6454
-70.6456

