-70
-70.1661
-70.23
-70.2566
-70.2695
-70.2773
-70.283
-70.2879
-70.2925
-70.297
-70.3014
-70.3057
-70.31
-70.3142
-70.3185
-70.3226
-70.3268
-70.3309
-70.335
-70.3391
-70.3431
-70.3471
-70.351
-70.3549
-70.3588
-70.3626
-70.3664
-70.3701
-70.3738
-70.3775
-70.3811
-70.3847
-70.3883
-70.3918
-70.3953
-70.3987
-70.4021
-70.4055
-70.4088
-70.4121
-70.4154
-70.4186
-70.4218
-70.4249
-70.428
-70.4311
-70.4341
-70.4372
-70.4401
-70.4431
-70.446
-70.4489
-70.4517
-70.4545
-70.4573
-70.4601
-70.4628
-70.4655
-70.4682
-70.4708
-70.4734
-70.476
-70.4785
-70.481
-70.4835
-70.486
-70.4884
-70.4908
-70.4932
-70.4955
-70.4978
-70.5001
-70.5024
-70.5046
-70.5068
-70.509
-70.5112
-70.5133
-70.5154
-70.5175
-70.5196
-70.5216
-70.5236
-70.5256
-70.5276
-70.5295
-70.5315
-70.5334
-70.5352
-70.5371
-70.5389
-70.5407
-70.5425
-70.5443
-70.5461
-70.5478
-70.5495
-70.5512
-70.5528
-70.5545
-70.5561
-70.5577
-70.5593
-70.5609
-70.5624
-70.5639
-70.5655
-70.5669
-70.5684
-70.5699
-70.5713
-70.5727
-70.5741
-70.5755
-70.5769
-70.5782
-70.5796
-70.5809
-70.5822
-70.5835
-70.5848
-70.586
-70.5873
-70.5885
-70.5897
-70.5909
-70.5921
-70.5932
-70.5944
-70.5955
-70.5966
-70.5977
-70.5988
-70.5999
-70.601
-70.602
-70.603
-70.6041
-70.6051
-70.6061
-70.6071
-70.608
-70.609
-70.6099
-70.6109
-70.6118
-70.6127
-70.6136
-70.6145
-70.6154
-70.6162
-70.6171
-70.6179
-70.6187
-70.6196
-70.6204
-70.6212
-70.622
-70.6227
-70.6235
-70.6242
-70.625
-70.6257
-70.6265
-70.6272
-70.6279
-70.6286
-70.6293
-70.6299
-70.6306
-70.6313
-70.6319
-70.6325
-70.6332
-70.6338
-70.6344
-70.635
-70.6356
-70.6362
-70.6368
-70.6374
-70.6379
-70.6385
-70.639
-70.6396
-70.6401
-70.6406
-70.6411
-70.6417
-70.6422
-70.6427
-70.6431
-70.6436
-70.6441
-70.6446
-70.645
-70.6455
-70.6459
-70.6464
-70.6468
-70.6472
-70.6476
-70.6481
-70.6485
-70.6489
-70.6493
-70.6497
-70.65
-70.6504
-70.6508
-70.6512
-70.6515
-70.6519
-70.6522
-70.6526
-70.6529
-70.6533
-70.6536
-70.6539
-70.6542
-70.6545
-70.6549
-70.6552
-70.6555
-70.6558
-70.656
-70.6563
-70.6566
-70.6569
-70.6572
-70.6574
-70.6577
-70.658
-70.6582
-70.6585
-70.6587
-70.6589
-70.6592
-70.6594
-70.6597
-70.6599
-70.6601
-70.6603
-70.6605
-70.6607
-70.661
-70.6612
-70.6614
-70.6616
-70.6617
-70.6619
-70.6621
-70.6623
-70.6625
-70.6627
-70.6628
-70.663
-70.6632
-70.6633
-70.6635
-70.6637
-70.6638
-70.664
-70.6641
-70.6643
-70.6644
-70.6646
-70.6647
-70.6648
-70.665
-70.6651
-70.6652
-70.6653
-70.6655
-70.6656
-70.6657
-70.6658
-70.6659
-70.666
-70.6662
-70.6663
-70.6664
-70.6665
-70.6666
-70.6667
-70.6668
-70.6669
-70.667
-70.667
-70.6671
-70.6672
-70.6673
-70.6674
-70.6675
-70.6675
-70.6676
-70.6677
-70.6678
-70.6678
-70.6679
-70.668
-70.668
-70.6681
-70.6682
-70.6682
-70.6683
-70.6683
-70.6684
-70.6685
-70.6685
-70.6686
-70.6686
-70.6687
-70.6687
-70.6688
-70.6688
-70.6688
-70.6689
-70.6689
-70.669
-70.669
-70.669
-70.6691
-70.6691
-70.6691
-70.6692
-70.6692
-70.6692
-70.6693
-70.6693
-70.6693
-70.6694
-70.6694
-70.6694
-70.6694
-70.6694
-70.6695
-70.6695
-70.6695
-70.6695
-70.6695
-70.6696
-70.6696
-70.6696
-70.6696
-70.6696
-70.6696
-70.6696
-70.6697
-70.6697
-70.6697
-70.6697
-70.6697
-70.6697
-70.6697
-70.6697
-70.6697
-70.6697
-70.6697
-70.6697
-70.6697
-70.6697
-70.6697
-70.6697
-70.6697
-70.6697
-70.6697
-70.6697
-70.6697
-70.6697
-70.6697
-70.6697
-70.6697
-70.6697
-70.6697
-70.6697
-70.6697
-70.6697
-70.6697
-70.6697
-70.6697
-70.6697
-70.6697
-70.6696
-70.6696
-70.6696
-70.6696
-70.6696
-70.6696
-70.6696
-70.6696
-70.6696
-70.6695
-70.6695
-70.6695
-70.6695
-70.6695
-70.6695
-70.6695
-70.6695
-70.6694
-70.6694
-70.6694
-70.6694
-70.6694
-70.6694
-70.6693
-70.6693
-70.6693
-70.6693
-70.6693
-70.6693
-70.6693
-70.6692
-70.6692
-70.6692
-70.6692
-70.6692
-70.6691
-70.6691
-70.6691
-70.6691
-70.6691
-70.6691
-70.669
-70.669
-70.669
-70.669
-70.669
-70.6689
-70.6689
-70.6689
-70.6689
-70.6689
-70.6688
-70.6688
-70.6688
-70.6688
-70.6688
-70.6687
-70.6687
-70.6687
-70.6687
-70.6686
-70.6686
-70.6686
-70.6686
-70.6686
-70.6685
-70.6685
-70.6685
-70.6685
-70.6685
-70.6684
-70.6684
-70.6684
-70.6684
-70.6684
-70.6683
-70.6683
-70.6683
-70.6683
-70.6682
-70.6682
-70.6682
-70.6682
-70.6682
-70.6681
-70.6681
-70.6681
-70.6681
-70.6681
-70.6771
-70.957
-71.7919
-72.7
-70.668
-55.3261
-51.5254
-49.5933
-47.3693
-40.1358
1.14829
-32.03
-64.4733
-68.7951
-67.8379
-66.7754
-65.6888
-64.5967
-63.517
-62.4667
-61.461
-60.5135
-59.634
-58.8077
-58.0066
-57.3047
-56.6993
-56.1742
-55.7193
-55.3286
-54.9899
-54.6946
-54.4485
-54.2464
-54.081
-53.945
-53.8329
-53.7376
-53.6592
-53.5978
-53.5502
-53.5134
-53.4852
-53.4634
-53.4435
-53.4259
-53.4134
-53.405
-53.3995
-53.3961
-53.3943
-53.3937
-53.3931
-53.3889
-53.3853
-53.3839
-53.384
-53.3851
-53.3867
-53.3886
-53.3909
-53.3933
-53.3959
-53.3979
-53.395
-53.3917
-53.39
-53.39
-53.3909
-53.3923
-53.394
-53.3959
-53.3978
-53.3998
-53.4018
-53.4038
-53.4059
-53.4078
-53.4094
-53.4074
-53.4037
-53.3998
-53.3965
-53.3935
-53.3916
-53.3902
-53.3887
-53.3858
-53.3791
-53.3507
-53.1711
-53.1289
-53.1673
-53.2127
-53.2487
-53.2742
-53.2914
-53.3031
-53.3117
-53.319
-53.3261
-53.334
-53.3434
-53.3561
-53.3842
-53.4021
-53.413
-53.4215
-53.4291
-53.4302
-53.4308
-53.4298
-53.4275
-53.4275
-53.4292
-53.4322
-53.4363
-53.4413
-53.4471
-53.4538
-53.4613
-53.4698
-53.4791
-53.4895
-53.5009
-53.5134
-53.5272
-53.5422
-53.5587
-53.5768
-53.5965
-53.6181
-53.6416
-53.6672
-53.6952
-53.7259
-53.7594
-53.7822
-53.5838
-53.489
-53.4598
-53.4563
-53.4629
-53.4738
-53.4868
-53.4926
-53.4627
-53.4469
-53.4433
-53.4321
-53.4249
-53.4242
-53.4271
-53.4317
-53.4373
-53.4435
-53.4501
-53.4572
-53.4646
-53.4725
-53.481
-53.49
-53.4996
-53.5105
-53.5223
-53.535
-53.5486
-53.5632
-53.579
-53.5961
-53.6147
-53.635
-53.6569
-53.6813
-53.7086
-53.7382
-53.7701
-53.8045
-53.7554
-53.52
-53.4377
-53.4175
-53.4186
-53.427
-53.4382
-53.4504
-53.4628
-53.4753
-53.4881
-53.4907
-53.4534
-53.4347
-53.4294
-53.4305
-53.4235
-53.4171
-53.4159
-53.4176
-53.4208
-53.4248
-53.4292
-53.434
-53.439
-53.4444
-53.4502
-53.4563
-53.4633
-53.4709
-53.4789
-53.4874
-53.4966
-53.5064
-53.5171
-53.5287
-53.5413
-53.5549
-53.5698
-53.587
-53.6065
-53.6273
-53.6494
-53.6732
-53.6988
-53.7267
-53.757
-53.79
-53.8258
-53.6044
-53.4377
-53.3939
-53.3891
-53.3959
-53.4061
-53.4166
-53.4266
-53.4363
-53.4455
-53.4544
-53.4631
-53.4716
-53.4798
-53.489
-53.4985
-53.504
-53.4478
-53.4195
-53.4101
-53.408
-53.4086
-53.4099
-53.4051
-53.3991
-53.396
-53.394
-53.3918
-53.3874
-53.3773
-53.3447
-53.0854
-52.8745
-52.9075
-52.9923
-53.0697
-53.1277
-53.1678
-53.1953
-53.2169
-53.2363
-53.2542
-53.2726
-53.294
-53.3204
-53.3543
-53.3973
-53.4466
-53.4595
-53.4612
-53.4628
-53.4664
-53.4728
-53.4816
-53.4924
-53.505
-53.5195
-53.5359
-53.5545
-53.5753
-53.5984
-53.6241
-53.6524
-53.5678
-53.4996
-53.4754
-53.4712
-53.4758
-53.4763
-53.4563
-53.447
-53.4462
-53.4501
-53.4564
-53.4643
-53.4734
-53.4838
-53.4957
-53.5086
-53.5225
-53.5378
-53.5544
-53.5719
-53.5903
-53.61
-53.6324
-53.659
-53.6938
-53.7356
-53.7803
-53.8252
-53.8709
-53.9184
-53.9688
-54.0233
-54.085
-54.1569
-54.2441
-54.341
-54.4438
-54.55
-54.6608
-54.7777
-54.9017
-55.0358
-55.184
-55.3538
-55.5473
-55.761
-55.9887
-56.2253
-56.4695
-56.7242
-56.9896
-57.2694
-57.5667
-57.8947
-58.2543
-58.6505
-59.0746
-59.5076
-59.9388
-60.3706
-60.8069
-61.2477
-61.6946
-62.1641
-62.6606
-63.1818
-63.73
-64.2905
-64.8315
-65.344
-65.8317
-66.301
-66.7545
-67.1942
-67.6398
-68.0806
-68.5276
-68.9772
-69.4162
-69.8232
-70.1907
-70.5237
-70.8279
-71.1102
-71.3748
-71.6327
-71.8759
-72.1149
-72.3518
-72.5778
-72.7821
-72.9622
-73.1187
-73.255
-73.3762
-73.4887
-73.596
-73.6962
-73.7896
-73.8856
-73.9798
-74.0662
-74.1405
-74.2029
-74.255
-74.2984
-74.3369
-74.3734
-74.4084
-74.4393
-74.4702
-74.5047
-74.5393
-74.57
-74.5947
-74.614
-74.6282
-74.6394
-74.6492
-74.6583
-74.6674
-74.6757
-74.6848
-74.6971
-74.711
-74.7244
-74.733
-74.7388
-74.7415
-74.7421
-74.7433
-74.7441
-74.7444
-74.7444
-74.7452
-74.7486
-74.7539
-74.7615
-74.7678
-74.7697
-74.7692
-74.7681
-74.7661
-74.7644
-74.7634
-74.7621
-74.76
-74.7588
-74.7602
-74.7632
-74.7677
-74.7722
-74.7734
-74.7712
-74.7688
-74.767
-74.7645
-74.7611
-74.7586
-74.7562
-74.7546
-74.7534
-74.7551
-74.7579
-74.7621
-74.765
-74.7654
-74.7631
-74.76
-74.7591
-74.7569
-74.754
-74.7506
-74.7476
-74.7459
-74.745
-74.7459
-74.7479
-74.7513
-74.7548
-74.7563
-74.7551
-74.7515
-74.7482
-74.7456
-74.744
-74.7407
-74.7371
-74.7341
-74.7312
-74.731
-74.7328
-74.735
-74.7385
-74.7428
-74.7454
-74.7448
-74.7431
-74.7394
-74.7354
-74.7332
-74.7307
-74.7281
-74.7247
-74.7205
-74.7177
-74.7183
-74.7202
-74.7232
-74.7279
-74.7313
-74.7319
-74.7324
-74.7306
-74.7269
-74.7234
-74.719
-74.7157
-74.7138
-74.7107
-74.7059
-74.703
-74.7025
-74.7035
-74.7055
-74.7107
-74.7156
-74.7186
-74.7205
-74.721
-74.7189
-74.7162
-74.7128
-74.7082
-74.7031
-74.6985
-74.6956
-74.6924
-74.6904
-74.6888
-74.69
-74.6907
-74.6921
-74.6956
-74.6994
-74.703
-74.7055
-74.7045
-74.7016
-74.6996
-74.6978
-74.6947
-74.688
-74.6807
-74.6744
-74.6727
-74.6729
-74.6724
-74.6733
-74.6743
-74.6738
-74.6754
-74.6805
-74.6853
-74.6902
-74.6911
-74.6886
-74.6859
-74.6839
-74.6835
-74.6819
-74.6752
-74.6686
-74.6607
-74.6537
-74.6517
-74.6536
-74.6545
-74.6572
-74.6568
-74.6535
-74.6546
-74.6604
-74.6655
-74.6694
-74.6702
-74.6678
-74.6647
-74.6641
-74.6629
-74.6607
-74.6574
-74.6519
-74.6456
-74.6384
-74.6347
-74.6313
-74.6274
-74.6262
-74.6303
-74.6329
-74.6335
-74.6344
-74.6369
-74.6423
-74.6477
-74.652
-74.6507
-74.6473
-74.6459
-74.6457
-74.6439
-74.6401
-74.6345
-74.6295
-74.6246
-74.6187
-74.6148
-74.6139
-74.6117
-74.6048
-74.5962
-74.5949
-74.6003
-74.6073
-74.6114
-74.6133
-74.6157
-74.6187
-74.6199
-74.6208
-74.6212
-74.6209
-74.6217
-74.6222
-74.6195
-74.6128
-74.6033
-74.5955
-74.5921
-74.5891
-74.5861
-74.5846
-74.584
-74.5788
-74.5708
-74.562
-74.559
-74.5628
-74.5676
-74.5704
-74.5727
-74.5775
-74.5843
-74.5881
-74.5899
-74.5891
-74.5892
-74.5921
-74.5968
-74.6004
-74.5981
-74.5916
-74.5826
-74.5709
-74.563
-74.5573
-74.5518
-74.5473
-74.5443
-74.546
-74.5475
-74.5431
-74.5346
-74.527
-74.525
-74.524
-74.5219
-74.5224
-74.5222
-74.5243
-74.529
-74.5352
-74.5403
-74.547
-74.5537
-74.5562
-74.5577
-74.562
-74.5613
-74.5592
-74.5548
-74.5488
-74.5434
-74.5341
-74.5235
-74.5111
-74.4991
-74.4878
-74.4866
-74.4892
-74.49
-74.4881
-74.4846
-74.4833
-74.4805
-74.4778
-74.4769
-74.4734
-74.4682
-74.4655
-74.4639
-74.4605
-74.4586
-74.4592
-74.4628
-74.4687
-74.4726
-74.4753
-74.4818
-74.4956
-74.5073
-74.515
-74.5187
-74.518
-74.5138
-74.5056
-74.4958
-74.4832
-74.4726
-74.4644
-74.4546
-74.4429
-74.4303
-74.4189
-74.4122
-74.4066
-74.4083
-74.4163
-74.4205
-74.4218
-74.4214
-74.4165
-74.4076
-74.4027
-74.4024
-74.4015
-74.3965
-74.3909
-74.391
-74.3966
-74.3997
-74.401
-74.3985
-74.3931
-74.3884
-74.3831
-74.3795
-74.3812
-74.3874
-74.3962
-74.408
-74.4166
-74.4242
-74.4316
-74.4355
-74.4379
-74.4366
-74.4322
-74.4233
-74.4143
-74.4057
-74.3946
-74.382
-74.3648
-74.3439
-74.3259
-74.3162
-74.3101
-74.3085
-74.3146
-74.322
-74.3264
-74.326
-74.3219
-74.3185
-74.3142
-74.3034
-74.2889
-74.2743
-74.267
-74.2676
-74.2725
-74.2722
-74.264
-74.2629
-74.2704
-74.2749
-74.2771
-74.274
-74.2697
-74.2655
-74.2628
-74.2614
-74.2571
-74.2548
-74.2546
-74.2525
-74.2494
-74.2511
-74.2595
-74.2686
-74.2758
-74.2818
-74.2837
-74.28
-74.272
-74.2641
-74.2579
-74.2467
-74.2398
-74.2411
-74.2458
-74.2483
-74.2475
-74.2424
-74.239
-74.2383
-74.2339
-74.2259
-74.2181
-74.2172
-74.2165
-74.2093
-74.1977
-74.186
-74.18
-74.1736
-74.1678
-74.1597
-74.1567
-74.1513
-74.1405
-74.1298
-74.1229
-74.1205
-74.1167
-74.1076
-74.0997
-74.0945
-74.0939
-74.0917
-74.0882
-74.0815
-74.0802
-74.0821
-74.0821
-74.0743
-74.0592
-74.0396
-74.0306
-74.0349
-74.0376
-74.038
-74.0409
-74.044
-74.0489
-74.0502
-74.0469
-74.0459
-74.0537
-74.0598
-74.0602
-74.0591
-74.055
-74.0551
-74.0534
-74.0499
-74.0504
-74.0545
-74.0538
-74.0495
-74.0494
-74.0522
-74.0561
-74.0564
-74.0489
-74.0353
-74.0204
-74.0049
-73.9907
-73.9778
-73.9678
-73.9611
-73.9494
-73.934
-73.9239
-73.9186
-73.9197
-73.9242
-73.9289
-73.9289
-73.9216
-73.9189
-73.9194
-73.9261
-73.927
-73.9191
-73.911
-73.9029
-73.8895
-73.8755
-73.8604
-73.8596
-73.8634
-73.8672
-73.8805
-73.8962
-73.9032
-73.9099
-73.9163
-73.9197
-73.9242
-73.9308
-73.9311
-73.924
-73.9148
-73.9006
-73.8816
-73.8613
-73.8441
-73.8398
-73.836
-73.8262
-73.8155
-73.8006
-73.7831
-73.7672
-73.7505
-73.7352
-73.7169
-73.6946
-73.6712
-73.6517
-73.6309
-73.6079
-73.5895
-73.5772
-73.5636
-73.5455
-73.5233
-73.5026
-73.4851
-73.4715
-73.4708
-73.4853
-73.4983
-73.5006
-73.4933
-73.4791
-73.4655
-73.4536
-73.4468
-73.4481
-73.4516
-73.4522
-73.4529
-73.4588
-73.4676
-73.474
-73.4718
-73.4667
-73.4686
-73.4742
-73.4753
-73.4685
-73.4556
-73.4454
-73.4341
-73.4184
-73.3988
-73.3763
-73.3524
-73.3348
-73.3185
-73.2993
-73.2771
-73.2528
-73.2269
-73.2
-73.1723
-73.1441
-73.1155
-73.0868
-73.0616
-73.0455
-73.0303
-73.023
-73.0286
-73.0411
-73.0463
-73.0424
-73.0317
-73.02
-73.0143
-73.0107
-73.0106
-73.0057
-72.9949
-72.9796
-72.9612
-72.9468
-72.9387
-72.928
-72.9132
-72.8951
-72.8748
-72.8528
-72.8298
-72.806
-72.7817
-72.757
-72.7321
-72.7071
-72.682
-72.6568
-72.6318
-72.6068
-72.5819
-72.5571
-72.5419
-72.5351
-72.5261
-72.5133
-72.4974
-72.4795
-72.4602
-72.4399
-72.4191
-72.4063
-72.4046
-72.414
-72.4227
-72.4241
-72.419
-72.4174
-72.4225
-72.4234
-72.4266
-72.4353
-72.4386
-72.4354
-72.4271
-72.4153
-72.401
-72.3851
-72.3679
-72.3498
-72.3311
-72.3119
-72.2925
-72.2728
-72.253
-72.2331
-72.2132
-72.1933
-72.1735
-72.1537
-72.1341
-72.1146
-72.0952
-72.0759
-72.0568
-72.0379
-72.0191
-72.0006
-71.9822
-71.9639
-71.9459
-71.9281
-71.9104
-71.8929
-71.8757
-71.8586
-71.8417
-71.825
-71.8085
-71.7921
-71.776
-71.76
-71.7443
-71.7287
-71.7133
-71.698
-71.683
-71.6681
-71.6534
-71.6389
-71.6246
-71.6104
-71.5964
-71.5826
-71.5689
-71.5554
-71.5421
-71.5289
-71.5159
-71.5031
-71.4904
-71.4778
-71.4654
-71.4532
-71.4411
-71.4292
-71.4174
-71.4058
-71.3943
-71.3829
-71.3717
-71.3606
-71.3497
-71.3389
-71.3283
-71.3177
-71.3074
-71.2971
-71.287
-71.277
-71.2672
-71.2574
-71.2478
-71.2383
-71.229
-71.2197
-71.2106
-71.2016
-71.1927
-71.184
-71.1753
-71.1668
-71.1583
-71.15
-71.1418
-71.1337
-71.1257
-71.1178
-71.11
-71.1023
-71.0947
-71.0872
-71.0798
-71.0725
-71.0653
-71.0582
-71.0512
-71.0443
-71.0375
-71.0308
-71.0241
-71.0176
-71.0111
-71.0048
-70.9985
-70.9923
-70.9862
-70.9801
-70.9742
-70.9683
-70.9625
-70.9568
-70.9512
-70.9456
-70.9402
-70.9348
-70.9294
-70.9242
-70.919
-70.9139
-70.9089
-70.9039
-70.899
-70.8942
-70.8894
-70.8847
-70.8801
-70.8756
-70.8711
-70.8666
-70.8623
-70.858
-70.8537
-70.8496
-70.8454
-70.8414
-70.8374
-70.8334
-70.8296
-70.8257
-70.822
-70.8183
-70.8146
-70.811
-70.8074
-70.8039
-70.8005
-70.7971
-70.7938
-70.7905
-70.7872
-70.784
-70.7809
-70.7778
-70.7747
-70.7717
-70.7688
-70.7658
-70.763
-70.7602
-70.7574
-70.7546
-70.7519
-70.7493
-70.7467
-70.7441
-70.7416
-70.7391
-70.7367
-70.7342
-70.7319
-70.7295
-70.7272
-70.725
-70.7228
-70.7206
-70.7184
-70.7163
-70.7142
-70.7122
-70.7102
-70.7082
-70.7063
-70.7044
-70.7025
-70.7006
-70.6988
-70.697
-70.6953
-70.6936
-70.6919
-70.6902
-70.6886
-70.687
-70.6854
-70.6838
-70.6823
-70.6808
-70.6794
-70.6779
-70.6765
-70.6751
-70.6737
-70.6724
-70.6711
-70.6698
-70.6685
-70.6673
-70.6661
-70.6649
-70.6637
-70.6626
-70.6614
-70.6603
-70.6592
-70.6582
-70.6571
-70.6561
-70.6551
-70.6541
-70.6531
-70.6522
-70.6513
-70.6504
-70.6495
-70.6486
-70.6478
-70.6469
-70.6461
-70.6453
-70.6445
-70.6438
-70.643
-70.6423
-70.6416
-70.6409
-70.6402
-70.6396
-70.6389
-70.6383
-70.6376
-70.637
-70.6364
-70.6359
-70.6353
-70.6348
-70.6342
-70.6337
-70.6332
-70.6327
-70.6322
-70.6317
-70.6313
-70.6308
-70.6304
-70.63
-70.6296
-70.6292
-70.6288
-70.6284
-70.628
-70.6277
-70.6273
-70.627
-70.6267
-70.6263
-70.626
-70.6257
-70.6255
-70.6252
-70.6249
-70.6247
-70.6244
-70.6242
-70.6239
-70.6237
-70.6235
-70.6233
-70.6231
-70.6229
-70.6227
-70.6226
-70.6224
-70.6222
-70.6221
-70.6219
-70.6218
-70.6217
-70.6215
-70.6214
-70.6213
-70.6212
-70.6211
-70.621
-70.621
-70.6209
-70.6208
-70.6207
-70.6207
-70.6206
-70.6206
-70.6205
-70.6205
-70.6205
-70.6204
-70.6204
-70.6204
-70.6204
-70.6204
-70.6204
-70.6204
-70.6204
-70.6204
-70.6204
-70.6204
-70.6205
-70.6205
-70.6205
-70.6205
-70.6206
-70.6206
-70.6207
-70.6207
-70.6208
-70.6208
-70.6209
-70.621
-70.621
-70.6211
-70.6212
-70.6213
-70.6213
-70.6214
-70.6215
-70.6216
-70.6217
-70.6218
-70.6219
-70.622
-70.6221
-70.6222
-70.6223
-70.6224
-70.6225
-70.6226
-70.6227
-70.6229
-70.623
-70.6231
-70.6232
-70.6234
-70.6235
-70.6236
-70.6237
-70.6239
-70.624
-70.6242
-70.6243
-70.6244
-70.6246
-70.6247
-70.6249
-70.625
-70.6252
-70.6253
-70.6254
-70.6256
-70.6258
-70.6259
-70.6261
-70.6262
-70.6264
-70.6265
-70.6267
-70.6268
-70.627
-70.6272
-70.6273
-70.6275
-70.6276
-70.6278
-70.628
-70.6281
-70.6283
-70.6285
-70.6286
-70.6288
-70.629
-70.6291
-70.6293
-70.6295
-70.6297
-70.6298
-70.63
-70.6302
-70.6303
-70.6305
-70.6307
-70.6308
-70.631
-70.6312
-70.6314
-70.6315
-70.6317
-70.6319
-70.6321
-70.6322
-70.6324
-70.6326
-70.6327
-70.6329
-70.6331
-70.6333
-70.6334
-70.6336
-70.6338
-70.634
-70.6341
-70.6343
-70.6345
-70.6346
-70.6348
-70.635
-70.6352
-70.6353
-70.6355
-70.6357
-70.6358
-70.636
-70.6362
-70.6364
-70.6365
-70.6367
-70.6369
-70.637
-70.6372
-70.6374
-70.6375
-70.6377
-70.6379
-70.638
-70.6382
-70.6384
-70.6385
-70.6387
-70.6389
-70.639
-70.6392
-70.6393
-70.6395
-70.6397
-70.6398
-70.64
-70.6402
-70.6403
-70.6405
-70.6406
-70.6408
-70.6409
-70.6411
-70.6413
-70.6414
-70.6416
-70.6417
-70.6419
-70.642
-70.6422
-70.6423
-70.6425
-70.6426
-70.6428
-70.6429
-70.6431
-70.6432
-70.6434
-70.6435
-70.6437
-70.6438
-70.644
-70.6441

