-70
-70.1661
-70.23
-70.2566
-70.2695
-70.2773
-70.283
-70.2879
-70.2925
-70.297
-70.3014
-70.3057
-70.31
-70.3142
-70.3185
-70.3226
-70.3268
-70.3309
-70.335
-70.3391
-70.3431
-70.3471
-70.351
-70.3549
-70.3588
-70.3626
-70.3664
-70.3701
-70.3738
-70.3775
-70.3811
-70.3847
-70.3883
-70.3918
-70.3953
-70.3987
-70.4021
-70.4055
-70.4088
-70.4121
-70.4154
-70.4186
-70.4218
-70.4249
-70.428
-70.4311
-70.4341
-70.4372
-70.4401
-70.4431
-70.446
-70.4489
-70.4517
-70.4545
-70.4573
-70.4601
-70.4628
-70.4655
-70.4682
-70.4708
-70.4734
-70.476
-70.4785
-70.481
-70.4835
-70.486
-70.4884
-70.4908
-70.4932
-70.4955
-70.4978
-70.5001
-70.5024
-70.5046
-70.5068
-70.509
-70.5112
-70.5133
-70.5154
-70.5175
-70.5196
-70.5216
-70.5236
-70.5256
-70.5276
-70.5295
-70.5315
-70.5334
-70.5352
-70.5371
-70.5389
-70.5407
-70.5425
-70.5443
-70.5461
-70.5478
-70.5495
-70.5512
-70.5528
-70.5545
-70.5561
-70.5577
-70.5593
-70.5609
-70.5624
-70.5639
-70.5655
-70.5669
-70.5684
-70.5699
-70.5713
-70.5727
-70.5741
-70.5755
-70.5769
-70.5782
-70.5796
-70.5809
-70.5822
-70.5835
-70.5848
-70.586
-70.5873
-70.5885
-70.5897
-70.5909
-70.5921
-70.5932
-70.5944
-70.5955
-70.5966
-70.5977
-70.5988
-70.5999
-70.601
-70.602
-70.603
-70.6041
-70.6051
-70.6061
-70.6071
-70.608
-70.609
-70.6099
-70.6109
-70.6118
-70.6127
-70.6136
-70.6145
-70.6154
-70.6162
-70.6171
-70.6179
-70.6187
-70.6196
-70.6204
-70.6212
-70.622
-70.6227
-70.6235
-70.6242
-70.625
-70.6257
-70.6265
-70.6272
-70.6279
-70.6286
-70.6293
-70.6299
-70.6306
-70.6313
-70.6319
-70.6325
-70.6332
-70.6338
-70.6344
-70.635
-70.6356
-70.6362
-70.6368
-70.6374
-70.6379
-70.6385
-70.639
-70.6396
-70.6401
-70.6406
-70.6411
-70.6417
-70.6422
-70.6427
-70.6431
-70.6436
-70.6441
-70.6446
-70.645
-70.6455
-70.6459
-70.6464
-70.6468
-70.6472
-70.6476
-70.6481
-70.6485
-70.6489
-70.6493
-70.6497
-70.65
-70.6504
-70.6508
-70.6512
-70.6515
-70.6519
-70.6522
-70.6526
-70.6529
-70.6533
-70.6536
-70.6539
-70.6542
-70.6545
-70.6549
-70.6552
-70.6555
-70.6558
-70.656
-70.6563
-70.6566
-70.6569
-70.6572
-70.6574
-70.6577
-70.658
-70.6582
-70.6585
-70.6587
-70.6589
-70.6592
-70.6594
-70.6597
-70.6599
-70.6601
-70.6603
-70.6605
-70.6607
-70.661
-70.6612
-70.6614
-70.6616
-70.6617
-70.6619
-70.6621
-70.6623
-70.6625
-70.6627
-70.6628
-70.663
-70.6632
-70.6633
-70.6635
-70.6637
-70.6638
-70.664
-70.6641
-70.6643
-70.6644
-70.6646
-70.6647
-70.6648
-70.665
-70.6651
-70.6652
-70.6653
-70.6655
-70.6656
-70.6657
-70.6658
-70.6659
-70.666
-70.6662
-70.6663
-70.6664
-70.6665
-70.6666
-70.6667
-70.6668
-70.6669
-70.667
-70.667
-70.6671
-70.6672
-70.6673
-70.6674
-70.6675
-70.6675
-70.6676
-70.6677
-70.6678
-70.6678
-70.6679
-70.668
-70.668
-70.6681
-70.6682
-70.6682
-70.6683
-70.6683
-70.6684
-70.6685
-70.6685
-70.6686
-70.6686
-70.6687
-70.6687
-70.6688
-70.6688
-70.6688
-70.6689
-70.6689
-70.669
-70.669
-70.669
-70.6691
-70.6691
-70.6691
-70.6692
-70.6692
-70.6692
-70.6693
-70.6693
-70.6693
-70.6694
-70.6694
-70.6694
-70.6694
-70.6694
-70.6695
-70.6695
-70.6695
-70.6695
-70.6695
-70.6696
-70.6696
-70.6696
-70.6696
-70.6696
-70.6696
-70.6696
-70.6697
-70.6697
-70.6697
-70.6697
-70.6697
-70.6697
-70.6697
-70.6697
-70.6697
-70.6697
-70.6697
-70.6697
-70.6697
-70.6697
-70.6697
-70.6697
-70.6697
-70.6697
-70.6697
-70.6697
-70.6697
-70.6697
-70.6697
-70.6697
-70.6697
-70.6697
-70.6697
-70.6697
-70.6697
-70.6697
-70.6697
-70.6697
-70.6697
-70.6697
-70.6697
-70.6696
-70.6696
-70.6696
-70.6696
-70.6696
-70.6696
-70.6696
-70.6696
-70.6696
-70.6695
-70.6695
-70.6695
-70.6695
-70.6695
-70.6695
-70.6695
-70.6695
-70.6694
-70.6694
-70.6694
-70.6694
-70.6694
-70.6694
-70.6693
-70.6693
-70.6693
-70.6693
-70.6693
-70.6693
-70.6693
-70.6692
-70.6692
-70.6692
-70.6692
-70.6692
-70.6691
-70.6691
-70.6691
-70.6691
-70.6691
-70.6691
-70.669
-70.669
-70.669
-70.669
-70.669
-70.6689
-70.6689
-70.6689
-70.6689
-70.6689
-70.6688
-70.6688
-70.6688
-70.6688
-70.6688
-70.6687
-70.6687
-70.6687
-70.6687
-70.6686
-70.6686
-70.6686
-70.6686
-70.6686
-70.6685
-70.6685
-70.6685
-70.6685
-70.6685
-70.6684
-70.6684
-70.6684
-70.6684
-70.6684
-70.6683
-70.6683
-70.6683
-70.6683
-70.6682
-70.6682
-70.6682
-70.6682
-70.6682
-70.6681
-70.6681
-70.6681
-70.6681
-70.6681
-70.6684
-70.8303
-71.523
-72.5167
-73.3211
-73.8441
-74.1148
-60.6318
-52.9609
-50.5549
-48.6701
-45.329
-10.2765
-20.2781
-47.2482
-68.9191
-68.4605
-67.418
-66.3386
-65.2449
-64.1541
-63.084
-62.0512
-61.0695
-60.15
-59.2643
-58.43
-57.6961
-57.0516
-56.4864
-55.9944
-55.567
-55.1921
-54.8738
-54.6025
-54.3736
-54.1863
-54.0334
-53.9042
-53.7977
-53.7129
-53.646
-53.5938
-53.5532
-53.5163
-53.4845
-53.4587
-53.4406
-53.4283
-53.4201
-53.415
-53.4122
-53.4112
-53.4114
-53.4063
-53.4021
-53.4006
-53.3992
-53.3956
-53.3941
-53.3946
-53.3963
-53.3988
-53.4019
-53.405
-53.4025
-53.4003
-53.4002
-53.4014
-53.4035
-53.4061
-53.409
-53.4121
-53.4153
-53.4187
-53.4222
-53.4258
-53.4292
-53.4322
-53.4348
-53.437
-53.4245
-53.4098
-53.4025
-53.3988
-53.3931
-53.388
-53.3836
-53.3768
-53.3583
-53.2021
-53.0157
-53.0433
-53.1109
-53.1703
-53.2134
-53.2427
-53.2622
-53.2759
-53.2866
-53.2964
-53.3066
-53.3185
-53.3332
-53.3521
-53.3765
-53.4075
-53.431
-53.4395
-53.4443
-53.4494
-53.4558
-53.464
-53.4742
-53.486
-53.4994
-53.5145
-53.5314
-53.5503
-53.5712
-53.5944
-53.62
-53.6482
-53.6792
-53.7134
-53.7509
-53.7921
-53.8373
-53.8866
-53.9404
-53.999
-54.0628
-54.132
-54.2072
-54.2885
-54.3761
-54.4708
-54.5731
-54.6835
-54.8023
-54.9304
-55.0683
-54.3256
-53.5066
-53.3071
-53.2833
-53.308
-53.3442
-53.381
-53.4156
-53.4477
-53.4777
-53.506
-53.5332
-53.5598
-53.5863
-53.6131
-53.6406
-53.6691
-53.699
-53.7308
-53.7647
-53.7588
-53.5397
-53.4526
-53.4291
-53.4288
-53.4368
-53.448
-53.4605
-53.4735
-53.4869
-53.5008
-53.5152
-53.5307
-53.5469
-53.5639
-53.5819
-53.601
-53.6214
-53.6433
-53.667
-53.6927
-53.7229
-53.7176
-53.521
-53.4442
-53.4235
-53.423
-53.4297
-53.4391
-53.4495
-53.4604
-53.472
-53.4842
-53.4971
-53.5107
-53.5247
-53.5392
-53.5546
-53.571
-53.5885
-53.6073
-53.628
-53.6516
-53.6768
-53.7052
-53.7365
-53.7698
-53.8052
-53.8433
-53.8842
-53.9285
-53.9763
-54.03
-54.0908
-54.1553
-54.2251
-54.3039
-54.3869
-54.4735
-54.5647
-54.6612
-54.7635
-54.8721
-54.9928
-55.1286
-55.2698
-55.4152
-55.5726
-55.7464
-55.9237
-56.1034
-56.287
-56.4754
-55.7737
-53.5031
-53.0237
-52.9736
-53.0286
-53.1029
-53.1727
-53.2331
-53.2841
-53.3272
-53.3641
-53.3963
-53.4248
-53.4513
-53.4766
-53.5005
-53.5235
-53.5463
-53.5693
-53.5946
-53.6212
-53.6485
-53.677
-53.7072
-53.7395
-53.776
-53.8177
-53.8619
-53.9087
-53.9585
-54.012
-54.0708
-54.1398
-54.2136
-54.2906
-54.3732
-54.468
-54.5684
-54.6729
-54.7823
-54.8977
-55.0201
-53.7978
-53.3064
-53.2151
-53.226
-53.2607
-53.2978
-53.3317
-53.3615
-53.3878
-53.4113
-53.4327
-53.4525
-53.4712
-53.4895
-53.5076
-53.5272
-53.5493
-53.5717
-53.5945
-53.6182
-53.6432
-53.6699
-53.6987
-53.7299
-53.7639
-53.8009
-53.85
-53.9379
-54.076
-54.2382
-54.4026
-54.5545
-54.6908
-54.8211
-54.9543
-55.1048
-55.3249
-55.6504
-56.047
-56.4685
-56.8629
-57.215
-57.5361
-57.8502
-58.1772
-58.5349
-58.9561
-59.4601
-60.0003
-60.5415
-61.0607
-61.5519
-62.0244
-62.4895
-62.9596
-63.4377
-63.9455
-64.4954
-65.0621
-65.626
-66.1672
-66.6739
-67.1435
-67.5838
-68.0063
-68.4139
-68.8149
-69.228
-69.6453
-70.0517
-70.437
-70.7866
-71.1002
-71.379
-71.6326
-71.8671
-72.0861
-72.3018
-72.5158
-72.7259
-72.9249
-73.1062
-73.2661
-73.4051
-73.5242
-73.6305
-73.7256
-73.8137
-73.9003
-73.9855
-74.0699
-74.1507
-74.2223
-74.2844
-74.3368
-74.3801
-74.4164
-74.4474
-74.476
-74.5051
-74.5342
-74.5651
-74.5971
-74.6253
-74.6483
-74.6675
-74.682
-74.6922
-74.699
-74.7051
-74.7124
-74.7199
-74.7292
-74.7418
-74.7552
-74.7651
-74.7724
-74.7782
-74.7811
-74.7813
-74.7802
-74.7795
-74.7796
-74.7797
-74.7825
-74.7889
-74.7953
-74.799
-74.8007
-74.8027
-74.8028
-74.8004
-74.797
-74.7942
-74.7918
-74.7895
-74.7896
-74.7932
-74.7982
-74.8008
-74.8012
-74.8017
-74.8018
-74.8006
-74.7978
-74.795
-74.7915
-74.7869
-74.7841
-74.784
-74.7873
-74.7903
-74.7904
-74.7901
-74.7901
-74.7896
-74.7896
-74.7894
-74.7878
-74.7848
-74.7799
-74.7764
-74.7756
-74.7774
-74.7802
-74.7804
-74.7795
-74.7785
-74.7783
-74.7786
-74.7792
-74.7786
-74.7757
-74.7704
-74.7657
-74.7622
-74.7616
-74.7637
-74.7664
-74.7666
-74.7653
-74.765
-74.7668
-74.7685
-74.7692
-74.7691
-74.7671
-74.7624
-74.7568
-74.7522
-74.7504
-74.7508
-74.754
-74.7553
-74.7538
-74.7506
-74.7513
-74.7532
-74.7549
-74.7541
-74.7537
-74.7522
-74.7478
-74.7422
-74.738
-74.737
-74.7372
-74.7408
-74.7438
-74.7433
-74.7413
-74.7398
-74.7412
-74.7433
-74.7441
-74.7422
-74.7406
-74.738
-74.7334
-74.7281
-74.7246
-74.7224
-74.7232
-74.7272
-74.7287
-74.7297
-74.727
-74.7233
-74.7235
-74.7257
-74.7287
-74.7292
-74.726
-74.7221
-74.7187
-74.716
-74.7125
-74.7104
-74.7096
-74.7118
-74.7163
-74.72
-74.7193
-74.7155
-74.7105
-74.7088
-74.7116
-74.7139
-74.7143
-74.7113
-74.705
-74.6995
-74.6971
-74.6957
-74.6955
-74.6955
-74.6955
-74.6989
-74.7033
-74.7052
-74.7039
-74.6994
-74.6934
-74.6917
-74.6933
-74.6949
-74.6959
-74.6938
-74.6899
-74.6837
-74.6766
-74.6738
-74.6757
-74.6803
-74.6826
-74.6858
-74.6897
-74.6924
-74.6922
-74.6891
-74.6842
-74.6785
-74.6745
-74.6721
-74.6708
-74.6708
-74.6714
-74.6702
-74.6665
-74.6596
-74.6545
-74.6523
-74.653
-74.6599
-74.6667
-74.6709
-74.6736
-74.6748
-74.6755
-74.6735
-74.6697
-74.6655
-74.6608
-74.6534
-74.6463
-74.643
-74.6415
-74.6408
-74.6419
-74.6405
-74.6369
-74.6345
-74.6334
-74.6325
-74.6352
-74.6395
-74.6434
-74.6481
-74.6524
-74.6541
-74.6553
-74.6558
-74.6537
-74.6517
-74.6459
-74.6351
-74.624
-74.6148
-74.6094
-74.6059
-74.6032
-74.6035
-74.6067
-74.6103
-74.6127
-74.6133
-74.6135
-74.6163
-74.6185
-74.6185
-74.6155
-74.6154
-74.6197
-74.6259
-74.6307
-74.6346
-74.636
-74.632
-74.6263
-74.618
-74.6057
-74.5915
-74.5775
-74.5665
-74.5593
-74.5599
-74.5632
-74.5665
-74.5715
-74.5761
-74.5796
-74.5821
-74.5837
-74.5844
-74.5827
-74.5811
-74.5785
-74.5752
-74.5716
-74.5753
-74.5876
-74.5994
-74.6072
-74.6098
-74.6079
-74.6004
-74.5906
-74.5797
-74.5653
-74.5481
-74.5326
-74.5222
-74.5193
-74.5185
-74.5197
-74.5227
-74.5285
-74.5342
-74.5384
-74.5401
-74.543
-74.546
-74.5468
-74.5461
-74.5438
-74.5388
-74.5344
-74.5337
-74.5385
-74.5442
-74.5492
-74.5545
-74.5586
-74.5633
-74.5657
-74.5622
-74.5527
-74.5408
-74.5298
-74.5168
-74.5033
-74.4938
-74.4872
-74.4802
-74.4733
-74.4697
-74.4669
-74.467
-74.4672
-74.4673
-74.4672
-74.4659
-74.4648
-74.4653
-74.4714
-74.4777
-74.4794
-74.4765
-74.4735
-74.4738
-74.4764
-74.4805
-74.4866
-74.4925
-74.4959
-74.4987
-74.4998
-74.4967
-74.4919
-74.486
-74.4792
-74.4763
-74.4743
-74.4709
-74.4634
-74.456
-74.4526
-74.4491
-74.4435
-74.4392
-74.4317
-74.4201
-74.4104
-74.4013
-74.3975
-74.3946
-74.3938
-74.3886
-74.3822
-74.3758
-74.3738
-74.3789
-74.3869
-74.3945
-74.3962
-74.3966
-74.3964
-74.3986
-74.4083
-74.4187
-74.4232
-74.4251
-74.4261
-74.4257
-74.4223
-74.4192
-74.4171
-74.4172
-74.4179
-74.4138
-74.4062
-74.3961
-74.3902
-74.3847
-74.376
-74.3687
-74.3651
-74.3599
-74.3567
-74.3586
-74.3654
-74.3753
-74.3786
-74.3739
-74.3628
-74.352
-74.3439
-74.3322
-74.3193
-74.3079
-74.2958
-74.2796
-74.2587
-74.2357
-74.2208
-74.2178
-74.2132
-74.2043
-74.1986
-74.199
-74.2089
-74.2246
-74.2427
-74.2583
-74.268
-74.2762
-74.2794
-74.2782
-74.2786
-74.2792
-74.2761
-74.2724
-74.2735
-74.2809
-74.2867
-74.2877
-74.2855
-74.2792
-74.2726
-74.2688
-74.2631
-74.2539
-74.2452
-74.2364
-74.2314
-74.2329
-74.2378
-74.2373
-74.2307
-74.2271
-74.2213
-74.2123
-74.2023
-74.1985
-74.1992
-74.1993
-74.199
-74.1962
-74.1938
-74.1907
-74.1878
-74.1811
-74.1826
-74.19
-74.1915
-74.186
-74.1753
-74.1678
-74.1581
-74.1424
-74.1217
-74.098
-74.0787
-74.0632
-74.0469
-74.0299
-74.0131
-73.9934
-73.9735
-73.9534
-73.9379
-73.9284
-73.9322
-73.95
-73.9724
-73.9869
-73.9989
-74.02
-74.0347
-74.0453
-74.052
-74.0601
-74.0643
-74.0647
-74.0614
-74.0568
-74.0539
-74.0539
-74.0535
-74.052
-74.057
-74.0589
-74.0528
-74.0507
-74.0562
-74.067
-74.0742
-74.0794
-74.0772
-74.0665
-74.0494
-74.0315
-74.0188
-74.007
-73.9991
-74.0028
-74.0082
-74.0143
-74.0169
-74.0109
-73.9975
-73.9827
-73.9674
-73.9563
-73.9502
-73.9571
-73.9657
-73.9652
-73.9558
-73.9441
-73.9301
-73.916
-73.9019
-73.886
-73.8661
-73.8474
-73.8335
-73.8284
-73.8324
-73.8426
-73.8601
-73.8834
-73.9014
-73.9104
-73.9109
-73.9025
-73.8876
-73.8729
-73.8561
-73.8375
-73.8205
-73.8091
-73.8001
-73.7861
-73.7668
-73.7471
-73.729
-73.7123
-73.696
-73.6761
-73.6572
-73.6395
-73.6205
-73.6047
-73.5987
-73.6029
-73.607
-73.6042
-73.5933
-73.5764
-73.5553
-73.5333
-73.5271
-73.5455
-73.5651
-73.5816
-73.5943
-73.5963
-73.589
-73.5748
-73.5561
-73.534
-73.5097
-73.4837
-73.4564
-73.4281
-73.3993
-73.3816
-73.3723
-73.3598
-73.3496
-73.3434
-73.3384
-73.3281
-73.3139
-73.3039
-73.292
-73.2827
-73.2764
-73.2736
-73.2735
-73.2785
-73.281
-73.2758
-73.2709
-73.2655
-73.2625
-73.2578
-73.2473
-73.2318
-73.2125
-73.1933
-73.1809
-73.1674
-73.1502
-73.1299
-73.1074
-73.0835
-73.0698
-73.0778
-73.0863
-73.0861
-73.0806
-73.0786
-73.0728
-73.0615
-73.0458
-73.0339
-73.026
-73.0147
-72.9991
-72.9804
-72.9657
-72.9571
-72.9498
-72.9478
-72.9443
-72.9455
-72.9434
-72.9351
-72.9217
-72.9061
-72.8985
-72.8912
-72.8797
-72.8642
-72.8459
-72.8256
-72.8038
-72.7811
-72.7633
-72.7547
-72.7447
-72.7309
-72.714
-72.6948
-72.6741
-72.6524
-72.63
-72.6072
-72.584
-72.5607
-72.5373
-72.5155
-72.5066
-72.5003
-72.4906
-72.4771
-72.461
-72.4431
-72.424
-72.4041
-72.3837
-72.3629
-72.342
-72.3209
-72.2999
-72.2788
-72.2578
-72.2369
-72.2161
-72.1954
-72.1749
-72.1546
-72.1344
-72.1144
-72.0946
-72.075
-72.0555
-72.0363
-72.0173
-71.9985
-71.9799
-71.9615
-71.9432
-71.9252
-71.9074
-71.9018
-71.907
-71.9092
-71.9065
-71.8997
-71.8902
-71.8788
-71.8661
-71.8526
-71.8386
-71.8241
-71.8094
-71.7946
-71.7796
-71.7646
-71.7497
-71.7347
-71.7199
-71.7051
-71.6904
-71.6758
-71.6614
-71.647
-71.6328
-71.6188
-71.6049
-71.5911
-71.5775
-71.564
-71.5507
-71.5375
-71.5245
-71.5116
-71.4989
-71.4863
-71.4739
-71.4616
-71.4495
-71.4375
-71.4256
-71.4139
-71.4024
-71.391
-71.3797
-71.3686
-71.3576
-71.3467
-71.336
-71.3254
-71.3149
-71.3046
-71.2944
-71.2844
-71.2745
-71.2647
-71.255
-71.2454
-71.236
-71.2267
-71.2175
-71.2085
-71.1995
-71.1907
-71.1819
-71.1733
-71.1648
-71.1565
-71.1482
-71.14
-71.1319
-71.124
-71.1161
-71.1084
-71.1007
-71.0932
-71.0857
-71.0784
-71.0711
-71.064
-71.0569
-71.0499
-71.0431
-71.0363
-71.0296
-71.023
-71.0165
-71.0101
-71.0037
-70.9975
-70.9913
-70.9852
-70.9792
-70.9733
-70.9675
-70.9617
-70.956
-70.9504
-70.9449
-70.9394
-70.9341
-70.9288
-70.9235
-70.9184
-70.9133
-70.9083
-70.9034
-70.8985
-70.8937
-70.889
-70.8843
-70.8797
-70.8752
-70.8707
-70.8663
-70.8619
-70.8577
-70.8534
-70.8493
-70.8452
-70.8411
-70.8372
-70.8332
-70.8294
-70.8256
-70.8218
-70.8181
-70.8145
-70.8109
-70.8073
-70.8039
-70.8004
-70.7971
-70.7937
-70.7904
-70.7872
-70.784
-70.7809
-70.7778
-70.7748
-70.7718
-70.7688
-70.7659
-70.7631
-70.7603
-70.7575
-70.7548
-70.7521
-70.7495
-70.7469
-70.7443
-70.7418
-70.7393
-70.7369
-70.7345
-70.7321
-70.7298
-70.7275
-70.7253
-70.723
-70.7209
-70.7187
-70.7166
-70.7146
-70.7125
-70.7105
-70.7086
-70.7066
-70.7047
-70.7028
-70.701
-70.6992
-70.6974
-70.6957
-70.694
-70.6923
-70.6906
-70.689
-70.6874
-70.6858
-70.6843
-70.6827
-70.6813
-70.6798
-70.6784
-70.6769
-70.6756
-70.6742
-70.6729
-70.6715
-70.6703
-70.669
-70.6678
-70.6665
-70.6653
-70.6642
-70.663
-70.6619
-70.6608
-70.6597
-70.6587
-70.6576
-70.6566
-70.6556
-70.6546
-70.6537
-70.6527
-70.6518
-70.6509
-70.65
-70.6491
-70.6483
-70.6475
-70.6466
-70.6458
-70.6451
-70.6443
-70.6436
-70.6428
-70.6421
-70.6414
-70.6407
-70.6401
-70.6394
-70.6388
-70.6382
-70.6376
-70.637
-70.6364
-70.6358
-70.6353
-70.6347
-70.6342
-70.6337
-70.6332
-70.6327
-70.6323
-70.6318
-70.6314
-70.6309
-70.6305
-70.6301
-70.6297
-70.6293
-70.6289
-70.6285
-70.6282
-70.6278
-70.6275
-70.6272
-70.6269
-70.6266
-70.6263
-70.626
-70.6257
-70.6254
-70.6252
-70.6249
-70.6247
-70.6245
-70.6242
-70.624
-70.6238
-70.6236
-70.6234
-70.6232
-70.6231
-70.6229
-70.6227
-70.6226
-70.6224
-70.6223
-70.6222
-70.622
-70.6219
-70.6218
-70.6217
-70.6216
-70.6215
-70.6214
-70.6214
-70.6213
-70.6212
-70.6212
-70.6211
-70.6211
-70.621
-70.621
-70.6209
-70.6209
-70.6209
-70.6209
-70.6208
-70.6208
-70.6208
-70.6208
-70.6208
-70.6208
-70.6209
-70.6209
-70.6209
-70.6209
-70.621
-70.621
-70.621
-70.6211
-70.6211
-70.6212
-70.6212
-70.6213
-70.6213
-70.6214
-70.6215
-70.6215
-70.6216
-70.6217
-70.6218
-70.6218
-70.6219
-70.622
-70.6221
-70.6222
-70.6223
-70.6224
-70.6225
-70.6226
-70.6227
-70.6228
-70.6229
-70.623
-70.6231
-70.6232
-70.6234
-70.6235
-70.6236
-70.6237
-70.6239
-70.624
-70.6241
-70.6242
-70.6244
-70.6245
-70.6247
-70.6248
-70.6249
-70.6251
-70.6252
-70.6254
-70.6255
-70.6256
-70.6258
-70.6259
-70.6261
-70.6262
-70.6264
-70.6265
-70.6267
-70.6269
-70.627
-70.6272
-70.6273
-70.6275
-70.6276
-70.6278
-70.628
-70.6281
-70.6283
-70.6285
-70.6286
-70.6288
-70.6289
-70.6291
-70.6293
-70.6294
-70.6296
-70.6298
-70.6299
-70.6301
-70.6303
-70.6305
-70.6306
-70.6308
-70.631
-70.6311
-70.6313
-70.6315
-70.6316
-70.6318
-70.632
-70.6322
-70.6323
-70.6325
-70.6327
-70.6328
-70.633
-70.6332
-70.6334
-70.6335
-70.6337
-70.6339
-70.634
-70.6342
-70.6344
-70.6345
-70.6347
-70.6349
-70.6351
-70.6352
-70.6354
-70.6356
-70.6357
-70.6359
-70.6361
-70.6362
-70.6364
-70.6366
-70.6367
-70.6369
-70.6371
-70.6373
-70.6374
-70.6376
-70.6377
-70.6379
-70.6381
-70.6382
-70.6384
-70.6386
-70.6387
-70.6389
-70.6391
-70.6392
-70.6394
-70.6395
-70.6397
-70.6399
-70.64
-70.6402
-70.6403
-70.6405
-70.6407
-70.6408
-70.641
-70.6411
-70.6413
-70.6414
-70.6416
-70.6417
-70.6419
-70.642
-70.6422
-70.6424
-70.6425
-70.6427
-70.6428
-70.643
-70.6431
-70.6432
-70.6434
-70.6435
-70.6437
-70.6438
-70.644
-70.6441
-70.6443

