-70
-70.1661
-70.23
-70.2566
-70.2695
-70.2773
-70.283
-70.2879
-70.2925
-70.297
-70.3014
-70.3057
-70.31
-70.3142
-70.3185
-70.3226
-70.3268
-70.3309
-70.335
-70.3391
-70.3431
-70.3471
-70.351
-70.3549
-70.3588
-70.3626
-70.3664
-70.3701
-70.3738
-70.3775
-70.3811
-70.3847
-70.3883
-70.3918
-70.3953
-70.3987
-70.4021
-70.4055
-70.4088
-70.4121
-70.4154
-70.4186
-70.4218
-70.4249
-70.428
-70.4311
-70.4341
-70.4372
-70.4401
-70.4431
-70.446
-70.4489
-70.4517
-70.4545
-70.4573
-70.4601
-70.4628
-70.4655
-70.4682
-70.4708
-70.4734
-70.476
-70.4785
-70.481
-70.4835
-70.486
-70.4884
-70.4908
-70.4932
-70.4955
-70.4978
-70.5001
-70.5024
-70.5046
-70.5068
-70.509
-70.5112
-70.5133
-70.5154
-70.5175
-70.5196
-70.5216
-70.5236
-70.5256
-70.5276
-70.5295
-70.5315
-70.5334
-70.5352
-70.5371
-70.5389
-70.5407
-70.5425
-70.5443
-70.5461
-70.5478
-70.5495
-70.5512
-70.5528
-70.5545
-70.5561
-70.5577
-70.5593
-70.5609
-70.5624
-70.5639
-70.5655
-70.5669
-70.5684
-70.5699
-70.5713
-70.5727
-70.5741
-70.5755
-70.5769
-70.5782
-70.5796
-70.5809
-70.5822
-70.5835
-70.5848
-70.586
-70.5873
-70.5885
-70.5897
-70.5909
-70.5921
-70.5932
-70.5944
-70.5955
-70.5966
-70.5977
-70.5988
-70.5999
-70.601
-70.602
-70.603
-70.6041
-70.6051
-70.6061
-70.6071
-70.608
-70.609
-70.6099
-70.6109
-70.6118
-70.6127
-70.6136
-70.6145
-70.6154
-70.6162
-70.6171
-70.6179
-70.6187
-70.6196
-70.6204
-70.6212
-70.622
-70.6227
-70.6235
-70.6242
-70.625
-70.6257
-70.6265
-70.6272
-70.6279
-70.6286
-70.6293
-70.6299
-70.6306
-70.6313
-70.6319
-70.6325
-70.6332
-70.6338
-70.6344
-70.635
-70.6356
-70.6362
-70.6368
-70.6374
-70.6379
-70.6385
-70.639
-70.6396
-70.6401
-70.6406
-70.6411
-70.6417
-70.6422
-70.6427
-70.6431
-70.6436
-70.6441
-70.6446
-70.645
-70.6455
-70.6459
-70.6464
-70.6468
-70.6472
-70.6476
-70.6481
-70.6485
-70.6489
-70.6493
-70.6497
-70.65
-70.6504
-70.6508
-70.6512
-70.6515
-70.6519
-70.6522
-70.6526
-70.6529
-70.6533
-70.6536
-70.6539
-70.6542
-70.6545
-70.6549
-70.6552
-70.6555
-70.6558
-70.656
-70.6563
-70.6566
-70.6569
-70.6572
-70.6574
-70.6577
-70.658
-70.6582
-70.6585
-70.6587
-70.6589
-70.6592
-70.6594
-70.6597
-70.6599
-70.6601
-70.6603
-70.6605
-70.6607
-70.661
-70.6612
-70.6614
-70.6616
-70.6617
-70.6619
-70.6621
-70.6623
-70.6625
-70.6627
-70.6628
-70.663
-70.6632
-70.6633
-70.6635
-70.6637
-70.6638
-70.664
-70.6641
-70.6643
-70.6644
-70.6646
-70.6647
-70.6648
-70.665
-70.6651
-70.6652
-70.6653
-70.6655
-70.6656
-70.6657
-70.6658
-70.6659
-70.666
-70.6662
-70.6663
-70.6664
-70.6665
-70.6666
-70.6667
-70.6668
-70.6669
-70.667
-70.667
-70.6671
-70.6672
-70.6673
-70.6674
-70.6675
-70.6675
-70.6676
-70.6677
-70.6678
-70.6678
-70.6679
-70.668
-70.668
-70.6681
-70.6682
-70.6682
-70.6683
-70.6683
-70.6684
-70.6685
-70.6685
-70.6686
-70.6686
-70.6687
-70.6687
-70.6688
-70.6688
-70.6688
-70.6689
-70.6689
-70.669
-70.669
-70.669
-70.6691
-70.6691
-70.6691
-70.6692
-70.6692
-70.6692
-70.6693
-70.6693
-70.6693
-70.6694
-70.6694
-70.6694
-70.6694
-70.6694
-70.6695
-70.6695
-70.6695
-70.6695
-70.6695
-70.6696
-70.6696
-70.6696
-70.6696
-70.6696
-70.6696
-70.6696
-70.6697
-70.6697
-70.6697
-70.6697
-70.6697
-70.6697
-70.6697
-70.6697
-70.6697
-70.6697
-70.6697
-70.6697
-70.6697
-70.6697
-70.6697
-70.6697
-70.6697
-70.6697
-70.6697
-70.6697
-70.6697
-70.6697
-70.6697
-70.6697
-70.6697
-70.6697
-70.6697
-70.6697
-70.6697
-70.6697
-70.6697
-70.6697
-70.6697
-70.6697
-70.6697
-70.6696
-70.6696
-70.6696
-70.6696
-70.6696
-70.6696
-70.6696
-70.6696
-70.6696
-70.6695
-70.6695
-70.6695
-70.6695
-70.6695
-70.6695
-70.6695
-70.6695
-70.6694
-70.6694
-70.6694
-70.6694
-70.6694
-70.6694
-70.6693
-70.6693
-70.6693
-70.6693
-70.6693
-70.6693
-70.6693
-70.6692
-70.6692
-70.6692
-70.6692
-70.6692
-70.6691
-70.6691
-70.6691
-70.6691
-70.6691
-70.6691
-70.669
-70.669
-70.669
-70.669
-70.669
-70.6689
-70.6689
-70.6689
-70.6689
-70.6689
-70.6688
-70.6688
-70.6688
-70.6688
-70.6688
-70.6687
-70.6687
-70.6687
-70.6687
-70.6686
-70.6686
-70.6686
-70.6686
-70.6686
-70.6685
-70.6685
-70.6685
-70.6685
-70.6685
-70.6684
-70.6684
-70.6684
-70.6684
-70.6684
-70.6683
-70.6683
-70.6683
-70.6683
-70.6682
-70.6682
-70.6682
-70.6682
-70.6682
-70.6681
-70.6681
-70.6681
-70.6681
-70.6681
-70.6758
-70.8429
-71.4629
-72.4274
-73.2506
-73.7786
-71.2328
-55.4285
-51.569
-49.6691
-47.5105
-40.8257
3.40279
-31.1489
-63.8022
-68.9585
-68.0303
-66.9884
-65.9226
-64.8518
-63.7938
-62.7673
-61.7891
-60.8714
-59.9479
-58.9279
-58.1122
-57.418
-56.8145
-56.2902
-55.8375
-55.4192
-55.0537
-54.7537
-54.5077
-54.307
-54.1441
-54.0058
-53.8757
-53.7736
-53.6958
-53.6365
-53.5917
-53.5584
-53.5324
-53.4971
-53.4703
-53.4533
-53.4431
-53.4375
-53.4352
-53.4354
-53.4374
-53.4324
-53.4186
-53.4113
-53.4093
-53.4103
-53.4132
-53.4172
-53.422
-53.4273
-53.4331
-53.4393
-53.4348
-53.4193
-53.4119
-53.4102
-53.4114
-53.4142
-53.4178
-53.4219
-53.4263
-53.4309
-53.4357
-53.4406
-53.4456
-53.4501
-53.454
-53.4573
-53.4526
-53.4218
-53.4059
-53.3992
-53.3959
-53.393
-53.3886
-53.38
-53.3602
-53.2817
-52.74
-52.576
-52.6862
-52.8287
-52.9448
-53.0275
-53.0833
-53.1209
-53.148
-53.1704
-53.192
-53.2158
-53.2442
-53.2798
-53.3259
-53.3851
-53.4496
-53.4693
-53.472
-53.4728
-53.4751
-53.4798
-53.4875
-53.4976
-53.5099
-53.5243
-53.541
-53.5599
-53.5812
-53.6051
-53.6316
-53.661
-53.6934
-53.7292
-53.7688
-53.8122
-53.8598
-53.9119
-53.9688
-54.0307
-54.098
-54.1712
-54.2505
-54.336
-54.4284
-54.5283
-54.6361
-54.7524
-54.8775
-55.0125
-55.1578
-55.3138
-53.8021
-53.3506
-53.2611
-53.2717
-53.308
-53.3485
-53.3873
-53.423
-53.4558
-53.4864
-53.5157
-53.5444
-53.5724
-53.6002
-53.6283
-53.6571
-53.6871
-53.7186
-53.7521
-53.7878
-53.8264
-53.869
-53.9147
-53.9635
-54.0158
-54.0721
-54.1326
-54.1979
-54.2679
-54.3463
-54.4332
-54.5268
-54.6281
-54.7348
-54.8472
-54.9664
-55.0933
-55.2282
-55.3713
-55.5241
-55.6928
-55.8702
-54.1564
-53.2888
-53.1188
-53.1264
-53.1766
-53.2319
-53.2827
-53.3271
-53.366
-53.4005
-53.4312
-53.4592
-53.4858
-53.5109
-53.5351
-53.5589
-53.5827
-53.607
-53.6322
-53.6596
-53.6893
-53.7205
-53.7535
-53.7904
-53.8311
-53.8741
-53.9196
-53.9682
-54.0203
-54.0762
-54.1392
-54.2096
-54.2837
-54.3614
-54.4437
-54.5373
-54.6395
-54.7458
-54.8566
-54.9731
-55.0961
-55.2285
-55.3793
-55.5369
-55.6975
-55.8622
-56.032
-56.2168
-56.4215
-56.6286
-56.8353
-54.2966
-53.1414
-52.9336
-52.9562
-53.0321
-53.1119
-53.1823
-53.2417
-53.2916
-53.3345
-53.3717
-53.4041
-53.433
-53.4592
-53.4841
-53.5089
-53.5331
-53.5569
-53.5808
-53.6054
-53.6309
-53.6577
-53.6881
-53.7219
-53.7574
-53.795
-53.835
-53.8815
-53.9329
-53.987
-54.0441
-54.1049
-54.1701
-54.2434
-54.3267
-54.414
-54.5053
-54.6061
-54.7193
-54.8372
-54.9595
-54.4744
-53.4649
-53.2387
-53.2146
-53.2416
-53.2785
-53.3139
-53.3456
-53.3741
-53.3993
-53.4219
-53.4425
-53.4618
-53.4803
-53.4984
-53.5165
-53.5349
-53.5553
-53.5774
-53.6034
-53.633
-53.6632
-53.694
-53.7264
-53.761
-53.7982
-53.8386
-53.8913
-53.9724
-54.0824
-54.2323
-54.3967
-54.5737
-54.7458
-54.9015
-55.0505
-55.2107
-55.4307
-55.7397
-56.153
-56.5846
-56.9692
-57.3246
-57.6568
-57.9798
-58.3116
-58.6724
-59.1016
-59.6091
-60.1601
-60.7113
-61.2374
-61.7389
-62.223
-62.6969
-63.1695
-63.6534
-64.1656
-64.7048
-65.2657
-65.8227
-66.3564
-66.8571
-67.3291
-67.7713
-68.1875
-68.5879
-68.9835
-69.3799
-69.7824
-70.1795
-70.5496
-70.8901
-71.1961
-71.4725
-71.7219
-71.9497
-72.1636
-72.3723
-72.5767
-72.7803
-72.9746
-73.1485
-73.3031
-73.4383
-73.5567
-73.6606
-73.7528
-73.838
-73.9207
-74.0015
-74.0831
-74.1609
-74.229
-74.2881
-74.3395
-74.3831
-74.4197
-74.4505
-74.4788
-74.5071
-74.5349
-74.5645
-74.5948
-74.6209
-74.6422
-74.6592
-74.674
-74.6851
-74.6931
-74.6995
-74.7065
-74.7135
-74.7227
-74.7348
-74.7471
-74.7561
-74.7618
-74.7655
-74.7692
-74.7708
-74.7706
-74.7708
-74.771
-74.771
-74.7736
-74.7791
-74.785
-74.7883
-74.7892
-74.7886
-74.788
-74.7871
-74.785
-74.7843
-74.7827
-74.7802
-74.7798
-74.7827
-74.7865
-74.7889
-74.7895
-74.7882
-74.7859
-74.7839
-74.7814
-74.7801
-74.7792
-74.7761
-74.774
-74.7738
-74.7768
-74.7792
-74.7808
-74.7809
-74.778
-74.7747
-74.7724
-74.7699
-74.7693
-74.768
-74.765
-74.7634
-74.763
-74.7657
-74.7684
-74.7695
-74.7699
-74.7677
-74.7633
-74.76
-74.7575
-74.7571
-74.7557
-74.7523
-74.7506
-74.7512
-74.7531
-74.7567
-74.7577
-74.7575
-74.7575
-74.7548
-74.7505
-74.746
-74.7436
-74.7439
-74.7418
-74.7371
-74.7341
-74.7359
-74.739
-74.7429
-74.7451
-74.7449
-74.7454
-74.7441
-74.7407
-74.7354
-74.7318
-74.7308
-74.7299
-74.7273
-74.7225
-74.7196
-74.7219
-74.7267
-74.7303
-74.7327
-74.7331
-74.7327
-74.7319
-74.7283
-74.7232
-74.7195
-74.7172
-74.7148
-74.7108
-74.7068
-74.7027
-74.7012
-74.703
-74.7081
-74.7151
-74.7202
-74.7208
-74.7201
-74.7191
-74.7151
-74.7118
-74.7098
-74.7063
-74.7024
-74.6994
-74.6941
-74.6887
-74.6869
-74.6879
-74.6892
-74.6925
-74.7003
-74.7051
-74.7056
-74.7052
-74.7033
-74.6995
-74.6971
-74.6938
-74.6883
-74.6847
-74.6793
-74.6745
-74.6684
-74.6641
-74.6656
-74.6696
-74.6741
-74.6774
-74.6812
-74.6853
-74.6893
-74.6905
-74.6906
-74.6893
-74.687
-74.6835
-74.6767
-74.6717
-74.6664
-74.6586
-74.6519
-74.6478
-74.6486
-74.6529
-74.6574
-74.6594
-74.6594
-74.6607
-74.6609
-74.6619
-74.664
-74.6687
-74.6713
-74.669
-74.6631
-74.657
-74.6511
-74.645
-74.639
-74.6302
-74.6228
-74.6244
-74.6303
-74.6337
-74.6352
-74.6369
-74.637
-74.6386
-74.6417
-74.641
-74.6428
-74.6454
-74.6502
-74.6529
-74.6496
-74.643
-74.6365
-74.6324
-74.6269
-74.6207
-74.6131
-74.6071
-74.6065
-74.6106
-74.6149
-74.6164
-74.616
-74.6144
-74.6136
-74.6146
-74.6164
-74.6163
-74.6146
-74.6134
-74.6133
-74.6136
-74.6119
-74.6073
-74.6022
-74.5997
-74.5996
-74.5974
-74.5928
-74.5883
-74.5826
-74.5798
-74.5819
-74.5847
-74.5878
-74.5894
-74.588
-74.5867
-74.5858
-74.587
-74.5915
-74.5933
-74.5913
-74.5876
-74.5844
-74.5793
-74.5766
-74.5735
-74.567
-74.5638
-74.5642
-74.5658
-74.5694
-74.5711
-74.5667
-74.5602
-74.5561
-74.5568
-74.5596
-74.5628
-74.5639
-74.5617
-74.5592
-74.5577
-74.5572
-74.556
-74.5548
-74.5541
-74.5541
-74.5541
-74.5512
-74.5444
-74.5373
-74.5275
-74.5176
-74.5089
-74.504
-74.5078
-74.5111
-74.5133
-74.5123
-74.51
-74.5064
-74.5046
-74.5086
-74.5169
-74.5252
-74.5287
-74.5269
-74.5232
-74.52
-74.5188
-74.5164
-74.5118
-74.5094
-74.5091
-74.509
-74.5088
-74.5099
-74.5098
-74.5059
-74.5016
-74.4962
-74.4885
-74.4776
-74.4656
-74.4555
-74.4526
-74.4537
-74.4528
-74.4519
-74.4504
-74.4468
-74.4403
-74.436
-74.4402
-74.4469
-74.4527
-74.4616
-74.469
-74.4766
-74.4824
-74.4845
-74.4831
-74.479
-74.476
-74.4728
-74.4651
-74.4567
-74.4516
-74.4521
-74.4537
-74.4553
-74.4552
-74.4537
-74.4486
-74.4392
-74.4308
-74.4193
-74.408
-74.3963
-74.3852
-74.38
-74.3808
-74.3812
-74.3806
-74.3833
-74.3794
-74.3693
-74.3546
-74.3412
-74.3373
-74.3372
-74.3388
-74.345
-74.3526
-74.3603
-74.3696
-74.3816
-74.3922
-74.3989
-74.4019
-74.4029
-74.3977
-74.3923
-74.3897
-74.3858
-74.3777
-74.3669
-74.3619
-74.3646
-74.3697
-74.3696
-74.3681
-74.3669
-74.3627
-74.3564
-74.3525
-74.3488
-74.3388
-74.3265
-74.3113
-74.2955
-74.2859
-74.2797
-74.272
-74.2666
-74.2646
-74.2651
-74.2712
-74.2743
-74.274
-74.2677
-74.2602
-74.25
-74.2369
-74.2196
-74.2015
-74.1907
-74.1859
-74.1862
-74.1884
-74.1953
-74.2046
-74.2201
-74.2408
-74.263
-74.2769
-74.2847
-74.2923
-74.2949
-74.2918
-74.2832
-74.2759
-74.2694
-74.2643
-74.256
-74.2474
-74.2381
-74.2292
-74.2219
-74.2159
-74.2204
-74.2348
-74.2453
-74.2464
-74.2427
-74.2367
-74.2305
-74.2193
-74.2074
-74.1972
-74.1899
-74.1839
-74.1729
-74.1569
-74.1477
-74.1427
-74.1337
-74.1248
-74.1173
-74.1144
-74.111
-74.1079
-74.1043
-74.0999
-74.0921
-74.0815
-74.0735
-74.0693
-74.0656
-74.0595
-74.0485
-74.039
-74.0303
-74.0211
-74.0085
-73.9963
-73.9871
-73.9835
-73.9774
-73.975
-73.9706
-73.9673
-73.9655
-73.9678
-73.9724
-73.9786
-73.9904
-74.0038
-74.016
-74.027
-74.0351
-74.0422
-74.0481
-74.0491
-74.0457
-74.0444
-74.0414
-74.0396
-74.0374
-74.0339
-74.0295
-74.0287
-74.0326
-74.0415
-74.0463
-74.0437
-74.0381
-74.0312
-74.0241
-74.0164
-74.0093
-74.003
-73.993
-73.9822
-73.9703
-73.9579
-73.9552
-73.9548
-73.9504
-73.9423
-73.9405
-73.9386
-73.9369
-73.9318
-73.9252
-73.9161
-73.9058
-73.8918
-73.8728
-73.8499
-73.8241
-73.7984
-73.7864
-73.7839
-73.7817
-73.7794
-73.7804
-73.7826
-73.7829
-73.7863
-73.7894
-73.7882
-73.7976
-73.8067
-73.8067
-73.8054
-73.8116
-73.8197
-73.8206
-73.8151
-73.8069
-73.7932
-73.7746
-73.7588
-73.7491
-73.7414
-73.7298
-73.7135
-73.6988
-73.6821
-73.6615
-73.643
-73.6329
-73.6202
-73.6037
-73.5894
-73.5729
-73.5563
-73.5414
-73.5232
-73.5041
-73.5018
-73.5023
-73.4956
-73.4855
-73.4761
-73.4624
-73.4461
-73.4449
-73.4492
-73.4465
-73.4488
-73.4517
-73.4534
-73.4507
-73.4462
-73.4404
-73.4291
-73.4129
-73.4003
-73.4001
-73.4108
-73.4242
-73.4301
-73.4263
-73.4187
-73.4119
-73.4006
-73.3845
-73.3647
-73.346
-73.332
-73.3159
-73.2963
-73.2771
-73.2637
-73.2485
-73.2329
-73.2223
-73.2133
-73.2093
-73.2175
-73.2245
-73.2228
-73.2177
-73.2141
-73.2059
-73.194
-73.1869
-73.1777
-73.1639
-73.146
-73.1323
-73.1334
-73.1321
-73.124
-73.1103
-73.0926
-73.0721
-73.0508
-73.0462
-73.0593
-73.0672
-73.0657
-73.0574
-73.0603
-73.0683
-73.0691
-73.0623
-73.0556
-73.0568
-73.0618
-73.0664
-73.0711
-73.0689
-73.0599
-73.046
-73.0286
-73.0087
-72.987
-72.9641
-72.9403
-72.9159
-72.8909
-72.8656
-72.84
-72.8143
-72.7885
-72.7626
-72.7368
-72.7111
-72.6854
-72.6598
-72.6344
-72.6091
-72.584
-72.5591
-72.5344
-72.5161
-72.5089
-72.5007
-72.4887
-72.4736
-72.4567
-72.4505
-72.4487
-72.443
-72.4328
-72.4193
-72.4034
-72.3861
-72.3676
-72.3484
-72.3288
-72.3128
-72.3105
-72.3086
-72.3023
-72.2919
-72.2787
-72.2635
-72.2469
-72.2295
-72.2115
-72.1931
-72.1744
-72.1556
-72.1367
-72.1178
-72.0988
-72.08
-72.0612
-72.0425
-72.024
-72.0056
-71.9873
-71.9692
-71.9513
-71.9335
-71.9159
-71.8985
-71.8812
-71.8641
-71.8472
-71.8305
-71.814
-71.7977
-71.7815
-71.7656
-71.7498
-71.7341
-71.7187
-71.7035
-71.6884
-71.6735
-71.6588
-71.6442
-71.6299
-71.6157
-71.6016
-71.5878
-71.5741
-71.5605
-71.5472
-71.534
-71.5209
-71.508
-71.4953
-71.4827
-71.4703
-71.458
-71.4459
-71.4339
-71.4221
-71.4104
-71.3989
-71.3875
-71.3763
-71.3652
-71.3542
-71.3434
-71.3327
-71.3221
-71.3117
-71.3015
-71.2913
-71.2813
-71.2714
-71.2616
-71.252
-71.2425
-71.2331
-71.2238
-71.2147
-71.2056
-71.1967
-71.1879
-71.1792
-71.1706
-71.1622
-71.1538
-71.1456
-71.1374
-71.1294
-71.1215
-71.1137
-71.1059
-71.0983
-71.0908
-71.0834
-71.0761
-71.0688
-71.0617
-71.0547
-71.0477
-71.0409
-71.0341
-71.0275
-71.0209
-71.0144
-71.008
-71.0017
-70.9955
-70.9893
-70.9833
-70.9773
-70.9714
-70.9656
-70.9599
-70.9542
-70.9486
-70.9431
-70.9377
-70.9323
-70.9271
-70.9219
-70.9167
-70.9117
-70.9067
-70.9018
-70.8969
-70.8921
-70.8874
-70.8828
-70.8782
-70.8737
-70.8692
-70.8649
-70.8605
-70.8563
-70.8521
-70.8479
-70.8438
-70.8398
-70.8359
-70.832
-70.8281
-70.8243
-70.8206
-70.8169
-70.8133
-70.8097
-70.8062
-70.8027
-70.7993
-70.7959
-70.7926
-70.7894
-70.7862
-70.783
-70.7799
-70.7768
-70.7738
-70.7708
-70.7679
-70.765
-70.7621
-70.7593
-70.7566
-70.7539
-70.7512
-70.7486
-70.746
-70.7434
-70.7409
-70.7385
-70.7361
-70.7337
-70.7313
-70.729
-70.7267
-70.7245
-70.7223
-70.7201
-70.718
-70.7159
-70.7139
-70.7118
-70.7098
-70.7079
-70.706
-70.7041
-70.7022
-70.7004
-70.6986
-70.6968
-70.6951
-70.6934
-70.6917
-70.69
-70.6884
-70.6868
-70.6853
-70.6837
-70.6822
-70.6807
-70.6793
-70.6778
-70.6764
-70.6751
-70.6737
-70.6724
-70.6711
-70.6698
-70.6686
-70.6673
-70.6661
-70.6649
-70.6638
-70.6626
-70.6615
-70.6604
-70.6593
-70.6583
-70.6572
-70.6562
-70.6552
-70.6543
-70.6533
-70.6524
-70.6515
-70.6506
-70.6497
-70.6488
-70.648
-70.6471
-70.6463
-70.6456
-70.6448
-70.644
-70.6433
-70.6426
-70.6419
-70.6412
-70.6405
-70.6398
-70.6392
-70.6385
-70.6379
-70.6373
-70.6367
-70.6362
-70.6356
-70.6351
-70.6345
-70.634
-70.6335
-70.633
-70.6325
-70.6321
-70.6316
-70.6312
-70.6307
-70.6303
-70.6299
-70.6295
-70.6291
-70.6288
-70.6284
-70.628
-70.6277
-70.6274
-70.627
-70.6267
-70.6264
-70.6261
-70.6258
-70.6256
-70.6253
-70.6251
-70.6248
-70.6246
-70.6243
-70.6241
-70.6239
-70.6237
-70.6235
-70.6233
-70.6231
-70.623
-70.6228
-70.6226
-70.6225
-70.6224
-70.6222
-70.6221
-70.622
-70.6219
-70.6217
-70.6216
-70.6215
-70.6215
-70.6214
-70.6213
-70.6212
-70.6212
-70.6211
-70.6211
-70.621
-70.621
-70.6209
-70.6209
-70.6209
-70.6208
-70.6208
-70.6208
-70.6208
-70.6208
-70.6208
-70.6208
-70.6208
-70.6208
-70.6209
-70.6209
-70.6209
-70.6209
-70.621
-70.621
-70.6211
-70.6211
-70.6211
-70.6212
-70.6213
-70.6213
-70.6214
-70.6215
-70.6215
-70.6216
-70.6217
-70.6218
-70.6218
-70.6219
-70.622
-70.6221
-70.6222
-70.6223
-70.6224
-70.6225
-70.6226
-70.6227
-70.6228
-70.6229
-70.623
-70.6231
-70.6233
-70.6234
-70.6235
-70.6236
-70.6237
-70.6239
-70.624
-70.6241
-70.6243
-70.6244
-70.6245
-70.6247
-70.6248
-70.625
-70.6251
-70.6252
-70.6254
-70.6255
-70.6257
-70.6258
-70.626
-70.6261
-70.6263
-70.6264
-70.6266
-70.6267
-70.6269
-70.627
-70.6272
-70.6274
-70.6275
-70.6277
-70.6278
-70.628
-70.6282
-70.6283
-70.6285
-70.6287
-70.6288
-70.629
-70.6291
-70.6293
-70.6295
-70.6296
-70.6298
-70.63
-70.6302
-70.6303
-70.6305
-70.6307
-70.6308
-70.631
-70.6312
-70.6313
-70.6315
-70.6317
-70.6318
-70.632
-70.6322
-70.6324
-70.6325
-70.6327
-70.6329
-70.633
-70.6332
-70.6334
-70.6336
-70.6337
-70.6339
-70.6341
-70.6342
-70.6344
-70.6346
-70.6348
-70.6349
-70.6351
-70.6353
-70.6354
-70.6356
-70.6358
-70.6359
-70.6361
-70.6363
-70.6365
-70.6366
-70.6368
-70.637
-70.6371
-70.6373
-70.6375
-70.6376
-70.6378
-70.638
-70.6381
-70.6383
-70.6384
-70.6386
-70.6388
-70.6389
-70.6391
-70.6393
-70.6394
-70.6396
-70.6397
-70.6399
-70.6401
-70.6402
-70.6404
-70.6405
-70.6407
-70.6409
-70.641
-70.6412
-70.6413
-70.6415
-70.6416
-70.6418
-70.6419
-70.6421
-70.6422
-70.6424
-70.6425
-70.6427
-70.6428
-70.643
-70.6431
-70.6433
-70.6434
-70.6436
-70.6437
-70.6439
-70.644

