-70
-70.1661
-70.23
-70.2566
-70.2695
-70.2773
-70.283
-70.2879
-70.2925
-70.297
-70.3014
-70.3057
-70.31
-70.3142
-70.3185
-70.3226
-70.3268
-70.3309
-70.335
-70.3391
-70.3431
-70.3471
-70.351
-70.3549
-70.3588
-70.3626
-70.3664
-70.3701
-70.3738
-70.3775
-70.3811
-70.3847
-70.3883
-70.3918
-70.3953
-70.3987
-70.4021
-70.4055
-70.4088
-70.4121
-70.4154
-70.4186
-70.4218
-70.4249
-70.428
-70.4311
-70.4341
-70.4372
-70.4401
-70.4431
-70.446
-70.4489
-70.4517
-70.4545
-70.4573
-70.4601
-70.4628
-70.4655
-70.4682
-70.4708
-70.4734
-70.476
-70.4785
-70.481
-70.4835
-70.486
-70.4884
-70.4908
-70.4932
-70.4955
-70.4978
-70.5001
-70.5024
-70.5046
-70.5068
-70.509
-70.5112
-70.5133
-70.5154
-70.5175
-70.5196
-70.5216
-70.5236
-70.5256
-70.5276
-70.5295
-70.5315
-70.5334
-70.5352
-70.5371
-70.5389
-70.5407
-70.5425
-70.5443
-70.5461
-70.5478
-70.5495
-70.5512
-70.5528
-70.5545
-70.5561
-70.5577
-70.5593
-70.5609
-70.5624
-70.5639
-70.5655
-70.5669
-70.5684
-70.5699
-70.5713
-70.5727
-70.5741
-70.5755
-70.5769
-70.5782
-70.5796
-70.5809
-70.5822
-70.5835
-70.5848
-70.586
-70.5873
-70.5885
-70.5897
-70.5909
-70.5921
-70.5932
-70.5944
-70.5955
-70.5966
-70.5977
-70.5988
-70.5999
-70.601
-70.602
-70.603
-70.6041
-70.6051
-70.6061
-70.6071
-70.608
-70.609
-70.6099
-70.6109
-70.6118
-70.6127
-70.6136
-70.6145
-70.6154
-70.6162
-70.6171
-70.6179
-70.6187
-70.6196
-70.6204
-70.6212
-70.622
-70.6227
-70.6235
-70.6242
-70.625
-70.6257
-70.6265
-70.6272
-70.6279
-70.6286
-70.6293
-70.6299
-70.6306
-70.6313
-70.6319
-70.6325
-70.6332
-70.6338
-70.6344
-70.635
-70.6356
-70.6362
-70.6368
-70.6374
-70.6379
-70.6385
-70.639
-70.6396
-70.6401
-70.6406
-70.6411
-70.6417
-70.6422
-70.6427
-70.6431
-70.6436
-70.6441
-70.6446
-70.645
-70.6455
-70.6459
-70.6464
-70.6468
-70.6472
-70.6476
-70.6481
-70.6485
-70.6489
-70.6493
-70.6497
-70.65
-70.6504
-70.6508
-70.6512
-70.6515
-70.6519
-70.6522
-70.6526
-70.6529
-70.6533
-70.6536
-70.6539
-70.6542
-70.6545
-70.6549
-70.6552
-70.6555
-70.6558
-70.656
-70.6563
-70.6566
-70.6569
-70.6572
-70.6574
-70.6577
-70.658
-70.6582
-70.6585
-70.6587
-70.6589
-70.6592
-70.6594
-70.6597
-70.6599
-70.6601
-70.6603
-70.6605
-70.6607
-70.661
-70.6612
-70.6614
-70.6616
-70.6617
-70.6619
-70.6621
-70.6623
-70.6625
-70.6627
-70.6628
-70.663
-70.6632
-70.6633
-70.6635
-70.6637
-70.6638
-70.664
-70.6641
-70.6643
-70.6644
-70.6646
-70.6647
-70.6648
-70.665
-70.6651
-70.6652
-70.6653
-70.6655
-70.6656
-70.6657
-70.6658
-70.6659
-70.666
-70.6662
-70.6663
-70.6664
-70.6665
-70.6666
-70.6667
-70.6668
-70.6669
-70.667
-70.667
-70.6671
-70.6672
-70.6673
-70.6674
-70.6675
-70.6675
-70.6676
-70.6677
-70.6678
-70.6678
-70.6679
-70.668
-70.668
-70.6681
-70.6682
-70.6682
-70.6683
-70.6683
-70.6684
-70.6685
-70.6685
-70.6686
-70.6686
-70.6687
-70.6687
-70.6688
-70.6688
-70.6688
-70.6689
-70.6689
-70.669
-70.669
-70.669
-70.6691
-70.6691
-70.6691
-70.6692
-70.6692
-70.6692
-70.6693
-70.6693
-70.6693
-70.6694
-70.6694
-70.6694
-70.6694
-70.6694
-70.6695
-70.6695
-70.6695
-70.6695
-70.6695
-70.6696
-70.6696
-70.6696
-70.6696
-70.6696
-70.6696
-70.6696
-70.6697
-70.6697
-70.6697
-70.6697
-70.6697
-70.6697
-70.6697
-70.6697
-70.6697
-70.6697
-70.6697
-70.6697
-70.6697
-70.6697
-70.6697
-70.6697
-70.6697
-70.6697
-70.6697
-70.6697
-70.6697
-70.6697
-70.6697
-70.6697
-70.6697
-70.6697
-70.6697
-70.6697
-70.6697
-70.6697
-70.6697
-70.6697
-70.6697
-70.6697
-70.6697
-70.6696
-70.6696
-70.6696
-70.6696
-70.6696
-70.6696
-70.6696
-70.6696
-70.6696
-70.6695
-70.6695
-70.6695
-70.6695
-70.6695
-70.6695
-70.6695
-70.6695
-70.6694
-70.6694
-70.6694
-70.6694
-70.6694
-70.6694
-70.6693
-70.6693
-70.6693
-70.6693
-70.6693
-70.6693
-70.6693
-70.6692
-70.6692
-70.6692
-70.6692
-70.6692
-70.6691
-70.6691
-70.6691
-70.6691
-70.6691
-70.6691
-70.669
-70.669
-70.669
-70.669
-70.669
-70.6689
-70.6689
-70.6689
-70.6689
-70.6689
-70.6688
-70.6688
-70.6688
-70.6688
-70.6688
-70.6687
-70.6687
-70.6687
-70.6687
-70.6686
-70.6686
-70.6686
-70.6686
-70.6686
-70.6685
-70.6685
-70.6685
-70.6685
-70.6685
-70.6684
-70.6684
-70.6684
-70.6684
-70.6684
-70.6683
-70.6683
-70.6683
-70.6683
-70.6682
-70.6682
-70.6682
-70.6682
-70.6682
-70.6681
-70.6681
-70.6681
-70.6681
-70.6681
-70.6801
-70.8856
-71.6031
-72.5762
-73.3654
-73.8608
-74.1178
-74.2424
-74.3024
-74.3324
-74.3543
-74.3923
-74.4546
-74.5274
-74.5885
-74.6241
-74.6411
-74.6462
-74.6443
-74.6385
-74.6321
-74.6344
-74.6562
-74.6897
-74.7209
-74.7401
-74.7459
-74.7431
-74.7351
-74.7238
-74.7109
-74.6979
-74.6843
-74.6692
-74.6523
-74.6338
-74.6137
-74.5919
-74.5686
-74.544
-74.5182
-74.4913
-74.4634
-74.4345
-74.4048
-74.3744
-74.3432
-74.3114
-74.279
-74.2462
-74.2129
-74.1793
-74.1454
-74.1113
-74.0769
-74.0425
-74.0079
-73.9733
-73.9387
-73.9041
-73.8695
-73.8351
-73.8007
-73.7665
-73.7324
-73.6986
-73.6649
-73.6314
-73.5981
-73.5651
-73.5323
-73.4997
-73.4674
-73.4354
-73.4036
-73.3721
-73.3409
-73.31
-73.2793
-73.249
-73.2189
-73.1891
-73.1595
-73.1303
-73.1013
-73.0726
-73.0442
-73.0161
-72.9882
-72.9607
-72.9334
-72.9063
-72.8796
-72.8531
-72.8269
-72.8009
-72.7753
-72.7498
-72.7247
-72.6998
-72.6751
-72.6507
-72.6266
-72.6027
-72.5791
-72.5557
-72.5325
-72.5096
-72.487
-72.4645
-72.4423
-72.4204
-72.3987
-72.3772
-72.3559
-72.3349
-72.3141
-72.2936
-72.2732
-72.2531
-72.2332
-72.2135
-72.194
-72.1748
-72.1557
-72.1369
-72.1182
-72.0998
-72.0815
-72.0635
-72.0456
-72.028
-72.0105
-71.9933
-71.9762
-71.9593
-71.9426
-71.9261
-71.9097
-71.8936
-71.8776
-71.8618
-71.8462
-71.8307
-71.8155
-71.8003
-71.7854
-71.7706
-71.756
-71.7416
-71.7273
-71.7132
-71.6992
-71.6854
-71.6718
-71.6583
-71.6568
-71.666
-71.6722
-71.6733
-71.6705
-71.6648
-71.6573
-71.6484
-71.6387
-71.6284
-71.6212
-71.6233
-71.6252
-71.6237
-71.6193
-71.6211
-71.6495
-71.6834
-71.7072
-71.7209
-71.727
-71.7343
-71.7442
-71.7498
-71.7508
-71.7492
-71.7584
-71.7772
-71.7917
-71.7991
-71.8007
-71.7982
-71.7997
-71.8053
-71.8078
-71.8062
-71.8057
-71.8177
-71.8324
-71.8411
-71.8437
-71.8418
-71.8367
-71.8339
-71.8377
-71.8395
-71.8375
-71.8384
-71.8532
-71.8679
-71.8759
-71.8779
-71.8754
-71.8699
-71.8624
-71.8622
-71.8649
-71.8645
-71.865
-71.8784
-71.8941
-71.9033
-71.9061
-71.9041
-71.8989
-71.8913
-71.8827
-71.8824
-71.8842
-71.884
-71.8932
-71.9104
-71.9228
-71.9282
-71.928
-71.9239
-71.9171
-71.9084
-71.8983
-71.8942
-71.8957
-71.8976
-71.9119
-71.9298
-71.9411
-71.9453
-71.9442
-71.9394
-71.9321
-71.923
-71.9127
-71.9026
-71.9017
-71.9042
-71.9187
-71.9383
-71.9511
-71.9565
-71.9563
-71.952
-71.9451
-71.9362
-71.926
-71.9148
-71.9032
-71.9002
-71.9091
-71.931
-71.9498
-71.9602
-71.9634
-71.9616
-71.9563
-71.9486
-71.9392
-71.9286
-71.927
-71.946
-71.9673
-71.9806
-71.986
-71.9856
-71.9812
-71.9741
-71.9651
-71.9547
-71.9434
-71.9333
-71.9459
-71.9699
-71.9872
-71.9957
-71.9975
-71.9946
-71.9884
-71.98
-71.97
-71.959
-71.9471
-71.9357
-71.9397
-71.9619
-71.9827
-71.9947
-72.0087
-72.0288
-72.0425
-72.0562
-72.087
-72.2107
-72.4364
-72.6688
-72.8635
-73.0076
-73.108
-73.18
-73.2427
-73.3522
-73.5463
-73.7908
-74.0326
-74.2088
-74.3109
-74.3626
-74.3858
-74.3946
-74.4037
-74.4381
-74.4944
-74.56
-74.6212
-74.6631
-74.684
-74.6898
-74.6868
-74.68
-74.6744
-74.6767
-74.6913
-74.7118
-74.7339
-74.7507
-74.7587
-74.7581
-74.7515
-74.7413
-74.7306
-74.7246
-74.727
-74.735
-74.7472
-74.7606
-74.769
-74.7696
-74.7637
-74.7537
-74.7419
-74.7309
-74.728
-74.7319
-74.7393
-74.7506
-74.7621
-74.7685
-74.7679
-74.7618
-74.7521
-74.7407
-74.7317
-74.7288
-74.7312
-74.7363
-74.7459
-74.7565
-74.7631
-74.7639
-74.7592
-74.7505
-74.7404
-74.7326
-74.7289
-74.7295
-74.7326
-74.7402
-74.7498
-74.7575
-74.7601
-74.7568
-74.749
-74.7399
-74.732
-74.7269
-74.7249
-74.7271
-74.7317
-74.74
-74.7473
-74.753
-74.7542
-74.7499
-74.7426
-74.7351
-74.7291
-74.725
-74.7235
-74.7245
-74.7275
-74.7334
-74.7392
-74.744
-74.7462
-74.7433
-74.738
-74.7333
-74.7289
-74.7252
-74.7223
-74.7213
-74.7226
-74.7261
-74.731
-74.7348
-74.7381
-74.7391
-74.7355
-74.7308
-74.7262
-74.7222
-74.7188
-74.7155
-74.7155
-74.7175
-74.7206
-74.7237
-74.7279
-74.7326
-74.7342
-74.7322
-74.7281
-74.7231
-74.7187
-74.7148
-74.7109
-74.7103
-74.7123
-74.7152
-74.7156
-74.7165
-74.7194
-74.723
-74.7245
-74.7229
-74.7189
-74.7146
-74.71
-74.7053
-74.7049
-74.7076
-74.7107
-74.7134
-74.7132
-74.7118
-74.7125
-74.7161
-74.7182
-74.7163
-74.7131
-74.7093
-74.7044
-74.6982
-74.6965
-74.6975
-74.7003
-74.7038
-74.7045
-74.7012
-74.7001
-74.7014
-74.7052
-74.707
-74.7067
-74.7055
-74.7023
-74.6989
-74.6943
-74.692
-74.6939
-74.6975
-74.7013
-74.7015
-74.6978
-74.6943
-74.6926
-74.6928
-74.6935
-74.6964
-74.6966
-74.6929
-74.6876
-74.6826
-74.681
-74.6801
-74.6817
-74.6855
-74.6895
-74.6906
-74.6884
-74.6843
-74.6821
-74.6818
-74.6826
-74.6872
-74.6902
-74.6884
-74.6844
-74.6784
-74.6753
-74.6761
-74.6767
-74.6765
-74.6788
-74.6839
-74.6848
-74.6806
-74.6749
-74.6689
-74.6648
-74.6652
-74.6675
-74.67
-74.67
-74.6676
-74.6635
-74.6606
-74.6595
-74.6603
-74.6611
-74.6618
-74.6664
-74.6713
-74.6728
-74.6707
-74.6665
-74.6604
-74.6583
-74.6595
-74.6595
-74.6585
-74.6571
-74.6572
-74.6562
-74.6528
-74.6514
-74.6503
-74.6495
-74.6508
-74.6531
-74.6589
-74.6612
-74.6592
-74.6542
-74.6474
-74.6417
-74.6387
-74.6382
-74.6367
-74.634
-74.6317
-74.6305
-74.6311
-74.6315
-74.6314
-74.6303
-74.6305
-74.6309
-74.632
-74.6335
-74.6395
-74.6466
-74.6485
-74.6453
-74.6409
-74.6365
-74.633
-74.6279
-74.6223
-74.6215
-74.6206
-74.6176
-74.615
-74.6115
-74.61
-74.6117
-74.6148
-74.6191
-74.6196
-74.6188
-74.6168
-74.615
-74.6196
-74.626
-74.6286
-74.6259
-74.6199
-74.6131
-74.6056
-74.6007
-74.5945
-74.5885
-74.5856
-74.585
-74.5824
-74.5805
-74.5782
-74.5755
-74.5763
-74.5798
-74.5866
-74.5961
-74.5977
-74.597
-74.5944
-74.5925
-74.5949
-74.602
-74.6074
-74.6075
-74.6047
-74.5984
-74.5907
-74.5823
-74.5747
-74.5686
-74.5644
-74.559
-74.556
-74.5569
-74.5553
-74.5522
-74.5513
-74.5526
-74.5519
-74.5557
-74.5651
-74.5719
-74.5745
-74.5763
-74.5738
-74.5679
-74.5653
-74.5636
-74.5649
-74.5659
-74.5672
-74.5666
-74.5647
-74.5598
-74.5501
-74.5348
-74.5223
-74.517
-74.513
-74.5089
-74.5065
-74.5044
-74.5055
-74.5073
-74.5056
-74.5056
-74.5081
-74.5121
-74.5155
-74.5229
-74.527
-74.5256
-74.5229
-74.5208
-74.5222
-74.5238
-74.5261
-74.5272
-74.5311
-74.5373
-74.5381
-74.5349
-74.5272
-74.521
-74.5138
-74.5031
-74.4914
-74.4799
-74.4732
-74.4705
-74.4662
-74.4601
-74.4584
-74.4559
-74.455
-74.461
-74.4709
-74.4745
-74.4719
-74.4671
-74.4604
-74.4616
-74.4659
-74.4656
-74.4608
-74.4586
-74.4605
-74.4642
-74.467
-74.4687
-74.4764
-74.4863
-74.4902
-74.4898
-74.4886
-74.4857
-74.4776
-74.4673
-74.4558
-74.4436
-74.4324
-74.4228
-74.4122
-74.4024
-74.3949
-74.3918
-74.3955
-74.4018
-74.4031
-74.3978
-74.394
-74.3899
-74.3856
-74.3818
-74.3802
-74.3777
-74.3777
-74.3811
-74.3813
-74.3797
-74.3808
-74.38
-74.3777
-74.3754
-74.3759
-74.3771
-74.3756
-74.3728
-74.3724
-74.3754
-74.3798
-74.3889
-74.3925
-74.3917
-74.3908
-74.3896
-74.388
-74.3876
-74.3888
-74.3861
-74.3773
-74.3669
-74.3542
-74.3418
-74.3329
-74.3238
-74.3161
-74.3117
-74.3098
-74.3066
-74.3006
-74.2957
-74.2952
-74.2999
-74.3031
-74.2983
-74.2904
-74.2849
-74.277
-74.2692
-74.2599
-74.2475
-74.2357
-74.2271
-74.2244
-74.2316
-74.2445
-74.2601
-74.2694
-74.2776
-74.2833
-74.2854
-74.2861
-74.2849
-74.2846
-74.282
-74.2753
-74.2642
-74.2517
-74.2469
-74.2459
-74.2451
-74.2474
-74.2506
-74.2501
-74.2514
-74.2477
-74.2398
-74.2354
-74.2298
-74.2274
-74.2357
-74.2427
-74.2486
-74.2485
-74.2435
-74.2407
-74.2382
-74.2325
-74.2229
-74.2131
-74.205
-74.2026
-74.2021
-74.1985
-74.1901
-74.1764
-74.1603
-74.1414
-74.1235
-74.1074
-74.0904
-74.0738
-74.0639
-74.0597
-74.0582
-74.0501
-74.0416
-74.0378
-74.0322
-74.0329
-74.0353
-74.0313
-74.0191
-74.0007
-73.9782
-73.9567
-73.9366
-73.9238
-73.9263
-73.9485
-73.9732
-73.9908
-73.9995
-74.0131
-74.0292
-74.0465
-74.0561
-74.061
-74.0653
-74.0658
-74.0651
-74.0653
-74.0622
-74.0518
-74.0361
-74.0252
-74.0192
-74.0104
-73.9994
-73.9864
-73.9836
-73.9924
-73.9988
-74.0124
-74.0263
-74.0359
-74.0363
-74.0351
-74.0379
-74.034
-74.0259
-74.0197
-74.012
-73.9985
-73.9842
-73.9799
-73.9839
-73.9828
-73.9769
-73.9735
-73.9677
-73.9552
-73.941
-73.9347
-73.9309
-73.9254
-73.9172
-73.9104
-73.9014
-73.8914
-73.8846
-73.878
-73.8765
-73.8822
-73.8966
-73.9098
-73.9152
-73.914
-73.9078
-73.9047
-73.902
-73.8975
-73.8874
-73.8711
-73.8522
-73.8377
-73.8243
-73.8068
-73.789
-73.7715
-73.7518
-73.7428
-73.7379
-73.7272
-73.7119
-73.6979
-73.6815
-73.6705
-73.6625
-73.6556
-73.6447
-73.6332
-73.6205
-73.6031
-73.5817
-73.5572
-73.5307
-73.5027
-73.4735
-73.4457
-73.4244
-73.4072
-73.4019
-73.4031
-73.3998
-73.396
-73.3893
-73.3767
-73.359
-73.338
-73.3218
-73.3071
-73.2891
-73.2679
-73.2442
-73.2187
-73.1945
-73.1778
-73.1608
-73.1411
-73.1271
-73.1193
-73.1153
-73.1068
-73.0929
-73.0859
-73.096
-73.1176
-73.1427
-73.1645
-73.1777
-73.1799
-73.1778
-73.1803
-73.1934
-73.2034
-73.2039
-73.1964
-73.1832
-73.166
-73.1512
-73.1527
-73.1687
-73.1837
-73.191
-73.1971
-73.1966
-73.189
-73.1839
-73.1783
-73.1683
-73.1622
-73.1552
-73.1433
-73.127
-73.1076
-73.0859
-73.0626
-73.048
-73.0482
-73.0461
-73.0376
-73.0237
-73.0059
-72.9856
-72.9634
-72.94
-72.9157
-72.8908
-72.8654
-72.8398
-72.814
-72.788
-72.762
-72.7361
-72.7101
-72.6903
-72.6913
-72.696
-72.6986
-72.7054
-72.7069
-72.7015
-72.6907
-72.6762
-72.6591
-72.6403
-72.6202
-72.5992
-72.5776
-72.5555
-72.5332
-72.5213
-72.5159
-72.5076
-72.4954
-72.4803
-72.463
-72.4443
-72.4247
-72.4045
-72.3838
-72.363
-72.3419
-72.3208
-72.2997
-72.2786
-72.2576
-72.2367
-72.2159
-72.1953
-72.1748
-72.1544
-72.1343
-72.1143
-72.0945
-72.0749
-72.0555
-72.0363
-72.0173
-71.9985
-71.9799
-71.9615
-71.9433
-71.9253
-71.9075
-71.8899
-71.8725
-71.8553
-71.8384
-71.8216
-71.805
-71.7886
-71.7723
-71.7563
-71.7405
-71.7248
-71.7094
-71.6941
-71.679
-71.6641
-71.6494
-71.6348
-71.6204
-71.6062
-71.5922
-71.5783
-71.5646
-71.5511
-71.5377
-71.5245
-71.5115
-71.4986
-71.4859
-71.4733
-71.4609
-71.4487
-71.4366
-71.4246
-71.4128
-71.4011
-71.3896
-71.3783
-71.367
-71.356
-71.345
-71.3342
-71.3236
-71.313
-71.3026
-71.2924
-71.2823
-71.2723
-71.2624
-71.2527
-71.2431
-71.2336
-71.2242
-71.215
-71.2058
-71.1968
-71.188
-71.1792
-71.1705
-71.162
-71.1536
-71.1452
-71.137
-71.1289
-71.1209
-71.113
-71.1052
-71.0975
-71.09
-71.0825
-71.0751
-71.0678
-71.0606
-71.0535
-71.0465
-71.0396
-71.0328
-71.0261
-71.0195
-71.0129
-71.0065
-71.0001
-70.9938
-70.9877
-70.9815
-70.9755
-70.9696
-70.9637
-70.958
-70.9523
-70.9466
-70.9411
-70.9356
-70.9302
-70.9249
-70.9197
-70.9145
-70.9094
-70.9044
-70.8995
-70.8946
-70.8898
-70.885
-70.8804
-70.8758
-70.8712
-70.8667
-70.8623
-70.858
-70.8537
-70.8495
-70.8453
-70.8412
-70.8372
-70.8332
-70.8293
-70.8254
-70.8216
-70.8178
-70.8141
-70.8105
-70.8069
-70.8034
-70.7999
-70.7965
-70.7931
-70.7898
-70.7865
-70.7833
-70.7801
-70.777
-70.7739
-70.7708
-70.7679
-70.7649
-70.762
-70.7592
-70.7564
-70.7536
-70.7509
-70.7482
-70.7456
-70.743
-70.7404
-70.7379
-70.7355
-70.733
-70.7306
-70.7283
-70.726
-70.7237
-70.7215
-70.7193
-70.7171
-70.715
-70.7129
-70.7108
-70.7088
-70.7068
-70.7048
-70.7029
-70.701
-70.6992
-70.6973
-70.6956
-70.6938
-70.6921
-70.6903
-70.6887
-70.687
-70.6854
-70.6838
-70.6823
-70.6807
-70.6792
-70.6778
-70.6763
-70.6749
-70.6735
-70.6721
-70.6708
-70.6694
-70.6682
-70.6669
-70.6656
-70.6644
-70.6632
-70.662
-70.6609
-70.6597
-70.6586
-70.6575
-70.6565
-70.6554
-70.6544
-70.6534
-70.6524
-70.6514
-70.6505
-70.6496
-70.6487
-70.6478
-70.6469
-70.6461
-70.6452
-70.6444
-70.6436
-70.6428
-70.6421
-70.6413
-70.6406
-70.6399
-70.6392
-70.6385
-70.6378
-70.6372
-70.6366
-70.6359
-70.6353
-70.6347
-70.6342
-70.6336
-70.6331
-70.6325
-70.632
-70.6315
-70.631
-70.6305
-70.6301
-70.6296
-70.6292
-70.6287
-70.6283
-70.6279
-70.6275
-70.6271
-70.6267
-70.6264
-70.626
-70.6257
-70.6253
-70.625
-70.6247
-70.6244
-70.6241
-70.6238
-70.6236
-70.6233
-70.6231
-70.6228
-70.6226
-70.6224
-70.6221
-70.6219
-70.6217
-70.6215
-70.6214
-70.6212
-70.621
-70.6209
-70.6207
-70.6206
-70.6204
-70.6203
-70.6202
-70.62
-70.6199
-70.6198
-70.6197
-70.6196
-70.6196
-70.6195
-70.6194
-70.6194
-70.6193
-70.6192
-70.6192
-70.6191
-70.6191
-70.6191
-70.6191
-70.619
-70.619
-70.619
-70.619
-70.619
-70.619
-70.619
-70.619
-70.619
-70.6191
-70.6191
-70.6191
-70.6192
-70.6192
-70.6192
-70.6193
-70.6193
-70.6194
-70.6194
-70.6195
-70.6196
-70.6196
-70.6197
-70.6198
-70.6199
-70.6199
-70.62
-70.6201
-70.6202
-70.6203
-70.6204
-70.6205
-70.6206
-70.6207
-70.6208
-70.6209
-70.621
-70.6211
-70.6213
-70.6214
-70.6215
-70.6216
-70.6217
-70.6219
-70.622
-70.6221
-70.6223
-70.6224
-70.6225
-70.6227
-70.6228
-70.623
-70.6231
-70.6232
-70.6234
-70.6235
-70.6237
-70.6238
-70.624
-70.6241
-70.6243
-70.6245
-70.6246
-70.6248
-70.6249
-70.6251
-70.6253
-70.6254
-70.6256
-70.6257
-70.6259
-70.6261
-70.6262
-70.6264
-70.6266
-70.6267
-70.6269
-70.6271
-70.6273
-70.6274
-70.6276
-70.6278
-70.6279
-70.6281
-70.6283
-70.6285
-70.6286
-70.6288
-70.629
-70.6292
-70.6293
-70.6295
-70.6297
-70.6299
-70.6301
-70.6302
-70.6304
-70.6306
-70.6308
-70.6309
-70.6311
-70.6313
-70.6315
-70.6317
-70.6318
-70.632
-70.6322
-70.6324
-70.6326
-70.6327
-70.6329
-70.6331
-70.6333
-70.6334
-70.6336
-70.6338
-70.634
-70.6342
-70.6343
-70.6345
-70.6347
-70.6349
-70.635
-70.6352
-70.6354
-70.6356
-70.6357
-70.6359
-70.6361
-70.6363
-70.6364
-70.6366
-70.6368
-70.6369
-70.6371
-70.6373
-70.6375
-70.6376
-70.6378
-70.638
-70.6381
-70.6383
-70.6385
-70.6386
-70.6388
-70.639
-70.6391
-70.6393
-70.6395
-70.6396
-70.6398
-70.64
-70.6401
-70.6403
-70.6404
-70.6406
-70.6408
-70.6409
-70.6411
-70.6412
-70.6414
-70.6416
-70.6417
-70.6419
-70.642
-70.6422
-70.6423
-70.6425
-70.6426
-70.6428
-70.6429
-70.6431
-70.6432
-70.6434
-70.6435
-70.6437
-70.6438
-70.644
-70.6441
-70.6443
-70.6444
-70.6446

