-70
-70.1661
-70.23
-70.2566
-70.2695
-70.2773
-70.283
-70.2879
-70.2925
-70.297
-70.3014
-70.3057
-70.31
-70.3142
-70.3185
-70.3226
-70.3268
-70.3309
-70.335
-70.3391
-70.3431
-70.3471
-70.351
-70.3549
-70.3588
-70.3626
-70.3664
-70.3701
-70.3738
-70.3775
-70.3811
-70.3847
-70.3883
-70.3918
-70.3953
-70.3987
-70.4021
-70.4055
-70.4088
-70.4121
-70.4154
-70.4186
-70.4218
-70.4249
-70.428
-70.4311
-70.4341
-70.4372
-70.4401
-70.4431
-70.446
-70.4489
-70.4517
-70.4545
-70.4573
-70.4601
-70.4628
-70.4655
-70.4682
-70.4708
-70.4734
-70.476
-70.4785
-70.481
-70.4835
-70.486
-70.4884
-70.4908
-70.4932
-70.4955
-70.4978
-70.5001
-70.5024
-70.5046
-70.5068
-70.509
-70.5112
-70.5133
-70.5154
-70.5175
-70.5196
-70.5216
-70.5236
-70.5256
-70.5276
-70.5295
-70.5315
-70.5334
-70.5352
-70.5371
-70.5389
-70.5407
-70.5425
-70.5443
-70.5461
-70.5478
-70.5495
-70.5512
-70.5528
-70.5545
-70.5561
-70.5577
-70.5593
-70.5609
-70.5624
-70.5639
-70.5655
-70.5669
-70.5684
-70.5699
-70.5713
-70.5727
-70.5741
-70.5755
-70.5769
-70.5782
-70.5796
-70.5809
-70.5822
-70.5835
-70.5848
-70.586
-70.5873
-70.5885
-70.5897
-70.5909
-70.5921
-70.5932
-70.5944
-70.5955
-70.5966
-70.5977
-70.5988
-70.5999
-70.601
-70.602
-70.603
-70.6041
-70.6051
-70.6061
-70.6071
-70.608
-70.609
-70.6099
-70.6109
-70.6118
-70.6127
-70.6136
-70.6145
-70.6154
-70.6162
-70.6171
-70.6179
-70.6187
-70.6196
-70.6204
-70.6212
-70.622
-70.6227
-70.6235
-70.6242
-70.625
-70.6257
-70.6265
-70.6272
-70.6279
-70.6286
-70.6293
-70.6299
-70.6306
-70.6313
-70.6319
-70.6325
-70.6332
-70.6338
-70.6344
-70.635
-70.6356
-70.6362
-70.6368
-70.6374
-70.6379
-70.6385
-70.639
-70.6396
-70.6401
-70.6406
-70.6411
-70.6417
-70.6422
-70.6427
-70.6431
-70.6436
-70.6441
-70.6446
-70.645
-70.6455
-70.6459
-70.6464
-70.6468
-70.6472
-70.6476
-70.6481
-70.6485
-70.6489
-70.6493
-70.6497
-70.65
-70.6504
-70.6508
-70.6512
-70.6515
-70.6519
-70.6522
-70.6526
-70.6529
-70.6533
-70.6536
-70.6539
-70.6542
-70.6545
-70.6549
-70.6552
-70.6555
-70.6558
-70.656
-70.6563
-70.6566
-70.6569
-70.6572
-70.6574
-70.6577
-70.658
-70.6582
-70.6585
-70.6587
-70.6589
-70.6592
-70.6594
-70.6597
-70.6599
-70.6601
-70.6603
-70.6605
-70.6607
-70.661
-70.6612
-70.6614
-70.6616
-70.6617
-70.6619
-70.6621
-70.6623
-70.6625
-70.6627
-70.6628
-70.663
-70.6632
-70.6633
-70.6635
-70.6637
-70.6638
-70.664
-70.6641
-70.6643
-70.6644
-70.6646
-70.6647
-70.6648
-70.665
-70.6651
-70.6652
-70.6653
-70.6655
-70.6656
-70.6657
-70.6658
-70.6659
-70.666
-70.6662
-70.6663
-70.6664
-70.6665
-70.6666
-70.6667
-70.6668
-70.6669
-70.667
-70.667
-70.6671
-70.6672
-70.6673
-70.6674
-70.6675
-70.6675
-70.6676
-70.6677
-70.6678
-70.6678
-70.6679
-70.668
-70.668
-70.6681
-70.6682
-70.6682
-70.6683
-70.6683
-70.6684
-70.6685
-70.6685
-70.6686
-70.6686
-70.6687
-70.6687
-70.6688
-70.6688
-70.6688
-70.6689
-70.6689
-70.669
-70.669
-70.669
-70.6691
-70.6691
-70.6691
-70.6692
-70.6692
-70.6692
-70.6693
-70.6693
-70.6693
-70.6694
-70.6694
-70.6694
-70.6694
-70.6694
-70.6695
-70.6695
-70.6695
-70.6695
-70.6695
-70.6696
-70.6696
-70.6696
-70.6696
-70.6696
-70.6696
-70.6696
-70.6697
-70.6697
-70.6697
-70.6697
-70.6697
-70.6697
-70.6697
-70.6697
-70.6697
-70.6697
-70.6697
-70.6697
-70.6697
-70.6697
-70.6697
-70.6697
-70.6697
-70.6697
-70.6697
-70.6697
-70.6697
-70.6697
-70.6697
-70.6697
-70.6697
-70.6697
-70.6697
-70.6697
-70.6697
-70.6697
-70.6697
-70.6697
-70.6697
-70.6697
-70.6697
-70.6696
-70.6696
-70.6696
-70.6696
-70.6696
-70.6696
-70.6696
-70.6696
-70.6696
-70.6695
-70.6695
-70.6695
-70.6695
-70.6695
-70.6695
-70.6695
-70.6695
-70.6694
-70.6694
-70.6694
-70.6694
-70.6694
-70.6694
-70.6693
-70.6693
-70.6693
-70.6693
-70.6693
-70.6693
-70.6693
-70.6692
-70.6692
-70.6692
-70.6692
-70.6692
-70.6691
-70.6691
-70.6691
-70.6691
-70.6691
-70.6691
-70.669
-70.669
-70.669
-70.669
-70.669
-70.6689
-70.6689
-70.6689
-70.6689
-70.6689
-70.6688
-70.6688
-70.6688
-70.6688
-70.6688
-70.6687
-70.6687
-70.6687
-70.6687
-70.6686
-70.6686
-70.6686
-70.6686
-70.6686
-70.6685
-70.6685
-70.6685
-70.6685
-70.6685
-70.6684
-70.6684
-70.6684
-70.6684
-70.6684
-70.6683
-70.6683
-70.6683
-70.6683
-70.6682
-70.6682
-70.6682
-70.6682
-70.6682
-70.6681
-70.6681
-70.6681
-70.6681
-70.6681
-70.6699
-70.8296
-71.4806
-72.4338
-61.614
-53.2361
-50.7705
-49.0628
-46.6727
-35.7625
-8.21774
-36.3891
-67.0492
-68.647
-67.6621
-66.6105
-65.5418
-64.4745
-63.4263
-62.4136
-61.4516
-60.5543
-59.684
-58.6648
-57.8653
-57.1959
-56.6181
-56.1191
-55.6898
-55.289
-54.9443
-54.6627
-54.433
-54.2464
-54.0953
-53.9599
-53.8395
-53.7467
-53.676
-53.6224
-53.5821
-53.5523
-53.5207
-53.488
-53.4659
-53.4523
-53.4443
-53.4404
-53.4394
-53.4405
-53.4369
-53.4228
-53.4149
-53.4123
-53.413
-53.4157
-53.4197
-53.4245
-53.4299
-53.4358
-53.4422
-53.4291
-53.4173
-53.4128
-53.4127
-53.4148
-53.4182
-53.4223
-53.4269
-53.4318
-53.4369
-53.4423
-53.4478
-53.4535
-53.4594
-53.464
-53.436
-53.418
-53.4108
-53.4087
-53.4087
-53.4093
-53.4099
-53.4097
-53.4083
-53.4048
-53.3977
-53.3836
-53.3515
-53.2215
-52.3855
-52.1619
-52.3316
-52.5471
-52.7217
-52.8458
-52.9292
-52.9856
-53.0268
-53.2731
-53.4033
-53.4402
-53.4466
-53.445
-53.4434
-53.4448
-53.45
-53.459
-53.4713
-53.4866
-53.5047
-53.5257
-53.5504
-53.5783
-53.6091
-53.6428
-53.6798
-53.7206
-53.7657
-53.8154
-53.8701
-53.9301
-53.9959
-54.0678
-54.1463
-54.2319
-54.3244
-54.4246
-54.5329
-54.65
-54.7763
-54.3419
-53.5727
-53.3697
-53.3366
-53.3525
-53.3815
-53.4128
-53.4433
-53.4725
-53.5005
-53.5276
-53.5544
-53.5812
-53.6085
-53.6366
-53.6658
-53.6966
-53.7294
-53.7645
-53.8021
-53.8427
-53.8864
-53.9334
-53.9839
-54.0384
-54.0971
-54.1603
-54.2284
-54.3015
-54.3799
-54.4643
-54.555
-54.6524
-54.7568
-54.8686
-54.9885
-55.1168
-55.254
-55.4
-54.3901
-53.4204
-53.2063
-53.1913
-53.2277
-53.2736
-53.3174
-53.3566
-53.3913
-53.4223
-53.4504
-53.4772
-53.5041
-53.53
-53.5555
-53.5811
-53.6068
-53.633
-53.6601
-53.6886
-53.7188
-53.7515
-53.79
-53.8318
-53.8756
-53.9241
-53.9759
-54.0307
-54.0889
-54.1511
-54.2177
-54.2889
-54.3697
-54.4628
-54.5602
-54.6623
-54.7754
-54.895
-55.0195
-55.1499
-55.2871
-55.4313
-55.5825
-55.7566
-55.9517
-56.1491
-54.3869
-53.2793
-53.063
-53.0669
-53.1233
-53.1859
-53.2427
-53.2918
-53.3346
-53.3724
-53.4054
-53.4347
-53.4617
-53.4875
-53.5119
-53.5354
-53.5588
-53.5823
-53.6064
-53.6321
-53.6626
-53.6947
-53.7279
-53.7626
-53.8019
-53.8448
-53.8901
-53.938
-53.9892
-54.0442
-54.1032
-54.1718
-54.2533
-54.3382
-54.4254
-54.5166
-54.6187
-54.7308
-54.8472
-54.9686
-55.0961
-55.2306
-55.3723
-55.5325
-55.7219
-55.9155
-56.1084
-56.3035
-56.5066
-56.7323
-56.9628
-57.1925
-55.3644
-53.3158
-52.907
-52.8872
-52.9626
-53.0526
-53.135
-53.2052
-53.2642
-53.3139
-53.3563
-53.3931
-53.4265
-53.4573
-53.4867
-53.5145
-53.5412
-53.5675
-53.5952
-53.6242
-53.654
-53.6849
-53.7176
-53.7536
-53.7941
-53.8378
-53.8893
-53.9487
-54.0099
-54.0732
-54.1426
-54.2191
-54.2993
-54.3835
-54.4729
-54.5712
-54.6935
-54.8804
-55.1468
-55.44
-55.7082
-55.9727
-56.2279
-56.4782
-56.7356
-57.0829
-57.6257
-58.356
-59.1309
-59.7765
-60.3126
-60.7987
-61.26
-61.7096
-62.1806
-62.7149
-63.3311
-64.0076
-64.6885
-65.2847
-65.8089
-66.2928
-66.7525
-67.1954
-67.6389
-68.0871
-68.547
-69.0143
-69.4771
-69.8985
-70.2664
-70.596
-70.8976
-71.1763
-71.4387
-71.6907
-71.9402
-72.1883
-72.4332
-72.6629
-72.861
-73.0303
-73.1789
-73.3115
-73.4316
-73.5426
-73.6494
-73.7546
-73.8594
-73.9625
-74.0558
-74.133
-74.1969
-74.2514
-74.2984
-74.34
-74.3785
-74.4161
-74.4544
-74.4948
-74.5346
-74.5706
-74.5989
-74.62
-74.6366
-74.6502
-74.6616
-74.6721
-74.6826
-74.6949
-74.7105
-74.7263
-74.7413
-74.7528
-74.7593
-74.7627
-74.7652
-74.766
-74.7661
-74.7667
-74.7683
-74.7733
-74.7807
-74.7877
-74.7944
-74.7981
-74.7981
-74.7971
-74.7954
-74.7924
-74.7892
-74.7867
-74.7858
-74.7889
-74.7934
-74.7975
-74.8006
-74.8022
-74.8008
-74.7981
-74.7945
-74.7908
-74.7867
-74.7838
-74.7823
-74.7847
-74.7889
-74.7919
-74.7927
-74.7932
-74.7933
-74.7911
-74.7869
-74.7829
-74.7792
-74.7761
-74.7738
-74.7738
-74.7769
-74.7794
-74.7809
-74.7799
-74.7792
-74.7801
-74.7787
-74.7745
-74.7707
-74.7679
-74.7653
-74.7631
-74.7634
-74.7665
-74.7683
-74.7693
-74.7682
-74.7659
-74.7665
-74.7671
-74.7639
-74.7587
-74.7544
-74.7521
-74.7498
-74.749
-74.7513
-74.754
-74.7555
-74.7571
-74.7571
-74.7551
-74.7539
-74.7534
-74.7505
-74.7459
-74.7416
-74.7389
-74.7371
-74.7369
-74.7386
-74.7418
-74.7441
-74.7454
-74.7463
-74.7438
-74.7391
-74.7359
-74.734
-74.7322
-74.7293
-74.7251
-74.723
-74.722
-74.7244
-74.7281
-74.7307
-74.7328
-74.735
-74.7363
-74.7333
-74.7268
-74.7197
-74.7161
-74.7162
-74.716
-74.7134
-74.7104
-74.7096
-74.7096
-74.7119
-74.7139
-74.7159
-74.7185
-74.7217
-74.7221
-74.718
-74.7095
-74.7
-74.6953
-74.6973
-74.6992
-74.7006
-74.7
-74.6974
-74.6974
-74.6989
-74.7002
-74.7017
-74.7047
-74.7067
-74.7079
-74.7069
-74.701
-74.691
-74.6812
-74.678
-74.6783
-74.6787
-74.6814
-74.6828
-74.6825
-74.6817
-74.682
-74.6839
-74.6846
-74.6866
-74.6892
-74.6895
-74.6888
-74.6862
-74.6803
-74.6717
-74.6665
-74.6636
-74.6602
-74.6584
-74.6613
-74.6644
-74.6682
-74.6698
-74.6697
-74.6691
-74.6696
-74.6709
-74.6724
-74.6728
-74.6711
-74.6668
-74.6613
-74.657
-74.6515
-74.6474
-74.6424
-74.6365
-74.6337
-74.6341
-74.6363
-74.6422
-74.6496
-74.6521
-74.6525
-74.6511
-74.6507
-74.6522
-74.6541
-74.654
-74.6504
-74.6451
-74.6394
-74.6358
-74.6337
-74.6307
-74.6251
-74.6173
-74.6125
-74.61
-74.6099
-74.6109
-74.62
-74.6288
-74.6312
-74.6343
-74.6346
-74.6332
-74.631
-74.6284
-74.6267
-74.6245
-74.6213
-74.617
-74.6121
-74.6095
-74.6086
-74.6065
-74.5999
-74.5905
-74.5834
-74.5798
-74.5772
-74.5762
-74.5822
-74.5906
-74.5971
-74.6036
-74.6112
-74.6138
-74.6111
-74.6078
-74.604
-74.5998
-74.5963
-74.5929
-74.5892
-74.5873
-74.5863
-74.5851
-74.5848
-74.5821
-74.5752
-74.567
-74.5575
-74.5496
-74.5469
-74.5445
-74.5438
-74.5474
-74.5543
-74.5595
-74.5682
-74.5761
-74.5796
-74.5764
-74.5704
-74.5639
-74.5611
-74.5591
-74.5561
-74.5534
-74.555
-74.5572
-74.559
-74.5573
-74.5549
-74.5505
-74.5442
-74.5374
-74.5298
-74.5203
-74.509
-74.4999
-74.4953
-74.497
-74.5008
-74.5077
-74.5134
-74.5201
-74.525
-74.5298
-74.5327
-74.5305
-74.5254
-74.5205
-74.514
-74.5088
-74.5083
-74.5111
-74.5158
-74.5183
-74.5212
-74.5228
-74.523
-74.5205
-74.514
-74.5083
-74.5028
-74.4979
-74.4921
-74.4816
-74.4677
-74.4558
-74.4452
-74.4377
-74.4381
-74.4453
-74.4619
-74.4725
-74.4741
-74.4691
-74.4612
-74.4581
-74.456
-74.454
-74.4495
-74.4455
-74.4378
-74.429
-74.4271
-74.4329
-74.441
-74.4516
-74.4623
-74.4662
-74.471
-74.4753
-74.4738
-74.471
-74.4689
-74.4654
-74.4589
-74.4488
-74.437
-74.4247
-74.4109
-74.3948
-74.3804
-74.3698
-74.3625
-74.3654
-74.3774
-74.3893
-74.3953
-74.3986
-74.3992
-74.3948
-74.3857
-74.3782
-74.3714
-74.3641
-74.3577
-74.3538
-74.351
-74.3505
-74.3493
-74.3432
-74.3378
-74.3403
-74.348
-74.3584
-74.365
-74.3722
-74.3817
-74.389
-74.3918
-74.3949
-74.399
-74.4
-74.3984
-74.3985
-74.3941
-74.3838
-74.3702
-74.3561
-74.34
-74.3222
-74.3016
-74.2824
-74.2709
-74.2662
-74.2669
-74.2687
-74.2783
-74.2873
-74.2908
-74.2921
-74.2919
-74.2914
-74.285
-74.2765
-74.2689
-74.2632
-74.2544
-74.243
-74.2342
-74.2271
-74.2204
-74.2091
-74.1948
-74.1847
-74.1877
-74.1973
-74.2053
-74.2111
-74.2126
-74.2129
-74.217
-74.2262
-74.2363
-74.2433
-74.2426
-74.2394
-74.2388
-74.2433
-74.2483
-74.2471
-74.2401
-74.2426
-74.2524
-74.2599
-74.2607
-74.2535
-74.2428
-74.2312
-74.2182
-74.2072
-74.1984
-74.1881
-74.1774
-74.1636
-74.1558
-74.1492
-74.1417
-74.131
-74.1264
-74.1257
-74.1289
-74.1355
-74.1413
-74.1416
-74.141
-74.1396
-74.1316
-74.1177
-74.1075
-74.1009
-74.0977
-74.0995
-74.0966
-74.0857
-74.069
-74.0516
-74.0351
-74.0175
-74.0115
-74.0135
-74.0108
-74.0036
-73.996
-73.9838
-73.9737
-73.9615
-73.9494
-73.9457
-73.9452
-73.9447
-73.9452
-73.9439
-73.9401
-73.9336
-73.9317
-73.9328
-73.9327
-73.9384
-73.9545
-73.9819
-74.003
-74.0135
-74.0159
-74.013
-74.0071
-73.9995
-73.9939
-73.9888
-73.9846
-73.984
-73.9959
-74.0061
-74.0064
-74.0012
-73.9918
-73.9834
-73.9773
-73.9705
-73.9624
-73.9548
-73.9475
-73.9362
-73.9225
-73.9198
-73.9203
-73.9263
-73.9376
-73.9457
-73.9439
-73.9341
-73.9224
-73.9085
-73.8944
-73.8765
-73.858
-73.8453
-73.8303
-73.8138
-73.7972
-73.7815
-73.7767
-73.7733
-73.7786
-73.7809
-73.7833
-73.79
-73.8027
-73.8194
-73.831
-73.8357
-73.8394
-73.8414
-73.844
-73.8486
-73.8477
-73.8386
-73.8229
-73.8027
-73.7792
-73.7572
-73.7438
-73.7353
-73.7243
-73.7147
-73.7087
-73.7042
-73.7029
-73.7023
-73.6949
-73.6805
-73.6611
-73.6382
-73.6127
-73.5855
-73.5596
-73.5414
-73.5287
-73.513
-73.4944
-73.4865
-73.4814
-73.4844
-73.4845
-73.4811
-73.4837
-73.4874
-73.4946
-73.496
-73.4889
-73.4752
-73.4568
-73.4395
-73.4252
-73.4082
-73.3878
-73.3661
-73.3508
-73.3426
-73.3333
-73.319
-73.3002
-73.2783
-73.2542
-73.2286
-73.2091
-73.1933
-73.1754
-73.1628
-73.1549
-73.1515
-73.1438
-73.137
-73.1313
-73.1275
-73.1298
-73.1333
-73.1369
-73.1497
-73.1564
-73.1539
-73.1442
-73.1312
-73.1239
-73.1151
-73.1017
-73.0845
-73.0644
-73.0424
-73.0272
-73.0161
-73.0021
-72.9845
-72.9642
-72.9421
-72.9186
-72.8942
-72.8693
-72.8439
-72.8182
-72.7924
-72.7665
-72.7405
-72.7146
-72.6888
-72.6631
-72.6375
-72.612
-72.5868
-72.5617
-72.5368
-72.5121
-72.4912
-72.4831
-72.4757
-72.4647
-72.4502
-72.4334
-72.415
-72.3955
-72.3753
-72.3548
-72.3339
-72.3129
-72.2918
-72.2707
-72.2497
-72.2288
-72.208
-72.1873
-72.1667
-72.1463
-72.1261
-72.1061
-72.0863
-72.0666
-72.0472
-72.0279
-72.0089
-71.99
-71.9714
-71.953
-71.9347
-71.9167
-71.8989
-71.8813
-71.8639
-71.8466
-71.8296
-71.8128
-71.7962
-71.7798
-71.7635
-71.7475
-71.7317
-71.716
-71.7005
-71.6852
-71.6701
-71.6552
-71.6405
-71.6259
-71.6115
-71.5973
-71.5833
-71.5694
-71.5557
-71.5422
-71.5289
-71.5157
-71.5026
-71.4898
-71.477
-71.4645
-71.4521
-71.4398
-71.4278
-71.4158
-71.404
-71.3924
-71.3809
-71.3695
-71.3583
-71.3473
-71.3363
-71.3256
-71.3149
-71.3044
-71.294
-71.2838
-71.2737
-71.2637
-71.2539
-71.2442
-71.2346
-71.2251
-71.2158
-71.2066
-71.1975
-71.1885
-71.1796
-71.1709
-71.1623
-71.1537
-71.1453
-71.137
-71.1289
-71.1208
-71.1128
-71.1049
-71.0972
-71.0895
-71.082
-71.0745
-71.0672
-71.0599
-71.0528
-71.0457
-71.0387
-71.0319
-71.0251
-71.0184
-71.0118
-71.0053
-70.9989
-70.9925
-70.9863
-70.9801
-70.9741
-70.9681
-70.9622
-70.9564
-70.9506
-70.9449
-70.9394
-70.9339
-70.9284
-70.9231
-70.9178
-70.9126
-70.9075
-70.9024
-70.8974
-70.8925
-70.8877
-70.8829
-70.8782
-70.8735
-70.869
-70.8645
-70.86
-70.8556
-70.8513
-70.8471
-70.8429
-70.8388
-70.8347
-70.8307
-70.8267
-70.8229
-70.819
-70.8153
-70.8115
-70.8079
-70.8043
-70.8007
-70.7972
-70.7938
-70.7904
-70.787
-70.7837
-70.7805
-70.7773
-70.7742
-70.7711
-70.768
-70.765
-70.7621
-70.7592
-70.7563
-70.7535
-70.7507
-70.748
-70.7453
-70.7427
-70.7401
-70.7375
-70.735
-70.7325
-70.7301
-70.7277
-70.7253
-70.723
-70.7208
-70.7185
-70.7163
-70.7141
-70.712
-70.7099
-70.7079
-70.7058
-70.7038
-70.7019
-70.7
-70.6981
-70.6962
-70.6944
-70.6926
-70.6908
-70.6891
-70.6874
-70.6857
-70.6841
-70.6825
-70.6809
-70.6793
-70.6778
-70.6763
-70.6748
-70.6734
-70.6719
-70.6706
-70.6692
-70.6678
-70.6665
-70.6652
-70.664
-70.6627
-70.6615
-70.6603
-70.6591
-70.658
-70.6569
-70.6558
-70.6547
-70.6536
-70.6526
-70.6516
-70.6506
-70.6496
-70.6486
-70.6477
-70.6468
-70.6459
-70.645
-70.6441
-70.6433
-70.6425
-70.6417
-70.6409
-70.6401
-70.6393
-70.6386
-70.6379
-70.6372
-70.6365
-70.6358
-70.6352
-70.6345
-70.6339
-70.6333
-70.6327
-70.6321
-70.6316
-70.631
-70.6305
-70.6299
-70.6294
-70.6289
-70.6285
-70.628
-70.6275
-70.6271
-70.6267
-70.6262
-70.6258
-70.6254
-70.625
-70.6247
-70.6243
-70.624
-70.6236
-70.6233
-70.623
-70.6227
-70.6224
-70.6221
-70.6218
-70.6215
-70.6213
-70.621
-70.6208
-70.6205
-70.6203
-70.6201
-70.6199
-70.6197
-70.6195
-70.6193
-70.6192
-70.619
-70.6188
-70.6187
-70.6185
-70.6184
-70.6183
-70.6182
-70.6181
-70.6179
-70.6178
-70.6178
-70.6177
-70.6176
-70.6175
-70.6175
-70.6174
-70.6173
-70.6173
-70.6173
-70.6172
-70.6172
-70.6172
-70.6171
-70.6171
-70.6171
-70.6171
-70.6171
-70.6171
-70.6171
-70.6171
-70.6172
-70.6172
-70.6172
-70.6173
-70.6173
-70.6173
-70.6174
-70.6174
-70.6175
-70.6175
-70.6176
-70.6177
-70.6177
-70.6178
-70.6179
-70.618
-70.618
-70.6181
-70.6182
-70.6183
-70.6184
-70.6185
-70.6186
-70.6187
-70.6188
-70.6189
-70.619
-70.6192
-70.6193
-70.6194
-70.6195
-70.6196
-70.6198
-70.6199
-70.62
-70.6202
-70.6203
-70.6204
-70.6206
-70.6207
-70.6208
-70.621
-70.6211
-70.6213
-70.6214
-70.6216
-70.6217
-70.6219
-70.6221
-70.6222
-70.6224
-70.6225
-70.6227
-70.6229
-70.623
-70.6232
-70.6233
-70.6235
-70.6237
-70.6239
-70.624
-70.6242
-70.6244
-70.6245
-70.6247
-70.6249
-70.6251
-70.6252
-70.6254
-70.6256
-70.6258
-70.626
-70.6261
-70.6263
-70.6265
-70.6267
-70.6269
-70.627
-70.6272
-70.6274
-70.6276
-70.6278
-70.628
-70.6281
-70.6283
-70.6285
-70.6287
-70.6289
-70.6291
-70.6292
-70.6294
-70.6296
-70.6298
-70.63
-70.6302
-70.6304
-70.6305
-70.6307
-70.6309
-70.6311
-70.6313
-70.6315
-70.6317
-70.6318
-70.632
-70.6322
-70.6324
-70.6326
-70.6328
-70.633
-70.6331
-70.6333
-70.6335
-70.6337
-70.6339
-70.6341
-70.6342
-70.6344
-70.6346
-70.6348
-70.635
-70.6351
-70.6353
-70.6355
-70.6357
-70.6359
-70.636
-70.6362
-70.6364
-70.6366
-70.6368
-70.6369
-70.6371
-70.6373
-70.6375
-70.6376
-70.6378
-70.638
-70.6381
-70.6383
-70.6385
-70.6387
-70.6388
-70.639
-70.6392
-70.6393
-70.6395
-70.6397
-70.6398
-70.64
-70.6402
-70.6403
-70.6405
-70.6407
-70.6408
-70.641
-70.6411
-70.6413
-70.6415
-70.6416
-70.6418
-70.6419
-70.6421
-70.6423
-70.6424
-70.6426
-70.6427
-70.6429
-70.643
-70.6432
-70.6433
-70.6435
-70.6436
-70.6438
-70.6439
-70.6441
-70.6442
-70.6444
-70.6445
-70.6447
-70.6448
-70.645
-70.6451
-70.6452
-70.6454
-70.6455
-70.6457
-70.6458
-70.646
-70.6461
-70.6462
-70.6464
-70.6465
-70.6466
-70.6468
-70.6469
-70.647
-70.6472

