-70
-70.1661
-70.23
-70.2566
-70.2695
-70.2773
-70.283
-70.2879
-70.2925
-70.297
-70.3014
-70.3057
-70.31
-70.3142
-70.3185
-70.3226
-70.3268
-70.3309
-70.335
-70.3391
-70.3431
-70.3471
-70.351
-70.3549
-70.3588
-70.3626
-70.3664
-70.3701
-70.3738
-70.3775
-70.3811
-70.3847
-70.3883
-70.3918
-70.3953
-70.3987
-70.4021
-70.4055
-70.4088
-70.4121
-70.4154
-70.4186
-70.4218
-70.4249
-70.428
-70.4311
-70.4341
-70.4372
-70.4401
-70.4431
-70.446
-70.4489
-70.4517
-70.4545
-70.4573
-70.4601
-70.4628
-70.4655
-70.4682
-70.4708
-70.4734
-70.476
-70.4785
-70.481
-70.4835
-70.486
-70.4884
-70.4908
-70.4932
-70.4955
-70.4978
-70.5001
-70.5024
-70.5046
-70.5068
-70.509
-70.5112
-70.5133
-70.5154
-70.5175
-70.5196
-70.5216
-70.5236
-70.5256
-70.5276
-70.5295
-70.5315
-70.5334
-70.5352
-70.5371
-70.5389
-70.5407
-70.5425
-70.5443
-70.5461
-70.5478
-70.5495
-70.5512
-70.5528
-70.5545
-70.5561
-70.5577
-70.5593
-70.5609
-70.5624
-70.5639
-70.5655
-70.5669
-70.5684
-70.5699
-70.5713
-70.5727
-70.5741
-70.5755
-70.5769
-70.5782
-70.5796
-70.5809
-70.5822
-70.5835
-70.5848
-70.586
-70.5873
-70.5885
-70.5897
-70.5909
-70.5921
-70.5932
-70.5944
-70.5955
-70.5966
-70.5977
-70.5988
-70.5999
-70.601
-70.602
-70.603
-70.6041
-70.6051
-70.6061
-70.6071
-70.608
-70.609
-70.6099
-70.6109
-70.6118
-70.6127
-70.6136
-70.6145
-70.6154
-70.6162
-70.6171
-70.6179
-70.6187
-70.6196
-70.6204
-70.6212
-70.622
-70.6227
-70.6235
-70.6242
-70.625
-70.6257
-70.6265
-70.6272
-70.6279
-70.6286
-70.6293
-70.6299
-70.6306
-70.6313
-70.6319
-70.6325
-70.6332
-70.6338
-70.6344
-70.635
-70.6356
-70.6362
-70.6368
-70.6374
-70.6379
-70.6385
-70.639
-70.6396
-70.6401
-70.6406
-70.6411
-70.6417
-70.6422
-70.6427
-70.6431
-70.6436
-70.6441
-70.6446
-70.645
-70.6455
-70.6459
-70.6464
-70.6468
-70.6472
-70.6476
-70.6481
-70.6485
-70.6489
-70.6493
-70.6497
-70.65
-70.6504
-70.6508
-70.6512
-70.6515
-70.6519
-70.6522
-70.6526
-70.6529
-70.6533
-70.6536
-70.6539
-70.6542
-70.6545
-70.6549
-70.6552
-70.6555
-70.6558
-70.656
-70.6563
-70.6566
-70.6569
-70.6572
-70.6574
-70.6577
-70.658
-70.6582
-70.6585
-70.6587
-70.6589
-70.6592
-70.6594
-70.6597
-70.6599
-70.6601
-70.6603
-70.6605
-70.6607
-70.661
-70.6612
-70.6614
-70.6616
-70.6617
-70.6619
-70.6621
-70.6623
-70.6625
-70.6627
-70.6628
-70.663
-70.6632
-70.6633
-70.6635
-70.6637
-70.6638
-70.664
-70.6641
-70.6643
-70.6644
-70.6646
-70.6647
-70.6648
-70.665
-70.6651
-70.6652
-70.6653
-70.6655
-70.6656
-70.6657
-70.6658
-70.6659
-70.666
-70.6662
-70.6663
-70.6664
-70.6665
-70.6666
-70.6667
-70.6668
-70.6669
-70.667
-70.667
-70.6671
-70.6672
-70.6673
-70.6674
-70.6675
-70.6675
-70.6676
-70.6677
-70.6678
-70.6678
-70.6679
-70.668
-70.668
-70.6681
-70.6682
-70.6682
-70.6683
-70.6683
-70.6684
-70.6685
-70.6685
-70.6686
-70.6686
-70.6687
-70.6687
-70.6688
-70.6688
-70.6688
-70.6689
-70.6689
-70.669
-70.669
-70.669
-70.6691
-70.6691
-70.6691
-70.6692
-70.6692
-70.6692
-70.6693
-70.6693
-70.6693
-70.6694
-70.6694
-70.6694
-70.6694
-70.6694
-70.6695
-70.6695
-70.6695
-70.6695
-70.6695
-70.6696
-70.6696
-70.6696
-70.6696
-70.6696
-70.6696
-70.6696
-70.6697
-70.6697
-70.6697
-70.6697
-70.6697
-70.6697
-70.6697
-70.6697
-70.6697
-70.6697
-70.6697
-70.6697
-70.6697
-70.6697
-70.6697
-70.6697
-70.6697
-70.6697
-70.6697
-70.6697
-70.6697
-70.6697
-70.6697
-70.6697
-70.6697
-70.6697
-70.6697
-70.6697
-70.6697
-70.6697
-70.6697
-70.6697
-70.6697
-70.6697
-70.6697
-70.6696
-70.6696
-70.6696
-70.6696
-70.6696
-70.6696
-70.6696
-70.6696
-70.6696
-70.6695
-70.6695
-70.6695
-70.6695
-70.6695
-70.6695
-70.6695
-70.6695
-70.6694
-70.6694
-70.6694
-70.6694
-70.6694
-70.6694
-70.6693
-70.6693
-70.6693
-70.6693
-70.6693
-70.6693
-70.6693
-70.6692
-70.6692
-70.6692
-70.6692
-70.6692
-70.6691
-70.6691
-70.6691
-70.6691
-70.6691
-70.6691
-70.669
-70.669
-70.669
-70.669
-70.669
-70.6689
-70.6689
-70.6689
-70.6689
-70.6689
-70.6688
-70.6688
-70.6688
-70.6688
-70.6688
-70.6687
-70.6687
-70.6687
-70.6687
-70.6686
-70.6686
-70.6686
-70.6686
-70.6686
-70.6685
-70.6685
-70.6685
-70.6685
-70.6685
-70.6684
-70.6684
-70.6684
-70.6684
-70.6684
-70.6683
-70.6683
-70.6683
-70.6683
-70.6682
-70.6682
-70.6682
-70.6682
-70.6682
-70.6681
-70.6681
-70.6681
-70.6681
-70.6681
-70.6688
-70.8103
-71.5069
-72.521
-73.3538
-59.0568
-52.6087
-50.424
-48.646
-45.5402
-17.867
-18.6044
-44.9951
-68.626
-68.3792
-67.347
-66.2733
-65.1852
-64.1008
-63.0375
-62.0117
-61.0382
-60.1292
-59.2416
-58.4146
-57.6901
-57.0425
-56.4648
-55.9686
-55.5426
-55.1697
-54.8533
-54.5884
-54.3624
-54.1762
-54.0245
-53.8981
-53.7928
-53.709
-53.6406
-53.5845
-53.5413
-53.5086
-53.4835
-53.4609
-53.4438
-53.4306
-53.4188
-53.4108
-53.406
-53.4035
-53.4028
-53.4014
-53.3982
-53.3967
-53.3946
-53.3924
-53.3921
-53.3931
-53.3951
-53.3976
-53.4005
-53.4037
-53.4066
-53.4041
-53.4023
-53.4009
-53.3981
-53.3972
-53.3978
-53.3993
-53.4013
-53.4036
-53.406
-53.4086
-53.4112
-53.4139
-53.4166
-53.4189
-53.421
-53.4217
-53.4124
-53.4057
-53.3997
-53.395
-53.3924
-53.3902
-53.3874
-53.3817
-53.3669
-53.2616
-53.0194
-53.0234
-53.0891
-53.1519
-53.1989
-53.2313
-53.2529
-53.268
-53.2796
-53.2899
-53.3004
-53.3126
-53.3274
-53.3464
-53.3711
-53.4025
-53.4407
-53.4505
-53.4499
-53.4418
-53.4369
-53.436
-53.4379
-53.4415
-53.4464
-53.4525
-53.4597
-53.4681
-53.4775
-53.4882
-53.5001
-53.5132
-53.5278
-53.5439
-53.5615
-53.5809
-53.6022
-53.6255
-53.6509
-53.6787
-53.7091
-53.7424
-53.7788
-53.8186
-53.862
-53.9093
-53.9608
-54.0168
-54.0775
-54.1435
-54.215
-54.2921
-54.3753
-54.103
-53.5495
-53.3576
-53.3177
-53.3244
-53.3434
-53.3643
-53.3843
-53.4027
-53.4195
-53.4352
-53.4502
-53.4645
-53.4784
-53.4922
-53.5061
-53.5204
-53.5352
-53.551
-53.5684
-53.5872
-53.6083
-53.6306
-53.6541
-53.679
-53.7058
-53.7347
-53.7661
-53.8003
-53.8387
-53.8806
-53.9282
-53.9804
-54.0356
-54.0941
-54.1566
-54.2236
-54.2998
-54.383
-54.4718
-54.5686
-54.6723
-54.7881
-54.9127
-53.7855
-53.3029
-53.2145
-53.2242
-53.256
-53.2895
-53.3197
-53.3461
-53.369
-53.3891
-53.4072
-53.4233
-53.4381
-53.4519
-53.4656
-53.4791
-53.4924
-53.506
-53.5206
-53.5362
-53.5529
-53.5711
-53.5906
-53.6109
-53.6328
-53.6573
-53.6834
-53.7112
-53.7411
-53.7752
-53.8131
-53.8557
-53.9014
-53.9523
-54.0071
-54.0659
-54.1314
-54.2008
-54.2735
-54.3502
-54.4324
-54.526
-54.6288
-54.7426
-54.8611
-54.9895
-55.1297
-55.2836
-55.4447
-55.6084
-55.7761
-55.9494
-53.837
-53.1885
-53.0601
-53.0784
-53.1308
-53.1849
-53.2329
-53.2738
-53.308
-53.3368
-53.3613
-53.3824
-53.4009
-53.4176
-53.4333
-53.4486
-53.4633
-53.4776
-53.4919
-53.5078
-53.5244
-53.5411
-53.5585
-53.5767
-53.596
-53.6167
-53.6397
-53.6662
-53.6965
-53.7309
-53.7688
-53.8098
-53.8527
-53.898
-53.9463
-53.9982
-54.0565
-54.1217
-54.191
-54.2669
-54.3549
-54.451
-54.5562
-53.7532
-53.3847
-53.3067
-53.308
-53.3277
-53.3314
-53.3405
-53.3538
-53.3682
-53.3819
-53.3948
-53.4069
-53.4184
-53.4296
-53.4407
-53.4516
-53.4627
-53.4738
-53.485
-53.4968
-53.5113
-53.5317
-53.5625
-53.5989
-53.6373
-53.6727
-53.7076
-53.743
-53.7796
-53.8219
-53.8787
-53.9667
-54.0814
-54.1943
-54.2994
-54.3975
-54.4943
-54.5949
-54.7018
-54.8209
-54.9632
-55.1431
-55.3574
-55.5769
-55.7953
-56.0132
-56.2358
-56.4697
-56.7162
-56.981
-57.2723
-57.6069
-57.9875
-58.3838
-58.7857
-59.1867
-59.5892
-59.9971
-60.415
-60.8437
-61.29
-61.7676
-62.3009
-62.8579
-63.4105
-63.9439
-64.4521
-64.9416
-65.4152
-65.8785
-66.3349
-66.792
-67.2694
-67.7765
-68.2752
-68.747
-69.1783
-69.5691
-69.9268
-70.2571
-70.5667
-70.8597
-71.1417
-71.4275
-71.7183
-71.9977
-72.2533
-72.4791
-72.6752
-72.8473
-73.0019
-73.1439
-73.2742
-73.3968
-73.5207
-73.6449
-73.7651
-73.8748
-73.9696
-74.0488
-74.1154
-74.1725
-74.2221
-74.2668
-74.3088
-74.3507
-74.3944
-74.4394
-74.4835
-74.5237
-74.5562
-74.581
-74.6008
-74.6163
-74.6282
-74.6394
-74.6509
-74.6634
-74.6778
-74.6945
-74.7115
-74.7265
-74.7372
-74.7432
-74.7469
-74.7489
-74.7486
-74.7481
-74.7486
-74.7513
-74.7572
-74.7651
-74.7736
-74.7812
-74.7859
-74.7881
-74.7875
-74.7859
-74.7836
-74.7805
-74.7775
-74.7749
-74.7745
-74.7767
-74.781
-74.7858
-74.7896
-74.7912
-74.791
-74.7883
-74.7855
-74.7834
-74.7821
-74.7795
-74.7759
-74.7747
-74.7755
-74.7783
-74.7821
-74.7848
-74.7858
-74.7854
-74.7838
-74.7807
-74.7765
-74.7747
-74.772
-74.7677
-74.7646
-74.7639
-74.7652
-74.768
-74.772
-74.7744
-74.7742
-74.7734
-74.7729
-74.7703
-74.7672
-74.765
-74.7626
-74.7585
-74.7562
-74.7553
-74.7559
-74.7586
-74.7601
-74.7627
-74.7635
-74.7618
-74.7601
-74.7577
-74.7556
-74.7526
-74.7483
-74.7452
-74.7441
-74.7436
-74.7441
-74.7451
-74.7479
-74.7491
-74.7509
-74.7529
-74.7519
-74.7489
-74.7464
-74.7454
-74.7431
-74.7383
-74.7321
-74.7299
-74.731
-74.7313
-74.7307
-74.7325
-74.7345
-74.7357
-74.7378
-74.7404
-74.738
-74.7332
-74.7309
-74.7303
-74.7287
-74.7244
-74.7194
-74.7161
-74.715
-74.7163
-74.718
-74.7189
-74.7218
-74.7247
-74.7261
-74.7278
-74.7291
-74.7269
-74.7217
-74.7179
-74.7136
-74.7104
-74.7072
-74.7037
-74.7016
-74.6994
-74.6961
-74.6951
-74.6983
-74.7036
-74.7074
-74.7097
-74.7121
-74.7147
-74.7147
-74.7127
-74.7091
-74.7034
-74.6978
-74.6916
-74.6866
-74.6847
-74.6849
-74.6852
-74.6823
-74.679
-74.6803
-74.6833
-74.6904
-74.6971
-74.6996
-74.699
-74.6988
-74.6992
-74.6979
-74.6948
-74.6881
-74.6809
-74.6733
-74.666
-74.6606
-74.6598
-74.6599
-74.6591
-74.6571
-74.6568
-74.6602
-74.6636
-74.6685
-74.675
-74.6805
-74.681
-74.6807
-74.6816
-74.6824
-74.6799
-74.675
-74.6675
-74.6582
-74.6491
-74.6423
-74.6381
-74.6366
-74.6386
-74.6372
-74.6356
-74.636
-74.6398
-74.6432
-74.6481
-74.6531
-74.6561
-74.6575
-74.6594
-74.6622
-74.6648
-74.6638
-74.659
-74.6512
-74.6436
-74.6358
-74.6285
-74.6196
-74.6118
-74.6087
-74.607
-74.6049
-74.6045
-74.6057
-74.6079
-74.6129
-74.616
-74.6204
-74.6266
-74.6309
-74.6336
-74.6344
-74.6327
-74.6301
-74.6305
-74.632
-74.6302
-74.6245
-74.6156
-74.6064
-74.6009
-74.5955
-74.5902
-74.5851
-74.5791
-74.5785
-74.578
-74.5729
-74.571
-74.5761
-74.5823
-74.587
-74.5921
-74.5953
-74.5987
-74.601
-74.6021
-74.6041
-74.604
-74.6018
-74.5967
-74.5941
-74.5922
-74.5899
-74.5872
-74.5834
-74.5792
-74.5719
-74.5618
-74.5531
-74.5484
-74.5439
-74.5399
-74.5387
-74.5386
-74.5372
-74.5373
-74.5385
-74.5401
-74.5446
-74.5511
-74.5538
-74.5528
-74.5558
-74.5607
-74.5618
-74.5623
-74.563
-74.5616
-74.5587
-74.5534
-74.5448
-74.5373
-74.5336
-74.5341
-74.5306
-74.5257
-74.5213
-74.5154
-74.5068
-74.4965
-74.4904
-74.4837
-74.4806
-74.485
-74.4905
-74.4905
-74.4886
-74.4892
-74.4891
-74.4906
-74.4925
-74.4904
-74.4874
-74.4866
-74.4919
-74.4982
-74.5077
-74.5133
-74.5129
-74.51
-74.5072
-74.5086
-74.5086
-74.5036
-74.4976
-74.4908
-74.4853
-74.4806
-74.4753
-74.4738
-74.4687
-74.4577
-74.4449
-74.4355
-74.4293
-74.4219
-74.4174
-74.4169
-74.419
-74.4245
-74.4286
-74.4293
-74.4301
-74.4315
-74.4342
-74.4347
-74.4369
-74.4389
-74.4381
-74.4336
-74.4284
-74.4243
-74.4208
-74.4163
-74.4119
-74.4126
-74.4184
-74.4248
-74.4267
-74.4247
-74.4231
-74.4214
-74.4208
-74.4207
-74.4143
-74.4073
-74.4028
-74.3993
-74.3942
-74.3885
-74.3848
-74.3823
-74.3807
-74.3763
-74.3689
-74.3601
-74.3485
-74.3368
-74.3309
-74.3264
-74.3225
-74.3181
-74.3158
-74.312
-74.3052
-74.3046
-74.3107
-74.3163
-74.3198
-74.3185
-74.3125
-74.3066
-74.303
-74.3001
-74.2976
-74.2946
-74.2956
-74.3019
-74.303
-74.3016
-74.2952
-74.2865
-74.2795
-74.2738
-74.2721
-74.2732
-74.276
-74.2763
-74.2717
-74.2684
-74.2649
-74.2622
-74.2622
-74.2653
-74.2686
-74.2703
-74.2673
-74.2592
-74.2493
-74.2377
-74.23
-74.2307
-74.2345
-74.2363
-74.2371
-74.2316
-74.2254
-74.2213
-74.2225
-74.2282
-74.2283
-74.2255
-74.2228
-74.2216
-74.2203
-74.2146
-74.2028
-74.1902
-74.1787
-74.1654
-74.1574
-74.1496
-74.1357
-74.1231
-74.1181
-74.1114
-74.0991
-74.085
-74.0749
-74.0736
-74.0728
-74.066
-74.0591
-74.0496
-74.0388
-74.0357
-74.0431
-74.0561
-74.0642
-74.0692
-74.0763
-74.0866
-74.0959
-74.0975
-74.0939
-74.0912
-74.0866
-74.0801
-74.0707
-74.0657
-74.0591
-74.0549
-74.0572
-74.0552
-74.0489
-74.0473
-74.047
-74.0474
-74.0475
-74.0471
-74.0397
-74.025
-74.0099
-74.007
-74.0092
-74.0131
-74.012
-74.0024
-73.9901
-73.9891
-73.9975
-74.0061
-74.01
-74.0057
-73.9993
-74.0071
-74.0197
-74.0228
-74.0225
-74.0177
-74.0092
-73.9969
-73.9833
-73.9723
-73.9658
-73.9574
-73.9489
-73.9479
-73.9516
-73.9483
-73.9411
-73.9298
-73.9216
-73.9205
-73.9166
-73.9113
-73.915
-73.9216
-73.9337
-73.9406
-73.941
-73.9346
-73.921
-73.9026
-73.8883
-73.8757
-73.8618
-73.8497
-73.8381
-73.8271
-73.816
-73.8101
-73.8019
-73.7932
-73.785
-73.773
-73.7557
-73.734
-73.7115
-73.6986
-73.693
-73.6908
-73.6883
-73.6808
-73.669
-73.6575
-73.642
-73.6222
-73.6095
-73.6088
-73.6043
-73.5926
-73.5751
-73.5546
-73.5441
-73.5414
-73.5435
-73.541
-73.5365
-73.5318
-73.5274
-73.5177
-73.5022
-73.4823
-73.4594
-73.4343
-73.4077
-73.3809
-73.3611
-73.3471
-73.3362
-73.3217
-73.3038
-73.291
-73.286
-73.2894
-73.2943
-73.3033
-73.3086
-73.3052
-73.2944
-73.2807
-73.2715
-73.2622
-73.2567
-73.248
-73.242
-73.2352
-73.2232
-73.2065
-73.1865
-73.1641
-73.1401
-73.1148
-73.0887
-73.062
-73.0349
-73.0076
-72.993
-72.9917
-72.9945
-72.9974
-72.9934
-72.9849
-72.9815
-72.9761
-72.9747
-72.9735
-72.9764
-72.9769
-72.9707
-72.9589
-72.943
-72.9243
-72.9036
-72.8815
-72.8584
-72.8346
-72.8102
-72.7855
-72.7605
-72.7354
-72.7102
-72.6849
-72.6597
-72.6345
-72.6095
-72.5845
-72.5597
-72.535
-72.5106
-72.4863
-72.4622
-72.4383
-72.4146
-72.3912
-72.368
-72.345
-72.3222
-72.2997
-72.2774
-72.2554
-72.2336
-72.212
-72.1907
-72.1696
-72.1488
-72.1282
-72.1078
-72.0934
-72.0934
-72.093
-72.0881
-72.0793
-72.0706
-72.0756
-72.081
-72.0809
-72.0757
-72.0669
-72.0555
-72.0424
-72.0282
-72.0131
-71.9974
-71.9814
-71.965
-71.9485
-71.9319
-71.9153
-71.8986
-71.882
-71.8655
-71.849
-71.8326
-71.8163
-71.8002
-71.7842
-71.7683
-71.7526
-71.7371
-71.7217
-71.7064
-71.6914
-71.6764
-71.6617
-71.6471
-71.6327
-71.6184
-71.6043
-71.5904
-71.5766
-71.563
-71.5495
-71.5362
-71.5231
-71.5101
-71.4973
-71.4847
-71.4722
-71.4598
-71.4476
-71.4355
-71.4236
-71.4119
-71.4003
-71.3888
-71.3775
-71.3663
-71.3552
-71.3443
-71.3336
-71.3229
-71.3124
-71.3021
-71.2919
-71.2818
-71.2718
-71.262
-71.2523
-71.2427
-71.2332
-71.2239
-71.2147
-71.2056
-71.1966
-71.1877
-71.179
-71.1704
-71.1618
-71.1534
-71.1451
-71.1369
-71.1289
-71.1209
-71.113
-71.1052
-71.0976
-71.09
-71.0825
-71.0752
-71.0679
-71.0607
-71.0537
-71.0467
-71.0398
-71.033
-71.0263
-71.0197
-71.0132
-71.0067
-71.0004
-70.9941
-70.9879
-70.9818
-70.9758
-70.9699
-70.9641
-70.9583
-70.9526
-70.947
-70.9415
-70.936
-70.9307
-70.9254
-70.9201
-70.915
-70.9099
-70.9049
-70.8999
-70.8951
-70.8903
-70.8855
-70.8809
-70.8763
-70.8717
-70.8673
-70.8629
-70.8585
-70.8543
-70.85
-70.8459
-70.8418
-70.8378
-70.8338
-70.8299
-70.826
-70.8222
-70.8184
-70.8148
-70.8111
-70.8075
-70.804
-70.8005
-70.7971
-70.7937
-70.7904
-70.7871
-70.7839
-70.7807
-70.7776
-70.7745
-70.7715
-70.7685
-70.7656
-70.7627
-70.7599
-70.7571
-70.7543
-70.7516
-70.7489
-70.7463
-70.7437
-70.7411
-70.7386
-70.7362
-70.7337
-70.7314
-70.729
-70.7267
-70.7244
-70.7222
-70.72
-70.7178
-70.7157
-70.7136
-70.7115
-70.7095
-70.7075
-70.7056
-70.7036
-70.7018
-70.6999
-70.6981
-70.6963
-70.6945
-70.6928
-70.6911
-70.6894
-70.6877
-70.6861
-70.6845
-70.683
-70.6815
-70.68
-70.6785
-70.677
-70.6756
-70.6742
-70.6728
-70.6715
-70.6702
-70.6689
-70.6676
-70.6663
-70.6651
-70.6639
-70.6627
-70.6616
-70.6604
-70.6593
-70.6582
-70.6572
-70.6561
-70.6551
-70.6541
-70.6531
-70.6521
-70.6512
-70.6503
-70.6493
-70.6485
-70.6476
-70.6467
-70.6459
-70.6451
-70.6443
-70.6435
-70.6427
-70.642
-70.6413
-70.6405
-70.6398
-70.6392
-70.6385
-70.6378
-70.6372
-70.6366
-70.636
-70.6354
-70.6348
-70.6342
-70.6337
-70.6331
-70.6326
-70.6321
-70.6316
-70.6311
-70.6307
-70.6302
-70.6298
-70.6293
-70.6289
-70.6285
-70.6281
-70.6277
-70.6273
-70.627
-70.6266
-70.6263
-70.6259
-70.6256
-70.6253
-70.625
-70.6247
-70.6244
-70.6241
-70.6239
-70.6236
-70.6234
-70.6231
-70.6229
-70.6227
-70.6225
-70.6223
-70.6221
-70.6219
-70.6217
-70.6215
-70.6214
-70.6212
-70.6211
-70.6209
-70.6208
-70.6207
-70.6206
-70.6204
-70.6203
-70.6202
-70.6201
-70.6201
-70.62
-70.6199
-70.6198
-70.6198
-70.6197
-70.6197
-70.6196
-70.6196
-70.6195
-70.6195
-70.6195
-70.6195
-70.6195
-70.6195
-70.6194
-70.6194
-70.6195
-70.6195
-70.6195
-70.6195
-70.6195
-70.6195
-70.6196
-70.6196
-70.6197
-70.6197
-70.6197
-70.6198
-70.6199
-70.6199
-70.62
-70.62
-70.6201
-70.6202
-70.6203
-70.6203
-70.6204
-70.6205
-70.6206
-70.6207
-70.6208
-70.6209
-70.621
-70.6211
-70.6212
-70.6213
-70.6214
-70.6215
-70.6216
-70.6217
-70.6218
-70.622
-70.6221
-70.6222
-70.6223
-70.6225
-70.6226
-70.6227
-70.6229
-70.623
-70.6231
-70.6233
-70.6234
-70.6236
-70.6237
-70.6239
-70.624
-70.6241
-70.6243
-70.6244
-70.6246
-70.6248
-70.6249
-70.6251
-70.6252
-70.6254
-70.6255
-70.6257
-70.6259
-70.626
-70.6262
-70.6263
-70.6265
-70.6267
-70.6268
-70.627
-70.6272
-70.6273
-70.6275
-70.6277
-70.6279
-70.628
-70.6282
-70.6284
-70.6285
-70.6287
-70.6289
-70.6291
-70.6292
-70.6294
-70.6296
-70.6298
-70.6299
-70.6301
-70.6303
-70.6305
-70.6306
-70.6308
-70.631
-70.6312
-70.6313
-70.6315
-70.6317
-70.6319
-70.6321
-70.6322
-70.6324
-70.6326
-70.6328
-70.6329
-70.6331
-70.6333
-70.6335
-70.6336
-70.6338
-70.634
-70.6342
-70.6343
-70.6345
-70.6347
-70.6349
-70.635
-70.6352
-70.6354
-70.6356
-70.6357
-70.6359
-70.6361
-70.6363
-70.6364
-70.6366
-70.6368
-70.6369
-70.6371
-70.6373
-70.6375
-70.6376
-70.6378
-70.638
-70.6381
-70.6383
-70.6385
-70.6386
-70.6388
-70.639
-70.6391
-70.6393
-70.6394
-70.6396
-70.6398
-70.6399
-70.6401
-70.6403
-70.6404
-70.6406
-70.6407
-70.6409
-70.6411
-70.6412
-70.6414
-70.6415
-70.6417
-70.6418
-70.642
-70.6422
-70.6423
-70.6425
-70.6426
-70.6428
-70.6429
-70.6431
-70.6432
-70.6434
-70.6435
-70.6437
-70.6438
-70.6439
-70.6441
-70.6442
-70.6444
-70.6445
-70.6447
-70.6448
-70.645
-70.6451
-70.6452
-70.6454
-70.6455

