-70
-70.2123
-70.2926
-70.3252
-70.3404
-70.3491
-70.3555
-70.3609
-70.3659
-70.3708
-70.3757
-70.3805
-70.3853
-70.39
-70.3948
-70.3995
-70.4042
-70.4088
-70.4134
-70.4179
-70.4224
-70.4269
-70.4313
-70.4357
-70.44
-70.4443
-70.4485
-70.4527
-70.4569
-70.461
-70.465
-70.469
-70.473
-70.4769
-70.4808
-70.4846
-70.4884
-70.4921
-70.4958
-70.4995
-70.5031
-70.5067
-70.5102
-70.5137
-70.5172
-70.5206
-70.524
-70.5273
-70.5306
-70.5339
-70.5371
-70.5403
-70.5434
-70.5465
-70.5496
-70.5526
-70.5556
-70.5586
-70.5615
-70.5644
-70.5673
-70.5701
-70.5729
-70.5757
-70.5784
-70.5811
-70.5838
-70.5864
-70.589
-70.5916
-70.5941
-70.5966
-70.5991
-70.6016
-70.604
-70.6064
-70.6087
-70.6111
-70.6134
-70.6157
-70.6179
-70.6201
-70.6223
-70.6245
-70.6266
-70.6287
-70.6308
-70.6329
-70.6349
-70.6369
-70.6389
-70.6409
-70.6428
-70.6448
-70.6466
-70.6485
-70.6503
-70.6522
-70.654
-70.6557
-70.6575
-70.6592
-70.6609
-70.6626
-70.6643
-70.6659
-70.6675
-70.6691
-70.6707
-70.6723
-70.6738
-70.6754
-70.6769
-70.6783
-70.6798
-70.6812
-70.6827
-70.6841
-70.6855
-70.6868
-70.6882
-70.6895
-70.6908
-70.6921
-70.6934
-70.6947
-70.6959
-70.6972
-70.6984
-70.6996
-70.7008
-70.702
-70.7031
-70.7042
-70.7054
-70.7065
-70.7076
-70.7087
-70.7097
-70.7108
-70.7118
-70.7128
-70.7138
-70.7148
-70.7158
-70.7168
-70.7177
-70.7187
-70.7196
-70.7205
-70.7214
-70.7223
-70.7232
-70.7241
-70.7249
-70.7258
-70.7266
-70.7274
-70.7282
-70.729
-70.7298
-70.7306
-70.7314
-70.7321
-70.7329
-70.7336
-70.7343
-70.735
-70.7357
-70.7364
-70.7371
-70.7378
-70.7384
-70.7391
-70.7397
-70.7404
-70.741
-70.7416
-70.7422
-70.7428
-70.7434
-70.744
-70.7446
-70.7451
-70.7457
-70.7462
-70.7468
-70.7473
-70.7478
-70.7484
-70.7489
-70.7494
-70.7499
-70.7504
-70.7508
-70.7513
-70.7518
-70.7522
-70.7527
-70.7531
-70.7536
-70.754
-70.7544
-70.7549
-70.7553
-70.7557
-70.7561
-70.7565
-70.7569
-70.7573
-70.7576
-70.758
-70.7584
-70.7587
-70.7591
-70.7594
-70.7598
-70.7601
-70.7605
-70.7608
-70.7611
-70.7614
-70.7617
-70.7621
-70.7624
-70.7627
-70.763
-70.7632
-70.7635
-70.7638
-70.7641
-70.7644
-70.7646
-70.7649
-70.7651
-70.7654
-70.7656
-70.7659
-70.7661
-70.7664
-70.7666
-70.7668
-70.7671
-70.7673
-70.7675
-70.7677
-70.7679
-70.7681
-70.7684
-70.7686
-70.7688
-70.769
-70.7691
-70.7693
-70.7695
-70.7697
-70.7699
-70.7701
-70.7702
-70.7704
-70.7706
-70.7707
-70.7709
-70.7711
-70.7712
-70.7714
-70.7715
-70.7717
-70.7718
-70.772
-70.7721
-70.7722
-70.7724
-70.7725
-70.7726
-70.7728
-70.7729
-70.773
-70.7731
-70.7733
-70.7734
-70.7735
-70.7736
-70.7737
-70.7738
-70.7739
-70.774
-70.7741
-70.7742
-70.7743
-70.7744
-70.7745
-70.7746
-70.7747
-70.7748
-70.7749
-70.775
-70.7751
-70.7751
-70.7752
-70.7753
-70.7754
-70.7755
-70.7755
-70.7756
-70.7757
-70.7758
-70.7758
-70.7759
-70.776
-70.776
-70.7761
-70.7762
-70.7762
-70.7763
-70.7763
-70.7764
-70.7765
-70.7765
-70.7766
-70.7766
-70.7767
-70.7767
-70.7768
-70.7768
-70.7769
-70.7769
-70.777
-70.777
-70.7771
-70.7771
-70.7771
-70.7772
-70.7772
-70.7773
-70.7773
-70.7773
-70.7774
-70.7774
-70.7774
-70.7775
-70.7775
-70.7775
-70.7776
-70.7776
-70.7776
-70.7777
-70.7777
-70.7777
-70.7777
-70.7778
-70.7778
-70.7778
-70.7778
-70.7779
-70.7779
-70.7779
-70.7779
-70.778
-70.778
-70.778
-70.778
-70.778
-70.7781
-70.7781
-70.7781
-70.7781
-70.7781
-70.7781
-70.7782
-70.7782
-70.7782
-70.7782
-70.7782
-70.7782
-70.7782
-70.7783
-70.7783
-70.7783
-70.7783
-70.7783
-70.7783
-70.7783
-70.7783
-70.7783
-70.7783
-70.7784
-70.7784
-70.7784
-70.7784
-70.7784
-70.7784
-70.7784
-70.7784
-70.7784
-70.7784
-70.7784
-70.7784
-70.7784
-70.7784
-70.7784
-70.7784
-70.7784
-70.7784
-70.7784
-70.7785
-70.7785
-70.7785
-70.7785
-70.7785
-70.7785
-70.7785
-70.7785
-70.7785
-70.7785
-70.7785
-70.7785
-70.7785
-70.7785
-70.7785
-70.7785
-70.7785
-70.7785
-70.7785
-70.7785
-70.7785
-70.7785
-70.7785
-70.7785
-70.7785
-70.7785
-70.7785
-70.7785
-70.7785
-70.7785
-70.7785
-70.7784
-70.7784
-70.7784
-70.7784
-70.7784
-70.7784
-70.7784
-70.7784
-70.7784
-70.7784
-70.7784
-70.7784
-70.7784
-70.7784
-70.7784
-70.7784
-70.7784
-70.7784
-70.7784
-70.7784
-70.7784
-70.7784
-70.7784
-70.7784
-70.7784
-70.7784
-70.7784
-70.7784
-70.7784
-70.7783
-70.7783
-70.7783
-70.7783
-70.7783
-70.7783
-70.7783
-70.7876
-71.0202
-71.7047
-72.5977
-73.3559
-73.8642
-57.8522
-52.1906
-49.6958
-45.8218
13.3601
-33.5674
-69.7336
-69.9969
-68.7748
-67.4626
-66.0992
-64.7205
-63.3634
-62.0631
-60.8494
-59.7452
-58.7651
-57.9018
-57.078
-56.385
-55.8356
-55.4017
-55.0609
-54.794
-54.5816
-54.4126
-54.2825
-54.1893
-54.1234
-54.0771
-54.0444
-54.0169
-53.9952
-53.9797
-53.9711
-53.9672
-53.9664
-53.9676
-53.9658
-53.9638
-53.9611
-53.9608
-53.9625
-53.9653
-53.9688
-53.9728
-53.9753
-53.9744
-53.9735
-53.9715
-53.9715
-53.973
-53.9753
-53.9782
-53.9813
-53.9846
-53.988
-53.99
-53.9869
-53.9854
-53.9829
-53.9804
-53.98
-53.981
-53.9826
-53.9846
-53.9868
-53.9892
-53.9916
-53.9941
-53.9967
-53.999
-54.0011
-54.0029
-53.9959
-53.9881
-53.9841
-53.9821
-53.9779
-53.9737
-53.9704
-53.9662
-53.9573
-53.9191
-53.6743
-53.6516
-53.7178
-53.7763
-53.8157
-53.8399
-53.8541
-53.8622
-53.867
-53.8705
-53.8741
-53.8787
-53.8854
-53.8949
-53.9085
-53.9276
-53.9661
-53.9912
-54.0026
-54.0097
-54.0164
-54.0238
-54.031
-54.0233
-54.0185
-54.0184
-54.0214
-54.0264
-54.0329
-54.0408
-54.0498
-54.0601
-54.0715
-54.0842
-54.0983
-54.1138
-54.1308
-54.1495
-54.17
-54.1925
-54.217
-54.2436
-54.2726
-54.3042
-54.3388
-54.3764
-54.4173
-54.4619
-54.5105
-54.5632
-54.6204
-54.4663
-54.1067
-54.0009
-53.9855
-53.9976
-54.0171
-54.0376
-54.0576
-54.0769
-54.0957
-54.063
-54.0318
-54.0221
-54.023
-54.0285
-54.0361
-54.0447
-54.054
-54.064
-54.0749
-54.0864
-54.0985
-54.1116
-54.1258
-54.141
-54.1573
-54.1749
-54.1938
-54.2144
-54.2374
-54.2624
-54.292
-54.3249
-54.3603
-54.3977
-54.4373
-54.4795
-54.5249
-54.5738
-54.6277
-54.6874
-54.7551
-54.6819
-54.1072
-53.949
-53.9284
-53.9451
-53.9696
-53.9936
-54.0153
-54.0352
-54.0536
-54.0722
-54.0904
-54.108
-54.126
-54.0716
-54.0276
-54.0133
-54.0121
-54.0164
-54.0229
-54.0309
-54.0403
-54.05
-54.0599
-54.0701
-54.0813
-54.0931
-54.1056
-54.1189
-54.1331
-54.1486
-54.1666
-54.1891
-54.2132
-54.2377
-54.2633
-54.291
-54.3223
-54.3558
-54.3914
-54.4295
-54.4706
-54.5161
-54.5747
-54.6412
-54.7087
-54.7777
-54.8499
-54.9273
-55.0153
-55.1101
-54.935
-54.0676
-53.8644
-53.8499
-53.8818
-53.9199
-53.9541
-53.9831
-54.0076
-54.0289
-54.0482
-54.0666
-54.0841
-54.101
-54.1181
-54.1365
-54.158
-54.1823
-54.2069
-54.2318
-54.2078
-54.061
-54.0078
-53.9965
-54.0001
-54.0082
-54.0176
-54.0277
-54.0384
-54.0501
-54.0624
-54.0745
-54.0868
-54.0995
-54.1131
-54.1286
-54.1452
-54.163
-54.1838
-54.209
-54.2363
-54.2641
-54.2931
-54.324
-54.3572
-54.1305
-54.013
-53.985
-53.9862
-53.9965
-54.0099
-54.0233
-54.0361
-54.0483
-54.0602
-54.0723
-54.0848
-54.0978
-54.0888
-54.0363
-54.0144
-54.0103
-54.0137
-54.0198
-54.0267
-54.0342
-54.0421
-54.0505
-54.0594
-54.0698
-54.0853
-54.1065
-54.1312
-54.1587
-54.1882
-54.2166
-54.2441
-54.2725
-54.306
-54.3523
-54.418
-54.4959
-54.5769
-54.6561
-54.7326
-54.8074
-54.8844
-54.9679
-55.0662
-55.1865
-55.3304
-55.4939
-55.6619
-55.8319
-56.0061
-56.1861
-56.3741
-56.5732
-56.7908
-57.0391
-57.3212
-57.6315
-57.9601
-58.2979
-58.643
-58.9939
-59.3496
-59.7129
-60.0921
-60.5038
-60.9536
-61.4333
-61.9318
-62.4384
-62.9386
-63.4282
-63.9049
-64.3688
-64.8288
-65.2982
-65.7906
-66.2971
-66.8071
-67.3077
-67.7941
-68.2502
-68.6742
-69.0671
-69.4298
-69.7725
-70.109
-70.4466
-70.7815
-71.106
-71.4111
-71.7002
-71.9643
-72.1995
-72.4091
-72.5938
-72.7616
-72.9224
-73.0794
-73.2331
-73.3796
-73.513
-73.6354
-73.7483
-73.8466
-73.9301
-74.0022
-74.0656
-74.1261
-74.1839
-74.2411
-74.2986
-74.351
-74.3975
-74.4402
-74.4784
-74.5097
-74.534
-74.5551
-74.5743
-74.5915
-74.6071
-74.6258
-74.6455
-74.6617
-74.6762
-74.6908
-74.7036
-74.7136
-74.7196
-74.7242
-74.7304
-74.734
-74.7364
-74.742
-74.7498
-74.7546
-74.7581
-74.7621
-74.766
-74.7687
-74.7697
-74.7692
-74.77
-74.7695
-74.7672
-74.7673
-74.7712
-74.775
-74.775
-74.7751
-74.7763
-74.7777
-74.7783
-74.7778
-74.777
-74.7762
-74.7738
-74.7709
-74.7703
-74.7723
-74.7742
-74.7716
-74.7695
-74.7695
-74.7695
-74.7692
-74.7689
-74.7683
-74.7673
-74.7653
-74.7633
-74.7627
-74.7638
-74.7669
-74.7676
-74.7638
-74.7621
-74.7615
-74.7611
-74.7606
-74.7601
-74.7588
-74.7557
-74.7524
-74.7495
-74.7489
-74.7503
-74.7532
-74.7544
-74.7502
-74.7481
-74.7474
-74.7479
-74.7491
-74.7485
-74.7485
-74.7467
-74.7431
-74.7401
-74.7384
-74.7385
-74.741
-74.7452
-74.7463
-74.7422
-74.7388
-74.7373
-74.7368
-74.7373
-74.7354
-74.7336
-74.7318
-74.7289
-74.7245
-74.7212
-74.7198
-74.7208
-74.7245
-74.7287
-74.7289
-74.7274
-74.727
-74.7275
-74.7263
-74.7255
-74.7248
-74.7236
-74.7216
-74.7197
-74.7156
-74.7123
-74.7104
-74.7093
-74.7114
-74.715
-74.7168
-74.7152
-74.714
-74.7137
-74.7127
-74.7089
-74.7083
-74.7083
-74.7071
-74.704
-74.7008
-74.6974
-74.6942
-74.691
-74.6893
-74.6926
-74.6961
-74.6981
-74.6988
-74.7004
-74.7012
-74.7004
-74.6991
-74.697
-74.6973
-74.6987
-74.6983
-74.6955
-74.6902
-74.6848
-74.6824
-74.6796
-74.6762
-74.6782
-74.681
-74.6805
-74.6818
-74.6819
-74.6812
-74.6804
-74.6778
-74.6759
-74.674
-74.6744
-74.678
-74.68
-74.6787
-74.6733
-74.6664
-74.6618
-74.6603
-74.6576
-74.6571
-74.6598
-74.6618
-74.6628
-74.6635
-74.6624
-74.6605
-74.6581
-74.6563
-74.6586
-74.6608
-74.6605
-74.6599
-74.6613
-74.662
-74.6615
-74.6592
-74.655
-74.6499
-74.6454
-74.6403
-74.6381
-74.6383
-74.6426
-74.6442
-74.6423
-74.6409
-74.6384
-74.6338
-74.6293
-74.6268
-74.6274
-74.6308
-74.6343
-74.636
-74.6347
-74.6324
-74.6325
-74.6329
-74.6321
-74.6316
-74.627
-74.6194
-74.6145
-74.613
-74.6161
-74.6195
-74.619
-74.6157
-74.6112
-74.6087
-74.6075
-74.6056
-74.6022
-74.6018
-74.6023
-74.6044
-74.6063
-74.6069
-74.6054
-74.6052
-74.605
-74.6057
-74.6065
-74.606
-74.6049
-74.6027
-74.598
-74.5942
-74.592
-74.5924
-74.5931
-74.593
-74.5896
-74.5816
-74.5731
-74.5678
-74.5685
-74.5693
-74.5716
-74.5722
-74.5724
-74.5724
-74.5747
-74.5788
-74.5793
-74.5743
-74.5666
-74.5588
-74.5573
-74.56
-74.5608
-74.5621
-74.5617
-74.5606
-74.5618
-74.561
-74.5573
-74.5532
-74.5495
-74.552
-74.5515
-74.5438
-74.5344
-74.5247
-74.5161
-74.5134
-74.5189
-74.5261
-74.5341
-74.5371
-74.5393
-74.5408
-74.5398
-74.5361
-74.5337
-74.532
-74.5273
-74.5193
-74.5099
-74.5011
-74.4959
-74.4935
-74.4969
-74.5038
-74.5107
-74.5172
-74.5177
-74.5132
-74.5056
-74.4989
-74.4929
-74.4886
-74.4863
-74.486
-74.4865
-74.4836
-74.4766
-74.4678
-74.466
-74.4691
-74.4789
-74.4885
-74.4908
-74.4909
-74.4956
-74.4998
-74.4978
-74.4901
-74.4825
-74.4755
-74.4711
-74.4674
-74.4631
-74.4586
-74.4516
-74.4395
-74.4281
-74.4254
-74.4331
-74.4386
-74.4413
-74.4411
-74.4347
-74.4298
-74.4303
-74.4306
-74.4306
-74.4275
-74.4239
-74.4175
-74.4095
-74.4031
-74.3993
-74.3969
-74.3943
-74.3949
-74.3954
-74.3971
-74.3975
-74.3978
-74.3962
-74.4019
-74.41
-74.4168
-74.422
-74.424
-74.4189
-74.4089
-74.3971
-74.3872
-74.3787
-74.3713
-74.367
-74.3636
-74.3628
-74.3644
-74.3617
-74.3571
-74.3479
-74.3375
-74.3287
-74.3252
-74.3173
-74.3123
-74.3194
-74.3245
-74.3268
-74.3269
-74.3261
-74.3185
-74.3057
-74.2937
-74.288
-74.2831
-74.2825
-74.287
-74.2914
-74.2912
-74.2935
-74.301
-74.3096
-74.3095
-74.3027
-74.2955
-74.2897
-74.2846
-74.2817
-74.279
-74.2768
-74.2724
-74.2636
-74.2543
-74.2513
-74.2513
-74.2514
-74.2517
-74.2561
-74.2641
-74.2726
-74.2755
-74.2692
-74.2575
-74.244
-74.2301
-74.2231
-74.2165
-74.209
-74.2091
-74.2105
-74.2136
-74.2219
-74.2273
-74.2264
-74.2203
-74.2102
-74.1947
-74.1785
-74.1651
-74.1509
-74.1394
-74.1323
-74.1251
-74.1118
-74.0972
-74.092
-74.0983
-74.109
-74.1157
-74.1157
-74.1093
-74.0998
-74.0896
-74.0872
-74.0942
-74.0969
-74.0905
-74.0808
-74.0763
-74.0755
-74.0808
-74.0864
-74.0858
-74.0868
-74.0925
-74.0986
-74.1031
-74.1055
-74.1034
-74.096
-74.0857
-74.0764
-74.0697
-74.0671
-74.0669
-74.0642
-74.0552
-74.0437
-74.0315
-74.0224
-74.0227
-74.023
-74.0234
-74.0254
-74.0294
-74.0304
-74.0254
-74.0161
-74.0074
-73.9992
-73.9923
-73.9883
-73.9809
-73.9734
-73.9715
-73.9678
-73.9569
-73.9452
-73.9449
-73.961
-73.9726
-73.9724
-73.967
-73.967
-73.9682
-73.9729
-73.9759
-73.9746
-73.967
-73.9575
-73.9486
-73.9377
-73.926
-73.9101
-73.8938
-73.8796
-73.8722
-73.8664
-73.8555
-73.8466
-73.8445
-73.8449
-73.8466
-73.8473
-73.8466
-73.8445
-73.8417
-73.84
-73.8423
-73.84
-73.832
-73.8225
-73.8089
-73.7962
-73.7859
-73.7747
-73.7641
-73.7497
-73.7307
-73.712
-73.7061
-73.7017
-73.6911
-73.6745
-73.6559
-73.6399
-73.6216
-73.6023
-73.5867
-73.5772
-73.5727
-73.5637
-73.5487
-73.5291
-73.5072
-73.4947
-73.5019
-73.5127
-73.5243
-73.5431
-73.57
-73.5959
-73.6144
-73.6267
-73.6396
-73.6468
-73.6444
-73.6342
-73.6185
-73.599
-73.5767
-73.5527
-73.5335
-73.5161
-73.5022
-73.49
-73.4815
-73.4708
-73.4665
-73.4662
-73.46
-73.4518
-73.4471
-73.4448
-73.4377
-73.4342
-73.4356
-73.4331
-73.4313
-73.4264
-73.4231
-73.4158
-73.4028
-73.3853
-73.3646
-73.3417
-73.3172
-73.2915
-73.2651
-73.2453
-73.2297
-73.2143
-73.2048
-73.201
-73.1974
-73.1882
-73.1738
-73.1555
-73.1346
-73.1119
-73.088
-73.0632
-73.0377
-73.0119
-72.9858
-72.9646
-72.9553
-72.955
-72.9517
-72.9424
-72.9283
-72.9122
-72.9044
-72.8971
-72.8861
-72.8812
-72.8778
-72.8697
-72.8571
-72.841
-72.8226
-72.8025
-72.787
-72.7803
-72.772
-72.7597
-72.7441
-72.7262
-72.7067
-72.6861
-72.6648
-72.6431
-72.621
-72.5988
-72.5764
-72.554
-72.5316
-72.5093
-72.487
-72.4649
-72.4429
-72.4211
-72.3994
-72.3779
-72.3566
-72.3355
-72.3147
-72.294
-72.2735
-72.2533
-72.2333
-72.2135
-72.1939
-72.1745
-72.1554
-72.1365
-72.1177
-72.0992
-72.081
-72.0629
-72.0451
-72.0274
-72.01
-71.9928
-71.9758
-71.959
-71.9424
-71.9322
-71.9376
-71.9424
-71.9422
-71.9376
-71.9299
-71.9201
-71.9089
-71.8968
-71.884
-71.8708
-71.8573
-71.8437
-71.8299
-71.8161
-71.8023
-71.7886
-71.7749
-71.7612
-71.7477
-71.7342
-71.7209
-71.7077
-71.6946
-71.6816
-71.6688
-71.6561
-71.6436
-71.6312
-71.6189
-71.6068
-71.5948
-71.583
-71.5713
-71.5597
-71.5483
-71.537
-71.5259
-71.5149
-71.5041
-71.4934
-71.4828
-71.4723
-71.462
-71.4519
-71.4418
-71.4319
-71.4221
-71.4124
-71.4029
-71.3935
-71.3842
-71.375
-71.366
-71.3571
-71.3483
-71.3396
-71.331
-71.3225
-71.3142
-71.306
-71.2979
-71.2899
-71.282
-71.2742
-71.2665
-71.2589
-71.2515
-71.2441
-71.2368
-71.2296
-71.2226
-71.2156
-71.2087
-71.2019
-71.1952
-71.1886
-71.1821
-71.1756
-71.1693
-71.1631
-71.1569
-71.1508
-71.1448
-71.1389
-71.1331
-71.1273
-71.1217
-71.1161
-71.1106
-71.1051
-71.0998
-71.0945
-71.0893
-71.0842
-71.0791
-71.0741
-71.0692
-71.0643
-71.0596
-71.0548
-71.0502
-71.0456
-71.0411
-71.0367
-71.0323
-71.028
-71.0237
-71.0195
-71.0154
-71.0113
-71.0073
-71.0033
-70.9994
-70.9956
-70.9918
-70.988
-70.9844
-70.9807
-70.9772
-70.9737
-70.9702
-70.9668
-70.9634
-70.9601
-70.9568
-70.9536
-70.9505
-70.9473
-70.9443
-70.9412
-70.9383
-70.9353
-70.9324
-70.9296
-70.9268
-70.924
-70.9213
-70.9186
-70.916
-70.9134
-70.9108
-70.9083
-70.9058
-70.9034
-70.901
-70.8986
-70.8963
-70.894
-70.8917
-70.8895
-70.8873
-70.8852
-70.883
-70.881
-70.8789
-70.8769
-70.8749
-70.8729
-70.871
-70.8691
-70.8672
-70.8654
-70.8636
-70.8618
-70.8601
-70.8584
-70.8567
-70.855
-70.8534
-70.8518
-70.8502
-70.8486
-70.8471
-70.8456
-70.8441
-70.8426
-70.8412
-70.8398
-70.8384
-70.837
-70.8357
-70.8344
-70.8331
-70.8318
-70.8306
-70.8293
-70.8281
-70.8269
-70.8258
-70.8246
-70.8235
-70.8224
-70.8213
-70.8202
-70.8192
-70.8181
-70.8171
-70.8161
-70.8151
-70.8142
-70.8132
-70.8123
-70.8114
-70.8105
-70.8096
-70.8087
-70.8079
-70.8071
-70.8062
-70.8054
-70.8046
-70.8039
-70.8031
-70.8024
-70.8016
-70.8009
-70.8002
-70.7995
-70.7988
-70.7982
-70.7975
-70.7969
-70.7962
-70.7956
-70.795
-70.7944
-70.7938
-70.7933
-70.7927
-70.7922
-70.7916
-70.7911
-70.7906
-70.7901
-70.7896
-70.7891
-70.7886
-70.7881
-70.7877
-70.7872
-70.7868
-70.7864
-70.7859
-70.7855
-70.7851
-70.7847
-70.7843
-70.7839
-70.7836
-70.7832
-70.7829
-70.7825
-70.7822
-70.7818
-70.7815
-70.7812
-70.7809
-70.7806
-70.7803
-70.78
-70.7797
-70.7794
-70.7791
-70.7789
-70.7786
-70.7784
-70.7781
-70.7779
-70.7776
-70.7774
-70.7772
-70.777
-70.7767
-70.7765
-70.7763
-70.7761
-70.7759
-70.7757
-70.7756
-70.7754
-70.7752
-70.775
-70.7749
-70.7747
-70.7746
-70.7744
-70.7743
-70.7741
-70.774
-70.7738
-70.7737
-70.7736
-70.7734
-70.7733
-70.7732
-70.7731
-70.773
-70.7729
-70.7728
-70.7727
-70.7726
-70.7725
-70.7724
-70.7723
-70.7722
-70.7721
-70.772
-70.772
-70.7719
-70.7718
-70.7718
-70.7717
-70.7716
-70.7716
-70.7715
-70.7714
-70.7714
-70.7713
-70.7713
-70.7712
-70.7712
-70.7712
-70.7711
-70.7711
-70.771
-70.771
-70.771
-70.7709
-70.7709
-70.7709
-70.7709
-70.7708
-70.7708
-70.7708
-70.7708
-70.7708
-70.7707
-70.7707
-70.7707
-70.7707
-70.7707
-70.7707
-70.7707
-70.7707
-70.7707
-70.7707
-70.7707
-70.7707
-70.7707
-70.7707
-70.7707
-70.7707
-70.7707
-70.7707
-70.7707
-70.7707
-70.7707
-70.7707
-70.7707
-70.7707
-70.7707
-70.7708
-70.7708
-70.7708
-70.7708
-70.7708
-70.7708
-70.7708
-70.7709
-70.7709
-70.7709
-70.7709
-70.7709
-70.771
-70.771
-70.771
-70.771
-70.771
-70.7711
-70.7711
-70.7711
-70.7711
-70.7712
-70.7712
-70.7712
-70.7713
-70.7713
-70.7713
-70.7713
-70.7714
-70.7714
-70.7714
-70.7714
-70.7715
-70.7715
-70.7715
-70.7716
-70.7716
-70.7716
-70.7717
-70.7717
-70.7717
-70.7718
-70.7718
-70.7718
-70.7719
-70.7719
-70.7719
-70.7719
-70.772
-70.772
-70.772
-70.7721
-70.7721
-70.7721
-70.7722
-70.7722
-70.7722
-70.7723
-70.7723
-70.7723
-70.7724
-70.7724
-70.7725
-70.7725
-70.7725
-70.7726
-70.7726
-70.7726
-70.7727
-70.7727
-70.7727
-70.7728
-70.7728
-70.7728
-70.7729
-70.7729
-70.7729
-70.773
-70.773
-70.773
-70.7731
-70.7731
-70.7731
-70.7732
-70.7732
-70.7732
-70.7733
-70.7733
-70.7733
-70.7734
-70.7734
-70.7734
-70.7735
-70.7735
-70.7735
-70.7735
-70.7736
-70.7736
-70.7736
-70.7737
-70.7737
-70.7737
-70.7738

