-70
-70.1661
-70.23
-70.2566
-70.2695
-70.2773
-70.283
-70.2879
-70.2925
-70.297
-70.3014
-70.3057
-70.31
-70.3142
-70.3185
-70.3226
-70.3268
-70.3309
-70.335
-70.3391
-70.3431
-70.3471
-70.351
-70.3549
-70.3588
-70.3626
-70.3664
-70.3701
-70.3738
-70.3775
-70.3811
-70.3847
-70.3883
-70.3918
-70.3953
-70.3987
-70.4021
-70.4055
-70.4088
-70.4121
-70.4154
-70.4186
-70.4218
-70.4249
-70.428
-70.4311
-70.4341
-70.4372
-70.4401
-70.4431
-70.446
-70.4489
-70.4517
-70.4545
-70.4573
-70.4601
-70.4628
-70.4655
-70.4682
-70.4708
-70.4734
-70.476
-70.4785
-70.481
-70.4835
-70.486
-70.4884
-70.4908
-70.4932
-70.4955
-70.4978
-70.5001
-70.5024
-70.5046
-70.5068
-70.509
-70.5112
-70.5133
-70.5154
-70.5175
-70.5196
-70.5216
-70.5236
-70.5256
-70.5276
-70.5295
-70.5315
-70.5334
-70.5352
-70.5371
-70.5389
-70.5407
-70.5425
-70.5443
-70.5461
-70.5478
-70.5495
-70.5512
-70.5528
-70.5545
-70.5561
-70.5577
-70.5593
-70.5609
-70.5624
-70.5639
-70.5655
-70.5669
-70.5684
-70.5699
-70.5713
-70.5727
-70.5741
-70.5755
-70.5769
-70.5782
-70.5796
-70.5809
-70.5822
-70.5835
-70.5848
-70.586
-70.5873
-70.5885
-70.5897
-70.5909
-70.5921
-70.5932
-70.5944
-70.5955
-70.5966
-70.5977
-70.5988
-70.5999
-70.601
-70.602
-70.603
-70.6041
-70.6051
-70.6061
-70.6071
-70.608
-70.609
-70.6099
-70.6109
-70.6118
-70.6127
-70.6136
-70.6145
-70.6154
-70.6162
-70.6171
-70.6179
-70.6187
-70.6196
-70.6204
-70.6212
-70.622
-70.6227
-70.6235
-70.6242
-70.625
-70.6257
-70.6265
-70.6272
-70.6279
-70.6286
-70.6293
-70.6299
-70.6306
-70.6313
-70.6319
-70.6325
-70.6332
-70.6338
-70.6344
-70.635
-70.6356
-70.6362
-70.6368
-70.6374
-70.6379
-70.6385
-70.639
-70.6396
-70.6401
-70.6406
-70.6411
-70.6417
-70.6422
-70.6427
-70.6431
-70.6436
-70.6441
-70.6446
-70.645
-70.6455
-70.6459
-70.6464
-70.6468
-70.6472
-70.6476
-70.6481
-70.6485
-70.6489
-70.6493
-70.6497
-70.65
-70.6504
-70.6508
-70.6512
-70.6515
-70.6519
-70.6522
-70.6526
-70.6529
-70.6533
-70.6536
-70.6539
-70.6542
-70.6545
-70.6549
-70.6552
-70.6555
-70.6558
-70.656
-70.6563
-70.6566
-70.6569
-70.6572
-70.6574
-70.6577
-70.658
-70.6582
-70.6585
-70.6587
-70.6589
-70.6592
-70.6594
-70.6597
-70.6599
-70.6601
-70.6603
-70.6605
-70.6607
-70.661
-70.6612
-70.6614
-70.6616
-70.6617
-70.6619
-70.6621
-70.6623
-70.6625
-70.6627
-70.6628
-70.663
-70.6632
-70.6633
-70.6635
-70.6637
-70.6638
-70.664
-70.6641
-70.6643
-70.6644
-70.6646
-70.6647
-70.6648
-70.665
-70.6651
-70.6652
-70.6653
-70.6655
-70.6656
-70.6657
-70.6658
-70.6659
-70.666
-70.6662
-70.6663
-70.6664
-70.6665
-70.6666
-70.6667
-70.6668
-70.6669
-70.667
-70.667
-70.6671
-70.6672
-70.6673
-70.6674
-70.6675
-70.6675
-70.6676
-70.6677
-70.6678
-70.6678
-70.6679
-70.668
-70.668
-70.6681
-70.6682
-70.6682
-70.6683
-70.6683
-70.6684
-70.6685
-70.6685
-70.6686
-70.6686
-70.6687
-70.6687
-70.6688
-70.6688
-70.6688
-70.6689
-70.6689
-70.669
-70.669
-70.669
-70.6691
-70.6691
-70.6691
-70.6692
-70.6692
-70.6692
-70.6693
-70.6693
-70.6693
-70.6694
-70.6694
-70.6694
-70.6694
-70.6694
-70.6695
-70.6695
-70.6695
-70.6695
-70.6695
-70.6696
-70.6696
-70.6696
-70.6696
-70.6696
-70.6696
-70.6696
-70.6697
-70.6697
-70.6697
-70.6697
-70.6697
-70.6697
-70.6697
-70.6697
-70.6697
-70.6697
-70.6697
-70.6697
-70.6697
-70.6697
-70.6697
-70.6697
-70.6697
-70.6697
-70.6697
-70.6697
-70.6697
-70.6697
-70.6697
-70.6697
-70.6697
-70.6697
-70.6697
-70.6697
-70.6697
-70.6697
-70.6697
-70.6697
-70.6697
-70.6697
-70.6697
-70.6696
-70.6696
-70.6696
-70.6696
-70.6696
-70.6696
-70.6696
-70.6696
-70.6696
-70.6695
-70.6695
-70.6695
-70.6695
-70.6695
-70.6695
-70.6695
-70.6695
-70.6694
-70.6694
-70.6694
-70.6694
-70.6694
-70.6694
-70.6693
-70.6693
-70.6693
-70.6693
-70.6693
-70.6693
-70.6693
-70.6692
-70.6692
-70.6692
-70.6692
-70.6692
-70.6691
-70.6691
-70.6691
-70.6691
-70.6691
-70.6691
-70.669
-70.669
-70.669
-70.669
-70.669
-70.6689
-70.6689
-70.6689
-70.6689
-70.6689
-70.6688
-70.6688
-70.6688
-70.6688
-70.6688
-70.6687
-70.6687
-70.6687
-70.6687
-70.6686
-70.6686
-70.6686
-70.6686
-70.6686
-70.6685
-70.6685
-70.6685
-70.6685
-70.6685
-70.6684
-70.6684
-70.6684
-70.6684
-70.6684
-70.6683
-70.6683
-70.6683
-70.6683
-70.6682
-70.6682
-70.6682
-70.6682
-70.6682
-70.6681
-70.6681
-70.6681
-70.6681
-70.6681
-70.6815
-70.9748
-71.7594
-72.6705
-73.4
-73.8803
-74.1345
-74.2588
-74.3185
-74.3484
-74.3728
-74.4161
-74.4765
-74.5396
-74.5946
-74.6311
-74.6485
-74.6527
-74.6496
-74.6434
-74.6379
-74.6454
-74.6685
-74.6975
-62.459
-53.318
-50.5197
-48.0213
-40.2036
-0.350447
-32.0599
-65.7173
-69.5113
-68.5477
-67.5015
-66.4236
-65.3299
-64.2375
-63.1635
-62.1244
-61.1274
-60.1648
-59.2823
-58.4811
-57.7599
-57.1173
-56.5499
-56.0546
-55.6253
-55.2578
-54.9457
-54.6809
-54.4251
-54.2161
-54.0516
-53.9204
-53.816
-53.7336
-53.669
-53.619
-53.581
-53.5528
-53.5326
-53.5189
-53.5104
-53.5061
-53.5054
-53.5075
-53.5121
-53.5187
-53.4611
-53.4161
-53.3985
-53.3938
-53.3947
-53.3981
-53.4026
-53.4076
-53.4122
-53.4164
-53.4201
-53.4231
-53.425
-53.4254
-53.4235
-53.4181
-53.4072
-53.3864
-53.3441
-53.2315
-52.3549
-50.8354
-50.894
-51.3644
-51.8297
-52.179
-52.4105
-52.5583
-52.6564
-52.7298
-52.7946
-52.8614
-52.9382
-53.0323
-53.1519
-53.3042
-53.4945
-53.7209
-53.9763
-54.2542
-54.5495
-54.8613
-55.1964
-55.5584
-55.936
-53.9322
-53.4104
-53.3067
-53.3108
-53.342
-53.3785
-53.4144
-53.4486
-53.4812
-53.5129
-53.5441
-53.5754
-53.6073
-53.6402
-53.6746
-53.711
-53.7497
-53.7912
-53.8359
-53.8841
-53.9361
-53.9923
-54.0531
-54.1188
-54.19
-54.2667
-54.3492
-54.4382
-54.5342
-54.6377
-54.749
-54.8687
-54.9976
-55.1362
-55.2849
-55.4437
-55.6127
-55.7923
-55.983
-56.1854
-56.3997
-56.6256
-56.8628
-57.111
-57.3693
-57.6374
-57.9145
-58.1999
-58.493
-58.7932
-59.1128
-59.4468
-59.7812
-60.1142
-60.4458
-60.7765
-61.1057
-61.4324
-61.7558
-62.0751
-62.3954
-62.7243
-63.0451
-63.3529
-63.6482
-63.9316
-64.2042
-64.493
-64.7856
-65.0587
-65.3115
-65.5612
-65.8046
-66.0315
-66.2472
-66.4541
-66.6522
-66.8486
-67.0543
-67.2501
-67.4304
-67.5979
-67.7708
-67.9382
-68.091
-68.2298
-68.3569
-68.4743
-68.5968
-68.7208
-68.8343
-68.9364
-69.0295
-69.1298
-69.2303
-69.3208
-69.4012
-69.4734
-69.5395
-69.6141
-69.6906
-69.7593
-69.8197
-69.8735
-69.9293
-69.9936
-70.0529
-70.1045
-70.1494
-70.1894
-70.2371
-70.2892
-70.3354
-70.375
-70.4093
-70.4396
-70.4767
-70.5204
-70.5594
-70.5923
-70.6202
-70.648
-70.6859
-70.7221
-70.7524
-70.7775
-70.7987
-70.817
-70.8424
-70.8745
-56.2095
-51.8753
-50.1307
-48.7253
-46.8668
-41.069
5.83541
-30.2177
-61.5209
-68.212
-67.3067
-66.2414
-65.1606
-64.0849
-63.0317
-62.0171
-61.0553
-60.1567
-59.3291
-58.5773
-57.9036
-57.3075
-56.7864
-56.3377
-55.9575
-55.6377
-55.3753
-55.1647
-54.9967
-54.8664
-54.7693
-54.7013
-54.6585
-54.6375
-54.6349
-54.6488
-54.685
-54.7388
-54.8088
-54.8848
-54.9643
-55.0477
-55.1348
-55.2256
-55.3193
-55.4048
-55.4754
-55.5364
-55.5896
-55.6652
-55.7658
-55.847
-55.8982
-55.9184
-55.9444
-55.9857
-55.9895
-55.9434
-55.8661
-55.9166
-56.3269
-57.0865
-57.9075
-58.7339
-59.3771
-59.8394
-60.1647
-60.5197
-61.3927
-62.7637
-64.3043
-65.8759
-67.2308
-68.1325
-68.708
-69.1106
-69.4418
-69.8014
-70.2713
-70.812
-71.3575
-71.8564
-72.2566
-72.5413
-72.74
-72.8896
-73.0184
-73.1439
-73.2845
-73.4449
-73.6074
-73.7639
-73.9017
-74.0079
-74.0865
-74.1443
-74.1907
-74.233
-74.2794
-74.3335
-74.3897
-74.4475
-74.5011
-74.5454
-74.5775
-74.5992
-74.6139
-74.6251
-74.6369
-74.6517
-74.6705
-74.6912
-74.714
-74.7344
-74.7496
-74.7589
-74.7627
-74.7629
-74.7615
-74.7615
-74.7645
-74.7709
-74.779
-74.7899
-74.8003
-74.8067
-74.809
-74.8076
-74.8037
-74.799
-74.795
-74.7936
-74.7957
-74.7993
-74.8048
-74.8121
-74.8166
-74.8172
-74.8149
-74.8105
-74.805
-74.7995
-74.7956
-74.7949
-74.7969
-74.7999
-74.8047
-74.8102
-74.8129
-74.8117
-74.8082
-74.8035
-74.7979
-74.7923
-74.7887
-74.788
-74.79
-74.7923
-74.7966
-74.8013
-74.8034
-74.8019
-74.7983
-74.7939
-74.789
-74.7841
-74.7807
-74.7796
-74.7813
-74.7834
-74.7861
-74.79
-74.7925
-74.792
-74.7893
-74.7852
-74.7806
-74.7765
-74.7735
-74.7718
-74.7724
-74.7738
-74.7747
-74.7766
-74.7792
-74.781
-74.7803
-74.7777
-74.7738
-74.7698
-74.7667
-74.7648
-74.7633
-74.7638
-74.7648
-74.7652
-74.7655
-74.767
-74.769
-74.7695
-74.7682
-74.7655
-74.7621
-74.7595
-74.7568
-74.7541
-74.7538
-74.7548
-74.7553
-74.7551
-74.7553
-74.7561
-74.7567
-74.7573
-74.7557
-74.7537
-74.7517
-74.7495
-74.7465
-74.7437
-74.743
-74.7446
-74.7452
-74.7458
-74.7466
-74.7471
-74.7466
-74.7467
-74.746
-74.7441
-74.7424
-74.7409
-74.7369
-74.7335
-74.7313
-74.7313
-74.7325
-74.7335
-74.7348
-74.7344
-74.7335
-74.733
-74.7346
-74.7335
-74.7323
-74.7308
-74.7295
-74.7269
-74.7227
-74.7207
-74.7198
-74.7214
-74.7236
-74.7249
-74.7246
-74.724
-74.7234
-74.7236
-74.7241
-74.7231
-74.7201
-74.7176
-74.7143
-74.7121
-74.7092
-74.707
-74.7052
-74.7059
-74.7076
-74.709
-74.7082
-74.7068
-74.7079
-74.71
-74.712
-74.7129
-74.7128
-74.7087
-74.7046
-74.7016
-74.6965
-74.6948
-74.6955
-74.6951
-74.6959
-74.6972
-74.6966
-74.694
-74.6928
-74.6933
-74.6955
-74.6982
-74.6994
-74.6999
-74.6987
-74.6947
-74.6892
-74.6827
-74.676
-74.6718
-74.6739
-74.676
-74.6766
-74.6784
-74.6776
-74.6768
-74.6738
-74.6718
-74.6751
-74.6817
-74.6851
-74.6861
-74.6864
-74.6851
-74.6834
-74.6791
-74.6711
-74.6627
-74.6583
-74.6576
-74.6577
-74.6587
-74.6598
-74.6591
-74.6599
-74.6605
-74.6583
-74.6571
-74.6597
-74.6622
-74.6648
-74.6664
-74.6664
-74.6642
-74.6613
-74.6578
-74.6537
-74.6469
-74.6404
-74.6358
-74.6329
-74.6305
-74.6293
-74.6309
-74.6319
-74.6332
-74.6346
-74.6367
-74.6375
-74.638
-74.6411
-74.6444
-74.6476
-74.65
-74.6479
-74.6441
-74.642
-74.641
-74.6386
-74.6333
-74.6268
-74.6198
-74.6136
-74.6105
-74.6069
-74.604
-74.6031
-74.6032
-74.6049
-74.6112
-74.6152
-74.6164
-74.6157
-74.6143
-74.6158
-74.6182
-74.6209
-74.6218
-74.6195
-74.6142
-74.6091
-74.6064
-74.6035
-74.6014
-74.5978
-74.5933
-74.5873
-74.579
-74.5732
-74.5705
-74.57
-74.5683
-74.5651
-74.5658
-74.5712
-74.5788
-74.5802
-74.5799
-74.5804
-74.5811
-74.5834
-74.5891
-74.5921
-74.593
-74.5939
-74.5932
-74.591
-74.5848
-74.5791
-74.5743
-74.5684
-74.5638
-74.5601
-74.5547
-74.5485
-74.5447
-74.542
-74.5396
-74.5377
-74.5367
-74.5351
-74.5327
-74.5325
-74.5323
-74.5319
-74.531
-74.5333
-74.5362
-74.5367
-74.5391
-74.5481
-74.5566
-74.5588
-74.5568
-74.5548
-74.5498
-74.5438
-74.5374
-74.5295
-74.5218
-74.5155
-74.5092
-74.5049
-74.5002
-74.4969
-74.4924
-74.4859
-74.4811
-74.485
-74.4892
-74.4911
-74.492
-74.4894
-74.4837
-74.4762
-74.4688
-74.4641
-74.462
-74.4594
-74.4571
-74.4583
-74.4662
-74.4757
-74.4845
-74.4929
-74.4986
-74.5017
-74.5051
-74.5043
-74.5056
-74.5031
-74.496
-74.4873
-74.4797
-74.4709
-74.4606
-74.4497
-74.4403
-74.4333
-74.4294
-74.4285
-74.4261
-74.426
-74.4267
-74.4303
-74.4348
-74.4353
-74.4344
-74.4337
-74.4289
-74.4188
-74.4063
-74.3967
-74.3918
-74.3908
-74.3905
-74.3895
-74.3861
-74.3844
-74.3841
-74.3834
-74.3887
-74.393
-74.397
-74.4019
-74.4071
-74.4127
-74.417
-74.4182
-74.418
-74.415
-74.4138
-74.417
-74.4153
-74.4114
-74.4065
-74.3979
-74.3861
-74.3735
-74.3624
-74.3499
-74.3371
-74.3283
-74.3272
-74.3326
-74.3335
-74.3315
-74.3301
-74.3326
-74.3418
-74.3431
-74.3381
-74.3321
-74.324
-74.3136
-74.3003
-74.2867
-74.2753
-74.2645
-74.2543
-74.2459
-74.24
-74.2421
-74.2455
-74.2489
-74.2575
-74.2609
-74.2568
-74.2517
-74.246
-74.2383
-74.2297
-74.23
-74.2332
-74.2399
-74.245
-74.2469
-74.2457
-74.2493
-74.2533
-74.2539
-74.2506
-74.243
-74.2364
-74.2389
-74.241
-74.2515
-74.2662
-74.275
-74.278
-74.2759
-74.2673
-74.2605
-74.2526
-74.2394
-74.2305
-74.2259
-74.2241
-74.224
-74.2198
-74.2116
-74.2022
-74.1924
-74.1829
-74.1774
-74.1742
-74.169
-74.1665
-74.1678
-74.1638
-74.1579
-74.1517
-74.1484
-74.1448
-74.1397
-74.1321
-74.1181
-74.0986
-74.075
-74.0486
-74.0232
-74.0092
-74.0079
-74.0091
-74.0117
-74.0172
-74.0249
-74.0333
-74.0378
-74.0393
-74.0336
-74.0241
-74.0149
-74.0059
-73.9991
-73.9897
-73.9743
-73.9552
-73.946
-73.9456
-73.9514
-73.9564
-73.9602
-73.9627
-73.9625
-73.9706
-73.9782
-73.983
-73.9857
-73.9879
-73.9865
-73.9816
-73.9796
-73.9743
-73.9683
-73.9654
-73.9638
-73.9645
-73.9621
-73.9557
-73.9527
-73.9592
-73.9668
-73.9727
-73.9793
-73.9843
-73.9903
-73.9983
-74.0097
-74.0234
-74.0282
-74.0297
-74.0315
-74.0257
-74.0129
-74.0008
-73.9895
-73.9815
-73.9748
-73.9668
-73.9658
-73.9721
-73.9829
-73.9903
-73.9929
-73.9871
-73.9779
-73.9647
-73.9465
-73.9284
-73.915
-73.9007
-73.8863
-73.8718
-73.8618
-73.8491
-73.8364
-73.8257
-73.814
-73.8031
-73.7978
-73.7981
-73.7925
-73.781
-73.769
-73.7558
-73.7428
-73.73
-73.7218
-73.7189
-73.7111
-73.6967
-73.6828
-73.6676
-73.6492
-73.6394
-73.6304
-73.6193
-73.6131
-73.6065
-73.594
-73.5806
-73.5745
-73.5665
-73.5559
-73.5459
-73.5316
-73.5169
-73.5038
-73.4871
-73.4665
-73.4436
-73.4318
-73.4245
-73.4124
-73.3981
-73.3869
-73.3728
-73.3639
-73.3681
-73.3777
-73.395
-73.4116
-73.4179
-73.4139
-73.4025
-73.386
-73.3725
-73.3605
-73.3464
-73.3367
-73.3249
-73.3086
-73.2886
-73.266
-73.2414
-73.2156
-73.1888
-73.1639
-73.1473
-73.1307
-73.1112
-73.089
-73.065
-73.0396
-73.0134
-72.9866
-72.9595
-72.9321
-72.9046
-72.8835
-72.8704
-72.8559
-72.8382
-72.8183
-72.8069
-72.7989
-72.7874
-72.7719
-72.7535
-72.7331
-72.7114
-72.6887
-72.6654
-72.6418
-72.6178
-72.5937
-72.5696
-72.5455
-72.5214
-72.4989
-72.4897
-72.4832
-72.4733
-72.4596
-72.4434
-72.4253
-72.406
-72.386
-72.3655
-72.3446
-72.3236
-72.3025
-72.2813
-72.2602
-72.2392
-72.2182
-72.1974
-72.1767
-72.1561
-72.1358
-72.1156
-72.0956
-72.0758
-72.0562
-72.0367
-72.0175
-71.9985
-71.9797
-71.9611
-71.9427
-71.9245
-71.9065
-71.8887
-71.8712
-71.8538
-71.8366
-71.8196
-71.8029
-71.7863
-71.7699
-71.7537
-71.7377
-71.7219
-71.7063
-71.6909
-71.6756
-71.6606
-71.6457
-71.631
-71.6165
-71.6022
-71.588
-71.574
-71.5602
-71.5465
-71.5331
-71.5197
-71.5066
-71.4936
-71.4808
-71.4681
-71.4556
-71.4433
-71.4311
-71.419
-71.4071
-71.3954
-71.3838
-71.3723
-71.361
-71.3499
-71.3388
-71.328
-71.3172
-71.3066
-71.2962
-71.2859
-71.2757
-71.2656
-71.2557
-71.2459
-71.2362
-71.2267
-71.2173
-71.208
-71.1988
-71.1898
-71.1808
-71.172
-71.1633
-71.1547
-71.1463
-71.1379
-71.1297
-71.1215
-71.1135
-71.1056
-71.0978
-71.09
-71.0824
-71.0749
-71.0675
-71.0602
-71.053
-71.0459
-71.0389
-71.0319
-71.0251
-71.0184
-71.0117
-71.0052
-70.9987
-70.9923
-70.9861
-70.9799
-70.9737
-70.9677
-70.9618
-70.9559
-70.9501
-70.9444
-70.9388
-70.9333
-70.9278
-70.9224
-70.9171
-70.9119
-70.9067
-70.9016
-70.8966
-70.8917
-70.8868
-70.882
-70.8772
-70.8726
-70.868
-70.8634
-70.859
-70.8546
-70.8502
-70.846
-70.8418
-70.8376
-70.8335
-70.8295
-70.8255
-70.8216
-70.8178
-70.814
-70.8102
-70.8066
-70.8029
-70.7994
-70.7958
-70.7924
-70.789
-70.7856
-70.7823
-70.779
-70.7758
-70.7727
-70.7696
-70.7665
-70.7635
-70.7605
-70.7576
-70.7548
-70.7519
-70.7492
-70.7464
-70.7437
-70.7411
-70.7385
-70.7359
-70.7334
-70.7309
-70.7285
-70.7261
-70.7237
-70.7214
-70.7191
-70.7168
-70.7146
-70.7124
-70.7103
-70.7082
-70.7061
-70.7041
-70.7021
-70.7002
-70.6982
-70.6963
-70.6945
-70.6926
-70.6908
-70.6891
-70.6873
-70.6856
-70.684
-70.6823
-70.6807
-70.6791
-70.6776
-70.676
-70.6745
-70.6731
-70.6716
-70.6702
-70.6688
-70.6674
-70.6661
-70.6648
-70.6635
-70.6622
-70.661
-70.6598
-70.6586
-70.6574
-70.6563
-70.6551
-70.654
-70.6529
-70.6519
-70.6508
-70.6498
-70.6488
-70.6479
-70.6469
-70.646
-70.6451
-70.6442
-70.6433
-70.6424
-70.6416
-70.6408
-70.64
-70.6392
-70.6384
-70.6377
-70.6369
-70.6362
-70.6355
-70.6348
-70.6342
-70.6335
-70.6329
-70.6323
-70.6317
-70.6311
-70.6305
-70.6299
-70.6294
-70.6289
-70.6284
-70.6278
-70.6274
-70.6269
-70.6264
-70.626
-70.6255
-70.6251
-70.6247
-70.6243
-70.6239
-70.6235
-70.6231
-70.6228
-70.6224
-70.6221
-70.6218
-70.6215
-70.6212
-70.6209
-70.6206
-70.6203
-70.6201
-70.6198
-70.6196
-70.6193
-70.6191
-70.6189
-70.6187
-70.6185
-70.6183
-70.6181
-70.6179
-70.6178
-70.6176
-70.6175
-70.6173
-70.6172
-70.6171
-70.6169
-70.6168
-70.6167
-70.6166
-70.6165
-70.6164
-70.6164
-70.6163
-70.6162
-70.6162
-70.6161
-70.6161
-70.616
-70.616
-70.616
-70.6159
-70.6159
-70.6159
-70.6159
-70.6159
-70.6159
-70.6159
-70.6159
-70.6159
-70.616
-70.616
-70.616
-70.6161
-70.6161
-70.6161
-70.6162
-70.6162
-70.6163
-70.6164
-70.6164
-70.6165
-70.6166
-70.6166
-70.6167
-70.6168
-70.6169
-70.617
-70.6171
-70.6172
-70.6173
-70.6174
-70.6175
-70.6176
-70.6177
-70.6178
-70.6179
-70.618
-70.6182
-70.6183
-70.6184
-70.6185
-70.6187
-70.6188
-70.6189
-70.6191
-70.6192
-70.6193
-70.6195
-70.6196
-70.6198
-70.6199
-70.6201
-70.6202
-70.6204
-70.6205
-70.6207
-70.6209
-70.621
-70.6212
-70.6213
-70.6215
-70.6217
-70.6218
-70.622
-70.6222
-70.6224
-70.6225
-70.6227
-70.6229
-70.6231
-70.6232
-70.6234
-70.6236
-70.6238
-70.6239
-70.6241
-70.6243
-70.6245
-70.6247
-70.6249
-70.625
-70.6252
-70.6254
-70.6256
-70.6258
-70.626
-70.6261
-70.6263
-70.6265
-70.6267
-70.6269
-70.6271
-70.6273
-70.6275
-70.6277
-70.6278
-70.628
-70.6282
-70.6284
-70.6286
-70.6288
-70.629
-70.6292
-70.6294
-70.6296
-70.6298
-70.6299
-70.6301
-70.6303
-70.6305
-70.6307
-70.6309
-70.6311
-70.6313
-70.6315
-70.6317
-70.6318
-70.632
-70.6322
-70.6324
-70.6326
-70.6328
-70.633
-70.6332
-70.6334
-70.6335
-70.6337
-70.6339
-70.6341
-70.6343
-70.6345
-70.6347
-70.6348
-70.635
-70.6352
-70.6354
-70.6356
-70.6357
-70.6359
-70.6361
-70.6363
-70.6365
-70.6367
-70.6368
-70.637
-70.6372
-70.6374
-70.6375
-70.6377
-70.6379
-70.6381
-70.6382
-70.6384
-70.6386
-70.6388
-70.6389
-70.6391
-70.6393
-70.6394
-70.6396
-70.6398
-70.64
-70.6401
-70.6403
-70.6405
-70.6406
-70.6408
-70.6409
-70.6411
-70.6413
-70.6414
-70.6416
-70.6418
-70.6419
-70.6421
-70.6422
-70.6424
-70.6425
-70.6427
-70.6429
-70.643
-70.6432
-70.6433
-70.6435
-70.6436
-70.6438
-70.6439
-70.6441
-70.6442
-70.6444
-70.6445
-70.6447
-70.6448
-70.645
-70.6451
-70.6452
-70.6454
-70.6455
-70.6457
-70.6458
-70.646
-70.6461
-70.6462
-70.6464
-70.6465

