-70
-70.1661
-70.23
-70.2566
-70.2695
-70.2773
-70.283
-70.2879
-70.2925
-70.297
-70.3014
-70.3057
-70.31
-70.3142
-70.3185
-70.3226
-70.3268
-70.3309
-70.335
-70.3391
-70.3431
-70.3471
-70.351
-70.3549
-70.3588
-70.3626
-70.3664
-70.3701
-70.3738
-70.3775
-70.3811
-70.3847
-70.3883
-70.3918
-70.3953
-70.3987
-70.4021
-70.4055
-70.4088
-70.4121
-70.4154
-70.4186
-70.4218
-70.4249
-70.428
-70.4311
-70.4341
-70.4372
-70.4401
-70.4431
-70.446
-70.4489
-70.4517
-70.4545
-70.4573
-70.4601
-70.4628
-70.4655
-70.4682
-70.4708
-70.4734
-70.476
-70.4785
-70.481
-70.4835
-70.486
-70.4884
-70.4908
-70.4932
-70.4955
-70.4978
-70.5001
-70.5024
-70.5046
-70.5068
-70.509
-70.5112
-70.5133
-70.5154
-70.5175
-70.5196
-70.5216
-70.5236
-70.5256
-70.5276
-70.5295
-70.5315
-70.5334
-70.5352
-70.5371
-70.5389
-70.5407
-70.5425
-70.5443
-70.5461
-70.5478
-70.5495
-70.5512
-70.5528
-70.5545
-70.5561
-70.5577
-70.5593
-70.5609
-70.5624
-70.5639
-70.5655
-70.5669
-70.5684
-70.5699
-70.5713
-70.5727
-70.5741
-70.5755
-70.5769
-70.5782
-70.5796
-70.5809
-70.5822
-70.5835
-70.5848
-70.586
-70.5873
-70.5885
-70.5897
-70.5909
-70.5921
-70.5932
-70.5944
-70.5955
-70.5966
-70.5977
-70.5988
-70.5999
-70.601
-70.602
-70.603
-70.6041
-70.6051
-70.6061
-70.6071
-70.608
-70.609
-70.6099
-70.6109
-70.6118
-70.6127
-70.6136
-70.6145
-70.6154
-70.6162
-70.6171
-70.6179
-70.6187
-70.6196
-70.6204
-70.6212
-70.622
-70.6227
-70.6235
-70.6242
-70.625
-70.6257
-70.6265
-70.6272
-70.6279
-70.6286
-70.6293
-70.6299
-70.6306
-70.6313
-70.6319
-70.6325
-70.6332
-70.6338
-70.6344
-70.635
-70.6356
-70.6362
-70.6368
-70.6374
-70.6379
-70.6385
-70.639
-70.6396
-70.6401
-70.6406
-70.6411
-70.6417
-70.6422
-70.6427
-70.6431
-70.6436
-70.6441
-70.6446
-70.645
-70.6455
-70.6459
-70.6464
-70.6468
-70.6472
-70.6476
-70.6481
-70.6485
-70.6489
-70.6493
-70.6497
-70.65
-70.6504
-70.6508
-70.6512
-70.6515
-70.6519
-70.6522
-70.6526
-70.6529
-70.6533
-70.6536
-70.6539
-70.6542
-70.6545
-70.6549
-70.6552
-70.6555
-70.6558
-70.656
-70.6563
-70.6566
-70.6569
-70.6572
-70.6574
-70.6577
-70.658
-70.6582
-70.6585
-70.6587
-70.6589
-70.6592
-70.6594
-70.6597
-70.6599
-70.6601
-70.6603
-70.6605
-70.6607
-70.661
-70.6612
-70.6614
-70.6616
-70.6617
-70.6619
-70.6621
-70.6623
-70.6625
-70.6627
-70.6628
-70.663
-70.6632
-70.6633
-70.6635
-70.6637
-70.6638
-70.664
-70.6641
-70.6643
-70.6644
-70.6646
-70.6647
-70.6648
-70.665
-70.6651
-70.6652
-70.6653
-70.6655
-70.6656
-70.6657
-70.6658
-70.6659
-70.666
-70.6662
-70.6663
-70.6664
-70.6665
-70.6666
-70.6667
-70.6668
-70.6669
-70.667
-70.667
-70.6671
-70.6672
-70.6673
-70.6674
-70.6675
-70.6675
-70.6676
-70.6677
-70.6678
-70.6678
-70.6679
-70.668
-70.668
-70.6681
-70.6682
-70.6682
-70.6683
-70.6683
-70.6684
-70.6685
-70.6685
-70.6686
-70.6686
-70.6687
-70.6687
-70.6688
-70.6688
-70.6688
-70.6689
-70.6689
-70.669
-70.669
-70.669
-70.6691
-70.6691
-70.6691
-70.6692
-70.6692
-70.6692
-70.6693
-70.6693
-70.6693
-70.6694
-70.6694
-70.6694
-70.6694
-70.6694
-70.6695
-70.6695
-70.6695
-70.6695
-70.6695
-70.6696
-70.6696
-70.6696
-70.6696
-70.6696
-70.6696
-70.6696
-70.6697
-70.6697
-70.6697
-70.6697
-70.6697
-70.6697
-70.6697
-70.6697
-70.6697
-70.6697
-70.6697
-70.6697
-70.6697
-70.6697
-70.6697
-70.6697
-70.6697
-70.6697
-70.6697
-70.6697
-70.6697
-70.6697
-70.6697
-70.6697
-70.6697
-70.6697
-70.6697
-70.6697
-70.6697
-70.6697
-70.6697
-70.6697
-70.6697
-70.6697
-70.6697
-70.6696
-70.6696
-70.6696
-70.6696
-70.6696
-70.6696
-70.6696
-70.6696
-70.6696
-70.6695
-70.6695
-70.6695
-70.6695
-70.6695
-70.6695
-70.6695
-70.6695
-70.6694
-70.6694
-70.6694
-70.6694
-70.6694
-70.6694
-70.6693
-70.6693
-70.6693
-70.6693
-70.6693
-70.6693
-70.6693
-70.6692
-70.6692
-70.6692
-70.6692
-70.6692
-70.6691
-70.6691
-70.6691
-70.6691
-70.6691
-70.6691
-70.669
-70.669
-70.669
-70.669
-70.669
-70.6689
-70.6689
-70.6689
-70.6689
-70.6689
-70.6688
-70.6688
-70.6688
-70.6688
-70.6688
-70.6687
-70.6687
-70.6687
-70.6687
-70.6686
-70.6686
-70.6686
-70.6686
-70.6686
-70.6685
-70.6685
-70.6685
-70.6685
-70.6685
-70.6684
-56.152
-51.821
-49.9377
-48.1056
-44.2034
4.8907
-23.9097
-52.7932
-68.8105
-68.1282
-67.0858
-66.0121
-64.9291
-63.8548
-62.806
-61.7983
-60.845
-59.9563
-59.1396
-58.4161
-57.8287
-57.346
-56.9368
-56.5833
-56.2789
-55.6461
-54.9373
-54.5657
-54.3275
-54.1568
-54.0281
-53.9297
-53.8555
-53.8004
-53.7605
-53.7335
-53.7174
-53.7109
-53.713
-53.7244
-53.7457
-53.7749
-53.6828
-53.5312
-53.4695
-53.4505
-53.4499
-53.4577
-53.4696
-53.4456
-53.4261
-53.4205
-53.4229
-53.4293
-53.4377
-53.4369
-53.4245
-53.4197
-53.4205
-53.4245
-53.4303
-53.4371
-53.4416
-53.4308
-53.4244
-53.4233
-53.4254
-53.4292
-53.4342
-53.4398
-53.4459
-53.4437
-53.4318
-53.4261
-53.4251
-53.4268
-53.43
-53.4341
-53.4388
-53.4439
-53.4494
-53.4552
-53.4569
-53.4388
-53.4281
-53.4243
-53.4243
-53.4262
-53.4292
-53.4327
-53.4366
-53.4408
-53.4452
-53.4498
-53.4545
-53.4591
-53.4631
-53.4667
-53.4697
-53.4559
-53.425
-53.4105
-53.4044
-53.4011
-53.3979
-53.3928
-53.3828
-53.359
-53.2437
-52.6815
-52.5937
-52.7135
-52.8501
-52.9586
-53.0353
-53.0872
-53.1227
-53.149
-53.1715
-53.1939
-53.2189
-53.249
-53.2872
-53.3365
-53.3996
-53.4767
-53.5091
-53.4891
-53.4796
-53.4772
-53.4795
-53.4854
-53.4941
-53.5051
-53.5182
-53.5334
-53.5509
-53.5707
-53.5929
-53.6176
-53.645
-53.6753
-53.7087
-53.7455
-53.7861
-53.8305
-53.8791
-53.9322
-53.9901
-54.0531
-54.1216
-54.196
-54.2764
-54.3632
-54.457
-54.5582
-54.6676
-54.7853
-54.9122
-55.0489
-55.196
-55.3538
-54.6305
-53.5353
-53.2717
-53.2379
-53.2662
-53.3086
-53.3514
-53.391
-53.4272
-53.4604
-53.4911
-53.5202
-53.5482
-53.5757
-53.6032
-53.6312
-53.661
-53.6924
-53.7251
-53.7596
-53.7962
-53.8354
-53.8775
-53.9227
-53.9714
-54.0239
-54.0819
-54.1458
-54.214
-54.2867
-54.369
-54.4581
-54.5517
-54.6506
-54.7555
-54.8671
-54.9867
-55.124
-55.2796
-55.4402
-55.6101
-55.7899
-55.9749
-54.851
-53.4263
-53.1201
-53.0961
-53.1424
-53.2017
-53.2578
-53.307
-53.35
-53.3876
-53.4207
-53.4504
-53.4777
-53.5033
-53.5279
-53.5524
-53.5787
-53.6056
-53.6331
-53.6625
-53.693
-53.7248
-53.7584
-53.7943
-53.8328
-53.8741
-53.92
-53.973
-54.0321
-54.0949
-54.1645
-54.2379
-54.3143
-54.3946
-54.4798
-54.5705
-54.6672
-54.7733
-54.8928
-55.0245
-55.1676
-55.3237
-55.4877
-55.6538
-55.8231
-55.9974
-56.1778
-56.3649
-56.5589
-56.7751
-57.002
-57.2371
-56.9239
-53.6517
-52.9466
-52.8553
-52.9169
-53.0093
-53.0979
-53.1742
-53.238
-53.2919
-53.3379
-53.3773
-53.4127
-53.4456
-53.4758
-53.5038
-53.5305
-53.5566
-53.5826
-53.609
-53.6364
-53.667
-53.6996
-53.7336
-53.7698
-53.8132
-53.8618
-53.9121
-53.9646
-54.0201
-54.0793
-54.1439
-54.2181
-54.2971
-54.3812
-54.4801
-54.5886
-54.7001
-54.8151
-54.9356
-54.6684
-53.5299
-53.2607
-53.2243
-53.2475
-53.2834
-53.3195
-53.3524
-53.3814
-53.4072
-53.4305
-53.452
-53.4722
-53.4917
-53.511
-53.5314
-53.5524
-53.575
-53.6
-53.6265
-53.6555
-53.6879
-53.7216
-53.7567
-53.7941
-53.8423
-53.9201
-54.0211
-54.1309
-54.2387
-54.3436
-54.4519
-54.5609
-54.6801
-54.8561
-55.0982
-55.3953
-55.7356
-56.0519
-56.3421
-56.6108
-56.8769
-57.1556
-57.4635
-57.8373
-58.2835
-58.7747
-59.2796
-59.7556
-60.2058
-60.6461
-61.0821
-61.5266
-62.0006
-62.5221
-63.0711
-63.6357
-64.2098
-64.7609
-65.2768
-65.7683
-66.2349
-66.6882
-67.14
-67.5932
-68.0543
-68.5137
-68.967
-69.4048
-69.8015
-70.1576
-70.483
-70.7841
-71.0685
-71.3411
-71.6085
-71.8742
-72.1284
-72.3706
-72.5947
-72.7897
-72.958
-73.1064
-73.2412
-73.365
-73.4807
-73.5937
-73.7055
-73.8136
-73.9154
-74.008
-74.0868
-74.1529
-74.209
-74.2588
-74.3028
-74.3429
-74.3821
-74.4234
-74.4643
-74.5028
-74.5379
-74.5676
-74.5906
-74.6086
-74.6233
-74.6359
-74.647
-74.6574
-74.67
-74.6862
-74.702
-74.7169
-74.7292
-74.7379
-74.7438
-74.7473
-74.7479
-74.748
-74.7483
-74.7487
-74.7521
-74.7587
-74.765
-74.7719
-74.777
-74.7797
-74.7809
-74.7802
-74.7777
-74.7747
-74.7727
-74.7706
-74.7708
-74.7738
-74.7763
-74.7801
-74.7828
-74.7844
-74.7845
-74.7822
-74.7788
-74.7747
-74.7707
-74.7674
-74.7657
-74.7662
-74.7683
-74.7699
-74.7733
-74.7759
-74.7772
-74.7766
-74.7738
-74.7703
-74.7671
-74.7631
-74.759
-74.7567
-74.7561
-74.7576
-74.7587
-74.7607
-74.7627
-74.7637
-74.7628
-74.761
-74.7576
-74.7545
-74.7512
-74.7476
-74.7446
-74.7434
-74.7441
-74.7466
-74.7481
-74.7511
-74.7525
-74.7518
-74.7506
-74.7482
-74.7455
-74.7424
-74.7387
-74.7342
-74.7308
-74.7283
-74.7285
-74.7312
-74.7345
-74.7368
-74.7375
-74.7363
-74.7348
-74.7332
-74.7323
-74.7312
-74.7283
-74.724
-74.719
-74.7164
-74.7154
-74.7167
-74.7201
-74.724
-74.7244
-74.724
-74.7229
-74.7204
-74.7192
-74.7182
-74.7162
-74.7137
-74.7094
-74.7049
-74.703
-74.7
-74.6998
-74.702
-74.7053
-74.7071
-74.7075
-74.7079
-74.7077
-74.7059
-74.7055
-74.7054
-74.7022
-74.6987
-74.6963
-74.6929
-74.6901
-74.687
-74.6863
-74.6868
-74.6861
-74.6886
-74.6905
-74.6907
-74.6903
-74.6898
-74.6893
-74.6884
-74.6868
-74.6862
-74.6844
-74.6804
-74.6768
-74.6739
-74.671
-74.6706
-74.6694
-74.6665
-74.6665
-74.6697
-74.6723
-74.6733
-74.6735
-74.6745
-74.6742
-74.6723
-74.6718
-74.6712
-74.6682
-74.6636
-74.66
-74.6577
-74.6555
-74.6539
-74.6516
-74.6477
-74.6454
-74.6443
-74.6464
-74.6486
-74.6499
-74.6515
-74.6519
-74.6543
-74.6549
-74.6555
-74.6548
-74.6519
-74.6475
-74.6432
-74.6402
-74.6364
-74.6337
-74.6319
-74.6284
-74.6245
-74.6221
-74.6229
-74.626
-74.6294
-74.6284
-74.6282
-74.6283
-74.6271
-74.6273
-74.6294
-74.6316
-74.6317
-74.631
-74.6273
-74.6245
-74.6202
-74.6161
-74.6116
-74.6091
-74.6052
-74.598
-74.592
-74.5925
-74.5973
-74.6015
-74.6058
-74.6068
-74.6038
-74.6003
-74.5961
-74.5946
-74.5994
-74.6038
-74.6082
-74.6089
-74.6059
-74.6012
-74.5948
-74.5911
-74.5909
-74.5892
-74.5865
-74.5794
-74.5721
-74.5693
-74.5711
-74.5743
-74.574
-74.5718
-74.5718
-74.5716
-74.5679
-74.5628
-74.5592
-74.5575
-74.5573
-74.5622
-74.569
-74.5726
-74.571
-74.5669
-74.5646
-74.5644
-74.5628
-74.5595
-74.556
-74.5544
-74.5507
-74.5486
-74.5486
-74.5476
-74.5421
-74.54
-74.5365
-74.533
-74.5285
-74.5262
-74.5254
-74.5223
-74.5199
-74.5217
-74.5247
-74.5282
-74.5296
-74.5277
-74.5239
-74.5227
-74.5224
-74.5219
-74.5195
-74.5179
-74.5187
-74.5189
-74.516
-74.5175
-74.5275
-74.5322
-74.528
-74.5204
-74.5107
-74.4969
-74.4892
-74.488
-74.4831
-74.4787
-74.4749
-74.469
-74.4625
-74.4631
-74.4648
-74.4613
-74.4633
-74.4709
-74.475
-74.4739
-74.4678
-74.462
-74.4572
-74.4553
-74.4542
-74.4533
-74.4559
-74.4603
-74.4628
-74.4669
-74.4738
-74.4767
-74.478
-74.4775
-74.4718
-74.464
-74.4573
-74.449
-74.4381
-74.4306
-74.4276
-74.423
-74.4164
-74.4108
-74.4079
-74.4045
-74.401
-74.4006
-74.4014
-74.4011
-74.4021
-74.4027
-74.4035
-74.4036
-74.4062
-74.4071
-74.4016
-74.3928
-74.3824
-74.3746
-74.3768
-74.3867
-74.3981
-74.4052
-74.4087
-74.4112
-74.4116
-74.4102
-74.41
-74.4083
-74.4024
-74.3908
-74.3744
-74.3586
-74.3469
-74.3436
-74.349
-74.3501
-74.3456
-74.3426
-74.3419
-74.3447
-74.3452
-74.3384
-74.3299
-74.323
-74.3223
-74.3176
-74.3056
-74.2937
-74.2878
-74.2923
-74.2998
-74.3041
-74.3005
-74.2952
-74.292
-74.2944
-74.2969
-74.297
-74.2892
-74.2772
-74.2687
-74.273
-74.2815
-74.2936
-74.3055
-74.3144
-74.3182
-74.3197
-74.3138
-74.3037
-74.292
-74.2797
-74.2701
-74.2612
-74.2496
-74.2376
-74.2244
-74.211
-74.1998
-74.1913
-74.187
-74.1873
-74.1911
-74.1933
-74.1879
-74.1866
-74.1931
-74.1958
-74.1919
-74.1889
-74.1881
-74.1871
-74.1884
-74.1876
-74.1807
-74.1713
-74.1594
-74.1484
-74.1456
-74.1421
-74.1349
-74.1331
-74.1374
-74.1445
-74.1496
-74.1498
-74.1451
-74.1368
-74.1227
-74.1092
-74.1074
-74.1154
-74.1235
-74.1291
-74.1325
-74.1333
-74.1378
-74.139
-74.1447
-74.1506
-74.1538
-74.1519
-74.1443
-74.1363
-74.1275
-74.1226
-74.116
-74.1077
-74.0988
-74.0881
-74.0789
-74.0729
-74.0673
-74.058
-74.0424
-74.0241
-74.0049
-73.9824
-73.9588
-73.942
-73.9383
-73.9374
-73.9309
-73.9236
-73.9138
-73.9031
-73.8989
-73.9032
-73.9071
-73.9152
-73.9216
-73.9221
-73.9207
-73.9229
-73.9358
-73.9469
-73.9564
-73.9593
-73.9565
-73.9582
-73.9592
-73.9529
-73.9411
-73.9357
-73.9318
-73.9409
-73.9494
-73.9477
-73.9442
-73.9394
-73.9406
-73.9394
-73.9303
-73.9177
-73.9031
-73.8861
-73.878
-73.8713
-73.8632
-73.8508
-73.8335
-73.818
-73.8053
-73.7913
-73.7858
-73.7945
-73.8079
-73.824
-73.8325
-73.835
-73.8374
-73.8374
-73.8313
-73.831
-73.8314
-73.8242
-73.8114
-73.802
-73.8031
-73.8197
-73.8481
-73.8685
-73.8844
-73.8944
-73.8985
-73.8994
-73.9021
-73.9012
-73.8925
-73.8773
-73.8574
-73.8341
-73.811
-73.7908
-73.7685
-73.7436
-73.7164
-73.688
-73.6696
-73.655
-73.6393
-73.6252
-73.6078
-73.5902
-73.5744
-73.5618
-73.5567
-73.5474
-73.5321
-73.5122
-73.4888
-73.4632
-73.4374
-73.4177
-73.3984
-73.3914
-73.4034
-73.4125
-73.4135
-73.4158
-73.4188
-73.4149
-73.4038
-73.3874
-73.3672
-73.3445
-73.3307
-73.3431
-73.3551
-73.3568
-73.3503
-73.3452
-73.3371
-73.3236
-73.3058
-73.2848
-73.2615
-73.2367
-73.2107
-73.1863
-73.1763
-73.1716
-73.1623
-73.1476
-73.13
-73.1188
-73.1075
-73.0922
-73.0791
-73.0704
-73.0585
-73.0471
-73.0402
-73.0301
-73.0155
-72.9992
-72.9902
-72.9825
-72.9923
-73.0132
-73.0251
-73.0263
-73.0194
-73.0069
-72.9932
-72.9863
-72.9777
-72.9648
-72.9488
-72.9403
-72.9329
-72.9213
-72.9132
-72.9087
-72.9009
-72.8989
-72.8977
-72.9016
-72.9025
-72.8967
-72.8866
-72.8832
-72.8789
-72.8697
-72.856
-72.8391
-72.8199
-72.7992
-72.7773
-72.7547
-72.7411
-72.7331
-72.7222
-72.7077
-72.6903
-72.6709
-72.6501
-72.6285
-72.6063
-72.5836
-72.5607
-72.5377
-72.5145
-72.4914
-72.4683
-72.4453
-72.4223
-72.3995
-72.3769
-72.3544
-72.3322
-72.3219
-72.3192
-72.3136
-72.3039
-72.2909
-72.2757
-72.2591
-72.2414
-72.2232
-72.2045
-72.1855
-72.1664
-72.1473
-72.1281
-72.1089
-72.0899
-72.0709
-72.052
-72.0332
-72.0146
-71.9962
-71.9779
-71.9598
-71.9418
-71.9241
-71.9065
-71.8896
-71.8883
-71.8939
-71.8955
-71.8922
-71.8852
-71.8755
-71.8641
-71.8515
-71.8382
-71.8243
-71.81
-71.7955
-71.7809
-71.7662
-71.7514
-71.7367
-71.722
-71.7074
-71.6928
-71.6784
-71.664
-71.6498
-71.6357
-71.6217
-71.6079
-71.5942
-71.5806
-71.5672
-71.554
-71.5408
-71.5279
-71.5151
-71.5024
-71.4898
-71.4775
-71.4652
-71.4531
-71.4412
-71.4294
-71.4177
-71.4062
-71.3948
-71.3836
-71.3725
-71.3615
-71.3507
-71.34
-71.3294
-71.319
-71.3087
-71.2985
-71.2885
-71.2786
-71.2688
-71.2592
-71.2496
-71.2402
-71.2309
-71.2218
-71.2127
-71.2038
-71.195
-71.1863
-71.1777
-71.1692
-71.1608
-71.1525
-71.1444
-71.1363
-71.1284
-71.1205
-71.1128
-71.1051
-71.0976
-71.0901
-71.0828
-71.0755
-71.0684
-71.0613
-71.0544
-71.0475
-71.0407
-71.034
-71.0274
-71.0209
-71.0145
-71.0081
-71.0019
-70.9957
-70.9896
-70.9836
-70.9777
-70.9719
-70.9661
-70.9604
-70.9548
-70.9493
-70.9438
-70.9384
-70.9331
-70.9279
-70.9228
-70.9177
-70.9126
-70.9077
-70.9028
-70.898
-70.8933
-70.8886
-70.884
-70.8794
-70.875
-70.8705
-70.8662
-70.8619
-70.8577
-70.8535
-70.8494
-70.8453
-70.8413
-70.8374
-70.8335
-70.8297
-70.8259
-70.8222
-70.8186
-70.815
-70.8114
-70.8079
-70.8045
-70.8011
-70.7977
-70.7945
-70.7912
-70.788
-70.7849
-70.7818
-70.7787
-70.7757
-70.7727
-70.7698
-70.767
-70.7641
-70.7613
-70.7586
-70.7559
-70.7533
-70.7506
-70.7481
-70.7455
-70.743
-70.7406
-70.7382
-70.7358
-70.7335
-70.7312
-70.7289
-70.7267
-70.7245
-70.7223
-70.7202
-70.7181
-70.716
-70.714
-70.712
-70.7101
-70.7082
-70.7063
-70.7044
-70.7026
-70.7008
-70.699
-70.6973
-70.6956
-70.6939
-70.6923
-70.6907
-70.6891
-70.6875
-70.686
-70.6845
-70.683
-70.6815
-70.6801
-70.6787
-70.6773
-70.676
-70.6746
-70.6733
-70.6721
-70.6708
-70.6696
-70.6684
-70.6672
-70.666
-70.6649
-70.6637
-70.6626
-70.6616
-70.6605
-70.6595
-70.6584
-70.6574
-70.6565
-70.6555
-70.6546
-70.6536
-70.6527
-70.6519
-70.651
-70.6501
-70.6493
-70.6485
-70.6477
-70.6469
-70.6462
-70.6454
-70.6447
-70.644
-70.6433
-70.6426
-70.6419
-70.6413
-70.6406
-70.64
-70.6394
-70.6388
-70.6382
-70.6377
-70.6371
-70.6366
-70.6361
-70.6355
-70.635
-70.6346
-70.6341
-70.6336
-70.6332
-70.6327
-70.6323
-70.6319
-70.6315
-70.6311
-70.6307
-70.6303
-70.63
-70.6296
-70.6293
-70.629
-70.6286
-70.6283
-70.628
-70.6277
-70.6274
-70.6272
-70.6269
-70.6267
-70.6264
-70.6262
-70.6259
-70.6257
-70.6255
-70.6253
-70.6251
-70.6249
-70.6247
-70.6246
-70.6244
-70.6242
-70.6241
-70.6239
-70.6238
-70.6237
-70.6236
-70.6234
-70.6233
-70.6232
-70.6231
-70.623
-70.6229
-70.6229
-70.6228
-70.6227
-70.6227
-70.6226
-70.6226
-70.6225
-70.6225
-70.6224
-70.6224
-70.6224
-70.6224
-70.6223
-70.6223
-70.6223
-70.6223
-70.6223
-70.6223
-70.6223
-70.6223
-70.6224
-70.6224
-70.6224
-70.6224
-70.6225
-70.6225
-70.6226
-70.6226
-70.6227
-70.6227
-70.6228
-70.6228
-70.6229
-70.6229
-70.623
-70.6231
-70.6232
-70.6232
-70.6233
-70.6234
-70.6235
-70.6236
-70.6237
-70.6238
-70.6238
-70.6239
-70.624
-70.6241
-70.6243
-70.6244
-70.6245
-70.6246
-70.6247
-70.6248
-70.6249
-70.625
-70.6252
-70.6253
-70.6254
-70.6255
-70.6257
-70.6258
-70.6259
-70.6261
-70.6262
-70.6263
-70.6265
-70.6266
-70.6267
-70.6269
-70.627
-70.6272
-70.6273
-70.6275
-70.6276
-70.6277
-70.6279
-70.628
-70.6282
-70.6283
-70.6285
-70.6286
-70.6288
-70.629
-70.6291
-70.6293
-70.6294
-70.6296
-70.6297
-70.6299
-70.6301
-70.6302
-70.6304
-70.6305
-70.6307
-70.6309
-70.631
-70.6312
-70.6313
-70.6315
-70.6317
-70.6318
-70.632
-70.6322
-70.6323
-70.6325
-70.6327
-70.6328
-70.633
-70.6331
-70.6333
-70.6335
-70.6336
-70.6338
-70.634
-70.6341
-70.6343
-70.6345
-70.6346
-70.6348
-70.635
-70.6351
-70.6353
-70.6355
-70.6356
-70.6358
-70.636
-70.6361
-70.6363
-70.6365
-70.6366
-70.6368
-70.6369
-70.6371
-70.6373
-70.6374
-70.6376
-70.6378
-70.6379
-70.6381
-70.6382
-70.6384
-70.6386
-70.6387
-70.6389
-70.639
-70.6392
-70.6394
-70.6395
-70.6397
-70.6398
-70.64
-70.6401
-70.6403
-70.6404
-70.6406
-70.6408
-70.6409
-70.6411
-70.6412
-70.6414
-70.6415
-70.6417
-70.6418
-70.642
-70.6421
-70.6423
-70.6424
-70.6426
-70.6427
-70.6429
-70.643
-70.6432
-70.6433
-70.6434
-70.6436
-70.6437
-70.6439
-70.644
-70.6442
-70.6443
-70.6444
-70.6446

