-70
-70.1661
-70.23
-70.2566
-70.2695
-70.2773
-70.283
-70.2879
-70.2925
-70.297
-70.3014
-70.3057
-70.31
-70.3142
-70.3185
-70.3226
-70.3268
-70.3309
-70.335
-70.3391
-70.3431
-70.3471
-70.351
-70.3549
-70.3588
-70.3626
-70.3664
-70.3701
-70.3738
-70.3775
-70.3811
-70.3847
-70.3883
-70.3918
-70.3953
-70.3987
-70.4021
-70.4055
-70.4088
-70.4121
-70.4154
-70.4186
-70.4218
-70.4249
-70.428
-70.4311
-70.4341
-70.4372
-70.4401
-70.4431
-70.446
-70.4489
-70.4517
-70.4545
-70.4573
-70.4601
-70.4628
-70.4655
-70.4682
-70.4708
-70.4734
-70.476
-70.4785
-70.481
-70.4835
-70.486
-70.4884
-70.4908
-70.4932
-70.4955
-70.4978
-70.5001
-70.5024
-70.5046
-70.5068
-70.509
-70.5112
-70.5133
-70.5154
-70.5175
-70.5196
-70.5216
-70.5236
-70.5256
-70.5276
-70.5295
-70.5315
-70.5334
-70.5352
-70.5371
-70.5389
-70.5407
-70.5425
-70.5443
-70.5461
-70.5478
-70.5495
-70.5512
-70.5528
-70.5545
-70.5561
-70.5577
-70.5593
-70.5609
-70.5624
-70.5639
-70.5655
-70.5669
-70.5684
-70.5699
-70.5713
-70.5727
-70.5741
-70.5755
-70.5769
-70.5782
-70.5796
-70.5809
-70.5822
-70.5835
-70.5848
-70.586
-70.5873
-70.5885
-70.5897
-70.5909
-70.5921
-70.5932
-70.5944
-70.5955
-70.5966
-70.5977
-70.5988
-70.5999
-70.601
-70.602
-70.603
-70.6041
-70.6051
-70.6061
-70.6071
-70.608
-70.609
-70.6099
-70.6109
-70.6118
-70.6127
-70.6136
-70.6145
-70.6154
-70.6162
-70.6171
-70.6179
-70.6187
-70.6196
-70.6204
-70.6212
-70.622
-70.6227
-70.6235
-70.6242
-70.625
-70.6257
-70.6265
-70.6272
-70.6279
-70.6286
-70.6293
-70.6299
-70.6306
-70.6313
-70.6319
-70.6325
-70.6332
-70.6338
-70.6344
-70.635
-70.6356
-70.6362
-70.6368
-70.6374
-70.6379
-70.6385
-70.639
-70.6396
-70.6401
-70.6406
-70.6411
-70.6417
-70.6422
-70.6427
-70.6431
-70.6436
-70.6441
-70.6446
-70.645
-70.6455
-70.6459
-70.6464
-70.6468
-70.6472
-70.6476
-70.6481
-70.6485
-70.6489
-70.6493
-70.6497
-70.65
-70.6504
-70.6508
-70.6512
-70.6515
-70.6519
-70.6522
-70.6526
-70.6529
-70.6533
-70.6536
-70.6539
-70.6542
-70.6545
-70.6549
-70.6552
-70.6555
-70.6558
-70.656
-70.6563
-70.6566
-70.6569
-70.6572
-70.6574
-70.6577
-70.658
-70.6582
-70.6585
-70.6587
-70.6589
-70.6592
-70.6594
-70.6597
-70.6599
-70.6601
-70.6603
-70.6605
-70.6607
-70.661
-70.6612
-70.6614
-70.6616
-70.6617
-70.6619
-70.6621
-70.6623
-70.6625
-70.6627
-70.6628
-70.663
-70.6632
-70.6633
-70.6635
-70.6637
-70.6638
-70.664
-70.6641
-70.6643
-70.6644
-70.6646
-70.6647
-70.6648
-70.665
-70.6651
-70.6652
-70.6653
-70.6655
-70.6656
-70.6657
-70.6658
-70.6659
-70.666
-70.6662
-70.6663
-70.6664
-70.6665
-70.6666
-70.6667
-70.6668
-70.6669
-70.667
-70.667
-70.6671
-70.6672
-70.6673
-70.6674
-70.6675
-70.6675
-70.6676
-70.6677
-70.6678
-70.6678
-70.6679
-70.668
-70.668
-70.6681
-70.6682
-70.6682
-70.6683
-70.6683
-70.6684
-70.6685
-70.6685
-70.6686
-70.6686
-70.6687
-70.6687
-70.6688
-70.6688
-70.6688
-70.6689
-70.6689
-70.669
-70.669
-70.669
-70.6691
-70.6691
-70.6691
-70.6692
-70.6692
-70.6692
-70.6693
-70.6693
-70.6693
-70.6694
-70.6694
-70.6694
-70.6694
-70.6694
-70.6695
-70.6695
-70.6695
-70.6695
-70.6695
-70.6696
-70.6696
-70.6696
-70.6696
-70.6696
-70.6696
-70.6696
-70.6697
-70.6697
-70.6697
-70.6697
-70.6697
-70.6697
-70.6697
-70.6697
-70.6697
-70.6697
-70.6697
-70.6697
-70.6697
-70.6697
-70.6697
-70.6697
-70.6697
-70.6697
-70.6697
-70.6697
-70.6697
-70.6697
-70.6697
-70.6697
-70.6697
-70.6697
-70.6697
-70.6697
-70.6697
-70.6697
-70.6697
-70.6697
-70.6697
-70.6697
-70.6697
-70.6696
-70.6696
-70.6696
-70.6696
-70.6696
-70.6696
-70.6696
-70.6696
-70.6696
-70.6695
-70.6695
-70.6695
-70.6695
-70.6695
-70.6695
-70.6695
-70.6695
-70.6694
-70.6694
-70.6694
-70.6694
-70.6694
-70.6694
-70.6693
-70.6693
-70.6693
-70.6693
-70.6693
-70.6693
-70.6693
-70.6692
-70.6692
-70.6692
-70.6692
-70.6692
-70.6691
-70.6691
-70.6691
-70.6691
-70.6691
-70.6691
-70.669
-70.669
-70.669
-70.669
-70.669
-70.6689
-70.6689
-70.6689
-70.6689
-70.6689
-70.6688
-70.6688
-70.6688
-70.6688
-70.6688
-70.6687
-70.6687
-70.6687
-70.6687
-70.6686
-70.6686
-70.6686
-70.6686
-70.6686
-70.6685
-70.6685
-70.6685
-70.6685
-70.6685
-70.6684
-70.6684
-70.6684
-55.4134
-51.5929
-49.7704
-47.8752
-43.3643
10.7281
-26.2873
-56.7672
-68.8273
-68.0268
-66.9793
-65.9039
-64.821
-63.7485
-62.7031
-61.7004
-60.7531
-59.8863
-59.1436
-58.4998
-57.5848
-56.8759
-56.3135
-55.8435
-55.4462
-55.0921
-54.7738
-54.5175
-54.3124
-54.1481
-54.0158
-53.9098
-53.8259
-53.7608
-53.7115
-53.6753
-53.6503
-53.6358
-53.6109
-53.5431
-53.5027
-53.4831
-53.4621
-53.4395
-53.4288
-53.4172
-53.4086
-53.4063
-53.4076
-53.4041
-53.4021
-53.4012
-53.3986
-53.3985
-53.4006
-53.4014
-53.4006
-53.4015
-53.4035
-53.4026
-53.4025
-53.404
-53.4055
-53.4046
-53.4047
-53.4062
-53.4085
-53.4103
-53.409
-53.4087
-53.4097
-53.4095
-53.408
-53.408
-53.4091
-53.4109
-53.4133
-53.4159
-53.4189
-53.4175
-53.4149
-53.4141
-53.4137
-53.4107
-53.4093
-53.4095
-53.4105
-53.4121
-53.4141
-53.4163
-53.4186
-53.4211
-53.4236
-53.4263
-53.429
-53.4315
-53.4267
-53.4177
-53.4128
-53.4085
-53.4035
-53.4007
-53.3991
-53.3976
-53.3953
-53.3911
-53.3822
-53.3542
-53.1162
-52.9459
-52.9871
-53.0641
-53.1309
-53.1794
-53.2124
-53.2348
-53.2508
-53.2637
-53.276
-53.2891
-53.3045
-53.3238
-53.3486
-53.3816
-53.4208
-53.4375
-53.4418
-53.44
-53.4391
-53.4399
-53.4425
-53.4466
-53.4519
-53.4584
-53.4661
-53.475
-53.4851
-53.4965
-53.5093
-53.5235
-53.5392
-53.5566
-53.5758
-53.5969
-53.62
-53.6454
-53.6731
-53.7034
-53.7367
-53.7731
-53.8129
-53.8563
-53.9037
-53.9552
-54.0113
-54.0723
-54.1384
-54.2102
-54.2876
-54.3711
-54.2935
-53.6293
-53.4064
-53.3318
-53.3247
-53.3389
-53.3585
-53.3783
-53.3968
-53.4139
-53.4298
-53.4446
-53.4588
-53.4726
-53.4862
-53.4998
-53.5138
-53.5283
-53.5434
-53.5593
-53.5763
-53.5945
-53.6139
-53.6349
-53.6576
-53.6821
-53.7088
-53.7378
-53.7694
-53.8037
-53.8409
-53.8814
-53.9253
-53.9728
-54.0243
-54.08
-54.1402
-54.2052
-54.2751
-54.35
-54.4306
-54.517
-54.6098
-54.709
-54.5105
-53.5273
-53.2647
-53.226
-53.2445
-53.2747
-53.3043
-53.3306
-53.3533
-53.3729
-53.39
-53.4051
-53.4188
-53.4313
-53.4431
-53.4544
-53.4656
-53.4767
-53.488
-53.4997
-53.5119
-53.5248
-53.5385
-53.5531
-53.5688
-53.5857
-53.6039
-53.6237
-53.645
-53.6681
-53.6932
-53.7204
-53.7501
-53.7823
-53.8172
-53.8541
-53.8903
-53.9276
-53.9665
-54.0072
-54.0498
-54.0934
-54.1372
-54.1808
-54.2233
-54.2634
-54.3001
-54.3318
-54.3571
-54.3734
-54.3773
-54.3638
-54.326
-54.0253
-53.3551
-53.21
-53.2
-53.2187
-53.231
-53.1401
-52.9656
-52.9912
-53.0646
-53.1319
-53.1825
-53.2181
-53.2431
-53.2614
-53.2759
-53.2889
-53.3019
-53.316
-53.3326
-53.3531
-53.3789
-53.4106
-53.4478
-53.4898
-53.536
-53.5863
-53.641
-53.702
-53.769
-53.8413
-53.9192
-54.0033
-54.0946
-54.1937
-54.3012
-54.4174
-54.5432
-54.6795
-54.827
-54.5257
-53.6224
-53.381
-53.338
-53.3518
-53.381
-53.4131
-53.4447
-53.4357
-53.4162
-53.4139
-53.4209
-53.4318
-53.4444
-53.4576
-53.4713
-53.4853
-53.4997
-53.5146
-53.5302
-53.5466
-53.5641
-53.5836
-53.607
-53.6343
-53.6649
-53.6983
-53.7348
-53.7725
-53.8113
-53.8522
-53.8974
-53.9535
-54.026
-54.117
-54.2147
-54.3104
-54.4063
-54.504
-54.6058
-54.7144
-54.8358
-54.9798
-55.147
-55.3411
-55.5438
-55.7496
-55.961
-56.1809
-56.4114
-56.6571
-56.922
-57.2143
-57.5446
-57.9126
-58.2958
-58.6838
-59.0742
-59.4724
-59.8774
-60.2917
-60.7211
-61.1716
-61.6595
-62.1863
-62.7312
-63.2715
-63.7942
-64.3004
-64.7936
-65.2732
-65.7444
-66.2117
-66.6851
-67.1776
-67.6807
-68.1723
-68.6344
-69.0603
-69.4524
-69.8155
-70.1536
-70.4737
-70.7768
-71.0754
-71.376
-71.6694
-71.9482
-72.1992
-72.4238
-72.6222
-72.7984
-72.9573
-73.1044
-73.2383
-73.3687
-73.5002
-73.6255
-73.7457
-73.852
-73.9445
-74.0243
-74.0924
-74.1515
-74.2054
-74.2526
-74.2973
-74.3452
-74.3925
-74.4377
-74.4806
-74.5164
-74.5461
-74.5702
-74.59
-74.6069
-74.6206
-74.6321
-74.6457
-74.6624
-74.6785
-74.6951
-74.7107
-74.7231
-74.7317
-74.738
-74.7432
-74.7464
-74.7471
-74.7475
-74.7503
-74.7561
-74.7622
-74.7685
-74.7751
-74.7801
-74.783
-74.784
-74.7847
-74.7847
-74.7829
-74.7797
-74.7779
-74.7788
-74.7816
-74.7846
-74.7877
-74.7903
-74.7915
-74.7923
-74.7918
-74.7909
-74.7892
-74.787
-74.7835
-74.7811
-74.7806
-74.7823
-74.7846
-74.7861
-74.7872
-74.7874
-74.7873
-74.7871
-74.7859
-74.7841
-74.7824
-74.7798
-74.7772
-74.7749
-74.7749
-74.7769
-74.7784
-74.7794
-74.78
-74.7792
-74.7787
-74.7782
-74.777
-74.7757
-74.7738
-74.7719
-74.7689
-74.7664
-74.766
-74.7676
-74.7696
-74.7709
-74.7711
-74.7703
-74.7696
-74.7685
-74.7675
-74.7666
-74.7652
-74.7638
-74.7608
-74.7575
-74.7559
-74.7563
-74.7588
-74.7597
-74.7608
-74.7612
-74.7607
-74.7599
-74.7593
-74.7575
-74.7558
-74.7545
-74.7536
-74.7506
-74.7467
-74.7451
-74.7463
-74.7475
-74.7485
-74.7482
-74.7493
-74.7507
-74.7504
-74.7501
-74.7495
-74.7476
-74.7449
-74.7425
-74.7409
-74.7381
-74.7354
-74.7337
-74.7348
-74.7361
-74.7368
-74.7353
-74.7354
-74.7382
-74.7391
-74.7399
-74.7393
-74.7387
-74.7368
-74.7332
-74.7293
-74.7251
-74.7241
-74.7235
-74.7212
-74.7216
-74.7227
-74.723
-74.7224
-74.7216
-74.7241
-74.7263
-74.7271
-74.7276
-74.7279
-74.7263
-74.7239
-74.721
-74.7163
-74.7113
-74.7078
-74.7067
-74.7068
-74.7077
-74.7075
-74.7068
-74.7072
-74.7081
-74.7083
-74.7109
-74.7127
-74.713
-74.7139
-74.7127
-74.711
-74.7099
-74.7092
-74.7048
-74.6975
-74.6904
-74.6869
-74.6856
-74.6883
-74.6907
-74.6914
-74.6907
-74.6914
-74.6928
-74.693
-74.6945
-74.6976
-74.6981
-74.6987
-74.6969
-74.6949
-74.6932
-74.691
-74.6892
-74.6855
-74.6788
-74.6708
-74.6651
-74.6635
-74.6647
-74.668
-74.6713
-74.6742
-74.6755
-74.6748
-74.6736
-74.6737
-74.6776
-74.6815
-74.6829
-74.6813
-74.68
-74.6766
-74.6735
-74.6685
-74.6622
-74.6611
-74.6587
-74.6528
-74.6475
-74.6409
-74.6386
-74.6397
-74.6421
-74.6478
-74.6527
-74.6544
-74.6538
-74.6536
-74.6532
-74.6528
-74.6578
-74.6629
-74.664
-74.661
-74.6568
-74.6518
-74.6477
-74.6448
-74.6396
-74.6324
-74.6246
-74.6201
-74.6192
-74.6175
-74.6148
-74.6116
-74.6125
-74.616
-74.6201
-74.622
-74.6247
-74.6255
-74.6286
-74.6322
-74.6327
-74.6296
-74.6292
-74.6322
-74.6335
-74.6334
-74.6297
-74.6254
-74.6234
-74.6186
-74.6122
-74.6058
-74.5977
-74.587
-74.5793
-74.577
-74.5765
-74.5765
-74.5787
-74.5805
-74.5825
-74.5835
-74.5853
-74.5867
-74.5902
-74.5943
-74.596
-74.5975
-74.5989
-74.5977
-74.5941
-74.5905
-74.5911
-74.5949
-74.5977
-74.5952
-74.5887
-74.586
-74.5829
-74.5803
-74.5754
-74.5692
-74.5605
-74.5469
-74.5332
-74.5241
-74.5237
-74.5274
-74.5316
-74.5357
-74.5386
-74.5418
-74.5426
-74.5422
-74.5402
-74.539
-74.5408
-74.5458
-74.5465
-74.5447
-74.5456
-74.5476
-74.5482
-74.547
-74.5443
-74.5382
-74.5344
-74.5374
-74.5432
-74.5456
-74.5455
-74.5417
-74.5337
-74.5254
-74.5183
-74.5153
-74.5094
-74.4993
-74.4889
-74.4814
-74.4742
-74.4693
-74.4685
-74.4718
-74.476
-74.4834
-74.4873
-74.4862
-74.4831
-74.481
-74.482
-74.4828
-74.4774
-74.4694
-74.4609
-74.4595
-74.4623
-74.4628
-74.4622
-74.4637
-74.4722
-74.4795
-74.48
-74.4751
-74.4683
-74.4599
-74.4543
-74.4532
-74.4608
-74.4702
-74.4765
-74.4761
-74.4687
-74.4608
-74.4503
-74.4414
-74.4319
-74.4202
-74.4137
-74.4104
-74.4067
-74.4044
-74.4046
-74.4054
-74.4039
-74.4084
-74.4127
-74.4111
-74.4078
-74.4027
-74.3978
-74.3945
-74.3923
-74.3877
-74.3838
-74.3776
-74.3703
-74.3632
-74.3538
-74.3458
-74.34
-74.3361
-74.3404
-74.3457
-74.3501
-74.3509
-74.3505
-74.3482
-74.3479
-74.3489
-74.3502
-74.3484
-74.344
-74.3396
-74.3334
-74.3278
-74.3226
-74.3193
-74.3237
-74.3297
-74.3341
-74.3432
-74.3523
-74.3578
-74.3569
-74.3522
-74.3464
-74.3362
-74.325
-74.3125
-74.3009
-74.2954
-74.2891
-74.281
-74.2744
-74.2751
-74.2782
-74.277
-74.2761
-74.2822
-74.2886
-74.2918
-74.2885
-74.2792
-74.2689
-74.2586
-74.2479
-74.2413
-74.2405
-74.2424
-74.2413
-74.2319
-74.2192
-74.2112
-74.2045
-74.1949
-74.1892
-74.1821
-74.1772
-74.1702
-74.1563
-74.1368
-74.1146
-74.1018
-74.0984
-74.1055
-74.118
-74.1389
-74.1596
-74.1744
-74.1783
-74.1714
-74.1569
-74.1388
-74.1223
-74.1121
-74.1099
-74.1174
-74.1234
-74.1289
-74.1319
-74.1319
-74.1261
-74.1134
-74.1014
-74.0881
-74.0715
-74.0615
-74.0597
-74.0547
-74.0552
-74.066
-74.0867
-74.1073
-74.1249
-74.1319
-74.1375
-74.1506
-74.1648
-74.1741
-74.1816
-74.183
-74.1772
-74.1674
-74.1531
-74.1375
-74.1195
-74.1028
-74.0893
-74.0746
-74.0554
-74.0373
-74.0262
-74.0181
-74.0091
-74.0006
-73.9883
-73.9748
-73.9601
-73.9447
-73.9297
-73.9217
-73.9266
-73.9377
-73.9541
-73.9809
-73.999
-74.0089
-74.0133
-74.0117
-74.0031
-73.9925
-73.9853
-73.9823
-73.9761
-73.9716
-73.9629
-73.9513
-73.9431
-73.9306
-73.9126
-73.8917
-73.8751
-73.8606
-73.8438
-73.828
-73.8112
-73.7955
-73.7764
-73.7562
-73.7486
-73.7431
-73.7342
-73.7243
-73.7093
-73.6911
-73.6754
-73.6677
-73.6677
-73.6649
-73.6582
-73.6571
-73.6601
-73.6716
-73.6754
-73.6693
-73.6558
-73.637
-73.6149
-73.6005
-73.5957
-73.5943
-73.5995
-73.5999
-73.5918
-73.581
-73.5704
-73.5554
-73.5365
-73.5212
-73.5055
-73.4863
-73.4684
-73.4536
-73.436
-73.4149
-73.3909
-73.365
-73.3446
-73.3275
-73.3116
-73.3109
-73.3177
-73.3182
-73.3103
-73.3011
-73.2937
-73.286
-73.2803
-73.2754
-73.2747
-73.2765
-73.2726
-73.2698
-73.2651
-73.2608
-73.2569
-73.2475
-73.2328
-73.2142
-73.1928
-73.1811
-73.1896
-73.197
-73.1966
-73.1975
-73.1944
-73.1848
-73.17
-73.1541
-73.1448
-73.1339
-73.1188
-73.1001
-73.0788
-73.0558
-73.0314
-73.0062
-72.9804
-72.9541
-72.9275
-72.9006
-72.8816
-72.8696
-72.8556
-72.8382
-72.8183
-72.8046
-72.7969
-72.7864
-72.7718
-72.7541
-72.7342
-72.7128
-72.6905
-72.6675
-72.644
-72.6203
-72.5964
-72.5724
-72.5519
-72.544
-72.5367
-72.5255
-72.5109
-72.4938
-72.475
-72.4552
-72.4346
-72.4135
-72.3922
-72.3707
-72.3491
-72.3275
-72.3059
-72.2844
-72.263
-72.2417
-72.2206
-72.1996
-72.1788
-72.1582
-72.1378
-72.1175
-72.0975
-72.0776
-72.058
-72.0386
-72.0194
-72.0004
-71.9816
-71.963
-71.9446
-71.9264
-71.9117
-71.9142
-71.9187
-71.9184
-71.9133
-71.9049
-71.8942
-71.882
-71.8687
-71.8547
-71.8402
-71.8254
-71.8104
-71.7953
-71.7801
-71.7649
-71.7498
-71.7347
-71.7196
-71.7047
-71.6899
-71.6752
-71.6606
-71.6461
-71.6318
-71.6176
-71.6036
-71.5897
-71.576
-71.5624
-71.549
-71.5358
-71.5226
-71.5097
-71.4969
-71.4842
-71.4717
-71.4593
-71.4471
-71.4351
-71.4231
-71.4114
-71.3997
-71.3883
-71.3769
-71.3657
-71.3547
-71.3437
-71.333
-71.3223
-71.3118
-71.3014
-71.2912
-71.2811
-71.2711
-71.2613
-71.2515
-71.2419
-71.2325
-71.2231
-71.2139
-71.2048
-71.1958
-71.1869
-71.1782
-71.1695
-71.161
-71.1526
-71.1442
-71.136
-71.1279
-71.12
-71.1121
-71.1043
-71.0966
-71.089
-71.0816
-71.0742
-71.0669
-71.0597
-71.0527
-71.0457
-71.0388
-71.032
-71.0253
-71.0186
-71.0121
-71.0057
-70.9993
-70.9931
-70.9869
-70.9808
-70.9748
-70.9688
-70.963
-70.9572
-70.9515
-70.9459
-70.9404
-70.9349
-70.9295
-70.9242
-70.919
-70.9139
-70.9088
-70.9038
-70.8988
-70.8939
-70.8891
-70.8844
-70.8797
-70.8751
-70.8706
-70.8661
-70.8617
-70.8574
-70.8531
-70.8489
-70.8447
-70.8406
-70.8366
-70.8326
-70.8287
-70.8248
-70.821
-70.8173
-70.8136
-70.81
-70.8064
-70.8029
-70.7994
-70.796
-70.7926
-70.7893
-70.786
-70.7828
-70.7796
-70.7765
-70.7734
-70.7704
-70.7674
-70.7645
-70.7616
-70.7587
-70.7559
-70.7532
-70.7505
-70.7478
-70.7452
-70.7426
-70.74
-70.7375
-70.7351
-70.7326
-70.7303
-70.7279
-70.7256
-70.7233
-70.7211
-70.7189
-70.7167
-70.7146
-70.7125
-70.7105
-70.7084
-70.7065
-70.7045
-70.7026
-70.7007
-70.6988
-70.697
-70.6952
-70.6935
-70.6917
-70.69
-70.6884
-70.6867
-70.6851
-70.6835
-70.682
-70.6804
-70.6789
-70.6775
-70.676
-70.6746
-70.6732
-70.6718
-70.6705
-70.6692
-70.6679
-70.6666
-70.6654
-70.6642
-70.663
-70.6618
-70.6606
-70.6595
-70.6584
-70.6573
-70.6562
-70.6552
-70.6542
-70.6532
-70.6522
-70.6512
-70.6503
-70.6494
-70.6485
-70.6476
-70.6467
-70.6459
-70.645
-70.6442
-70.6434
-70.6426
-70.6419
-70.6411
-70.6404
-70.6397
-70.639
-70.6383
-70.6377
-70.637
-70.6364
-70.6358
-70.6352
-70.6346
-70.634
-70.6334
-70.6329
-70.6324
-70.6318
-70.6313
-70.6308
-70.6304
-70.6299
-70.6294
-70.629
-70.6286
-70.6282
-70.6277
-70.6274
-70.627
-70.6266
-70.6262
-70.6259
-70.6255
-70.6252
-70.6249
-70.6246
-70.6243
-70.624
-70.6237
-70.6235
-70.6232
-70.6229
-70.6227
-70.6225
-70.6222
-70.622
-70.6218
-70.6216
-70.6214
-70.6212
-70.6211
-70.6209
-70.6207
-70.6206
-70.6205
-70.6203
-70.6202
-70.6201
-70.6199
-70.6198
-70.6197
-70.6196
-70.6196
-70.6195
-70.6194
-70.6193
-70.6193
-70.6192
-70.6192
-70.6191
-70.6191
-70.619
-70.619
-70.619
-70.619
-70.6189
-70.6189
-70.6189
-70.6189
-70.6189
-70.6189
-70.619
-70.619
-70.619
-70.619
-70.6191
-70.6191
-70.6191
-70.6192
-70.6192
-70.6193
-70.6193
-70.6194
-70.6194
-70.6195
-70.6196
-70.6197
-70.6197
-70.6198
-70.6199
-70.62
-70.6201
-70.6202
-70.6202
-70.6203
-70.6204
-70.6205
-70.6206
-70.6208
-70.6209
-70.621
-70.6211
-70.6212
-70.6213
-70.6215
-70.6216
-70.6217
-70.6218
-70.622
-70.6221
-70.6222
-70.6224
-70.6225
-70.6226
-70.6228
-70.6229
-70.6231
-70.6232
-70.6234
-70.6235
-70.6237
-70.6238
-70.624
-70.6241
-70.6243
-70.6244
-70.6246
-70.6247
-70.6249
-70.6251
-70.6252
-70.6254
-70.6255
-70.6257
-70.6259
-70.626
-70.6262
-70.6264
-70.6265
-70.6267
-70.6269
-70.6271
-70.6272
-70.6274
-70.6276
-70.6277
-70.6279
-70.6281
-70.6283
-70.6284
-70.6286
-70.6288
-70.629
-70.6291
-70.6293
-70.6295
-70.6297
-70.6299
-70.63
-70.6302
-70.6304
-70.6306
-70.6307
-70.6309
-70.6311
-70.6313
-70.6315
-70.6316
-70.6318
-70.632
-70.6322
-70.6324
-70.6325
-70.6327
-70.6329
-70.6331
-70.6332
-70.6334
-70.6336
-70.6338
-70.634
-70.6341
-70.6343
-70.6345
-70.6347
-70.6348
-70.635
-70.6352
-70.6354
-70.6355
-70.6357
-70.6359
-70.6361
-70.6362
-70.6364
-70.6366
-70.6368
-70.6369
-70.6371
-70.6373
-70.6374
-70.6376
-70.6378
-70.638
-70.6381
-70.6383
-70.6385
-70.6386
-70.6388
-70.639
-70.6391
-70.6393
-70.6395
-70.6396
-70.6398
-70.6399
-70.6401
-70.6403
-70.6404
-70.6406
-70.6408
-70.6409
-70.6411
-70.6412
-70.6414
-70.6415
-70.6417
-70.6419
-70.642
-70.6422
-70.6423
-70.6425
-70.6426
-70.6428
-70.6429
-70.6431
-70.6432
-70.6434

