-70
-70.1661
-70.23
-70.2566
-70.2695
-70.2773
-70.283
-70.2879
-70.2925
-70.297
-70.3014
-70.3057
-70.31
-70.3142
-70.3185
-70.3226
-70.3268
-70.3309
-70.335
-70.3391
-70.3431
-70.3471
-70.351
-70.3549
-70.3588
-70.3626
-70.3664
-70.3701
-70.3738
-70.3775
-70.3811
-70.3847
-70.3883
-70.3918
-70.3953
-70.3987
-70.4021
-70.4055
-70.4088
-70.4121
-70.4154
-70.4186
-70.4218
-70.4249
-70.428
-70.4311
-70.4341
-70.4372
-70.4401
-70.4431
-70.446
-70.4489
-70.4517
-70.4545
-70.4573
-70.4601
-70.4628
-70.4655
-70.4682
-70.4708
-70.4734
-70.476
-70.4785
-70.481
-70.4835
-70.486
-70.4884
-70.4908
-70.4932
-70.4955
-70.4978
-70.5001
-70.5024
-70.5046
-70.5068
-70.509
-70.5112
-70.5133
-70.5154
-70.5175
-70.5196
-70.5216
-70.5236
-70.5256
-70.5276
-70.5295
-70.5315
-70.5334
-70.5352
-70.5371
-70.5389
-70.5407
-70.5425
-70.5443
-70.5461
-70.5478
-70.5495
-70.5512
-70.5528
-70.5545
-70.5561
-70.5577
-70.5593
-70.5609
-70.5624
-70.5639
-70.5655
-70.5669
-70.5684
-70.5699
-70.5713
-70.5727
-70.5741
-70.5755
-70.5769
-70.5782
-70.5796
-70.5809
-70.5822
-70.5835
-70.5848
-70.586
-70.5873
-70.5885
-70.5897
-70.5909
-70.5921
-70.5932
-70.5944
-70.5955
-70.5966
-70.5977
-70.5988
-70.5999
-70.601
-70.602
-70.603
-70.6041
-70.6051
-70.6061
-70.6071
-70.608
-70.609
-70.6099
-70.6109
-70.6118
-70.6127
-70.6136
-70.6145
-70.6154
-70.6162
-70.6171
-70.6179
-70.6187
-70.6196
-70.6204
-70.6212
-70.622
-70.6227
-70.6235
-70.6242
-70.625
-70.6257
-70.6265
-70.6272
-70.6279
-70.6286
-70.6293
-70.6299
-70.6306
-70.6313
-70.6319
-70.6325
-70.6332
-70.6338
-70.6344
-70.635
-70.6356
-70.6362
-70.6368
-70.6374
-70.6379
-70.6385
-70.639
-70.6396
-70.6401
-70.6406
-70.6411
-70.6417
-70.6422
-70.6427
-70.6431
-70.6436
-70.6441
-70.6446
-70.645
-70.6455
-70.6459
-70.6464
-70.6468
-70.6472
-70.6476
-70.6481
-70.6485
-70.6489
-70.6493
-70.6497
-70.65
-70.6504
-70.6508
-70.6512
-70.6515
-70.6519
-70.6522
-70.6526
-70.6529
-70.6533
-70.6536
-70.6539
-70.6542
-70.6545
-70.6549
-70.6552
-70.6555
-70.6558
-70.656
-70.6563
-70.6566
-70.6569
-70.6572
-70.6574
-70.6577
-70.658
-70.6582
-70.6585
-70.6587
-70.6589
-70.6592
-70.6594
-70.6597
-70.6599
-70.6601
-70.6603
-70.6605
-70.6607
-70.661
-70.6612
-70.6614
-70.6616
-70.6617
-70.6619
-70.6621
-70.6623
-70.6625
-70.6627
-70.6628
-70.663
-70.6632
-70.6633
-70.6635
-70.6637
-70.6638
-70.664
-70.6641
-70.6643
-70.6644
-70.6646
-70.6647
-70.6648
-70.665
-70.6651
-70.6652
-70.6653
-70.6655
-70.6656
-70.6657
-70.6658
-70.6659
-70.666
-70.6662
-70.6663
-70.6664
-70.6665
-70.6666
-70.6667
-70.6668
-70.6669
-70.667
-70.667
-70.6671
-70.6672
-70.6673
-70.6674
-70.6675
-70.6675
-70.6676
-70.6677
-70.6678
-70.6678
-70.6679
-70.668
-70.668
-70.6681
-70.6682
-70.6682
-70.6683
-70.6683
-70.6684
-70.6685
-70.6685
-70.6686
-70.6686
-70.6687
-70.6687
-70.6688
-70.6688
-70.6688
-70.6689
-70.6689
-70.669
-70.669
-70.669
-70.6691
-70.6691
-70.6691
-70.6692
-70.6692
-70.6692
-70.6693
-70.6693
-70.6693
-70.6694
-70.6694
-70.6694
-70.6694
-70.6694
-70.6695
-70.6695
-70.6695
-70.6695
-70.6695
-70.6696
-70.6696
-70.6696
-70.6696
-70.6696
-70.6696
-70.6696
-70.6697
-70.6697
-70.6697
-70.6697
-70.6697
-70.6697
-70.6697
-70.6697
-70.6697
-70.6697
-70.6697
-70.6697
-70.6697
-70.6697
-70.6697
-70.6697
-70.6697
-70.6697
-70.6697
-70.6697
-70.6697
-70.6697
-70.6697
-70.6697
-70.6697
-70.6697
-70.6697
-70.6697
-70.6697
-70.6697
-70.6697
-70.6697
-70.6697
-70.6697
-70.6697
-70.6696
-70.6696
-70.6696
-70.6696
-70.6696
-70.6696
-70.6696
-70.6696
-70.6696
-70.6695
-70.6695
-70.6695
-70.6695
-70.6695
-70.6695
-70.6695
-70.6695
-70.6694
-70.6694
-70.6694
-70.6694
-70.6694
-70.6694
-70.6693
-70.6693
-70.6693
-70.6693
-70.6693
-70.6693
-70.6693
-70.6692
-70.6692
-70.6692
-70.6692
-70.6692
-70.6691
-70.6691
-70.6691
-70.6691
-70.6691
-70.6691
-70.669
-70.669
-70.669
-70.669
-70.669
-70.6689
-70.6689
-70.6689
-70.6689
-70.6689
-70.6688
-70.6688
-70.6688
-70.6688
-70.6688
-70.6687
-70.6687
-70.6687
-70.6687
-70.6686
-70.6686
-70.6686
-70.6686
-70.6686
-70.6685
-70.6685
-70.6685
-70.6685
-70.6685
-70.6684
-70.6684
-70.6684
-70.6684
-70.6684
-70.6683
-70.6683
-70.6683
-70.6683
-70.6682
-70.6682
-70.6682
-70.6682
-70.6682
-70.6681
-70.6681
-70.6681
-70.6681
-70.6681
-70.6712
-70.8734
-71.557
-69.7967
-55.1465
-51.5322
-49.7488
-47.8274
-43.0755
11.0782
-26.9971
-57.9304
-68.8097
-67.975
-66.9214
-65.8403
-64.752
-63.6745
-62.6248
-61.6185
-60.6687
-59.7866
-58.9502
-58.1361
-57.4336
-56.812
-56.2612
-55.7908
-55.3899
-55.0425
-54.7443
-54.4953
-54.2842
-54.1118
-53.9716
-53.8576
-53.7606
-53.6825
-53.6172
-53.5659
-53.527
-53.4977
-53.4759
-53.457
-53.4406
-53.4257
-53.4151
-53.4084
-53.4046
-53.4029
-53.4028
-53.4037
-53.4018
-53.3964
-53.3925
-53.3914
-53.392
-53.3937
-53.396
-53.3988
-53.4019
-53.4052
-53.4087
-53.4101
-53.402
-53.3974
-53.3962
-53.3968
-53.3983
-53.4004
-53.4027
-53.4052
-53.4078
-53.4105
-53.4133
-53.4161
-53.419
-53.4215
-53.4199
-53.4116
-53.4067
-53.4038
-53.3989
-53.3959
-53.3941
-53.3924
-53.39
-53.3852
-53.3743
-53.3284
-53.0377
-52.9663
-53.027
-53.1009
-53.1599
-53.2014
-53.2294
-53.2484
-53.2623
-53.2741
-53.2856
-53.3092
-53.3649
-53.3926
-53.4057
-53.414
-53.4218
-53.4305
-53.4405
-53.452
-53.4561
-53.4494
-53.4471
-53.4486
-53.4527
-53.4586
-53.4661
-53.475
-53.4853
-53.4969
-53.51
-53.5245
-53.5406
-53.5584
-53.5779
-53.5994
-53.6229
-53.6487
-53.6768
-53.7076
-53.7414
-53.7783
-53.8186
-53.8626
-53.6666
-53.5111
-53.461
-53.4515
-53.4571
-53.4687
-53.4828
-53.4983
-53.5147
-53.5318
-53.5499
-53.5689
-53.589
-53.6104
-53.6066
-53.5128
-53.4687
-53.4552
-53.455
-53.4606
-53.469
-53.4789
-53.4898
-53.5016
-53.5141
-53.5275
-53.5417
-53.557
-53.5733
-53.5909
-53.6098
-53.6309
-53.6545
-53.6797
-53.7067
-53.7359
-53.7676
-53.8035
-53.8435
-53.6012
-53.4648
-53.4255
-53.4205
-53.4273
-53.4382
-53.4504
-53.4632
-53.4763
-53.4902
-53.5043
-53.5188
-53.5339
-53.55
-53.5675
-53.5859
-53.6054
-53.6262
-53.6485
-53.6734
-53.7009
-53.671
-53.5002
-53.4372
-53.4213
-53.4222
-53.4289
-53.4379
-53.4477
-53.4579
-53.4688
-53.4803
-53.4921
-53.5042
-53.5169
-53.5309
-53.5462
-53.5623
-53.5794
-53.5975
-53.6171
-53.6394
-53.6642
-53.6906
-53.7187
-53.7491
-53.5308
-53.4361
-53.4108
-53.4091
-53.4152
-53.4239
-53.4336
-53.4441
-53.4547
-53.4652
-53.476
-53.487
-53.4989
-53.5121
-53.5258
-53.5402
-53.5554
-53.5717
-53.59
-53.611
-53.6332
-53.6568
-53.682
-53.7092
-53.7403
-53.7762
-53.8145
-53.855
-53.8984
-53.945
-53.9974
-54.0581
-54.1226
-53.6918
-53.4181
-53.3544
-53.3507
-53.3639
-53.3807
-53.3974
-53.413
-53.4277
-53.4416
-53.4558
-53.4698
-53.4837
-53.4975
-53.5117
-53.5264
-53.5421
-53.5591
-53.5767
-53.5008
-53.4392
-53.4196
-53.4161
-53.4186
-53.4235
-53.4292
-53.4354
-53.4416
-53.448
-53.4551
-53.4625
-53.4703
-53.4789
-53.4874
-53.4957
-53.5039
-53.5119
-53.5197
-53.4676
-53.4246
-53.4096
-53.4063
-53.4076
-53.4105
-53.4138
-53.4165
-53.4182
-53.4187
-53.4175
-53.4147
-53.413
-53.4125
-53.4148
-53.429
-53.4622
-53.5023
-53.5387
-53.5636
-53.5727
-53.5453
-53.3451
-51.9018
-50.4879
-50.9568
-51.9141
-52.6925
-53.1693
-53.4146
-53.541
-53.6234
-53.7484
-54.0129
-54.403
-54.8165
-55.2078
-55.54
-55.8248
-56.093
-56.367
-56.663
-56.9916
-57.3715
-57.8045
-58.2658
-58.7378
-59.1999
-59.6517
-60.1013
-60.5545
-61.0188
-61.496
-61.9945
-62.5225
-63.0677
-63.6242
-64.1765
-64.7155
-65.2398
-65.7497
-66.2477
-66.7341
-67.211
-67.6864
-68.1591
-68.6207
-69.0671
-69.4887
-69.885
-70.2557
-70.6017
-70.9254
-71.2285
-71.5141
-71.7864
-72.0458
-72.2904
-72.518
-72.7265
-72.9168
-73.0905
-73.248
-73.3908
-73.5211
-73.6407
-73.7519
-73.8559
-73.9534
-74.0425
-74.1225
-74.1941
-74.2582
-74.3151
-74.3651
-74.4092
-74.4489
-74.4857
-74.5204
-74.5544
-74.5869
-74.6151
-74.6394
-74.6608
-74.6793
-74.6941
-74.7057
-74.7155
-74.7247
-74.7335
-74.7432
-74.7545
-74.766
-74.7745
-74.7809
-74.7861
-74.79
-74.7921
-74.7919
-74.7917
-74.792
-74.7926
-74.7953
-74.7998
-74.8055
-74.8094
-74.8104
-74.8107
-74.8104
-74.8091
-74.8066
-74.8032
-74.7999
-74.7976
-74.7975
-74.7998
-74.8025
-74.8057
-74.8066
-74.8056
-74.8043
-74.8026
-74.7996
-74.7978
-74.795
-74.7913
-74.7889
-74.7896
-74.7919
-74.7935
-74.796
-74.7967
-74.7947
-74.7915
-74.7888
-74.7856
-74.7835
-74.7826
-74.7797
-74.7768
-74.776
-74.7774
-74.7783
-74.7804
-74.7829
-74.7826
-74.7796
-74.7756
-74.7721
-74.7703
-74.769
-74.7682
-74.7678
-74.7674
-74.7665
-74.7672
-74.767
-74.7658
-74.767
-74.7678
-74.7659
-74.7615
-74.7569
-74.7554
-74.7544
-74.7516
-74.7505
-74.7538
-74.7555
-74.755
-74.7556
-74.7544
-74.752
-74.7516
-74.7518
-74.7497
-74.7458
-74.7428
-74.7413
-74.7403
-74.7385
-74.7374
-74.7405
-74.7431
-74.7432
-74.7443
-74.743
-74.7388
-74.7362
-74.7358
-74.7347
-74.7317
-74.7285
-74.7254
-74.7221
-74.7212
-74.7207
-74.7244
-74.7274
-74.7282
-74.7291
-74.7312
-74.7314
-74.7268
-74.7213
-74.7191
-74.7194
-74.7185
-74.7168
-74.7136
-74.7094
-74.7051
-74.7017
-74.7038
-74.7098
-74.7128
-74.7128
-74.7114
-74.7141
-74.7162
-74.7134
-74.7079
-74.7029
-74.7012
-74.7016
-74.7024
-74.7006
-74.6951
-74.6884
-74.6833
-74.6829
-74.6885
-74.6925
-74.6935
-74.6939
-74.6934
-74.6937
-74.6967
-74.6971
-74.6936
-74.689
-74.6857
-74.6846
-74.6857
-74.6867
-74.6843
-74.678
-74.6714
-74.6647
-74.6655
-74.6697
-74.6725
-74.6723
-74.6708
-74.669
-74.6685
-74.6718
-74.6737
-74.6741
-74.6732
-74.6688
-74.667
-74.6675
-74.6684
-74.6677
-74.6631
-74.6588
-74.6553
-74.6531
-74.6535
-74.6525
-74.6496
-74.6454
-74.6435
-74.6428
-74.6409
-74.6401
-74.6462
-74.6503
-74.6494
-74.6464
-74.6442
-74.645
-74.6462
-74.6456
-74.645
-74.6435
-74.6405
-74.6382
-74.638
-74.6391
-74.6405
-74.6366
-74.628
-74.6184
-74.6133
-74.6102
-74.6057
-74.6036
-74.6077
-74.6147
-74.6196
-74.6206
-74.6206
-74.618
-74.6153
-74.616
-74.616
-74.6143
-74.6138
-74.6133
-74.6179
-74.6231
-74.6238
-74.6235
-74.6201
-74.6144
-74.6054
-74.5931
-74.5822
-74.5753
-74.569
-74.5654
-74.567
-74.571
-74.5762
-74.5772
-74.577
-74.5815
-74.5857
-74.5848
-74.582
-74.5795
-74.5773
-74.5745
-74.5732
-74.5778
-74.5867
-74.5921
-74.5933
-74.5963
-74.5966
-74.592
-74.5843
-74.5723
-74.5564
-74.5462
-74.5384
-74.53
-74.5226
-74.5193
-74.5223
-74.5268
-74.5301
-74.5347
-74.5377
-74.537
-74.535
-74.5328
-74.532
-74.5312
-74.5304
-74.5293
-74.526
-74.527
-74.5371
-74.5502
-74.5593
-74.5623
-74.5646
-74.5672
-74.5646
-74.5559
-74.5418
-74.5267
-74.5138
-74.5033
-74.4966
-74.4913
-74.483
-74.4715
-74.4586
-74.4556
-74.4573
-74.4618
-74.471
-74.4793
-74.482
-74.4778
-74.4759
-74.4774
-74.4766
-74.4718
-74.4644
-74.4583
-74.4546
-74.46
-74.4715
-74.4764
-74.4806
-74.489
-74.497
-74.5047
-74.5119
-74.5151
-74.5136
-74.5081
-74.4981
-74.4827
-74.4657
-74.451
-74.4411
-74.4346
-74.4279
-74.4214
-74.4132
-74.3995
-74.383
-74.3736
-74.372
-74.3677
-74.3654
-74.3713
-74.376
-74.3814
-74.3875
-74.3955
-74.4024
-74.4047
-74.4032
-74.4007
-74.3941
-74.3844
-74.3817
-74.3893
-74.3984
-74.4037
-74.4058
-74.4081
-74.4074
-74.4024
-74.401
-74.4043
-74.4112
-74.419
-74.4226
-74.422
-74.4209
-74.4206
-74.4183
-74.4114
-74.4029
-74.3917
-74.3792
-74.3654
-74.3479
-74.3335
-74.3254
-74.3168
-74.3067
-74.3
-74.295
-74.2866
-74.2811
-74.2793
-74.2732
-74.2601
-74.248
-74.2431
-74.2404
-74.2452
-74.2462
-74.2413
-74.2374
-74.2369
-74.2354
-74.237
-74.2425
-74.2513
-74.2642
-74.2791
-74.2863
-74.292
-74.2966
-74.3011
-74.3006
-74.2978
-74.2906
-74.2814
-74.2752
-74.2693
-74.269
-74.2726
-74.2779
-74.2801
-74.281
-74.2803
-74.2753
-74.2708
-74.2638
-74.2546
-74.2479
-74.2398
-74.2329
-74.2356
-74.2412
-74.2445
-74.2414
-74.2351
-74.225
-74.2092
-74.1958
-74.1911
-74.1889
-74.1804
-74.1705
-74.16
-74.1509
-74.1403
-74.1249
-74.1206
-74.122
-74.1174
-74.1148
-74.1082
-74.0947
-74.0792
-74.0674
-74.0612
-74.0526
-74.0408
-74.0265
-74.0113
-73.993
-73.975
-73.9581
-73.9473
-73.9483
-73.9578
-73.9665
-73.9848
-74.0069
-74.0242
-74.0375
-74.0467
-74.0478
-74.0447
-74.0427
-74.0381
-74.0387
-74.0465
-74.053
-74.0527
-74.0504
-74.0463
-74.0429
-74.0439
-74.0413
-74.0388
-74.0485
-74.0619
-74.073
-74.0767
-74.0706
-74.0603
-74.0471
-74.0329
-74.0175
-74.0023
-73.9949
-73.989
-73.9838
-73.9788
-73.9792
-73.9826
-73.9891
-73.996
-74.0061
-74.0112
-74.0125
-74.0143
-74.0098
-74.0018
-73.9896
-73.9785
-73.968
-73.9568
-73.942
-73.9258
-73.9113
-73.8991
-73.8915
-73.8812
-73.8707
-73.862
-73.8588
-73.8593
-73.8574
-73.8506
-73.8463
-73.8429
-73.8396
-73.8341
-73.8237
-73.8125
-73.8003
-73.7873
-73.7716
-73.7599
-73.7499
-73.7352
-73.7186
-73.7033
-73.6932
-73.6917
-73.6949
-73.7047
-73.7129
-73.7149
-73.7114
-73.7092
-73.7045
-73.6932
-73.6767
-73.6624
-73.6531
-73.6416
-73.6251
-73.6043
-73.5804
-73.5543
-73.5267
-73.4984
-73.4763
-73.4643
-73.4683
-73.4699
-73.4631
-73.4493
-73.4342
-73.4286
-73.4229
-73.4183
-73.4113
-73.3986
-73.3816
-73.3807
-73.3983
-73.4173
-73.4249
-73.4218
-73.4108
-73.3962
-73.3927
-73.3903
-73.3838
-73.3856
-73.3871
-73.3813
-73.3688
-73.3514
-73.3306
-73.3125
-73.3053
-73.3088
-73.3095
-73.3024
-73.289
-73.2711
-73.2562
-73.2444
-73.2295
-73.2108
-73.1904
-73.1824
-73.1813
-73.1752
-73.163
-73.1461
-73.1259
-73.1035
-73.0796
-73.0545
-73.0287
-73.0023
-72.9756
-72.9486
-72.9214
-72.8962
-72.8818
-72.8728
-72.8709
-72.8655
-72.8546
-72.8393
-72.8209
-72.8004
-72.7786
-72.7653
-72.7571
-72.7461
-72.7312
-72.7135
-72.6937
-72.6726
-72.6579
-72.6516
-72.6431
-72.6306
-72.6148
-72.5968
-72.5771
-72.5564
-72.535
-72.5132
-72.491
-72.4686
-72.4462
-72.4237
-72.4012
-72.3788
-72.3565
-72.3343
-72.3123
-72.2904
-72.2687
-72.2471
-72.2259
-72.2172
-72.2164
-72.2126
-72.2043
-72.1928
-72.1788
-72.1633
-72.1468
-72.1296
-72.1119
-72.094
-72.0759
-72.0577
-72.0394
-72.0212
-72.003
-71.9849
-71.967
-71.9491
-71.9314
-71.9138
-71.8964
-71.8791
-71.862
-71.8451
-71.8283
-71.8117
-71.7953
-71.7791
-71.7631
-71.7472
-71.7315
-71.716
-71.7007
-71.6856
-71.6706
-71.6558
-71.6412
-71.6267
-71.6124
-71.5983
-71.5844
-71.5706
-71.557
-71.5436
-71.5303
-71.5172
-71.5042
-71.4914
-71.4788
-71.4663
-71.454
-71.4418
-71.4298
-71.4179
-71.4062
-71.3946
-71.3832
-71.3719
-71.3607
-71.3497
-71.3388
-71.3281
-71.3175
-71.3071
-71.2967
-71.2865
-71.2765
-71.2666
-71.2568
-71.2471
-71.2375
-71.2281
-71.2188
-71.2096
-71.2006
-71.1916
-71.1828
-71.1741
-71.1655
-71.157
-71.1486
-71.1404
-71.1322
-71.1242
-71.1162
-71.1084
-71.1006
-71.093
-71.0855
-71.078
-71.0707
-71.0635
-71.0563
-71.0493
-71.0423
-71.0355
-71.0287
-71.0221
-71.0155
-71.009
-71.0026
-70.9963
-70.99
-70.9839
-70.9778
-70.9718
-70.9659
-70.9601
-70.9544
-70.9487
-70.9432
-70.9377
-70.9322
-70.9269
-70.9216
-70.9164
-70.9113
-70.9062
-70.9013
-70.8964
-70.8915
-70.8867
-70.882
-70.8774
-70.8728
-70.8683
-70.8639
-70.8595
-70.8552
-70.8509
-70.8467
-70.8426
-70.8385
-70.8345
-70.8306
-70.8267
-70.8229
-70.8191
-70.8154
-70.8117
-70.8081
-70.8045
-70.801
-70.7976
-70.7942
-70.7908
-70.7875
-70.7843
-70.7811
-70.7779
-70.7748
-70.7718
-70.7688
-70.7658
-70.7629
-70.76
-70.7572
-70.7544
-70.7517
-70.749
-70.7463
-70.7437
-70.7412
-70.7386
-70.7361
-70.7337
-70.7313
-70.7289
-70.7266
-70.7243
-70.722
-70.7198
-70.7177
-70.7155
-70.7134
-70.7113
-70.7093
-70.7073
-70.7053
-70.7034
-70.7015
-70.6996
-70.6978
-70.6959
-70.6942
-70.6924
-70.6907
-70.689
-70.6874
-70.6857
-70.6841
-70.6826
-70.681
-70.6795
-70.678
-70.6766
-70.6751
-70.6737
-70.6723
-70.671
-70.6697
-70.6684
-70.6671
-70.6658
-70.6646
-70.6634
-70.6622
-70.661
-70.6599
-70.6588
-70.6577
-70.6566
-70.6555
-70.6545
-70.6535
-70.6525
-70.6515
-70.6506
-70.6496
-70.6487
-70.6478
-70.6469
-70.6461
-70.6452
-70.6444
-70.6436
-70.6428
-70.6421
-70.6413
-70.6406
-70.6399
-70.6392
-70.6385
-70.6378
-70.6372
-70.6365
-70.6359
-70.6353
-70.6347
-70.6341
-70.6335
-70.633
-70.6324
-70.6319
-70.6314
-70.6309
-70.6304
-70.6299
-70.6295
-70.629
-70.6286
-70.6282
-70.6278
-70.6274
-70.627
-70.6266
-70.6262
-70.6259
-70.6255
-70.6252
-70.6249
-70.6246
-70.6243
-70.624
-70.6237
-70.6234
-70.6231
-70.6229
-70.6226
-70.6224
-70.6222
-70.622
-70.6218
-70.6216
-70.6214
-70.6212
-70.621
-70.6208
-70.6207
-70.6205
-70.6204
-70.6202
-70.6201
-70.62
-70.6198
-70.6197
-70.6196
-70.6195
-70.6194
-70.6194
-70.6193
-70.6192
-70.6191
-70.6191
-70.619
-70.619
-70.6189
-70.6189
-70.6189
-70.6188
-70.6188
-70.6188
-70.6188
-70.6188
-70.6188
-70.6188
-70.6188
-70.6188
-70.6188
-70.6188
-70.6189
-70.6189
-70.6189
-70.619
-70.619
-70.6191
-70.6191
-70.6192
-70.6192
-70.6193
-70.6193
-70.6194
-70.6195
-70.6196
-70.6196
-70.6197
-70.6198
-70.6199
-70.62
-70.6201
-70.6202
-70.6203
-70.6204
-70.6205
-70.6206
-70.6207
-70.6208
-70.6209
-70.621
-70.6211
-70.6213
-70.6214
-70.6215
-70.6216
-70.6218
-70.6219
-70.622
-70.6222
-70.6223
-70.6224
-70.6226
-70.6227
-70.6229
-70.623
-70.6232
-70.6233
-70.6235
-70.6236
-70.6238
-70.6239
-70.6241
-70.6242
-70.6244
-70.6245
-70.6247
-70.6249
-70.625
-70.6252
-70.6254
-70.6255
-70.6257
-70.6259
-70.626
-70.6262
-70.6264
-70.6265
-70.6267
-70.6269
-70.627
-70.6272
-70.6274
-70.6276
-70.6277
-70.6279
-70.6281
-70.6283
-70.6284
-70.6286
-70.6288
-70.629
-70.6291
-70.6293
-70.6295
-70.6297
-70.6299
-70.63
-70.6302
-70.6304
-70.6306
-70.6308
-70.6309
-70.6311
-70.6313
-70.6315
-70.6316
-70.6318
-70.632
-70.6322
-70.6324
-70.6325
-70.6327
-70.6329
-70.6331
-70.6333
-70.6334
-70.6336
-70.6338
-70.634
-70.6342
-70.6343
-70.6345
-70.6347
-70.6349
-70.635
-70.6352
-70.6354
-70.6356
-70.6357
-70.6359
-70.6361
-70.6363
-70.6364
-70.6366
-70.6368
-70.637
-70.6371
-70.6373
-70.6375
-70.6376
-70.6378
-70.638
-70.6381
-70.6383
-70.6385
-70.6387
-70.6388
-70.639
-70.6392
-70.6393
-70.6395
-70.6396
-70.6398
-70.64
-70.6401
-70.6403
-70.6405
-70.6406
-70.6408
-70.6409
-70.6411
-70.6413
-70.6414
-70.6416
-70.6417
-70.6419
-70.642
-70.6422
-70.6424
-70.6425
-70.6427
-70.6428
-70.643
-70.6431
-70.6433
-70.6434
-70.6436
-70.6437
-70.6439
-70.644
-70.6442
-70.6443
-70.6444
-70.6446
-70.6447
-70.6449
-70.645
-70.6452
-70.6453
-70.6454

