-70
-70.1661
-70.23
-70.2566
-70.2695
-70.2773
-70.283
-70.2879
-70.2925
-70.297
-70.3014
-70.3057
-70.31
-70.3142
-70.3185
-70.3226
-70.3268
-70.3309
-70.335
-70.3391
-70.3431
-70.3471
-70.351
-70.3549
-70.3588
-70.3626
-70.3664
-70.3701
-70.3738
-70.3775
-70.3811
-70.3847
-70.3883
-70.3918
-70.3953
-70.3987
-70.4021
-70.4055
-70.4088
-70.4121
-70.4154
-70.4186
-70.4218
-70.4249
-70.428
-70.4311
-70.4341
-70.4372
-70.4401
-70.4431
-70.446
-70.4489
-70.4517
-70.4545
-70.4573
-70.4601
-70.4628
-70.4655
-70.4682
-70.4708
-70.4734
-70.476
-70.4785
-70.481
-70.4835
-70.486
-70.4884
-70.4908
-70.4932
-70.4955
-70.4978
-70.5001
-70.5024
-70.5046
-70.5068
-70.509
-70.5112
-70.5133
-70.5154
-70.5175
-70.5196
-70.5216
-70.5236
-70.5256
-70.5276
-70.5295
-70.5315
-70.5334
-70.5352
-70.5371
-70.5389
-70.5407
-70.5425
-70.5443
-70.5461
-70.5478
-70.5495
-70.5512
-70.5528
-70.5545
-70.5561
-70.5577
-70.5593
-70.5609
-70.5624
-70.5639
-70.5655
-70.5669
-70.5684
-70.5699
-70.5713
-70.5727
-70.5741
-70.5755
-70.5769
-70.5782
-70.5796
-70.5809
-70.5822
-70.5835
-70.5848
-70.586
-70.5873
-70.5885
-70.5897
-70.5909
-70.5921
-70.5932
-70.5944
-70.5955
-70.5966
-70.5977
-70.5988
-70.5999
-70.601
-70.602
-70.603
-70.6041
-70.6051
-70.6061
-70.6071
-70.608
-70.609
-70.6099
-70.6109
-70.6118
-70.6127
-70.6136
-70.6145
-70.6154
-70.6162
-70.6171
-70.6179
-70.6187
-70.6196
-70.6204
-70.6212
-70.622
-70.6227
-70.6235
-70.6242
-70.625
-70.6257
-70.6265
-70.6272
-70.6279
-70.6286
-70.6293
-70.6299
-70.6306
-70.6313
-70.6319
-70.6325
-70.6332
-70.6338
-70.6344
-70.635
-70.6356
-70.6362
-70.6368
-70.6374
-70.6379
-70.6385
-70.639
-70.6396
-70.6401
-70.6406
-70.6411
-70.6417
-70.6422
-70.6427
-70.6431
-70.6436
-70.6441
-70.6446
-70.645
-70.6455
-70.6459
-70.6464
-70.6468
-70.6472
-70.6476
-70.6481
-70.6485
-70.6489
-70.6493
-70.6497
-70.65
-70.6504
-70.6508
-70.6512
-70.6515
-70.6519
-70.6522
-70.6526
-70.6529
-70.6533
-70.6536
-70.6539
-70.6542
-70.6545
-70.6549
-70.6552
-70.6555
-70.6558
-70.656
-70.6563
-70.6566
-70.6569
-70.6572
-70.6574
-70.6577
-70.658
-70.6582
-70.6585
-70.6587
-70.6589
-70.6592
-70.6594
-70.6597
-70.6599
-70.6601
-70.6603
-70.6605
-70.6607
-70.661
-70.6612
-70.6614
-70.6616
-70.6617
-70.6619
-70.6621
-70.6623
-70.6625
-70.6627
-70.6628
-70.663
-70.6632
-70.6633
-70.6635
-70.6637
-70.6638
-70.664
-70.6641
-70.6643
-70.6644
-70.6646
-70.6647
-70.6648
-70.665
-70.6651
-70.6652
-70.6653
-70.6655
-70.6656
-70.6657
-70.6658
-70.6659
-70.666
-70.6662
-70.6663
-70.6664
-70.6665
-70.6666
-70.6667
-70.6668
-70.6669
-70.667
-70.667
-70.6671
-70.6672
-70.6673
-70.6674
-70.6675
-70.6675
-70.6676
-70.6677
-70.6678
-70.6678
-70.6679
-70.668
-70.668
-70.6681
-70.6682
-70.6682
-70.6683
-70.6683
-70.6684
-70.6685
-70.6685
-70.6686
-70.6686
-70.6687
-70.6687
-70.6688
-70.6688
-70.6688
-70.6689
-70.6689
-70.669
-70.669
-70.669
-70.6691
-70.6691
-70.6691
-70.6692
-70.6692
-70.6692
-70.6693
-70.6693
-70.6693
-70.6694
-70.6694
-70.6694
-70.6694
-70.6694
-70.6695
-70.6695
-70.6695
-70.6695
-70.6695
-70.6696
-70.6696
-70.6696
-70.6696
-70.6696
-70.6696
-70.6696
-70.6697
-70.6697
-70.6697
-70.6697
-70.6697
-70.6697
-70.6697
-70.6697
-70.6697
-70.6697
-70.6697
-70.6697
-70.6697
-70.6697
-70.6697
-70.6697
-70.6697
-70.6697
-70.6697
-70.6697
-70.6697
-70.6697
-70.6697
-70.6697
-70.6697
-70.6697
-70.6697
-70.6697
-70.6697
-70.6697
-70.6697
-70.6697
-70.6697
-70.6697
-70.6697
-70.6696
-70.6696
-70.6696
-70.6696
-70.6696
-70.6696
-70.6696
-70.6696
-70.6696
-70.6695
-70.6695
-70.6695
-70.6695
-70.6695
-70.6695
-70.6695
-70.6695
-70.6694
-70.6694
-70.6694
-70.6694
-70.6694
-70.6694
-70.6693
-70.6693
-70.6693
-70.6693
-70.6693
-70.6693
-70.6693
-70.6692
-70.6692
-70.6692
-70.6692
-70.6692
-70.6691
-70.6691
-70.6691
-70.6691
-70.6691
-70.6691
-70.669
-70.669
-70.669
-70.669
-70.669
-70.6689
-70.6689
-70.6689
-70.6689
-70.6689
-70.6688
-70.6688
-70.6688
-70.6688
-70.6688
-70.6687
-70.6687
-70.6687
-70.6687
-70.6686
-70.6686
-70.6686
-70.6686
-70.6686
-70.6685
-70.6685
-70.6685
-70.6685
-70.6685
-70.6684
-70.6684
-70.6684
-70.6684
-70.6684
-70.6683
-70.6683
-70.6683
-70.6683
-70.6682
-70.6682
-70.6682
-70.6682
-70.6682
-70.6681
-70.6681
-70.6681
-70.6681
-70.6681
-70.673
-70.8083
-71.4253
-72.3711
-73.2017
-73.7373
-74.0201
-56.1365
-51.7001
-49.6728
-47.3595
-39.4122
-1.29135
-32.933
-65.4064
-68.8934
-67.9295
-66.8732
-65.7925
-64.7057
-63.6307
-62.5851
-61.5854
-60.6439
-59.7321
-58.805
-58.0169
-57.3319
-56.7302
-56.2041
-55.747
-55.3495
-55.0009
-54.7048
-54.4586
-54.2557
-54.089
-53.9515
-53.8347
-53.7391
-53.6628
-53.6008
-53.552
-53.5143
-53.4854
-53.4606
-53.4401
-53.4252
-53.4146
-53.4073
-53.4026
-53.3997
-53.3962
-53.3926
-53.3878
-53.3846
-53.3835
-53.3838
-53.3849
-53.3866
-53.3887
-53.391
-53.3936
-53.3963
-53.3979
-53.3956
-53.3927
-53.3919
-53.3925
-53.3938
-53.3941
-53.3938
-53.3942
-53.3953
-53.3967
-53.3984
-53.4002
-53.4019
-53.4034
-53.4048
-53.4055
-53.402
-53.3972
-53.3938
-53.3919
-53.3904
-53.3883
-53.3844
-53.3752
-53.3309
-53.1036
-53.0692
-53.1196
-53.1751
-53.2184
-53.2488
-53.2692
-53.2832
-53.2936
-53.3025
-53.3113
-53.3212
-53.3331
-53.3482
-53.3678
-53.3929
-53.4217
-53.4345
-53.4392
-53.4355
-53.4332
-53.4335
-53.4359
-53.4399
-53.4451
-53.4431
-53.4393
-53.4387
-53.4407
-53.4444
-53.4496
-53.4558
-53.463
-53.4712
-53.4803
-53.4904
-53.5016
-53.5138
-53.5272
-53.5419
-53.558
-53.5755
-53.5947
-53.6156
-53.6384
-53.6632
-53.6903
-53.72
-53.7524
-53.7879
-53.8265
-53.8686
-53.6386
-53.4965
-53.4436
-53.4091
-53.4005
-53.404
-53.4121
-53.4218
-53.4319
-53.4422
-53.4526
-53.4633
-53.4741
-53.4851
-53.4964
-53.5082
-53.5207
-53.5339
-53.5481
-53.5632
-53.5796
-53.5978
-53.6175
-53.6386
-53.6613
-53.6859
-53.7126
-53.7417
-53.7734
-53.8078
-53.8463
-53.8917
-53.9441
-53.9991
-54.0565
-54.1172
-54.1819
-54.2511
-54.3251
-54.4044
-54.4897
-54.5913
-53.9584
-53.4444
-53.3233
-53.297
-53.296
-53.3118
-53.3321
-53.3521
-53.3706
-53.3873
-53.4029
-53.4172
-53.4307
-53.4433
-53.4552
-53.4668
-53.4784
-53.4901
-53.5021
-53.5147
-53.529
-53.5451
-53.5624
-53.581
-53.6011
-53.6222
-53.6445
-53.6684
-53.694
-53.7219
-53.7526
-53.7886
-53.8301
-53.876
-53.9241
-53.9768
-54.0343
-54.0947
-54.1586
-54.2266
-54.299
-54.3775
-54.4673
-54.5693
-54.6831
-54.8024
-54.9246
-55.0553
-55.1998
-55.35
-55.5044
-54.1983
-53.3369
-53.1632
-53.1635
-53.1855
-53.2175
-53.2527
-53.2856
-53.3145
-53.3397
-53.354
-53.3622
-53.3713
-53.3809
-53.3905
-53.3996
-53.4083
-53.4169
-53.4251
-53.4329
-53.4407
-53.4485
-53.4567
-53.4656
-53.4747
-53.4844
-53.4953
-53.5069
-53.5197
-53.5343
-53.5503
-53.5671
-53.5849
-53.6045
-53.6266
-53.6504
-53.6773
-53.7066
-53.7387
-53.7753
-53.8165
-53.7961
-53.518
-53.424
-53.4019
-53.4034
-53.4128
-53.4246
-53.4369
-53.4493
-53.4622
-53.4677
-53.4406
-53.427
-53.4238
-53.4257
-53.4298
-53.4352
-53.442
-53.4496
-53.4573
-53.466
-53.4763
-53.4874
-53.499
-53.511
-53.5236
-53.5383
-53.5566
-53.5872
-53.6291
-53.673
-53.717
-53.7628
-53.8071
-53.852
-53.8994
-53.9514
-54.018
-54.1141
-54.2371
-54.3706
-54.5065
-54.6347
-54.7571
-54.8819
-55.0144
-55.163
-55.3556
-55.5927
-55.8535
-56.1205
-56.3844
-56.6475
-56.9128
-57.1867
-57.4739
-57.7806
-58.1263
-58.5127
-58.9391
-59.3878
-59.837
-60.2815
-60.7263
-61.1723
-61.6212
-62.0735
-62.5548
-63.069
-63.6071
-64.1673
-64.722
-65.2512
-65.7506
-66.226
-66.6807
-67.116
-67.5468
-67.9863
-68.4304
-68.8822
-69.3276
-69.7441
-70.1224
-70.4633
-70.7728
-71.0574
-71.321
-71.5759
-71.8235
-72.0645
-72.3022
-72.5287
-72.7375
-72.9221
-73.0831
-73.2247
-73.35
-73.4643
-73.5732
-73.677
-73.7764
-73.8737
-73.9661
-74.0521
-74.1279
-74.191
-74.244
-74.2886
-74.3279
-74.3653
-74.4004
-74.4347
-74.469
-74.5029
-74.5359
-74.5665
-74.5925
-74.6116
-74.6256
-74.6384
-74.6504
-74.6606
-74.6704
-74.6809
-74.6913
-74.7013
-74.712
-74.7226
-74.7318
-74.737
-74.7385
-74.7399
-74.7424
-74.7442
-74.7463
-74.749
-74.7515
-74.7537
-74.7571
-74.7615
-74.766
-74.7691
-74.7691
-74.7678
-74.7663
-74.7657
-74.7647
-74.764
-74.7625
-74.7614
-74.7605
-74.7609
-74.762
-74.7647
-74.7665
-74.7669
-74.7663
-74.7643
-74.7628
-74.7629
-74.7624
-74.76
-74.757
-74.754
-74.7533
-74.7534
-74.7549
-74.7567
-74.7576
-74.7573
-74.7568
-74.7543
-74.7512
-74.7509
-74.7487
-74.7463
-74.743
-74.7406
-74.7401
-74.7395
-74.7407
-74.7445
-74.7465
-74.7472
-74.7478
-74.7453
-74.7425
-74.7402
-74.7364
-74.7342
-74.7306
-74.727
-74.7265
-74.7252
-74.7233
-74.7249
-74.7291
-74.7315
-74.7327
-74.732
-74.7301
-74.7295
-74.7259
-74.722
-74.7204
-74.7181
-74.7164
-74.7158
-74.7144
-74.7126
-74.7124
-74.714
-74.7185
-74.7205
-74.719
-74.7177
-74.7176
-74.7135
-74.7068
-74.7017
-74.698
-74.6958
-74.6958
-74.696
-74.6974
-74.6975
-74.6964
-74.6958
-74.7002
-74.704
-74.7045
-74.705
-74.7075
-74.7053
-74.6987
-74.693
-74.6892
-74.6859
-74.6824
-74.6815
-74.6827
-74.6862
-74.6858
-74.6819
-74.6806
-74.6828
-74.6851
-74.6845
-74.6818
-74.6813
-74.6802
-74.677
-74.6717
-74.6677
-74.6644
-74.6606
-74.6623
-74.6656
-74.6664
-74.6681
-74.6682
-74.6671
-74.6689
-74.6707
-74.6715
-74.6723
-74.6713
-74.6692
-74.6652
-74.6619
-74.6598
-74.6574
-74.6541
-74.6506
-74.6494
-74.6525
-74.6532
-74.6507
-74.6474
-74.6431
-74.6427
-74.6417
-74.6402
-74.6391
-74.6385
-74.6402
-74.6421
-74.6387
-74.6333
-74.6291
-74.6273
-74.627
-74.6284
-74.631
-74.6314
-74.6333
-74.6341
-74.6322
-74.6296
-74.63
-74.6317
-74.6315
-74.6275
-74.6226
-74.6198
-74.6187
-74.6208
-74.6242
-74.6235
-74.618
-74.6099
-74.6058
-74.6089
-74.615
-74.6195
-74.6186
-74.6143
-74.611
-74.6073
-74.5994
-74.5931
-74.5934
-74.5961
-74.5977
-74.5949
-74.5882
-74.5805
-74.5736
-74.5725
-74.575
-74.5784
-74.5809
-74.5797
-74.578
-74.5766
-74.5787
-74.5845
-74.5914
-74.5944
-74.5898
-74.586
-74.583
-74.5779
-74.5726
-74.5697
-74.569
-74.5688
-74.5714
-74.575
-74.5735
-74.568
-74.561
-74.5512
-74.5441
-74.5415
-74.5431
-74.5478
-74.5532
-74.5552
-74.5559
-74.5576
-74.5577
-74.5571
-74.5563
-74.5561
-74.5534
-74.55
-74.5459
-74.5422
-74.5405
-74.5359
-74.5321
-74.5304
-74.5266
-74.5212
-74.5165
-74.5128
-74.5119
-74.5066
-74.4995
-74.493
-74.4897
-74.4904
-74.4927
-74.4924
-74.4925
-74.4995
-74.5047
-74.5096
-74.513
-74.5115
-74.5091
-74.5045
-74.5001
-74.4927
-74.4906
-74.4943
-74.4986
-74.5029
-74.5062
-74.5064
-74.5012
-74.4969
-74.4936
-74.4877
-74.4817
-74.4768
-74.4711
-74.4606
-74.4484
-74.4423
-74.4447
-74.4514
-74.4572
-74.4564
-74.4533
-74.4481
-74.4435
-74.4411
-74.4429
-74.4466
-74.4461
-74.4419
-74.4417
-74.4437
-74.4394
-74.4333
-74.4287
-74.4268
-74.4299
-74.4334
-74.4363
-74.4429
-74.4527
-74.4584
-74.4574
-74.4486
-74.4367
-74.4259
-74.4146
-74.405
-74.3973
-74.3932
-74.3905
-74.3867
-74.3811
-74.3778
-74.3789
-74.3784
-74.3771
-74.3765
-74.372
-74.3649
-74.3577
-74.3538
-74.3452
-74.3363
-74.332
-74.3314
-74.3356
-74.3426
-74.3484
-74.3508
-74.3507
-74.3478
-74.3445
-74.3392
-74.3391
-74.3389
-74.3389
-74.3436
-74.3502
-74.3574
-74.3593
-74.3566
-74.3549
-74.3499
-74.3408
-74.3307
-74.328
-74.3283
-74.3291
-74.3275
-74.32
-74.3105
-74.299
-74.2934
-74.2932
-74.2907
-74.2887
-74.2909
-74.2942
-74.2931
-74.2931
-74.2905
-74.284
-74.2776
-74.2653
-74.2478
-74.2291
-74.2104
-74.1945
-74.1885
-74.1917
-74.1922
-74.1876
-74.1852
-74.1876
-74.1934
-74.1989
-74.2074
-74.2127
-74.2176
-74.2211
-74.2238
-74.2212
-74.2157
-74.2132
-74.2173
-74.2246
-74.2323
-74.2327
-74.2276
-74.2221
-74.2181
-74.2171
-74.2115
-74.1996
-74.1867
-74.1772
-74.1703
-74.1677
-74.1673
-74.1653
-74.1677
-74.1681
-74.1673
-74.166
-74.1605
-74.1495
-74.1384
-74.1296
-74.1238
-74.1268
-74.1416
-74.1567
-74.1654
-74.1675
-74.1604
-74.1487
-74.133
-74.1201
-74.1113
-74.1035
-74.0921
-74.0784
-74.061
-74.0402
-74.027
-74.0178
-74.0051
-73.9879
-73.9746
-73.9642
-73.95
-73.9349
-73.9214
-73.91
-73.8969
-73.8868
-73.8862
-73.8909
-73.8952
-73.8973
-73.9033
-73.9131
-73.9247
-73.931
-73.9349
-73.9346
-73.931
-73.9333
-73.942
-73.9517
-73.9603
-73.9653
-73.973
-73.9861
-74.0008
-74.0112
-74.0201
-74.0218
-74.0143
-74.0009
-73.9971
-73.9949
-73.9855
-73.9697
-73.9543
-73.9417
-73.9255
-73.9089
-73.8906
-73.8686
-73.8473
-73.8429
-73.8536
-73.8741
-73.8941
-73.9018
-73.898
-73.8905
-73.8786
-73.8659
-73.8538
-73.8408
-73.8237
-73.8094
-73.7982
-73.7878
-73.78
-73.7809
-73.7845
-73.7882
-73.7899
-73.784
-73.7766
-73.775
-73.7715
-73.7686
-73.7745
-73.7891
-73.8051
-73.8115
-73.8121
-73.805
-73.797
-73.7984
-73.8016
-73.797
-73.7847
-73.7671
-73.7516
-73.7404
-73.7294
-73.7188
-73.7047
-73.6919
-73.6771
-73.6638
-73.6486
-73.6292
-73.6063
-73.5808
-73.5535
-73.5248
-73.4952
-73.4658
-73.4438
-73.4301
-73.4162
-73.4003
-73.3879
-73.3785
-73.3748
-73.371
-73.3611
-73.351
-73.3445
-73.3461
-73.3477
-73.3449
-73.3426
-73.3348
-73.3212
-73.3034
-73.2938
-73.3011
-73.3128
-73.3245
-73.3316
-73.3296
-73.3199
-73.3047
-73.2857
-73.2649
-73.2583
-73.2634
-73.2751
-73.2814
-73.2784
-73.2679
-73.2522
-73.2329
-73.2111
-73.1907
-73.186
-73.1883
-73.1909
-73.1867
-73.1757
-73.1597
-73.1403
-73.1185
-73.0951
-73.0708
-73.0545
-73.0427
-73.0447
-73.0511
-73.0531
-73.0567
-73.055
-73.0466
-73.0333
-73.0253
-73.0186
-73.0104
-73.0075
-73.0016
-72.9904
-72.9749
-72.9563
-72.9356
-72.9134
-72.8901
-72.866
-72.8415
-72.8165
-72.7913
-72.766
-72.7405
-72.7233
-72.7135
-72.703
-72.7009
-72.6983
-72.6904
-72.6779
-72.662
-72.6446
-72.6374
-72.6327
-72.6239
-72.6111
-72.5953
-72.5773
-72.558
-72.5376
-72.5166
-72.4951
-72.4733
-72.4514
-72.4293
-72.4072
-72.3851
-72.363
-72.3411
-72.3192
-72.2975
-72.2761
-72.2667
-72.265
-72.2602
-72.2513
-72.2391
-72.2317
-72.2352
-72.2362
-72.2319
-72.2232
-72.2116
-72.1978
-72.1825
-72.1663
-72.1494
-72.1321
-72.1144
-72.0965
-72.0785
-72.0604
-72.0423
-72.0243
-72.0063
-71.9884
-71.9706
-71.9529
-71.9353
-71.9179
-71.9006
-71.8835
-71.8666
-71.8498
-71.8332
-71.8167
-71.8004
-71.7843
-71.7684
-71.7527
-71.7371
-71.7217
-71.7065
-71.6914
-71.6765
-71.6618
-71.6473
-71.6329
-71.6188
-71.6047
-71.5909
-71.5772
-71.5637
-71.5503
-71.5371
-71.524
-71.5112
-71.4984
-71.4858
-71.4734
-71.4611
-71.449
-71.4371
-71.4252
-71.4136
-71.402
-71.3906
-71.3794
-71.3683
-71.3573
-71.3465
-71.3358
-71.3252
-71.3148
-71.3045
-71.2943
-71.2843
-71.2744
-71.2646
-71.255
-71.2455
-71.2361
-71.2268
-71.2176
-71.2086
-71.1996
-71.1908
-71.1821
-71.1735
-71.1651
-71.1567
-71.1485
-71.1403
-71.1323
-71.1243
-71.1165
-71.1088
-71.1011
-71.0936
-71.0862
-71.0788
-71.0716
-71.0645
-71.0574
-71.0505
-71.0436
-71.0368
-71.0302
-71.0236
-71.0171
-71.0107
-71.0043
-70.9981
-70.992
-70.9859
-70.9799
-70.974
-70.9682
-70.9624
-70.9567
-70.9512
-70.9456
-70.9402
-70.9348
-70.9296
-70.9243
-70.9192
-70.9141
-70.9091
-70.9042
-70.8993
-70.8945
-70.8898
-70.8852
-70.8806
-70.876
-70.8716
-70.8672
-70.8628
-70.8586
-70.8544
-70.8502
-70.8461
-70.8421
-70.8381
-70.8342
-70.8303
-70.8265
-70.8228
-70.8191
-70.8154
-70.8119
-70.8083
-70.8048
-70.8014
-70.798
-70.7947
-70.7914
-70.7882
-70.785
-70.7819
-70.7788
-70.7758
-70.7728
-70.7698
-70.7669
-70.7641
-70.7613
-70.7585
-70.7558
-70.7531
-70.7505
-70.7479
-70.7453
-70.7428
-70.7403
-70.7379
-70.7355
-70.7331
-70.7308
-70.7285
-70.7263
-70.7241
-70.7219
-70.7197
-70.7176
-70.7156
-70.7135
-70.7115
-70.7096
-70.7076
-70.7057
-70.7038
-70.702
-70.7002
-70.6984
-70.6967
-70.695
-70.6933
-70.6916
-70.69
-70.6884
-70.6868
-70.6853
-70.6837
-70.6822
-70.6808
-70.6793
-70.6779
-70.6765
-70.6752
-70.6738
-70.6725
-70.6712
-70.67
-70.6687
-70.6675
-70.6663
-70.6651
-70.664
-70.6629
-70.6617
-70.6607
-70.6596
-70.6585
-70.6575
-70.6565
-70.6555
-70.6546
-70.6536
-70.6527
-70.6518
-70.6509
-70.65
-70.6492
-70.6484
-70.6475
-70.6467
-70.646
-70.6452
-70.6444
-70.6437
-70.643
-70.6423
-70.6416
-70.6409
-70.6403
-70.6396
-70.639
-70.6384
-70.6378
-70.6372
-70.6367
-70.6361
-70.6356
-70.635
-70.6345
-70.634
-70.6335
-70.6331
-70.6326
-70.6322
-70.6317
-70.6313
-70.6309
-70.6305
-70.6301
-70.6297
-70.6293
-70.629
-70.6286
-70.6283
-70.6279
-70.6276
-70.6273
-70.627
-70.6267
-70.6264
-70.6262
-70.6259
-70.6256
-70.6254
-70.6252
-70.6249
-70.6247
-70.6245
-70.6243
-70.6241
-70.6239
-70.6237
-70.6236
-70.6234
-70.6233
-70.6231
-70.623
-70.6228
-70.6227
-70.6226
-70.6225
-70.6224
-70.6223
-70.6222
-70.6221
-70.622
-70.6219
-70.6218
-70.6218
-70.6217
-70.6217
-70.6216
-70.6216
-70.6215
-70.6215
-70.6215
-70.6215
-70.6214
-70.6214
-70.6214
-70.6214
-70.6214
-70.6214
-70.6214
-70.6214
-70.6215
-70.6215
-70.6215
-70.6215
-70.6216
-70.6216
-70.6216
-70.6217
-70.6217
-70.6218
-70.6219
-70.6219
-70.622
-70.622
-70.6221
-70.6222
-70.6223
-70.6223
-70.6224
-70.6225
-70.6226
-70.6227
-70.6228
-70.6229
-70.623
-70.6231
-70.6232
-70.6233
-70.6234
-70.6235
-70.6236
-70.6237
-70.6238
-70.6239
-70.624
-70.6242
-70.6243
-70.6244
-70.6245
-70.6247
-70.6248
-70.6249
-70.6251
-70.6252
-70.6253
-70.6255
-70.6256
-70.6258
-70.6259
-70.626
-70.6262
-70.6263
-70.6265
-70.6266
-70.6268
-70.6269
-70.6271
-70.6272
-70.6274
-70.6275
-70.6277
-70.6278
-70.628
-70.6282
-70.6283
-70.6285
-70.6286
-70.6288
-70.629
-70.6291
-70.6293
-70.6294
-70.6296
-70.6298
-70.6299
-70.6301
-70.6303
-70.6304
-70.6306
-70.6308
-70.6309
-70.6311
-70.6313
-70.6314
-70.6316
-70.6318
-70.6319
-70.6321
-70.6323
-70.6324
-70.6326
-70.6328
-70.6329
-70.6331
-70.6333
-70.6335
-70.6336
-70.6338
-70.634
-70.6341
-70.6343
-70.6345
-70.6346
-70.6348
-70.635
-70.6351
-70.6353
-70.6355
-70.6356
-70.6358
-70.636
-70.6361
-70.6363
-70.6365
-70.6366
-70.6368
-70.637
-70.6371
-70.6373
-70.6375
-70.6376
-70.6378
-70.638
-70.6381
-70.6383
-70.6385
-70.6386
-70.6388
-70.6389
-70.6391
-70.6393
-70.6394
-70.6396
-70.6397
-70.6399
-70.6401
-70.6402
-70.6404
-70.6405
-70.6407
-70.6408
-70.641
-70.6412
-70.6413
-70.6415
-70.6416
-70.6418
-70.6419
-70.6421
-70.6422
-70.6424
-70.6425
-70.6427
-70.6428
-70.643
-70.6431
-70.6433
-70.6434
-70.6435
-70.6437
-70.6438
-70.644
-70.6441
-70.6443
-70.6444
-70.6446
-70.6447
-70.6448
-70.645

