-70
-70.1661
-70.23
-70.2566
-70.2695
-70.2773
-70.283
-70.2879
-70.2925
-70.297
-70.3014
-70.3057
-70.31
-70.3142
-70.3185
-70.3226
-70.3268
-70.3309
-70.335
-70.3391
-70.3431
-70.3471
-70.351
-70.3549
-70.3588
-70.3626
-70.3664
-70.3701
-70.3738
-70.3775
-70.3811
-70.3847
-70.3883
-70.3918
-70.3953
-70.3987
-70.4021
-70.4055
-70.4088
-70.4121
-70.4154
-70.4186
-70.4218
-70.4249
-70.428
-70.4311
-70.4341
-70.4372
-70.4401
-70.4431
-70.446
-70.4489
-70.4517
-70.4545
-70.4573
-70.4601
-70.4628
-70.4655
-70.4682
-70.4708
-70.4734
-70.476
-70.4785
-70.481
-70.4835
-70.486
-70.4884
-70.4908
-70.4932
-70.4955
-70.4978
-70.5001
-70.5024
-70.5046
-70.5068
-70.509
-70.5112
-70.5133
-70.5154
-70.5175
-70.5196
-70.5216
-70.5236
-70.5256
-70.5276
-70.5295
-70.5315
-70.5334
-70.5352
-70.5371
-70.5389
-70.5407
-70.5425
-70.5443
-70.5461
-70.5478
-70.5495
-70.5512
-70.5528
-70.5545
-70.5561
-70.5577
-70.5593
-70.5609
-70.5624
-70.5639
-70.5655
-70.5669
-70.5684
-70.5699
-70.5713
-70.5727
-70.5741
-70.5755
-70.5769
-70.5782
-70.5796
-70.5809
-70.5822
-70.5835
-70.5848
-70.586
-70.5873
-70.5885
-70.5897
-70.5909
-70.5921
-70.5932
-70.5944
-70.5955
-70.5966
-70.5977
-70.5988
-70.5999
-70.601
-70.602
-70.603
-70.6041
-70.6051
-70.6061
-70.6071
-70.608
-70.609
-70.6099
-70.6109
-70.6118
-70.6127
-70.6136
-70.6145
-70.6154
-70.6162
-70.6171
-70.6179
-70.6187
-70.6196
-70.6204
-70.6212
-70.622
-70.6227
-70.6235
-70.6242
-70.625
-70.6257
-70.6265
-70.6272
-70.6279
-70.6286
-70.6293
-70.6299
-70.6306
-70.6313
-70.6319
-70.6325
-70.6332
-70.6338
-70.6344
-70.635
-70.6356
-70.6362
-70.6368
-70.6374
-70.6379
-70.6385
-70.639
-70.6396
-70.6401
-70.6406
-70.6411
-70.6417
-70.6422
-70.6427
-70.6431
-70.6436
-70.6441
-70.6446
-70.645
-70.6455
-70.6459
-70.6464
-70.6468
-70.6472
-70.6476
-70.6481
-70.6485
-70.6489
-70.6493
-70.6497
-70.65
-70.6504
-70.6508
-70.6512
-70.6515
-70.6519
-70.6522
-70.6526
-70.6529
-70.6533
-70.6536
-70.6539
-70.6542
-70.6545
-70.6549
-70.6552
-70.6555
-70.6558
-70.656
-70.6563
-70.6566
-70.6569
-70.6572
-70.6574
-70.6577
-70.658
-70.6582
-70.6585
-70.6587
-70.6589
-70.6592
-70.6594
-70.6597
-70.6599
-70.6601
-70.6603
-70.6605
-70.6607
-70.661
-70.6612
-70.6614
-70.6616
-70.6617
-70.6619
-70.6621
-70.6623
-70.6625
-70.6627
-70.6628
-70.663
-70.6632
-70.6633
-70.6635
-70.6637
-70.6638
-70.664
-70.6641
-70.6643
-70.6644
-70.6646
-70.6647
-70.6648
-70.665
-70.6651
-70.6652
-70.6653
-70.6655
-70.6656
-70.6657
-70.6658
-70.6659
-70.666
-70.6662
-70.6663
-70.6664
-70.6665
-70.6666
-70.6667
-70.6668
-70.6669
-70.667
-70.667
-70.6671
-70.6672
-70.6673
-70.6674
-70.6675
-70.6675
-70.6676
-70.6677
-70.6678
-70.6678
-70.6679
-70.668
-70.668
-70.6681
-70.6682
-70.6682
-70.6683
-70.6683
-70.6684
-70.6685
-70.6685
-70.6686
-70.6686
-70.6687
-70.6687
-70.6688
-70.6688
-70.6688
-70.6689
-70.6689
-70.669
-70.669
-70.669
-70.6691
-70.6691
-70.6691
-70.6692
-70.6692
-70.6692
-70.6693
-70.6693
-70.6693
-70.6694
-70.6694
-70.6694
-70.6694
-70.6694
-70.6695
-70.6695
-70.6695
-70.6695
-70.6695
-70.6696
-70.6696
-70.6696
-70.6696
-70.6696
-70.6696
-70.6696
-70.6697
-70.6697
-70.6697
-70.6697
-70.6697
-70.6697
-70.6697
-70.6697
-70.6697
-70.6697
-70.6697
-70.6697
-70.6697
-70.6697
-70.6697
-70.6697
-70.6697
-70.6697
-70.6697
-70.6697
-70.6697
-70.6697
-70.6697
-70.6697
-70.6697
-70.6697
-70.6697
-70.6697
-70.6697
-70.6697
-70.6697
-70.6697
-70.6697
-70.6697
-70.6697
-70.6696
-70.6696
-70.6696
-70.6696
-70.6696
-70.6696
-70.6696
-70.6696
-70.6696
-70.6695
-70.6695
-70.6695
-70.6695
-70.6695
-70.6695
-70.6695
-70.6695
-70.6694
-70.6694
-70.6694
-70.6694
-70.6694
-70.6694
-70.6693
-70.6693
-70.6693
-70.6693
-70.6693
-70.6693
-70.6693
-70.6692
-70.6692
-70.6692
-70.6692
-70.6692
-70.6691
-70.6691
-70.6691
-70.6691
-70.6691
-70.6691
-70.669
-70.669
-70.669
-70.669
-70.669
-70.6689
-70.6689
-70.6689
-70.6689
-70.6689
-70.6688
-70.6688
-70.6688
-70.6688
-70.6688
-70.6687
-70.6687
-70.6687
-70.6687
-70.6686
-70.6686
-70.6686
-70.6686
-70.6686
-70.6685
-70.6685
-70.6685
-70.6685
-68.271
-54.7768
-51.3791
-49.603
-47.6271
-42.3087
9.4878
-28.5853
-60.3164
-68.8028
-67.9244
-66.8726
-65.7956
-64.713
-63.6424
-62.6007
-61.603
-60.6618
-59.787
-58.9852
-58.2608
-57.6426
-57.1657
-56.7931
-56.486
-55.8793
-55.1374
-54.7042
-54.414
-54.203
-54.0402
-53.9105
-53.807
-53.7251
-53.6605
-53.6099
-53.5711
-53.5418
-53.5204
-53.5055
-53.4961
-53.4917
-53.492
-53.4657
-53.4355
-53.4087
-53.3922
-53.386
-53.3849
-53.3858
-53.3842
-53.3834
-53.3818
-53.381
-53.3815
-53.383
-53.3838
-53.3844
-53.3845
-53.3849
-53.3861
-53.3875
-53.3887
-53.3894
-53.3897
-53.3898
-53.3898
-53.3906
-53.3917
-53.3932
-53.3948
-53.3962
-53.3963
-53.3955
-53.3946
-53.3943
-53.3947
-53.3955
-53.3965
-53.3977
-53.3991
-53.4005
-53.4013
-53.4013
-53.4003
-53.3996
-53.399
-53.3988
-53.3991
-53.3998
-53.4006
-53.4007
-53.4009
-53.4014
-53.4021
-53.403
-53.404
-53.4049
-53.4044
-53.4035
-53.4014
-53.3997
-53.3988
-53.3983
-53.3974
-53.3966
-53.3958
-53.3946
-53.3925
-53.388
-53.3732
-53.2525
-53.1856
-53.208
-53.2435
-53.2734
-53.2951
-53.3099
-53.32
-53.3273
-53.3332
-53.339
-53.3498
-53.3712
-53.3883
-53.3983
-53.4039
-53.408
-53.4111
-53.4137
-53.4164
-53.4196
-53.4213
-53.4219
-53.4235
-53.4253
-53.4245
-53.4244
-53.4258
-53.4283
-53.4317
-53.4358
-53.4406
-53.4461
-53.4523
-53.4591
-53.4667
-53.4751
-53.4842
-53.4943
-53.5053
-53.5173
-53.5305
-53.5449
-53.5606
-53.5777
-53.5708
-53.5029
-53.451
-53.4313
-53.427
-53.4292
-53.4341
-53.4353
-53.4307
-53.4295
-53.4313
-53.4349
-53.4395
-53.4445
-53.4394
-53.4352
-53.4345
-53.4362
-53.4394
-53.4436
-53.4485
-53.4541
-53.4601
-53.4667
-53.4739
-53.4817
-53.4901
-53.4992
-53.5092
-53.5199
-53.5316
-53.5444
-53.5582
-53.5733
-53.5897
-53.6076
-53.6271
-53.6482
-53.6713
-53.6964
-53.7238
-53.6211
-53.4608
-53.4019
-53.3893
-53.3917
-53.3986
-53.4067
-53.4148
-53.4229
-53.4249
-53.4199
-53.4183
-53.4197
-53.4228
-53.4268
-53.4314
-53.4363
-53.4415
-53.4346
-53.4278
-53.4255
-53.426
-53.4281
-53.4312
-53.4352
-53.4397
-53.4446
-53.4499
-53.4555
-53.4617
-53.4684
-53.4756
-53.4834
-53.4919
-53.5017
-53.5127
-53.5244
-53.537
-53.5505
-53.5651
-53.581
-53.5982
-53.617
-53.6374
-53.6595
-53.6851
-53.7144
-53.7456
-53.7789
-53.5275
-53.4198
-53.3793
-53.3722
-53.3764
-53.3838
-53.3917
-53.3991
-53.4062
-53.4129
-53.419
-53.4248
-53.4278
-53.4191
-53.414
-53.4127
-53.4132
-53.4146
-53.4164
-53.4178
-53.4126
-53.409
-53.4075
-53.4071
-53.407
-53.4042
-53.4011
-53.3989
-53.3967
-53.3936
-53.3878
-53.374
-53.3013
-53.0383
-53.0023
-53.058
-53.1215
-53.1721
-53.2081
-53.2327
-53.2502
-53.2645
-53.2786
-53.2926
-53.3078
-53.3259
-53.3488
-53.3864
-53.4196
-53.4316
-53.4345
-53.4356
-53.4362
-53.4339
-53.4329
-53.4336
-53.4357
-53.439
-53.4432
-53.4484
-53.4546
-53.4616
-53.4696
-53.4787
-53.489
-53.5002
-53.5126
-53.5263
-53.5413
-53.5581
-53.5485
-53.5001
-53.4769
-53.4702
-53.4716
-53.4774
-53.4858
-53.4963
-53.5087
-53.5238
-53.5413
-53.5606
-53.5807
-53.6013
-53.6227
-53.6455
-53.6704
-53.7002
-53.737
-53.7806
-53.8289
-53.8799
-53.9315
-53.9851
-54.0418
-54.1029
-54.1713
-54.2516
-54.3434
-54.4463
-54.5588
-54.6771
-54.8
-54.9293
-55.0665
-55.2137
-55.3756
-55.5594
-55.7664
-55.9944
-56.2389
-56.4992
-56.7679
-57.0452
-57.3323
-57.6332
-57.9508
-58.2978
-58.677
-59.0874
-59.5212
-59.9736
-60.4341
-60.894
-61.3523
-61.81
-62.2708
-62.7446
-63.2422
-63.7614
-64.2959
-64.8389
-65.3772
-65.8996
-66.3952
-66.8661
-67.315
-67.7439
-68.1693
-68.5923
-69.013
-69.4247
-69.828
-70.2111
-70.5643
-70.8845
-71.1774
-71.4472
-71.6944
-71.9316
-72.1581
-72.3762
-72.5828
-72.7804
-72.9665
-73.134
-73.2806
-73.4093
-73.5255
-73.6303
-73.7284
-73.8188
-73.9035
-73.9843
-74.0609
-74.1346
-74.2031
-74.2622
-74.3114
-74.3526
-74.3897
-74.4245
-74.4573
-74.486
-74.5128
-74.5384
-74.5642
-74.5897
-74.6135
-74.6329
-74.6468
-74.657
-74.6658
-74.6771
-74.6873
-74.6953
-74.7026
-74.7101
-74.7184
-74.7272
-74.7364
-74.7435
-74.7476
-74.7484
-74.7481
-74.7493
-74.7535
-74.7556
-74.7556
-74.7563
-74.7584
-74.7612
-74.7648
-74.7687
-74.7705
-74.7703
-74.769
-74.767
-74.7663
-74.7673
-74.7678
-74.7659
-74.7646
-74.7651
-74.7668
-74.768
-74.7701
-74.7713
-74.7694
-74.7676
-74.7655
-74.764
-74.7627
-74.761
-74.7597
-74.7578
-74.7574
-74.7593
-74.7607
-74.7622
-74.7638
-74.764
-74.7619
-74.7596
-74.7594
-74.7574
-74.7553
-74.7511
-74.747
-74.7459
-74.7468
-74.7495
-74.751
-74.7504
-74.7513
-74.7521
-74.7518
-74.7497
-74.7491
-74.7486
-74.7468
-74.743
-74.7373
-74.7319
-74.7309
-74.7352
-74.7395
-74.7409
-74.7404
-74.7411
-74.742
-74.7412
-74.7405
-74.7402
-74.7389
-74.7379
-74.734
-74.726
-74.7179
-74.7125
-74.7141
-74.7208
-74.7258
-74.7266
-74.7261
-74.7288
-74.7306
-74.7299
-74.7295
-74.7292
-74.7283
-74.728
-74.723
-74.7156
-74.7061
-74.6984
-74.6974
-74.7019
-74.7074
-74.7118
-74.7129
-74.7138
-74.7178
-74.7214
-74.7205
-74.7181
-74.716
-74.7147
-74.7121
-74.707
-74.6993
-74.6905
-74.6816
-74.6788
-74.6811
-74.6855
-74.6894
-74.6933
-74.6974
-74.7018
-74.7081
-74.711
-74.7104
-74.707
-74.7048
-74.7031
-74.6984
-74.6929
-74.6859
-74.6755
-74.6661
-74.6616
-74.6617
-74.6637
-74.667
-74.6712
-74.675
-74.6782
-74.685
-74.6923
-74.6954
-74.6945
-74.6927
-74.6897
-74.6861
-74.6831
-74.6763
-74.6694
-74.6625
-74.6519
-74.6407
-74.6359
-74.6401
-74.645
-74.6471
-74.6498
-74.6561
-74.6611
-74.664
-74.6693
-74.6764
-74.6804
-74.6824
-74.6797
-74.673
-74.6669
-74.6622
-74.6566
-74.6493
-74.641
-74.6317
-74.6215
-74.6166
-74.617
-74.6186
-74.6195
-74.6214
-74.6256
-74.629
-74.6331
-74.636
-74.6399
-74.6481
-74.6564
-74.6628
-74.6632
-74.6593
-74.6509
-74.6403
-74.6301
-74.6247
-74.6183
-74.6096
-74.6029
-74.5983
-74.5967
-74.5979
-74.6008
-74.6033
-74.6033
-74.6015
-74.6015
-74.6001
-74.5984
-74.5995
-74.6056
-74.62
-74.6323
-74.6389
-74.6407
-74.6395
-74.6341
-74.6238
-74.6118
-74.6012
-74.5906
-74.5809
-74.573
-74.5664
-74.5603
-74.5566
-74.5623
-74.5722
-74.5812
-74.5829
-74.5776
-74.5706
-74.5644
-74.5584
-74.5549
-74.5569
-74.5615
-74.5697
-74.5806
-74.5945
-74.6042
-74.6061
-74.6044
-74.5979
-74.5886
-74.5803
-74.5703
-74.5592
-74.5494
-74.5419
-74.5348
-74.5262
-74.5187
-74.5135
-74.5189
-74.533
-74.5468
-74.556
-74.5584
-74.5526
-74.542
-74.5308
-74.5239
-74.5194
-74.5168
-74.5187
-74.524
-74.5287
-74.5341
-74.5434
-74.5539
-74.5572
-74.5565
-74.5518
-74.5455
-74.5371
-74.53
-74.5219
-74.512
-74.5006
-74.4906
-74.4796
-74.4687
-74.463
-74.4621
-74.4636
-74.466
-74.4739
-74.4839
-74.4924
-74.4979
-74.5013
-74.5008
-74.4939
-74.487
-74.4808
-74.4776
-74.4744
-74.4738
-74.4725
-74.4719
-74.4734
-74.4714
-74.4702
-74.4702
-74.4715
-74.4772
-74.4816
-74.4828
-74.4786
-74.474
-74.4727
-74.4669
-74.4565
-74.4441
-74.4298
-74.4166
-74.4046
-74.3966
-74.3887
-74.3834
-74.3794
-74.3833
-74.3894
-74.3917
-74.4005
-74.417
-74.4306
-74.4373
-74.4415
-74.4401
-74.4342
-74.426
-74.4219
-74.4216
-74.42
-74.4145
-74.4112
-74.4093
-74.4069
-74.4078
-74.4078
-74.4036
-74.397
-74.3887
-74.3831
-74.3797
-74.3784
-74.3762
-74.3755
-74.3759
-74.3742
-74.3701
-74.3693
-74.3686
-74.3651
-74.3574
-74.3439
-74.333
-74.3305
-74.328
-74.3205
-74.3111
-74.2986
-74.2839
-74.2721
-74.2645
-74.2563
-74.2518
-74.246
-74.2398
-74.2402
-74.2503
-74.2728
-74.2969
-74.3146
-74.3212
-74.3192
-74.3165
-74.3142
-74.3135
-74.3139
-74.3102
-74.3053
-74.3007
-74.2918
-74.2861
-74.2837
-74.2847
-74.2865
-74.2854
-74.279
-74.2713
-74.2705
-74.27
-74.2644
-74.2552
-74.2462
-74.2381
-74.2337
-74.2349
-74.2365
-74.2349
-74.2252
-74.211
-74.2014
-74.2031
-74.2034
-74.1985
-74.1875
-74.1777
-74.1751
-74.1748
-74.1738
-74.1723
-74.1703
-74.1685
-74.1635
-74.1546
-74.1454
-74.1357
-74.1248
-74.1104
-74.094
-74.074
-74.066
-74.0651
-74.0622
-74.064
-74.0642
-74.0561
-74.0426
-74.0315
-74.021
-74.0119
-74.007
-74.0166
-74.0375
-74.0635
-74.0899
-74.1064
-74.1149
-74.1217
-74.1231
-74.1221
-74.1235
-74.1238
-74.1242
-74.1263
-74.1222
-74.1108
-74.0978
-74.093
-74.0907
-74.0856
-74.0792
-74.0737
-74.066
-74.0613
-74.0587
-74.0515
-74.0402
-74.0335
-74.027
-74.0175
-74.0028
-73.9924
-73.9893
-73.9943
-74.005
-74.0148
-74.0237
-74.0283
-74.0235
-74.0118
-74.0014
-73.9989
-73.9933
-73.9807
-73.966
-73.9553
-73.9463
-73.9347
-73.9259
-73.9206
-73.9266
-73.9323
-73.9392
-73.9431
-73.9401
-73.929
-73.9165
-73.9072
-73.9015
-73.9012
-73.9045
-73.9097
-73.9116
-73.9123
-73.9102
-73.902
-73.8872
-73.8674
-73.8439
-73.8179
-73.7907
-73.7678
-73.7461
-73.7285
-73.7209
-73.7227
-73.7239
-73.7169
-73.7033
-73.6906
-73.6761
-73.6634
-73.6485
-73.635
-73.6205
-73.6018
-73.5799
-73.5617
-73.5435
-73.5226
-73.5059
-73.489
-73.4688
-73.4561
-73.4545
-73.4539
-73.4463
-73.4322
-73.4187
-73.4077
-73.4004
-73.3906
-73.3756
-73.3562
-73.3369
-73.3259
-73.3206
-73.3113
-73.2988
-73.29
-73.2815
-73.2758
-73.2731
-73.2692
-73.2594
-73.2443
-73.2425
-73.2647
-73.2815
-73.2884
-73.2951
-73.3029
-73.3041
-73.2972
-73.2866
-73.2797
-73.2769
-73.2831
-73.3039
-73.3345
-73.3592
-73.3698
-73.3745
-73.3759
-73.37
-73.3586
-73.3505
-73.3414
-73.3277
-73.311
-73.2997
-73.2884
-73.2815
-73.2734
-73.2603
-73.2428
-73.2255
-73.2159
-73.2132
-73.2075
-73.1965
-73.1895
-73.1817
-73.1747
-73.1703
-73.1613
-73.1471
-73.129
-73.1082
-73.0854
-73.0613
-73.0382
-73.0245
-73.0115
-72.9953
-72.976
-72.9544
-72.9312
-72.907
-72.8821
-72.8566
-72.8309
-72.805
-72.779
-72.753
-72.727
-72.7011
-72.6753
-72.6496
-72.624
-72.5986
-72.5735
-72.5485
-72.5237
-72.5029
-72.4955
-72.4888
-72.4783
-72.4642
-72.4476
-72.4293
-72.4099
-72.3898
-72.3692
-72.3483
-72.3273
-72.3062
-72.2938
-72.2925
-72.2891
-72.2812
-72.2697
-72.2556
-72.2398
-72.2228
-72.2051
-72.1869
-72.1683
-72.1495
-72.1307
-72.1117
-72.0928
-72.0739
-72.0551
-72.0364
-72.0178
-71.9993
-71.981
-71.9629
-71.9449
-71.927
-71.9094
-71.8919
-71.8746
-71.8575
-71.8405
-71.8238
-71.8072
-71.7909
-71.7747
-71.7586
-71.7428
-71.7272
-71.7117
-71.6964
-71.6813
-71.6664
-71.6517
-71.6371
-71.6227
-71.6085
-71.5944
-71.5805
-71.5668
-71.5533
-71.5399
-71.5266
-71.5136
-71.5007
-71.4879
-71.4754
-71.4629
-71.4506
-71.4385
-71.4265
-71.4147
-71.403
-71.3915
-71.3801
-71.3689
-71.3578
-71.3468
-71.336
-71.3253
-71.3147
-71.3043
-71.294
-71.2839
-71.2739
-71.264
-71.2542
-71.2446
-71.2351
-71.2257
-71.2165
-71.2073
-71.1983
-71.1894
-71.1806
-71.1719
-71.1634
-71.1549
-71.1466
-71.1383
-71.1302
-71.1222
-71.1143
-71.1065
-71.0988
-71.0912
-71.0837
-71.0763
-71.069
-71.0618
-71.0546
-71.0476
-71.0407
-71.0339
-71.0272
-71.0205
-71.014
-71.0075
-71.0011
-70.9948
-70.9886
-70.9825
-70.9765
-70.9705
-70.9646
-70.9589
-70.9531
-70.9475
-70.942
-70.9365
-70.9311
-70.9258
-70.9205
-70.9153
-70.9102
-70.9052
-70.9002
-70.8953
-70.8905
-70.8858
-70.8811
-70.8765
-70.8719
-70.8674
-70.863
-70.8586
-70.8543
-70.8501
-70.8459
-70.8418
-70.8378
-70.8338
-70.8299
-70.826
-70.8222
-70.8184
-70.8147
-70.811
-70.8074
-70.8039
-70.8004
-70.797
-70.7936
-70.7902
-70.787
-70.7837
-70.7805
-70.7774
-70.7743
-70.7713
-70.7683
-70.7653
-70.7624
-70.7596
-70.7568
-70.754
-70.7513
-70.7486
-70.746
-70.7434
-70.7408
-70.7383
-70.7358
-70.7334
-70.731
-70.7286
-70.7263
-70.724
-70.7218
-70.7196
-70.7174
-70.7153
-70.7132
-70.7111
-70.7091
-70.7071
-70.7051
-70.7032
-70.7013
-70.6994
-70.6976
-70.6958
-70.694
-70.6923
-70.6906
-70.6889
-70.6872
-70.6856
-70.684
-70.6825
-70.6809
-70.6794
-70.6779
-70.6765
-70.6751
-70.6737
-70.6723
-70.6709
-70.6696
-70.6683
-70.667
-70.6658
-70.6646
-70.6633
-70.6622
-70.661
-70.6599
-70.6588
-70.6577
-70.6566
-70.6555
-70.6545
-70.6535
-70.6525
-70.6515
-70.6506
-70.6497
-70.6488
-70.6479
-70.647
-70.6461
-70.6453
-70.6445
-70.6437
-70.6429
-70.6421
-70.6414
-70.6407
-70.64
-70.6393
-70.6386
-70.6379
-70.6372
-70.6366
-70.636
-70.6354
-70.6348
-70.6342
-70.6336
-70.6331
-70.6326
-70.632
-70.6315
-70.631
-70.6306
-70.6301
-70.6296
-70.6292
-70.6287
-70.6283
-70.6279
-70.6275
-70.6271
-70.6267
-70.6264
-70.626
-70.6257
-70.6254
-70.625
-70.6247
-70.6244
-70.6241
-70.6238
-70.6236
-70.6233
-70.6231
-70.6228
-70.6226
-70.6223
-70.6221
-70.6219
-70.6217
-70.6215
-70.6213
-70.6212
-70.621
-70.6208
-70.6207
-70.6205
-70.6204
-70.6203
-70.6201
-70.62
-70.6199
-70.6198
-70.6197
-70.6196
-70.6195
-70.6195
-70.6194
-70.6193
-70.6193
-70.6192
-70.6192
-70.6191
-70.6191
-70.619
-70.619
-70.619
-70.619
-70.619
-70.619
-70.619
-70.619
-70.619
-70.619
-70.619
-70.619
-70.6191
-70.6191
-70.6191
-70.6192
-70.6192
-70.6192
-70.6193
-70.6193
-70.6194
-70.6195
-70.6195
-70.6196
-70.6197
-70.6197
-70.6198
-70.6199
-70.62
-70.6201
-70.6202
-70.6203
-70.6203
-70.6204
-70.6205
-70.6207
-70.6208
-70.6209
-70.621
-70.6211
-70.6212
-70.6213
-70.6214
-70.6216
-70.6217
-70.6218
-70.6219
-70.6221
-70.6222
-70.6223
-70.6225
-70.6226
-70.6228
-70.6229
-70.623
-70.6232
-70.6233
-70.6235
-70.6236
-70.6238
-70.6239
-70.6241
-70.6242
-70.6244
-70.6246
-70.6247
-70.6249
-70.625
-70.6252
-70.6254
-70.6255
-70.6257
-70.6259
-70.626
-70.6262
-70.6264
-70.6265
-70.6267
-70.6269
-70.627
-70.6272
-70.6274
-70.6275
-70.6277
-70.6279
-70.6281
-70.6282
-70.6284
-70.6286
-70.6288
-70.6289
-70.6291
-70.6293
-70.6295
-70.6296
-70.6298
-70.63
-70.6302
-70.6304
-70.6305
-70.6307
-70.6309
-70.6311
-70.6313
-70.6314
-70.6316
-70.6318
-70.632
-70.6321
-70.6323
-70.6325
-70.6327
-70.6329
-70.633
-70.6332
-70.6334
-70.6336
-70.6337
-70.6339
-70.6341
-70.6343
-70.6345
-70.6346
-70.6348
-70.635
-70.6352
-70.6353
-70.6355
-70.6357
-70.6359
-70.636
-70.6362
-70.6364
-70.6366
-70.6367
-70.6369
-70.6371
-70.6372
-70.6374
-70.6376
-70.6378
-70.6379
-70.6381
-70.6383
-70.6384
-70.6386
-70.6388
-70.6389
-70.6391
-70.6393
-70.6394
-70.6396
-70.6398
-70.6399
-70.6401
-70.6402
-70.6404
-70.6406
-70.6407
-70.6409
-70.641
-70.6412
-70.6414
-70.6415
-70.6417
-70.6418
-70.642
-70.6421
-70.6423
-70.6424
-70.6426
-70.6428
-70.6429
-70.6431
-70.6432
-70.6434
-70.6435
-70.6437
-70.6438
-70.6439
-70.6441
-70.6442

