-70
-70.2123
-70.2926
-70.3252
-70.3404
-70.3491
-70.3555
-70.3609
-70.3659
-70.3708
-70.3757
-70.3805
-70.3853
-70.39
-70.3948
-70.3995
-70.4042
-70.4088
-70.4134
-70.4179
-70.4224
-70.4269
-70.4313
-70.4357
-70.44
-70.4443
-70.4485
-70.4527
-70.4569
-70.461
-70.465
-70.469
-70.473
-70.4769
-70.4808
-70.4846
-70.4884
-70.4921
-70.4958
-70.4995
-70.5031
-70.5067
-70.5102
-70.5137
-70.5172
-70.5206
-70.524
-70.5273
-70.5306
-70.5339
-70.5371
-70.5403
-70.5434
-70.5465
-70.5496
-70.5526
-70.5556
-70.5586
-70.5615
-70.5644
-70.5673
-70.5701
-70.5729
-70.5757
-70.5784
-70.5811
-70.5838
-70.5864
-70.589
-70.5916
-70.5941
-70.5966
-70.5991
-70.6016
-70.604
-70.6064
-70.6087
-70.6111
-70.6134
-70.6157
-70.6179
-70.6201
-70.6223
-70.6245
-70.6266
-70.6287
-70.6308
-70.6329
-70.6349
-70.6369
-70.6389
-70.6409
-70.6428
-70.6448
-70.6466
-70.6485
-70.6503
-70.6522
-70.654
-70.6557
-70.6575
-70.6592
-70.6609
-70.6626
-70.6643
-70.6659
-70.6675
-70.6691
-70.6707
-70.6723
-70.6738
-70.6754
-70.6769
-70.6783
-70.6798
-70.6812
-70.6827
-70.6841
-70.6855
-70.6868
-70.6882
-70.6895
-70.6908
-70.6921
-70.6934
-70.6947
-70.6959
-70.6972
-70.6984
-70.6996
-70.7008
-70.702
-70.7031
-70.7042
-70.7054
-70.7065
-70.7076
-70.7087
-70.7097
-70.7108
-70.7118
-70.7128
-70.7138
-70.7148
-70.7158
-70.7168
-70.7177
-70.7187
-70.7196
-70.7205
-70.7214
-70.7223
-70.7232
-70.7241
-70.7249
-70.7258
-70.7266
-70.7274
-70.7282
-70.729
-70.7298
-70.7306
-70.7314
-70.7321
-70.7329
-70.7336
-70.7343
-70.735
-70.7357
-70.7364
-70.7371
-70.7378
-70.7384
-70.7391
-70.7397
-70.7404
-70.741
-70.7416
-70.7422
-70.7428
-70.7434
-70.744
-70.7446
-70.7451
-70.7457
-70.7462
-70.7468
-70.7473
-70.7478
-70.7484
-70.7489
-70.7494
-70.7499
-70.7504
-70.7508
-70.7513
-70.7518
-70.7522
-70.7527
-70.7531
-70.7536
-70.754
-70.7544
-70.7549
-70.7553
-70.7557
-70.7561
-70.7565
-70.7569
-70.7573
-70.7576
-70.758
-70.7584
-70.7587
-70.7591
-70.7594
-70.7598
-70.7601
-70.7605
-70.7608
-70.7611
-70.7614
-70.7617
-70.7621
-70.7624
-70.7627
-70.763
-70.7632
-70.7635
-70.7638
-70.7641
-70.7644
-70.7646
-70.7649
-70.7651
-70.7654
-70.7656
-70.7659
-70.7661
-70.7664
-70.7666
-70.7668
-70.7671
-70.7673
-70.7675
-70.7677
-70.7679
-70.7681
-70.7684
-70.7686
-70.7688
-70.769
-70.7691
-70.7693
-70.7695
-70.7697
-70.7699
-70.7701
-70.7702
-70.7704
-70.7706
-70.7707
-70.7709
-70.7711
-70.7712
-70.7714
-70.7715
-70.7717
-70.7718
-70.772
-70.7721
-70.7722
-70.7724
-70.7725
-70.7726
-70.7728
-70.7729
-70.773
-70.7731
-70.7733
-70.7734
-70.7735
-70.7736
-70.7737
-70.7738
-70.7739
-70.774
-70.7741
-70.7742
-70.7743
-70.7744
-70.7745
-70.7746
-70.7747
-70.7748
-70.7749
-70.775
-70.7751
-70.7751
-70.7752
-70.7753
-70.7754
-70.7755
-70.7755
-70.7756
-70.7757
-70.7758
-70.7758
-70.7759
-70.776
-70.776
-70.7761
-70.7762
-70.7762
-70.7763
-70.7763
-70.7764
-70.7765
-70.7765
-70.7766
-70.7766
-70.7767
-70.7767
-70.7768
-70.7768
-70.7769
-70.7769
-70.777
-70.777
-70.7771
-70.7771
-70.7771
-70.7772
-70.7772
-70.7773
-70.7773
-70.7773
-70.7774
-70.7774
-70.7774
-70.7775
-70.7775
-70.7775
-70.7776
-70.7776
-70.7776
-70.7777
-70.7777
-70.7777
-70.7777
-70.7778
-70.7778
-70.7778
-70.7778
-70.7779
-70.7779
-70.7779
-70.7779
-70.778
-70.778
-70.778
-70.778
-70.778
-70.7781
-70.7781
-70.7781
-70.7781
-70.7781
-70.7781
-70.7782
-70.7782
-70.7782
-70.7782
-70.7782
-70.7782
-70.7782
-70.7783
-70.7783
-70.7783
-70.7783
-70.7783
-70.7783
-70.7783
-70.7783
-70.7783
-70.7783
-70.7784
-70.7784
-70.7784
-70.7784
-70.7784
-70.7784
-70.7784
-70.7784
-70.7784
-70.7784
-70.7784
-70.7784
-70.7784
-70.7784
-70.7784
-70.7784
-70.7784
-70.7784
-70.7784
-70.7785
-70.7785
-70.7785
-70.7785
-70.7785
-70.7785
-70.7785
-70.7785
-70.7785
-70.7785
-70.7785
-70.7785
-70.7785
-70.7785
-70.7785
-70.7785
-70.7785
-70.7785
-70.7785
-70.7785
-70.7785
-70.7785
-70.7785
-70.7785
-70.7785
-70.7785
-70.7785
-70.7785
-70.7785
-70.7785
-70.7785
-70.7784
-70.7784
-70.7784
-70.7784
-70.7784
-70.7784
-70.7784
-70.7784
-70.7784
-70.7784
-70.7784
-70.7784
-70.7784
-70.7784
-70.7784
-70.7784
-70.7784
-70.7784
-70.7784
-70.7784
-70.7784
-70.7784
-70.7784
-70.7784
-70.7784
-70.7784
-70.7784
-70.7784
-70.7784
-70.7783
-70.7783
-70.7783
-70.7783
-70.7783
-70.7783
-70.7783
-70.782
-70.9828
-71.6761
-72.5338
-73.2848
-60.2021
-52.8217
-50.1981
-47.173
-17.736
-26.3053
-66.2712
-70.1947
-69.0072
-67.7047
-66.3437
-64.9478
-63.5666
-62.2369
-60.9889
-59.8459
-58.8235
-57.9282
-57.1398
-56.4659
-55.9127
-55.4641
-55.1038
-54.8188
-54.5965
-54.4225
-54.2907
-54.1942
-54.124
-54.0731
-54.0354
-54.0062
-53.9845
-53.9702
-53.9615
-53.9567
-53.9546
-53.9544
-53.9536
-53.9517
-53.95
-53.9502
-53.9516
-53.9537
-53.9562
-53.9589
-53.9615
-53.9617
-53.9614
-53.9618
-53.963
-53.9648
-53.9668
-53.9682
-53.9692
-53.9705
-53.9721
-53.9738
-53.9729
-53.9719
-53.9712
-53.9715
-53.9723
-53.9736
-53.975
-53.9765
-53.9781
-53.9797
-53.9813
-53.983
-53.9847
-53.9864
-53.9879
-53.9888
-53.9846
-53.9796
-53.977
-53.9747
-53.9733
-53.9725
-53.9715
-53.9694
-53.9663
-53.959
-53.9032
-53.7926
-53.8117
-53.8483
-53.8759
-53.8937
-53.9044
-53.9106
-53.9142
-53.9164
-53.9182
-53.9202
-53.923
-53.9271
-53.9328
-53.951
-53.967
-53.9779
-53.9839
-53.9879
-53.9907
-53.9919
-53.9934
-53.9956
-53.9987
-54.0027
-54.0073
-54.0126
-54.0186
-54.0254
-54.0329
-54.0413
-54.0506
-54.0609
-54.0722
-54.0847
-54.0985
-54.1136
-54.1301
-54.1483
-54.1682
-54.19
-54.2137
-54.2395
-54.2675
-54.2982
-54.3315
-54.3679
-54.4076
-54.333
-54.1092
-54.0328
-54.0027
-53.983
-53.9823
-53.9897
-53.9996
-54.0038
-54.0003
-54.0007
-54.0041
-54.009
-54.0147
-54.0208
-54.0272
-54.0339
-54.041
-54.0486
-54.0566
-54.0651
-54.0744
-54.0843
-54.0951
-54.1068
-54.0944
-54.0495
-54.0292
-54.0238
-54.0254
-54.0301
-54.0364
-54.0439
-54.0524
-54.0615
-54.0711
-54.0814
-54.0923
-54.1041
-54.1169
-54.1307
-54.1087
-54.0471
-54.0221
-54.0162
-54.0182
-54.0145
-54.0034
-53.9997
-54.0005
-54.0037
-54.0079
-54.0107
-54.004
-54.0004
-54.0002
-54.0019
-54.0048
-54.0082
-54.0121
-54.0164
-54.0211
-54.0261
-54.0316
-54.0379
-54.0448
-54.0521
-54.06
-54.0685
-54.0777
-54.0877
-54.0986
-54.1104
-54.1233
-54.1374
-54.1537
-54.1721
-54.1917
-54.2125
-54.2347
-54.2588
-54.2849
-54.3131
-54.3439
-54.3772
-54.4134
-54.4538
-54.5012
-54.5517
-54.6047
-54.3228
-53.9995
-53.9273
-53.927
-53.9443
-53.9637
-53.9817
-53.9973
-54.0111
-54.0203
-54.0009
-53.9909
-53.9892
-53.9912
-53.9947
-53.9985
-54.0025
-53.9978
-53.9908
-53.9879
-53.9878
-53.989
-53.9905
-53.992
-53.9933
-53.9942
-53.9945
-53.994
-53.9923
-53.9885
-53.9811
-53.9665
-53.9323
-53.7731
-52.9855
-52.9132
-53.1182
-53.3087
-53.4377
-53.5172
-53.564
-53.5912
-53.6093
-53.6284
-53.6479
-53.67
-53.6987
-53.7387
-53.7945
-53.8709
-53.9988
-54.0566
-54.0639
-54.06
-54.0466
-54.0364
-54.031
-54.0295
-54.0308
-54.0343
-54.0396
-54.0402
-54.0298
-54.0249
-54.0248
-54.0278
-54.0329
-54.0394
-54.047
-54.0556
-54.0653
-54.076
-54.0878
-54.1007
-54.1149
-54.1304
-54.1482
-54.1692
-54.1925
-54.2184
-54.2467
-54.2765
-54.3078
-54.3412
-54.3784
-54.4227
-54.4786
-54.5424
-54.6103
-54.6809
-54.7537
-54.8294
-54.9098
-54.9969
-55.0933
-55.2071
-55.3455
-55.4968
-55.656
-55.8187
-55.9869
-56.164
-56.3515
-56.551
-56.7654
-57.0049
-57.2801
-57.5828
-57.9009
-58.2283
-58.5624
-58.9058
-59.2574
-59.6187
-59.9934
-60.3925
-60.8427
-61.3255
-61.8226
-62.3219
-62.8134
-63.2952
-63.77
-64.2382
-64.6983
-65.1576
-65.6406
-66.1546
-66.6746
-67.1848
-67.6674
-68.1195
-68.5414
-68.9356
-69.305
-69.6509
-69.9862
-70.3315
-70.6798
-71.0203
-71.3418
-71.632
-71.8905
-72.1227
-72.3309
-72.5178
-72.6864
-72.846
-73.0092
-73.1716
-73.327
-73.473
-73.6025
-73.7135
-73.8084
-73.8921
-73.9644
-74.0273
-74.0855
-74.1458
-74.2092
-74.2694
-74.3276
-74.3806
-74.4248
-74.4596
-74.487
-74.511
-74.5298
-74.5452
-74.5615
-74.5828
-74.6056
-74.6267
-74.6491
-74.6693
-74.6846
-74.6945
-74.6994
-74.7027
-74.705
-74.7059
-74.7091
-74.7165
-74.7249
-74.7328
-74.7423
-74.7524
-74.7586
-74.7601
-74.7586
-74.7544
-74.7507
-74.7478
-74.7475
-74.75
-74.7532
-74.7577
-74.7617
-74.7681
-74.7741
-74.7751
-74.7723
-74.7675
-74.7609
-74.7553
-74.7528
-74.7543
-74.7556
-74.756
-74.7581
-74.7605
-74.7649
-74.7702
-74.7708
-74.7674
-74.7617
-74.7543
-74.7483
-74.7471
-74.7488
-74.7498
-74.7495
-74.7507
-74.7524
-74.7544
-74.7592
-74.7627
-74.7617
-74.7576
-74.75
-74.7423
-74.7378
-74.7381
-74.7393
-74.7385
-74.7365
-74.7379
-74.7405
-74.7421
-74.7454
-74.7501
-74.7511
-74.7487
-74.7429
-74.7363
-74.7304
-74.7289
-74.7291
-74.7289
-74.7267
-74.7242
-74.7259
-74.7295
-74.7318
-74.7351
-74.7392
-74.7398
-74.737
-74.7327
-74.7264
-74.7209
-74.7176
-74.7146
-74.714
-74.7121
-74.7095
-74.7091
-74.7115
-74.7152
-74.7204
-74.7255
-74.7279
-74.7279
-74.7273
-74.7239
-74.7185
-74.7136
-74.7088
-74.7036
-74.7
-74.6967
-74.6937
-74.6941
-74.6959
-74.6986
-74.7027
-74.7076
-74.7121
-74.7143
-74.716
-74.7144
-74.7107
-74.7065
-74.7012
-74.6943
-74.6892
-74.6828
-74.6768
-74.6725
-74.6752
-74.6795
-74.6832
-74.6869
-74.6918
-74.6971
-74.7004
-74.7039
-74.7057
-74.7044
-74.7006
-74.6955
-74.6886
-74.6817
-74.6768
-74.6688
-74.6581
-74.6527
-74.6538
-74.6543
-74.6588
-74.6643
-74.6708
-74.6763
-74.682
-74.6845
-74.6865
-74.6886
-74.6897
-74.6876
-74.6815
-74.6725
-74.665
-74.6606
-74.6529
-74.6434
-74.636
-74.6325
-74.6326
-74.6356
-74.6405
-74.6457
-74.6547
-74.663
-74.669
-74.6701
-74.6693
-74.672
-74.6737
-74.673
-74.6695
-74.6615
-74.6538
-74.6479
-74.6397
-74.6288
-74.6196
-74.6118
-74.6056
-74.6029
-74.6052
-74.6122
-74.6176
-74.627
-74.6345
-74.6424
-74.6481
-74.6484
-74.6477
-74.6511
-74.652
-74.6511
-74.647
-74.6394
-74.6343
-74.6296
-74.622
-74.6114
-74.602
-74.5946
-74.587
-74.5796
-74.5756
-74.5783
-74.5869
-74.5936
-74.6006
-74.6082
-74.617
-74.6223
-74.6234
-74.6237
-74.6268
-74.6284
-74.6283
-74.627
-74.6234
-74.6189
-74.6164
-74.6103
-74.5992
-74.587
-74.5761
-74.5671
-74.559
-74.5518
-74.5445
-74.5402
-74.5389
-74.5459
-74.5524
-74.5596
-74.5681
-74.5739
-74.5781
-74.5853
-74.5919
-74.5963
-74.5956
-74.5921
-74.5914
-74.5931
-74.5929
-74.5909
-74.5905
-74.5888
-74.5816
-74.5691
-74.5544
-74.5401
-74.5294
-74.5247
-74.5221
-74.5138
-74.5055
-74.5054
-74.5086
-74.5109
-74.5138
-74.5164
-74.5195
-74.5245
-74.53
-74.5344
-74.5415
-74.5518
-74.5583
-74.5611
-74.563
-74.5615
-74.5596
-74.5554
-74.5504
-74.5479
-74.5486
-74.5497
-74.5439
-74.5339
-74.5211
-74.5062
-74.4932
-74.4868
-74.4791
-74.4708
-74.4622
-74.4518
-74.4403
-74.4385
-74.4417
-74.4457
-74.4522
-74.4583
-74.46
-74.4583
-74.4589
-74.4615
-74.4664
-74.478
-74.4898
-74.4969
-74.5018
-74.5039
-74.5062
-74.5121
-74.5143
-74.5105
-74.5054
-74.4992
-74.4937
-74.488
-74.482
-74.4744
-74.4652
-74.4569
-74.448
-74.4371
-74.4301
-74.4252
-74.4208
-74.4157
-74.4073
-74.3934
-74.3765
-74.3592
-74.3538
-74.3556
-74.3597
-74.3593
-74.3576
-74.3651
-74.3747
-74.3822
-74.3823
-74.3864
-74.399
-74.4125
-74.4168
-74.4177
-74.4201
-74.4224
-74.4264
-74.4318
-74.4382
-74.4392
-74.436
-74.4324
-74.428
-74.4249
-74.4233
-74.4215
-74.4165
-74.4133
-74.4091
-74.4008
-74.3928
-74.3839
-74.3716
-74.3554
-74.3393
-74.3304
-74.3223
-74.3158
-74.3108
-74.3085
-74.302
-74.2916
-74.28
-74.2669
-74.2552
-74.2457
-74.2394
-74.2348
-74.2302
-74.2244
-74.2173
-74.2153
-74.2255
-74.2388
-74.2521
-74.2651
-74.2784
-74.286
-74.2889
-74.2903
-74.2897
-74.2874
-74.2865
-74.2845
-74.2827
-74.2819
-74.2865
-74.2958
-74.301
-74.2993
-74.2984
-74.2979
-74.2962
-74.2954
-74.2924
-74.2889
-74.2867
-74.2857
-74.2813
-74.2736
-74.2652
-74.2566
-74.2471
-74.2429
-74.2419
-74.2375
-74.2331
-74.2282
-74.2187
-74.2099
-74.2031
-74.1984
-74.1926
-74.1802
-74.1642
-74.1463
-74.1309
-74.1146
-74.0944
-74.0744
-74.0569
-74.044
-74.0326
-74.0226
-74.019
-74.0143
-74.0066
-74.0032
-74.0071
-74.0129
-74.0216
-74.0267
-74.0227
-74.0179
-74.0226
-74.0361
-74.062
-74.087
-74.1039
-74.1128
-74.111
-74.1004
-74.0837
-74.0674
-74.0535
-74.0412
-74.0421
-74.0532
-74.0657
-74.0738
-74.0752
-74.0719
-74.0699
-74.0698
-74.0667
-74.0637
-74.0578
-74.0559
-74.0599
-74.0616
-74.0727
-74.0833
-74.0863
-74.085
-74.0779
-74.0697
-74.0657
-74.0641
-74.0597
-74.058
-74.0587
-74.06
-74.0583
-74.0553
-74.0504
-74.0449
-74.0368
-74.0228
-74.0036
-73.9851
-73.974
-73.9667
-73.9604
-73.9514
-73.941
-73.9264
-73.9145
-73.9036
-73.8904
-73.8766
-73.8603
-73.8497
-73.8383
-73.8347
-73.8343
-73.8319
-73.8373
-73.8429
-73.8466
-73.8488
-73.8477
-73.8417
-73.8308
-73.8254
-73.8228
-73.8153
-73.8012
-73.7874
-73.7784
-73.7664
-73.7493
-73.7323
-73.7195
-73.7077
-73.6915
-73.6767
-73.6692
-73.6585
-73.6423
-73.623
-73.6071
-73.593
-73.581
-73.5654
-73.5455
-73.5224
-73.498
-73.4793
-73.4609
-73.4401
-73.4247
-73.417
-73.4082
-73.4051
-73.407
-73.4035
-73.4086
-73.4264
-73.4414
-73.4558
-73.4694
-73.4781
-73.4824
-73.487
-73.4994
-73.5086
-73.5081
-73.4995
-73.485
-73.4665
-73.4452
-73.424
-73.409
-73.393
-73.3737
-73.3548
-73.3413
-73.3261
-73.3073
-73.2856
-73.2655
-73.2694
-73.2881
-73.2986
-73.2983
-73.2897
-73.2753
-73.2571
-73.2363
-73.2136
-73.1995
-73.1988
-73.195
-73.1849
-73.1701
-73.1602
-73.1571
-73.1568
-73.151
-73.1394
-73.1234
-73.1125
-73.1043
-73.0925
-73.0817
-73.085
-73.0887
-73.0854
-73.0755
-73.0609
-73.043
-73.0229
-73.0012
-72.9784
-72.9549
-72.9307
-72.9062
-72.8855
-72.8748
-72.8635
-72.8488
-72.8312
-72.821
-72.8153
-72.8061
-72.7927
-72.7785
-72.7738
-72.7687
-72.7592
-72.7543
-72.7539
-72.7493
-72.7396
-72.726
-72.7097
-72.6916
-72.6726
-72.6644
-72.6606
-72.6532
-72.6417
-72.627
-72.6101
-72.5918
-72.5725
-72.5525
-72.532
-72.5113
-72.4904
-72.4693
-72.4482
-72.4272
-72.4062
-72.3853
-72.3645
-72.3438
-72.3233
-72.3029
-72.2827
-72.2627
-72.2429
-72.2233
-72.2038
-72.1846
-72.1656
-72.1467
-72.1281
-72.1097
-72.0915
-72.0734
-72.0556
-72.038
-72.0218
-72.0218
-72.0269
-72.0277
-72.0236
-72.0161
-72.0061
-71.9944
-71.9817
-71.9683
-71.9544
-71.9402
-71.9257
-71.9112
-71.8966
-71.8819
-71.8673
-71.8528
-71.8383
-71.8239
-71.8096
-71.7954
-71.7814
-71.7675
-71.7537
-71.7401
-71.7266
-71.7132
-71.7
-71.687
-71.6741
-71.6613
-71.6487
-71.6362
-71.6239
-71.6118
-71.5998
-71.5879
-71.5762
-71.5646
-71.5532
-71.5419
-71.5308
-71.5198
-71.5089
-71.4982
-71.4876
-71.4771
-71.4668
-71.4566
-71.4465
-71.4366
-71.4268
-71.4171
-71.4076
-71.3982
-71.3889
-71.3797
-71.3706
-71.3617
-71.3529
-71.3442
-71.3356
-71.3271
-71.3187
-71.3105
-71.3024
-71.2944
-71.2864
-71.2786
-71.2709
-71.2633
-71.2558
-71.2485
-71.2412
-71.234
-71.2269
-71.2199
-71.213
-71.2062
-71.1994
-71.1928
-71.1863
-71.1798
-71.1735
-71.1672
-71.161
-71.1549
-71.1489
-71.143
-71.1371
-71.1313
-71.1257
-71.12
-71.1145
-71.1091
-71.1037
-71.0984
-71.0931
-71.088
-71.0829
-71.0779
-71.0729
-71.0681
-71.0633
-71.0585
-71.0539
-71.0493
-71.0447
-71.0403
-71.0358
-71.0315
-71.0272
-71.023
-71.0188
-71.0147
-71.0107
-71.0067
-71.0028
-70.9989
-70.9951
-70.9914
-70.9877
-70.984
-70.9804
-70.9769
-70.9734
-70.9699
-70.9666
-70.9632
-70.9599
-70.9567
-70.9535
-70.9504
-70.9473
-70.9442
-70.9412
-70.9383
-70.9353
-70.9325
-70.9296
-70.9269
-70.9241
-70.9214
-70.9187
-70.9161
-70.9135
-70.911
-70.9085
-70.906
-70.9036
-70.9012
-70.8989
-70.8966
-70.8943
-70.892
-70.8898
-70.8876
-70.8855
-70.8834
-70.8813
-70.8793
-70.8773
-70.8753
-70.8734
-70.8714
-70.8696
-70.8677
-70.8659
-70.8641
-70.8623
-70.8606
-70.8589
-70.8572
-70.8555
-70.8539
-70.8523
-70.8507
-70.8492
-70.8476
-70.8461
-70.8446
-70.8432
-70.8418
-70.8404
-70.839
-70.8376
-70.8363
-70.835
-70.8337
-70.8324
-70.8312
-70.8299
-70.8287
-70.8275
-70.8264
-70.8252
-70.8241
-70.823
-70.8219
-70.8208
-70.8198
-70.8188
-70.8177
-70.8168
-70.8158
-70.8148
-70.8139
-70.8129
-70.812
-70.8111
-70.8102
-70.8094
-70.8085
-70.8077
-70.8069
-70.8061
-70.8053
-70.8045
-70.8037
-70.803
-70.8023
-70.8015
-70.8008
-70.8001
-70.7995
-70.7988
-70.7981
-70.7975
-70.7969
-70.7962
-70.7956
-70.795
-70.7945
-70.7939
-70.7933
-70.7928
-70.7922
-70.7917
-70.7912
-70.7907
-70.7902
-70.7897
-70.7892
-70.7887
-70.7883
-70.7878
-70.7874
-70.7869
-70.7865
-70.7861
-70.7857
-70.7853
-70.7849
-70.7845
-70.7841
-70.7838
-70.7834
-70.7831
-70.7827
-70.7824
-70.7821
-70.7817
-70.7814
-70.7811
-70.7808
-70.7805
-70.7802
-70.7799
-70.7797
-70.7794
-70.7791
-70.7789
-70.7786
-70.7784
-70.7781
-70.7779
-70.7777
-70.7775
-70.7772
-70.777
-70.7768
-70.7766
-70.7764
-70.7762
-70.776
-70.7759
-70.7757
-70.7755
-70.7753
-70.7752
-70.775
-70.7749
-70.7747
-70.7746
-70.7744
-70.7743
-70.7741
-70.774
-70.7739
-70.7738
-70.7736
-70.7735
-70.7734
-70.7733
-70.7732
-70.7731
-70.773
-70.7729
-70.7728
-70.7727
-70.7726
-70.7725
-70.7724
-70.7724
-70.7723
-70.7722
-70.7721
-70.7721
-70.772
-70.7719
-70.7719
-70.7718
-70.7718
-70.7717
-70.7717
-70.7716
-70.7716
-70.7715
-70.7715
-70.7714
-70.7714
-70.7713
-70.7713
-70.7713
-70.7712
-70.7712
-70.7712
-70.7712
-70.7711
-70.7711
-70.7711
-70.7711
-70.7711
-70.771
-70.771
-70.771
-70.771
-70.771
-70.771
-70.771
-70.771
-70.7709
-70.7709
-70.7709
-70.7709
-70.7709
-70.7709
-70.7709
-70.7709
-70.7709
-70.7709
-70.7709
-70.771
-70.771
-70.771
-70.771
-70.771
-70.771
-70.771
-70.771
-70.771
-70.771
-70.7711
-70.7711
-70.7711
-70.7711
-70.7711
-70.7711
-70.7712
-70.7712
-70.7712
-70.7712
-70.7712
-70.7713
-70.7713
-70.7713
-70.7713
-70.7713
-70.7714
-70.7714
-70.7714
-70.7714
-70.7715
-70.7715
-70.7715
-70.7715
-70.7716
-70.7716
-70.7716
-70.7717
-70.7717
-70.7717
-70.7717
-70.7718
-70.7718
-70.7718
-70.7719
-70.7719
-70.7719
-70.7719
-70.772
-70.772
-70.772
-70.7721
-70.7721
-70.7721
-70.7722
-70.7722
-70.7722
-70.7723
-70.7723
-70.7723
-70.7724
-70.7724
-70.7724
-70.7725
-70.7725
-70.7725
-70.7725
-70.7726
-70.7726
-70.7726
-70.7727
-70.7727
-70.7727
-70.7728
-70.7728
-70.7728
-70.7729
-70.7729
-70.7729
-70.773
-70.773
-70.773
-70.7731
-70.7731
-70.7731
-70.7732
-70.7732
-70.7732
-70.7733
-70.7733
-70.7733
-70.7734
-70.7734
-70.7734
-70.7735
-70.7735
-70.7735
-70.7735
-70.7736
-70.7736

