-70
-70.1661
-70.23
-70.2566
-70.2695
-70.2773
-70.283
-70.2879
-70.2925
-70.297
-70.3014
-70.3057
-70.31
-70.3142
-70.3185
-70.3226
-70.3268
-70.3309
-70.335
-70.3391
-70.3431
-70.3471
-70.351
-70.3549
-70.3588
-70.3626
-70.3664
-70.3701
-70.3738
-70.3775
-70.3811
-70.3847
-70.3883
-70.3918
-70.3953
-70.3987
-70.4021
-70.4055
-70.4088
-70.4121
-70.4154
-70.4186
-70.4218
-70.4249
-70.428
-70.4311
-70.4341
-70.4372
-70.4401
-70.4431
-70.446
-70.4489
-70.4517
-70.4545
-70.4573
-70.4601
-70.4628
-70.4655
-70.4682
-70.4708
-70.4734
-70.476
-70.4785
-70.481
-70.4835
-70.486
-70.4884
-70.4908
-70.4932
-70.4955
-70.4978
-70.5001
-70.5024
-70.5046
-70.5068
-70.509
-70.5112
-70.5133
-70.5154
-70.5175
-70.5196
-70.5216
-70.5236
-70.5256
-70.5276
-70.5295
-70.5315
-70.5334
-70.5352
-70.5371
-70.5389
-70.5407
-70.5425
-70.5443
-70.5461
-70.5478
-70.5495
-70.5512
-70.5528
-70.5545
-70.5561
-70.5577
-70.5593
-70.5609
-70.5624
-70.5639
-70.5655
-70.5669
-70.5684
-70.5699
-70.5713
-70.5727
-70.5741
-70.5755
-70.5769
-70.5782
-70.5796
-70.5809
-70.5822
-70.5835
-70.5848
-70.586
-70.5873
-70.5885
-70.5897
-70.5909
-70.5921
-70.5932
-70.5944
-70.5955
-70.5966
-70.5977
-70.5988
-70.5999
-70.601
-70.602
-70.603
-70.6041
-70.6051
-70.6061
-70.6071
-70.608
-70.609
-70.6099
-70.6109
-70.6118
-70.6127
-70.6136
-70.6145
-70.6154
-70.6162
-70.6171
-70.6179
-70.6187
-70.6196
-70.6204
-70.6212
-70.622
-70.6227
-70.6235
-70.6242
-70.625
-70.6257
-70.6265
-70.6272
-70.6279
-70.6286
-70.6293
-70.6299
-70.6306
-70.6313
-70.6319
-70.6325
-70.6332
-70.6338
-70.6344
-70.635
-70.6356
-70.6362
-70.6368
-70.6374
-70.6379
-70.6385
-70.639
-70.6396
-70.6401
-70.6406
-70.6411
-70.6417
-70.6422
-70.6427
-70.6431
-70.6436
-70.6441
-70.6446
-70.645
-70.6455
-70.6459
-70.6464
-70.6468
-70.6472
-70.6476
-70.6481
-70.6485
-70.6489
-70.6493
-70.6497
-70.65
-70.6504
-70.6508
-70.6512
-70.6515
-70.6519
-70.6522
-70.6526
-70.6529
-70.6533
-70.6536
-70.6539
-70.6542
-70.6545
-70.6549
-70.6552
-70.6555
-70.6558
-70.656
-70.6563
-70.6566
-70.6569
-70.6572
-70.6574
-70.6577
-70.658
-70.6582
-70.6585
-70.6587
-70.6589
-70.6592
-70.6594
-70.6597
-70.6599
-70.6601
-70.6603
-70.6605
-70.6607
-70.661
-70.6612
-70.6614
-70.6616
-70.6617
-70.6619
-70.6621
-70.6623
-70.6625
-70.6627
-70.6628
-70.663
-70.6632
-70.6633
-70.6635
-70.6637
-70.6638
-70.664
-70.6641
-70.6643
-70.6644
-70.6646
-70.6647
-70.6648
-70.665
-70.6651
-70.6652
-70.6653
-70.6655
-70.6656
-70.6657
-70.6658
-70.6659
-70.666
-70.6662
-70.6663
-70.6664
-70.6665
-70.6666
-70.6667
-70.6668
-70.6669
-70.667
-70.667
-70.6671
-70.6672
-70.6673
-70.6674
-70.6675
-70.6675
-70.6676
-70.6677
-70.6678
-70.6678
-70.6679
-70.668
-70.668
-70.6681
-70.6682
-70.6682
-70.6683
-70.6683
-70.6684
-70.6685
-70.6685
-70.6686
-70.6686
-70.6687
-70.6687
-70.6688
-70.6688
-70.6688
-70.6689
-70.6689
-70.669
-70.669
-70.669
-70.6691
-70.6691
-70.6691
-70.6692
-70.6692
-70.6692
-70.6693
-70.6693
-70.6693
-70.6694
-70.6694
-70.6694
-70.6694
-70.6694
-70.6695
-70.6695
-70.6695
-70.6695
-70.6695
-70.6696
-70.6696
-70.6696
-70.6696
-70.6696
-70.6696
-70.6696
-70.6697
-70.6697
-70.6697
-70.6697
-70.6697
-70.6697
-70.6697
-70.6697
-70.6697
-70.6697
-70.6697
-70.6697
-70.6697
-70.6697
-70.6697
-70.6697
-70.6697
-70.6697
-70.6697
-70.6697
-70.6697
-70.6697
-70.6697
-70.6697
-70.6697
-70.6697
-70.6697
-70.6697
-70.6697
-70.6697
-70.6697
-70.6697
-70.6697
-70.6697
-70.6697
-70.6696
-70.6696
-70.6696
-70.6696
-70.6696
-70.6696
-70.6696
-70.6696
-70.6696
-70.6695
-70.6695
-70.6695
-70.6695
-70.6695
-70.6695
-70.6695
-70.6695
-70.6694
-70.6694
-70.6694
-70.6694
-70.6694
-70.6694
-70.6693
-70.6693
-70.6693
-70.6693
-70.6693
-70.6693
-70.6693
-70.6692
-70.6692
-70.6692
-70.6692
-70.6692
-70.6691
-70.6691
-70.6691
-70.6691
-70.6691
-70.6691
-70.669
-70.669
-70.669
-70.669
-70.669
-70.6689
-70.6689
-70.6689
-70.6689
-70.6689
-70.6688
-70.6688
-70.6688
-70.6688
-70.6688
-70.6687
-70.6687
-70.6687
-70.6687
-70.6686
-70.6686
-70.6686
-70.6686
-70.6686
-70.6685
-70.6685
-70.6685
-70.6685
-70.6685
-70.6684
-70.6684
-70.6684
-70.6684
-70.6684
-70.6683
-70.6683
-70.6683
-70.6683
-70.6682
-70.6682
-70.6682
-70.6682
-70.6682
-70.6681
-70.6681
-70.6681
-70.6681
-70.6681
-70.6701
-70.9545
-71.8316
-72.8094
-55.9301
-51.776
-49.921
-48.0923
-44.1395
6.05729
-24.1661
-53.2656
-68.8708
-68.1794
-67.1471
-66.085
-65.015
-63.9553
-62.923
-61.9339
-61.0019
-60.1404
-59.2714
-58.2903
-57.5328
-56.9017
-56.3605
-55.8953
-55.4973
-55.1331
-54.808
-54.5456
-54.3344
-54.1645
-54.0272
-53.916
-53.8047
-53.7149
-53.6479
-53.5984
-53.5619
-53.5356
-53.5171
-53.4934
-53.4662
-53.449
-53.4394
-53.4348
-53.4337
-53.4349
-53.4378
-53.4422
-53.4335
-53.4202
-53.4141
-53.4131
-53.415
-53.4186
-53.4233
-53.4286
-53.4344
-53.4407
-53.4474
-53.4535
-53.4343
-53.4206
-53.4155
-53.4152
-53.4173
-53.4207
-53.4248
-53.4293
-53.4341
-53.4391
-53.4443
-53.4496
-53.4551
-53.4605
-53.4653
-53.4694
-53.4729
-53.4698
-53.4288
-53.4077
-53.3992
-53.3952
-53.3919
-53.3868
-53.3766
-53.3512
-53.2148
-52.6445
-52.5854
-52.7152
-52.8548
-52.9637
-53.0399
-53.0911
-53.126
-53.1518
-53.1739
-53.1961
-53.221
-53.2511
-53.2893
-53.3387
-53.4018
-53.479
-53.5684
-53.6678
-53.6408
-53.521
-53.4813
-53.472
-53.4741
-53.4815
-53.4918
-53.5045
-53.5192
-53.5359
-53.5547
-53.5755
-53.5986
-53.624
-53.6519
-53.6825
-53.7161
-53.753
-53.7934
-53.8376
-53.8858
-53.9384
-53.9956
-54.0578
-54.1253
-54.1986
-54.2779
-54.3633
-54.4556
-54.5552
-54.6627
-54.7785
-54.9032
-55.0376
-55.182
-55.3371
-55.5025
-55.6787
-55.3147
-53.6478
-53.2392
-53.1763
-53.2052
-53.2551
-53.3058
-53.3522
-53.3937
-53.431
-53.4648
-53.4961
-53.5256
-53.5541
-53.582
-53.6099
-53.6384
-53.6676
-53.6982
-53.7305
-53.7648
-53.8016
-53.841
-53.8833
-53.9289
-53.978
-54.031
-54.0881
-54.1496
-54.2158
-54.2869
-54.363
-54.4448
-54.5325
-54.6265
-54.727
-54.8345
-54.9492
-55.0718
-55.2022
-55.3407
-55.4869
-55.6406
-55.8023
-55.9717
-56.1491
-55.5652
-53.5294
-53.084
-53.0329
-53.0798
-53.1455
-53.2078
-53.2621
-53.3084
-53.3481
-53.3824
-53.4126
-53.4397
-53.4645
-53.4878
-53.51
-53.5317
-53.5534
-53.5753
-53.5979
-53.6214
-53.646
-53.6721
-53.7
-53.7298
-53.7619
-53.7965
-53.8338
-53.874
-53.9173
-53.9636
-54.009
-54.055
-54.1026
-54.152
-54.2035
-54.256
-54.3085
-54.3604
-54.4111
-54.4591
-54.5032
-54.5417
-54.5726
-54.5937
-54.6016
-54.5915
-54.5567
-54.4882
-54.3722
-54.1861
-53.8864
-53.373
-52.3427
-48.8265
-21.8537
-20.1607
-42.3208
-61.3763
-63.3748
-62.5232
-61.5264
-60.5635
-59.6606
-58.8284
-58.0727
-57.3959
-56.7977
-56.2763
-55.8281
-55.4485
-55.1325
-54.8724
-54.6619
-54.4955
-54.3679
-54.2748
-54.2126
-54.1761
-54.1615
-54.1666
-54.1895
-54.2288
-54.2833
-54.3521
-54.4347
-54.5307
-54.64
-54.7625
-54.8982
-55.0477
-55.211
-55.3883
-55.5794
-55.7844
-56.004
-54.3239
-53.397
-53.198
-53.1922
-53.2365
-53.2903
-53.3421
-53.3895
-53.4323
-53.4714
-53.5077
-53.5422
-53.5757
-53.6103
-53.6462
-53.6852
-53.7308
-53.7818
-53.8331
-53.8849
-53.9385
-53.9946
-54.0597
-54.1444
-54.2436
-54.3503
-54.4642
-54.5823
-54.7004
-54.8221
-54.9507
-55.088
-55.2416
-55.4241
-55.6301
-55.8541
-56.0914
-56.3409
-56.5963
-56.8584
-57.1322
-57.4212
-57.732
-58.0855
-58.4758
-58.8852
-59.305
-59.7405
-60.1807
-60.6204
-61.0636
-61.5128
-61.9707
-62.4591
-62.9828
-63.5244
-64.0622
-64.5924
-65.1168
-65.623
-66.1075
-66.5714
-67.0177
-67.4608
-67.9138
-68.3751
-68.8282
-69.2568
-69.6584
-70.0357
-70.3859
-70.707
-71.0001
-71.2706
-71.5326
-71.7914
-72.045
-72.2875
-72.5104
-72.7114
-72.8926
-73.0572
-73.2054
-73.3353
-73.4519
-73.5626
-73.6706
-73.7747
-73.875
-73.9668
-74.0489
-74.1197
-74.1817
-74.2376
-74.2867
-74.3285
-74.3666
-74.4046
-74.4412
-74.4779
-74.5131
-74.5441
-74.5717
-74.5932
-74.6109
-74.6266
-74.6412
-74.653
-74.6635
-74.6747
-74.686
-74.699
-74.7117
-74.722
-74.7315
-74.7376
-74.7409
-74.7425
-74.7459
-74.7493
-74.7518
-74.7538
-74.7565
-74.7612
-74.7666
-74.7704
-74.7736
-74.776
-74.7761
-74.7742
-74.7717
-74.7707
-74.772
-74.7733
-74.7724
-74.7734
-74.7762
-74.7783
-74.7795
-74.7805
-74.7811
-74.7804
-74.7779
-74.7731
-74.7686
-74.7693
-74.7716
-74.7711
-74.7717
-74.7734
-74.774
-74.7745
-74.7749
-74.7759
-74.7753
-74.7736
-74.7691
-74.7626
-74.7589
-74.76
-74.7618
-74.7633
-74.7651
-74.7662
-74.766
-74.7661
-74.7679
-74.7684
-74.7668
-74.7637
-74.7594
-74.7531
-74.7492
-74.7477
-74.7479
-74.7505
-74.7542
-74.7561
-74.757
-74.7581
-74.7593
-74.7596
-74.7584
-74.7548
-74.7505
-74.7461
-74.7422
-74.7377
-74.7346
-74.7345
-74.7357
-74.7406
-74.7448
-74.7491
-74.7506
-74.7511
-74.7509
-74.7486
-74.7434
-74.7377
-74.7345
-74.7325
-74.7294
-74.7241
-74.7203
-74.7198
-74.722
-74.7275
-74.7346
-74.7401
-74.7415
-74.7418
-74.7406
-74.7376
-74.7317
-74.7242
-74.7202
-74.7194
-74.7185
-74.7142
-74.7084
-74.7051
-74.7059
-74.7112
-74.7172
-74.7232
-74.7273
-74.7291
-74.7301
-74.7279
-74.7248
-74.7187
-74.7121
-74.7071
-74.7042
-74.7037
-74.702
-74.6978
-74.6947
-74.692
-74.6935
-74.6998
-74.7065
-74.7096
-74.7105
-74.7116
-74.7136
-74.7128
-74.7106
-74.7059
-74.7007
-74.6945
-74.6909
-74.6891
-74.6877
-74.6862
-74.6832
-74.6808
-74.6794
-74.6796
-74.6838
-74.689
-74.6936
-74.6933
-74.6901
-74.6899
-74.692
-74.693
-74.6924
-74.6895
-74.6844
-74.6801
-74.6763
-74.6731
-74.6708
-74.6694
-74.6705
-74.6694
-74.664
-74.6606
-74.6619
-74.6657
-74.669
-74.6698
-74.6692
-74.668
-74.6678
-74.6676
-74.6697
-74.6732
-74.673
-74.6703
-74.6668
-74.6623
-74.6571
-74.6526
-74.6527
-74.6538
-74.6544
-74.6497
-74.6445
-74.644
-74.6413
-74.6368
-74.6358
-74.6354
-74.6378
-74.6419
-74.6457
-74.6479
-74.6477
-74.6464
-74.6471
-74.6481
-74.6482
-74.6455
-74.6419
-74.6407
-74.6384
-74.6331
-74.6304
-74.6309
-74.6286
-74.6263
-74.6248
-74.6209
-74.6149
-74.6075
-74.6024
-74.6004
-74.6004
-74.6029
-74.6088
-74.6176
-74.6239
-74.628
-74.6261
-74.6203
-74.6148
-74.6139
-74.6128
-74.6145
-74.6163
-74.6153
-74.6108
-74.6058
-74.605
-74.6025
-74.5995
-74.5976
-74.5939
-74.5896
-74.5846
-74.5789
-74.5751
-74.5725
-74.5672
-74.5635
-74.5648
-74.5698
-74.5761
-74.5822
-74.587
-74.5921
-74.5918
-74.5888
-74.586
-74.581
-74.5766
-74.5733
-74.5696
-74.5682
-74.5681
-74.5721
-74.5742
-74.5734
-74.5695
-74.5626
-74.557
-74.5543
-74.5499
-74.5434
-74.5413
-74.538
-74.5339
-74.5332
-74.5345
-74.5333
-74.5304
-74.53
-74.5317
-74.5321
-74.5302
-74.53
-74.5337
-74.5383
-74.5429
-74.5457
-74.5418
-74.5352
-74.5287
-74.5222
-74.5196
-74.516
-74.5129
-74.5141
-74.5166
-74.518
-74.5142
-74.5102
-74.509
-74.5052
-74.4975
-74.491
-74.49
-74.4905
-74.4915
-74.4896
-74.4855
-74.4823
-74.4849
-74.4871
-74.4885
-74.4876
-74.4864
-74.4851
-74.4828
-74.4799
-74.4721
-74.4615
-74.4575
-74.4589
-74.4626
-74.4642
-74.4631
-74.4653
-74.4711
-74.475
-74.4736
-74.4676
-74.4573
-74.4476
-74.438
-74.4293
-74.4242
-74.4213
-74.4218
-74.4203
-74.4162
-74.4112
-74.41
-74.4111
-74.4144
-74.4156
-74.413
-74.4075
-74.4052
-74.4108
-74.4161
-74.4166
-74.415
-74.4151
-74.4153
-74.4191
-74.4223
-74.4212
-74.4195
-74.4188
-74.4173
-74.4107
-74.4001
-74.3898
-74.3783
-74.366
-74.3609
-74.3632
-74.3646
-74.3667
-74.3689
-74.3678
-74.3648
-74.3634
-74.3618
-74.3558
-74.3508
-74.3488
-74.3476
-74.3409
-74.3297
-74.3159
-74.3031
-74.2932
-74.2878
-74.286
-74.2888
-74.2914
-74.292
-74.2913
-74.2899
-74.2835
-74.2713
-74.2578
-74.2497
-74.2527
-74.2609
-74.268
-74.2713
-74.2721
-74.2735
-74.2753
-74.2737
-74.2725
-74.2756
-74.2867
-74.2982
-74.3048
-74.3017
-74.2957
-74.292
-74.2942
-74.3005
-74.3044
-74.3022
-74.2964
-74.2884
-74.2814
-74.2762
-74.2684
-74.2579
-74.2527
-74.2483
-74.2398
-74.2351
-74.2312
-74.2262
-74.2233
-74.2174
-74.2056
-74.1919
-74.1803
-74.1692
-74.1616
-74.1551
-74.1453
-74.1368
-74.1288
-74.115
-74.1034
-74.0991
-74.0996
-74.0964
-74.0866
-74.0742
-74.0664
-74.0608
-74.0621
-74.0758
-74.0897
-74.0953
-74.1002
-74.1029
-74.1004
-74.0902
-74.0784
-74.0668
-74.0538
-74.0447
-74.0421
-74.0418
-74.0437
-74.0481
-74.0585
-74.0654
-74.0637
-74.0606
-74.0522
-74.038
-74.0227
-74.0089
-74.0053
-74.0054
-74.01
-74.0202
-74.0227
-74.0218
-74.0172
-74.0056
-73.9918
-73.9802
-73.9749
-73.9721
-73.9771
-73.9881
-73.996
-74.0014
-74.0011
-73.9941
-73.9932
-74.0079
-74.0189
-74.0282
-74.0394
-74.044
-74.0405
-74.0393
-74.0437
-74.0486
-74.0496
-74.047
-74.0418
-74.0473
-74.0519
-74.0493
-74.0441
-74.0384
-74.0438
-74.0541
-74.0555
-74.0471
-74.0331
-74.0178
-73.9988
-73.976
-73.9531
-73.9334
-73.9159
-73.896
-73.8777
-73.8591
-73.8431
-73.8343
-73.8348
-73.8329
-73.8232
-73.8112
-73.7973
-73.7838
-73.7719
-73.761
-73.7512
-73.7375
-73.7244
-73.7171
-73.7056
-73.6889
-73.6739
-73.6576
-73.6374
-73.614
-73.5951
-73.5837
-73.5755
-73.568
-73.5618
-73.5515
-73.5507
-73.5569
-73.5558
-73.5462
-73.5354
-73.5245
-73.5092
-73.4896
-73.4669
-73.4418
-73.4151
-73.3873
-73.3586
-73.3293
-73.3055
-73.2873
-73.2755
-73.2636
-73.2489
-73.239
-73.2296
-73.2296
-73.2324
-73.2284
-73.2174
-73.2012
-73.1839
-73.1729
-73.1669
-73.1724
-73.1748
-73.1692
-73.1571
-73.1404
-73.1205
-73.0984
-73.0883
-73.0888
-73.0886
-73.0904
-73.093
-73.1051
-73.1131
-73.1121
-73.1035
-73.0895
-73.0719
-73.0517
-73.0296
-73.0063
-72.982
-72.9631
-72.9515
-72.9379
-72.921
-72.9012
-72.8794
-72.8631
-72.8542
-72.843
-72.828
-72.8099
-72.7896
-72.7678
-72.745
-72.7215
-72.6975
-72.6733
-72.6576
-72.6497
-72.6394
-72.6255
-72.6175
-72.6154
-72.6095
-72.5989
-72.5846
-72.5677
-72.549
-72.5292
-72.5085
-72.4873
-72.4657
-72.4448
-72.4368
-72.4328
-72.4318
-72.4384
-72.4405
-72.4363
-72.4271
-72.4144
-72.3993
-72.3825
-72.3646
-72.346
-72.3267
-72.3071
-72.2872
-72.2672
-72.2471
-72.2269
-72.2068
-72.1867
-72.1667
-72.1467
-72.1269
-72.1073
-72.0878
-72.0684
-72.0493
-72.0303
-72.0114
-71.9928
-71.9744
-71.9561
-71.938
-71.9201
-71.9025
-71.885
-71.8677
-71.8506
-71.8337
-71.8169
-71.8004
-71.7841
-71.7679
-71.752
-71.7362
-71.7206
-71.7052
-71.69
-71.675
-71.6601
-71.6454
-71.6309
-71.6166
-71.6024
-71.5884
-71.5746
-71.561
-71.5475
-71.5342
-71.521
-71.508
-71.4952
-71.4825
-71.47
-71.4576
-71.4454
-71.4333
-71.4214
-71.4097
-71.398
-71.3866
-71.3752
-71.3641
-71.353
-71.3421
-71.3313
-71.3207
-71.3102
-71.2999
-71.2897
-71.2796
-71.2696
-71.2598
-71.2501
-71.2405
-71.231
-71.2217
-71.2125
-71.2034
-71.1944
-71.1856
-71.1768
-71.1682
-71.1597
-71.1513
-71.143
-71.1348
-71.1267
-71.1188
-71.1109
-71.1031
-71.0955
-71.0879
-71.0805
-71.0731
-71.0658
-71.0587
-71.0516
-71.0446
-71.0378
-71.031
-71.0243
-71.0177
-71.0112
-71.0047
-70.9984
-70.9921
-70.986
-70.9799
-70.9739
-70.968
-70.9621
-70.9564
-70.9507
-70.9451
-70.9396
-70.9342
-70.9288
-70.9235
-70.9183
-70.9131
-70.9081
-70.9031
-70.8981
-70.8933
-70.8885
-70.8838
-70.8791
-70.8745
-70.87
-70.8655
-70.8611
-70.8568
-70.8525
-70.8483
-70.8442
-70.8401
-70.8361
-70.8321
-70.8282
-70.8243
-70.8205
-70.8168
-70.8131
-70.8095
-70.8059
-70.8024
-70.7989
-70.7955
-70.7922
-70.7888
-70.7856
-70.7824
-70.7792
-70.7761
-70.773
-70.77
-70.767
-70.7641
-70.7612
-70.7584
-70.7556
-70.7528
-70.7501
-70.7475
-70.7448
-70.7423
-70.7397
-70.7372
-70.7348
-70.7324
-70.73
-70.7276
-70.7253
-70.7231
-70.7208
-70.7186
-70.7165
-70.7144
-70.7123
-70.7102
-70.7082
-70.7062
-70.7043
-70.7024
-70.7005
-70.6986
-70.6968
-70.695
-70.6933
-70.6916
-70.6899
-70.6882
-70.6866
-70.6849
-70.6834
-70.6818
-70.6803
-70.6788
-70.6773
-70.6759
-70.6745
-70.6731
-70.6717
-70.6704
-70.6691
-70.6678
-70.6665
-70.6653
-70.664
-70.6628
-70.6617
-70.6605
-70.6594
-70.6583
-70.6572
-70.6561
-70.6551
-70.6541
-70.6531
-70.6521
-70.6511
-70.6502
-70.6493
-70.6484
-70.6475
-70.6466
-70.6458
-70.645
-70.6442
-70.6434
-70.6426
-70.6418
-70.6411
-70.6404
-70.6397
-70.639
-70.6383
-70.6376
-70.637
-70.6364
-70.6357
-70.6351
-70.6345
-70.634
-70.6334
-70.6329
-70.6323
-70.6318
-70.6313
-70.6308
-70.6304
-70.6299
-70.6294
-70.629
-70.6286
-70.6282
-70.6277
-70.6274
-70.627
-70.6266
-70.6262
-70.6259
-70.6256
-70.6252
-70.6249
-70.6246
-70.6243
-70.624
-70.6237
-70.6235
-70.6232
-70.623
-70.6227
-70.6225
-70.6223
-70.622
-70.6218
-70.6216
-70.6215
-70.6213
-70.6211
-70.6209
-70.6208
-70.6206
-70.6205
-70.6203
-70.6202
-70.6201
-70.62
-70.6199
-70.6198
-70.6197
-70.6196
-70.6195
-70.6194
-70.6194
-70.6193
-70.6192
-70.6192
-70.6191
-70.6191
-70.6191
-70.619
-70.619
-70.619
-70.619
-70.619
-70.619
-70.619
-70.619
-70.619
-70.619
-70.619
-70.619
-70.6191
-70.6191
-70.6191
-70.6192
-70.6192
-70.6193
-70.6193
-70.6194
-70.6194
-70.6195
-70.6196
-70.6196
-70.6197
-70.6198
-70.6199
-70.6199
-70.62
-70.6201
-70.6202
-70.6203
-70.6204
-70.6205
-70.6206
-70.6207
-70.6208
-70.6209
-70.621
-70.6211
-70.6213
-70.6214
-70.6215
-70.6216
-70.6218
-70.6219
-70.622
-70.6221
-70.6223
-70.6224
-70.6225
-70.6227
-70.6228
-70.623
-70.6231
-70.6233
-70.6234
-70.6236
-70.6237
-70.6239
-70.624
-70.6242
-70.6243
-70.6245
-70.6246
-70.6248
-70.6249
-70.6251
-70.6253
-70.6254
-70.6256
-70.6258
-70.6259
-70.6261
-70.6263
-70.6264
-70.6266
-70.6268
-70.6269
-70.6271
-70.6273
-70.6275
-70.6276
-70.6278
-70.628
-70.6281
-70.6283
-70.6285
-70.6287
-70.6288
-70.629
-70.6292
-70.6294
-70.6296
-70.6297
-70.6299
-70.6301
-70.6303
-70.6304
-70.6306
-70.6308
-70.631
-70.6312
-70.6313
-70.6315
-70.6317
-70.6319
-70.632
-70.6322
-70.6324
-70.6326
-70.6328
-70.6329
-70.6331
-70.6333
-70.6335
-70.6337
-70.6338
-70.634
-70.6342
-70.6344
-70.6345
-70.6347
-70.6349
-70.6351
-70.6352
-70.6354
-70.6356
-70.6358
-70.6359
-70.6361
-70.6363
-70.6365
-70.6366
-70.6368
-70.637
-70.6371
-70.6373
-70.6375
-70.6377
-70.6378
-70.638
-70.6382
-70.6383
-70.6385
-70.6387
-70.6388
-70.639
-70.6392
-70.6393
-70.6395
-70.6397
-70.6398
-70.64
-70.6402
-70.6403
-70.6405
-70.6406
-70.6408
-70.641
-70.6411
-70.6413
-70.6414
-70.6416
-70.6417
-70.6419
-70.6421
-70.6422
-70.6424
-70.6425
-70.6427
-70.6428
-70.643
-70.6431
-70.6433
-70.6434
-70.6436
-70.6437
-70.6439
-70.644
-70.6442
-70.6443
-70.6444
-70.6446
-70.6447
-70.6449

