-70
-70.1661
-70.23
-70.2566
-70.2695
-70.2773
-70.283
-70.2879
-70.2925
-70.297
-70.3014
-70.3057
-70.31
-70.3142
-70.3185
-70.3226
-70.3268
-70.3309
-70.335
-70.3391
-70.3431
-70.3471
-70.351
-70.3549
-70.3588
-70.3626
-70.3664
-70.3701
-70.3738
-70.3775
-70.3811
-70.3847
-70.3883
-70.3918
-70.3953
-70.3987
-70.4021
-70.4055
-70.4088
-70.4121
-70.4154
-70.4186
-70.4218
-70.4249
-70.428
-70.4311
-70.4341
-70.4372
-70.4401
-70.4431
-70.446
-70.4489
-70.4517
-70.4545
-70.4573
-70.4601
-70.4628
-70.4655
-70.4682
-70.4708
-70.4734
-70.476
-70.4785
-70.481
-70.4835
-70.486
-70.4884
-70.4908
-70.4932
-70.4955
-70.4978
-70.5001
-70.5024
-70.5046
-70.5068
-70.509
-70.5112
-70.5133
-70.5154
-70.5175
-70.5196
-70.5216
-70.5236
-70.5256
-70.5276
-70.5295
-70.5315
-70.5334
-70.5352
-70.5371
-70.5389
-70.5407
-70.5425
-70.5443
-70.5461
-70.5478
-70.5495
-70.5512
-70.5528
-70.5545
-70.5561
-70.5577
-70.5593
-70.5609
-70.5624
-70.5639
-70.5655
-70.5669
-70.5684
-70.5699
-70.5713
-70.5727
-70.5741
-70.5755
-70.5769
-70.5782
-70.5796
-70.5809
-70.5822
-70.5835
-70.5848
-70.586
-70.5873
-70.5885
-70.5897
-70.5909
-70.5921
-70.5932
-70.5944
-70.5955
-70.5966
-70.5977
-70.5988
-70.5999
-70.601
-70.602
-70.603
-70.6041
-70.6051
-70.6061
-70.6071
-70.608
-70.609
-70.6099
-70.6109
-70.6118
-70.6127
-70.6136
-70.6145
-70.6154
-70.6162
-70.6171
-70.6179
-70.6187
-70.6196
-70.6204
-70.6212
-70.622
-70.6227
-70.6235
-70.6242
-70.625
-70.6257
-70.6265
-70.6272
-70.6279
-70.6286
-70.6293
-70.6299
-70.6306
-70.6313
-70.6319
-70.6325
-70.6332
-70.6338
-70.6344
-70.635
-70.6356
-70.6362
-70.6368
-70.6374
-70.6379
-70.6385
-70.639
-70.6396
-70.6401
-70.6406
-70.6411
-70.6417
-70.6422
-70.6427
-70.6431
-70.6436
-70.6441
-70.6446
-70.645
-70.6455
-70.6459
-70.6464
-70.6468
-70.6472
-70.6476
-70.6481
-70.6485
-70.6489
-70.6493
-70.6497
-70.65
-70.6504
-70.6508
-70.6512
-70.6515
-70.6519
-70.6522
-70.6526
-70.6529
-70.6533
-70.6536
-70.6539
-70.6542
-70.6545
-70.6549
-70.6552
-70.6555
-70.6558
-70.656
-70.6563
-70.6566
-70.6569
-70.6572
-70.6574
-70.6577
-70.658
-70.6582
-70.6585
-70.6587
-70.6589
-70.6592
-70.6594
-70.6597
-70.6599
-70.6601
-70.6603
-70.6605
-70.6607
-70.661
-70.6612
-70.6614
-70.6616
-70.6617
-70.6619
-70.6621
-70.6623
-70.6625
-70.6627
-70.6628
-70.663
-70.6632
-70.6633
-70.6635
-70.6637
-70.6638
-70.664
-70.6641
-70.6643
-70.6644
-70.6646
-70.6647
-70.6648
-70.665
-70.6651
-70.6652
-70.6653
-70.6655
-70.6656
-70.6657
-70.6658
-70.6659
-70.666
-70.6662
-70.6663
-70.6664
-70.6665
-70.6666
-70.6667
-70.6668
-70.6669
-70.667
-70.667
-70.6671
-70.6672
-70.6673
-70.6674
-70.6675
-70.6675
-70.6676
-70.6677
-70.6678
-70.6678
-70.6679
-70.668
-70.668
-70.6681
-70.6682
-70.6682
-70.6683
-70.6683
-70.6684
-70.6685
-70.6685
-70.6686
-70.6686
-70.6687
-70.6687
-70.6688
-70.6688
-70.6688
-70.6689
-70.6689
-70.669
-70.669
-70.669
-70.6691
-70.6691
-70.6691
-70.6692
-70.6692
-70.6692
-70.6693
-70.6693
-70.6693
-70.6694
-70.6694
-70.6694
-70.6694
-70.6694
-70.6695
-70.6695
-70.6695
-70.6695
-70.6695
-70.6696
-70.6696
-70.6696
-70.6696
-70.6696
-70.6696
-70.6696
-70.6697
-70.6697
-70.6697
-70.6697
-70.6697
-70.6697
-70.6697
-70.6697
-70.6697
-70.6697
-70.6697
-70.6697
-70.6697
-70.6697
-70.6697
-70.6697
-70.6697
-70.6697
-70.6697
-70.6697
-70.6697
-70.6697
-70.6697
-70.6697
-70.6697
-70.6697
-70.6697
-70.6697
-70.6697
-70.6697
-70.6697
-70.6697
-70.6697
-70.6697
-70.6697
-70.6696
-70.6696
-70.6696
-70.6696
-70.6696
-70.6696
-70.6696
-70.6696
-70.6696
-70.6695
-70.6695
-70.6695
-70.6695
-70.6695
-70.6695
-70.6695
-70.6695
-70.6694
-70.6694
-70.6694
-70.6694
-70.6694
-70.6694
-70.6693
-70.6693
-70.6693
-70.6693
-70.6693
-70.6693
-70.6693
-70.6692
-70.6692
-70.6692
-70.6692
-70.6692
-70.6691
-70.6691
-70.6691
-70.6691
-70.6691
-70.6691
-70.669
-70.669
-70.669
-70.669
-70.669
-70.6689
-70.6689
-70.6689
-70.6689
-70.6689
-70.6688
-70.6688
-70.6688
-70.6688
-70.6688
-70.6687
-70.6687
-70.6687
-70.6687
-70.6686
-70.6686
-70.6686
-70.6686
-70.6686
-70.6685
-70.6685
-70.6685
-70.6685
-70.6685
-70.6684
-70.6684
-55.4135
-51.5929
-49.7704
-47.8751
-43.3642
10.7283
-26.2875
-56.7675
-68.8273
-68.0268
-66.9793
-65.9039
-64.821
-63.7485
-62.7031
-61.7004
-60.7531
-59.8714
-59.0848
-58.4289
-57.8729
-57.3042
-56.445
-55.8256
-55.3603
-54.9987
-54.7005
-54.4559
-54.2559
-54.0928
-53.9594
-53.8512
-53.7644
-53.6955
-53.6414
-53.5999
-53.5687
-53.5462
-53.5317
-53.524
-53.5086
-53.4549
-53.4224
-53.4053
-53.3979
-53.3955
-53.3959
-53.3927
-53.3873
-53.3839
-53.383
-53.3839
-53.3859
-53.3878
-53.3862
-53.3852
-53.385
-53.3861
-53.3878
-53.3899
-53.3922
-53.3916
-53.3908
-53.3904
-53.3909
-53.3921
-53.3936
-53.3954
-53.3974
-53.3983
-53.3969
-53.3957
-53.3952
-53.3955
-53.3964
-53.3976
-53.399
-53.4006
-53.4022
-53.4039
-53.4041
-53.4025
-53.4005
-53.399
-53.3985
-53.3988
-53.3995
-53.4005
-53.4016
-53.4028
-53.404
-53.4053
-53.4067
-53.4081
-53.4095
-53.41
-53.4079
-53.4055
-53.403
-53.4007
-53.398
-53.3965
-53.3957
-53.3948
-53.3936
-53.3913
-53.386
-53.3658
-53.2244
-53.1793
-53.2074
-53.2438
-53.2734
-53.2946
-53.309
-53.3188
-53.3261
-53.3321
-53.3381
-53.3446
-53.3619
-53.3818
-53.3939
-53.4025
-53.4097
-53.4145
-53.4175
-53.4187
-53.419
-53.4186
-53.4193
-53.4211
-53.4236
-53.4268
-53.4306
-53.4351
-53.4403
-53.4461
-53.4526
-53.4598
-53.4678
-53.4767
-53.4865
-53.4972
-53.509
-53.522
-53.5362
-53.5517
-53.5686
-53.5872
-53.6074
-53.6295
-53.6536
-53.6799
-53.6055
-53.5097
-53.4734
-53.4644
-53.4671
-53.4577
-53.441
-53.4355
-53.4324
-53.4247
-53.4227
-53.4246
-53.4266
-53.4233
-53.4224
-53.4241
-53.4273
-53.4314
-53.436
-53.4411
-53.4465
-53.4524
-53.4588
-53.4658
-53.4733
-53.4813
-53.4901
-53.4995
-53.5097
-53.5206
-53.5325
-53.5453
-53.5593
-53.5751
-53.593
-53.6126
-53.6339
-53.6571
-53.6819
-53.7086
-53.7375
-53.5722
-53.4688
-53.4367
-53.4317
-53.4369
-53.4457
-53.4562
-53.449
-53.432
-53.4259
-53.4223
-53.4151
-53.413
-53.4145
-53.4179
-53.4223
-53.427
-53.4295
-53.4248
-53.4223
-53.4225
-53.4243
-53.4271
-53.4306
-53.4346
-53.4394
-53.4447
-53.4502
-53.4561
-53.4627
-53.4699
-53.4776
-53.4858
-53.4946
-53.5041
-53.5145
-53.5272
-53.5413
-53.5562
-53.5719
-53.5887
-53.608
-53.6293
-53.6519
-53.6761
-53.7022
-53.7305
-53.7627
-53.7159
-53.4968
-53.424
-53.4072
-53.409
-53.417
-53.4274
-53.4382
-53.4491
-53.46
-53.471
-53.4828
-53.4856
-53.4493
-53.4301
-53.4139
-53.4076
-53.4073
-53.4097
-53.4133
-53.4174
-53.4217
-53.4261
-53.4309
-53.4364
-53.4423
-53.4485
-53.4417
-53.4308
-53.4261
-53.4254
-53.4272
-53.4303
-53.4341
-53.4384
-53.4432
-53.4489
-53.4555
-53.4628
-53.4705
-53.4786
-53.4872
-53.497
-53.5081
-53.5201
-53.5328
-53.5473
-53.5646
-53.5053
-53.4509
-53.4318
-53.4278
-53.4298
-53.4345
-53.4374
-53.4256
-53.4182
-53.4105
-53.408
-53.4088
-53.411
-53.4139
-53.4173
-53.4208
-53.4247
-53.4225
-53.419
-53.4182
-53.4192
-53.4213
-53.4246
-53.4282
-53.4322
-53.4364
-53.441
-53.446
-53.4516
-53.4594
-53.4699
-53.4845
-53.5022
-53.5244
-53.5473
-53.5694
-53.5903
-53.6119
-53.6369
-53.6725
-53.7274
-53.7943
-53.863
-53.9266
-53.9864
-54.0459
-54.1078
-54.1751
-54.2537
-54.3515
-54.4677
-54.6016
-54.7424
-54.883
-55.0252
-55.1726
-55.3281
-55.4942
-55.6778
-55.8869
-56.1249
-56.395
-56.6827
-56.9783
-57.278
-57.5854
-57.9012
-58.2292
-58.5763
-58.9514
-59.3637
-59.8194
-60.3021
-60.7904
-61.2726
-61.7468
-62.216
-62.6813
-63.15
-63.625
-64.1279
-64.6601
-65.2189
-65.7732
-66.3033
-66.8008
-67.2665
-67.7063
-68.1238
-68.5215
-68.9063
-69.2962
-69.6964
-70.098
-70.4784
-70.8258
-71.1411
-71.4253
-71.6827
-71.9166
-72.1288
-72.3271
-72.5244
-72.7225
-72.9162
-73.0986
-73.259
-73.4019
-73.5257
-73.6343
-73.7305
-73.8146
-73.8896
-73.9633
-74.0397
-74.1176
-74.1918
-74.2585
-74.314
-74.3624
-74.403
-74.4372
-74.466
-74.4901
-74.5118
-74.5358
-74.5621
-74.5892
-74.6153
-74.6382
-74.6558
-74.6708
-74.6829
-74.6909
-74.6967
-74.7017
-74.7066
-74.7136
-74.7219
-74.7319
-74.7423
-74.7508
-74.7566
-74.7608
-74.7647
-74.7656
-74.7641
-74.7623
-74.7609
-74.7617
-74.7639
-74.7667
-74.7713
-74.7764
-74.7788
-74.7797
-74.78
-74.7803
-74.7786
-74.7753
-74.7724
-74.7707
-74.7716
-74.772
-74.7725
-74.7749
-74.7784
-74.7799
-74.7786
-74.7759
-74.7735
-74.7716
-74.7689
-74.7657
-74.7639
-74.7646
-74.7656
-74.7654
-74.7662
-74.7696
-74.7731
-74.7726
-74.7688
-74.764
-74.7605
-74.7584
-74.7572
-74.7553
-74.7542
-74.7555
-74.7562
-74.756
-74.7562
-74.7585
-74.7618
-74.7614
-74.7572
-74.7512
-74.7454
-74.7424
-74.7416
-74.7409
-74.7416
-74.7432
-74.7446
-74.7455
-74.7462
-74.7476
-74.7504
-74.7521
-74.7502
-74.7457
-74.7388
-74.7319
-74.7274
-74.7258
-74.7261
-74.7274
-74.7296
-74.7309
-74.7316
-74.7312
-74.7308
-74.7325
-74.7354
-74.737
-74.7349
-74.7303
-74.7233
-74.7163
-74.7105
-74.7087
-74.7116
-74.7143
-74.7174
-74.7201
-74.7212
-74.721
-74.7204
-74.7194
-74.7213
-74.7233
-74.7232
-74.7202
-74.7153
-74.7088
-74.6999
-74.6936
-74.6915
-74.6923
-74.6963
-74.6994
-74.702
-74.7028
-74.7009
-74.6994
-74.6988
-74.7006
-74.7028
-74.7042
-74.7045
-74.7028
-74.6995
-74.6941
-74.6859
-74.6799
-74.6795
-74.6792
-74.6812
-74.6852
-74.6884
-74.6897
-74.6886
-74.6879
-74.6846
-74.6838
-74.6871
-74.6886
-74.6875
-74.6854
-74.6838
-74.6803
-74.6754
-74.6695
-74.6638
-74.6604
-74.6601
-74.659
-74.658
-74.6581
-74.6609
-74.6624
-74.6645
-74.6649
-74.6617
-74.6595
-74.6607
-74.6638
-74.6639
-74.6641
-74.6636
-74.6616
-74.6593
-74.6586
-74.655
-74.6509
-74.6466
-74.6446
-74.6431
-74.64
-74.6384
-74.6389
-74.641
-74.6451
-74.6488
-74.6477
-74.6435
-74.6434
-74.643
-74.6414
-74.6416
-74.6412
-74.639
-74.6364
-74.6344
-74.6304
-74.6296
-74.6288
-74.6243
-74.6173
-74.6116
-74.6093
-74.6062
-74.6023
-74.6004
-74.6024
-74.6086
-74.615
-74.6163
-74.6144
-74.6138
-74.6139
-74.6155
-74.6146
-74.6107
-74.6074
-74.6073
-74.6085
-74.6089
-74.6091
-74.6086
-74.6057
-74.5998
-74.5945
-74.5895
-74.5848
-74.5811
-74.578
-74.5775
-74.5774
-74.5789
-74.5829
-74.5841
-74.5858
-74.5867
-74.587
-74.5897
-74.5925
-74.5928
-74.5898
-74.5829
-74.5754
-74.5723
-74.572
-74.5737
-74.5765
-74.5749
-74.5728
-74.5703
-74.5651
-74.5563
-74.545
-74.5355
-74.5283
-74.5241
-74.5231
-74.5234
-74.5268
-74.5326
-74.5365
-74.5388
-74.5395
-74.536
-74.5318
-74.5329
-74.5385
-74.5433
-74.5437
-74.5424
-74.5413
-74.5403
-74.5368
-74.5296
-74.5272
-74.5309
-74.5329
-74.5309
-74.5305
-74.5283
-74.5211
-74.5126
-74.5021
-74.4935
-74.488
-74.4819
-74.475
-74.4684
-74.4637
-74.4626
-74.4718
-74.4833
-74.4903
-74.4912
-74.4917
-74.4918
-74.4882
-74.4828
-74.4783
-74.479
-74.4856
-74.4919
-74.4959
-74.5005
-74.503
-74.5013
-74.4993
-74.498
-74.493
-74.4864
-74.4807
-74.476
-74.4732
-74.4663
-74.4567
-74.4497
-74.4414
-74.4334
-74.427
-74.4231
-74.4181
-74.4144
-74.4123
-74.4102
-74.4072
-74.4051
-74.4036
-74.4041
-74.4044
-74.4033
-74.4003
-74.3981
-74.3979
-74.3952
-74.3935
-74.3946
-74.3957
-74.3925
-74.3883
-74.3864
-74.3907
-74.3946
-74.3978
-74.4032
-74.4129
-74.4211
-74.4221
-74.4169
-74.411
-74.4038
-74.3944
-74.3869
-74.3855
-74.385
-74.3838
-74.3752
-74.3601
-74.3437
-74.3285
-74.3174
-74.3122
-74.3091
-74.3119
-74.314
-74.3143
-74.3143
-74.3122
-74.3076
-74.3068
-74.3097
-74.3115
-74.3129
-74.3136
-74.3096
-74.301
-74.2917
-74.2818
-74.276
-74.2698
-74.2625
-74.2535
-74.2426
-74.2377
-74.2393
-74.244
-74.2534
-74.2651
-74.2718
-74.2756
-74.2813
-74.2867
-74.2882
-74.288
-74.2873
-74.2838
-74.2801
-74.28
-74.2792
-74.2788
-74.2773
-74.2772
-74.2767
-74.272
-74.2633
-74.2533
-74.2421
-74.2332
-74.23
-74.2274
-74.2269
-74.2249
-74.2161
-74.2071
-74.202
-74.1936
-74.1807
-74.1724
-74.1645
-74.1564
-74.1454
-74.1364
-74.1305
-74.1267
-74.1192
-74.1114
-74.1114
-74.117
-74.1213
-74.1285
-74.1379
-74.146
-74.1497
-74.1443
-74.1334
-74.1235
-74.1231
-74.1204
-74.1144
-74.1101
-74.1
-74.0834
-74.062
-74.0399
-74.0187
-74.0029
-73.9876
-73.9832
-73.9843
-73.9793
-73.9706
-73.962
-73.9601
-73.9629
-73.9748
-73.9821
-73.9868
-73.9977
-74.0147
-74.0325
-74.043
-74.0517
-74.0572
-74.0546
-74.0497
-74.0487
-74.0445
-74.0387
-74.032
-74.0289
-74.0393
-74.0481
-74.0464
-74.0395
-74.0323
-74.0196
-74.003
-73.9883
-73.9785
-73.9682
-73.9582
-73.9516
-73.9515
-73.9568
-73.9651
-73.9692
-73.9693
-73.9697
-73.9671
-73.9573
-73.9486
-73.9493
-73.956
-73.9587
-73.9554
-73.9443
-73.9309
-73.9158
-73.905
-73.9046
-73.9048
-73.9081
-73.9081
-73.9044
-73.8947
-73.8872
-73.8906
-73.8947
-73.8906
-73.8784
-73.8617
-73.8456
-73.8268
-73.8043
-73.7789
-73.7516
-73.7281
-73.7058
-73.6874
-73.6814
-73.681
-73.6827
-73.6821
-73.6819
-73.6879
-73.6925
-73.6894
-73.6863
-73.685
-73.6832
-73.6752
-73.6608
-73.6467
-73.6323
-73.6141
-73.5939
-73.5842
-73.575
-73.5646
-73.5543
-73.5404
-73.537
-73.5426
-73.5481
-73.5457
-73.5353
-73.5234
-73.5244
-73.5298
-73.5337
-73.5298
-73.5193
-73.5104
-73.5009
-73.4933
-73.4819
-73.4655
-73.4451
-73.4219
-73.3976
-73.3798
-73.3625
-73.3423
-73.3193
-73.307
-73.3025
-73.2937
-73.2791
-73.2602
-73.2398
-73.2259
-73.2147
-73.2077
-73.1972
-73.1818
-73.1626
-73.1406
-73.1168
-73.0917
-73.0703
-73.0564
-73.0418
-73.0337
-73.0415
-73.0542
-73.0584
-73.0536
-73.0422
-73.0263
-73.0132
-73.0098
-73.0186
-73.0284
-73.0297
-73.0231
-73.0108
-72.9956
-72.9877
-72.9798
-72.9715
-72.9687
-72.9629
-72.9612
-72.9594
-72.9519
-72.9393
-72.9228
-72.9037
-72.8828
-72.8606
-72.8374
-72.8136
-72.7893
-72.7647
-72.7399
-72.7149
-72.6899
-72.6648
-72.6398
-72.6208
-72.6124
-72.6029
-72.5898
-72.5736
-72.5551
-72.5353
-72.5145
-72.493
-72.4712
-72.4492
-72.4384
-72.4346
-72.4279
-72.417
-72.4029
-72.3866
-72.3689
-72.3511
-72.3463
-72.3452
-72.34
-72.3305
-72.3178
-72.3028
-72.2863
-72.2688
-72.2506
-72.232
-72.213
-72.1939
-72.1746
-72.1553
-72.136
-72.1167
-72.0975
-72.0784
-72.0594
-72.0406
-72.0219
-72.0033
-71.985
-71.9667
-71.9487
-71.9308
-71.9132
-71.8957
-71.8783
-71.8612
-71.8443
-71.8275
-71.811
-71.7946
-71.7784
-71.7624
-71.7465
-71.7309
-71.7154
-71.7002
-71.6851
-71.6701
-71.6554
-71.6408
-71.6264
-71.6122
-71.5982
-71.5843
-71.5706
-71.557
-71.5436
-71.5304
-71.5174
-71.5045
-71.4917
-71.4791
-71.4667
-71.4544
-71.4423
-71.4303
-71.4185
-71.4068
-71.3953
-71.3839
-71.3726
-71.3615
-71.3505
-71.3397
-71.329
-71.3185
-71.3081
-71.2978
-71.2876
-71.2776
-71.2677
-71.2579
-71.2483
-71.2388
-71.2294
-71.2201
-71.211
-71.202
-71.193
-71.1842
-71.1756
-71.167
-71.1585
-71.1502
-71.1419
-71.1338
-71.1258
-71.1179
-71.11
-71.1023
-71.0947
-71.0872
-71.0798
-71.0725
-71.0653
-71.0581
-71.0511
-71.0442
-71.0373
-71.0306
-71.0239
-71.0174
-71.0109
-71.0045
-70.9982
-70.992
-70.9859
-70.9798
-70.9738
-70.968
-70.9622
-70.9564
-70.9508
-70.9452
-70.9397
-70.9343
-70.929
-70.9237
-70.9185
-70.9134
-70.9084
-70.9034
-70.8985
-70.8936
-70.8889
-70.8842
-70.8795
-70.875
-70.8705
-70.866
-70.8617
-70.8573
-70.8531
-70.8489
-70.8448
-70.8407
-70.8367
-70.8328
-70.8289
-70.825
-70.8213
-70.8175
-70.8139
-70.8103
-70.8067
-70.8032
-70.7997
-70.7963
-70.793
-70.7897
-70.7865
-70.7833
-70.7801
-70.777
-70.7739
-70.7709
-70.768
-70.7651
-70.7622
-70.7594
-70.7566
-70.7538
-70.7511
-70.7485
-70.7459
-70.7433
-70.7408
-70.7383
-70.7358
-70.7334
-70.731
-70.7287
-70.7264
-70.7242
-70.7219
-70.7197
-70.7176
-70.7155
-70.7134
-70.7114
-70.7093
-70.7074
-70.7054
-70.7035
-70.7016
-70.6998
-70.698
-70.6962
-70.6944
-70.6927
-70.691
-70.6894
-70.6877
-70.6861
-70.6845
-70.683
-70.6815
-70.68
-70.6785
-70.6771
-70.6757
-70.6743
-70.6729
-70.6716
-70.6702
-70.669
-70.6677
-70.6665
-70.6652
-70.664
-70.6629
-70.6617
-70.6606
-70.6595
-70.6584
-70.6573
-70.6563
-70.6553
-70.6543
-70.6533
-70.6523
-70.6514
-70.6505
-70.6496
-70.6487
-70.6478
-70.647
-70.6461
-70.6453
-70.6445
-70.6438
-70.643
-70.6423
-70.6415
-70.6408
-70.6401
-70.6394
-70.6388
-70.6381
-70.6375
-70.6369
-70.6363
-70.6357
-70.6351
-70.6345
-70.634
-70.6335
-70.6329
-70.6324
-70.6319
-70.6315
-70.631
-70.6305
-70.6301
-70.6297
-70.6292
-70.6288
-70.6284
-70.628
-70.6277
-70.6273
-70.627
-70.6266
-70.6263
-70.626
-70.6256
-70.6253
-70.6251
-70.6248
-70.6245
-70.6242
-70.624
-70.6237
-70.6235
-70.6233
-70.6231
-70.6228
-70.6226
-70.6224
-70.6223
-70.6221
-70.6219
-70.6218
-70.6216
-70.6215
-70.6213
-70.6212
-70.6211
-70.6209
-70.6208
-70.6207
-70.6206
-70.6205
-70.6204
-70.6204
-70.6203
-70.6202
-70.6202
-70.6201
-70.62
-70.62
-70.62
-70.6199
-70.6199
-70.6199
-70.6199
-70.6198
-70.6198
-70.6198
-70.6198
-70.6198
-70.6198
-70.6199
-70.6199
-70.6199
-70.6199
-70.62
-70.62
-70.62
-70.6201
-70.6201
-70.6202
-70.6202
-70.6203
-70.6203
-70.6204
-70.6205
-70.6205
-70.6206
-70.6207
-70.6208
-70.6209
-70.6209
-70.621
-70.6211
-70.6212
-70.6213
-70.6214
-70.6215
-70.6216
-70.6217
-70.6218
-70.622
-70.6221
-70.6222
-70.6223
-70.6224
-70.6226
-70.6227
-70.6228
-70.6229
-70.6231
-70.6232
-70.6233
-70.6235
-70.6236
-70.6238
-70.6239
-70.624
-70.6242
-70.6243
-70.6245
-70.6246
-70.6248
-70.6249
-70.6251
-70.6252
-70.6254
-70.6255
-70.6257
-70.6258
-70.626
-70.6262
-70.6263
-70.6265
-70.6267
-70.6268
-70.627
-70.6271
-70.6273
-70.6275
-70.6276
-70.6278
-70.628
-70.6281
-70.6283
-70.6285
-70.6287
-70.6288
-70.629
-70.6292
-70.6293
-70.6295
-70.6297
-70.6299
-70.63
-70.6302
-70.6304
-70.6306
-70.6307
-70.6309
-70.6311
-70.6313
-70.6314
-70.6316
-70.6318
-70.632
-70.6321
-70.6323
-70.6325
-70.6327
-70.6328
-70.633
-70.6332
-70.6334
-70.6335
-70.6337
-70.6339
-70.6341
-70.6342
-70.6344
-70.6346
-70.6348
-70.6349
-70.6351
-70.6353
-70.6354
-70.6356
-70.6358
-70.636
-70.6361
-70.6363
-70.6365
-70.6366
-70.6368
-70.637
-70.6372
-70.6373
-70.6375
-70.6377
-70.6378
-70.638
-70.6382
-70.6383
-70.6385
-70.6387
-70.6388
-70.639
-70.6392
-70.6393
-70.6395
-70.6396
-70.6398
-70.64
-70.6401
-70.6403
-70.6404
-70.6406
-70.6408
-70.6409
-70.6411
-70.6412
-70.6414
-70.6415
-70.6417
-70.6419
-70.642
-70.6422
-70.6423
-70.6425
-70.6426
-70.6428
-70.6429
-70.6431
-70.6432
-70.6434
-70.6435
-70.6437
-70.6438
-70.644
-70.6441
-70.6443
-70.6444
-70.6445

