-70
-70.1661
-70.23
-70.2566
-70.2695
-70.2773
-70.283
-70.2879
-70.2925
-70.297
-70.3014
-70.3057
-70.31
-70.3142
-70.3185
-70.3226
-70.3268
-70.3309
-70.335
-70.3391
-70.3431
-70.3471
-70.351
-70.3549
-70.3588
-70.3626
-70.3664
-70.3701
-70.3738
-70.3775
-70.3811
-70.3847
-70.3883
-70.3918
-70.3953
-70.3987
-70.4021
-70.4055
-70.4088
-70.4121
-70.4154
-70.4186
-70.4218
-70.4249
-70.428
-70.4311
-70.4341
-70.4372
-70.4401
-70.4431
-70.446
-70.4489
-70.4517
-70.4545
-70.4573
-70.4601
-70.4628
-70.4655
-70.4682
-70.4708
-70.4734
-70.476
-70.4785
-70.481
-70.4835
-70.486
-70.4884
-70.4908
-70.4932
-70.4955
-70.4978
-70.5001
-70.5024
-70.5046
-70.5068
-70.509
-70.5112
-70.5133
-70.5154
-70.5175
-70.5196
-70.5216
-70.5236
-70.5256
-70.5276
-70.5295
-70.5315
-70.5334
-70.5352
-70.5371
-70.5389
-70.5407
-70.5425
-70.5443
-70.5461
-70.5478
-70.5495
-70.5512
-70.5528
-70.5545
-70.5561
-70.5577
-70.5593
-70.5609
-70.5624
-70.5639
-70.5655
-70.5669
-70.5684
-70.5699
-70.5713
-70.5727
-70.5741
-70.5755
-70.5769
-70.5782
-70.5796
-70.5809
-70.5822
-70.5835
-70.5848
-70.586
-70.5873
-70.5885
-70.5897
-70.5909
-70.5921
-70.5932
-70.5944
-70.5955
-70.5966
-70.5977
-70.5988
-70.5999
-70.601
-70.602
-70.603
-70.6041
-70.6051
-70.6061
-70.6071
-70.608
-70.609
-70.6099
-70.6109
-70.6118
-70.6127
-70.6136
-70.6145
-70.6154
-70.6162
-70.6171
-70.6179
-70.6187
-70.6196
-70.6204
-70.6212
-70.622
-70.6227
-70.6235
-70.6242
-70.625
-70.6257
-70.6265
-70.6272
-70.6279
-70.6286
-70.6293
-70.6299
-70.6306
-70.6313
-70.6319
-70.6325
-70.6332
-70.6338
-70.6344
-70.635
-70.6356
-70.6362
-70.6368
-70.6374
-70.6379
-70.6385
-70.639
-70.6396
-70.6401
-70.6406
-70.6411
-70.6417
-70.6422
-70.6427
-70.6431
-70.6436
-70.6441
-70.6446
-70.645
-70.6455
-70.6459
-70.6464
-70.6468
-70.6472
-70.6476
-70.6481
-70.6485
-70.6489
-70.6493
-70.6497
-70.65
-70.6504
-70.6508
-70.6512
-70.6515
-70.6519
-70.6522
-70.6526
-70.6529
-70.6533
-70.6536
-70.6539
-70.6542
-70.6545
-70.6549
-70.6552
-70.6555
-70.6558
-70.656
-70.6563
-70.6566
-70.6569
-70.6572
-70.6574
-70.6577
-70.658
-70.6582
-70.6585
-70.6587
-70.6589
-70.6592
-70.6594
-70.6597
-70.6599
-70.6601
-70.6603
-70.6605
-70.6607
-70.661
-70.6612
-70.6614
-70.6616
-70.6617
-70.6619
-70.6621
-70.6623
-70.6625
-70.6627
-70.6628
-70.663
-70.6632
-70.6633
-70.6635
-70.6637
-70.6638
-70.664
-70.6641
-70.6643
-70.6644
-70.6646
-70.6647
-70.6648
-70.665
-70.6651
-70.6652
-70.6653
-70.6655
-70.6656
-70.6657
-70.6658
-70.6659
-70.666
-70.6662
-70.6663
-70.6664
-70.6665
-70.6666
-70.6667
-70.6668
-70.6669
-70.667
-70.667
-70.6671
-70.6672
-70.6673
-70.6674
-70.6675
-70.6675
-70.6676
-70.6677
-70.6678
-70.6678
-70.6679
-70.668
-70.668
-70.6681
-70.6682
-70.6682
-70.6683
-70.6683
-70.6684
-70.6685
-70.6685
-70.6686
-70.6686
-70.6687
-70.6687
-70.6688
-70.6688
-70.6688
-70.6689
-70.6689
-70.669
-70.669
-70.669
-70.6691
-70.6691
-70.6691
-70.6692
-70.6692
-70.6692
-70.6693
-70.6693
-70.6693
-70.6694
-70.6694
-70.6694
-70.6694
-70.6694
-70.6695
-70.6695
-70.6695
-70.6695
-70.6695
-70.6696
-70.6696
-70.6696
-70.6696
-70.6696
-70.6696
-70.6696
-70.6697
-70.6697
-70.6697
-70.6697
-70.6697
-70.6697
-70.6697
-70.6697
-70.6697
-70.6697
-70.6697
-70.6697
-70.6697
-70.6697
-70.6697
-70.6697
-70.6697
-70.6697
-70.6697
-70.6697
-70.6697
-70.6697
-70.6697
-70.6697
-70.6697
-70.6697
-70.6697
-70.6697
-70.6697
-70.6697
-70.6697
-70.6697
-70.6697
-70.6697
-70.6697
-70.6696
-70.6696
-70.6696
-70.6696
-70.6696
-70.6696
-70.6696
-70.6696
-70.6696
-70.6695
-70.6695
-70.6695
-70.6695
-70.6695
-70.6695
-70.6695
-70.6695
-70.6694
-70.6694
-70.6694
-70.6694
-70.6694
-70.6694
-70.6693
-70.6693
-70.6693
-70.6693
-70.6693
-70.6693
-70.6693
-70.6692
-70.6692
-70.6692
-70.6692
-70.6692
-70.6691
-70.6691
-70.6691
-70.6691
-70.6691
-70.6691
-70.669
-70.669
-70.669
-70.669
-70.669
-70.6689
-70.6689
-70.6689
-70.6689
-70.6689
-70.6688
-70.6688
-70.6688
-70.6688
-70.6688
-70.6687
-70.6687
-70.6687
-70.6687
-70.6686
-70.6686
-70.6686
-70.6686
-70.6686
-70.6685
-70.6685
-70.6685
-70.6685
-70.6685
-70.6684
-70.6684
-70.6684
-70.6684
-70.6684
-70.6683
-70.6683
-70.6683
-70.6683
-70.6682
-70.6682
-70.6682
-70.6682
-70.6682
-70.6681
-70.6681
-70.6681
-70.6681
-70.6681
-70.6706
-70.8771
-71.6509
-72.5801
-73.3392
-73.8407
-74.102
-74.2269
-74.287
-57.0859
-52.0313
-49.9384
-47.7455
-41.3555
5.04568
-30.4638
-63.3043
-69.1146
-68.1974
-67.1602
-66.0967
-65.0265
-63.9679
-62.9375
-61.9513
-60.9341
-59.8789
-58.9923
-58.2137
-57.5233
-56.9144
-56.3817
-55.8903
-55.4573
-55.0978
-54.7979
-54.5485
-54.3433
-54.172
-54.0124
-53.8841
-53.7844
-53.7071
-53.6474
-53.6019
-53.5677
-53.5281
-53.4929
-53.4693
-53.4541
-53.4449
-53.4398
-53.4378
-53.4381
-53.4403
-53.4286
-53.4155
-53.4095
-53.4082
-53.4097
-53.4129
-53.4171
-53.422
-53.4274
-53.4333
-53.4395
-53.4461
-53.4342
-53.4177
-53.4106
-53.4092
-53.4107
-53.4136
-53.4172
-53.4213
-53.4256
-53.43
-53.4344
-53.4382
-53.4415
-53.4443
-53.4464
-53.4474
-53.4468
-53.4438
-53.431
-53.3995
-53.3823
-53.3686
-53.3419
-53.1444
-52.8064
-52.837
-52.9453
-53.0429
-53.1144
-53.1626
-53.1942
-53.2159
-53.2324
-53.2472
-53.2624
-53.2799
-53.3015
-53.329
-53.3648
-53.4102
-53.4652
-53.5282
-53.598
-53.6739
-53.7564
-53.8475
-53.9486
-54.0577
-53.8635
-53.549
-53.4569
-53.4384
-53.4438
-53.4576
-53.4746
-53.4932
-53.513
-53.5339
-53.556
-53.5794
-53.6044
-53.6312
-53.6599
-53.6909
-53.7245
-53.7609
-53.8005
-53.8435
-53.8902
-53.9409
-53.996
-54.0558
-54.1205
-54.1907
-54.2665
-54.3482
-54.4363
-54.5313
-54.6338
-54.7442
-54.8629
-54.9907
-55.1281
-55.2755
-55.433
-55.6005
-55.7802
-55.0898
-53.559
-53.2011
-53.155
-53.1904
-53.2432
-53.2954
-53.3426
-53.3845
-53.4218
-53.4559
-53.4873
-53.5167
-53.5448
-53.5722
-53.5995
-53.6274
-53.6575
-53.6887
-53.7211
-53.7554
-53.793
-53.8331
-53.8757
-53.9211
-53.9698
-54.0221
-54.0805
-54.1444
-54.2122
-54.2841
-54.3614
-54.4478
-54.5399
-54.637
-54.7396
-54.8486
-54.9658
-55.0969
-55.2359
-55.3807
-55.5316
-55.6901
-55.8662
-56.0518
-56.2422
-56.4378
-56.2163
-53.6423
-53.0668
-52.9895
-53.0363
-53.1086
-53.1783
-53.239
-53.2912
-53.3356
-53.3739
-53.4072
-53.4372
-53.4652
-53.4914
-53.5162
-53.5402
-53.5639
-53.5879
-53.6133
-53.6409
-53.6695
-53.6992
-53.7307
-53.7664
-53.8056
-53.8469
-53.8906
-53.9371
-53.987
-54.0405
-54.0992
-54.1676
-54.2406
-54.3165
-54.3974
-54.4905
-54.5896
-54.6921
-54.799
-54.9112
-55.0298
-55.1549
-55.2869
-55.4351
-55.5995
-55.767
-55.938
-56.1307
-56.3316
-56.5318
-56.7317
-56.933
-57.1366
-57.3432
-57.5528
-57.7646
-57.9897
-58.2414
-58.4905
-57.9661
-53.6521
-52.7474
-52.632
-52.7166
-52.8426
-52.9625
-53.0651
-53.1501
-53.2202
-53.2784
-53.3281
-53.3709
-53.4081
-53.4415
-53.4719
-53.5005
-53.528
-53.5551
-53.5822
-53.6106
-53.6419
-53.6764
-53.7125
-53.7499
-53.7892
-53.831
-53.8758
-53.924
-53.9761
-54.0322
-54.0929
-54.1584
-54.2331
-54.3244
-54.4211
-54.5202
-54.6231
-54.7349
-54.869
-55.0097
-55.1534
-55.3049
-55.5061
-55.8364
-56.2705
-56.7381
-57.2154
-57.6393
-58.0206
-58.3729
-58.7578
-59.3269
-60.0636
-60.941
-61.8227
-62.6293
-63.3029
-63.8596
-64.3523
-64.817
-65.3133
-65.8805
-66.4968
-67.1585
-67.7874
-68.3429
-68.8153
-69.2239
-61.5707
-53.5648
-51.7736
-51.3856
-51.5038
-51.8334
-52.2031
-52.5217
-52.7713
-52.9635
-53.1136
-53.2329
-53.3307
-53.4152
-53.4918
-53.5642
-53.6338
-53.7019
-53.7687
-53.835
-53.902
-53.9708
-54.0428
-54.1205
-54.2063
-54.3022
-54.4091
-54.5245
-54.6483
-54.7785
-54.9143
-55.0581
-55.2111
-55.3745
-55.5522
-55.751
-55.9767
-56.2267
-56.493
-56.7719
-57.0646
-57.3653
-57.6785
-58.0044
-58.3417
-58.6977
-59.0859
-59.5155
-59.9766
-60.4492
-60.9268
-61.408
-61.8913
-62.3723
-62.8567
-63.3375
-63.8177
-64.3094
-64.8261
-65.3638
-65.8993
-66.415
-66.9097
-67.3807
-67.8331
-68.2633
-68.6725
-69.0634
-69.4373
-69.8045
-70.169
-70.5269
-70.8664
-71.1801
-71.4657
-71.7251
-71.9667
-72.1892
-72.3914
-72.5793
-72.7543
-72.9217
-73.0831
-73.2367
-73.3793
-73.5098
-73.6265
-73.7274
-73.8181
-73.9006
-73.9739
-74.04
-74.1017
-74.1608
-74.2184
-74.2728
-74.3234
-74.3684
-74.4103
-74.4478
-74.4772
-74.5009
-74.5217
-74.5408
-74.5584
-74.5747
-74.5935
-74.6121
-74.6298
-74.6459
-74.6589
-74.6716
-74.6842
-74.6925
-74.6961
-74.6979
-74.7
-74.7025
-74.7055
-74.7108
-74.7171
-74.7244
-74.7323
-74.7368
-74.7404
-74.7448
-74.7488
-74.7479
-74.7447
-74.7404
-74.7355
-74.7332
-74.7338
-74.7364
-74.7378
-74.7403
-74.7461
-74.7494
-74.7503
-74.7523
-74.755
-74.755
-74.7514
-74.7451
-74.7381
-74.7326
-74.7312
-74.7334
-74.735
-74.7345
-74.7371
-74.7423
-74.7452
-74.7457
-74.7462
-74.7475
-74.7484
-74.7446
-74.7371
-74.7289
-74.7226
-74.7188
-74.7177
-74.7182
-74.7181
-74.7195
-74.7245
-74.7279
-74.7299
-74.7313
-74.7339
-74.7371
-74.737
-74.7335
-74.727
-74.7196
-74.7143
-74.7102
-74.707
-74.7038
-74.7024
-74.7033
-74.7084
-74.7132
-74.7144
-74.7153
-74.7169
-74.7203
-74.7227
-74.7217
-74.7181
-74.7111
-74.7043
-74.6997
-74.696
-74.6906
-74.6836
-74.6783
-74.6771
-74.6821
-74.6901
-74.6953
-74.6971
-74.6976
-74.6987
-74.7031
-74.7088
-74.7095
-74.7061
-74.7012
-74.6969
-74.693
-74.6884
-74.6804
-74.6711
-74.6635
-74.6568
-74.6555
-74.6648
-74.674
-74.678
-74.6802
-74.6791
-74.678
-74.6803
-74.6844
-74.6863
-74.6857
-74.6855
-74.6837
-74.679
-74.6718
-74.6636
-74.6547
-74.6446
-74.6375
-74.6328
-74.631
-74.636
-74.644
-74.6494
-74.6536
-74.6561
-74.6568
-74.6594
-74.6632
-74.6654
-74.6693
-74.6725
-74.6735
-74.6713
-74.665
-74.6559
-74.6481
-74.6387
-74.6306
-74.6243
-74.6172
-74.6113
-74.6098
-74.613
-74.6172
-74.6213
-74.6246
-74.627
-74.6293
-74.6318
-74.6352
-74.6392
-74.644
-74.6463
-74.6444
-74.6415
-74.6393
-74.6346
-74.628
-74.6202
-74.6132
-74.6077
-74.5999
-74.5896
-74.5797
-74.5772
-74.58
-74.583
-74.5849
-74.5895
-74.5929
-74.5939
-74.5917
-74.5948
-74.6059
-74.6151
-74.6204
-74.6224
-74.6226
-74.6189
-74.613
-74.6065
-74.6047
-74.6027
-74.5961
-74.5908
-74.5867
-74.5795
-74.5702
-74.5598
-74.5514
-74.5498
-74.5545
-74.5598
-74.5595
-74.5551
-74.5509
-74.5481
-74.5466
-74.5481
-74.5539
-74.5648
-74.5752
-74.5844
-74.5886
-74.5873
-74.5848
-74.58
-74.5726
-74.5643
-74.555
-74.5457
-74.5397
-74.5371
-74.5369
-74.5357
-74.5307
-74.5261
-74.5219
-74.5193
-74.517
-74.5152
-74.513
-74.5119
-74.5096
-74.5034
-74.4951
-74.4943
-74.4997
-74.5043
-74.5108
-74.5225
-74.5344
-74.54
-74.5432
-74.5423
-74.5375
-74.5326
-74.5289
-74.5243
-74.5176
-74.5076
-74.4943
-74.4868
-74.4825
-74.4783
-74.4748
-74.4735
-74.4776
-74.4817
-74.4827
-74.4789
-74.4729
-74.4671
-74.4623
-74.4591
-74.4584
-74.4566
-74.4551
-74.4573
-74.456
-74.4514
-74.4515
-74.455
-74.4584
-74.4642
-74.4723
-74.479
-74.4807
-74.4775
-74.4726
-74.4665
-74.46
-74.4548
-74.449
-74.44
-74.4323
-74.4236
-74.4163
-74.4151
-74.4173
-74.4177
-74.4148
-74.4079
-74.4019
-74.3991
-74.3947
-74.391
-74.3891
-74.384
-74.3776
-74.3716
-74.3726
-74.3757
-74.3784
-74.3799
-74.3852
-74.3898
-74.3926
-74.3921
-74.3898
-74.3901
-74.3945
-74.3941
-74.3893
-74.3816
-74.3762
-74.3724
-74.3675
-74.3659
-74.3667
-74.3656
-74.368
-74.3679
-74.3616
-74.3567
-74.3496
-74.3403
-74.3313
-74.3223
-74.3124
-74.302
-74.3003
-74.3043
-74.3085
-74.3123
-74.3087
-74.3001
-74.2906
-74.281
-74.2738
-74.2719
-74.2641
-74.2542
-74.2502
-74.2476
-74.2419
-74.2377
-74.2365
-74.2417
-74.2522
-74.2588
-74.2654
-74.2736
-74.2805
-74.2862
-74.293
-74.3005
-74.3108
-74.317
-74.3191
-74.3144
-74.3044
-74.2891
-74.2712
-74.2554
-74.2459
-74.2411
-74.2364
-74.2262
-74.2157
-74.2077
-74.2001
-74.1975
-74.2058
-74.2113
-74.2104
-74.208
-74.2093
-74.2109
-74.2092
-74.2031
-74.1934
-74.181
-74.1661
-74.1496
-74.1329
-74.1292
-74.1294
-74.1268
-74.1209
-74.1159
-74.1098
-74.0999
-74.0896
-74.0772
-74.0623
-74.0452
-74.0269
-74.0099
-74.0016
-74.0014
-73.9993
-73.9947
-73.9921
-73.9857
-73.9807
-73.9758
-73.9653
-73.958
-73.9631
-73.9786
-74.0058
-74.038
-74.0621
-74.0755
-74.0824
-74.0905
-74.0925
-74.0892
-74.0923
-74.0988
-74.1035
-74.108
-74.119
-74.123
-74.1242
-74.1285
-74.1315
-74.128
-74.1198
-74.1059
-74.094
-74.0835
-74.0744
-74.0604
-74.0426
-74.0244
-74.003
-73.9785
-73.959
-73.9428
-73.931
-73.9264
-73.9294
-73.9313
-73.9319
-73.9263
-73.9184
-73.9263
-73.9389
-73.9465
-73.9476
-73.9401
-73.9302
-73.9271
-73.9294
-73.9349
-73.9402
-73.9412
-73.9421
-73.9363
-73.9264
-73.9189
-73.9135
-73.9085
-73.8974
-73.8822
-73.8668
-73.8516
-73.8357
-73.8178
-73.8017
-73.7892
-73.7896
-73.7898
-73.782
-73.769
-73.7558
-73.7395
-73.727
-73.7182
-73.7108
-73.6994
-73.6875
-73.6778
-73.6714
-73.6643
-73.6514
-73.6331
-73.6109
-73.586
-73.5591
-73.5307
-73.5014
-73.4714
-73.4407
-73.4097
-73.3784
-73.3469
-73.3153
-73.2847
-73.2636
-73.2547
-73.2532
-73.2619
-73.2862
-73.3065
-73.3221
-73.3392
-73.3547
-73.3661
-73.3814
-73.3893
-73.3874
-73.3805
-73.3751
-73.3664
-73.3626
-73.3644
-73.3753
-73.3842
-73.3837
-73.3755
-73.3719
-73.3744
-73.3791
-73.3783
-73.3738
-73.3698
-73.3607
-73.3462
-73.3276
-73.3061
-73.2825
-73.2599
-73.2444
-73.2287
-73.2169
-73.211
-73.2082
-73.2004
-73.1942
-73.1978
-73.1982
-73.1913
-73.1782
-73.166
-73.1678
-73.1679
-73.1609
-73.1506
-73.1446
-73.1359
-73.1224
-73.1049
-73.0848
-73.0735
-73.074
-73.0721
-73.0637
-73.0499
-73.0322
-73.0122
-73.0046
-73.0082
-73.0071
-72.9992
-72.9858
-72.9686
-72.9489
-72.9273
-72.9044
-72.8807
-72.8563
-72.8315
-72.8064
-72.7891
-72.7798
-72.7794
-72.7788
-72.7724
-72.761
-72.7564
-72.7538
-72.7465
-72.7344
-72.7189
-72.7009
-72.6812
-72.6603
-72.6387
-72.62
-72.6131
-72.6064
-72.5957
-72.5813
-72.5644
-72.5458
-72.5259
-72.5052
-72.484
-72.4625
-72.4407
-72.4188
-72.3969
-72.375
-72.3531
-72.3313
-72.3096
-72.288
-72.2666
-72.2453
-72.2242
-72.2033
-72.1826
-72.1621
-72.1418
-72.1216
-72.1017
-72.082
-72.0625
-72.0432
-72.0241
-72.0052
-71.9865
-71.9681
-71.9498
-71.9317
-71.9139
-71.8963
-71.8788
-71.8616
-71.8445
-71.8277
-71.8111
-71.7946
-71.7783
-71.7623
-71.7464
-71.7307
-71.7152
-71.6999
-71.6848
-71.6698
-71.6551
-71.6405
-71.6261
-71.6118
-71.5977
-71.5838
-71.5701
-71.5565
-71.5432
-71.5299
-71.5168
-71.5039
-71.4912
-71.4786
-71.4661
-71.4539
-71.4417
-71.4297
-71.4179
-71.4062
-71.3947
-71.3833
-71.372
-71.3609
-71.3499
-71.3391
-71.3284
-71.3178
-71.3074
-71.2971
-71.287
-71.2769
-71.267
-71.2573
-71.2476
-71.2381
-71.2287
-71.2195
-71.2103
-71.2013
-71.1923
-71.1835
-71.1749
-71.1663
-71.1578
-71.1495
-71.1412
-71.1331
-71.1251
-71.1171
-71.1093
-71.1016
-71.094
-71.0865
-71.0791
-71.0717
-71.0645
-71.0574
-71.0504
-71.0435
-71.0366
-71.0299
-71.0232
-71.0166
-71.0102
-71.0038
-70.9975
-70.9913
-70.9851
-70.9791
-70.9731
-70.9672
-70.9614
-70.9557
-70.9501
-70.9445
-70.939
-70.9336
-70.9283
-70.923
-70.9178
-70.9127
-70.9076
-70.9027
-70.8978
-70.8929
-70.8882
-70.8835
-70.8788
-70.8743
-70.8698
-70.8653
-70.861
-70.8566
-70.8524
-70.8482
-70.8441
-70.84
-70.836
-70.8321
-70.8282
-70.8244
-70.8206
-70.8169
-70.8132
-70.8096
-70.806
-70.8025
-70.7991
-70.7957
-70.7923
-70.789
-70.7858
-70.7826
-70.7794
-70.7763
-70.7733
-70.7703
-70.7673
-70.7644
-70.7615
-70.7587
-70.7559
-70.7532
-70.7505
-70.7478
-70.7452
-70.7427
-70.7401
-70.7377
-70.7352
-70.7328
-70.7304
-70.7281
-70.7258
-70.7235
-70.7213
-70.7191
-70.717
-70.7149
-70.7128
-70.7108
-70.7088
-70.7068
-70.7048
-70.7029
-70.7011
-70.6992
-70.6974
-70.6956
-70.6939
-70.6922
-70.6905
-70.6888
-70.6872
-70.6856
-70.684
-70.6824
-70.6809
-70.6794
-70.678
-70.6765
-70.6751
-70.6737
-70.6724
-70.671
-70.6697
-70.6684
-70.6672
-70.6659
-70.6647
-70.6635
-70.6624
-70.6612
-70.6601
-70.659
-70.6579
-70.6568
-70.6558
-70.6548
-70.6538
-70.6528
-70.6519
-70.6509
-70.65
-70.6491
-70.6482
-70.6474
-70.6465
-70.6457
-70.6449
-70.6441
-70.6433
-70.6426
-70.6418
-70.6411
-70.6404
-70.6397
-70.639
-70.6383
-70.6377
-70.6371
-70.6365
-70.6359
-70.6353
-70.6347
-70.6341
-70.6336
-70.6331
-70.6325
-70.632
-70.6315
-70.6311
-70.6306
-70.6302
-70.6297
-70.6293
-70.6289
-70.6285
-70.6281
-70.6277
-70.6273
-70.6269
-70.6266
-70.6263
-70.6259
-70.6256
-70.6253
-70.625
-70.6247
-70.6244
-70.6242
-70.6239
-70.6236
-70.6234
-70.6232
-70.6229
-70.6227
-70.6225
-70.6223
-70.6221
-70.6219
-70.6218
-70.6216
-70.6214
-70.6213
-70.6211
-70.621
-70.6209
-70.6207
-70.6206
-70.6205
-70.6204
-70.6203
-70.6202
-70.6201
-70.6201
-70.62
-70.6199
-70.6199
-70.6198
-70.6198
-70.6197
-70.6197
-70.6197
-70.6196
-70.6196
-70.6196
-70.6196
-70.6196
-70.6196
-70.6196
-70.6196
-70.6196
-70.6196
-70.6196
-70.6197
-70.6197
-70.6197
-70.6198
-70.6198
-70.6198
-70.6199
-70.6199
-70.62
-70.6201
-70.6201
-70.6202
-70.6203
-70.6203
-70.6204
-70.6205
-70.6206
-70.6206
-70.6207
-70.6208
-70.6209
-70.621
-70.6211
-70.6212
-70.6213
-70.6214
-70.6215
-70.6217
-70.6218
-70.6219
-70.622
-70.6221
-70.6222
-70.6224
-70.6225
-70.6226
-70.6228
-70.6229
-70.623
-70.6232
-70.6233
-70.6234
-70.6236
-70.6237
-70.6239
-70.624
-70.6242
-70.6243
-70.6245
-70.6246
-70.6248
-70.6249
-70.6251
-70.6252
-70.6254
-70.6255
-70.6257
-70.6259
-70.626
-70.6262
-70.6263
-70.6265
-70.6267
-70.6268
-70.627
-70.6272
-70.6273
-70.6275
-70.6277
-70.6278
-70.628
-70.6282
-70.6284
-70.6285
-70.6287
-70.6289
-70.629
-70.6292
-70.6294
-70.6296
-70.6297
-70.6299
-70.6301
-70.6303
-70.6304
-70.6306
-70.6308
-70.631
-70.6311
-70.6313
-70.6315
-70.6317
-70.6318
-70.632
-70.6322
-70.6324
-70.6325
-70.6327
-70.6329
-70.6331
-70.6333
-70.6334
-70.6336
-70.6338
-70.634
-70.6341
-70.6343
-70.6345
-70.6347
-70.6348
-70.635
-70.6352
-70.6354
-70.6355
-70.6357
-70.6359
-70.636
-70.6362
-70.6364
-70.6366
-70.6367
-70.6369
-70.6371
-70.6372
-70.6374
-70.6376
-70.6377
-70.6379
-70.6381
-70.6382
-70.6384
-70.6386
-70.6387
-70.6389
-70.6391
-70.6392
-70.6394
-70.6396
-70.6397
-70.6399
-70.6401
-70.6402
-70.6404
-70.6405
-70.6407
-70.6409
-70.641
-70.6412
-70.6413
-70.6415
-70.6416
-70.6418
-70.642
-70.6421
-70.6423
-70.6424
-70.6426
-70.6427
-70.6429
-70.643
-70.6432
-70.6433
-70.6435
-70.6436
-70.6438
-70.6439
-70.6441
-70.6442
-70.6443
-70.6445

