-70
-70.1661
-70.23
-70.2566
-70.2695
-70.2773
-70.283
-70.2879
-70.2925
-70.297
-70.3014
-70.3057
-70.31
-70.3142
-70.3185
-70.3226
-70.3268
-70.3309
-70.335
-70.3391
-70.3431
-70.3471
-70.351
-70.3549
-70.3588
-70.3626
-70.3664
-70.3701
-70.3738
-70.3775
-70.3811
-70.3847
-70.3883
-70.3918
-70.3953
-70.3987
-70.4021
-70.4055
-70.4088
-70.4121
-70.4154
-70.4186
-70.4218
-70.4249
-70.428
-70.4311
-70.4341
-70.4372
-70.4401
-70.4431
-70.446
-70.4489
-70.4517
-70.4545
-70.4573
-70.4601
-70.4628
-70.4655
-70.4682
-70.4708
-70.4734
-70.476
-70.4785
-70.481
-70.4835
-70.486
-70.4884
-70.4908
-70.4932
-70.4955
-70.4978
-70.5001
-70.5024
-70.5046
-70.5068
-70.509
-70.5112
-70.5133
-70.5154
-70.5175
-70.5196
-70.5216
-70.5236
-70.5256
-70.5276
-70.5295
-70.5315
-70.5334
-70.5352
-70.5371
-70.5389
-70.5407
-70.5425
-70.5443
-70.5461
-70.5478
-70.5495
-70.5512
-70.5528
-70.5545
-70.5561
-70.5577
-70.5593
-70.5609
-70.5624
-70.5639
-70.5655
-70.5669
-70.5684
-70.5699
-70.5713
-70.5727
-70.5741
-70.5755
-70.5769
-70.5782
-70.5796
-70.5809
-70.5822
-70.5835
-70.5848
-70.586
-70.5873
-70.5885
-70.5897
-70.5909
-70.5921
-70.5932
-70.5944
-70.5955
-70.5966
-70.5977
-70.5988
-70.5999
-70.601
-70.602
-70.603
-70.6041
-70.6051
-70.6061
-70.6071
-70.608
-70.609
-70.6099
-70.6109
-70.6118
-70.6127
-70.6136
-70.6145
-70.6154
-70.6162
-70.6171
-70.6179
-70.6187
-70.6196
-70.6204
-70.6212
-70.622
-70.6227
-70.6235
-70.6242
-70.625
-70.6257
-70.6265
-70.6272
-70.6279
-70.6286
-70.6293
-70.6299
-70.6306
-70.6313
-70.6319
-70.6325
-70.6332
-70.6338
-70.6344
-70.635
-70.6356
-70.6362
-70.6368
-70.6374
-70.6379
-70.6385
-70.639
-70.6396
-70.6401
-70.6406
-70.6411
-70.6417
-70.6422
-70.6427
-70.6431
-70.6436
-70.6441
-70.6446
-70.645
-70.6455
-70.6459
-70.6464
-70.6468
-70.6472
-70.6476
-70.6481
-70.6485
-70.6489
-70.6493
-70.6497
-70.65
-70.6504
-70.6508
-70.6512
-70.6515
-70.6519
-70.6522
-70.6526
-70.6529
-70.6533
-70.6536
-70.6539
-70.6542
-70.6545
-70.6549
-70.6552
-70.6555
-70.6558
-70.656
-70.6563
-70.6566
-70.6569
-70.6572
-70.6574
-70.6577
-70.658
-70.6582
-70.6585
-70.6587
-70.6589
-70.6592
-70.6594
-70.6597
-70.6599
-70.6601
-70.6603
-70.6605
-70.6607
-70.661
-70.6612
-70.6614
-70.6616
-70.6617
-70.6619
-70.6621
-70.6623
-70.6625
-70.6627
-70.6628
-70.663
-70.6632
-70.6633
-70.6635
-70.6637
-70.6638
-70.664
-70.6641
-70.6643
-70.6644
-70.6646
-70.6647
-70.6648
-70.665
-70.6651
-70.6652
-70.6653
-70.6655
-70.6656
-70.6657
-70.6658
-70.6659
-70.666
-70.6662
-70.6663
-70.6664
-70.6665
-70.6666
-70.6667
-70.6668
-70.6669
-70.667
-70.667
-70.6671
-70.6672
-70.6673
-70.6674
-70.6675
-70.6675
-70.6676
-70.6677
-70.6678
-70.6678
-70.6679
-70.668
-70.668
-70.6681
-70.6682
-70.6682
-70.6683
-70.6683
-70.6684
-70.6685
-70.6685
-70.6686
-70.6686
-70.6687
-70.6687
-70.6688
-70.6688
-70.6688
-70.6689
-70.6689
-70.669
-70.669
-70.669
-70.6691
-70.6691
-70.6691
-70.6692
-70.6692
-70.6692
-70.6693
-70.6693
-70.6693
-70.6694
-70.6694
-70.6694
-70.6694
-70.6694
-70.6695
-70.6695
-70.6695
-70.6695
-70.6695
-70.6696
-70.6696
-70.6696
-70.6696
-70.6696
-70.6696
-70.6696
-70.6697
-70.6697
-70.6697
-70.6697
-70.6697
-70.6697
-70.6697
-70.6697
-70.6697
-70.6697
-70.6697
-70.6697
-70.6697
-70.6697
-70.6697
-70.6697
-70.6697
-70.6697
-70.6697
-70.6697
-70.6697
-70.6697
-70.6697
-70.6697
-70.6697
-70.6697
-70.6697
-70.6697
-70.6697
-70.6697
-70.6697
-70.6697
-70.6697
-70.6697
-70.6697
-70.6696
-70.6696
-70.6696
-70.6696
-70.6696
-70.6696
-70.6696
-70.6696
-70.6696
-70.6695
-70.6695
-70.6695
-70.6695
-70.6695
-70.6695
-70.6695
-70.6695
-70.6694
-70.6694
-70.6694
-70.6694
-70.6694
-70.6694
-70.6693
-70.6693
-70.6693
-70.6693
-70.6693
-70.6693
-70.6693
-70.6692
-70.6692
-70.6692
-70.6692
-70.6692
-70.6691
-70.6691
-70.6691
-70.6691
-70.6691
-70.6691
-70.669
-70.669
-70.669
-70.669
-70.669
-70.6689
-70.6689
-70.6689
-70.6689
-70.6689
-70.6688
-70.6688
-70.6688
-70.6688
-70.6688
-70.6687
-70.6687
-70.6687
-70.6687
-70.6686
-70.6686
-70.6686
-70.6686
-70.6686
-70.6685
-70.6685
-70.6685
-70.6685
-70.6685
-70.6684
-70.6684
-70.6684
-70.6684
-70.6684
-70.6683
-70.6683
-70.6683
-70.6683
-70.6682
-70.6682
-70.6682
-70.6682
-70.6682
-70.6681
-70.6681
-70.6681
-70.6681
-70.6681
-70.6706
-70.8327
-71.5299
-67.184
-54.5286
-51.3172
-49.5796
-47.6278
-42.376
9.70254
-28.4588
-60.1714
-68.8369
-67.9699
-66.9286
-65.8636
-64.7943
-63.7387
-62.714
-61.7353
-60.816
-59.9684
-59.0456
-58.1187
-57.3933
-56.7829
-56.2585
-55.8077
-55.4229
-55.0609
-54.7494
-54.4984
-54.2963
-54.1336
-54.0021
-53.8924
-53.7839
-53.6992
-53.6362
-53.5896
-53.5553
-53.5306
-53.5134
-53.4867
-53.4615
-53.4461
-53.4376
-53.4338
-53.4331
-53.4345
-53.4377
-53.4421
-53.4294
-53.4177
-53.413
-53.4127
-53.415
-53.4187
-53.4234
-53.4287
-53.4346
-53.4408
-53.4475
-53.4495
-53.4296
-53.4182
-53.4144
-53.4147
-53.4171
-53.4206
-53.4246
-53.4291
-53.4338
-53.4387
-53.4437
-53.4489
-53.454
-53.4585
-53.4624
-53.4657
-53.4682
-53.4558
-53.4194
-53.4025
-53.3951
-53.3906
-53.3854
-53.3757
-53.3517
-53.2198
-52.6929
-52.6454
-52.7676
-52.897
-52.9974
-53.0675
-53.1145
-53.1464
-53.1701
-53.1905
-53.211
-53.2341
-53.262
-53.2975
-53.3434
-53.402
-53.4736
-53.5566
-53.6488
-53.7492
-53.6333
-53.5114
-53.4744
-53.4674
-53.4714
-53.4803
-53.4921
-53.5061
-53.522
-53.5398
-53.5594
-53.5811
-53.6049
-53.631
-53.6595
-53.6908
-53.725
-53.7625
-53.8035
-53.8482
-53.897
-53.9501
-54.0079
-54.0707
-54.1389
-54.2128
-54.2926
-54.3786
-54.4716
-54.5719
-54.6801
-54.7967
-54.9222
-55.0573
-55.2026
-55.3584
-55.5245
-55.7014
-54.7949
-53.5094
-53.2122
-53.1789
-53.2152
-53.2662
-53.3163
-53.3618
-53.4023
-53.4388
-53.472
-53.5028
-53.5323
-53.5615
-53.5905
-53.6199
-53.6497
-53.6803
-53.712
-53.7455
-53.7811
-53.8192
-53.86
-53.9055
-53.9546
-54.0084
-54.0707
-54.1369
-54.2061
-54.2789
-54.3561
-54.4384
-54.5265
-54.6223
-54.7281
-54.8473
-54.9842
-55.1331
-55.2852
-55.4407
-55.6012
-55.7683
-55.9429
-56.1256
-56.322
-56.5383
-55.1162
-53.3909
-53.0314
-53.0071
-53.066
-53.1391
-53.2068
-53.2653
-53.3154
-53.3586
-53.3971
-53.4318
-53.4636
-53.4935
-53.5219
-53.5491
-53.5756
-53.6021
-53.6291
-53.657
-53.6861
-53.72
-53.7575
-53.7986
-53.8417
-53.8888
-53.9396
-53.9927
-54.0488
-54.1086
-54.1725
-54.2409
-54.3181
-54.4083
-54.5083
-54.6144
-54.7232
-54.84
-54.9684
-55.1018
-55.2402
-55.3845
-55.535
-55.695
-55.8744
-56.0743
-56.2975
-56.5239
-56.7472
-56.9705
-57.2129
-57.4641
-57.7135
-57.9612
-58.2088
-58.4661
-58.744
-59.0255
-54.463
-52.8896
-52.6152
-52.6625
-52.7873
-52.9168
-53.0305
-53.1255
-53.2033
-53.2677
-53.3225
-53.3694
-53.4111
-53.4497
-53.485
-53.5176
-53.5493
-53.5811
-53.6126
-53.6442
-53.6776
-53.7136
-53.7527
-53.7971
-53.8437
-53.8919
-53.9427
-53.9967
-54.0574
-54.1243
-54.1949
-54.2711
-54.3564
-54.4521
-54.5593
-54.6721
-54.788
-54.9086
-53.7302
-53.326
-53.2486
-53.2586
-53.2897
-53.325
-53.3586
-53.3896
-53.4183
-53.4441
-53.4678
-53.4899
-53.5113
-53.5335
-53.5622
-53.5982
-53.6384
-53.6837
-53.7307
-53.7772
-53.8233
-53.8708
-53.9257
-54.0006
-54.0982
-54.2201
-54.362
-54.5025
-54.6313
-54.7536
-54.8773
-55.0075
-55.1543
-55.3351
-55.5549
-55.7974
-56.0532
-56.316
-56.5774
-56.8406
-57.1115
-57.3982
-57.703
-58.0452
-58.4285
-58.8455
-59.2839
-59.7362
-60.1847
-60.6287
-61.0723
-61.5191
-61.9698
-62.4465
-62.9567
-63.4935
-64.0415
-64.5889
-65.124
-65.63
-66.1077
-66.5656
-67.0065
-67.4402
-67.8838
-68.3383
-68.792
-69.2357
-69.6529
-70.0381
-70.3864
-70.7011
-70.9891
-71.2541
-71.5083
-71.7614
-72.0115
-72.2518
-72.4819
-72.6932
-72.8817
-73.047
-73.1924
-73.3216
-73.4363
-73.5452
-73.6526
-73.7575
-73.8569
-73.9513
-74.0377
-74.1125
-74.1764
-74.2305
-74.2763
-74.3154
-74.352
-74.3898
-74.4272
-74.4643
-74.4997
-74.5348
-74.5654
-74.5895
-74.6083
-74.623
-74.6346
-74.6438
-74.6538
-74.6646
-74.6768
-74.6895
-74.7017
-74.7143
-74.7252
-74.7328
-74.7369
-74.7387
-74.7386
-74.7383
-74.74
-74.7429
-74.7472
-74.7523
-74.7574
-74.7629
-74.7677
-74.7705
-74.7705
-74.7686
-74.7655
-74.7621
-74.7607
-74.7595
-74.7593
-74.761
-74.7635
-74.7668
-74.7696
-74.7718
-74.7721
-74.7701
-74.7676
-74.7643
-74.7612
-74.759
-74.7577
-74.7574
-74.7565
-74.757
-74.7594
-74.7611
-74.7635
-74.7642
-74.7625
-74.7588
-74.755
-74.752
-74.7497
-74.7473
-74.7471
-74.7465
-74.7451
-74.7462
-74.748
-74.7493
-74.7527
-74.7533
-74.7519
-74.7483
-74.7437
-74.74
-74.737
-74.7348
-74.7343
-74.7326
-74.7313
-74.7326
-74.7343
-74.7344
-74.7364
-74.7391
-74.7393
-74.7372
-74.7328
-74.729
-74.726
-74.7221
-74.7215
-74.7213
-74.7191
-74.7195
-74.7218
-74.7232
-74.7232
-74.7236
-74.7246
-74.7248
-74.7226
-74.7196
-74.7155
-74.7122
-74.7086
-74.7067
-74.7049
-74.7024
-74.7022
-74.7034
-74.7063
-74.7083
-74.709
-74.71
-74.7112
-74.7105
-74.7071
-74.7029
-74.7004
-74.6981
-74.6962
-74.6946
-74.6927
-74.6892
-74.6877
-74.6898
-74.6932
-74.6941
-74.6927
-74.693
-74.6952
-74.6951
-74.6942
-74.6923
-74.6865
-74.6809
-74.6771
-74.6755
-74.6759
-74.6739
-74.6692
-74.665
-74.6682
-74.6734
-74.6773
-74.6777
-74.6755
-74.6777
-74.6786
-74.6778
-74.6794
-74.6783
-74.6737
-74.6687
-74.6625
-74.6577
-74.6558
-74.6546
-74.652
-74.6499
-74.6506
-74.6543
-74.6594
-74.6611
-74.6597
-74.6588
-74.6603
-74.6594
-74.6578
-74.6567
-74.656
-74.6555
-74.6521
-74.6451
-74.6378
-74.6321
-74.6289
-74.6257
-74.6224
-74.6216
-74.6247
-74.63
-74.6333
-74.6345
-74.6348
-74.6365
-74.6405
-74.6433
-74.6436
-74.6407
-74.6367
-74.6352
-74.6343
-74.6297
-74.6232
-74.6186
-74.6153
-74.6113
-74.6076
-74.6037
-74.6013
-74.6006
-74.6041
-74.6072
-74.6097
-74.6096
-74.6085
-74.6099
-74.6146
-74.6204
-74.6204
-74.6174
-74.6139
-74.6105
-74.6069
-74.6021
-74.5976
-74.5918
-74.5885
-74.5867
-74.5827
-74.5769
-74.5711
-74.5661
-74.5643
-74.5666
-74.5726
-74.5765
-74.5755
-74.5708
-74.5676
-74.5684
-74.5758
-74.5851
-74.59
-74.5878
-74.5851
-74.5845
-74.5834
-74.5782
-74.5728
-74.5689
-74.5652
-74.5639
-74.5639
-74.5626
-74.5559
-74.5464
-74.535
-74.5289
-74.5332
-74.5411
-74.5461
-74.5459
-74.5443
-74.5393
-74.5291
-74.5264
-74.5319
-74.5389
-74.5447
-74.5475
-74.5475
-74.5474
-74.5505
-74.5506
-74.5464
-74.5382
-74.5311
-74.531
-74.5347
-74.532
-74.5245
-74.5151
-74.5052
-74.4954
-74.4852
-74.476
-74.4751
-74.4774
-74.4811
-74.4882
-74.4931
-74.4914
-74.4858
-74.4785
-74.4747
-74.4764
-74.4809
-74.4861
-74.4891
-74.4883
-74.4894
-74.4878
-74.4877
-74.4909
-74.494
-74.4923
-74.4894
-74.4874
-74.4873
-74.4891
-74.4867
-74.4811
-74.4728
-74.4625
-74.4525
-74.4462
-74.4389
-74.4265
-74.4182
-74.4155
-74.4137
-74.4154
-74.4221
-74.4261
-74.4292
-74.4324
-74.4357
-74.4336
-74.4292
-74.4301
-74.4346
-74.4377
-74.4356
-74.4322
-74.4322
-74.4315
-74.4293
-74.4253
-74.4226
-74.4208
-74.423
-74.4252
-74.4264
-74.43
-74.4325
-74.4282
-74.42
-74.4136
-74.4093
-74.4052
-74.4017
-74.3965
-74.3847
-74.3712
-74.3585
-74.3467
-74.3393
-74.3319
-74.3268
-74.3222
-74.3169
-74.3144
-74.314
-74.3186
-74.3229
-74.3252
-74.3259
-74.328
-74.326
-74.3206
-74.3228
-74.3276
-74.3338
-74.3381
-74.3399
-74.3396
-74.3347
-74.3267
-74.3237
-74.3247
-74.3215
-74.3112
-74.301
-74.2981
-74.2981
-74.301
-74.3046
-74.3073
-74.3058
-74.3042
-74.3038
-74.2994
-74.2926
-74.2868
-74.2872
-74.292
-74.2916
-74.2824
-74.2677
-74.2529
-74.235
-74.2158
-74.2064
-74.205
-74.2036
-74.2006
-74.1972
-74.1936
-74.1905
-74.1904
-74.1958
-74.2068
-74.2143
-74.2138
-74.2086
-74.1992
-74.1888
-74.1784
-74.1664
-74.1524
-74.1381
-74.14
-74.1521
-74.1716
-74.188
-74.1983
-74.2017
-74.1988
-74.1994
-74.2009
-74.1984
-74.1885
-74.1751
-74.1591
-74.1433
-74.1298
-74.1233
-74.1207
-74.1215
-74.1282
-74.1372
-74.1489
-74.1573
-74.1555
-74.151
-74.1453
-74.1367
-74.1287
-74.1204
-74.1129
-74.1082
-74.0997
-74.0906
-74.079
-74.0672
-74.0547
-74.0375
-74.0208
-74.0117
-74.005
-74.0022
-74.0013
-73.9956
-73.9882
-73.9818
-73.9841
-73.9868
-73.9845
-73.9783
-73.9699
-73.9645
-73.9694
-73.9823
-73.9944
-74.0074
-74.014
-74.0101
-74.0007
-73.9979
-74.0079
-74.0179
-74.0181
-74.0117
-74.0006
-73.984
-73.9629
-73.9391
-73.9178
-73.9
-73.8813
-73.8657
-73.8571
-73.8474
-73.8386
-73.8411
-73.8518
-73.8592
-73.8645
-73.872
-73.8795
-73.8817
-73.8812
-73.8842
-73.8869
-73.8844
-73.8827
-73.8823
-73.8821
-73.8816
-73.8791
-73.8744
-73.8638
-73.8487
-73.8379
-73.8328
-73.8298
-73.8317
-73.8346
-73.8297
-73.8237
-73.8226
-73.8241
-73.8289
-73.8298
-73.8222
-73.8086
-73.7995
-73.7944
-73.7984
-73.8141
-73.8249
-73.8243
-73.8144
-73.8034
-73.7962
-73.7848
-73.7679
-73.7468
-73.7274
-73.7089
-73.6937
-73.6839
-73.6806
-73.6785
-73.6702
-73.6613
-73.6545
-73.6531
-73.6464
-73.6329
-73.6142
-73.5918
-73.5668
-73.5448
-73.5257
-73.5044
-73.4868
-73.4821
-73.481
-73.4737
-73.4597
-73.4408
-73.4185
-73.3959
-73.3829
-73.3753
-73.3637
-73.347
-73.3264
-73.303
-73.278
-73.2594
-73.2502
-73.2425
-73.2332
-73.2291
-73.2384
-73.2559
-73.2738
-73.2914
-73.2995
-73.3023
-73.3071
-73.3118
-73.3122
-73.3304
-73.3561
-73.3722
-73.3911
-73.4033
-73.4046
-73.3973
-73.3839
-73.3694
-73.3591
-73.3527
-73.3518
-73.3505
-73.3429
-73.3293
-73.3113
-73.2902
-73.267
-73.2422
-73.2164
-73.195
-73.1822
-73.1765
-73.1714
-73.1697
-73.1721
-73.1712
-73.1634
-73.1499
-73.1322
-73.1117
-73.0892
-73.0653
-73.0404
-73.0148
-72.9886
-72.9621
-72.9354
-72.9085
-72.8868
-72.8741
-72.8605
-72.8436
-72.824
-72.8024
-72.7796
-72.756
-72.7318
-72.7072
-72.6825
-72.6622
-72.653
-72.648
-72.6502
-72.6487
-72.6412
-72.6291
-72.6136
-72.5958
-72.5765
-72.5562
-72.5351
-72.5135
-72.4916
-72.4695
-72.4473
-72.425
-72.4027
-72.3804
-72.3582
-72.3362
-72.3142
-72.2925
-72.2708
-72.2494
-72.2281
-72.207
-72.1861
-72.1655
-72.145
-72.1247
-72.1047
-72.0848
-72.0652
-72.0458
-72.0265
-72.0075
-71.9888
-71.9702
-71.9518
-71.9337
-71.9157
-71.898
-71.8804
-71.8631
-71.8459
-71.829
-71.8123
-71.7957
-71.7815
-71.785
-71.792
-71.7942
-71.7914
-71.7851
-71.7763
-71.7657
-71.7541
-71.7417
-71.7288
-71.7155
-71.702
-71.6883
-71.6746
-71.6608
-71.647
-71.6333
-71.6196
-71.606
-71.5925
-71.5791
-71.5658
-71.5526
-71.5396
-71.5267
-71.5139
-71.5012
-71.4887
-71.4763
-71.464
-71.4519
-71.44
-71.4281
-71.4164
-71.4049
-71.3935
-71.3822
-71.371
-71.36
-71.3492
-71.3384
-71.3278
-71.3174
-71.307
-71.2968
-71.2868
-71.2768
-71.267
-71.2573
-71.2477
-71.2383
-71.229
-71.2198
-71.2107
-71.2017
-71.1928
-71.1841
-71.1755
-71.1669
-71.1585
-71.1502
-71.1421
-71.134
-71.126
-71.1181
-71.1103
-71.1027
-71.0951
-71.0876
-71.0803
-71.073
-71.0658
-71.0587
-71.0518
-71.0449
-71.0381
-71.0314
-71.0247
-71.0182
-71.0118
-71.0054
-70.9991
-70.993
-70.9869
-70.9808
-70.9749
-70.969
-70.9633
-70.9576
-70.952
-70.9464
-70.9409
-70.9356
-70.9302
-70.925
-70.9198
-70.9147
-70.9097
-70.9048
-70.8999
-70.8951
-70.8903
-70.8856
-70.881
-70.8765
-70.872
-70.8676
-70.8632
-70.8589
-70.8547
-70.8505
-70.8464
-70.8424
-70.8384
-70.8344
-70.8305
-70.8267
-70.823
-70.8192
-70.8156
-70.812
-70.8084
-70.805
-70.8015
-70.7981
-70.7948
-70.7915
-70.7882
-70.7851
-70.7819
-70.7788
-70.7758
-70.7728
-70.7698
-70.7669
-70.764
-70.7612
-70.7584
-70.7557
-70.753
-70.7504
-70.7477
-70.7452
-70.7426
-70.7402
-70.7377
-70.7353
-70.7329
-70.7306
-70.7283
-70.7261
-70.7238
-70.7216
-70.7195
-70.7174
-70.7153
-70.7133
-70.7113
-70.7093
-70.7073
-70.7054
-70.7035
-70.7017
-70.6999
-70.6981
-70.6963
-70.6946
-70.6929
-70.6913
-70.6896
-70.688
-70.6864
-70.6849
-70.6834
-70.6819
-70.6804
-70.6789
-70.6775
-70.6761
-70.6748
-70.6734
-70.6721
-70.6708
-70.6695
-70.6683
-70.6671
-70.6659
-70.6647
-70.6635
-70.6624
-70.6613
-70.6602
-70.6591
-70.6581
-70.6571
-70.6561
-70.6551
-70.6541
-70.6532
-70.6522
-70.6513
-70.6504
-70.6496
-70.6487
-70.6479
-70.6471
-70.6463
-70.6455
-70.6447
-70.644
-70.6432
-70.6425
-70.6418
-70.6411
-70.6405
-70.6398
-70.6392
-70.6385
-70.6379
-70.6373
-70.6367
-70.6362
-70.6356
-70.6351
-70.6346
-70.634
-70.6335
-70.6331
-70.6326
-70.6321
-70.6317
-70.6312
-70.6308
-70.6304
-70.63
-70.6296
-70.6292
-70.6288
-70.6285
-70.6281
-70.6278
-70.6274
-70.6271
-70.6268
-70.6265
-70.6262
-70.6259
-70.6257
-70.6254
-70.6252
-70.6249
-70.6247
-70.6245
-70.6242
-70.624
-70.6238
-70.6236
-70.6235
-70.6233
-70.6231
-70.6229
-70.6228
-70.6226
-70.6225
-70.6224
-70.6222
-70.6221
-70.622
-70.6219
-70.6218
-70.6217
-70.6216
-70.6215
-70.6215
-70.6214
-70.6213
-70.6213
-70.6212
-70.6212
-70.6211
-70.6211
-70.6211
-70.621
-70.621
-70.621
-70.621
-70.621
-70.621
-70.621
-70.621
-70.621
-70.621
-70.621
-70.6211
-70.6211
-70.6211
-70.6212
-70.6212
-70.6212
-70.6213
-70.6213
-70.6214
-70.6214
-70.6215
-70.6216
-70.6216
-70.6217
-70.6218
-70.6219
-70.6219
-70.622
-70.6221
-70.6222
-70.6223
-70.6224
-70.6225
-70.6226
-70.6227
-70.6228
-70.6229
-70.623
-70.6231
-70.6232
-70.6233
-70.6234
-70.6236
-70.6237
-70.6238
-70.6239
-70.6241
-70.6242
-70.6243
-70.6245
-70.6246
-70.6247
-70.6249
-70.625
-70.6251
-70.6253
-70.6254
-70.6256
-70.6257
-70.6259
-70.626
-70.6262
-70.6263
-70.6265
-70.6266
-70.6268
-70.6269
-70.6271
-70.6272
-70.6274
-70.6275
-70.6277
-70.6279
-70.628
-70.6282
-70.6283
-70.6285
-70.6287
-70.6288
-70.629
-70.6292
-70.6293
-70.6295
-70.6297
-70.6298
-70.63
-70.6302
-70.6303
-70.6305
-70.6307
-70.6308
-70.631
-70.6312
-70.6313
-70.6315
-70.6317
-70.6318
-70.632
-70.6322
-70.6324
-70.6325
-70.6327
-70.6329
-70.633
-70.6332
-70.6334
-70.6335
-70.6337
-70.6339
-70.6341
-70.6342
-70.6344
-70.6346
-70.6347
-70.6349
-70.6351
-70.6353
-70.6354
-70.6356
-70.6358
-70.6359
-70.6361
-70.6363
-70.6364
-70.6366
-70.6368
-70.6369
-70.6371
-70.6373
-70.6374
-70.6376
-70.6378
-70.6379
-70.6381
-70.6383
-70.6384
-70.6386
-70.6387
-70.6389
-70.6391
-70.6392
-70.6394
-70.6396
-70.6397
-70.6399
-70.64
-70.6402
-70.6403
-70.6405
-70.6407
-70.6408
-70.641
-70.6411
-70.6413
-70.6414
-70.6416
-70.6417
-70.6419
-70.6421
-70.6422
-70.6424
-70.6425
-70.6427
-70.6428
-70.643
-70.6431
-70.6432
-70.6434
-70.6435
-70.6437
-70.6438
-70.644
-70.6441
-70.6443
-70.6444
-70.6445
-70.6447
-70.6448
-70.645
-70.6451

