-70
-70.1661
-70.23
-70.2566
-70.2695
-70.2773
-70.283
-70.2879
-70.2925
-70.297
-70.3014
-70.3057
-70.31
-70.3142
-70.3185
-70.3226
-70.3268
-70.3309
-70.335
-70.3391
-70.3431
-70.3471
-70.351
-70.3549
-70.3588
-70.3626
-70.3664
-70.3701
-70.3738
-70.3775
-70.3811
-70.3847
-70.3883
-70.3918
-70.3953
-70.3987
-70.4021
-70.4055
-70.4088
-70.4121
-70.4154
-70.4186
-70.4218
-70.4249
-70.428
-70.4311
-70.4341
-70.4372
-70.4401
-70.4431
-70.446
-70.4489
-70.4517
-70.4545
-70.4573
-70.4601
-70.4628
-70.4655
-70.4682
-70.4708
-70.4734
-70.476
-70.4785
-70.481
-70.4835
-70.486
-70.4884
-70.4908
-70.4932
-70.4955
-70.4978
-70.5001
-70.5024
-70.5046
-70.5068
-70.509
-70.5112
-70.5133
-70.5154
-70.5175
-70.5196
-70.5216
-70.5236
-70.5256
-70.5276
-70.5295
-70.5315
-70.5334
-70.5352
-70.5371
-70.5389
-70.5407
-70.5425
-70.5443
-70.5461
-70.5478
-70.5495
-70.5512
-70.5528
-70.5545
-70.5561
-70.5577
-70.5593
-70.5609
-70.5624
-70.5639
-70.5655
-70.5669
-70.5684
-70.5699
-70.5713
-70.5727
-70.5741
-70.5755
-70.5769
-70.5782
-70.5796
-70.5809
-70.5822
-70.5835
-70.5848
-70.586
-70.5873
-70.5885
-70.5897
-70.5909
-70.5921
-70.5932
-70.5944
-70.5955
-70.5966
-70.5977
-70.5988
-70.5999
-70.601
-70.602
-70.603
-70.6041
-70.6051
-70.6061
-70.6071
-70.608
-70.609
-70.6099
-70.6109
-70.6118
-70.6127
-70.6136
-70.6145
-70.6154
-70.6162
-70.6171
-70.6179
-70.6187
-70.6196
-70.6204
-70.6212
-70.622
-70.6227
-70.6235
-70.6242
-70.625
-70.6257
-70.6265
-70.6272
-70.6279
-70.6286
-70.6293
-70.6299
-70.6306
-70.6313
-70.6319
-70.6325
-70.6332
-70.6338
-70.6344
-70.635
-70.6356
-70.6362
-70.6368
-70.6374
-70.6379
-70.6385
-70.639
-70.6396
-70.6401
-70.6406
-70.6411
-70.6417
-70.6422
-70.6427
-70.6431
-70.6436
-70.6441
-70.6446
-70.645
-70.6455
-70.6459
-70.6464
-70.6468
-70.6472
-70.6476
-70.6481
-70.6485
-70.6489
-70.6493
-70.6497
-70.65
-70.6504
-70.6508
-70.6512
-70.6515
-70.6519
-70.6522
-70.6526
-70.6529
-70.6533
-70.6536
-70.6539
-70.6542
-70.6545
-70.6549
-70.6552
-70.6555
-70.6558
-70.656
-70.6563
-70.6566
-70.6569
-70.6572
-70.6574
-70.6577
-70.658
-70.6582
-70.6585
-70.6587
-70.6589
-70.6592
-70.6594
-70.6597
-70.6599
-70.6601
-70.6603
-70.6605
-70.6607
-70.661
-70.6612
-70.6614
-70.6616
-70.6617
-70.6619
-70.6621
-70.6623
-70.6625
-70.6627
-70.6628
-70.663
-70.6632
-70.6633
-70.6635
-70.6637
-70.6638
-70.664
-70.6641
-70.6643
-70.6644
-70.6646
-70.6647
-70.6648
-70.665
-70.6651
-70.6652
-70.6653
-70.6655
-70.6656
-70.6657
-70.6658
-70.6659
-70.666
-70.6662
-70.6663
-70.6664
-70.6665
-70.6666
-70.6667
-70.6668
-70.6669
-70.667
-70.667
-70.6671
-70.6672
-70.6673
-70.6674
-70.6675
-70.6675
-70.6676
-70.6677
-70.6678
-70.6678
-70.6679
-70.668
-70.668
-70.6681
-70.6682
-70.6682
-70.6683
-70.6683
-70.6684
-70.6685
-70.6685
-70.6686
-70.6686
-70.6687
-70.6687
-70.6688
-70.6688
-70.6688
-70.6689
-70.6689
-70.669
-70.669
-70.669
-70.6691
-70.6691
-70.6691
-70.6692
-70.6692
-70.6692
-70.6693
-70.6693
-70.6693
-70.6694
-70.6694
-70.6694
-70.6694
-70.6694
-70.6695
-70.6695
-70.6695
-70.6695
-70.6695
-70.6696
-70.6696
-70.6696
-70.6696
-70.6696
-70.6696
-70.6696
-70.6697
-70.6697
-70.6697
-70.6697
-70.6697
-70.6697
-70.6697
-70.6697
-70.6697
-70.6697
-70.6697
-70.6697
-70.6697
-70.6697
-70.6697
-70.6697
-70.6697
-70.6697
-70.6697
-70.6697
-70.6697
-70.6697
-70.6697
-70.6697
-70.6697
-70.6697
-70.6697
-70.6697
-70.6697
-70.6697
-70.6697
-70.6697
-70.6697
-70.6697
-70.6697
-70.6696
-70.6696
-70.6696
-70.6696
-70.6696
-70.6696
-70.6696
-70.6696
-70.6696
-70.6695
-70.6695
-70.6695
-70.6695
-70.6695
-70.6695
-70.6695
-70.6695
-70.6694
-70.6694
-70.6694
-70.6694
-70.6694
-70.6694
-70.6693
-70.6693
-70.6693
-70.6693
-70.6693
-70.6693
-70.6693
-70.6692
-70.6692
-70.6692
-70.6692
-70.6692
-70.6691
-70.6691
-70.6691
-70.6691
-70.6691
-70.6691
-70.669
-70.669
-70.669
-70.669
-70.669
-70.6689
-70.6689
-70.6689
-70.6689
-70.6689
-70.6688
-70.6688
-70.6688
-70.6688
-70.6688
-70.6687
-70.6687
-70.6687
-70.6687
-70.6686
-70.6686
-70.6686
-70.6686
-70.6686
-70.6685
-70.6685
-70.6685
-70.6685
-70.6685
-70.6684
-70.6684
-70.6684
-70.6684
-70.6684
-70.6683
-70.6683
-70.6683
-70.6683
-70.6682
-70.6682
-70.6682
-70.6682
-70.6682
-70.6681
-70.6681
-70.6681
-70.6681
-70.6681
-70.6859
-71.0143
-71.8125
-72.7271
-73.4767
-73.9363
-58.0369
-52.2698
-50.0952
-48.0384
-43.1357
11.7386
-27.1475
-58.4495
-69.0055
-68.1601
-67.1129
-66.036
-64.949
-63.8698
-62.8161
-61.8042
-60.848
-59.9534
-59.0097
-58.2004
-57.4964
-56.8778
-56.3362
-55.8657
-55.4504
-55.084
-54.7773
-54.5222
-54.3116
-54.1389
-53.9959
-53.8687
-53.7659
-53.6851
-53.6218
-53.5726
-53.5347
-53.5054
-53.4759
-53.4516
-53.4346
-53.4231
-53.4155
-53.4107
-53.4082
-53.4073
-53.4044
-53.3971
-53.3922
-53.3904
-53.3906
-53.3919
-53.3941
-53.3967
-53.3998
-53.4031
-53.4067
-53.4046
-53.4002
-53.3959
-53.3945
-53.395
-53.3965
-53.3986
-53.401
-53.4036
-53.4064
-53.4092
-53.4121
-53.4151
-53.4181
-53.4211
-53.4208
-53.4121
-53.4068
-53.4037
-53.3987
-53.3957
-53.3942
-53.393
-53.3913
-53.3882
-53.3816
-53.3643
-53.2432
-52.955
-52.9566
-53.033
-53.1072
-53.1631
-53.2015
-53.2272
-53.2451
-53.2587
-53.2709
-53.2834
-53.2978
-53.3456
-53.3899
-53.4097
-53.4201
-53.4281
-53.4363
-53.4404
-53.4391
-53.4393
-53.4415
-53.4456
-53.4511
-53.4579
-53.466
-53.4753
-53.4858
-53.4977
-53.5111
-53.5259
-53.5423
-53.5604
-53.5803
-53.6023
-53.6263
-53.6527
-53.6815
-53.7131
-53.7477
-53.7856
-53.8269
-53.8721
-53.9212
-53.9748
-54.033
-53.7608
-53.5181
-53.4447
-53.4314
-53.4386
-53.453
-53.47
-53.488
-53.5065
-53.4897
-53.4563
-53.4437
-53.4429
-53.4477
-53.4551
-53.4641
-53.4739
-53.4844
-53.4955
-53.5073
-53.5199
-53.5332
-53.5477
-53.5639
-53.5811
-53.5995
-53.6192
-53.6405
-53.6634
-53.6882
-53.7152
-53.7446
-53.7768
-53.813
-53.8525
-53.8948
-53.9405
-53.9896
-54.0427
-54.1001
-54.162
-53.6588
-53.433
-53.3784
-53.3763
-53.3896
-53.4069
-53.4247
-53.442
-53.4588
-53.475
-53.491
-53.507
-53.5018
-53.4535
-53.4326
-53.4274
-53.4292
-53.4341
-53.4404
-53.4475
-53.4551
-53.4632
-53.4717
-53.4808
-53.4906
-53.5016
-53.5134
-53.5257
-53.5389
-53.5531
-53.5683
-53.5848
-53.6026
-53.6219
-53.6429
-53.6657
-53.6923
-53.722
-53.7536
-53.7874
-53.8236
-53.8627
-53.9048
-53.9504
-53.9996
-54.0527
-54.1099
-54.1721
-53.9853
-53.484
-53.3551
-53.3355
-53.3458
-53.3633
-53.3815
-53.3987
-53.4144
-53.4283
-53.4411
-53.4531
-53.4653
-53.4775
-53.4892
-53.5004
-53.5112
-53.5218
-53.5321
-53.4648
-53.4212
-53.407
-53.404
-53.4048
-53.4068
-53.4093
-53.4113
-53.4119
-53.4108
-53.4069
-53.3984
-53.3811
-53.3405
-53.1651
-52.2349
-51.9829
-52.1533
-52.3893
-52.5902
-52.7339
-52.8312
-52.8986
-52.95
-52.995
-53.0401
-53.0907
-53.1514
-53.2317
-53.4214
-53.4978
-53.5115
-53.5103
-53.5077
-53.5075
-53.5105
-53.5172
-53.5275
-53.5409
-53.5574
-53.5768
-53.5989
-53.6238
-53.6519
-53.6064
-53.5182
-53.4831
-53.474
-53.4762
-53.4839
-53.4947
-53.5077
-53.5222
-53.5379
-53.555
-53.5734
-53.5935
-53.6152
-53.6394
-53.6671
-53.6992
-53.736
-53.7773
-53.8217
-53.8687
-53.9175
-53.9691
-54.0265
-54.0963
-54.1817
-54.2815
-54.3844
-54.4904
-54.5994
-54.7126
-54.8321
-54.9599
-55.1051
-55.2756
-55.4697
-55.6811
-55.9052
-56.1375
-56.377
-56.626
-56.8861
-57.1598
-57.4555
-57.7844
-58.1446
-58.5356
-58.9449
-59.3628
-59.7877
-60.2137
-60.6443
-61.0802
-61.5271
-62.0068
-62.5105
-63.0428
-63.5908
-64.1302
-64.6555
-65.164
-65.6511
-66.1205
-66.5744
-67.0307
-67.4998
-67.9659
-68.4346
-68.8894
-69.3146
-69.7102
-70.0751
-70.4093
-70.7166
-71.0025
-71.2841
-71.5596
-71.825
-72.0831
-72.3253
-72.5443
-72.7422
-72.9184
-73.0749
-73.2138
-73.34
-73.4618
-73.5793
-73.6913
-73.7983
-73.8988
-73.9874
-74.0663
-74.1351
-74.1936
-74.2441
-74.2894
-74.3321
-74.3747
-74.4157
-74.4553
-74.4935
-74.5275
-74.5563
-74.5814
-74.6016
-74.6172
-74.631
-74.6432
-74.6563
-74.6701
-74.6839
-74.6974
-74.7101
-74.7208
-74.7292
-74.7362
-74.741
-74.7432
-74.7454
-74.7482
-74.7518
-74.7571
-74.7624
-74.7676
-74.7717
-74.7748
-74.7765
-74.7774
-74.7778
-74.7769
-74.7747
-74.7736
-74.7741
-74.776
-74.7786
-74.7813
-74.7835
-74.784
-74.7834
-74.7822
-74.7811
-74.7805
-74.7797
-74.7765
-74.7733
-74.7741
-74.7769
-74.7792
-74.7811
-74.7818
-74.781
-74.7789
-74.777
-74.7749
-74.7728
-74.7721
-74.7697
-74.7658
-74.7636
-74.7658
-74.7699
-74.7728
-74.7741
-74.7733
-74.7713
-74.7689
-74.7671
-74.7659
-74.7639
-74.762
-74.7596
-74.7574
-74.7552
-74.7558
-74.759
-74.763
-74.7649
-74.7649
-74.7626
-74.7584
-74.7548
-74.7551
-74.7539
-74.7498
-74.7468
-74.7466
-74.7456
-74.7446
-74.7454
-74.7474
-74.7506
-74.7535
-74.7548
-74.7526
-74.7488
-74.7462
-74.7451
-74.7438
-74.7391
-74.7345
-74.7347
-74.7354
-74.7356
-74.7354
-74.7352
-74.737
-74.7378
-74.7385
-74.7394
-74.7386
-74.7367
-74.7341
-74.7323
-74.7302
-74.7253
-74.72
-74.7193
-74.7219
-74.7232
-74.7249
-74.725
-74.725
-74.7244
-74.7246
-74.7259
-74.7258
-74.7251
-74.7242
-74.7218
-74.7202
-74.7176
-74.7138
-74.709
-74.7068
-74.707
-74.7103
-74.7123
-74.7114
-74.7101
-74.7088
-74.7079
-74.7088
-74.7101
-74.7084
-74.706
-74.705
-74.7043
-74.704
-74.7022
-74.7
-74.6982
-74.6949
-74.6933
-74.6957
-74.6965
-74.6959
-74.6963
-74.6958
-74.6955
-74.6956
-74.6942
-74.6936
-74.6916
-74.6888
-74.6864
-74.6839
-74.6849
-74.6863
-74.6879
-74.6889
-74.686
-74.6798
-74.6777
-74.6761
-74.6763
-74.6768
-74.6777
-74.6759
-74.6743
-74.6742
-74.6735
-74.6723
-74.6699
-74.6675
-74.6646
-74.6606
-74.6604
-74.6651
-74.67
-74.673
-74.6706
-74.667
-74.6643
-74.6611
-74.659
-74.6593
-74.661
-74.6611
-74.6593
-74.656
-74.6533
-74.6515
-74.6503
-74.6503
-74.647
-74.6404
-74.6386
-74.6376
-74.6412
-74.647
-74.6505
-74.6521
-74.6497
-74.6457
-74.6437
-74.6418
-74.6362
-74.6342
-74.6353
-74.6359
-74.6358
-74.6328
-74.6281
-74.6259
-74.626
-74.6243
-74.6216
-74.6188
-74.6138
-74.6073
-74.6033
-74.6067
-74.6136
-74.6227
-74.6266
-74.6256
-74.624
-74.6218
-74.6175
-74.6145
-74.6137
-74.6125
-74.6103
-74.6083
-74.6072
-74.6066
-74.6049
-74.604
-74.601
-74.5999
-74.5993
-74.5973
-74.5932
-74.5882
-74.581
-74.5743
-74.5727
-74.5747
-74.5785
-74.5819
-74.5903
-74.5959
-74.597
-74.5941
-74.5894
-74.5866
-74.5845
-74.5813
-74.5757
-74.5701
-74.5668
-74.5649
-74.5623
-74.5633
-74.564
-74.5628
-74.5624
-74.5602
-74.5582
-74.5573
-74.5521
-74.5453
-74.5408
-74.5367
-74.536
-74.5354
-74.5352
-74.5364
-74.5382
-74.5437
-74.5473
-74.5502
-74.5522
-74.553
-74.552
-74.5466
-74.5406
-74.5348
-74.5279
-74.5235
-74.52
-74.5162
-74.5131
-74.5114
-74.511
-74.512
-74.5146
-74.5174
-74.5183
-74.5139
-74.5061
-74.497
-74.4954
-74.4952
-74.4894
-74.4865
-74.4901
-74.4941
-74.4967
-74.4958
-74.4972
-74.497
-74.4947
-74.4891
-74.4873
-74.4899
-74.4952
-74.499
-74.5019
-74.4986
-74.4902
-74.4805
-74.4762
-74.4715
-74.4678
-74.4662
-74.4609
-74.4533
-74.4475
-74.443
-74.442
-74.4462
-74.4468
-74.4417
-74.435
-74.4289
-74.42
-74.411
-74.4069
-74.4051
-74.3983
-74.395
-74.3956
-74.4027
-74.4128
-74.4271
-74.4363
-74.4384
-74.4372
-74.4304
-74.4172
-74.4078
-74.4052
-74.4073
-74.4096
-74.4082
-74.4073
-74.4073
-74.409
-74.4098
-74.4059
-74.4009
-74.3958
-74.3903
-74.386
-74.3802
-74.3729
-74.3721
-74.3739
-74.3706
-74.3684
-74.3714
-74.3724
-74.3721
-74.3692
-74.3616
-74.3528
-74.3401
-74.3219
-74.3005
-74.2817
-74.2688
-74.2624
-74.2611
-74.2602
-74.2543
-74.2448
-74.2389
-74.241
-74.2517
-74.2673
-74.2852
-74.3003
-74.3109
-74.3199
-74.3274
-74.3276
-74.3235
-74.319
-74.3151
-74.3143
-74.3124
-74.3074
-74.3029
-74.2985
-74.2924
-74.2831
-74.2692
-74.2504
-74.236
-74.24
-74.2512
-74.2593
-74.2615
-74.2559
-74.2525
-74.2464
-74.237
-74.229
-74.2281
-74.2252
-74.2194
-74.2197
-74.224
-74.2256
-74.2258
-74.2287
-74.2274
-74.2202
-74.2113
-74.1975
-74.1871
-74.1851
-74.1843
-74.1804
-74.1704
-74.1665
-74.1645
-74.1556
-74.1407
-74.1264
-74.1112
-74.0982
-74.0834
-74.0657
-74.0471
-74.0316
-74.0191
-74.008
-74.0005
-73.9968
-74.0058
-74.016
-74.0241
-74.0296
-74.031
-74.0378
-74.0499
-74.0696
-74.0886
-74.1093
-74.1292
-74.1399
-74.1444
-74.1458
-74.1409
-74.1355
-74.1281
-74.1206
-74.1183
-74.116
-74.1098
-74.1065
-74.1006
-74.0877
-74.0691
-74.0465
-74.0264
-74.0148
-74.0059
-73.9925
-73.9822
-73.97
-73.9554
-73.9503
-73.9536
-73.9606
-73.9662
-73.9696
-73.968
-73.9595
-73.9489
-73.9409
-73.9391
-73.9438
-73.9467
-73.9478
-73.9522
-73.9585
-73.961
-73.9588
-73.9573
-73.954
-73.955
-73.9562
-73.9572
-73.9613
-73.9665
-73.9751
-73.9791
-73.9817
-73.9796
-73.9696
-73.9569
-73.9419
-73.923
-73.9049
-73.8854
-73.8645
-73.8467
-73.8317
-73.8139
-73.7942
-73.7789
-73.7657
-73.7486
-73.7274
-73.7087
-73.6906
-73.6777
-73.668
-73.6541
-73.6375
-73.6234
-73.6125
-73.5995
-73.5842
-73.571
-73.5566
-73.5472
-73.5411
-73.5302
-73.5142
-73.5087
-73.5127
-73.5106
-73.5007
-73.4846
-73.4643
-73.4448
-73.4364
-73.4339
-73.4463
-73.4641
-73.4735
-73.4721
-73.4691
-73.4689
-73.4663
-73.4607
-73.4553
-73.4449
-73.4292
-73.4152
-73.4049
-73.4142
-73.4352
-73.4535
-73.4622
-73.4601
-73.452
-73.4532
-73.4613
-73.475
-73.4871
-73.4896
-73.4839
-73.4791
-73.4709
-73.4572
-73.4391
-73.4178
-73.3945
-73.3768
-73.3611
-73.3425
-73.3208
-73.3017
-73.2873
-73.2705
-73.2504
-73.2276
-73.2028
-73.1768
-73.1536
-73.1472
-73.1436
-73.1346
-73.12
-73.1084
-73.1002
-73.0954
-73.0924
-73.0842
-73.0706
-73.053
-73.0326
-73.0103
-72.9866
-72.962
-72.9367
-72.9109
-72.8848
-72.8585
-72.8321
-72.8056
-72.7792
-72.7611
-72.7505
-72.738
-72.722
-72.7033
-72.6827
-72.6608
-72.6382
-72.615
-72.5915
-72.5678
-72.544
-72.5203
-72.4965
-72.4728
-72.4493
-72.4258
-72.4026
-72.3795
-72.3566
-72.3339
-72.3114
-72.2891
-72.2671
-72.2452
-72.2236
-72.2022
-72.1811
-72.1601
-72.1394
-72.1189
-72.0987
-72.0787
-72.0589
-72.0393
-72.0199
-72.0008
-71.9819
-71.9632
-71.9447
-71.9265
-71.9084
-71.8906
-71.873
-71.8556
-71.8384
-71.8213
-71.8045
-71.7879
-71.7715
-71.7553
-71.7393
-71.7235
-71.7079
-71.6924
-71.6772
-71.6621
-71.6472
-71.6325
-71.618
-71.6037
-71.5895
-71.5755
-71.5617
-71.548
-71.5345
-71.5212
-71.5081
-71.4951
-71.4822
-71.4696
-71.457
-71.4447
-71.4325
-71.4204
-71.4085
-71.3968
-71.3852
-71.3737
-71.3624
-71.3513
-71.3402
-71.3294
-71.3186
-71.308
-71.2976
-71.2872
-71.277
-71.267
-71.2571
-71.2473
-71.2376
-71.228
-71.2186
-71.2093
-71.2001
-71.1911
-71.1821
-71.1733
-71.1646
-71.156
-71.1476
-71.1392
-71.1309
-71.1228
-71.1147
-71.1068
-71.099
-71.0913
-71.0837
-71.0761
-71.0687
-71.0614
-71.0542
-71.0471
-71.0401
-71.0331
-71.0263
-71.0195
-71.0129
-71.0063
-70.9999
-70.9935
-70.9872
-70.981
-70.9749
-70.9688
-70.9629
-70.957
-70.9512
-70.9455
-70.9399
-70.9344
-70.9289
-70.9235
-70.9182
-70.9129
-70.9078
-70.9027
-70.8976
-70.8927
-70.8878
-70.883
-70.8783
-70.8736
-70.869
-70.8644
-70.86
-70.8556
-70.8512
-70.8469
-70.8427
-70.8386
-70.8345
-70.8304
-70.8265
-70.8226
-70.8187
-70.8149
-70.8112
-70.8075
-70.8038
-70.8003
-70.7967
-70.7933
-70.7899
-70.7865
-70.7832
-70.7799
-70.7767
-70.7736
-70.7704
-70.7674
-70.7644
-70.7614
-70.7585
-70.7556
-70.7528
-70.75
-70.7472
-70.7445
-70.7419
-70.7393
-70.7367
-70.7342
-70.7317
-70.7292
-70.7268
-70.7245
-70.7221
-70.7198
-70.7176
-70.7154
-70.7132
-70.711
-70.7089
-70.7069
-70.7048
-70.7028
-70.7009
-70.6989
-70.697
-70.6952
-70.6933
-70.6915
-70.6898
-70.688
-70.6863
-70.6846
-70.683
-70.6814
-70.6798
-70.6782
-70.6767
-70.6752
-70.6737
-70.6722
-70.6708
-70.6694
-70.668
-70.6667
-70.6654
-70.6641
-70.6628
-70.6616
-70.6603
-70.6591
-70.658
-70.6568
-70.6557
-70.6546
-70.6535
-70.6524
-70.6514
-70.6504
-70.6494
-70.6484
-70.6474
-70.6465
-70.6456
-70.6447
-70.6438
-70.6429
-70.6421
-70.6413
-70.6405
-70.6397
-70.6389
-70.6382
-70.6374
-70.6367
-70.636
-70.6353
-70.6346
-70.634
-70.6334
-70.6327
-70.6321
-70.6315
-70.6309
-70.6304
-70.6298
-70.6293
-70.6288
-70.6283
-70.6278
-70.6273
-70.6268
-70.6264
-70.6259
-70.6255
-70.6251
-70.6247
-70.6243
-70.6239
-70.6235
-70.6232
-70.6228
-70.6225
-70.6222
-70.6218
-70.6215
-70.6212
-70.6209
-70.6207
-70.6204
-70.6201
-70.6199
-70.6197
-70.6194
-70.6192
-70.619
-70.6188
-70.6186
-70.6184
-70.6183
-70.6181
-70.6179
-70.6178
-70.6176
-70.6175
-70.6174
-70.6172
-70.6171
-70.617
-70.6169
-70.6168
-70.6167
-70.6167
-70.6166
-70.6165
-70.6165
-70.6164
-70.6163
-70.6163
-70.6163
-70.6162
-70.6162
-70.6162
-70.6162
-70.6162
-70.6162
-70.6162
-70.6162
-70.6162
-70.6162
-70.6162
-70.6162
-70.6163
-70.6163
-70.6163
-70.6164
-70.6164
-70.6165
-70.6165
-70.6166
-70.6166
-70.6167
-70.6168
-70.6169
-70.6169
-70.617
-70.6171
-70.6172
-70.6173
-70.6174
-70.6175
-70.6176
-70.6177
-70.6178
-70.6179
-70.618
-70.6181
-70.6182
-70.6183
-70.6185
-70.6186
-70.6187
-70.6188
-70.619
-70.6191
-70.6192
-70.6194
-70.6195
-70.6197
-70.6198
-70.62
-70.6201
-70.6202
-70.6204
-70.6206
-70.6207
-70.6209
-70.621
-70.6212
-70.6213
-70.6215
-70.6217
-70.6218
-70.622
-70.6222
-70.6223
-70.6225
-70.6227
-70.6228
-70.623
-70.6232
-70.6234
-70.6235
-70.6237
-70.6239
-70.6241
-70.6243
-70.6244
-70.6246
-70.6248
-70.625
-70.6252
-70.6253
-70.6255
-70.6257
-70.6259
-70.6261
-70.6263
-70.6265
-70.6266
-70.6268
-70.627
-70.6272
-70.6274
-70.6276
-70.6278
-70.628
-70.6281
-70.6283
-70.6285
-70.6287
-70.6289
-70.6291
-70.6293
-70.6295
-70.6297
-70.6298
-70.63
-70.6302
-70.6304
-70.6306
-70.6308
-70.631
-70.6312
-70.6314
-70.6316
-70.6317
-70.6319
-70.6321
-70.6323
-70.6325
-70.6327
-70.6329
-70.6331
-70.6332
-70.6334
-70.6336
-70.6338
-70.634
-70.6342
-70.6344
-70.6345
-70.6347
-70.6349
-70.6351
-70.6353
-70.6355
-70.6356
-70.6358
-70.636
-70.6362
-70.6364
-70.6365
-70.6367
-70.6369
-70.6371
-70.6372
-70.6374
-70.6376
-70.6378
-70.638
-70.6381
-70.6383
-70.6385
-70.6386
-70.6388
-70.639
-70.6392
-70.6393
-70.6395
-70.6397
-70.6398
-70.64
-70.6402
-70.6403
-70.6405
-70.6407
-70.6408
-70.641
-70.6412
-70.6413
-70.6415
-70.6416
-70.6418
-70.642
-70.6421
-70.6423
-70.6424
-70.6426
-70.6427
-70.6429
-70.6431
-70.6432
-70.6434
-70.6435
-70.6437
-70.6438
-70.644
-70.6441
-70.6443
-70.6444
-70.6446
-70.6447
-70.6449
-70.645

