-70
-70.1661
-70.23
-70.2566
-70.2695
-70.2773
-70.283
-70.2879
-70.2925
-70.297
-70.3014
-70.3057
-70.31
-70.3142
-70.3185
-70.3226
-70.3268
-70.3309
-70.335
-70.3391
-70.3431
-70.3471
-70.351
-70.3549
-70.3588
-70.3626
-70.3664
-70.3701
-70.3738
-70.3775
-70.3811
-70.3847
-70.3883
-70.3918
-70.3953
-70.3987
-70.4021
-70.4055
-70.4088
-70.4121
-70.4154
-70.4186
-70.4218
-70.4249
-70.428
-70.4311
-70.4341
-70.4372
-70.4401
-70.4431
-70.446
-70.4489
-70.4517
-70.4545
-70.4573
-70.4601
-70.4628
-70.4655
-70.4682
-70.4708
-70.4734
-70.476
-70.4785
-70.481
-70.4835
-70.486
-70.4884
-70.4908
-70.4932
-70.4955
-70.4978
-70.5001
-70.5024
-70.5046
-70.5068
-70.509
-70.5112
-70.5133
-70.5154
-70.5175
-70.5196
-70.5216
-70.5236
-70.5256
-70.5276
-70.5295
-70.5315
-70.5334
-70.5352
-70.5371
-70.5389
-70.5407
-70.5425
-70.5443
-70.5461
-70.5478
-70.5495
-70.5512
-70.5528
-70.5545
-70.5561
-70.5577
-70.5593
-70.5609
-70.5624
-70.5639
-70.5655
-70.5669
-70.5684
-70.5699
-70.5713
-70.5727
-70.5741
-70.5755
-70.5769
-70.5782
-70.5796
-70.5809
-70.5822
-70.5835
-70.5848
-70.586
-70.5873
-70.5885
-70.5897
-70.5909
-70.5921
-70.5932
-70.5944
-70.5955
-70.5966
-70.5977
-70.5988
-70.5999
-70.601
-70.602
-70.603
-70.6041
-70.6051
-70.6061
-70.6071
-70.608
-70.609
-70.6099
-70.6109
-70.6118
-70.6127
-70.6136
-70.6145
-70.6154
-70.6162
-70.6171
-70.6179
-70.6187
-70.6196
-70.6204
-70.6212
-70.622
-70.6227
-70.6235
-70.6242
-70.625
-70.6257
-70.6265
-70.6272
-70.6279
-70.6286
-70.6293
-70.6299
-70.6306
-70.6313
-70.6319
-70.6325
-70.6332
-70.6338
-70.6344
-70.635
-70.6356
-70.6362
-70.6368
-70.6374
-70.6379
-70.6385
-70.639
-70.6396
-70.6401
-70.6406
-70.6411
-70.6417
-70.6422
-70.6427
-70.6431
-70.6436
-70.6441
-70.6446
-70.645
-70.6455
-70.6459
-70.6464
-70.6468
-70.6472
-70.6476
-70.6481
-70.6485
-70.6489
-70.6493
-70.6497
-70.65
-70.6504
-70.6508
-70.6512
-70.6515
-70.6519
-70.6522
-70.6526
-70.6529
-70.6533
-70.6536
-70.6539
-70.6542
-70.6545
-70.6549
-70.6552
-70.6555
-70.6558
-70.656
-70.6563
-70.6566
-70.6569
-70.6572
-70.6574
-70.6577
-70.658
-70.6582
-70.6585
-70.6587
-70.6589
-70.6592
-70.6594
-70.6597
-70.6599
-70.6601
-70.6603
-70.6605
-70.6607
-70.661
-70.6612
-70.6614
-70.6616
-70.6617
-70.6619
-70.6621
-70.6623
-70.6625
-70.6627
-70.6628
-70.663
-70.6632
-70.6633
-70.6635
-70.6637
-70.6638
-70.664
-70.6641
-70.6643
-70.6644
-70.6646
-70.6647
-70.6648
-70.665
-70.6651
-70.6652
-70.6653
-70.6655
-70.6656
-70.6657
-70.6658
-70.6659
-70.666
-70.6662
-70.6663
-70.6664
-70.6665
-70.6666
-70.6667
-70.6668
-70.6669
-70.667
-70.667
-70.6671
-70.6672
-70.6673
-70.6674
-70.6675
-70.6675
-70.6676
-70.6677
-70.6678
-70.6678
-70.6679
-70.668
-70.668
-70.6681
-70.6682
-70.6682
-70.6683
-70.6683
-70.6684
-70.6685
-70.6685
-70.6686
-70.6686
-70.6687
-70.6687
-70.6688
-70.6688
-70.6688
-70.6689
-70.6689
-70.669
-70.669
-70.669
-70.6691
-70.6691
-70.6691
-70.6692
-70.6692
-70.6692
-70.6693
-70.6693
-70.6693
-70.6694
-70.6694
-70.6694
-70.6694
-70.6694
-70.6695
-70.6695
-70.6695
-70.6695
-70.6695
-70.6696
-70.6696
-70.6696
-70.6696
-70.6696
-70.6696
-70.6696
-70.6697
-70.6697
-70.6697
-70.6697
-70.6697
-70.6697
-70.6697
-70.6697
-70.6697
-70.6697
-70.6697
-70.6697
-70.6697
-70.6697
-70.6697
-70.6697
-70.6697
-70.6697
-70.6697
-70.6697
-70.6697
-70.6697
-70.6697
-70.6697
-70.6697
-70.6697
-70.6697
-70.6697
-70.6697
-70.6697
-70.6697
-70.6697
-70.6697
-70.6697
-70.6697
-70.6696
-70.6696
-70.6696
-70.6696
-70.6696
-70.6696
-70.6696
-70.6696
-70.6696
-70.6695
-70.6695
-70.6695
-70.6695
-70.6695
-70.6695
-70.6695
-70.6695
-70.6694
-70.6694
-70.6694
-70.6694
-70.6694
-70.6694
-70.6693
-70.6693
-70.6693
-70.6693
-70.6693
-70.6693
-70.6693
-70.6692
-70.6692
-70.6692
-70.6692
-70.6692
-70.6691
-70.6691
-70.6691
-70.6691
-70.6691
-70.6691
-70.669
-70.669
-70.669
-70.669
-70.669
-70.6689
-70.6689
-70.6689
-70.6689
-70.6689
-70.6688
-70.6688
-70.6688
-70.6688
-70.6688
-70.6687
-70.6687
-70.6687
-70.6687
-70.6686
-70.6686
-70.6686
-70.6686
-70.6686
-70.6685
-70.6685
-70.6685
-70.6685
-70.6685
-70.6684
-70.6684
-70.6684
-70.6684
-70.6684
-70.6683
-70.6683
-70.6683
-70.6683
-70.6682
-70.6682
-70.6682
-70.6682
-70.6682
-70.6681
-70.6681
-70.6681
-70.6681
-70.6681
-70.6716
-70.8932
-71.689
-72.636
-73.4256
-73.9085
-74.1589
-74.2791
-68.733
-54.8151
-51.321
-49.3769
-46.7828
-33.873
-10.5989
-37.6264
-67.8648
-68.883
-67.8958
-66.8488
-65.7812
-64.7126
-63.6605
-62.6422
-61.6718
-60.6004
-59.6038
-58.753
-58.0017
-57.3362
-56.7502
-56.2377
-55.7547
-55.3445
-55.004
-54.7198
-54.4841
-54.2907
-54.1226
-53.9715
-53.8524
-53.7599
-53.6883
-53.6331
-53.5912
-53.5583
-53.5168
-53.4852
-53.4644
-53.4513
-53.4434
-53.4394
-53.4381
-53.4391
-53.4399
-53.4243
-53.4134
-53.409
-53.4088
-53.4109
-53.4144
-53.4188
-53.4239
-53.4296
-53.4356
-53.442
-53.4477
-53.4286
-53.4151
-53.4101
-53.4097
-53.4117
-53.4149
-53.4188
-53.4229
-53.4273
-53.4319
-53.4363
-53.4401
-53.4434
-53.4462
-53.4483
-53.4492
-53.4484
-53.4451
-53.4228
-53.3954
-53.3808
-53.3676
-53.3389
-53.1107
-52.7924
-52.8324
-52.9425
-53.0403
-53.1116
-53.1596
-53.1911
-53.2129
-53.2297
-53.2448
-53.2605
-53.2786
-53.301
-53.3297
-53.3669
-53.4141
-53.4709
-53.5358
-53.6076
-53.6857
-53.7705
-53.8642
-53.9681
-54.0801
-53.7272
-53.5081
-53.4483
-53.4399
-53.4486
-53.4633
-53.4807
-53.4995
-53.5194
-53.5405
-53.5629
-53.5868
-53.6122
-53.6395
-53.6689
-53.7007
-53.7351
-53.7725
-53.8131
-53.8573
-53.9053
-53.9574
-54.014
-54.0753
-54.1418
-54.2139
-54.2916
-54.3753
-54.4656
-54.5631
-54.6682
-54.7813
-54.9029
-55.0339
-55.1746
-55.3254
-55.4863
-55.6574
-55.8393
-54.4022
-53.388
-53.1701
-53.1612
-53.2056
-53.2593
-53.3103
-53.3565
-53.3976
-53.4342
-53.468
-53.4997
-53.5299
-53.5588
-53.5871
-53.6152
-53.6438
-53.674
-53.706
-53.7395
-53.7756
-53.8148
-53.8577
-53.9038
-53.9526
-54.0044
-54.0599
-54.1197
-54.1864
-54.2581
-54.3339
-54.4177
-54.508
-54.607
-54.7134
-54.8246
-54.9417
-55.0655
-55.1983
-55.346
-55.5011
-55.6631
-55.8405
-56.0259
-56.2233
-56.434
-56.6482
-55.1478
-53.3716
-53.0051
-52.9823
-53.0443
-53.1204
-53.1909
-53.2516
-53.3031
-53.3476
-53.3863
-53.4202
-53.4506
-53.4784
-53.505
-53.5313
-53.5569
-53.5831
-53.6103
-53.638
-53.6667
-53.6984
-53.7321
-53.7674
-53.8047
-53.8444
-53.8895
-53.9393
-53.992
-54.0512
-54.1158
-54.1834
-54.2545
-54.3348
-54.4223
-54.5134
-54.6089
-54.7094
-54.8207
-54.9455
-55.0758
-55.2204
-55.3752
-55.5328
-55.6937
-55.8628
-56.0531
-56.2499
-56.4483
-56.649
-56.8537
-57.0818
-57.3205
-57.5639
-57.8267
-58.0868
-58.3394
-58.5871
-58.834
-59.1061
-56.2541
-53.2167
-52.6137
-52.5806
-52.6947
-52.8331
-52.9597
-53.0667
-53.1547
-53.2266
-53.2867
-53.3379
-53.382
-53.4209
-53.4568
-53.4899
-53.521
-53.5509
-53.5805
-53.612
-53.6442
-53.6773
-53.7137
-53.7524
-53.7945
-53.8405
-53.8887
-53.9397
-53.9939
-54.052
-54.1144
-54.1818
-54.2596
-54.344
-54.4336
-54.5352
-54.65
-54.7711
-54.8957
-55.0395
-55.1956
-55.3545
-55.5214
-55.7273
-56.0736
-56.5504
-57.0857
-57.6039
-58.0511
-58.4681
-58.8682
-59.2761
-59.7813
-60.5346
-61.4331
-62.3429
-63.0874
-63.6966
-64.22
-64.6965
-65.1605
-65.6477
-66.2083
-66.8469
-67.4987
-68.1058
-68.6239
-69.0713
-69.465
-57.8546
-52.741
-51.5548
-51.3522
-51.5551
-51.9155
-52.284
-52.5888
-52.8246
-53.0061
-53.1482
-53.2614
-53.3554
-53.4376
-53.513
-53.5846
-53.6542
-53.7226
-53.7897
-53.8565
-53.9246
-53.9949
-54.0683
-54.148
-54.2369
-54.3373
-54.447
-54.5662
-54.6938
-54.8268
-54.9656
-55.1132
-55.27
-55.4377
-55.6229
-55.83
-56.063
-56.3177
-56.5906
-56.8787
-57.176
-57.4802
-57.7972
-58.1283
-58.4745
-58.8453
-59.2449
-59.6817
-60.1447
-60.6246
-61.1095
-61.6004
-62.0866
-62.5655
-63.0412
-63.5218
-64.0103
-64.5129
-65.0342
-65.563
-66.093
-66.6108
-67.1062
-67.5814
-68.0283
-68.4454
-68.8387
-69.221
-69.5952
-69.9648
-70.3272
-70.6724
-71.0033
-71.3097
-71.588
-71.8456
-72.0815
-72.2922
-72.4828
-72.6616
-72.8327
-73.0008
-73.1624
-73.311
-73.4485
-73.574
-73.6846
-73.7827
-73.872
-73.9504
-74.0198
-74.0816
-74.1403
-74.1977
-74.255
-74.3076
-74.3547
-74.3986
-74.4368
-74.4696
-74.4977
-74.5225
-74.5448
-74.5635
-74.58
-74.5959
-74.6138
-74.633
-74.6495
-74.6641
-74.6774
-74.6882
-74.6966
-74.7025
-74.7073
-74.7124
-74.7165
-74.7194
-74.722
-74.7254
-74.7325
-74.7388
-74.7434
-74.7479
-74.7515
-74.7535
-74.7546
-74.7533
-74.7515
-74.7514
-74.7518
-74.7519
-74.7519
-74.7533
-74.7564
-74.759
-74.7599
-74.7615
-74.7622
-74.762
-74.7608
-74.7588
-74.7555
-74.7509
-74.7498
-74.7495
-74.7497
-74.7514
-74.7532
-74.7543
-74.754
-74.755
-74.7563
-74.7561
-74.7548
-74.7529
-74.7509
-74.7478
-74.7422
-74.7396
-74.7388
-74.7397
-74.7428
-74.7453
-74.7462
-74.745
-74.7431
-74.744
-74.7442
-74.7423
-74.7402
-74.7386
-74.7363
-74.7332
-74.7296
-74.7249
-74.7236
-74.7265
-74.7298
-74.7322
-74.7342
-74.7338
-74.7309
-74.7307
-74.7313
-74.7303
-74.7283
-74.7271
-74.7244
-74.7208
-74.7195
-74.7167
-74.7107
-74.7101
-74.7147
-74.7181
-74.718
-74.7191
-74.7193
-74.7159
-74.7137
-74.7135
-74.7133
-74.7115
-74.709
-74.7075
-74.7048
-74.7038
-74.7026
-74.6991
-74.6964
-74.6967
-74.7
-74.7026
-74.7044
-74.7045
-74.703
-74.7006
-74.6992
-74.6979
-74.6972
-74.6973
-74.6956
-74.6927
-74.6912
-74.6895
-74.6881
-74.6863
-74.6831
-74.6845
-74.6847
-74.6837
-74.6833
-74.6843
-74.6861
-74.6846
-74.681
-74.6775
-74.6753
-74.6748
-74.6756
-74.6743
-74.6702
-74.6683
-74.667
-74.6662
-74.6657
-74.6646
-74.6642
-74.668
-74.6713
-74.6694
-74.6638
-74.6613
-74.6641
-74.6666
-74.666
-74.6639
-74.6602
-74.6575
-74.6546
-74.6524
-74.6515
-74.6509
-74.6488
-74.6461
-74.6463
-74.6481
-74.6459
-74.6428
-74.6466
-74.6518
-74.6541
-74.6515
-74.6457
-74.6386
-74.635
-74.6358
-74.6355
-74.6354
-74.6341
-74.6346
-74.6316
-74.6275
-74.6216
-74.6188
-74.6214
-74.6202
-74.6159
-74.612
-74.6108
-74.6114
-74.6113
-74.6139
-74.6181
-74.6245
-74.6269
-74.6245
-74.6204
-74.6142
-74.6104
-74.6094
-74.609
-74.6082
-74.6075
-74.6057
-74.6057
-74.6043
-74.6009
-74.5967
-74.5938
-74.5915
-74.5895
-74.587
-74.5857
-74.5843
-74.5809
-74.5782
-74.579
-74.5821
-74.5866
-74.5931
-74.5996
-74.6016
-74.5966
-74.588
-74.5812
-74.5794
-74.5799
-74.578
-74.5715
-74.5659
-74.5635
-74.5615
-74.5588
-74.5559
-74.5524
-74.5515
-74.5498
-74.5466
-74.5432
-74.5416
-74.5419
-74.5411
-74.5407
-74.539
-74.5369
-74.538
-74.539
-74.5407
-74.5418
-74.5422
-74.5437
-74.5424
-74.5407
-74.5373
-74.5302
-74.5274
-74.5313
-74.5344
-74.5367
-74.5328
-74.524
-74.5149
-74.5048
-74.4968
-74.4923
-74.4942
-74.4979
-74.4969
-74.4952
-74.4948
-74.4897
-74.4836
-74.4863
-74.4902
-74.4939
-74.496
-74.5004
-74.504
-74.5009
-74.4934
-74.4914
-74.4945
-74.4973
-74.4987
-74.496
-74.4894
-74.4837
-74.4746
-74.4649
-74.4608
-74.4606
-74.4664
-74.4733
-74.4777
-74.4817
-74.4804
-74.4736
-74.4613
-74.449
-74.437
-74.4299
-74.4243
-74.4242
-74.4247
-74.4245
-74.42
-74.4146
-74.4079
-74.4036
-74.3998
-74.401
-74.4061
-74.4106
-74.4138
-74.4167
-74.4198
-74.4237
-74.4264
-74.4253
-74.4205
-74.4149
-74.4116
-74.4092
-74.4093
-74.4084
-74.4079
-74.4039
-74.3953
-74.384
-74.3766
-74.3669
-74.3571
-74.3526
-74.3577
-74.369
-74.3794
-74.3853
-74.3852
-74.3809
-74.3752
-74.3662
-74.3548
-74.3437
-74.3376
-74.3358
-74.3307
-74.3219
-74.3107
-74.2973
-74.2846
-74.274
-74.2676
-74.2633
-74.2585
-74.255
-74.2564
-74.2648
-74.2724
-74.2739
-74.2749
-74.2803
-74.2851
-74.2917
-74.2978
-74.3007
-74.2993
-74.2935
-74.2946
-74.2964
-74.2982
-74.3032
-74.3046
-74.298
-74.289
-74.2773
-74.266
-74.2595
-74.2561
-74.2551
-74.2544
-74.2466
-74.2339
-74.2217
-74.2113
-74.2059
-74.2028
-74.1995
-74.1974
-74.1981
-74.2011
-74.2067
-74.211
-74.215
-74.2193
-74.2189
-74.2179
-74.2164
-74.2098
-74.2009
-74.191
-74.1781
-74.163
-74.1532
-74.1536
-74.15
-74.1426
-74.1336
-74.1229
-74.1134
-74.1007
-74.0825
-74.0625
-74.0426
-74.0247
-74.012
-74.0001
-73.9906
-73.9855
-73.9948
-74.0107
-74.0226
-74.0365
-74.0495
-74.0628
-74.0751
-74.082
-74.0855
-74.0943
-74.1025
-74.1075
-74.1048
-74.0946
-74.0821
-74.0783
-74.0874
-74.0919
-74.0867
-74.0799
-74.0779
-74.0791
-74.0837
-74.0907
-74.0911
-74.0877
-74.0815
-74.0723
-74.0612
-74.0466
-74.0354
-74.027
-74.0134
-74.0026
-74.0089
-74.0207
-74.0303
-74.0337
-74.034
-74.0312
-74.0208
-74.004
-73.9888
-73.9817
-73.9753
-73.9633
-73.9453
-73.9232
-73.9026
-73.8824
-73.866
-73.8517
-73.8362
-73.8251
-73.8296
-73.8396
-73.8501
-73.8572
-73.8644
-73.8712
-73.8731
-73.8743
-73.8799
-73.8866
-73.8858
-73.8763
-73.8602
-73.8426
-73.8282
-73.8191
-73.815
-73.8073
-73.7995
-73.7926
-73.782
-73.7716
-73.7628
-73.755
-73.7453
-73.731
-73.7176
-73.7062
-73.6995
-73.6905
-73.6768
-73.6643
-73.6488
-73.6315
-73.6242
-73.622
-73.6153
-73.6019
-73.585
-73.5755
-73.5676
-73.5545
-73.5365
-73.5211
-73.5057
-73.4867
-73.4644
-73.4431
-73.4263
-73.4077
-73.3921
-73.3788
-73.3703
-73.3729
-73.3773
-73.3738
-73.3637
-73.3558
-73.3456
-73.3305
-73.3136
-73.3136
-73.3221
-73.3314
-73.3338
-73.3276
-73.3153
-73.3079
-73.3077
-73.3037
-73.2934
-73.2855
-73.2775
-73.2731
-73.2668
-73.2549
-73.2383
-73.2182
-73.1958
-73.1716
-73.1578
-73.1651
-73.1779
-73.1927
-73.2044
-73.2064
-73.1999
-73.1871
-73.1702
-73.1502
-73.1317
-73.1201
-73.107
-73.0906
-73.08
-73.0711
-73.0582
-73.0413
-73.0221
-73.0106
-73.0006
-72.9868
-72.9694
-72.9493
-72.9273
-72.904
-72.8798
-72.855
-72.8297
-72.8042
-72.7786
-72.7528
-72.727
-72.7013
-72.6756
-72.65
-72.6246
-72.5993
-72.5741
-72.5492
-72.5244
-72.4999
-72.4755
-72.4514
-72.4275
-72.4039
-72.3805
-72.3577
-72.3482
-72.3446
-72.3379
-72.327
-72.3131
-72.2972
-72.2867
-72.2871
-72.2856
-72.2793
-72.269
-72.2559
-72.2408
-72.2244
-72.2072
-72.1893
-72.1711
-72.1525
-72.1338
-72.1151
-72.0962
-72.0774
-72.0587
-72.04
-72.0215
-72.003
-71.9847
-71.9665
-71.9485
-71.9307
-71.913
-71.8955
-71.8802
-71.882
-71.8873
-71.8879
-71.8838
-71.8761
-71.8661
-71.8544
-71.8417
-71.8282
-71.8142
-71.7999
-71.7853
-71.7707
-71.7559
-71.7412
-71.7264
-71.7117
-71.6971
-71.6826
-71.6681
-71.6538
-71.6396
-71.6255
-71.6116
-71.5977
-71.5841
-71.5706
-71.5572
-71.5439
-71.5308
-71.5179
-71.5051
-71.4925
-71.48
-71.4676
-71.4554
-71.4434
-71.4314
-71.4197
-71.408
-71.3966
-71.3852
-71.374
-71.3629
-71.352
-71.3412
-71.3306
-71.32
-71.3097
-71.2994
-71.2893
-71.2793
-71.2694
-71.2597
-71.2501
-71.2406
-71.2312
-71.222
-71.2128
-71.2038
-71.1949
-71.1861
-71.1775
-71.1689
-71.1605
-71.1521
-71.1439
-71.1358
-71.1278
-71.1199
-71.1121
-71.1044
-71.0968
-71.0893
-71.0819
-71.0746
-71.0674
-71.0602
-71.0532
-71.0463
-71.0395
-71.0327
-71.0261
-71.0195
-71.0131
-71.0067
-71.0004
-70.9942
-70.988
-70.982
-70.976
-70.9702
-70.9644
-70.9586
-70.953
-70.9474
-70.9419
-70.9365
-70.9312
-70.9259
-70.9207
-70.9156
-70.9106
-70.9056
-70.9007
-70.8959
-70.8911
-70.8864
-70.8818
-70.8772
-70.8727
-70.8683
-70.8639
-70.8596
-70.8553
-70.8511
-70.847
-70.8429
-70.8389
-70.835
-70.8311
-70.8272
-70.8235
-70.8197
-70.8161
-70.8125
-70.8089
-70.8054
-70.8019
-70.7985
-70.7952
-70.7919
-70.7886
-70.7854
-70.7822
-70.7791
-70.7761
-70.7731
-70.7701
-70.7672
-70.7643
-70.7615
-70.7587
-70.7559
-70.7532
-70.7506
-70.7479
-70.7454
-70.7428
-70.7403
-70.7379
-70.7355
-70.7331
-70.7307
-70.7284
-70.7262
-70.7239
-70.7217
-70.7196
-70.7175
-70.7154
-70.7133
-70.7113
-70.7093
-70.7074
-70.7055
-70.7036
-70.7017
-70.6999
-70.6981
-70.6963
-70.6946
-70.6929
-70.6912
-70.6896
-70.688
-70.6864
-70.6848
-70.6833
-70.6818
-70.6803
-70.6789
-70.6775
-70.6761
-70.6747
-70.6733
-70.672
-70.6707
-70.6694
-70.6682
-70.667
-70.6658
-70.6646
-70.6634
-70.6623
-70.6612
-70.6601
-70.659
-70.658
-70.6569
-70.6559
-70.6549
-70.654
-70.653
-70.6521
-70.6512
-70.6503
-70.6494
-70.6485
-70.6477
-70.6469
-70.6461
-70.6453
-70.6445
-70.6438
-70.643
-70.6423
-70.6416
-70.6409
-70.6403
-70.6396
-70.639
-70.6383
-70.6377
-70.6371
-70.6365
-70.636
-70.6354
-70.6349
-70.6343
-70.6338
-70.6333
-70.6328
-70.6324
-70.6319
-70.6314
-70.631
-70.6306
-70.6301
-70.6297
-70.6293
-70.629
-70.6286
-70.6282
-70.6279
-70.6275
-70.6272
-70.6269
-70.6266
-70.6263
-70.626
-70.6257
-70.6254
-70.6252
-70.6249
-70.6247
-70.6244
-70.6242
-70.624
-70.6238
-70.6236
-70.6234
-70.6232
-70.623
-70.6229
-70.6227
-70.6225
-70.6224
-70.6223
-70.6221
-70.622
-70.6219
-70.6218
-70.6217
-70.6216
-70.6215
-70.6214
-70.6213
-70.6212
-70.6211
-70.6211
-70.621
-70.621
-70.6209
-70.6209
-70.6208
-70.6208
-70.6208
-70.6208
-70.6208
-70.6207
-70.6207
-70.6207
-70.6207
-70.6207
-70.6208
-70.6208
-70.6208
-70.6208
-70.6208
-70.6209
-70.6209
-70.621
-70.621
-70.621
-70.6211
-70.6212
-70.6212
-70.6213
-70.6213
-70.6214
-70.6215
-70.6216
-70.6216
-70.6217
-70.6218
-70.6219
-70.622
-70.6221
-70.6222
-70.6223
-70.6224
-70.6225
-70.6226
-70.6227
-70.6228
-70.6229
-70.623
-70.6231
-70.6232
-70.6234
-70.6235
-70.6236
-70.6237
-70.6239
-70.624
-70.6241
-70.6242
-70.6244
-70.6245
-70.6247
-70.6248
-70.6249
-70.6251
-70.6252
-70.6254
-70.6255
-70.6257
-70.6258
-70.626
-70.6261
-70.6263
-70.6264
-70.6266
-70.6267
-70.6269
-70.627
-70.6272
-70.6273
-70.6275
-70.6277
-70.6278
-70.628
-70.6282
-70.6283
-70.6285
-70.6286
-70.6288
-70.629
-70.6291
-70.6293
-70.6295
-70.6296
-70.6298
-70.63
-70.6301
-70.6303
-70.6305
-70.6307
-70.6308
-70.631
-70.6312
-70.6313
-70.6315
-70.6317
-70.6319
-70.632
-70.6322
-70.6324
-70.6325
-70.6327
-70.6329
-70.6331
-70.6332
-70.6334
-70.6336
-70.6337
-70.6339
-70.6341
-70.6343
-70.6344
-70.6346
-70.6348
-70.6349
-70.6351
-70.6353
-70.6354
-70.6356
-70.6358
-70.636
-70.6361
-70.6363
-70.6365
-70.6366
-70.6368
-70.637
-70.6371
-70.6373
-70.6375
-70.6376
-70.6378
-70.638
-70.6381
-70.6383
-70.6385
-70.6386
-70.6388
-70.6389
-70.6391
-70.6393
-70.6394
-70.6396
-70.6398
-70.6399
-70.6401
-70.6402
-70.6404
-70.6405
-70.6407
-70.6409
-70.641
-70.6412
-70.6413
-70.6415
-70.6416
-70.6418
-70.6419
-70.6421
-70.6422
-70.6424
-70.6426
-70.6427
-70.6429
-70.643
-70.6431
-70.6433
-70.6434
-70.6436
-70.6437
-70.6439
-70.644
-70.6442
-70.6443

