-70
-70.1661
-70.23
-70.2566
-70.2695
-70.2773
-70.283
-70.2879
-70.2925
-70.297
-70.3014
-70.3057
-70.31
-70.3142
-70.3185
-70.3226
-70.3268
-70.3309
-70.335
-70.3391
-70.3431
-70.3471
-70.351
-70.3549
-70.3588
-70.3626
-70.3664
-70.3701
-70.3738
-70.3775
-70.3811
-70.3847
-70.3883
-70.3918
-70.3953
-70.3987
-70.4021
-70.4055
-70.4088
-70.4121
-70.4154
-70.4186
-70.4218
-70.4249
-70.428
-70.4311
-70.4341
-70.4372
-70.4401
-70.4431
-70.446
-70.4489
-70.4517
-70.4545
-70.4573
-70.4601
-70.4628
-70.4655
-70.4682
-70.4708
-70.4734
-70.476
-70.4785
-70.481
-70.4835
-70.486
-70.4884
-70.4908
-70.4932
-70.4955
-70.4978
-70.5001
-70.5024
-70.5046
-70.5068
-70.509
-70.5112
-70.5133
-70.5154
-70.5175
-70.5196
-70.5216
-70.5236
-70.5256
-70.5276
-70.5295
-70.5315
-70.5334
-70.5352
-70.5371
-70.5389
-70.5407
-70.5425
-70.5443
-70.5461
-70.5478
-70.5495
-70.5512
-70.5528
-70.5545
-70.5561
-70.5577
-70.5593
-70.5609
-70.5624
-70.5639
-70.5655
-70.5669
-70.5684
-70.5699
-70.5713
-70.5727
-70.5741
-70.5755
-70.5769
-70.5782
-70.5796
-70.5809
-70.5822
-70.5835
-70.5848
-70.586
-70.5873
-70.5885
-70.5897
-70.5909
-70.5921
-70.5932
-70.5944
-70.5955
-70.5966
-70.5977
-70.5988
-70.5999
-70.601
-70.602
-70.603
-70.6041
-70.6051
-70.6061
-70.6071
-70.608
-70.609
-70.6099
-70.6109
-70.6118
-70.6127
-70.6136
-70.6145
-70.6154
-70.6162
-70.6171
-70.6179
-70.6187
-70.6196
-70.6204
-70.6212
-70.622
-70.6227
-70.6235
-70.6242
-70.625
-70.6257
-70.6265
-70.6272
-70.6279
-70.6286
-70.6293
-70.6299
-70.6306
-70.6313
-70.6319
-70.6325
-70.6332
-70.6338
-70.6344
-70.635
-70.6356
-70.6362
-70.6368
-70.6374
-70.6379
-70.6385
-70.639
-70.6396
-70.6401
-70.6406
-70.6411
-70.6417
-70.6422
-70.6427
-70.6431
-70.6436
-70.6441
-70.6446
-70.645
-70.6455
-70.6459
-70.6464
-70.6468
-70.6472
-70.6476
-70.6481
-70.6485
-70.6489
-70.6493
-70.6497
-70.65
-70.6504
-70.6508
-70.6512
-70.6515
-70.6519
-70.6522
-70.6526
-70.6529
-70.6533
-70.6536
-70.6539
-70.6542
-70.6545
-70.6549
-70.6552
-70.6555
-70.6558
-70.656
-70.6563
-70.6566
-70.6569
-70.6572
-70.6574
-70.6577
-70.658
-70.6582
-70.6585
-70.6587
-70.6589
-70.6592
-70.6594
-70.6597
-70.6599
-70.6601
-70.6603
-70.6605
-70.6607
-70.661
-70.6612
-70.6614
-70.6616
-70.6617
-70.6619
-70.6621
-70.6623
-70.6625
-70.6627
-70.6628
-70.663
-70.6632
-70.6633
-70.6635
-70.6637
-70.6638
-70.664
-70.6641
-70.6643
-70.6644
-70.6646
-70.6647
-70.6648
-70.665
-70.6651
-70.6652
-70.6653
-70.6655
-70.6656
-70.6657
-70.6658
-70.6659
-70.666
-70.6662
-70.6663
-70.6664
-70.6665
-70.6666
-70.6667
-70.6668
-70.6669
-70.667
-70.667
-70.6671
-70.6672
-70.6673
-70.6674
-70.6675
-70.6675
-70.6676
-70.6677
-70.6678
-70.6678
-70.6679
-70.668
-70.668
-70.6681
-70.6682
-70.6682
-70.6683
-70.6683
-70.6684
-70.6685
-70.6685
-70.6686
-70.6686
-70.6687
-70.6687
-70.6688
-70.6688
-70.6688
-70.6689
-70.6689
-70.669
-70.669
-70.669
-70.6691
-70.6691
-70.6691
-70.6692
-70.6692
-70.6692
-70.6693
-70.6693
-70.6693
-70.6694
-70.6694
-70.6694
-70.6694
-70.6694
-70.6695
-70.6695
-70.6695
-70.6695
-70.6695
-70.6696
-70.6696
-70.6696
-70.6696
-70.6696
-70.6696
-70.6696
-70.6697
-70.6697
-70.6697
-70.6697
-70.6697
-70.6697
-70.6697
-70.6697
-70.6697
-70.6697
-70.6697
-70.6697
-70.6697
-70.6697
-70.6697
-70.6697
-70.6697
-70.6697
-70.6697
-70.6697
-70.6697
-70.6697
-70.6697
-70.6697
-70.6697
-70.6697
-70.6697
-70.6697
-70.6697
-70.6697
-70.6697
-70.6697
-70.6697
-70.6697
-70.6697
-70.6696
-70.6696
-70.6696
-70.6696
-70.6696
-70.6696
-70.6696
-70.6696
-70.6696
-70.6695
-70.6695
-70.6695
-70.6695
-70.6695
-70.6695
-70.6695
-70.6695
-70.6694
-70.6694
-70.6694
-70.6694
-70.6694
-70.6694
-70.6693
-70.6693
-70.6693
-70.6693
-70.6693
-70.6693
-70.6693
-70.6692
-70.6692
-70.6692
-70.6692
-70.6692
-70.6691
-70.6691
-70.6691
-70.6691
-70.6691
-70.6691
-70.669
-70.669
-70.669
-70.669
-70.669
-70.6689
-70.6689
-70.6689
-70.6689
-70.6689
-70.6688
-70.6688
-70.6688
-70.6688
-70.6688
-70.6687
-70.6687
-70.6687
-70.6687
-70.6686
-70.6686
-70.6686
-70.6686
-70.6686
-70.6685
-70.6685
-70.6685
-70.6685
-65.9475
-54.226
-51.177
-49.4341
-47.3582
-40.9414
4.33883
-30.8775
-63.1722
-68.7515
-67.8212
-66.7657
-65.6873
-64.6051
-63.5367
-62.4987
-61.5061
-60.5712
-59.7035
-58.9092
-58.193
-57.5923
-57.1407
-56.7734
-56.4592
-56.1958
-55.2942
-54.7205
-54.4134
-54.2055
-54.0489
-53.9265
-53.8305
-53.7557
-53.6984
-53.6551
-53.6232
-53.601
-53.5869
-53.5797
-53.5786
-53.5841
-53.5957
-53.5402
-53.4627
-53.4248
-53.4117
-53.4098
-53.413
-53.4168
-53.409
-53.3989
-53.3954
-53.3965
-53.3999
-53.4046
-53.4051
-53.4004
-53.3978
-53.3983
-53.4006
-53.4038
-53.4077
-53.4097
-53.4066
-53.4033
-53.4028
-53.4039
-53.4061
-53.4089
-53.4121
-53.4155
-53.4151
-53.4106
-53.4072
-53.4065
-53.4073
-53.4089
-53.4112
-53.4137
-53.4165
-53.4195
-53.4227
-53.4228
-53.4177
-53.4114
-53.4086
-53.4081
-53.4089
-53.4103
-53.4122
-53.4143
-53.4166
-53.419
-53.4215
-53.4241
-53.4268
-53.4296
-53.4321
-53.4344
-53.4272
-53.4169
-53.4072
-53.4023
-53.4001
-53.399
-53.3979
-53.396
-53.3926
-53.3853
-53.3653
-53.2113
-52.9502
-52.9632
-53.0392
-53.111
-53.1648
-53.2019
-53.2268
-53.2444
-53.2581
-53.2706
-53.2836
-53.2987
-53.3172
-53.341
-53.3719
-53.4147
-53.4354
-53.4406
-53.4396
-53.439
-53.4398
-53.4422
-53.4462
-53.4515
-53.4579
-53.4656
-53.4744
-53.4844
-53.4957
-53.5084
-53.5226
-53.5383
-53.5556
-53.5747
-53.5958
-53.6188
-53.6441
-53.6718
-53.7021
-53.7353
-53.7717
-53.8114
-53.8548
-53.9021
-53.9537
-54.0097
-54.0706
-54.1367
-54.2084
-54.2858
-54.3693
-53.8689
-53.4972
-53.3982
-53.3576
-53.347
-53.3556
-53.3709
-53.3875
-53.4038
-53.4192
-53.4337
-53.4476
-53.4609
-53.474
-53.4871
-53.5003
-53.5139
-53.528
-53.5429
-53.5586
-53.5753
-53.5932
-53.6125
-53.6333
-53.6557
-53.68
-53.7064
-53.7352
-53.7665
-53.8005
-53.8397
-53.883
-53.9291
-53.9783
-54.0311
-54.088
-54.1492
-54.2152
-54.2861
-54.3621
-54.4509
-54.5529
-54.6588
-53.8774
-53.4098
-53.3051
-53.3009
-53.3011
-53.3111
-53.3283
-53.3471
-53.3652
-53.3818
-53.3967
-53.4101
-53.4225
-53.434
-53.445
-53.4557
-53.4662
-53.477
-53.4886
-53.5013
-53.5145
-53.5282
-53.5424
-53.5576
-53.5738
-53.5913
-53.6101
-53.6305
-53.6528
-53.679
-53.7093
-53.7416
-53.7757
-53.8119
-53.8507
-53.8925
-53.9377
-53.9864
-54.0391
-54.0966
-54.1635
-54.24
-54.3226
-54.4079
-54.4966
-54.5899
-54.6885
-54.7931
-54.904
-55.0219
-55.1469
-55.2888
-54.4609
-53.4079
-53.1847
-53.1698
-53.2057
-53.2499
-53.2717
-53.2911
-53.3126
-53.3332
-53.352
-53.369
-53.384
-53.3978
-53.4103
-53.4218
-53.4326
-53.4428
-53.4529
-53.463
-53.4733
-53.4839
-53.4952
-53.5081
-53.5219
-53.5369
-53.5539
-53.5717
-53.5904
-53.6104
-53.632
-53.6553
-53.6807
-53.7106
-53.744
-53.7812
-53.8232
-53.8676
-53.9145
-53.9646
-53.7379
-53.4549
-53.3806
-53.3701
-53.3786
-53.3919
-53.4002
-53.3936
-53.3931
-53.397
-53.4027
-53.4091
-53.4157
-53.4223
-53.429
-53.4362
-53.4436
-53.4514
-53.4607
-53.4708
-53.4809
-53.4914
-53.5024
-53.5142
-53.527
-53.5426
-53.5654
-53.6055
-53.6582
-53.7088
-53.7602
-53.8097
-53.8578
-53.9076
-53.9661
-54.0489
-54.1692
-54.3123
-54.4633
-54.6065
-54.7426
-54.8751
-55.0109
-55.1537
-55.3191
-55.53
-55.7869
-56.0694
-56.3542
-56.6337
-56.9131
-57.1947
-57.4865
-57.794
-58.1264
-58.4998
-58.9203
-59.3741
-59.8426
-60.3069
-60.7699
-61.2261
-61.6789
-62.1365
-62.609
-63.1027
-63.6346
-64.1837
-64.7408
-65.2823
-65.8012
-66.2956
-66.7619
-67.2055
-67.6372
-68.0623
-68.4959
-68.9355
-69.3682
-69.7805
-70.1617
-70.5137
-70.8349
-71.1249
-71.3912
-71.6423
-71.8812
-72.117
-72.3494
-72.5729
-72.7771
-72.9597
-73.1255
-73.2733
-73.4018
-73.5153
-73.6198
-73.7178
-73.8131
-73.9081
-73.9994
-74.0828
-74.1543
-74.2173
-74.2738
-74.3221
-74.3626
-74.3984
-74.4318
-74.4642
-74.4984
-74.5331
-74.5649
-74.5918
-74.6132
-74.6316
-74.6489
-74.6628
-74.6742
-74.6832
-74.6917
-74.7016
-74.7135
-74.7261
-74.7368
-74.7449
-74.7498
-74.753
-74.7577
-74.7624
-74.7652
-74.7661
-74.7665
-74.7681
-74.7721
-74.7778
-74.7819
-74.7849
-74.7849
-74.7833
-74.7825
-74.784
-74.785
-74.7845
-74.7837
-74.7826
-74.7819
-74.7846
-74.787
-74.7889
-74.7889
-74.7858
-74.7821
-74.7803
-74.7806
-74.7809
-74.781
-74.7819
-74.7806
-74.7794
-74.7812
-74.7816
-74.7822
-74.7819
-74.7783
-74.7733
-74.7693
-74.7689
-74.769
-74.7699
-74.7719
-74.7717
-74.7703
-74.7711
-74.772
-74.7709
-74.7715
-74.77
-74.7657
-74.7614
-74.7577
-74.7571
-74.758
-74.7596
-74.7606
-74.7602
-74.7592
-74.7601
-74.7604
-74.7593
-74.7601
-74.7592
-74.755
-74.7492
-74.7448
-74.7422
-74.7425
-74.7451
-74.7457
-74.7454
-74.7453
-74.7461
-74.7478
-74.7494
-74.749
-74.7497
-74.7494
-74.7457
-74.7396
-74.7349
-74.7296
-74.7282
-74.7305
-74.7305
-74.7288
-74.728
-74.7299
-74.7322
-74.735
-74.7348
-74.7345
-74.7353
-74.7355
-74.7328
-74.7285
-74.722
-74.7159
-74.7127
-74.7135
-74.7147
-74.7143
-74.7134
-74.7147
-74.7175
-74.7208
-74.7226
-74.7224
-74.7234
-74.7245
-74.7243
-74.7211
-74.7146
-74.7075
-74.7002
-74.6953
-74.694
-74.6935
-74.694
-74.6941
-74.6949
-74.6935
-74.6963
-74.7016
-74.7058
-74.7089
-74.7107
-74.7121
-74.7108
-74.7063
-74.7014
-74.6952
-74.6872
-74.6811
-74.6782
-74.6783
-74.6791
-74.6794
-74.6793
-74.6763
-74.6748
-74.6772
-74.6845
-74.6895
-74.6945
-74.6966
-74.6954
-74.6921
-74.6882
-74.6829
-74.6762
-74.6693
-74.6622
-74.6556
-74.6543
-74.6558
-74.6568
-74.6575
-74.6565
-74.653
-74.6539
-74.6572
-74.6622
-74.6691
-74.6737
-74.6783
-74.6803
-74.6792
-74.6748
-74.6675
-74.6613
-74.6574
-74.652
-74.6447
-74.6389
-74.6359
-74.6357
-74.6366
-74.6376
-74.6366
-74.6347
-74.633
-74.6335
-74.6384
-74.6417
-74.6407
-74.6412
-74.6457
-74.6494
-74.6516
-74.6496
-74.6429
-74.6356
-74.6306
-74.6256
-74.622
-74.6173
-74.6112
-74.6051
-74.6056
-74.6105
-74.6145
-74.6158
-74.6118
-74.6123
-74.6166
-74.6183
-74.6184
-74.6179
-74.6177
-74.617
-74.6195
-74.6198
-74.6182
-74.6149
-74.6132
-74.6126
-74.6118
-74.6086
-74.6037
-74.5947
-74.5864
-74.5819
-74.5785
-74.5796
-74.5812
-74.5842
-74.5859
-74.5866
-74.5862
-74.5831
-74.5808
-74.5805
-74.5821
-74.5834
-74.5827
-74.5796
-74.5764
-74.5737
-74.5685
-74.5649
-74.5659
-74.5679
-74.5665
-74.5636
-74.5646
-74.5663
-74.5641
-74.5582
-74.5508
-74.5435
-74.5392
-74.5355
-74.5363
-74.5466
-74.5551
-74.5568
-74.5562
-74.5555
-74.5523
-74.5497
-74.5504
-74.553
-74.5549
-74.5533
-74.5444
-74.5347
-74.53
-74.5284
-74.5238
-74.5206
-74.5179
-74.5158
-74.5146
-74.513
-74.5148
-74.5191
-74.5202
-74.518
-74.5136
-74.5053
-74.5024
-74.5012
-74.4978
-74.496
-74.4958
-74.495
-74.4935
-74.4951
-74.4938
-74.4912
-74.4901
-74.4903
-74.4937
-74.4965
-74.4977
-74.4952
-74.4936
-74.4904
-74.4817
-74.4706
-74.4616
-74.4535
-74.4537
-74.4541
-74.4509
-74.4469
-74.4437
-74.4436
-74.4442
-74.441
-74.4382
-74.4385
-74.4391
-74.4399
-74.4404
-74.4414
-74.4441
-74.4494
-74.4517
-74.4476
-74.4395
-74.4306
-74.4217
-74.4082
-74.3951
-74.3914
-74.3926
-74.3951
-74.4023
-74.4074
-74.4181
-74.431
-74.4375
-74.4395
-74.439
-74.4372
-74.4309
-74.4209
-74.4101
-74.4003
-74.3922
-74.3907
-74.3872
-74.3813
-74.3763
-74.3715
-74.3691
-74.3681
-74.3658
-74.3631
-74.3634
-74.362
-74.3563
-74.3463
-74.3392
-74.3356
-74.3348
-74.344
-74.3537
-74.3614
-74.364
-74.364
-74.3646
-74.3631
-74.3567
-74.3441
-74.328
-74.3138
-74.3028
-74.2905
-74.2746
-74.2586
-74.2503
-74.25
-74.2607
-74.272
-74.2783
-74.2856
-74.2905
-74.2947
-74.2945
-74.2915
-74.2886
-74.286
-74.2858
-74.2853
-74.2794
-74.2685
-74.258
-74.2525
-74.249
-74.2459
-74.2456
-74.2466
-74.2492
-74.2486
-74.2444
-74.2382
-74.233
-74.2258
-74.2215
-74.2215
-74.2207
-74.2182
-74.2133
-74.2079
-74.2076
-74.2083
-74.2047
-74.1967
-74.1927
-74.1929
-74.1931
-74.1868
-74.1824
-74.1807
-74.1824
-74.1832
-74.1787
-74.1693
-74.1562
-74.1456
-74.1439
-74.1373
-74.1236
-74.1135
-74.1125
-74.1129
-74.1098
-74.1167
-74.1221
-74.1222
-74.118
-74.1065
-74.0919
-74.0769
-74.0601
-74.0444
-74.0341
-74.0217
-74.014
-74.0151
-74.0224
-74.0326
-74.0412
-74.0467
-74.0485
-74.0438
-74.037
-74.0333
-74.0313
-74.0403
-74.0597
-74.0729
-74.0796
-74.0832
-74.0801
-74.0716
-74.0591
-74.0415
-74.0206
-74.0122
-74.0114
-74.0144
-74.0175
-74.0209
-74.0259
-74.0272
-74.0233
-74.0151
-74.0074
-73.997
-73.981
-73.9636
-73.9493
-73.9404
-73.9382
-73.9413
-73.9555
-73.9721
-73.9812
-73.9823
-73.9765
-73.9633
-73.948
-73.9383
-73.9339
-73.9315
-73.9243
-73.9156
-73.9063
-73.896
-73.8906
-73.891
-73.891
-73.8878
-73.8855
-73.8812
-73.876
-73.8725
-73.8763
-73.8799
-73.8831
-73.8888
-73.8887
-73.8845
-73.8738
-73.857
-73.8362
-73.8173
-73.7977
-73.7749
-73.7494
-73.7263
-73.7213
-73.7207
-73.7166
-73.7093
-73.6961
-73.6903
-73.6977
-73.7057
-73.706
-73.6996
-73.696
-73.6957
-73.6955
-73.6923
-73.6823
-73.6669
-73.6535
-73.6389
-73.6266
-73.6125
-73.6005
-73.5867
-73.5686
-73.5466
-73.522
-73.4954
-73.4674
-73.4384
-73.4087
-73.3785
-73.3479
-73.3171
-73.2861
-73.255
-73.2238
-73.1927
-73.1617
-73.1308
-73.1003
-73.0786
-73.0616
-73.0519
-73.048
-73.0654
-73.0837
-73.0915
-73.0979
-73.0995
-73.0942
-73.0956
-73.1132
-73.1266
-73.1368
-73.1426
-73.1402
-73.1308
-73.1164
-73.101
-73.0919
-73.0813
-73.0666
-73.0531
-73.0487
-73.0501
-73.0468
-73.0429
-73.0468
-73.0544
-73.0645
-73.0683
-73.0638
-73.053
-73.0377
-73.0193
-72.9987
-72.9765
-72.9532
-72.9292
-72.9135
-72.9069
-72.9074
-72.9041
-72.8948
-72.8806
-72.8631
-72.8432
-72.8218
-72.8072
-72.7988
-72.7879
-72.7731
-72.7636
-72.7591
-72.7543
-72.7561
-72.7547
-72.7474
-72.7351
-72.7195
-72.7015
-72.6818
-72.661
-72.6394
-72.6172
-72.5946
-72.5718
-72.5488
-72.5256
-72.5118
-72.5171
-72.5266
-72.5293
-72.5248
-72.5159
-72.5161
-72.5175
-72.5136
-72.5048
-72.5
-72.5024
-72.5009
-72.4941
-72.4831
-72.4691
-72.4531
-72.4356
-72.4171
-72.3979
-72.3782
-72.3581
-72.3379
-72.3174
-72.2969
-72.2764
-72.2559
-72.2355
-72.2151
-72.1948
-72.1747
-72.1547
-72.1348
-72.1195
-72.1193
-72.1198
-72.1158
-72.1076
-72.0964
-72.0832
-72.0687
-72.0532
-72.0371
-72.0206
-72.0039
-71.987
-71.97
-71.953
-71.9361
-71.9191
-71.9023
-71.8855
-71.8688
-71.8523
-71.8359
-71.8196
-71.8035
-71.7876
-71.7718
-71.7562
-71.7407
-71.7254
-71.7102
-71.6953
-71.6805
-71.6658
-71.6513
-71.637
-71.6229
-71.6089
-71.5951
-71.5814
-71.5679
-71.5546
-71.5414
-71.5284
-71.5156
-71.5029
-71.4903
-71.4779
-71.4656
-71.4535
-71.4416
-71.4298
-71.4181
-71.4066
-71.3952
-71.384
-71.3729
-71.3619
-71.3511
-71.3404
-71.3299
-71.3194
-71.3092
-71.299
-71.289
-71.2791
-71.2693
-71.2597
-71.2501
-71.2407
-71.2315
-71.2223
-71.2133
-71.2043
-71.1955
-71.1868
-71.1782
-71.1698
-71.1614
-71.1531
-71.145
-71.1369
-71.129
-71.1212
-71.1134
-71.1058
-71.0982
-71.0908
-71.0835
-71.0762
-71.0691
-71.062
-71.0551
-71.0482
-71.0414
-71.0347
-71.0281
-71.0216
-71.0152
-71.0089
-71.0026
-70.9965
-70.9904
-70.9844
-70.9785
-70.9726
-70.9669
-70.9612
-70.9556
-70.9501
-70.9446
-70.9392
-70.9339
-70.9287
-70.9235
-70.9185
-70.9134
-70.9085
-70.9036
-70.8988
-70.8941
-70.8894
-70.8848
-70.8803
-70.8758
-70.8714
-70.867
-70.8627
-70.8585
-70.8543
-70.8502
-70.8462
-70.8422
-70.8382
-70.8344
-70.8305
-70.8268
-70.8231
-70.8194
-70.8158
-70.8122
-70.8088
-70.8053
-70.8019
-70.7986
-70.7953
-70.792
-70.7888
-70.7857
-70.7826
-70.7795
-70.7765
-70.7736
-70.7706
-70.7678
-70.7649
-70.7622
-70.7594
-70.7567
-70.7541
-70.7514
-70.7489
-70.7463
-70.7438
-70.7414
-70.739
-70.7366
-70.7342
-70.7319
-70.7297
-70.7274
-70.7252
-70.7231
-70.721
-70.7189
-70.7168
-70.7148
-70.7128
-70.7109
-70.7089
-70.707
-70.7052
-70.7034
-70.7016
-70.6998
-70.6981
-70.6963
-70.6947
-70.693
-70.6914
-70.6898
-70.6882
-70.6867
-70.6852
-70.6837
-70.6822
-70.6808
-70.6794
-70.678
-70.6767
-70.6753
-70.674
-70.6728
-70.6715
-70.6703
-70.669
-70.6678
-70.6667
-70.6655
-70.6644
-70.6633
-70.6622
-70.6612
-70.6601
-70.6591
-70.6581
-70.6571
-70.6562
-70.6552
-70.6543
-70.6534
-70.6525
-70.6516
-70.6508
-70.6499
-70.6491
-70.6483
-70.6476
-70.6468
-70.646
-70.6453
-70.6446
-70.6439
-70.6432
-70.6425
-70.6419
-70.6412
-70.6406
-70.64
-70.6394
-70.6388
-70.6383
-70.6377
-70.6372
-70.6366
-70.6361
-70.6356
-70.6351
-70.6346
-70.6342
-70.6337
-70.6333
-70.6328
-70.6324
-70.632
-70.6316
-70.6312
-70.6309
-70.6305
-70.6301
-70.6298
-70.6295
-70.6291
-70.6288
-70.6285
-70.6282
-70.6279
-70.6277
-70.6274
-70.6271
-70.6269
-70.6267
-70.6264
-70.6262
-70.626
-70.6258
-70.6256
-70.6254
-70.6252
-70.625
-70.6249
-70.6247
-70.6245
-70.6244
-70.6242
-70.6241
-70.624
-70.6239
-70.6238
-70.6236
-70.6235
-70.6235
-70.6234
-70.6233
-70.6232
-70.6231
-70.6231
-70.623
-70.623
-70.6229
-70.6229
-70.6228
-70.6228
-70.6228
-70.6227
-70.6227
-70.6227
-70.6227
-70.6227
-70.6227
-70.6227
-70.6227
-70.6227
-70.6227
-70.6227
-70.6228
-70.6228
-70.6228
-70.6229
-70.6229
-70.6229
-70.623
-70.623
-70.6231
-70.6232
-70.6232
-70.6233
-70.6233
-70.6234
-70.6235
-70.6236
-70.6236
-70.6237
-70.6238
-70.6239
-70.624
-70.6241
-70.6241
-70.6242
-70.6243
-70.6244
-70.6245
-70.6246
-70.6248
-70.6249
-70.625
-70.6251
-70.6252
-70.6253
-70.6254
-70.6256
-70.6257
-70.6258
-70.6259
-70.6261
-70.6262
-70.6263
-70.6264
-70.6266
-70.6267
-70.6269
-70.627
-70.6271
-70.6273
-70.6274
-70.6275
-70.6277
-70.6278
-70.628
-70.6281
-70.6283
-70.6284
-70.6286
-70.6287
-70.6289
-70.629
-70.6292
-70.6293
-70.6295
-70.6296
-70.6298
-70.6299
-70.6301
-70.6303
-70.6304
-70.6306
-70.6307
-70.6309
-70.6311
-70.6312
-70.6314
-70.6315
-70.6317
-70.6319
-70.632
-70.6322
-70.6323
-70.6325
-70.6327
-70.6328
-70.633
-70.6332
-70.6333
-70.6335
-70.6337
-70.6338
-70.634
-70.6341
-70.6343
-70.6345
-70.6346
-70.6348
-70.635
-70.6351
-70.6353
-70.6355
-70.6356
-70.6358
-70.6359
-70.6361
-70.6363
-70.6364
-70.6366
-70.6368
-70.6369
-70.6371
-70.6372
-70.6374
-70.6376
-70.6377
-70.6379
-70.6381
-70.6382
-70.6384
-70.6385
-70.6387
-70.6388
-70.639
-70.6392
-70.6393
-70.6395
-70.6396
-70.6398
-70.6399
-70.6401
-70.6403
-70.6404
-70.6406
-70.6407
-70.6409
-70.641
-70.6412
-70.6413
-70.6415
-70.6416
-70.6418
-70.6419
-70.6421
-70.6422
-70.6424
-70.6425
-70.6427
-70.6428
-70.643
-70.6431
-70.6433

