-70
-70.1661
-70.23
-70.2566
-70.2695
-70.2773
-70.283
-70.2879
-70.2925
-70.297
-70.3014
-70.3057
-70.31
-70.3142
-70.3185
-70.3226
-70.3268
-70.3309
-70.335
-70.3391
-70.3431
-70.3471
-70.351
-70.3549
-70.3588
-70.3626
-70.3664
-70.3701
-70.3738
-70.3775
-70.3811
-70.3847
-70.3883
-70.3918
-70.3953
-70.3987
-70.4021
-70.4055
-70.4088
-70.4121
-70.4154
-70.4186
-70.4218
-70.4249
-70.428
-70.4311
-70.4341
-70.4372
-70.4401
-70.4431
-70.446
-70.4489
-70.4517
-70.4545
-70.4573
-70.4601
-70.4628
-70.4655
-70.4682
-70.4708
-70.4734
-70.476
-70.4785
-70.481
-70.4835
-70.486
-70.4884
-70.4908
-70.4932
-70.4955
-70.4978
-70.5001
-70.5024
-70.5046
-70.5068
-70.509
-70.5112
-70.5133
-70.5154
-70.5175
-70.5196
-70.5216
-70.5236
-70.5256
-70.5276
-70.5295
-70.5315
-70.5334
-70.5352
-70.5371
-70.5389
-70.5407
-70.5425
-70.5443
-70.5461
-70.5478
-70.5495
-70.5512
-70.5528
-70.5545
-70.5561
-70.5577
-70.5593
-70.5609
-70.5624
-70.5639
-70.5655
-70.5669
-70.5684
-70.5699
-70.5713
-70.5727
-70.5741
-70.5755
-70.5769
-70.5782
-70.5796
-70.5809
-70.5822
-70.5835
-70.5848
-70.586
-70.5873
-70.5885
-70.5897
-70.5909
-70.5921
-70.5932
-70.5944
-70.5955
-70.5966
-70.5977
-70.5988
-70.5999
-70.601
-70.602
-70.603
-70.6041
-70.6051
-70.6061
-70.6071
-70.608
-70.609
-70.6099
-70.6109
-70.6118
-70.6127
-70.6136
-70.6145
-70.6154
-70.6162
-70.6171
-70.6179
-70.6187
-70.6196
-70.6204
-70.6212
-70.622
-70.6227
-70.6235
-70.6242
-70.625
-70.6257
-70.6265
-70.6272
-70.6279
-70.6286
-70.6293
-70.6299
-70.6306
-70.6313
-70.6319
-70.6325
-70.6332
-70.6338
-70.6344
-70.635
-70.6356
-70.6362
-70.6368
-70.6374
-70.6379
-70.6385
-70.639
-70.6396
-70.6401
-70.6406
-70.6411
-70.6417
-70.6422
-70.6427
-70.6431
-70.6436
-70.6441
-70.6446
-70.645
-70.6455
-70.6459
-70.6464
-70.6468
-70.6472
-70.6476
-70.6481
-70.6485
-70.6489
-70.6493
-70.6497
-70.65
-70.6504
-70.6508
-70.6512
-70.6515
-70.6519
-70.6522
-70.6526
-70.6529
-70.6533
-70.6536
-70.6539
-70.6542
-70.6545
-70.6549
-70.6552
-70.6555
-70.6558
-70.656
-70.6563
-70.6566
-70.6569
-70.6572
-70.6574
-70.6577
-70.658
-70.6582
-70.6585
-70.6587
-70.6589
-70.6592
-70.6594
-70.6597
-70.6599
-70.6601
-70.6603
-70.6605
-70.6607
-70.661
-70.6612
-70.6614
-70.6616
-70.6617
-70.6619
-70.6621
-70.6623
-70.6625
-70.6627
-70.6628
-70.663
-70.6632
-70.6633
-70.6635
-70.6637
-70.6638
-70.664
-70.6641
-70.6643
-70.6644
-70.6646
-70.6647
-70.6648
-70.665
-70.6651
-70.6652
-70.6653
-70.6655
-70.6656
-70.6657
-70.6658
-70.6659
-70.666
-70.6662
-70.6663
-70.6664
-70.6665
-70.6666
-70.6667
-70.6668
-70.6669
-70.667
-70.667
-70.6671
-70.6672
-70.6673
-70.6674
-70.6675
-70.6675
-70.6676
-70.6677
-70.6678
-70.6678
-70.6679
-70.668
-70.668
-70.6681
-70.6682
-70.6682
-70.6683
-70.6683
-70.6684
-70.6685
-70.6685
-70.6686
-70.6686
-70.6687
-70.6687
-70.6688
-70.6688
-70.6688
-70.6689
-70.6689
-70.669
-70.669
-70.669
-70.6691
-70.6691
-70.6691
-70.6692
-70.6692
-70.6692
-70.6693
-70.6693
-70.6693
-70.6694
-70.6694
-70.6694
-70.6694
-70.6694
-70.6695
-70.6695
-70.6695
-70.6695
-70.6695
-70.6696
-70.6696
-70.6696
-70.6696
-70.6696
-70.6696
-70.6696
-70.6697
-70.6697
-70.6697
-70.6697
-70.6697
-70.6697
-70.6697
-70.6697
-70.6697
-70.6697
-70.6697
-70.6697
-70.6697
-70.6697
-70.6697
-70.6697
-70.6697
-70.6697
-70.6697
-70.6697
-70.6697
-70.6697
-70.6697
-70.6697
-70.6697
-70.6697
-70.6697
-70.6697
-70.6697
-70.6697
-70.6697
-70.6697
-70.6697
-70.6697
-70.6697
-70.6696
-70.6696
-70.6696
-70.6696
-70.6696
-70.6696
-70.6696
-70.6696
-70.6696
-70.6695
-70.6695
-70.6695
-70.6695
-70.6695
-70.6695
-70.6695
-70.6695
-70.6694
-70.6694
-70.6694
-70.6694
-70.6694
-70.6694
-70.6693
-70.6693
-70.6693
-70.6693
-70.6693
-70.6693
-70.6693
-70.6692
-70.6692
-70.6692
-70.6692
-70.6692
-70.6691
-70.6691
-70.6691
-70.6691
-70.6691
-70.6691
-70.669
-70.669
-70.669
-70.669
-70.669
-70.6689
-70.6689
-70.6689
-70.6689
-70.6689
-70.6688
-70.6688
-70.6688
-70.6688
-70.6688
-70.6687
-70.6687
-70.6687
-70.6687
-70.6686
-70.6686
-70.6686
-70.6686
-70.6686
-70.6685
-70.6685
-70.6685
-70.6685
-70.6685
-70.6684
-70.6684
-70.6684
-70.6684
-70.6684
-70.6683
-70.6683
-70.6683
-70.6683
-70.6682
-70.6682
-70.6682
-70.6682
-70.6682
-70.6681
-70.6681
-70.6681
-70.6681
-70.6681
-70.6817
-70.8382
-71.3827
-72.1985
-73.0345
-57.8015
-52.2902
-50.2429
-48.4563
-45.1557
-10.6247
-20.4177
-47.4207
-68.7789
-68.3606
-67.3374
-66.2778
-65.207
-64.1432
-63.1037
-62.1047
-61.1615
-60.2172
-59.1877
-58.3526
-57.6351
-57.0079
-56.4603
-55.9861
-55.552
-55.1662
-54.849
-54.5879
-54.3739
-54.1998
-54.0545
-53.9164
-53.8067
-53.7227
-53.6584
-53.6096
-53.5729
-53.546
-53.5102
-53.4801
-53.4606
-53.4487
-53.4419
-53.4388
-53.4383
-53.4399
-53.4412
-53.4262
-53.4157
-53.4116
-53.4116
-53.4138
-53.4174
-53.422
-53.4272
-53.4329
-53.439
-53.4456
-53.4399
-53.4224
-53.4141
-53.412
-53.4131
-53.4159
-53.4195
-53.4237
-53.4281
-53.4328
-53.4377
-53.4426
-53.4477
-53.4521
-53.456
-53.4593
-53.4619
-53.4615
-53.4254
-53.4047
-53.3957
-53.3908
-53.3858
-53.3773
-53.3575
-53.2703
-52.7566
-52.649
-52.7589
-52.8887
-52.9921
-53.0652
-53.1142
-53.1472
-53.1712
-53.1914
-53.2113
-53.2332
-53.2595
-53.2928
-53.3357
-53.3909
-53.4589
-53.5384
-53.6273
-53.6826
-53.54
-53.4857
-53.471
-53.4711
-53.4774
-53.4871
-53.4993
-53.5135
-53.5296
-53.5478
-53.5679
-53.5902
-53.6148
-53.6418
-53.6715
-53.704
-53.7396
-53.7787
-53.8214
-53.8681
-53.919
-53.9743
-54.0346
-54.1
-54.1711
-54.248
-54.3309
-54.4205
-54.5172
-54.6216
-54.7341
-54.8552
-54.9857
-55.1262
-55.277
-55.4384
-55.3879
-53.7253
-53.2885
-53.2118
-53.2322
-53.276
-53.3222
-53.3653
-53.4041
-53.4393
-53.4718
-53.5025
-53.5316
-53.5597
-53.5874
-53.6152
-53.6435
-53.6728
-53.7034
-53.7359
-53.7706
-53.8089
-53.85
-53.8939
-53.9408
-53.9912
-54.0477
-54.1105
-54.1771
-54.2476
-54.3224
-54.4036
-54.4933
-54.5887
-54.6895
-54.7965
-54.9117
-55.0482
-55.1979
-55.3515
-55.5092
-55.6724
-55.8464
-56.0356
-56.2321
-54.2304
-53.2493
-53.0618
-53.0737
-53.1327
-53.1964
-53.254
-53.3039
-53.3471
-53.385
-53.4186
-53.4487
-53.4762
-53.5033
-53.53
-53.5559
-53.5813
-53.6069
-53.6331
-53.6604
-53.6901
-53.7228
-53.7572
-53.7937
-53.8362
-53.8841
-53.934
-53.9861
-54.0413
-54.1002
-54.1631
-54.2306
-54.3069
-54.3909
-54.4792
-54.5786
-54.6937
-54.813
-54.935
-55.0615
-55.1939
-55.333
-55.4787
-55.6311
-55.7965
-55.9813
-56.175
-56.3954
-56.6322
-56.8649
-57.0935
-57.3214
-57.5508
-57.7822
-58.0156
-53.8318
-52.8976
-52.7617
-52.8249
-52.9313
-53.0353
-53.1251
-53.1996
-53.2612
-53.3129
-53.357
-53.3953
-53.4293
-53.4601
-53.4887
-53.5171
-53.5467
-53.5771
-53.6076
-53.6379
-53.6688
-53.7009
-53.7349
-53.7711
-53.8099
-53.8516
-53.8998
-53.9592
-54.0238
-54.0899
-54.1586
-54.2309
-54.3074
-54.3889
-54.4762
-54.5696
-54.6695
-54.7789
-54.9137
-55.0697
-55.2275
-55.3863
-55.5481
-55.7153
-55.8889
-56.0699
-56.2588
-56.4555
-56.6594
-54.2736
-53.1719
-52.9718
-52.992
-53.0632
-53.1385
-53.2054
-53.2622
-53.3107
-53.3548
-53.3962
-53.4349
-53.4747
-53.5121
-53.5475
-53.5823
-53.6177
-53.6533
-53.6896
-53.7453
-53.8263
-53.9167
-54.01
-54.0989
-54.1849
-54.2692
-54.355
-54.4476
-54.5526
-54.6825
-54.8477
-55.0411
-55.2388
-55.4304
-55.6207
-55.8148
-56.0172
-56.2324
-56.4636
-56.7257
-57.0358
-57.3875
-57.7509
-58.1135
-58.4777
-58.8447
-59.2175
-59.5992
-59.9977
-60.4185
-60.889
-61.4154
-61.9601
-62.4919
-63.0027
-63.4993
-63.9794
-64.4495
-64.913
-65.3761
-65.8574
-66.3773
-66.917
-67.4426
-67.9275
-68.3725
-68.7865
-69.1665
-69.5184
-69.8492
-70.1693
-70.4943
-70.835
-71.1744
-71.4946
-71.777
-72.0258
-72.2473
-72.4423
-72.6142
-72.7702
-72.919
-73.0696
-73.2255
-73.3812
-73.5272
-73.6524
-73.758
-73.8489
-73.926
-73.9909
-74.0473
-74.1008
-74.1557
-74.2155
-74.2775
-74.3375
-74.3896
-74.4317
-74.4646
-74.4923
-74.5133
-74.5286
-74.5412
-74.5553
-74.5745
-74.5971
-74.6216
-74.6451
-74.6644
-74.679
-74.6879
-74.6939
-74.697
-74.6973
-74.6967
-74.698
-74.7033
-74.7117
-74.7227
-74.7337
-74.7425
-74.7478
-74.7496
-74.7479
-74.7451
-74.7414
-74.7368
-74.7333
-74.7337
-74.7372
-74.7434
-74.7505
-74.7566
-74.7605
-74.7618
-74.7603
-74.7556
-74.7507
-74.7456
-74.7396
-74.7366
-74.7359
-74.7371
-74.7411
-74.7459
-74.7504
-74.7528
-74.7526
-74.7497
-74.745
-74.7407
-74.7367
-74.7324
-74.7299
-74.7293
-74.7289
-74.7317
-74.7352
-74.7392
-74.7427
-74.7432
-74.7412
-74.7374
-74.7317
-74.7251
-74.7198
-74.7174
-74.7166
-74.7157
-74.7148
-74.7165
-74.7179
-74.7199
-74.7241
-74.7263
-74.7247
-74.7233
-74.7192
-74.7125
-74.7069
-74.7051
-74.7059
-74.7072
-74.7068
-74.7072
-74.7071
-74.7063
-74.7064
-74.7098
-74.7117
-74.7096
-74.7068
-74.7019
-74.6941
-74.6891
-74.6868
-74.6884
-74.6892
-74.689
-74.6903
-74.691
-74.6892
-74.6867
-74.6867
-74.691
-74.6929
-74.6916
-74.6889
-74.6845
-74.6808
-74.6776
-74.676
-74.6779
-74.6777
-74.6783
-74.6792
-74.6792
-74.6759
-74.6721
-74.6692
-74.6702
-74.6723
-74.6714
-74.6692
-74.6657
-74.6631
-74.6603
-74.6574
-74.6567
-74.6566
-74.6561
-74.6579
-74.6608
-74.6612
-74.6582
-74.6545
-74.6513
-74.6497
-74.6512
-74.6509
-74.6478
-74.647
-74.6485
-74.6489
-74.6483
-74.6483
-74.6465
-74.6414
-74.6378
-74.6377
-74.6404
-74.6439
-74.6418
-74.6364
-74.6336
-74.6309
-74.6295
-74.6303
-74.6295
-74.6264
-74.6222
-74.618
-74.6199
-74.6236
-74.6262
-74.6255
-74.6201
-74.6138
-74.6113
-74.6133
-74.6174
-74.6186
-74.6157
-74.6109
-74.607
-74.605
-74.6044
-74.6067
-74.609
-74.6092
-74.6068
-74.6034
-74.6016
-74.6012
-74.6012
-74.6017
-74.6003
-74.5959
-74.591
-74.5881
-74.5895
-74.5914
-74.5915
-74.5881
-74.5843
-74.5815
-74.5798
-74.5798
-74.5792
-74.5814
-74.5832
-74.5849
-74.5844
-74.5832
-74.581
-74.5776
-74.5742
-74.5684
-74.5633
-74.5601
-74.5562
-74.553
-74.5532
-74.5558
-74.557
-74.554
-74.5473
-74.5406
-74.541
-74.5449
-74.548
-74.5515
-74.5518
-74.5532
-74.5578
-74.5603
-74.5611
-74.5615
-74.5583
-74.5536
-74.5489
-74.5429
-74.5337
-74.5229
-74.5151
-74.5127
-74.5137
-74.5164
-74.516
-74.5152
-74.5128
-74.5058
-74.4979
-74.4953
-74.497
-74.5054
-74.5134
-74.5191
-74.5184
-74.5176
-74.5212
-74.5264
-74.5309
-74.5334
-74.5338
-74.5333
-74.5291
-74.521
-74.5099
-74.4975
-74.4843
-74.4704
-74.4601
-74.4546
-74.457
-74.4581
-74.4543
-74.4494
-74.4449
-74.4427
-74.4367
-74.4284
-74.4274
-74.4353
-74.4455
-74.4534
-74.4622
-74.4694
-74.471
-74.4726
-74.4811
-74.4909
-74.4953
-74.4951
-74.496
-74.4955
-74.4908
-74.482
-74.4692
-74.4565
-74.4421
-74.4252
-74.4087
-74.3992
-74.3955
-74.3936
-74.388
-74.38
-74.3714
-74.3692
-74.369
-74.3649
-74.3581
-74.3534
-74.3497
-74.3503
-74.3583
-74.3659
-74.3719
-74.385
-74.3962
-74.4042
-74.4124
-74.4211
-74.4323
-74.4418
-74.4474
-74.4501
-74.4507
-74.4474
-74.4431
-74.4372
-74.4288
-74.4181
-74.4048
-74.3884
-74.3693
-74.3469
-74.3292
-74.3211
-74.3209
-74.3208
-74.3158
-74.3101
-74.3005
-74.2869
-74.2759
-74.2729
-74.27
-74.2622
-74.2508
-74.2436
-74.2397
-74.2407
-74.2535
-74.2682
-74.2773
-74.2804
-74.2832
-74.2899
-74.3001
-74.3097
-74.3144
-74.3171
-74.3232
-74.3329
-74.3414
-74.3497
-74.3568
-74.3607
-74.3582
-74.3542
-74.3496
-74.342
-74.3311
-74.3178
-74.3014
-74.2807
-74.2566
-74.2316
-74.2108
-74.1996
-74.1972
-74.199
-74.1998
-74.1986
-74.198
-74.199
-74.194
-74.1856
-74.1747
-74.1627
-74.1505
-74.1411
-74.1342
-74.1224
-74.1057
-74.0917
-74.0841
-74.0799
-74.0813
-74.094
-74.115
-74.1287
-74.1391
-74.1449
-74.1493
-74.1628
-74.1701
-74.172
-74.1676
-74.1613
-74.156
-74.1526
-74.1529
-74.1633
-74.1765
-74.1969
-74.2111
-74.215
-74.2113
-74.2087
-74.2059
-74.1981
-74.1865
-74.176
-74.1737
-74.1711
-74.1614
-74.1469
-74.1299
-74.1121
-74.092
-74.0693
-74.0496
-74.0387
-74.0335
-74.0381
-74.0513
-74.0588
-74.0557
-74.0436
-74.0271
-74.0158
-74.0059
-73.9986
-73.9889
-73.9803
-73.9707
-73.9603
-73.95
-73.9413
-73.9347
-73.928
-73.9224
-73.9192
-73.9123
-73.8986
-73.8794
-73.8563
-73.8326
-73.8171
-73.8135
-73.8116
-73.8131
-73.8208
-73.8364
-73.8509
-73.8603
-73.8725
-73.8847
-73.8894
-73.8879
-73.8786
-73.8722
-73.8875
-73.9069
-73.9205
-73.9244
-73.9241
-73.9245
-73.9283
-73.935
-73.9366
-73.9388
-73.9404
-73.9351
-73.9269
-73.9162
-73.9037
-73.8871
-73.873
-73.8661
-73.8703
-73.8735
-73.877
-73.881
-73.8769
-73.8663
-73.8609
-73.8653
-73.8687
-73.8682
-73.8607
-73.8463
-73.8268
-73.8056
-73.7868
-73.7792
-73.7839
-73.7876
-73.7833
-73.7722
-73.7644
-73.7563
-73.7425
-73.7248
-73.7134
-73.7201
-73.7348
-73.7452
-73.7487
-73.7564
-73.7682
-73.7865
-73.8046
-73.8118
-73.8079
-73.796
-73.7785
-73.7587
-73.7441
-73.7322
-73.7164
-73.6963
-73.6728
-73.6494
-73.6363
-73.6232
-73.6074
-73.5936
-73.577
-73.5564
-73.5344
-73.5167
-73.4976
-73.4754
-73.4505
-73.4238
-73.401
-73.3821
-73.3612
-73.3375
-73.3157
-73.2993
-73.2886
-73.2781
-73.263
-73.2497
-73.2389
-73.2326
-73.2338
-73.2322
-73.2267
-73.223
-73.2187
-73.2247
-73.2282
-73.2237
-73.2124
-73.2024
-73.1943
-73.1823
-73.1721
-73.1641
-73.152
-73.1357
-73.1161
-73.1021
-73.0958
-73.0941
-73.088
-73.0845
-73.0802
-73.0704
-73.0558
-73.0375
-73.0227
-73.0307
-73.0517
-73.076
-73.0955
-73.1121
-73.1199
-73.1182
-73.1094
-73.0955
-73.0839
-73.0785
-73.0849
-73.0946
-73.0965
-73.097
-73.0973
-73.0933
-73.093
-73.0893
-73.0797
-73.0653
-73.0475
-73.0272
-73.0053
-72.9821
-72.9581
-72.9333
-72.9081
-72.8827
-72.8661
-72.8549
-72.8413
-72.8243
-72.8048
-72.7835
-72.7611
-72.7378
-72.714
-72.6899
-72.6657
-72.6513
-72.6432
-72.6325
-72.6182
-72.6011
-72.5821
-72.5618
-72.5406
-72.5189
-72.4968
-72.4745
-72.4521
-72.4297
-72.4073
-72.3849
-72.3627
-72.3406
-72.3186
-72.2967
-72.2751
-72.2536
-72.2323
-72.2112
-72.1903
-72.1696
-72.1492
-72.1397
-72.14
-72.1377
-72.131
-72.1207
-72.1079
-72.0935
-72.0781
-72.0618
-72.0452
-72.0281
-72.011
-71.9936
-71.9763
-71.959
-71.9417
-71.9244
-71.9073
-71.8903
-71.8734
-71.8566
-71.84
-71.8236
-71.8073
-71.7911
-71.7751
-71.7718
-71.7797
-71.7845
-71.784
-71.7793
-71.7716
-71.762
-71.7511
-71.7392
-71.7268
-71.7139
-71.7007
-71.6873
-71.6739
-71.6603
-71.6468
-71.6333
-71.6198
-71.6064
-71.593
-71.5798
-71.5666
-71.5536
-71.5407
-71.5279
-71.5152
-71.5027
-71.4903
-71.478
-71.4659
-71.4539
-71.442
-71.4303
-71.4187
-71.4072
-71.3959
-71.3847
-71.3737
-71.3628
-71.352
-71.3413
-71.3308
-71.3204
-71.3102
-71.3
-71.29
-71.2802
-71.2704
-71.2608
-71.2513
-71.2419
-71.2326
-71.2235
-71.2145
-71.2055
-71.1967
-71.1881
-71.1795
-71.171
-71.1627
-71.1544
-71.1463
-71.1382
-71.1303
-71.1225
-71.1147
-71.1071
-71.0996
-71.0921
-71.0848
-71.0776
-71.0704
-71.0634
-71.0564
-71.0496
-71.0428
-71.0361
-71.0295
-71.023
-71.0166
-71.0103
-71.004
-70.9979
-70.9918
-70.9858
-70.9799
-70.974
-70.9683
-70.9626
-70.957
-70.9515
-70.946
-70.9407
-70.9354
-70.9301
-70.925
-70.9199
-70.9149
-70.9099
-70.905
-70.9002
-70.8955
-70.8908
-70.8862
-70.8817
-70.8772
-70.8728
-70.8684
-70.8641
-70.8599
-70.8557
-70.8516
-70.8476
-70.8436
-70.8396
-70.8358
-70.8319
-70.8282
-70.8245
-70.8208
-70.8172
-70.8136
-70.8101
-70.8067
-70.8033
-70.7999
-70.7966
-70.7934
-70.7902
-70.787
-70.7839
-70.7809
-70.7779
-70.7749
-70.772
-70.7691
-70.7663
-70.7635
-70.7607
-70.758
-70.7554
-70.7528
-70.7502
-70.7476
-70.7451
-70.7427
-70.7403
-70.7379
-70.7355
-70.7332
-70.7309
-70.7287
-70.7265
-70.7243
-70.7222
-70.7201
-70.7181
-70.716
-70.714
-70.7121
-70.7102
-70.7083
-70.7064
-70.7046
-70.7028
-70.701
-70.6992
-70.6975
-70.6958
-70.6942
-70.6926
-70.691
-70.6894
-70.6879
-70.6863
-70.6848
-70.6834
-70.6819
-70.6805
-70.6791
-70.6778
-70.6764
-70.6751
-70.6738
-70.6726
-70.6713
-70.6701
-70.6689
-70.6677
-70.6666
-70.6655
-70.6644
-70.6633
-70.6622
-70.6612
-70.6601
-70.6591
-70.6581
-70.6572
-70.6562
-70.6553
-70.6544
-70.6535
-70.6526
-70.6518
-70.6509
-70.6501
-70.6493
-70.6485
-70.6477
-70.647
-70.6462
-70.6455
-70.6448
-70.6441
-70.6435
-70.6428
-70.6421
-70.6415
-70.6409
-70.6403
-70.6397
-70.6391
-70.6386
-70.638
-70.6375
-70.637
-70.6365
-70.636
-70.6355
-70.635
-70.6345
-70.6341
-70.6337
-70.6332
-70.6328
-70.6324
-70.632
-70.6317
-70.6313
-70.6309
-70.6306
-70.6302
-70.6299
-70.6296
-70.6293
-70.629
-70.6287
-70.6284
-70.6281
-70.6279
-70.6276
-70.6274
-70.6271
-70.6269
-70.6267
-70.6265
-70.6263
-70.6261
-70.6259
-70.6257
-70.6255
-70.6254
-70.6252
-70.6251
-70.6249
-70.6248
-70.6246
-70.6245
-70.6244
-70.6243
-70.6242
-70.6241
-70.624
-70.6239
-70.6238
-70.6237
-70.6237
-70.6236
-70.6235
-70.6235
-70.6234
-70.6234
-70.6234
-70.6233
-70.6233
-70.6233
-70.6233
-70.6232
-70.6232
-70.6232
-70.6232
-70.6232
-70.6232
-70.6233
-70.6233
-70.6233
-70.6233
-70.6233
-70.6234
-70.6234
-70.6234
-70.6235
-70.6235
-70.6236
-70.6236
-70.6237
-70.6238
-70.6238
-70.6239
-70.6239
-70.624
-70.6241
-70.6242
-70.6242
-70.6243
-70.6244
-70.6245
-70.6246
-70.6247
-70.6248
-70.6249
-70.625
-70.6251
-70.6252
-70.6253
-70.6254
-70.6255
-70.6256
-70.6257
-70.6258
-70.626
-70.6261
-70.6262
-70.6263
-70.6264
-70.6266
-70.6267
-70.6268
-70.6269
-70.6271
-70.6272
-70.6273
-70.6275
-70.6276
-70.6278
-70.6279
-70.628
-70.6282
-70.6283
-70.6285
-70.6286
-70.6288
-70.6289
-70.629
-70.6292
-70.6293
-70.6295
-70.6296
-70.6298
-70.6299
-70.6301
-70.6303
-70.6304
-70.6306
-70.6307
-70.6309
-70.631
-70.6312
-70.6313
-70.6315
-70.6317
-70.6318
-70.632
-70.6321
-70.6323
-70.6325
-70.6326
-70.6328
-70.6329
-70.6331
-70.6333
-70.6334
-70.6336
-70.6337
-70.6339
-70.6341
-70.6342
-70.6344
-70.6345
-70.6347
-70.6349
-70.635
-70.6352
-70.6354
-70.6355
-70.6357
-70.6358
-70.636
-70.6362
-70.6363
-70.6365
-70.6366
-70.6368
-70.637
-70.6371
-70.6373
-70.6374
-70.6376
-70.6378
-70.6379
-70.6381
-70.6382
-70.6384
-70.6386
-70.6387
-70.6389
-70.639
-70.6392
-70.6393
-70.6395
-70.6397
-70.6398
-70.64
-70.6401
-70.6403
-70.6404
-70.6406
-70.6407
-70.6409
-70.641
-70.6412
-70.6413
-70.6415
-70.6416
-70.6418
-70.6419
-70.6421
-70.6422
-70.6424
-70.6425
-70.6427
-70.6428
-70.643
-70.6431
-70.6433
-70.6434
-70.6435
-70.6437
-70.6438
-70.644
-70.6441
-70.6442
-70.6444
-70.6445
-70.6447
-70.6448
-70.6449
-70.6451
-70.6452
-70.6453
-70.6455
-70.6456

