-70
-70.1661
-70.23
-70.2566
-70.2695
-70.2773
-70.283
-70.2879
-70.2925
-70.297
-70.3014
-70.3057
-70.31
-70.3142
-70.3185
-70.3226
-70.3268
-70.3309
-70.335
-70.3391
-70.3431
-70.3471
-70.351
-70.3549
-70.3588
-70.3626
-70.3664
-70.3701
-70.3738
-70.3775
-70.3811
-70.3847
-70.3883
-70.3918
-70.3953
-70.3987
-70.4021
-70.4055
-70.4088
-70.4121
-70.4154
-70.4186
-70.4218
-70.4249
-70.428
-70.4311
-70.4341
-70.4372
-70.4401
-70.4431
-70.446
-70.4489
-70.4517
-70.4545
-70.4573
-70.4601
-70.4628
-70.4655
-70.4682
-70.4708
-70.4734
-70.476
-70.4785
-70.481
-70.4835
-70.486
-70.4884
-70.4908
-70.4932
-70.4955
-70.4978
-70.5001
-70.5024
-70.5046
-70.5068
-70.509
-70.5112
-70.5133
-70.5154
-70.5175
-70.5196
-70.5216
-70.5236
-70.5256
-70.5276
-70.5295
-70.5315
-70.5334
-70.5352
-70.5371
-70.5389
-70.5407
-70.5425
-70.5443
-70.5461
-70.5478
-70.5495
-70.5512
-70.5528
-70.5545
-70.5561
-70.5577
-70.5593
-70.5609
-70.5624
-70.5639
-70.5655
-70.5669
-70.5684
-70.5699
-70.5713
-70.5727
-70.5741
-70.5755
-70.5769
-70.5782
-70.5796
-70.5809
-70.5822
-70.5835
-70.5848
-70.586
-70.5873
-70.5885
-70.5897
-70.5909
-70.5921
-70.5932
-70.5944
-70.5955
-70.5966
-70.5977
-70.5988
-70.5999
-70.601
-70.602
-70.603
-70.6041
-70.6051
-70.6061
-70.6071
-70.608
-70.609
-70.6099
-70.6109
-70.6118
-70.6127
-70.6136
-70.6145
-70.6154
-70.6162
-70.6171
-70.6179
-70.6187
-70.6196
-70.6204
-70.6212
-70.622
-70.6227
-70.6235
-70.6242
-70.625
-70.6257
-70.6265
-70.6272
-70.6279
-70.6286
-70.6293
-70.6299
-70.6306
-70.6313
-70.6319
-70.6325
-70.6332
-70.6338
-70.6344
-70.635
-70.6356
-70.6362
-70.6368
-70.6374
-70.6379
-70.6385
-70.639
-70.6396
-70.6401
-70.6406
-70.6411
-70.6417
-70.6422
-70.6427
-70.6431
-70.6436
-70.6441
-70.6446
-70.645
-70.6455
-70.6459
-70.6464
-70.6468
-70.6472
-70.6476
-70.6481
-70.6485
-70.6489
-70.6493
-70.6497
-70.65
-70.6504
-70.6508
-70.6512
-70.6515
-70.6519
-70.6522
-70.6526
-70.6529
-70.6533
-70.6536
-70.6539
-70.6542
-70.6545
-70.6549
-70.6552
-70.6555
-70.6558
-70.656
-70.6563
-70.6566
-70.6569
-70.6572
-70.6574
-70.6577
-70.658
-70.6582
-70.6585
-70.6587
-70.6589
-70.6592
-70.6594
-70.6597
-70.6599
-70.6601
-70.6603
-70.6605
-70.6607
-70.661
-70.6612
-70.6614
-70.6616
-70.6617
-70.6619
-70.6621
-70.6623
-70.6625
-70.6627
-70.6628
-70.663
-70.6632
-70.6633
-70.6635
-70.6637
-70.6638
-70.664
-70.6641
-70.6643
-70.6644
-70.6646
-70.6647
-70.6648
-70.665
-70.6651
-70.6652
-70.6653
-70.6655
-70.6656
-70.6657
-70.6658
-70.6659
-70.666
-70.6662
-70.6663
-70.6664
-70.6665
-70.6666
-70.6667
-70.6668
-70.6669
-70.667
-70.667
-70.6671
-70.6672
-70.6673
-70.6674
-70.6675
-70.6675
-70.6676
-70.6677
-70.6678
-70.6678
-70.6679
-70.668
-70.668
-70.6681
-70.6682
-70.6682
-70.6683
-70.6683
-70.6684
-70.6685
-70.6685
-70.6686
-70.6686
-70.6687
-70.6687
-70.6688
-70.6688
-70.6688
-70.6689
-70.6689
-70.669
-70.669
-70.669
-70.6691
-70.6691
-70.6691
-70.6692
-70.6692
-70.6692
-70.6693
-70.6693
-70.6693
-70.6694
-70.6694
-70.6694
-70.6694
-70.6694
-70.6695
-70.6695
-70.6695
-70.6695
-70.6695
-70.6696
-70.6696
-70.6696
-70.6696
-70.6696
-70.6696
-70.6696
-70.6697
-70.6697
-70.6697
-70.6697
-70.6697
-70.6697
-70.6697
-70.6697
-70.6697
-70.6697
-70.6697
-70.6697
-70.6697
-70.6697
-70.6697
-70.6697
-70.6697
-70.6697
-70.6697
-70.6697
-70.6697
-70.6697
-70.6697
-70.6697
-70.6697
-70.6697
-70.6697
-70.6697
-70.6697
-70.6697
-70.6697
-70.6697
-70.6697
-70.6697
-70.6697
-70.6696
-70.6696
-70.6696
-70.6696
-70.6696
-70.6696
-70.6696
-70.6696
-70.6696
-70.6695
-70.6695
-70.6695
-70.6695
-70.6695
-70.6695
-70.6695
-70.6695
-70.6694
-70.6694
-70.6694
-70.6694
-70.6694
-70.6694
-70.6693
-70.6693
-70.6693
-70.6693
-70.6693
-70.6693
-70.6693
-70.6692
-70.6692
-70.6692
-70.6692
-70.6692
-70.6691
-70.6691
-70.6691
-70.6691
-70.6691
-70.6691
-70.669
-70.669
-70.669
-70.669
-70.669
-70.6689
-70.6689
-70.6689
-70.6689
-70.6689
-70.6688
-70.6688
-70.6688
-70.6688
-70.6688
-70.6687
-70.6687
-70.6687
-70.6687
-70.6686
-70.6686
-70.6686
-70.6686
-70.6686
-70.6685
-70.6685
-70.6685
-70.6685
-70.6685
-70.6684
-70.6684
-70.6684
-70.6684
-70.6684
-70.6683
-70.6683
-70.6683
-70.6683
-70.6682
-70.6682
-70.6682
-70.6682
-70.6682
-70.6681
-70.6681
-70.6681
-70.6681
-70.6681
-70.6838
-70.9462
-71.7623
-72.6997
-73.4326
-73.8921
-57.0148
-52.0549
-50.047
-48.1132
-43.7628
10.7458
-25.5455
-55.7528
-69.0155
-68.2455
-67.2129
-66.1508
-65.08
-64.0181
-62.983
-61.9924
-61.061
-60.1974
-59.1569
-58.2832
-57.5599
-56.9361
-56.3947
-55.9271
-55.5134
-55.13
-54.8144
-54.5564
-54.346
-54.1753
-54.0362
-53.9025
-53.7939
-53.711
-53.6479
-53.6002
-53.5646
-53.5386
-53.5042
-53.4753
-53.4566
-53.4452
-53.4389
-53.4361
-53.4358
-53.4375
-53.4342
-53.4201
-53.4123
-53.4098
-53.4106
-53.4134
-53.4173
-53.422
-53.4273
-53.4331
-53.4393
-53.4372
-53.4211
-53.4129
-53.4108
-53.4118
-53.4145
-53.4181
-53.4222
-53.4267
-53.4314
-53.4362
-53.4412
-53.4463
-53.4514
-53.4559
-53.4597
-53.4483
-53.42
-53.4066
-53.4012
-53.3987
-53.3968
-53.3939
-53.3882
-53.3764
-53.3465
-53.168
-52.5703
-52.5354
-52.6783
-52.826
-52.9399
-53.0193
-53.0726
-53.1091
-53.1364
-53.16
-53.1839
-53.2108
-53.2436
-53.2853
-53.3493
-53.4338
-53.4604
-53.468
-53.4715
-53.4755
-53.4814
-53.4897
-53.5008
-53.5144
-53.5301
-53.5481
-53.5685
-53.5915
-53.6171
-53.6456
-53.6772
-53.7121
-53.7507
-53.7933
-53.8401
-53.8914
-53.9476
-54.0088
-54.0755
-54.148
-54.2267
-54.3117
-54.4035
-54.5027
-54.6099
-54.7255
-54.8501
-54.9844
-55.129
-54.0819
-53.4418
-53.2947
-53.286
-53.315
-53.3523
-53.3893
-53.4239
-53.4561
-53.4862
-53.5148
-53.5425
-53.5697
-53.5971
-53.6248
-53.6533
-53.6829
-53.7141
-53.7472
-53.7827
-53.8206
-53.8614
-53.9053
-53.9527
-54.0037
-54.0588
-54.1182
-54.1823
-54.2513
-54.3254
-54.405
-54.4905
-54.5825
-54.681
-54.7873
-54.909
-55.0401
-55.1772
-55.321
-55.4721
-55.6308
-53.9611
-53.2834
-53.1541
-53.1661
-53.2121
-53.2619
-53.3075
-53.3475
-53.3827
-53.4137
-53.4417
-53.4673
-53.4914
-53.5144
-53.5369
-53.5603
-53.5842
-53.6084
-53.6335
-53.6596
-53.6872
-53.7167
-53.7482
-53.7822
-53.8188
-53.8587
-53.9047
-53.9545
-54.007
-54.0627
-54.1223
-54.1861
-54.2544
-54.3273
-54.4051
-54.4884
-54.578
-54.6817
-54.7932
-54.9087
-55.0291
-55.1552
-55.2875
-55.4262
-55.5709
-55.7218
-55.879
-56.0422
-56.2236
-53.9745
-53.1569
-53.0176
-53.0445
-53.1083
-53.1731
-53.2301
-53.2786
-53.3197
-53.3548
-53.3853
-53.4129
-53.4382
-53.4614
-53.483
-53.5038
-53.5241
-53.5433
-53.562
-53.5806
-53.5996
-53.6192
-53.6393
-53.6621
-53.6872
-53.7123
-53.737
-53.7615
-53.7855
-53.8088
-53.8307
-53.8506
-53.8675
-53.8798
-53.8854
-53.8839
-53.8815
-53.8639
-53.8195
-53.7347
-53.5833
-53.3056
-52.7055
-50.3687
-35.6892
-13.4922
-30.9677
-49.5572
-57.5634
-58.0743
-60.4761
-60.0424
-59.2401
-58.458
-57.7441
-57.1063
-56.5444
-56.0571
-55.6393
-55.286
-54.9908
-54.7469
-54.5486
-54.3905
-54.2676
-54.1759
-54.1123
-54.0719
-54.0501
-54.0459
-54.0574
-54.0825
-54.1203
-54.1704
-54.2353
-54.3207
-54.4248
-54.5401
-54.669
-54.8024
-54.9399
-55.0854
-55.2424
-55.4175
-55.6276
-55.8733
-56.1458
-56.4292
-56.7216
-57.0124
-57.3071
-57.6141
-57.9362
-58.2805
-58.6665
-59.0904
-59.5476
-60.0151
-60.483
-60.9466
-61.4092
-61.876
-62.3521
-62.8411
-63.3467
-63.8711
-64.4142
-64.9579
-65.4883
-65.9985
-66.4842
-66.9506
-67.4051
-67.8474
-68.2824
-68.7144
-69.1462
-69.5679
-69.9647
-70.3347
-70.6734
-70.9813
-71.2658
-71.5315
-71.7811
-72.0203
-72.2533
-72.4838
-72.6987
-72.8931
-73.0689
-73.2242
-73.3602
-73.4822
-73.5924
-73.6944
-73.7911
-73.8868
-73.9824
-74.0699
-74.1462
-74.2143
-74.2732
-74.3226
-74.3649
-74.4018
-74.4353
-74.4672
-74.5009
-74.5372
-74.5716
-74.6004
-74.6246
-74.6455
-74.662
-74.6743
-74.6829
-74.6899
-74.6964
-74.7052
-74.7189
-74.7337
-74.7472
-74.7567
-74.7642
-74.7698
-74.7731
-74.7739
-74.7723
-74.7701
-74.7686
-74.7711
-74.778
-74.7853
-74.7915
-74.7947
-74.7964
-74.7971
-74.7965
-74.7946
-74.7908
-74.7863
-74.7826
-74.7832
-74.7873
-74.7922
-74.7957
-74.798
-74.798
-74.7974
-74.7961
-74.7935
-74.7899
-74.786
-74.781
-74.779
-74.7806
-74.7837
-74.7871
-74.7888
-74.7892
-74.7883
-74.7873
-74.7862
-74.7836
-74.7801
-74.7765
-74.7726
-74.7718
-74.7737
-74.7754
-74.7781
-74.7793
-74.7783
-74.7774
-74.7757
-74.7746
-74.7723
-74.7697
-74.7658
-74.7613
-74.7605
-74.7626
-74.7648
-74.7657
-74.7675
-74.7678
-74.7662
-74.7652
-74.7636
-74.762
-74.7609
-74.7585
-74.7547
-74.7509
-74.7497
-74.7525
-74.7557
-74.7557
-74.756
-74.7561
-74.7534
-74.7517
-74.7504
-74.7475
-74.7474
-74.7467
-74.7435
-74.7402
-74.7387
-74.74
-74.7418
-74.7446
-74.7447
-74.7445
-74.7443
-74.7422
-74.7403
-74.7385
-74.7362
-74.734
-74.7338
-74.7325
-74.7294
-74.7285
-74.73
-74.7304
-74.7309
-74.7296
-74.7287
-74.7283
-74.7287
-74.7273
-74.7249
-74.7243
-74.722
-74.7184
-74.7166
-74.7187
-74.7187
-74.7187
-74.7192
-74.7186
-74.7195
-74.7186
-74.7162
-74.7133
-74.712
-74.7137
-74.7127
-74.7119
-74.7114
-74.7085
-74.7038
-74.7021
-74.7038
-74.7045
-74.7058
-74.7048
-74.7022
-74.7021
-74.7031
-74.702
-74.6989
-74.6966
-74.6935
-74.6925
-74.6938
-74.6945
-74.6936
-74.6936
-74.6916
-74.6899
-74.6883
-74.6892
-74.6921
-74.6918
-74.6887
-74.6866
-74.6865
-74.6866
-74.6866
-74.6848
-74.682
-74.6778
-74.6751
-74.6736
-74.6726
-74.674
-74.6759
-74.6767
-74.6747
-74.6692
-74.6669
-74.6696
-74.6711
-74.6694
-74.6677
-74.667
-74.6664
-74.6674
-74.6671
-74.6663
-74.6649
-74.6608
-74.6542
-74.6515
-74.652
-74.6516
-74.6537
-74.656
-74.6588
-74.6563
-74.6515
-74.6483
-74.6483
-74.6488
-74.6477
-74.6467
-74.6462
-74.6486
-74.6507
-74.6508
-74.649
-74.6455
-74.6448
-74.6417
-74.6348
-74.6269
-74.623
-74.6245
-74.6291
-74.6327
-74.632
-74.6271
-74.6225
-74.6206
-74.6193
-74.617
-74.6175
-74.6163
-74.6161
-74.6185
-74.6233
-74.6266
-74.6297
-74.6291
-74.6255
-74.6217
-74.6175
-74.6118
-74.6043
-74.5971
-74.5941
-74.5985
-74.6038
-74.607
-74.6082
-74.6057
-74.6015
-74.5957
-74.5898
-74.5851
-74.5825
-74.5792
-74.5788
-74.5825
-74.5875
-74.5926
-74.5999
-74.6051
-74.6055
-74.6031
-74.599
-74.5946
-74.5896
-74.582
-74.5719
-74.5613
-74.5551
-74.557
-74.5617
-74.5657
-74.5674
-74.5679
-74.5663
-74.5641
-74.5606
-74.5548
-74.5503
-74.5465
-74.542
-74.5353
-74.5299
-74.5297
-74.5353
-74.5441
-74.5541
-74.5604
-74.5644
-74.5669
-74.5655
-74.5594
-74.5525
-74.5486
-74.5445
-74.5382
-74.5285
-74.521
-74.5154
-74.509
-74.5079
-74.5127
-74.5187
-74.5223
-74.5232
-74.5243
-74.5217
-74.518
-74.5138
-74.5107
-74.5083
-74.5057
-74.5048
-74.5023
-74.4978
-74.4896
-74.4807
-74.4832
-74.4886
-74.4905
-74.4959
-74.5006
-74.5002
-74.5018
-74.5037
-74.502
-74.4982
-74.4943
-74.4895
-74.4856
-74.4841
-74.4797
-74.4713
-74.46
-74.448
-74.4396
-74.4371
-74.4382
-74.4406
-74.4433
-74.4447
-74.447
-74.4502
-74.4489
-74.451
-74.4573
-74.4628
-74.4637
-74.4573
-74.4465
-74.436
-74.4272
-74.4184
-74.4105
-74.4036
-74.3989
-74.3977
-74.4
-74.4088
-74.4147
-74.4158
-74.409
-74.4022
-74.3991
-74.3952
-74.3939
-74.396
-74.4032
-74.4115
-74.4146
-74.4114
-74.4057
-74.3961
-74.3821
-74.3682
-74.3587
-74.355
-74.3532
-74.3479
-74.3428
-74.3402
-74.341
-74.3475
-74.3506
-74.347
-74.3463
-74.3475
-74.3569
-74.3725
-74.3842
-74.389
-74.3898
-74.3834
-74.3704
-74.3567
-74.3434
-74.3285
-74.3118
-74.2939
-74.2794
-74.2749
-74.275
-74.2798
-74.2868
-74.2907
-74.2947
-74.295
-74.2928
-74.2914
-74.2906
-74.2854
-74.2811
-74.2811
-74.2827
-74.2797
-74.2813
-74.2821
-74.2782
-74.2707
-74.2671
-74.2678
-74.2642
-74.2571
-74.2505
-74.2413
-74.2281
-74.2157
-74.2034
-74.1922
-74.1846
-74.1834
-74.193
-74.2057
-74.2118
-74.2123
-74.2138
-74.2168
-74.2136
-74.2076
-74.2095
-74.2147
-74.2163
-74.2157
-74.2162
-74.2219
-74.2264
-74.225
-74.2197
-74.2155
-74.2076
-74.1985
-74.1907
-74.1843
-74.1805
-74.1767
-74.1691
-74.1584
-74.1477
-74.1355
-74.119
-74.1003
-74.0866
-74.0794
-74.075
-74.0711
-74.0678
-74.065
-74.0652
-74.0724
-74.0796
-74.0796
-74.0774
-74.0745
-74.0711
-74.0667
-74.0629
-74.0583
-74.0545
-74.0556
-74.0623
-74.0677
-74.072
-74.0707
-74.066
-74.0599
-74.0516
-74.045
-74.0422
-74.0446
-74.0421
-74.0367
-74.0291
-74.0254
-74.022
-74.012
-73.9996
-73.985
-73.9786
-73.9709
-73.9608
-73.9563
-73.9549
-73.9467
-73.9342
-73.9216
-73.9167
-73.9207
-73.9245
-73.922
-73.9198
-73.9179
-73.9122
-73.9041
-73.8988
-73.8993
-73.8966
-73.8947
-73.8991
-73.897
-73.8866
-73.8697
-73.8527
-73.8352
-73.8168
-73.8094
-73.8166
-73.8255
-73.8307
-73.8343
-73.8466
-73.86
-73.871
-73.8794
-73.8816
-73.8797
-73.8707
-73.8554
-73.8355
-73.8202
-73.8203
-73.8188
-73.8133
-73.8044
-73.7915
-73.7848
-73.7785
-73.7713
-73.7672
-73.7633
-73.7551
-73.7476
-73.7407
-73.7289
-73.7115
-73.69
-73.6654
-73.6426
-73.623
-73.6019
-73.587
-73.5788
-73.5767
-73.5843
-73.5941
-73.5988
-73.5992
-73.5935
-73.5875
-73.5767
-73.5606
-73.5404
-73.5239
-73.5115
-73.5047
-73.5079
-73.5077
-73.4995
-73.4848
-73.4655
-73.4451
-73.4298
-73.4132
-73.3987
-73.3864
-73.378
-73.376
-73.385
-73.3956
-73.4044
-73.4065
-73.4
-73.3941
-73.3971
-73.4036
-73.41
-73.422
-73.4288
-73.4334
-73.4309
-73.4216
-73.4144
-73.4054
-73.3915
-73.3734
-73.3562
-73.3571
-73.3632
-73.362
-73.3603
-73.3574
-73.3566
-73.3512
-73.3396
-73.323
-73.3029
-73.2803
-73.2578
-73.243
-73.2283
-73.2103
-73.197
-73.1863
-73.172
-73.1537
-73.1325
-73.1092
-73.0845
-73.0588
-73.0325
-73.0056
-72.9785
-72.9512
-72.9237
-72.8962
-72.8688
-72.8413
-72.814
-72.7868
-72.7598
-72.7329
-72.7062
-72.6797
-72.6534
-72.6274
-72.6016
-72.576
-72.5506
-72.5255
-72.5006
-72.476
-72.4517
-72.4276
-72.4037
-72.3802
-72.3569
-72.3338
-72.311
-72.2884
-72.2661
-72.2441
-72.2223
-72.2008
-72.1795
-72.1584
-72.1376
-72.1246
-72.125
-72.1241
-72.1186
-72.1092
-72.097
-72.0829
-72.0676
-72.0515
-72.0349
-72.0179
-72.0007
-71.9833
-71.9659
-71.9485
-71.9311
-71.9138
-71.8966
-71.8842
-71.8886
-71.8936
-71.8935
-71.8887
-71.8806
-71.8703
-71.8584
-71.8455
-71.8318
-71.8177
-71.8033
-71.7886
-71.7738
-71.759
-71.7441
-71.7293
-71.7145
-71.6998
-71.6852
-71.6706
-71.6562
-71.6419
-71.6277
-71.6137
-71.5998
-71.586
-71.5724
-71.5589
-71.5456
-71.5324
-71.5194
-71.5065
-71.4938
-71.4812
-71.4688
-71.4565
-71.4444
-71.4324
-71.4206
-71.4089
-71.3973
-71.3859
-71.3746
-71.3635
-71.3525
-71.3416
-71.3309
-71.3203
-71.3099
-71.2996
-71.2894
-71.2793
-71.2694
-71.2596
-71.25
-71.2404
-71.231
-71.2217
-71.2125
-71.2035
-71.1945
-71.1857
-71.177
-71.1684
-71.1599
-71.1515
-71.1432
-71.1351
-71.127
-71.1191
-71.1112
-71.1035
-71.0959
-71.0883
-71.0809
-71.0735
-71.0663
-71.0592
-71.0521
-71.0452
-71.0383
-71.0315
-71.0248
-71.0183
-71.0118
-71.0054
-70.999
-70.9928
-70.9866
-70.9806
-70.9746
-70.9687
-70.9629
-70.9571
-70.9515
-70.9459
-70.9404
-70.9349
-70.9296
-70.9243
-70.9191
-70.914
-70.9089
-70.9039
-70.899
-70.8941
-70.8893
-70.8846
-70.88
-70.8754
-70.8709
-70.8664
-70.862
-70.8577
-70.8535
-70.8493
-70.8451
-70.841
-70.837
-70.8331
-70.8292
-70.8253
-70.8215
-70.8178
-70.8141
-70.8105
-70.8069
-70.8034
-70.7999
-70.7965
-70.7932
-70.7899
-70.7866
-70.7834
-70.7802
-70.7771
-70.7741
-70.771
-70.7681
-70.7651
-70.7623
-70.7594
-70.7566
-70.7539
-70.7512
-70.7485
-70.7459
-70.7433
-70.7408
-70.7383
-70.7358
-70.7334
-70.731
-70.7287
-70.7264
-70.7241
-70.7219
-70.7197
-70.7175
-70.7154
-70.7133
-70.7113
-70.7093
-70.7073
-70.7053
-70.7034
-70.7015
-70.6997
-70.6979
-70.6961
-70.6943
-70.6926
-70.6909
-70.6892
-70.6876
-70.686
-70.6844
-70.6829
-70.6813
-70.6798
-70.6784
-70.6769
-70.6755
-70.6741
-70.6727
-70.6714
-70.6701
-70.6688
-70.6675
-70.6663
-70.665
-70.6639
-70.6627
-70.6615
-70.6604
-70.6593
-70.6582
-70.6571
-70.6561
-70.6551
-70.6541
-70.6531
-70.6521
-70.6512
-70.6502
-70.6493
-70.6485
-70.6476
-70.6467
-70.6459
-70.6451
-70.6443
-70.6435
-70.6428
-70.642
-70.6413
-70.6406
-70.6399
-70.6392
-70.6385
-70.6379
-70.6373
-70.6366
-70.636
-70.6354
-70.6349
-70.6343
-70.6338
-70.6332
-70.6327
-70.6322
-70.6317
-70.6312
-70.6307
-70.6303
-70.6298
-70.6294
-70.629
-70.6286
-70.6282
-70.6278
-70.6274
-70.6271
-70.6267
-70.6264
-70.626
-70.6257
-70.6254
-70.6251
-70.6248
-70.6245
-70.6242
-70.624
-70.6237
-70.6235
-70.6232
-70.623
-70.6228
-70.6226
-70.6224
-70.6222
-70.622
-70.6218
-70.6217
-70.6215
-70.6213
-70.6212
-70.6211
-70.6209
-70.6208
-70.6207
-70.6206
-70.6205
-70.6204
-70.6203
-70.6202
-70.6201
-70.62
-70.62
-70.6199
-70.6198
-70.6198
-70.6198
-70.6197
-70.6197
-70.6197
-70.6196
-70.6196
-70.6196
-70.6196
-70.6196
-70.6196
-70.6196
-70.6196
-70.6196
-70.6196
-70.6197
-70.6197
-70.6197
-70.6198
-70.6198
-70.6198
-70.6199
-70.6199
-70.62
-70.6201
-70.6201
-70.6202
-70.6202
-70.6203
-70.6204
-70.6205
-70.6206
-70.6206
-70.6207
-70.6208
-70.6209
-70.621
-70.6211
-70.6212
-70.6213
-70.6214
-70.6215
-70.6216
-70.6218
-70.6219
-70.622
-70.6221
-70.6222
-70.6224
-70.6225
-70.6226
-70.6227
-70.6229
-70.623
-70.6231
-70.6233
-70.6234
-70.6236
-70.6237
-70.6238
-70.624
-70.6241
-70.6243
-70.6244
-70.6246
-70.6247
-70.6249
-70.625
-70.6252
-70.6254
-70.6255
-70.6257
-70.6258
-70.626
-70.6261
-70.6263
-70.6265
-70.6266
-70.6268
-70.627
-70.6271
-70.6273
-70.6275
-70.6276
-70.6278
-70.628
-70.6281
-70.6283
-70.6285
-70.6287
-70.6288
-70.629
-70.6292
-70.6294
-70.6295
-70.6297
-70.6299
-70.6301
-70.6302
-70.6304
-70.6306
-70.6308
-70.6309
-70.6311
-70.6313
-70.6315
-70.6316
-70.6318
-70.632
-70.6322
-70.6323
-70.6325
-70.6327
-70.6329
-70.633
-70.6332
-70.6334
-70.6336
-70.6337
-70.6339
-70.6341
-70.6343
-70.6344
-70.6346
-70.6348
-70.635
-70.6351
-70.6353
-70.6355
-70.6357
-70.6358
-70.636
-70.6362
-70.6364
-70.6365
-70.6367
-70.6369
-70.637
-70.6372
-70.6374
-70.6375
-70.6377
-70.6379
-70.638
-70.6382
-70.6384
-70.6385
-70.6387
-70.6389
-70.639
-70.6392
-70.6394
-70.6395
-70.6397
-70.6399
-70.64
-70.6402
-70.6403
-70.6405
-70.6407
-70.6408
-70.641
-70.6411
-70.6413
-70.6415
-70.6416
-70.6418
-70.6419
-70.6421
-70.6422
-70.6424
-70.6425
-70.6427
-70.6428
-70.643
-70.6431
-70.6433
-70.6434
-70.6436
-70.6437
-70.6439
-70.644
-70.6442

