-70
-70.2123
-70.2926
-70.3252
-70.3404
-70.3491
-70.3555
-70.3609
-70.3659
-70.3708
-70.3757
-70.3805
-70.3853
-70.39
-70.3948
-70.3995
-70.4042
-70.4088
-70.4134
-70.4179
-70.4224
-70.4269
-70.4313
-70.4357
-70.44
-70.4443
-70.4485
-70.4527
-70.4569
-70.461
-70.465
-70.469
-70.473
-70.4769
-70.4808
-70.4846
-70.4884
-70.4921
-70.4958
-70.4995
-70.5031
-70.5067
-70.5102
-70.5137
-70.5172
-70.5206
-70.524
-70.5273
-70.5306
-70.5339
-70.5371
-70.5403
-70.5434
-70.5465
-70.5496
-70.5526
-70.5556
-70.5586
-70.5615
-70.5644
-70.5673
-70.5701
-70.5729
-70.5757
-70.5784
-70.5811
-70.5838
-70.5864
-70.589
-70.5916
-70.5941
-70.5966
-70.5991
-70.6016
-70.604
-70.6064
-70.6087
-70.6111
-70.6134
-70.6157
-70.6179
-70.6201
-70.6223
-70.6245
-70.6266
-70.6287
-70.6308
-70.6329
-70.6349
-70.6369
-70.6389
-70.6409
-70.6428
-70.6448
-70.6466
-70.6485
-70.6503
-70.6522
-70.654
-70.6557
-70.6575
-70.6592
-70.6609
-70.6626
-70.6643
-70.6659
-70.6675
-70.6691
-70.6707
-70.6723
-70.6738
-70.6754
-70.6769
-70.6783
-70.6798
-70.6812
-70.6827
-70.6841
-70.6855
-70.6868
-70.6882
-70.6895
-70.6908
-70.6921
-70.6934
-70.6947
-70.6959
-70.6972
-70.6984
-70.6996
-70.7008
-70.702
-70.7031
-70.7042
-70.7054
-70.7065
-70.7076
-70.7087
-70.7097
-70.7108
-70.7118
-70.7128
-70.7138
-70.7148
-70.7158
-70.7168
-70.7177
-70.7187
-70.7196
-70.7205
-70.7214
-70.7223
-70.7232
-70.7241
-70.7249
-70.7258
-70.7266
-70.7274
-70.7282
-70.729
-70.7298
-70.7306
-70.7314
-70.7321
-70.7329
-70.7336
-70.7343
-70.735
-70.7357
-70.7364
-70.7371
-70.7378
-70.7384
-70.7391
-70.7397
-70.7404
-70.741
-70.7416
-70.7422
-70.7428
-70.7434
-70.744
-70.7446
-70.7451
-70.7457
-70.7462
-70.7468
-70.7473
-70.7478
-70.7484
-70.7489
-70.7494
-70.7499
-70.7504
-70.7508
-70.7513
-70.7518
-70.7522
-70.7527
-70.7531
-70.7536
-70.754
-70.7544
-70.7549
-70.7553
-70.7557
-70.7561
-70.7565
-70.7569
-70.7573
-70.7576
-70.758
-70.7584
-70.7587
-70.7591
-70.7594
-70.7598
-70.7601
-70.7605
-70.7608
-70.7611
-70.7614
-70.7617
-70.7621
-70.7624
-70.7627
-70.763
-70.7632
-70.7635
-70.7638
-70.7641
-70.7644
-70.7646
-70.7649
-70.7651
-70.7654
-70.7656
-70.7659
-70.7661
-70.7664
-70.7666
-70.7668
-70.7671
-70.7673
-70.7675
-70.7677
-70.7679
-70.7681
-70.7684
-70.7686
-70.7688
-70.769
-70.7691
-70.7693
-70.7695
-70.7697
-70.7699
-70.7701
-70.7702
-70.7704
-70.7706
-70.7707
-70.7709
-70.7711
-70.7712
-70.7714
-70.7715
-70.7717
-70.7718
-70.772
-70.7721
-70.7722
-70.7724
-70.7725
-70.7726
-70.7728
-70.7729
-70.773
-70.7731
-70.7733
-70.7734
-70.7735
-70.7736
-70.7737
-70.7738
-70.7739
-70.774
-70.7741
-70.7742
-70.7743
-70.7744
-70.7745
-70.7746
-70.7747
-70.7748
-70.7749
-70.775
-70.7751
-70.7751
-70.7752
-70.7753
-70.7754
-70.7755
-70.7755
-70.7756
-70.7757
-70.7758
-70.7758
-70.7759
-70.776
-70.776
-70.7761
-70.7762
-70.7762
-70.7763
-70.7763
-70.7764
-70.7765
-70.7765
-70.7766
-70.7766
-70.7767
-70.7767
-70.7768
-70.7768
-70.7769
-70.7769
-70.777
-70.777
-70.7771
-70.7771
-70.7771
-70.7772
-70.7772
-70.7773
-70.7773
-70.7773
-70.7774
-70.7774
-70.7774
-70.7775
-70.7775
-70.7775
-70.7776
-70.7776
-70.7776
-70.7777
-70.7777
-70.7777
-70.7777
-70.7778
-70.7778
-70.7778
-70.7778
-70.7779
-70.7779
-70.7779
-70.7779
-70.778
-70.778
-70.778
-70.778
-70.778
-70.7781
-70.7781
-70.7781
-70.7781
-70.7781
-70.7781
-70.7782
-70.7782
-70.7782
-70.7782
-70.7782
-70.7782
-70.7782
-70.7783
-70.7783
-70.7783
-70.7783
-70.7783
-70.7783
-70.7783
-70.7783
-70.7783
-70.7783
-70.7784
-70.7784
-70.7784
-70.7784
-70.7784
-70.7784
-70.7784
-70.7784
-70.7784
-70.7784
-70.7784
-70.7784
-70.7784
-70.7784
-70.7784
-70.7784
-70.7784
-70.7784
-70.7784
-70.7785
-70.7785
-70.7785
-70.7785
-70.7785
-70.7785
-70.7785
-70.7785
-70.7785
-70.7785
-70.7785
-70.7785
-70.7785
-70.7785
-70.7785
-70.7785
-70.7785
-70.7785
-70.7785
-70.7785
-70.7785
-70.7785
-70.7785
-70.7785
-70.7785
-70.7785
-70.7785
-70.7785
-70.7785
-70.7785
-70.7785
-70.7784
-70.7784
-70.7784
-70.7784
-70.7784
-70.7784
-70.7784
-70.7784
-70.7784
-70.7784
-70.7784
-70.7784
-70.7784
-70.7784
-70.7784
-70.7784
-70.7784
-70.7784
-70.7784
-70.7784
-70.7784
-70.7784
-70.7784
-70.7784
-70.7784
-70.7784
-70.7784
-70.7784
-70.7784
-70.7783
-70.7783
-70.7783
-70.7783
-70.7783
-70.7783
-70.7783
-70.7872
-71.1049
-71.9156
-72.8504
-73.5722
-74.0209
-74.2479
-74.3541
-57.1665
-52.0655
-49.5959
-45.3192
11.2833
-35.9423
-70.2553
-70.0493
-68.8351
-67.5352
-66.1856
-64.8221
-63.4818
-62.2009
-61.0094
-59.9291
-58.9734
-58.0148
-57.0976
-56.4105
-55.8731
-55.447
-55.1132
-54.8535
-54.6196
-54.435
-54.3059
-54.2169
-54.1559
-54.1145
-54.0768
-54.0375
-54.0136
-54.0013
-53.9965
-53.9965
-53.9995
-54.0014
-53.9888
-53.9814
-53.9804
-53.983
-53.9877
-53.9936
-54.0002
-54.0072
-54.0037
-53.9929
-53.9886
-53.9891
-53.9921
-53.9964
-54.0015
-54.007
-54.0129
-54.019
-54.0255
-54.0228
-54.0053
-53.9968
-53.9948
-53.9962
-53.9991
-54.0028
-54.0069
-54.0113
-54.0158
-54.0206
-54.0254
-54.0304
-54.0354
-54.0398
-54.0436
-54.0468
-54.0168
-53.9928
-53.9833
-53.9798
-53.9778
-53.9752
-53.97
-53.9587
-53.9269
-53.6604
-53.2171
-53.3024
-53.4567
-53.5731
-53.6472
-53.691
-53.716
-53.73
-53.7388
-53.7461
-53.7549
-53.7671
-53.7848
-53.8103
-53.8464
-53.8963
-53.9809
-54.0263
-54.0367
-54.0388
-54.0408
-54.0448
-54.0515
-54.0611
-54.0732
-54.0876
-54.1041
-54.1228
-54.1438
-54.1673
-54.1935
-54.2224
-54.2541
-54.289
-54.3273
-54.3693
-54.4153
-54.4657
-54.5206
-54.5805
-54.6456
-54.7164
-54.7932
-54.8766
-54.9674
-55.066
-55.1728
-55.2881
-55.4123
-55.5452
-55.6878
-55.8406
-54.2889
-53.8555
-53.7969
-53.8338
-53.8882
-53.9395
-53.9839
-54.0217
-54.0546
-54.0838
-54.1107
-54.1362
-54.1616
-54.1873
-54.2132
-54.2397
-54.2674
-54.2968
-54.3281
-54.3617
-54.3978
-54.4368
-54.4797
-54.5268
-54.5774
-54.6315
-54.6896
-54.7523
-54.8198
-54.8929
-54.9719
-55.0572
-55.1492
-55.2516
-55.3623
-55.4785
-55.6011
-55.737
-55.9
-56.0695
-56.2414
-56.418
-56.6006
-54.2271
-53.6692
-53.6184
-53.686
-53.7684
-53.8414
-53.901
-53.9488
-53.9876
-54.0199
-54.0476
-54.0722
-54.0953
-54.1178
-54.1396
-54.1622
-54.1868
-54.212
-54.2378
-54.2647
-54.2932
-54.3237
-54.3565
-54.3921
-54.433
-54.4771
-54.5272
-54.5844
-54.644
-54.7059
-54.7711
-54.8407
-54.9154
-54.9957
-55.0819
-55.176
-55.2835
-55.4057
-55.5436
-55.6834
-55.8246
-55.9696
-56.1204
-56.2781
-56.443
-56.6146
-56.7928
-56.9779
-57.1901
-57.4468
-57.7082
-57.9579
-58.1999
-55.2281
-53.5442
-53.2891
-53.3732
-53.5173
-53.6473
-53.7503
-53.8303
-53.8936
-53.9437
-53.9838
-54.017
-54.0454
-54.0708
-54.0942
-54.1166
-54.1386
-54.1609
-54.184
-54.2093
-54.239
-54.2723
-54.3065
-54.3418
-54.3788
-54.4182
-54.4606
-54.5063
-54.5556
-54.6102
-54.6739
-54.7465
-54.8276
-54.9133
-55.002
-55.0949
-55.1933
-55.2978
-55.4089
-55.5265
-55.6599
-55.8053
-55.9667
-56.1371
-54.7037
-53.8033
-53.6585
-53.6956
-53.766
-53.8322
-53.8869
-53.9312
-53.9675
-53.9975
-54.0235
-54.0466
-54.0677
-54.0884
-54.1084
-54.1283
-54.1484
-54.1692
-54.1919
-54.2196
-54.2574
-54.3146
-54.3918
-54.4708
-54.552
-54.6303
-54.7039
-54.7786
-54.8666
-55.0005
-55.1791
-55.399
-55.6225
-55.8174
-55.9993
-56.1799
-56.3671
-56.5681
-56.7956
-57.0756
-57.4043
-57.7654
-58.1365
-58.4918
-58.8425
-59.1977
-59.5604
-59.9372
-60.3389
-60.7792
-61.2655
-61.7795
-62.3035
-62.8124
-63.3021
-63.7821
-64.2537
-64.7192
-65.1861
-65.6672
-66.1745
-66.6922
-67.2074
-67.7034
-68.1627
-68.5869
-68.9841
-69.3581
-69.7113
-70.0529
-70.394
-70.7386
-71.0744
-71.3928
-71.6848
-71.9456
-72.1774
-72.3863
-72.5753
-72.7485
-72.9124
-73.0749
-73.2352
-73.3897
-73.5321
-73.6584
-73.7687
-73.8632
-73.9444
-74.0161
-74.0809
-74.1412
-74.2023
-74.2642
-74.3245
-74.3816
-74.4307
-74.4719
-74.506
-74.5334
-74.5562
-74.5766
-74.5946
-74.6131
-74.6346
-74.656
-74.6782
-74.6978
-74.7137
-74.725
-74.7333
-74.7394
-74.7439
-74.747
-74.7494
-74.7547
-74.7634
-74.7712
-74.7807
-74.7892
-74.7948
-74.7968
-74.7967
-74.7966
-74.7956
-74.7933
-74.7912
-74.7915
-74.7948
-74.7979
-74.8024
-74.8077
-74.8104
-74.8101
-74.8078
-74.8058
-74.8036
-74.801
-74.7982
-74.7975
-74.7988
-74.8009
-74.8018
-74.8042
-74.8074
-74.8077
-74.8058
-74.8037
-74.8005
-74.7974
-74.7943
-74.792
-74.792
-74.7925
-74.7938
-74.7938
-74.7943
-74.7972
-74.7978
-74.7966
-74.7952
-74.7933
-74.79
-74.7865
-74.7836
-74.7829
-74.784
-74.7846
-74.7852
-74.7849
-74.7852
-74.7883
-74.7892
-74.7878
-74.7861
-74.7832
-74.7783
-74.7734
-74.7705
-74.7702
-74.7711
-74.7718
-74.7734
-74.774
-74.7745
-74.7776
-74.7795
-74.7779
-74.7769
-74.7755
-74.7715
-74.7653
-74.7603
-74.759
-74.7598
-74.7588
-74.7602
-74.764
-74.7662
-74.7664
-74.7686
-74.7696
-74.7684
-74.7666
-74.7644
-74.7597
-74.7538
-74.748
-74.7445
-74.7453
-74.7457
-74.7436
-74.7461
-74.7524
-74.755
-74.7563
-74.7576
-74.7593
-74.7593
-74.7571
-74.7534
-74.7485
-74.7441
-74.7398
-74.7351
-74.7341
-74.734
-74.7322
-74.7308
-74.7357
-74.7413
-74.7431
-74.7459
-74.7487
-74.7507
-74.748
-74.7422
-74.7378
-74.7335
-74.7292
-74.7248
-74.7219
-74.7204
-74.7179
-74.7152
-74.7141
-74.7179
-74.7229
-74.7256
-74.7291
-74.7358
-74.7395
-74.7409
-74.7368
-74.7305
-74.7266
-74.7231
-74.7189
-74.7139
-74.711
-74.7088
-74.7045
-74.6999
-74.6967
-74.6981
-74.7042
-74.7091
-74.7118
-74.7184
-74.7237
-74.724
-74.7222
-74.7192
-74.7144
-74.7107
-74.7084
-74.7054
-74.6998
-74.6948
-74.6917
-74.6896
-74.6851
-74.6797
-74.674
-74.6756
-74.6856
-74.6951
-74.6999
-74.7031
-74.7072
-74.7069
-74.7039
-74.7015
-74.7018
-74.7006
-74.6974
-74.692
-74.686
-74.6819
-74.6793
-74.6762
-74.6719
-74.6669
-74.6621
-74.6566
-74.6561
-74.6618
-74.6704
-74.6794
-74.683
-74.6835
-74.6825
-74.6819
-74.6836
-74.6844
-74.6835
-74.681
-74.6763
-74.6688
-74.663
-74.6592
-74.6581
-74.657
-74.6532
-74.6477
-74.6431
-74.6407
-74.6386
-74.6377
-74.641
-74.6464
-74.6543
-74.6589
-74.6593
-74.6613
-74.6624
-74.6619
-74.6585
-74.6553
-74.6551
-74.6531
-74.6494
-74.6439
-74.6368
-74.6298
-74.6281
-74.6286
-74.6303
-74.6295
-74.6281
-74.6256
-74.6226
-74.6175
-74.6115
-74.6096
-74.615
-74.6215
-74.6272
-74.6294
-74.6284
-74.6289
-74.6334
-74.6357
-74.6354
-74.6313
-74.6259
-74.6205
-74.616
-74.6134
-74.6107
-74.6065
-74.5993
-74.5935
-74.5914
-74.5901
-74.5902
-74.591
-74.5943
-74.5969
-74.5958
-74.5902
-74.5847
-74.5839
-74.5881
-74.5911
-74.5917
-74.5929
-74.5929
-74.5913
-74.5904
-74.5928
-74.5949
-74.5938
-74.5925
-74.5918
-74.5868
-74.5786
-74.5683
-74.5604
-74.5535
-74.5488
-74.5475
-74.5482
-74.5505
-74.5532
-74.5495
-74.5435
-74.5397
-74.5408
-74.5442
-74.546
-74.5483
-74.5487
-74.5473
-74.5434
-74.5417
-74.5406
-74.5407
-74.5394
-74.534
-74.5317
-74.5372
-74.5421
-74.5432
-74.5451
-74.5497
-74.552
-74.5485
-74.5446
-74.5404
-74.5315
-74.5206
-74.5099
-74.5011
-74.4964
-74.4942
-74.4937
-74.4913
-74.4877
-74.4903
-74.491
-74.4875
-74.4854
-74.4901
-74.4971
-74.4993
-74.4964
-74.4919
-74.4921
-74.4919
-74.4892
-74.4873
-74.4815
-74.4751
-74.4734
-74.4727
-74.4737
-74.4736
-74.4748
-74.4776
-74.4786
-74.4776
-74.4758
-74.4737
-74.4752
-74.4796
-74.483
-74.4802
-74.4723
-74.4624
-74.453
-74.4462
-74.4381
-74.4271
-74.4145
-74.4057
-74.3972
-74.3903
-74.3864
-74.3822
-74.3838
-74.3889
-74.3937
-74.3958
-74.3978
-74.3954
-74.3902
-74.393
-74.3954
-74.4002
-74.4014
-74.4004
-74.3986
-74.3958
-74.3899
-74.3821
-74.3735
-74.3698
-74.3625
-74.3508
-74.3441
-74.3471
-74.3555
-74.3643
-74.3688
-74.3668
-74.363
-74.3605
-74.3603
-74.3594
-74.3598
-74.3581
-74.3544
-74.3514
-74.3491
-74.3466
-74.3494
-74.3554
-74.3588
-74.3583
-74.3519
-74.3386
-74.3255
-74.3148
-74.3019
-74.2942
-74.2926
-74.2889
-74.2783
-74.2615
-74.243
-74.2287
-74.2203
-74.2173
-74.2196
-74.2237
-74.2332
-74.2432
-74.2469
-74.246
-74.2395
-74.2259
-74.2114
-74.208
-74.2118
-74.2236
-74.2326
-74.2434
-74.2505
-74.2474
-74.2361
-74.2217
-74.2067
-74.1983
-74.1962
-74.1985
-74.2008
-74.1986
-74.1945
-74.1882
-74.1756
-74.1621
-74.149
-74.1452
-74.1597
-74.1792
-74.1941
-74.201
-74.2048
-74.2087
-74.2079
-74.2004
-74.1889
-74.1752
-74.1636
-74.1601
-74.1608
-74.1586
-74.1556
-74.1588
-74.1634
-74.1662
-74.1639
-74.1566
-74.1443
-74.1287
-74.1165
-74.1169
-74.1292
-74.1473
-74.1606
-74.166
-74.1653
-74.1616
-74.1551
-74.146
-74.1318
-74.1129
-74.0939
-74.0734
-74.0558
-74.04
-74.0205
-73.9984
-73.9776
-73.9549
-73.9336
-73.9142
-73.9007
-73.8989
-73.9029
-73.9051
-73.9028
-73.9006
-73.8995
-73.8987
-73.898
-73.899
-73.8983
-73.8983
-73.9089
-73.922
-73.9322
-73.9408
-73.943
-73.9456
-73.9493
-73.9484
-73.9399
-73.9302
-73.9232
-73.9163
-73.9073
-73.9004
-73.8969
-73.8978
-73.8953
-73.8928
-73.8891
-73.8815
-73.8774
-73.8745
-73.8662
-73.8539
-73.844
-73.8339
-73.8213
-73.8085
-73.7916
-73.7704
-73.7463
-73.7247
-73.7046
-73.6856
-73.6783
-73.685
-73.7022
-73.7151
-73.7164
-73.7083
-73.6994
-73.6976
-73.7041
-73.7063
-73.7085
-73.7087
-73.7016
-73.6878
-73.6691
-73.647
-73.6273
-73.6135
-73.6147
-73.617
-73.6115
-73.5986
-73.5805
-73.5588
-73.5412
-73.5326
-73.5302
-73.5346
-73.5415
-73.5487
-73.5556
-73.5627
-73.5635
-73.5561
-73.5422
-73.5316
-73.5353
-73.5483
-73.566
-73.5772
-73.5774
-73.5688
-73.555
-73.544
-73.5312
-73.5143
-73.4939
-73.4709
-73.4461
-73.4199
-73.3928
-73.3649
-73.3371
-73.3173
-73.3004
-73.2897
-73.2874
-73.2964
-73.3084
-73.3137
-73.318
-73.316
-73.3147
-73.3146
-73.316
-73.3118
-73.3011
-73.2855
-73.2664
-73.245
-73.2221
-73.2063
-73.1932
-73.1772
-73.158
-73.1364
-73.1201
-73.1087
-73.0974
-73.0922
-73.0925
-73.0927
-73.0866
-73.0748
-73.0587
-73.0397
-73.0187
-72.9964
-72.973
-72.949
-72.9245
-72.8996
-72.8746
-72.8493
-72.8241
-72.7988
-72.7736
-72.7484
-72.7234
-72.6985
-72.6737
-72.6492
-72.6248
-72.6006
-72.5766
-72.5528
-72.5292
-72.5059
-72.4828
-72.46
-72.4374
-72.415
-72.3929
-72.371
-72.3494
-72.328
-72.3069
-72.286
-72.2654
-72.245
-72.2248
-72.2049
-72.1852
-72.1658
-72.1465
-72.1275
-72.1088
-72.0903
-72.0719
-72.0539
-72.036
-72.0183
-72.0009
-71.9837
-71.9667
-71.9499
-71.9333
-71.9169
-71.9007
-71.8847
-71.8689
-71.8534
-71.838
-71.8228
-71.8078
-71.7929
-71.7783
-71.7638
-71.7496
-71.7355
-71.7216
-71.7079
-71.6943
-71.6809
-71.6677
-71.6547
-71.6418
-71.6291
-71.6165
-71.6042
-71.5919
-71.5799
-71.568
-71.5562
-71.5446
-71.5331
-71.5218
-71.5107
-71.4997
-71.4888
-71.4781
-71.4675
-71.4571
-71.4468
-71.4366
-71.4266
-71.4167
-71.4069
-71.3973
-71.3877
-71.3784
-71.3691
-71.36
-71.351
-71.3421
-71.3333
-71.3247
-71.3161
-71.3077
-71.2995
-71.2913
-71.2832
-71.2753
-71.2674
-71.2597
-71.2521
-71.2446
-71.2371
-71.2298
-71.2226
-71.2155
-71.2085
-71.2016
-71.1947
-71.188
-71.1814
-71.1748
-71.1684
-71.162
-71.1558
-71.1496
-71.1435
-71.1375
-71.1315
-71.1257
-71.1199
-71.1143
-71.1087
-71.1032
-71.0977
-71.0924
-71.0871
-71.0819
-71.0767
-71.0717
-71.0667
-71.0618
-71.0569
-71.0522
-71.0475
-71.0428
-71.0383
-71.0338
-71.0293
-71.025
-71.0207
-71.0164
-71.0122
-71.0081
-71.004
-71.0001
-70.9961
-70.9922
-70.9884
-70.9846
-70.9809
-70.9773
-70.9737
-70.9701
-70.9666
-70.9632
-70.9598
-70.9565
-70.9532
-70.9499
-70.9468
-70.9436
-70.9405
-70.9375
-70.9345
-70.9315
-70.9286
-70.9258
-70.9229
-70.9202
-70.9174
-70.9148
-70.9121
-70.9095
-70.9069
-70.9044
-70.9019
-70.8995
-70.8971
-70.8947
-70.8924
-70.8901
-70.8878
-70.8856
-70.8834
-70.8813
-70.8791
-70.8771
-70.875
-70.873
-70.871
-70.869
-70.8671
-70.8652
-70.8634
-70.8616
-70.8598
-70.858
-70.8562
-70.8545
-70.8529
-70.8512
-70.8496
-70.848
-70.8464
-70.8449
-70.8433
-70.8418
-70.8404
-70.8389
-70.8375
-70.8361
-70.8347
-70.8334
-70.8321
-70.8307
-70.8295
-70.8282
-70.827
-70.8258
-70.8246
-70.8234
-70.8222
-70.8211
-70.82
-70.8189
-70.8178
-70.8168
-70.8157
-70.8147
-70.8137
-70.8127
-70.8118
-70.8108
-70.8099
-70.809
-70.8081
-70.8072
-70.8064
-70.8055
-70.8047
-70.8039
-70.8031
-70.8023
-70.8015
-70.8007
-70.8
-70.7993
-70.7986
-70.7979
-70.7972
-70.7965
-70.7958
-70.7952
-70.7946
-70.7939
-70.7933
-70.7927
-70.7921
-70.7916
-70.791
-70.7904
-70.7899
-70.7894
-70.7889
-70.7883
-70.7878
-70.7874
-70.7869
-70.7864
-70.786
-70.7855
-70.7851
-70.7846
-70.7842
-70.7838
-70.7834
-70.783
-70.7826
-70.7822
-70.7819
-70.7815
-70.7812
-70.7808
-70.7805
-70.7801
-70.7798
-70.7795
-70.7792
-70.7789
-70.7786
-70.7783
-70.778
-70.7778
-70.7775
-70.7772
-70.777
-70.7767
-70.7765
-70.7763
-70.776
-70.7758
-70.7756
-70.7754
-70.7752
-70.775
-70.7748
-70.7746
-70.7744
-70.7742
-70.774
-70.7738
-70.7737
-70.7735
-70.7734
-70.7732
-70.7731
-70.7729
-70.7728
-70.7726
-70.7725
-70.7724
-70.7722
-70.7721
-70.772
-70.7719
-70.7718
-70.7717
-70.7716
-70.7715
-70.7714
-70.7713
-70.7712
-70.7711
-70.771
-70.7709
-70.7709
-70.7708
-70.7707
-70.7707
-70.7706
-70.7705
-70.7705
-70.7704
-70.7704
-70.7703
-70.7703
-70.7702
-70.7702
-70.7701
-70.7701
-70.77
-70.77
-70.77
-70.7699
-70.7699
-70.7699
-70.7699
-70.7698
-70.7698
-70.7698
-70.7698
-70.7697
-70.7697
-70.7697
-70.7697
-70.7697
-70.7697
-70.7697
-70.7697
-70.7697
-70.7697
-70.7697
-70.7697
-70.7697
-70.7697
-70.7697
-70.7697
-70.7697
-70.7697
-70.7697
-70.7697
-70.7697
-70.7697
-70.7697
-70.7697
-70.7698
-70.7698
-70.7698
-70.7698
-70.7698
-70.7698
-70.7699
-70.7699
-70.7699
-70.7699
-70.7699
-70.77
-70.77
-70.77
-70.77
-70.7701
-70.7701
-70.7701
-70.7702
-70.7702
-70.7702
-70.7702
-70.7703
-70.7703
-70.7703
-70.7704
-70.7704
-70.7704
-70.7705
-70.7705
-70.7705
-70.7706
-70.7706
-70.7706
-70.7707
-70.7707
-70.7707
-70.7708
-70.7708
-70.7708
-70.7709
-70.7709
-70.7709
-70.771
-70.771
-70.7711
-70.7711
-70.7711
-70.7712
-70.7712
-70.7712
-70.7713
-70.7713
-70.7714
-70.7714
-70.7714
-70.7715
-70.7715
-70.7715
-70.7716
-70.7716
-70.7717
-70.7717
-70.7717
-70.7718
-70.7718
-70.7719
-70.7719
-70.7719
-70.772
-70.772
-70.772
-70.7721
-70.7721
-70.7722
-70.7722
-70.7722
-70.7723
-70.7723
-70.7724
-70.7724
-70.7724
-70.7725
-70.7725
-70.7725
-70.7726
-70.7726
-70.7727
-70.7727
-70.7727
-70.7728
-70.7728
-70.7728
-70.7729
-70.7729
-70.773
-70.773
-70.773
-70.7731
-70.7731
-70.7731
-70.7732
-70.7732
-70.7732
-70.7733
-70.7733
-70.7734
-70.7734
-70.7734

