-70
-70.1661
-70.23
-70.2566
-70.2695
-70.2773
-70.283
-70.2879
-70.2925
-70.297
-70.3014
-70.3057
-70.31
-70.3142
-70.3185
-70.3226
-70.3268
-70.3309
-70.335
-70.3391
-70.3431
-70.3471
-70.351
-70.3549
-70.3588
-70.3626
-70.3664
-70.3701
-70.3738
-70.3775
-70.3811
-70.3847
-70.3883
-70.3918
-70.3953
-70.3987
-70.4021
-70.4055
-70.4088
-70.4121
-70.4154
-70.4186
-70.4218
-70.4249
-70.428
-70.4311
-70.4341
-70.4372
-70.4401
-70.4431
-70.446
-70.4489
-70.4517
-70.4545
-70.4573
-70.4601
-70.4628
-70.4655
-70.4682
-70.4708
-70.4734
-70.476
-70.4785
-70.481
-70.4835
-70.486
-70.4884
-70.4908
-70.4932
-70.4955
-70.4978
-70.5001
-70.5024
-70.5046
-70.5068
-70.509
-70.5112
-70.5133
-70.5154
-70.5175
-70.5196
-70.5216
-70.5236
-70.5256
-70.5276
-70.5295
-70.5315
-70.5334
-70.5352
-70.5371
-70.5389
-70.5407
-70.5425
-70.5443
-70.5461
-70.5478
-70.5495
-70.5512
-70.5528
-70.5545
-70.5561
-70.5577
-70.5593
-70.5609
-70.5624
-70.5639
-70.5655
-70.5669
-70.5684
-70.5699
-70.5713
-70.5727
-70.5741
-70.5755
-70.5769
-70.5782
-70.5796
-70.5809
-70.5822
-70.5835
-70.5848
-70.586
-70.5873
-70.5885
-70.5897
-70.5909
-70.5921
-70.5932
-70.5944
-70.5955
-70.5966
-70.5977
-70.5988
-70.5999
-70.601
-70.602
-70.603
-70.6041
-70.6051
-70.6061
-70.6071
-70.608
-70.609
-70.6099
-70.6109
-70.6118
-70.6127
-70.6136
-70.6145
-70.6154
-70.6162
-70.6171
-70.6179
-70.6187
-70.6196
-70.6204
-70.6212
-70.622
-70.6227
-70.6235
-70.6242
-70.625
-70.6257
-70.6265
-70.6272
-70.6279
-70.6286
-70.6293
-70.6299
-70.6306
-70.6313
-70.6319
-70.6325
-70.6332
-70.6338
-70.6344
-70.635
-70.6356
-70.6362
-70.6368
-70.6374
-70.6379
-70.6385
-70.639
-70.6396
-70.6401
-70.6406
-70.6411
-70.6417
-70.6422
-70.6427
-70.6431
-70.6436
-70.6441
-70.6446
-70.645
-70.6455
-70.6459
-70.6464
-70.6468
-70.6472
-70.6476
-70.6481
-70.6485
-70.6489
-70.6493
-70.6497
-70.65
-70.6504
-70.6508
-70.6512
-70.6515
-70.6519
-70.6522
-70.6526
-70.6529
-70.6533
-70.6536
-70.6539
-70.6542
-70.6545
-70.6549
-70.6552
-70.6555
-70.6558
-70.656
-70.6563
-70.6566
-70.6569
-70.6572
-70.6574
-70.6577
-70.658
-70.6582
-70.6585
-70.6587
-70.6589
-70.6592
-70.6594
-70.6597
-70.6599
-70.6601
-70.6603
-70.6605
-70.6607
-70.661
-70.6612
-70.6614
-70.6616
-70.6617
-70.6619
-70.6621
-70.6623
-70.6625
-70.6627
-70.6628
-70.663
-70.6632
-70.6633
-70.6635
-70.6637
-70.6638
-70.664
-70.6641
-70.6643
-70.6644
-70.6646
-70.6647
-70.6648
-70.665
-70.6651
-70.6652
-70.6653
-70.6655
-70.6656
-70.6657
-70.6658
-70.6659
-70.666
-70.6662
-70.6663
-70.6664
-70.6665
-70.6666
-70.6667
-70.6668
-70.6669
-70.667
-70.667
-70.6671
-70.6672
-70.6673
-70.6674
-70.6675
-70.6675
-70.6676
-70.6677
-70.6678
-70.6678
-70.6679
-70.668
-70.668
-70.6681
-70.6682
-70.6682
-70.6683
-70.6683
-70.6684
-70.6685
-70.6685
-70.6686
-70.6686
-70.6687
-70.6687
-70.6688
-70.6688
-70.6688
-70.6689
-70.6689
-70.669
-70.669
-70.669
-70.6691
-70.6691
-70.6691
-70.6692
-70.6692
-70.6692
-70.6693
-70.6693
-70.6693
-70.6694
-70.6694
-70.6694
-70.6694
-70.6694
-70.6695
-70.6695
-70.6695
-70.6695
-70.6695
-70.6696
-70.6696
-70.6696
-70.6696
-70.6696
-70.6696
-70.6696
-70.6697
-70.6697
-70.6697
-70.6697
-70.6697
-70.6697
-70.6697
-70.6697
-70.6697
-70.6697
-70.6697
-70.6697
-70.6697
-70.6697
-70.6697
-70.6697
-70.6697
-70.6697
-70.6697
-70.6697
-70.6697
-70.6697
-70.6697
-70.6697
-70.6697
-70.6697
-70.6697
-70.6697
-70.6697
-70.6697
-70.6697
-70.6697
-70.6697
-70.6697
-70.6697
-70.6696
-70.6696
-70.6696
-70.6696
-70.6696
-70.6696
-70.6696
-70.6696
-70.6696
-70.6695
-70.6695
-70.6695
-70.6695
-70.6695
-70.6695
-70.6695
-70.6695
-70.6694
-70.6694
-70.6694
-70.6694
-70.6694
-70.6694
-70.6693
-70.6693
-70.6693
-70.6693
-70.6693
-70.6693
-70.6693
-70.6692
-70.6692
-70.6692
-70.6692
-70.6692
-70.6691
-70.6691
-70.6691
-70.6691
-70.6691
-70.6691
-70.669
-70.669
-70.669
-70.669
-70.669
-70.6689
-70.6689
-70.6689
-70.6689
-70.6689
-70.6688
-70.6688
-70.6688
-70.6688
-70.6688
-70.6687
-70.6687
-70.6687
-70.6687
-70.6686
-70.6686
-70.6686
-70.6686
-70.6686
-70.6685
-70.6685
-70.6685
-70.6685
-70.6685
-70.6684
-70.6684
-70.6684
-70.6684
-70.6684
-70.6683
-70.6683
-70.6683
-70.6683
-70.6682
-70.6682
-70.6682
-70.6682
-70.6682
-70.6681
-70.6681
-70.6681
-70.6681
-70.6681
-70.6686
-70.8909
-71.6924
-72.6212
-73.3582
-73.8631
-74.1309
-74.2596
-74.3209
-74.3504
-74.3726
-74.4175
-74.4772
-74.5371
-74.5905
-74.6294
-74.649
-74.6551
-74.6531
-74.6465
-74.6401
-74.6481
-74.6718
-74.6989
-74.7246
-74.7447
-74.7518
-74.7493
-74.7414
-74.7308
-74.7187
-74.7051
-74.6899
-74.6739
-74.6567
-74.6378
-74.6174
-74.5956
-74.5723
-74.5477
-74.5219
-74.495
-74.4671
-74.4382
-74.4085
-74.378
-74.3468
-74.315
-74.2827
-74.2498
-74.2165
-74.1829
-74.149
-74.1148
-74.0804
-74.0459
-74.0113
-73.9767
-73.9421
-73.9074
-73.8728
-73.8384
-73.804
-73.7697
-73.7356
-73.7017
-73.668
-73.6345
-73.6012
-73.5681
-73.5353
-73.5027
-73.4703
-73.4383
-73.4065
-73.375
-73.3437
-73.3127
-73.2821
-73.2516
-73.2215
-73.1917
-73.1621
-73.1328
-73.1038
-73.0751
-73.0467
-73.0185
-72.9906
-72.963
-72.9357
-72.9086
-72.8819
-72.8553
-72.8291
-72.8031
-72.7774
-72.752
-72.7268
-72.7018
-72.6772
-72.6527
-72.6286
-72.6047
-72.581
-72.5576
-72.5344
-72.5115
-72.4888
-72.4663
-72.4441
-72.4221
-72.4004
-72.3789
-72.3576
-72.3366
-72.3158
-72.2952
-72.2748
-72.2547
-72.2347
-72.215
-72.1955
-72.1762
-72.1572
-72.1383
-72.1196
-72.1012
-72.0829
-72.0648
-72.047
-72.0293
-72.0118
-71.9945
-71.9775
-71.9605
-71.9438
-71.9273
-71.9109
-71.8948
-71.8788
-71.8629
-71.8473
-71.8318
-71.8165
-71.8014
-71.7865
-71.7717
-71.757
-71.7426
-71.7283
-71.7142
-71.7002
-71.6925
-71.6999
-71.7069
-71.7089
-71.7066
-71.7012
-71.6949
-71.7037
-71.7166
-71.724
-71.7386
-71.7687
-71.7947
-71.8108
-71.8185
-71.8203
-71.8179
-71.8196
-71.8258
-71.8289
-71.8311
-71.8421
-71.8588
-71.8705
-71.8755
-71.8752
-71.8712
-71.8656
-71.867
-71.8789
-71.8992
-71.9205
-71.9421
-71.9641
-71.9788
-71.9856
-71.9864
-71.983
-71.9784
-71.9822
-71.9952
-72.0062
-72.0194
-72.0317
-72.0464
-72.0568
-72.0606
-72.0591
-72.0538
-72.0464
-72.0506
-72.0626
-72.0704
-72.0799
-72.0882
-72.0961
-72.1055
-72.11
-72.1091
-72.104
-72.096
-72.0961
-72.1077
-72.116
-72.122
-72.1302
-72.1341
-72.1389
-72.1452
-72.1471
-72.1441
-72.1374
-72.1332
-72.1398
-72.1496
-72.1541
-72.159
-72.1653
-72.1669
-72.1669
-72.1713
-72.1729
-72.1699
-72.1642
-72.1644
-72.1688
-72.1767
-72.1803
-72.1847
-72.1905
-72.1917
-72.1881
-72.1882
-72.1904
-72.1889
-72.1857
-72.1877
-72.1883
-72.1926
-72.1971
-72.1984
-72.204
-72.2073
-72.2056
-72.1997
-72.1961
-72.1971
-72.1971
-72.2017
-72.2043
-72.2032
-72.2068
-72.2093
-72.2104
-72.2156
-72.2175
-72.2176
-72.2215
-72.2253
-72.232
-72.237
-72.2442
-72.2477
-72.2458
-72.2397
-72.2312
-72.2289
-72.2279
-72.2284
-72.2334
-72.2429
-72.2536
-72.2643
-72.2691
-72.2678
-72.2619
-72.253
-72.2418
-72.2291
-72.2227
-72.2202
-72.2231
-72.2371
-72.2556
-72.2731
-72.2969
-72.3151
-72.3239
-72.3252
-72.3212
-72.3277
-72.3652
-72.449
-72.5495
-72.6771
-72.8706
-73.0556
-73.1809
-73.2631
-73.3459
-73.4772
-73.6453
-73.8458
-74.0308
-74.1793
-74.2881
-74.3526
-74.3841
-74.4027
-74.4213
-74.4565
-74.5119
-74.575
-74.625
-74.6579
-74.6784
-74.688
-74.6879
-74.6832
-74.6798
-74.6864
-74.703
-74.7223
-74.739
-74.7499
-74.7557
-74.7568
-74.7534
-74.7459
-74.7371
-74.7338
-74.7394
-74.7488
-74.7589
-74.7656
-74.7677
-74.7668
-74.7628
-74.7561
-74.7471
-74.7396
-74.7402
-74.7458
-74.7548
-74.7628
-74.7672
-74.7678
-74.7653
-74.7602
-74.753
-74.7443
-74.7387
-74.7385
-74.7427
-74.751
-74.758
-74.7619
-74.7618
-74.7595
-74.7552
-74.749
-74.7426
-74.7388
-74.7385
-74.7426
-74.7496
-74.7549
-74.7584
-74.7584
-74.7556
-74.7507
-74.7435
-74.7384
-74.7356
-74.7343
-74.7364
-74.7419
-74.7479
-74.7518
-74.7543
-74.7531
-74.7496
-74.7438
-74.7374
-74.734
-74.7332
-74.7325
-74.7354
-74.741
-74.7443
-74.7453
-74.747
-74.746
-74.7425
-74.7375
-74.7316
-74.7281
-74.7285
-74.7288
-74.7319
-74.7376
-74.7406
-74.7406
-74.7405
-74.74
-74.738
-74.7346
-74.7298
-74.7258
-74.7247
-74.7238
-74.7242
-74.73
-74.7335
-74.7345
-74.7337
-74.7334
-74.7327
-74.7314
-74.7272
-74.7246
-74.7224
-74.7211
-74.7188
-74.7192
-74.7248
-74.7276
-74.7272
-74.7264
-74.727
-74.7275
-74.7253
-74.7223
-74.7205
-74.7191
-74.7171
-74.7126
-74.7109
-74.7152
-74.7193
-74.7201
-74.7196
-74.7202
-74.7218
-74.7202
-74.7177
-74.7166
-74.7145
-74.7136
-74.7111
-74.7052
-74.7024
-74.7064
-74.7108
-74.712
-74.7118
-74.7142
-74.7159
-74.7142
-74.7121
-74.7112
-74.7092
-74.7073
-74.7049
-74.7009
-74.6961
-74.6943
-74.6974
-74.7033
-74.7064
-74.706
-74.7053
-74.7059
-74.7061
-74.7044
-74.7028
-74.7014
-74.7001
-74.6967
-74.6919
-74.689
-74.6865
-74.6879
-74.6901
-74.696
-74.699
-74.6975
-74.696
-74.6966
-74.6979
-74.6968
-74.6938
-74.6914
-74.6899
-74.6863
-74.6829
-74.6799
-74.6784
-74.6791
-74.6805
-74.6829
-74.6846
-74.6861
-74.6857
-74.6863
-74.6873
-74.6877
-74.6864
-74.6836
-74.6806
-74.6769
-74.6746
-74.6742
-74.6718
-74.6695
-74.6694
-74.6697
-74.6699
-74.6695
-74.6689
-74.6698
-74.6716
-74.6755
-74.6782
-74.6777
-74.6753
-74.6702
-74.6663
-74.6631
-74.6615
-74.6616
-74.6597
-74.6589
-74.6586
-74.6569
-74.6556
-74.6546
-74.6537
-74.6542
-74.6529
-74.6549
-74.6623
-74.6664
-74.6661
-74.6649
-74.6611
-74.6551
-74.651
-74.6494
-74.6497
-74.6486
-74.6464
-74.6435
-74.6399
-74.6377
-74.6367
-74.6363
-74.6342
-74.6324
-74.6306
-74.6303
-74.6355
-74.645
-74.6497
-74.65
-74.6482
-74.6436
-74.6382
-74.6348
-74.6345
-74.6324
-74.6299
-74.6285
-74.6269
-74.6214
-74.6167
-74.6151
-74.6138
-74.6134
-74.6137
-74.6142
-74.6127
-74.6102
-74.6167
-74.6259
-74.6301
-74.6313
-74.6319
-74.6319
-74.6321
-74.6294
-74.6235
-74.6178
-74.6117
-74.6056
-74.6
-74.5947
-74.5909
-74.5888
-74.5844
-74.5837
-74.5858
-74.587
-74.5876
-74.5855
-74.585
-74.5851
-74.5872
-74.5893
-74.591
-74.592
-74.595
-74.6038
-74.6083
-74.6096
-74.6086
-74.6028
-74.5949
-74.5868
-74.5793
-74.5737
-74.5679
-74.5597
-74.5515
-74.5484
-74.5479
-74.5503
-74.5563
-74.5619
-74.5639
-74.5621
-74.5589
-74.5575
-74.5557
-74.5577
-74.5634
-74.5689
-74.572
-74.5748
-74.5779
-74.5829
-74.5853
-74.5824
-74.577
-74.5704
-74.5619
-74.5531
-74.543
-74.5339
-74.526
-74.5178
-74.5098
-74.5033
-74.5011
-74.4992
-74.5003
-74.5069
-74.5122
-74.5179
-74.5218
-74.5207
-74.5174
-74.515
-74.5154
-74.5167
-74.5188
-74.5225
-74.5279
-74.5286
-74.5289
-74.5284
-74.5272
-74.5253
-74.5186
-74.5098
-74.5065
-74.5058
-74.502
-74.4948
-74.4868
-74.4787
-74.4712
-74.465
-74.4608
-74.456
-74.4524
-74.4505
-74.4448
-74.4431
-74.4479
-74.456
-74.4653
-74.4728
-74.4776
-74.4753
-74.4686
-74.467
-74.4703
-74.4767
-74.4806
-74.4878
-74.4908
-74.4918
-74.4934
-74.4913
-74.4851
-74.4768
-74.4681
-74.4567
-74.444
-74.4368
-74.4348
-74.4315
-74.4256
-74.4217
-74.4213
-74.4189
-74.4173
-74.417
-74.4165
-74.41
-74.4
-74.39
-74.3808
-74.3767
-74.3772
-74.3801
-74.3831
-74.385
-74.3922
-74.3969
-74.3969
-74.3957
-74.3927
-74.389
-74.3817
-74.378
-74.3799
-74.3883
-74.3989
-74.4045
-74.4043
-74.4004
-74.3983
-74.3977
-74.4025
-74.407
-74.4042
-74.3949
-74.38
-74.3649
-74.3539
-74.3429
-74.3319
-74.3215
-74.3123
-74.3031
-74.292
-74.2834
-74.2823
-74.2829
-74.2821
-74.281
-74.2771
-74.2759
-74.2734
-74.2661
-74.2584
-74.2532
-74.2516
-74.2483
-74.2485
-74.2534
-74.2602
-74.2695
-74.2743
-74.2769
-74.2812
-74.2845
-74.2811
-74.2795
-74.2756
-74.2676
-74.2578
-74.2516
-74.2486
-74.2448
-74.2444
-74.2468
-74.2546
-74.2603
-74.2651
-74.2697
-74.2691
-74.2639
-74.2638
-74.2621
-74.2616
-74.2589
-74.2542
-74.2531
-74.2555
-74.254
-74.2444
-74.229
-74.2143
-74.1988
-74.1839
-74.17
-74.1585
-74.1551
-74.1519
-74.146
-74.1369
-74.1236
-74.109
-74.096
-74.0809
-74.0676
-74.064
-74.0625
-74.0542
-74.0471
-74.0411
-74.0372
-74.0342
-74.0358
-74.0382
-74.0402
-74.0428
-74.0406
-74.0329
-74.0208
-74.009
-74.0143
-74.0384
-74.064
-74.0803
-74.087
-74.089
-74.0834
-74.0703
-74.0517
-74.0316
-74.021
-74.0219
-74.0283
-74.0309
-74.0376
-74.0435
-74.0466
-74.0583
-74.0685
-74.0753
-74.0843
-74.0906
-74.0903
-74.0875
-74.0785
-74.0689
-74.0622
-74.0618
-74.0603
-74.0545
-74.0453
-74.0425
-74.0391
-74.0306
-74.023
-74.0175
-74.0204
-74.0316
-74.0395
-74.0373
-74.0286
-74.0163
-74.0051
-73.9983
-73.9926
-73.9826
-73.9728
-73.9631
-73.9557
-73.9479
-73.9401
-73.9312
-73.9212
-73.9097
-73.8988
-73.8904
-73.8807
-73.8672
-73.8555
-73.8445
-73.8357
-73.835
-73.8404
-73.845
-73.8426
-73.8366
-73.8247
-73.8113
-73.7965
-73.7828
-73.7669
-73.7468
-73.7232
-73.7018
-73.6859
-73.6755
-73.6666
-73.6587
-73.6598
-73.6665
-73.6709
-73.6705
-73.6707
-73.6676
-73.6574
-73.6411
-73.6205
-73.5968
-73.5709
-73.5435
-73.5148
-73.4853
-73.4565
-73.4355
-73.4258
-73.4238
-73.4311
-73.4337
-73.4273
-73.4139
-73.3955
-73.3773
-73.3633
-73.3469
-73.3268
-73.3039
-73.2832
-73.2819
-73.2858
-73.2865
-73.2864
-73.2798
-73.2669
-73.2494
-73.2291
-73.2151
-73.2021
-73.1855
-73.1655
-73.1437
-73.1292
-73.1162
-73.1075
-73.1002
-73.0953
-73.104
-73.126
-73.1438
-73.15
-73.1547
-73.1558
-73.1499
-73.1379
-73.1217
-73.1024
-73.0854
-73.0748
-73.0622
-73.0457
-73.0274
-73.0213
-73.026
-73.0352
-73.0379
-73.0325
-73.0255
-73.0223
-73.015
-73.0088
-73.0147
-73.02
-73.0176
-73.0084
-72.9946
-72.9866
-72.9875
-72.9988
-73.0088
-73.0099
-73.0033
-72.9938
-72.99
-72.9836
-72.9723
-72.9569
-72.9385
-72.918
-72.8961
-72.8731
-72.8494
-72.8251
-72.8004
-72.7755
-72.7504
-72.7252
-72.7
-72.6747
-72.6496
-72.6245
-72.5995
-72.5747
-72.55
-72.5255
-72.5012
-72.4771
-72.4535
-72.4426
-72.4374
-72.4291
-72.417
-72.4019
-72.3914
-72.3909
-72.3882
-72.3807
-72.3693
-72.3551
-72.339
-72.3216
-72.3119
-72.3121
-72.3098
-72.3028
-72.292
-72.2785
-72.2631
-72.2466
-72.2291
-72.2112
-72.1928
-72.1741
-72.1553
-72.1365
-72.1175
-72.0986
-72.0798
-72.061
-72.0424
-72.0238
-72.0054
-71.9871
-71.969
-71.9511
-71.9333
-71.9157
-71.8982
-71.8809
-71.8639
-71.847
-71.8302
-71.8137
-71.7973
-71.7812
-71.7652
-71.7494
-71.7337
-71.7183
-71.703
-71.6879
-71.673
-71.6583
-71.6437
-71.6293
-71.6151
-71.6011
-71.5872
-71.5735
-71.5599
-71.5465
-71.5333
-71.5202
-71.5073
-71.4946
-71.482
-71.4696
-71.4573
-71.4452
-71.4332
-71.4214
-71.4097
-71.3981
-71.3867
-71.3755
-71.3644
-71.3534
-71.3425
-71.3318
-71.3213
-71.3109
-71.3006
-71.2904
-71.2804
-71.2705
-71.2607
-71.2511
-71.2415
-71.2321
-71.2229
-71.2137
-71.2047
-71.1957
-71.1869
-71.1782
-71.1697
-71.1612
-71.1528
-71.1446
-71.1364
-71.1284
-71.1205
-71.1126
-71.1049
-71.0973
-71.0898
-71.0824
-71.075
-71.0678
-71.0607
-71.0536
-71.0467
-71.0398
-71.0331
-71.0264
-71.0198
-71.0134
-71.007
-71.0006
-70.9944
-70.9883
-70.9822
-70.9762
-70.9703
-70.9645
-70.9588
-70.9531
-70.9476
-70.9421
-70.9366
-70.9313
-70.926
-70.9208
-70.9157
-70.9106
-70.9056
-70.9007
-70.8959
-70.8911
-70.8864
-70.8817
-70.8772
-70.8726
-70.8682
-70.8638
-70.8595
-70.8552
-70.851
-70.8469
-70.8428
-70.8388
-70.8348
-70.8309
-70.8271
-70.8233
-70.8196
-70.8159
-70.8123
-70.8087
-70.8052
-70.8017
-70.7983
-70.7949
-70.7916
-70.7884
-70.7852
-70.782
-70.7789
-70.7758
-70.7728
-70.7698
-70.7669
-70.764
-70.7612
-70.7584
-70.7556
-70.7529
-70.7502
-70.7476
-70.745
-70.7425
-70.74
-70.7375
-70.7351
-70.7327
-70.7304
-70.7281
-70.7258
-70.7236
-70.7214
-70.7192
-70.7171
-70.715
-70.713
-70.7109
-70.7089
-70.707
-70.7051
-70.7032
-70.7013
-70.6995
-70.6977
-70.6959
-70.6942
-70.6925
-70.6908
-70.6892
-70.6876
-70.686
-70.6844
-70.6829
-70.6814
-70.6799
-70.6785
-70.677
-70.6756
-70.6743
-70.6729
-70.6716
-70.6703
-70.669
-70.6678
-70.6665
-70.6653
-70.6642
-70.663
-70.6619
-70.6607
-70.6597
-70.6586
-70.6575
-70.6565
-70.6555
-70.6545
-70.6535
-70.6526
-70.6516
-70.6507
-70.6498
-70.649
-70.6481
-70.6473
-70.6465
-70.6457
-70.6449
-70.6441
-70.6433
-70.6426
-70.6419
-70.6412
-70.6405
-70.6398
-70.6392
-70.6385
-70.6379
-70.6373
-70.6367
-70.6361
-70.6355
-70.635
-70.6345
-70.6339
-70.6334
-70.6329
-70.6324
-70.6319
-70.6315
-70.631
-70.6306
-70.6302
-70.6297
-70.6293
-70.6289
-70.6286
-70.6282
-70.6278
-70.6275
-70.6271
-70.6268
-70.6265
-70.6262
-70.6259
-70.6256
-70.6253
-70.6251
-70.6248
-70.6245
-70.6243
-70.6241
-70.6238
-70.6236
-70.6234
-70.6232
-70.623
-70.6228
-70.6227
-70.6225
-70.6223
-70.6222
-70.622
-70.6219
-70.6218
-70.6216
-70.6215
-70.6214
-70.6213
-70.6212
-70.6211
-70.621
-70.6209
-70.6209
-70.6208
-70.6207
-70.6207
-70.6206
-70.6206
-70.6205
-70.6205
-70.6205
-70.6205
-70.6204
-70.6204
-70.6204
-70.6204
-70.6204
-70.6204
-70.6204
-70.6204
-70.6205
-70.6205
-70.6205
-70.6205
-70.6206
-70.6206
-70.6207
-70.6207
-70.6208
-70.6208
-70.6209
-70.6209
-70.621
-70.6211
-70.6211
-70.6212
-70.6213
-70.6213
-70.6214
-70.6215
-70.6216
-70.6217
-70.6218
-70.6219
-70.622
-70.6221
-70.6222
-70.6223
-70.6224
-70.6225
-70.6226
-70.6227
-70.6229
-70.623
-70.6231
-70.6232
-70.6233
-70.6235
-70.6236
-70.6237
-70.6239
-70.624
-70.6241
-70.6243
-70.6244
-70.6246
-70.6247
-70.6248
-70.625
-70.6251
-70.6253
-70.6254
-70.6256
-70.6257
-70.6259
-70.626
-70.6262
-70.6263
-70.6265
-70.6267
-70.6268
-70.627
-70.6271
-70.6273
-70.6275
-70.6276
-70.6278
-70.628
-70.6281
-70.6283
-70.6284
-70.6286
-70.6288
-70.6289
-70.6291
-70.6293
-70.6295
-70.6296
-70.6298
-70.63
-70.6301
-70.6303
-70.6305
-70.6306
-70.6308
-70.631
-70.6312
-70.6313
-70.6315
-70.6317
-70.6319
-70.632
-70.6322
-70.6324
-70.6325
-70.6327
-70.6329
-70.6331
-70.6332
-70.6334
-70.6336
-70.6338
-70.6339
-70.6341
-70.6343
-70.6344
-70.6346
-70.6348
-70.635
-70.6351
-70.6353
-70.6355
-70.6356
-70.6358
-70.636
-70.6362
-70.6363
-70.6365
-70.6367
-70.6368
-70.637
-70.6372
-70.6373
-70.6375
-70.6377
-70.6378
-70.638
-70.6382
-70.6383
-70.6385
-70.6387
-70.6388
-70.639
-70.6392
-70.6393
-70.6395
-70.6396
-70.6398
-70.64
-70.6401
-70.6403
-70.6404
-70.6406
-70.6408
-70.6409
-70.6411
-70.6412
-70.6414
-70.6415
-70.6417
-70.6418
-70.642
-70.6421
-70.6423
-70.6425
-70.6426
-70.6428
-70.6429
-70.6431
-70.6432
-70.6433
-70.6435
-70.6436
-70.6438
-70.6439

