-70
-70.1661
-70.23
-70.2566
-70.2695
-70.2773
-70.283
-70.2879
-70.2925
-70.297
-70.3014
-70.3057
-70.31
-70.3142
-70.3185
-70.3226
-70.3268
-70.3309
-70.335
-70.3391
-70.3431
-70.3471
-70.351
-70.3549
-70.3588
-70.3626
-70.3664
-70.3701
-70.3738
-70.3775
-70.3811
-70.3847
-70.3883
-70.3918
-70.3953
-70.3987
-70.4021
-70.4055
-70.4088
-70.4121
-70.4154
-70.4186
-70.4218
-70.4249
-70.428
-70.4311
-70.4341
-70.4372
-70.4401
-70.4431
-70.446
-70.4489
-70.4517
-70.4545
-70.4573
-70.4601
-70.4628
-70.4655
-70.4682
-70.4708
-70.4734
-70.476
-70.4785
-70.481
-70.4835
-70.486
-70.4884
-70.4908
-70.4932
-70.4955
-70.4978
-70.5001
-70.5024
-70.5046
-70.5068
-70.509
-70.5112
-70.5133
-70.5154
-70.5175
-70.5196
-70.5216
-70.5236
-70.5256
-70.5276
-70.5295
-70.5315
-70.5334
-70.5352
-70.5371
-70.5389
-70.5407
-70.5425
-70.5443
-70.5461
-70.5478
-70.5495
-70.5512
-70.5528
-70.5545
-70.5561
-70.5577
-70.5593
-70.5609
-70.5624
-70.5639
-70.5655
-70.5669
-70.5684
-70.5699
-70.5713
-70.5727
-70.5741
-70.5755
-70.5769
-70.5782
-70.5796
-70.5809
-70.5822
-70.5835
-70.5848
-70.586
-70.5873
-70.5885
-70.5897
-70.5909
-70.5921
-70.5932
-70.5944
-70.5955
-70.5966
-70.5977
-70.5988
-70.5999
-70.601
-70.602
-70.603
-70.6041
-70.6051
-70.6061
-70.6071
-70.608
-70.609
-70.6099
-70.6109
-70.6118
-70.6127
-70.6136
-70.6145
-70.6154
-70.6162
-70.6171
-70.6179
-70.6187
-70.6196
-70.6204
-70.6212
-70.622
-70.6227
-70.6235
-70.6242
-70.625
-70.6257
-70.6265
-70.6272
-70.6279
-70.6286
-70.6293
-70.6299
-70.6306
-70.6313
-70.6319
-70.6325
-70.6332
-70.6338
-70.6344
-70.635
-70.6356
-70.6362
-70.6368
-70.6374
-70.6379
-70.6385
-70.639
-70.6396
-70.6401
-70.6406
-70.6411
-70.6417
-70.6422
-70.6427
-70.6431
-70.6436
-70.6441
-70.6446
-70.645
-70.6455
-70.6459
-70.6464
-70.6468
-70.6472
-70.6476
-70.6481
-70.6485
-70.6489
-70.6493
-70.6497
-70.65
-70.6504
-70.6508
-70.6512
-70.6515
-70.6519
-70.6522
-70.6526
-70.6529
-70.6533
-70.6536
-70.6539
-70.6542
-70.6545
-70.6549
-70.6552
-70.6555
-70.6558
-70.656
-70.6563
-70.6566
-70.6569
-70.6572
-70.6574
-70.6577
-70.658
-70.6582
-70.6585
-70.6587
-70.6589
-70.6592
-70.6594
-70.6597
-70.6599
-70.6601
-70.6603
-70.6605
-70.6607
-70.661
-70.6612
-70.6614
-70.6616
-70.6617
-70.6619
-70.6621
-70.6623
-70.6625
-70.6627
-70.6628
-70.663
-70.6632
-70.6633
-70.6635
-70.6637
-70.6638
-70.664
-70.6641
-70.6643
-70.6644
-70.6646
-70.6647
-70.6648
-70.665
-70.6651
-70.6652
-70.6653
-70.6655
-70.6656
-70.6657
-70.6658
-70.6659
-70.666
-70.6662
-70.6663
-70.6664
-70.6665
-70.6666
-70.6667
-70.6668
-70.6669
-70.667
-70.667
-70.6671
-70.6672
-70.6673
-70.6674
-70.6675
-70.6675
-70.6676
-70.6677
-70.6678
-70.6678
-70.6679
-70.668
-70.668
-70.6681
-70.6682
-70.6682
-70.6683
-70.6683
-70.6684
-70.6685
-70.6685
-70.6686
-70.6686
-70.6687
-70.6687
-70.6688
-70.6688
-70.6688
-70.6689
-70.6689
-70.669
-70.669
-70.669
-70.6691
-70.6691
-70.6691
-70.6692
-70.6692
-70.6692
-70.6693
-70.6693
-70.6693
-70.6694
-70.6694
-70.6694
-70.6694
-70.6694
-70.6695
-70.6695
-70.6695
-70.6695
-70.6695
-70.6696
-70.6696
-70.6696
-70.6696
-70.6696
-70.6696
-70.6696
-70.6697
-70.6697
-70.6697
-70.6697
-70.6697
-70.6697
-70.6697
-70.6697
-70.6697
-70.6697
-70.6697
-70.6697
-70.6697
-70.6697
-70.6697
-70.6697
-70.6697
-70.6697
-70.6697
-70.6697
-70.6697
-70.6697
-70.6697
-70.6697
-70.6697
-70.6697
-70.6697
-70.6697
-70.6697
-70.6697
-70.6697
-70.6697
-70.6697
-70.6697
-70.6697
-70.6696
-70.6696
-70.6696
-70.6696
-70.6696
-70.6696
-70.6696
-70.6696
-70.6696
-70.6695
-70.6695
-70.6695
-70.6695
-70.6695
-70.6695
-70.6695
-70.6695
-70.6694
-70.6694
-70.6694
-70.6694
-70.6694
-70.6694
-70.6693
-70.6693
-70.6693
-70.6693
-70.6693
-70.6693
-70.6693
-70.6692
-70.6692
-70.6692
-70.6692
-70.6692
-70.6691
-70.6691
-70.6691
-70.6691
-70.6691
-70.6691
-70.669
-70.669
-70.669
-70.669
-70.669
-70.6689
-70.6689
-70.6689
-70.6689
-70.6689
-70.6688
-70.6688
-70.6688
-70.6688
-70.6688
-70.6687
-70.6687
-70.6687
-70.6687
-70.6686
-70.6686
-70.6686
-70.6686
-70.6686
-70.6685
-70.6685
-70.6685
-70.6685
-70.6685
-70.6684
-70.6684
-70.6684
-70.6684
-70.6684
-70.6683
-70.6683
-70.6683
-70.6683
-70.6682
-70.6682
-70.6682
-70.6682
-70.6682
-70.6681
-70.6681
-70.6681
-70.6681
-70.6681
-70.6722
-70.9162
-71.7119
-72.6846
-73.4732
-73.9782
-74.2447
-74.3697
-74.4273
-74.4544
-74.4737
-74.5079
-74.5565
-74.6098
-74.6578
-74.6916
-74.709
-74.7138
-74.712
-74.7065
-74.7001
-74.7036
-74.7192
-74.7427
-58.2197
-52.2634
-49.8527
-46.8679
-27.977
-14.4021
-40.2445
-69.0712
-69.25
-68.2422
-67.1851
-66.101
-65.0061
-63.9176
-62.8527
-61.8271
-60.8365
-59.8961
-59.0378
-58.2606
-57.563
-56.9434
-56.3981
-55.9233
-55.5131
-55.1634
-54.8669
-54.6065
-54.3609
-54.1659
-54.0119
-53.8894
-53.7922
-53.7156
-53.656
-53.6101
-53.5756
-53.5504
-53.5327
-53.5211
-53.5144
-53.5119
-53.5127
-53.5163
-53.5223
-53.5197
-53.4484
-53.4117
-53.3985
-53.3959
-53.398
-53.4022
-53.4074
-53.413
-53.4189
-53.4247
-53.4298
-53.4342
-53.438
-53.4409
-53.4424
-53.4418
-53.4384
-53.4304
-53.4151
-53.3865
-53.3275
-53.1574
-51.6948
-50.1909
-50.3775
-50.9794
-51.5543
-51.9737
-52.2479
-52.4202
-52.5343
-52.6203
-52.6978
-52.7794
-52.8745
-52.9919
-53.1414
-53.3312
-53.5658
-53.8413
-54.1486
-54.4792
-54.8276
-55.1944
-54.8333
-53.7081
-53.4379
-53.3855
-53.391
-53.4119
-53.4367
-53.4622
-53.4878
-53.5136
-53.5398
-53.5669
-53.5951
-53.6248
-53.6563
-53.6899
-53.7261
-53.7651
-53.8074
-53.8531
-53.9028
-53.9565
-54.0149
-54.0781
-54.1465
-54.2207
-54.3006
-54.3867
-54.4797
-54.58
-54.6881
-54.8044
-54.9296
-55.0645
-55.2094
-55.3646
-55.5301
-55.7063
-55.8935
-56.0923
-56.3032
-56.5263
-56.761
-57.0072
-57.2652
-57.535
-57.8159
-58.107
-58.408
-58.723
-59.0604
-59.4036
-59.7487
-60.0955
-60.4425
-60.7878
-61.1399
-61.5084
-61.8742
-62.2404
-62.6344
-63.0229
-63.3916
-63.7418
-64.0764
-64.3971
-64.7076
-65.0212
-65.3239
-65.6096
-65.8989
-66.1932
-66.4678
-66.719
-66.9497
-67.1632
-67.3616
-67.5556
-67.7488
-67.9284
-68.0965
-68.2749
-68.4533
-68.6139
-68.7559
-68.8824
-68.9966
-69.1006
-69.2083
-69.3164
-69.4144
-69.5087
-69.6133
-69.7212
-69.8165
-69.8978
-69.9678
-70.0291
-70.0838
-70.1429
-70.2066
-70.2638
-70.317
-70.3786
-70.4491
-70.5139
-70.5676
-70.6118
-70.6489
-70.6807
-70.7121
-70.7528
-70.7914
-70.8244
-70.8632
-70.9064
-70.9554
-70.9983
-71.0324
-71.0593
-71.081
-71.0988
-71.1209
-71.1498
-71.1752
-71.1977
-71.2275
-71.2588
-71.2953
-71.3269
-66.4629
-54.3321
-51.2348
-49.5721
-47.8176
-43.9222
4.06488
-24.2085
-53.0727
-68.5614
-67.8825
-66.8345
-65.7587
-64.6782
-63.6107
-62.573
-61.5804
-60.6461
-59.7789
-58.9852
-58.2696
-57.6328
-57.0728
-56.5878
-56.1728
-55.8209
-55.5277
-55.2907
-55.1012
-54.9521
-54.8402
-54.764
-54.7154
-54.6896
-54.6836
-54.6993
-54.7351
-54.7837
-54.8504
-54.9269
-55.0089
-55.0976
-55.2039
-55.3168
-55.4301
-55.5437
-55.6582
-55.774
-55.8992
-56.0493
-56.2202
-56.386
-56.5395
-56.6865
-56.8537
-57.019
-57.1711
-57.323
-57.5622
-57.8453
-58.234
-58.9146
-59.8399
-60.7914
-61.6976
-62.4421
-63.0306
-63.5263
-64.028
-64.7268
-65.776
-67.0295
-68.1664
-69.1156
-69.7931
-70.2484
-70.5889
-70.8753
-71.1534
-71.4867
-71.881
-72.2755
-72.629
-72.9107
-73.1182
-73.2715
-73.395
-73.5029
-73.6036
-73.7093
-73.8253
-73.9431
-74.0544
-74.1503
-74.2267
-74.2848
-74.3303
-74.369
-74.4025
-74.4357
-74.4745
-74.516
-74.559
-74.5976
-74.6294
-74.6527
-74.6686
-74.6802
-74.6889
-74.696
-74.7063
-74.7204
-74.7377
-74.756
-74.771
-74.7825
-74.789
-74.7913
-74.7911
-74.7891
-74.7874
-74.7892
-74.7939
-74.8028
-74.8127
-74.82
-74.8253
-74.8269
-74.8258
-74.8224
-74.8175
-74.8131
-74.8118
-74.8131
-74.818
-74.8249
-74.8294
-74.8325
-74.8336
-74.8318
-74.8274
-74.8216
-74.816
-74.813
-74.8128
-74.8144
-74.8205
-74.8256
-74.8285
-74.8302
-74.83
-74.827
-74.8219
-74.8155
-74.8108
-74.8087
-74.8084
-74.8109
-74.8157
-74.819
-74.8205
-74.822
-74.8211
-74.8182
-74.8138
-74.8081
-74.8046
-74.8033
-74.8036
-74.806
-74.8099
-74.8123
-74.8134
-74.8138
-74.8133
-74.8105
-74.8067
-74.8023
-74.7993
-74.7968
-74.7956
-74.7974
-74.8002
-74.8029
-74.8039
-74.8046
-74.8037
-74.8028
-74.8008
-74.7969
-74.7945
-74.7942
-74.7921
-74.7903
-74.7922
-74.7943
-74.796
-74.7963
-74.7957
-74.7947
-74.7925
-74.7908
-74.7881
-74.7854
-74.7857
-74.7853
-74.7832
-74.7835
-74.7859
-74.7875
-74.7888
-74.7881
-74.7865
-74.7851
-74.7832
-74.781
-74.7793
-74.7791
-74.7785
-74.7771
-74.7763
-74.7772
-74.7789
-74.7802
-74.78
-74.7785
-74.7766
-74.7753
-74.7736
-74.77
-74.7678
-74.7697
-74.7711
-74.7686
-74.7669
-74.7681
-74.7712
-74.7726
-74.7721
-74.771
-74.7692
-74.7679
-74.7664
-74.764
-74.7599
-74.758
-74.7603
-74.7621
-74.7616
-74.7594
-74.7578
-74.7601
-74.762
-74.7625
-74.7609
-74.7598
-74.7589
-74.7569
-74.7541
-74.7508
-74.7486
-74.7477
-74.7498
-74.7516
-74.7531
-74.7523
-74.7503
-74.75
-74.7514
-74.7514
-74.7503
-74.7488
-74.7479
-74.7464
-74.744
-74.7412
-74.7401
-74.7395
-74.7396
-74.7389
-74.7397
-74.7406
-74.7404
-74.7394
-74.7398
-74.7388
-74.7384
-74.739
-74.7383
-74.7356
-74.7329
-74.7299
-74.7279
-74.728
-74.7286
-74.7311
-74.7317
-74.73
-74.7286
-74.7283
-74.7271
-74.7267
-74.7268
-74.7262
-74.7258
-74.7226
-74.7218
-74.7216
-74.7185
-74.7164
-74.7155
-74.7152
-74.7149
-74.7169
-74.7193
-74.7202
-74.7192
-74.7161
-74.7134
-74.7105
-74.7091
-74.7105
-74.7126
-74.714
-74.713
-74.7083
-74.7019
-74.6997
-74.6989
-74.6997
-74.7006
-74.7007
-74.7011
-74.7025
-74.7051
-74.7073
-74.7074
-74.7051
-74.7013
-74.6962
-74.6909
-74.6886
-74.6905
-74.6924
-74.6944
-74.6935
-74.6894
-74.6828
-74.6773
-74.6745
-74.6762
-74.6821
-74.6849
-74.6865
-74.6852
-74.685
-74.6881
-74.6888
-74.6875
-74.6849
-74.6825
-74.679
-74.6748
-74.6739
-74.6737
-74.6723
-74.6707
-74.67
-74.6683
-74.6657
-74.6624
-74.658
-74.6555
-74.6555
-74.6547
-74.6555
-74.662
-74.6675
-74.6696
-74.6714
-74.6713
-74.6684
-74.6655
-74.6619
-74.6571
-74.6539
-74.6521
-74.6492
-74.6491
-74.647
-74.644
-74.6409
-74.638
-74.6345
-74.6323
-74.6322
-74.631
-74.6277
-74.6263
-74.6254
-74.625
-74.6294
-74.6328
-74.6341
-74.6369
-74.6418
-74.6466
-74.6471
-74.643
-74.6373
-74.6318
-74.6297
-74.6283
-74.6244
-74.6198
-74.6168
-74.6132
-74.6091
-74.6077
-74.6078
-74.6086
-74.6076
-74.6038
-74.6005
-74.596
-74.5937
-74.5909
-74.5851
-74.5837
-74.5919
-74.6008
-74.6049
-74.6057
-74.6077
-74.609
-74.6083
-74.6069
-74.6057
-74.6071
-74.6078
-74.6055
-74.6007
-74.5956
-74.5909
-74.5829
-74.5752
-74.5709
-74.566
-74.5593
-74.5517
-74.5502
-74.5537
-74.5547
-74.553
-74.5514
-74.5488
-74.5473
-74.5462
-74.5442
-74.5373
-74.5309
-74.533
-74.5379
-74.5411
-74.5458
-74.553
-74.5596
-74.5644
-74.5663
-74.5666
-74.562
-74.5585
-74.556
-74.553
-74.5475
-74.5426
-74.5365
-74.5334
-74.5312
-74.5266
-74.523
-74.5213
-74.5198
-74.5159
-74.5079
-74.4971
-74.4855
-74.4778
-74.4754
-74.4778
-74.479
-74.4787
-74.4793
-74.482
-74.4834
-74.4856
-74.4818
-74.4785
-74.4827
-74.4855
-74.4828
-74.4793
-74.4759
-74.4762
-74.4763
-74.4835
-74.4943
-74.4968
-74.4984
-74.508
-74.5137
-74.5145
-74.5098
-74.5017
-74.4938
-74.4851
-74.4761
-74.4635
-74.454
-74.448
-74.4441
-74.4387
-74.4317
-74.4273
-74.4258
-74.4288
-74.4353
-74.4387
-74.4335
-74.4232
-74.4123
-74.403
-74.3943
-74.3884
-74.3834
-74.3797
-74.3735
-74.3646
-74.3557
-74.3495
-74.3446
-74.3479
-74.3593
-74.3672
-74.3761
-74.3796
-74.3811
-74.3827
-74.3767
-74.3701
-74.3632
-74.3556
-74.3513
-74.3514
-74.3538
-74.3576
-74.3633
-74.3804
-74.3944
-74.3986
-74.3957
-74.3905
-74.3834
-74.3774
-74.3722
-74.3715
-74.371
-74.3672
-74.3645
-74.3614
-74.3546
-74.3461
-74.3392
-74.3295
-74.3186
-74.3117
-74.3051
-74.3011
-74.2955
-74.288
-74.2789
-74.2709
-74.2637
-74.2554
-74.2486
-74.2447
-74.2379
-74.2299
-74.2279
-74.224
-74.2185
-74.2181
-74.2175
-74.2254
-74.2338
-74.2366
-74.2323
-74.2202
-74.202
-74.1795
-74.1554
-74.1395
-74.1331
-74.133
-74.1409
-74.1509
-74.1682
-74.1867
-74.1992
-74.202
-74.1988
-74.1912
-74.1826
-74.1748
-74.1668
-74.1672
-74.1698
-74.1737
-74.174
-74.1667
-74.1585
-74.1583
-74.1632
-74.1668
-74.1695
-74.1727
-74.1721
-74.1695
-74.1728
-74.1724
-74.1741
-74.1755
-74.1751
-74.1748
-74.1684
-74.1552
-74.14
-74.1241
-74.1085
-74.1005
-74.095
-74.1005
-74.1117
-74.1159
-74.1116
-74.1026
-74.0939
-74.0846
-74.0733
-74.0643
-74.0621
-74.0654
-74.0679
-74.0694
-74.0689
-74.0653
-74.064
-74.0576
-74.0505
-74.0569
-74.0626
-74.0585
-74.046
-74.0329
-74.0268
-74.0259
-74.0205
-74.0169
-74.0184
-74.021
-74.0188
-74.0133
-74.0075
-73.9957
-73.9781
-73.9604
-73.9413
-73.9188
-73.8932
-73.8653
-73.8358
-73.8051
-73.783
-73.772
-73.7589
-73.7404
-73.7246
-73.718
-73.7227
-73.7249
-73.7183
-73.7091
-73.6975
-73.6808
-73.6597
-73.6371
-73.6249
-73.6167
-73.6095
-73.6099
-73.6218
-73.629
-73.636
-73.6487
-73.6559
-73.6582
-73.6523
-73.6416
-73.6445
-73.6468
-73.6495
-73.6662
-73.6818
-73.696
-73.7009
-73.7012
-73.6961
-73.6843
-73.6704
-73.6703
-73.6741
-73.6746
-73.6674
-73.6595
-73.6549
-73.6475
-73.6381
-73.6352
-73.6331
-73.6374
-73.6432
-73.6463
-73.6442
-73.6346
-73.6189
-73.5987
-73.5756
-73.5502
-73.5233
-73.4952
-73.4725
-73.4558
-73.4437
-73.4287
-73.4094
-73.3867
-73.3615
-73.3348
-73.3069
-73.2782
-73.249
-73.2197
-73.1984
-73.1818
-73.1723
-73.162
-73.1538
-73.1474
-73.1363
-73.1203
-73.1007
-73.0786
-73.0548
-73.0297
-73.0039
-72.9775
-72.9506
-72.9235
-72.9003
-72.887
-72.8732
-72.8628
-72.8578
-72.8491
-72.8357
-72.8186
-72.7989
-72.7776
-72.7551
-72.7317
-72.7078
-72.6836
-72.6591
-72.6346
-72.6099
-72.5853
-72.5607
-72.5362
-72.5118
-72.4876
-72.4635
-72.4396
-72.4159
-72.3925
-72.3808
-72.3766
-72.3695
-72.3584
-72.3442
-72.3279
-72.3101
-72.2915
-72.2722
-72.2525
-72.2326
-72.2125
-72.1924
-72.1723
-72.1523
-72.1323
-72.1124
-72.0927
-72.0731
-72.0537
-72.0344
-72.0153
-71.9964
-71.9777
-71.9592
-71.9409
-71.9227
-71.9048
-71.887
-71.8695
-71.8521
-71.835
-71.818
-71.8012
-71.7847
-71.7683
-71.7521
-71.7361
-71.7203
-71.7047
-71.6893
-71.674
-71.6589
-71.6441
-71.6294
-71.6148
-71.6005
-71.5863
-71.5723
-71.5585
-71.5449
-71.5314
-71.5181
-71.5049
-71.4919
-71.4791
-71.4664
-71.4539
-71.4415
-71.4293
-71.4173
-71.4054
-71.3936
-71.382
-71.3706
-71.3593
-71.3481
-71.3371
-71.3262
-71.3155
-71.3049
-71.2944
-71.2841
-71.2739
-71.2639
-71.254
-71.2442
-71.2345
-71.225
-71.2155
-71.2062
-71.1971
-71.188
-71.1791
-71.1703
-71.1616
-71.153
-71.1445
-71.1362
-71.1279
-71.1198
-71.1118
-71.1038
-71.096
-71.0883
-71.0807
-71.0732
-71.0658
-71.0585
-71.0513
-71.0442
-71.0371
-71.0302
-71.0234
-71.0167
-71.01
-71.0035
-70.997
-70.9907
-70.9844
-70.9782
-70.9721
-70.966
-70.9601
-70.9542
-70.9485
-70.9428
-70.9372
-70.9316
-70.9262
-70.9208
-70.9155
-70.9102
-70.9051
-70.9
-70.895
-70.8901
-70.8852
-70.8804
-70.8757
-70.871
-70.8664
-70.8619
-70.8574
-70.853
-70.8487
-70.8444
-70.8402
-70.8361
-70.832
-70.828
-70.824
-70.8201
-70.8163
-70.8125
-70.8087
-70.8051
-70.8015
-70.7979
-70.7944
-70.7909
-70.7875
-70.7842
-70.7809
-70.7776
-70.7744
-70.7713
-70.7682
-70.7651
-70.7621
-70.7592
-70.7563
-70.7534
-70.7506
-70.7478
-70.7451
-70.7424
-70.7397
-70.7371
-70.7346
-70.7321
-70.7296
-70.7272
-70.7248
-70.7224
-70.7201
-70.7178
-70.7156
-70.7134
-70.7112
-70.7091
-70.707
-70.7049
-70.7029
-70.7009
-70.6989
-70.697
-70.6951
-70.6933
-70.6915
-70.6897
-70.6879
-70.6862
-70.6845
-70.6828
-70.6812
-70.6796
-70.678
-70.6764
-70.6749
-70.6734
-70.672
-70.6705
-70.6691
-70.6677
-70.6664
-70.665
-70.6637
-70.6624
-70.6612
-70.6599
-70.6587
-70.6575
-70.6564
-70.6552
-70.6541
-70.653
-70.652
-70.6509
-70.6499
-70.6489
-70.6479
-70.6469
-70.646
-70.645
-70.6441
-70.6432
-70.6424
-70.6415
-70.6407
-70.6399
-70.6391
-70.6383
-70.6375
-70.6368
-70.6361
-70.6354
-70.6347
-70.634
-70.6333
-70.6327
-70.6321
-70.6314
-70.6308
-70.6303
-70.6297
-70.6291
-70.6286
-70.6281
-70.6276
-70.6271
-70.6266
-70.6261
-70.6256
-70.6252
-70.6248
-70.6243
-70.6239
-70.6235
-70.6231
-70.6228
-70.6224
-70.6221
-70.6217
-70.6214
-70.6211
-70.6208
-70.6205
-70.6202
-70.6199
-70.6196
-70.6194
-70.6191
-70.6189
-70.6187
-70.6184
-70.6182
-70.618
-70.6178
-70.6177
-70.6175
-70.6173
-70.6171
-70.617
-70.6168
-70.6167
-70.6166
-70.6165
-70.6163
-70.6162
-70.6161
-70.616
-70.616
-70.6159
-70.6158
-70.6157
-70.6157
-70.6156
-70.6156
-70.6155
-70.6155
-70.6155
-70.6154
-70.6154
-70.6154
-70.6154
-70.6154
-70.6154
-70.6154
-70.6154
-70.6154
-70.6155
-70.6155
-70.6155
-70.6155
-70.6156
-70.6156
-70.6157
-70.6157
-70.6158
-70.6158
-70.6159
-70.616
-70.6161
-70.6161
-70.6162
-70.6163
-70.6164
-70.6165
-70.6166
-70.6167
-70.6168
-70.6169
-70.617
-70.6171
-70.6172
-70.6173
-70.6174
-70.6175
-70.6176
-70.6178
-70.6179
-70.618
-70.6182
-70.6183
-70.6184
-70.6186
-70.6187
-70.6189
-70.619
-70.6191
-70.6193
-70.6194
-70.6196
-70.6197
-70.6199
-70.6201
-70.6202
-70.6204
-70.6205
-70.6207
-70.6209
-70.621
-70.6212
-70.6214
-70.6215
-70.6217
-70.6219
-70.6221
-70.6222
-70.6224
-70.6226
-70.6228
-70.6229
-70.6231
-70.6233
-70.6235
-70.6237
-70.6239
-70.624
-70.6242
-70.6244
-70.6246
-70.6248
-70.625
-70.6252
-70.6253
-70.6255
-70.6257
-70.6259
-70.6261
-70.6263
-70.6265
-70.6267
-70.6269
-70.627
-70.6272
-70.6274
-70.6276
-70.6278
-70.628
-70.6282
-70.6284
-70.6286
-70.6288
-70.629
-70.6292
-70.6294
-70.6295
-70.6297
-70.6299
-70.6301
-70.6303
-70.6305
-70.6307
-70.6309
-70.6311
-70.6313
-70.6315
-70.6317
-70.6319
-70.632
-70.6322
-70.6324
-70.6326
-70.6328
-70.633
-70.6332
-70.6334
-70.6336
-70.6337
-70.6339
-70.6341
-70.6343
-70.6345
-70.6347
-70.6349
-70.635
-70.6352
-70.6354
-70.6356
-70.6358
-70.636
-70.6361
-70.6363
-70.6365
-70.6367
-70.6369
-70.637
-70.6372
-70.6374
-70.6376
-70.6378
-70.6379
-70.6381
-70.6383
-70.6385
-70.6386
-70.6388
-70.639
-70.6392
-70.6393
-70.6395
-70.6397
-70.6398
-70.64
-70.6402
-70.6403
-70.6405
-70.6407
-70.6408
-70.641
-70.6412
-70.6413
-70.6415
-70.6417
-70.6418
-70.642
-70.6421
-70.6423
-70.6424
-70.6426
-70.6428
-70.6429
-70.6431
-70.6432
-70.6434
-70.6435
-70.6437
-70.6438

