-70
-70.2123
-70.2926
-70.3252
-70.3404
-70.3491
-70.3555
-70.3609
-70.3659
-70.3708
-70.3757
-70.3805
-70.3853
-70.39
-70.3948
-70.3995
-70.4042
-70.4088
-70.4134
-70.4179
-70.4224
-70.4269
-70.4313
-70.4357
-70.44
-70.4443
-70.4485
-70.4527
-70.4569
-70.461
-70.465
-70.469
-70.473
-70.4769
-70.4808
-70.4846
-70.4884
-70.4921
-70.4958
-70.4995
-70.5031
-70.5067
-70.5102
-70.5137
-70.5172
-70.5206
-70.524
-70.5273
-70.5306
-70.5339
-70.5371
-70.5403
-70.5434
-70.5465
-70.5496
-70.5526
-70.5556
-70.5586
-70.5615
-70.5644
-70.5673
-70.5701
-70.5729
-70.5757
-70.5784
-70.5811
-70.5838
-70.5864
-70.589
-70.5916
-70.5941
-70.5966
-70.5991
-70.6016
-70.604
-70.6064
-70.6087
-70.6111
-70.6134
-70.6157
-70.6179
-70.6201
-70.6223
-70.6245
-70.6266
-70.6287
-70.6308
-70.6329
-70.6349
-70.6369
-70.6389
-70.6409
-70.6428
-70.6448
-70.6466
-70.6485
-70.6503
-70.6522
-70.654
-70.6557
-70.6575
-70.6592
-70.6609
-70.6626
-70.6643
-70.6659
-70.6675
-70.6691
-70.6707
-70.6723
-70.6738
-70.6754
-70.6769
-70.6783
-70.6798
-70.6812
-70.6827
-70.6841
-70.6855
-70.6868
-70.6882
-70.6895
-70.6908
-70.6921
-70.6934
-70.6947
-70.6959
-70.6972
-70.6984
-70.6996
-70.7008
-70.702
-70.7031
-70.7042
-70.7054
-70.7065
-70.7076
-70.7087
-70.7097
-70.7108
-70.7118
-70.7128
-70.7138
-70.7148
-70.7158
-70.7168
-70.7177
-70.7187
-70.7196
-70.7205
-70.7214
-70.7223
-70.7232
-70.7241
-70.7249
-70.7258
-70.7266
-70.7274
-70.7282
-70.729
-70.7298
-70.7306
-70.7314
-70.7321
-70.7329
-70.7336
-70.7343
-70.735
-70.7357
-70.7364
-70.7371
-70.7378
-70.7384
-70.7391
-70.7397
-70.7404
-70.741
-70.7416
-70.7422
-70.7428
-70.7434
-70.744
-70.7446
-70.7451
-70.7457
-70.7462
-70.7468
-70.7473
-70.7478
-70.7484
-70.7489
-70.7494
-70.7499
-70.7504
-70.7508
-70.7513
-70.7518
-70.7522
-70.7527
-70.7531
-70.7536
-70.754
-70.7544
-70.7549
-70.7553
-70.7557
-70.7561
-70.7565
-70.7569
-70.7573
-70.7576
-70.758
-70.7584
-70.7587
-70.7591
-70.7594
-70.7598
-70.7601
-70.7605
-70.7608
-70.7611
-70.7614
-70.7617
-70.7621
-70.7624
-70.7627
-70.763
-70.7632
-70.7635
-70.7638
-70.7641
-70.7644
-70.7646
-70.7649
-70.7651
-70.7654
-70.7656
-70.7659
-70.7661
-70.7664
-70.7666
-70.7668
-70.7671
-70.7673
-70.7675
-70.7677
-70.7679
-70.7681
-70.7684
-70.7686
-70.7688
-70.769
-70.7691
-70.7693
-70.7695
-70.7697
-70.7699
-70.7701
-70.7702
-70.7704
-70.7706
-70.7707
-70.7709
-70.7711
-70.7712
-70.7714
-70.7715
-70.7717
-70.7718
-70.772
-70.7721
-70.7722
-70.7724
-70.7725
-70.7726
-70.7728
-70.7729
-70.773
-70.7731
-70.7733
-70.7734
-70.7735
-70.7736
-70.7737
-70.7738
-70.7739
-70.774
-70.7741
-70.7742
-70.7743
-70.7744
-70.7745
-70.7746
-70.7747
-70.7748
-70.7749
-70.775
-70.7751
-70.7751
-70.7752
-70.7753
-70.7754
-70.7755
-70.7755
-70.7756
-70.7757
-70.7758
-70.7758
-70.7759
-70.776
-70.776
-70.7761
-70.7762
-70.7762
-70.7763
-70.7763
-70.7764
-70.7765
-70.7765
-70.7766
-70.7766
-70.7767
-70.7767
-70.7768
-70.7768
-70.7769
-70.7769
-70.777
-70.777
-70.7771
-70.7771
-70.7771
-70.7772
-70.7772
-70.7773
-70.7773
-70.7773
-70.7774
-70.7774
-70.7774
-70.7775
-70.7775
-70.7775
-70.7776
-70.7776
-70.7776
-70.7777
-70.7777
-70.7777
-70.7777
-70.7778
-70.7778
-70.7778
-70.7778
-70.7779
-70.7779
-70.7779
-70.7779
-70.778
-70.778
-70.778
-70.778
-70.778
-70.7781
-70.7781
-70.7781
-70.7781
-70.7781
-70.7781
-70.7782
-70.7782
-70.7782
-70.7782
-70.7782
-70.7782
-70.7782
-70.7783
-70.7783
-70.7783
-70.7783
-70.7783
-70.7783
-70.7783
-70.7783
-70.7783
-70.7783
-70.7784
-70.7784
-70.7784
-70.7784
-70.7784
-70.7784
-70.7784
-70.7784
-70.7784
-70.7784
-70.7784
-70.7784
-70.7784
-70.7784
-70.7784
-70.7784
-70.7784
-70.7784
-70.7784
-70.7785
-70.7785
-70.7785
-70.7785
-70.7785
-70.7785
-70.7785
-70.7785
-70.7785
-70.7785
-70.7785
-70.7785
-70.7785
-70.7785
-70.7785
-70.7785
-70.7785
-70.7785
-70.7785
-70.7785
-70.7785
-70.7785
-70.7785
-70.7785
-70.7785
-70.7785
-70.7785
-70.7785
-70.7785
-70.7785
-70.7785
-70.7784
-70.7784
-70.7784
-70.7784
-70.7784
-70.7784
-70.7784
-70.7784
-70.7784
-70.7784
-70.7784
-70.7784
-70.7784
-70.7784
-70.7784
-70.7784
-70.7784
-70.7784
-70.7784
-70.7784
-55.528
-51.628
-49.4753
-46.0311
7.84182
-31.6499
-68.9683
-69.89
-68.6669
-67.3517
-65.9889
-64.6143
-63.2647
-61.9745
-60.7725
-59.68
-58.711
-57.8889
-57.2446
-56.7349
-56.3263
-55.5935
-55.1132
-54.7922
-54.5494
-54.3777
-54.2526
-54.1681
-54.1107
-54.0723
-54.0473
-54.032
-54.0237
-54.0206
-54.0214
-54.0253
-54.0318
-54.0412
-54.0474
-54.0248
-54.0118
-53.9967
-53.9816
-53.9725
-53.9714
-53.9717
-53.9714
-53.9727
-53.9723
-53.9709
-53.9713
-53.973
-53.9735
-53.9749
-53.9753
-53.975
-53.9749
-53.9759
-53.9778
-53.9785
-53.9793
-53.9795
-53.9793
-53.9786
-53.9789
-53.98
-53.9816
-53.9834
-53.9835
-53.9837
-53.9828
-53.9818
-53.981
-53.9811
-53.982
-53.9833
-53.9848
-53.9865
-53.9884
-53.9888
-53.9878
-53.9856
-53.984
-53.9822
-53.9817
-53.982
-53.9828
-53.984
-53.9852
-53.9866
-53.9881
-53.9896
-53.9912
-53.9928
-53.9942
-53.9954
-53.9945
-53.988
-53.9823
-53.9788
-53.9762
-53.9748
-53.9736
-53.972
-53.9687
-53.9606
-53.9095
-53.7395
-53.7498
-53.7975
-53.8362
-53.8616
-53.8772
-53.8863
-53.8916
-53.8948
-53.8973
-53.9002
-53.904
-53.9094
-53.9172
-53.9283
-53.9438
-53.9681
-53.9884
-53.9952
-53.9967
-53.9961
-53.9962
-53.9974
-53.9996
-54.0028
-54.0069
-54.0116
-54.0171
-54.0233
-54.0303
-54.0382
-54.0469
-54.0566
-54.0673
-54.0792
-54.0922
-54.1065
-54.1222
-54.1395
-54.1584
-54.179
-54.2016
-54.2262
-54.2529
-54.282
-54.3137
-54.3483
-54.3861
-54.4271
-54.4718
-54.5204
-54.5423
-54.1698
-54.0251
-53.9627
-53.9475
-53.9463
-53.9548
-53.9662
-53.9776
-53.988
-53.9975
-54.0061
-54.0142
-54.022
-54.0296
-54.0373
-54.0451
-54.0533
-54.062
-54.0712
-54.0814
-54.0926
-54.1046
-54.1174
-54.1312
-54.1462
-54.1624
-54.1801
-54.2
-54.2223
-54.2463
-54.2728
-54.3012
-54.3316
-54.3643
-54.3996
-54.4378
-54.4793
-54.5246
-54.5757
-54.6308
-54.6917
-54.7577
-54.2023
-53.9726
-53.9294
-53.9343
-53.9283
-53.9288
-53.9386
-53.9509
-53.9625
-53.9729
-53.9819
-53.9898
-53.9968
-54.0032
-54.0094
-54.0153
-54.0213
-54.0277
-54.0345
-54.0415
-54.0493
-54.0577
-54.0666
-54.0761
-54.0863
-54.0973
-54.1092
-54.1221
-54.1369
-54.1536
-54.1714
-54.1908
-54.213
-54.2367
-54.2618
-54.2887
-54.3177
-54.3491
-54.3831
-54.4206
-54.4644
-54.5114
-54.5611
-54.6158
-54.6781
-54.744
-54.813
-54.8863
-54.9647
-55.0487
-55.1387
-54.1882
-53.877
-53.836
-53.8613
-53.8979
-53.9299
-53.9347
-53.9353
-53.9427
-53.9524
-53.9618
-53.9701
-53.9775
-53.9842
-53.9902
-53.9958
-54.001
-54.0063
-54.0118
-54.0174
-54.0231
-54.0291
-54.0355
-54.0423
-54.0497
-54.0585
-54.0681
-54.0783
-54.0892
-54.101
-54.115
-54.1306
-54.1471
-54.1647
-54.1837
-54.2055
-54.2303
-54.2565
-54.2845
-54.3148
-54.3504
-54.3893
-54.4304
-54.4742
-54.2264
-53.9966
-53.9278
-53.9188
-53.926
-53.9381
-53.9502
-53.9608
-53.9698
-53.9774
-53.9839
-53.9897
-53.995
-54
-54.005
-54.0104
-54.0158
-54.0214
-54.0284
-54.0363
-54.0443
-54.0527
-54.0627
-54.0763
-54.0956
-54.1227
-54.157
-54.1922
-54.2267
-54.2591
-54.2902
-54.3232
-54.3661
-54.4246
-54.4982
-54.5944
-54.6971
-54.7943
-54.8869
-54.9785
-55.0722
-55.1742
-55.2921
-55.4353
-55.6051
-55.796
-55.9976
-56.2004
-56.4057
-56.6169
-56.8356
-57.0696
-57.3234
-57.61
-57.9344
-58.285
-58.6577
-59.0387
-59.4186
-59.8029
-60.1945
-60.5985
-61.0144
-61.4545
-61.9317
-62.4336
-62.9539
-63.4798
-63.9924
-64.4873
-64.9666
-65.434
-65.8958
-66.3532
-66.826
-67.3073
-67.7886
-68.2646
-68.7195
-69.1392
-69.5271
-69.885
-70.2186
-70.5322
-70.8319
-71.1342
-71.4254
-71.7054
-71.9749
-72.226
-72.4485
-72.6464
-72.823
-72.9823
-73.127
-73.2631
-73.397
-73.5232
-73.6417
-73.7548
-73.8618
-73.9542
-74.0324
-74.1008
-74.1613
-74.2142
-74.2629
-74.3109
-74.3573
-74.401
-74.4418
-74.4828
-74.5204
-74.5506
-74.574
-74.5939
-74.6111
-74.6263
-74.6411
-74.6544
-74.6671
-74.6808
-74.694
-74.7088
-74.7223
-74.7312
-74.7372
-74.7411
-74.745
-74.7494
-74.7536
-74.7556
-74.7574
-74.7608
-74.7655
-74.7713
-74.7765
-74.7799
-74.7809
-74.7803
-74.7793
-74.7796
-74.7811
-74.7806
-74.7784
-74.776
-74.7761
-74.7783
-74.7821
-74.7839
-74.7846
-74.7846
-74.783
-74.7822
-74.7829
-74.7829
-74.7816
-74.7783
-74.7749
-74.7738
-74.7745
-74.7761
-74.7759
-74.7759
-74.776
-74.7748
-74.7742
-74.7749
-74.7744
-74.7717
-74.7688
-74.7659
-74.7642
-74.7642
-74.7648
-74.7648
-74.7644
-74.7654
-74.7657
-74.7655
-74.7661
-74.7674
-74.7658
-74.7625
-74.7569
-74.753
-74.7519
-74.7523
-74.753
-74.7531
-74.7528
-74.7508
-74.7505
-74.7518
-74.7532
-74.7549
-74.7548
-74.7527
-74.7479
-74.7413
-74.7371
-74.7373
-74.74
-74.7426
-74.7447
-74.7439
-74.7411
-74.7395
-74.7414
-74.7442
-74.7455
-74.7435
-74.7402
-74.7358
-74.7283
-74.7229
-74.7208
-74.7224
-74.726
-74.7299
-74.7316
-74.7293
-74.7257
-74.7261
-74.7296
-74.7331
-74.7332
-74.7304
-74.7267
-74.7211
-74.7144
-74.709
-74.7077
-74.7085
-74.7122
-74.7166
-74.7199
-74.721
-74.7177
-74.7149
-74.7159
-74.7195
-74.7208
-74.7188
-74.715
-74.7098
-74.7041
-74.698
-74.6933
-74.6894
-74.6895
-74.6939
-74.6973
-74.6995
-74.7026
-74.7038
-74.7033
-74.7022
-74.7043
-74.7073
-74.7067
-74.7045
-74.7002
-74.6949
-74.6873
-74.6808
-74.6776
-74.6763
-74.6775
-74.6803
-74.6828
-74.684
-74.685
-74.6861
-74.6884
-74.689
-74.6882
-74.688
-74.6888
-74.6897
-74.6891
-74.6847
-74.6782
-74.6711
-74.6621
-74.6563
-74.6534
-74.6541
-74.657
-74.6625
-74.6637
-74.6619
-74.6629
-74.6659
-74.6705
-74.6715
-74.6717
-74.671
-74.6698
-74.6692
-74.6702
-74.6684
-74.6625
-74.6557
-74.6498
-74.6459
-74.6423
-74.6385
-74.6391
-74.6402
-74.6429
-74.6457
-74.6444
-74.6421
-74.644
-74.6455
-74.6467
-74.6499
-74.6506
-74.6486
-74.6456
-74.6433
-74.6429
-74.6405
-74.6362
-74.6318
-74.627
-74.6228
-74.6206
-74.6186
-74.6166
-74.6135
-74.6122
-74.6156
-74.6181
-74.6165
-74.6156
-74.6183
-74.6223
-74.6242
-74.6252
-74.6273
-74.6237
-74.6182
-74.6142
-74.6146
-74.6138
-74.6083
-74.6038
-74.6019
-74.6002
-74.5987
-74.5959
-74.5948
-74.5958
-74.5969
-74.5955
-74.592
-74.5876
-74.5884
-74.5932
-74.596
-74.5968
-74.5939
-74.592
-74.5924
-74.5947
-74.5936
-74.5896
-74.5825
-74.5761
-74.5741
-74.5718
-74.5681
-74.5652
-74.5632
-74.5607
-74.5582
-74.5566
-74.5559
-74.5571
-74.5574
-74.5561
-74.5568
-74.5546
-74.5497
-74.5491
-74.5501
-74.5526
-74.5573
-74.5602
-74.5589
-74.5586
-74.5581
-74.5578
-74.556
-74.5527
-74.55
-74.5437
-74.5368
-74.532
-74.5283
-74.5266
-74.5241
-74.5187
-74.5136
-74.5078
-74.5021
-74.501
-74.5046
-74.5071
-74.5069
-74.5079
-74.505
-74.5023
-74.5031
-74.5079
-74.5096
-74.5075
-74.5083
-74.515
-74.518
-74.5175
-74.5135
-74.5101
-74.5107
-74.514
-74.5141
-74.5131
-74.5098
-74.5023
-74.4949
-74.4878
-74.4791
-74.4734
-74.472
-74.4698
-74.4664
-74.4614
-74.453
-74.4427
-74.4337
-74.4267
-74.4235
-74.4287
-74.4329
-74.4301
-74.4272
-74.4277
-74.4233
-74.4181
-74.4258
-74.4338
-74.4336
-74.4304
-74.4319
-74.4358
-74.4373
-74.4428
-74.445
-74.4442
-74.4458
-74.4471
-74.4434
-74.4333
-74.4246
-74.4201
-74.4217
-74.425
-74.4272
-74.4241
-74.4177
-74.4112
-74.4093
-74.4097
-74.4045
-74.397
-74.3884
-74.3767
-74.3662
-74.3587
-74.3506
-74.3455
-74.3436
-74.3438
-74.3405
-74.3366
-74.3331
-74.3234
-74.3135
-74.3142
-74.3173
-74.3161
-74.3132
-74.309
-74.307
-74.3069
-74.3052
-74.3047
-74.3071
-74.314
-74.3181
-74.3157
-74.3161
-74.3216
-74.331
-74.3447
-74.3495
-74.3473
-74.3408
-74.3316
-74.325
-74.3222
-74.3218
-74.3226
-74.3247
-74.3247
-74.3229
-74.3152
-74.3043
-74.297
-74.2923
-74.2888
-74.2895
-74.2879
-74.2793
-74.2669
-74.2603
-74.2622
-74.2623
-74.2637
-74.2634
-74.257
-74.245
-74.2361
-74.2269
-74.2222
-74.2176
-74.2073
-74.1974
-74.1894
-74.1827
-74.1756
-74.1641
-74.15
-74.135
-74.1238
-74.1226
-74.1178
-74.1071
-74.0997
-74.0967
-74.0943
-74.092
-74.0893
-74.085
-74.0826
-74.0839
-74.0875
-74.0894
-74.094
-74.1004
-74.1024
-74.0959
-74.0827
-74.0766
-74.0838
-74.0928
-74.1072
-74.1218
-74.1292
-74.1292
-74.1306
-74.1324
-74.1286
-74.1212
-74.113
-74.1075
-74.1134
-74.1237
-74.1262
-74.1292
-74.1293
-74.1274
-74.126
-74.1196
-74.1122
-74.1069
-74.1034
-74.1026
-74.1028
-74.0997
-74.0957
-74.0931
-74.0848
-74.0698
-74.0502
-74.0322
-74.0205
-74.017
-74.0117
-74.0073
-74.0089
-74.0193
-74.0255
-74.029
-74.0337
-74.0421
-74.0456
-74.0424
-74.0397
-74.0353
-74.0249
-74.0123
-73.997
-73.9823
-73.9705
-73.9601
-73.9455
-73.9261
-73.9072
-73.8951
-73.8891
-73.8863
-73.878
-73.8637
-73.8546
-73.8503
-73.8435
-73.8346
-73.8209
-73.8075
-73.7914
-73.7726
-73.7559
-73.7368
-73.7165
-73.7005
-73.6881
-73.6743
-73.6633
-73.6551
-73.6453
-73.6359
-73.6221
-73.6088
-73.599
-73.6045
-73.6156
-73.6178
-73.6142
-73.6129
-73.6115
-73.6098
-73.6054
-73.6
-73.5892
-73.573
-73.5527
-73.5324
-73.5198
-73.5197
-73.5248
-73.523
-73.5227
-73.5337
-73.5411
-73.5562
-73.5768
-73.5879
-73.5876
-73.5828
-73.5819
-73.5798
-73.5731
-73.5669
-73.5569
-73.5485
-73.538
-73.5227
-73.5048
-73.4913
-73.4764
-73.4599
-73.4476
-73.4394
-73.4312
-73.4189
-73.4097
-73.3985
-73.3827
-73.3685
-73.3729
-73.3787
-73.3802
-73.3805
-73.376
-73.3731
-73.3663
-73.3539
-73.3369
-73.3225
-73.3109
-73.2961
-73.2801
-73.2695
-73.2572
-73.246
-73.238
-73.2297
-73.2251
-73.2178
-73.2142
-73.2082
-73.1968
-73.1808
-73.1616
-73.1401
-73.1171
-73.093
-73.0694
-73.0553
-73.0429
-73.0272
-73.0085
-72.9875
-72.965
-72.9415
-72.9172
-72.8925
-72.8675
-72.8423
-72.8171
-72.7918
-72.7666
-72.7415
-72.7164
-72.6915
-72.6676
-72.6559
-72.6481
-72.6371
-72.6227
-72.6058
-72.5871
-72.5673
-72.5468
-72.5258
-72.5045
-72.483
-72.4653
-72.461
-72.468
-72.4775
-72.4802
-72.4763
-72.4674
-72.4552
-72.4407
-72.4247
-72.4075
-72.3897
-72.3713
-72.3525
-72.3335
-72.3144
-72.2952
-72.276
-72.2568
-72.2377
-72.2186
-72.1996
-72.1808
-72.1621
-72.1436
-72.1252
-72.107
-72.089
-72.0711
-72.0534
-72.0359
-72.0186
-72.0015
-71.9846
-71.9679
-71.9513
-71.935
-71.9188
-71.9028
-71.8871
-71.8715
-71.856
-71.8408
-71.8258
-71.8109
-71.7962
-71.7818
-71.7674
-71.7533
-71.7393
-71.7255
-71.7119
-71.6985
-71.6852
-71.6721
-71.6591
-71.6463
-71.6337
-71.6212
-71.6089
-71.5968
-71.5848
-71.573
-71.5613
-71.5497
-71.5383
-71.5271
-71.516
-71.505
-71.4942
-71.4836
-71.473
-71.4626
-71.4524
-71.4422
-71.4322
-71.4224
-71.4127
-71.403
-71.3936
-71.3842
-71.375
-71.3659
-71.3569
-71.348
-71.3393
-71.3307
-71.3221
-71.3138
-71.3055
-71.2973
-71.2893
-71.2813
-71.2735
-71.2658
-71.2582
-71.2506
-71.2432
-71.2359
-71.2287
-71.2216
-71.2146
-71.2077
-71.2008
-71.1941
-71.1875
-71.1809
-71.1745
-71.1681
-71.1618
-71.1556
-71.1495
-71.1435
-71.1376
-71.1317
-71.126
-71.1203
-71.1147
-71.1091
-71.1037
-71.0983
-71.093
-71.0878
-71.0826
-71.0776
-71.0726
-71.0676
-71.0628
-71.058
-71.0532
-71.0486
-71.044
-71.0395
-71.035
-71.0306
-71.0263
-71.022
-71.0178
-71.0137
-71.0096
-71.0056
-71.0016
-70.9977
-70.9938
-70.9901
-70.9863
-70.9826
-70.979
-70.9754
-70.9719
-70.9684
-70.965
-70.9617
-70.9584
-70.9551
-70.9519
-70.9487
-70.9456
-70.9425
-70.9395
-70.9365
-70.9336
-70.9307
-70.9278
-70.925
-70.9223
-70.9195
-70.9169
-70.9142
-70.9116
-70.9091
-70.9066
-70.9041
-70.9016
-70.8992
-70.8969
-70.8946
-70.8923
-70.89
-70.8878
-70.8856
-70.8835
-70.8814
-70.8793
-70.8772
-70.8752
-70.8732
-70.8713
-70.8694
-70.8675
-70.8656
-70.8638
-70.862
-70.8602
-70.8585
-70.8568
-70.8551
-70.8534
-70.8518
-70.8502
-70.8486
-70.8471
-70.8455
-70.844
-70.8426
-70.8411
-70.8397
-70.8383
-70.8369
-70.8356
-70.8342
-70.8329
-70.8316
-70.8304
-70.8291
-70.8279
-70.8267
-70.8255
-70.8244
-70.8232
-70.8221
-70.821
-70.8199
-70.8188
-70.8178
-70.8168
-70.8158
-70.8148
-70.8138
-70.8129
-70.8119
-70.811
-70.8101
-70.8092
-70.8083
-70.8075
-70.8066
-70.8058
-70.805
-70.8042
-70.8034
-70.8027
-70.8019
-70.8012
-70.8004
-70.7997
-70.799
-70.7983
-70.7977
-70.797
-70.7964
-70.7957
-70.7951
-70.7945
-70.7939
-70.7933
-70.7928
-70.7922
-70.7916
-70.7911
-70.7906
-70.79
-70.7895
-70.789
-70.7885
-70.7881
-70.7876
-70.7871
-70.7867
-70.7862
-70.7858
-70.7854
-70.785
-70.7846
-70.7842
-70.7838
-70.7834
-70.783
-70.7827
-70.7823
-70.782
-70.7816
-70.7813
-70.781
-70.7806
-70.7803
-70.78
-70.7797
-70.7794
-70.7791
-70.7789
-70.7786
-70.7783
-70.7781
-70.7778
-70.7776
-70.7773
-70.7771
-70.7769
-70.7766
-70.7764
-70.7762
-70.776
-70.7758
-70.7756
-70.7754
-70.7752
-70.775
-70.7749
-70.7747
-70.7745
-70.7744
-70.7742
-70.774
-70.7739
-70.7738
-70.7736
-70.7735
-70.7733
-70.7732
-70.7731
-70.773
-70.7728
-70.7727
-70.7726
-70.7725
-70.7724
-70.7723
-70.7722
-70.7721
-70.772
-70.7719
-70.7718
-70.7718
-70.7717
-70.7716
-70.7715
-70.7714
-70.7714
-70.7713
-70.7712
-70.7712
-70.7711
-70.7711
-70.771
-70.771
-70.7709
-70.7709
-70.7708
-70.7708
-70.7707
-70.7707
-70.7707
-70.7706
-70.7706
-70.7706
-70.7705
-70.7705
-70.7705
-70.7705
-70.7705
-70.7704
-70.7704
-70.7704
-70.7704
-70.7704
-70.7704
-70.7703
-70.7703
-70.7703
-70.7703
-70.7703
-70.7703
-70.7703
-70.7703
-70.7703
-70.7703
-70.7703
-70.7703
-70.7703
-70.7703
-70.7703
-70.7703
-70.7704
-70.7704
-70.7704
-70.7704
-70.7704
-70.7704
-70.7704
-70.7704
-70.7705
-70.7705
-70.7705
-70.7705
-70.7705
-70.7706
-70.7706
-70.7706
-70.7706
-70.7706
-70.7707
-70.7707
-70.7707
-70.7707
-70.7708
-70.7708
-70.7708
-70.7708
-70.7709
-70.7709
-70.7709
-70.7709
-70.771
-70.771
-70.771
-70.7711
-70.7711
-70.7711
-70.7712
-70.7712
-70.7712
-70.7712
-70.7713
-70.7713
-70.7713
-70.7714
-70.7714
-70.7714
-70.7715
-70.7715
-70.7715
-70.7716
-70.7716
-70.7716
-70.7717
-70.7717
-70.7717
-70.7718
-70.7718
-70.7719
-70.7719
-70.7719
-70.772
-70.772
-70.772
-70.7721
-70.7721
-70.7721
-70.7722
-70.7722
-70.7722
-70.7723
-70.7723
-70.7723
-70.7724
-70.7724
-70.7725
-70.7725
-70.7725
-70.7726
-70.7726
-70.7726
-70.7727
-70.7727
-70.7727
-70.7728
-70.7728
-70.7728
-70.7729
-70.7729
-70.7729
-70.773
-70.773
-70.7731
-70.7731
-70.7731
-70.7732
-70.7732
-70.7732
-70.7733
-70.7733
-70.7733
-70.7734
-70.7734
-70.7734
-70.7735
-70.7735
-70.7735
-70.7736
-70.7736
-70.7736
-70.7737
-70.7737
-70.7737
-70.7738
-70.7738
-70.7738

