-70
-70.1661
-70.23
-70.2566
-70.2695
-70.2773
-70.283
-70.2879
-70.2925
-70.297
-70.3014
-70.3057
-70.31
-70.3142
-70.3185
-70.3226
-70.3268
-70.3309
-70.335
-70.3391
-70.3431
-70.3471
-70.351
-70.3549
-70.3588
-70.3626
-70.3664
-70.3701
-70.3738
-70.3775
-70.3811
-70.3847
-70.3883
-70.3918
-70.3953
-70.3987
-70.4021
-70.4055
-70.4088
-70.4121
-70.4154
-70.4186
-70.4218
-70.4249
-70.428
-70.4311
-70.4341
-70.4372
-70.4401
-70.4431
-70.446
-70.4489
-70.4517
-70.4545
-70.4573
-70.4601
-70.4628
-70.4655
-70.4682
-70.4708
-70.4734
-70.476
-70.4785
-70.481
-70.4835
-70.486
-70.4884
-70.4908
-70.4932
-70.4955
-70.4978
-70.5001
-70.5024
-70.5046
-70.5068
-70.509
-70.5112
-70.5133
-70.5154
-70.5175
-70.5196
-70.5216
-70.5236
-70.5256
-70.5276
-70.5295
-70.5315
-70.5334
-70.5352
-70.5371
-70.5389
-70.5407
-70.5425
-70.5443
-70.5461
-70.5478
-70.5495
-70.5512
-70.5528
-70.5545
-70.5561
-70.5577
-70.5593
-70.5609
-70.5624
-70.5639
-70.5655
-70.5669
-70.5684
-70.5699
-70.5713
-70.5727
-70.5741
-70.5755
-70.5769
-70.5782
-70.5796
-70.5809
-70.5822
-70.5835
-70.5848
-70.586
-70.5873
-70.5885
-70.5897
-70.5909
-70.5921
-70.5932
-70.5944
-70.5955
-70.5966
-70.5977
-70.5988
-70.5999
-70.601
-70.602
-70.603
-70.6041
-70.6051
-70.6061
-70.6071
-70.608
-70.609
-70.6099
-70.6109
-70.6118
-70.6127
-70.6136
-70.6145
-70.6154
-70.6162
-70.6171
-70.6179
-70.6187
-70.6196
-70.6204
-70.6212
-70.622
-70.6227
-70.6235
-70.6242
-70.625
-70.6257
-70.6265
-70.6272
-70.6279
-70.6286
-70.6293
-70.6299
-70.6306
-70.6313
-70.6319
-70.6325
-70.6332
-70.6338
-70.6344
-70.635
-70.6356
-70.6362
-70.6368
-70.6374
-70.6379
-70.6385
-70.639
-70.6396
-70.6401
-70.6406
-70.6411
-70.6417
-70.6422
-70.6427
-70.6431
-70.6436
-70.6441
-70.6446
-70.645
-70.6455
-70.6459
-70.6464
-70.6468
-70.6472
-70.6476
-70.6481
-70.6485
-70.6489
-70.6493
-70.6497
-70.65
-70.6504
-70.6508
-70.6512
-70.6515
-70.6519
-70.6522
-70.6526
-70.6529
-70.6533
-70.6536
-70.6539
-70.6542
-70.6545
-70.6549
-70.6552
-70.6555
-70.6558
-70.656
-70.6563
-70.6566
-70.6569
-70.6572
-70.6574
-70.6577
-70.658
-70.6582
-70.6585
-70.6587
-70.6589
-70.6592
-70.6594
-70.6597
-70.6599
-70.6601
-70.6603
-70.6605
-70.6607
-70.661
-70.6612
-70.6614
-70.6616
-70.6617
-70.6619
-70.6621
-70.6623
-70.6625
-70.6627
-70.6628
-70.663
-70.6632
-70.6633
-70.6635
-70.6637
-70.6638
-70.664
-70.6641
-70.6643
-70.6644
-70.6646
-70.6647
-70.6648
-70.665
-70.6651
-70.6652
-70.6653
-70.6655
-70.6656
-70.6657
-70.6658
-70.6659
-70.666
-70.6662
-70.6663
-70.6664
-70.6665
-70.6666
-70.6667
-70.6668
-70.6669
-70.667
-70.667
-70.6671
-70.6672
-70.6673
-70.6674
-70.6675
-70.6675
-70.6676
-70.6677
-70.6678
-70.6678
-70.6679
-70.668
-70.668
-70.6681
-70.6682
-70.6682
-70.6683
-70.6683
-70.6684
-70.6685
-70.6685
-70.6686
-70.6686
-70.6687
-70.6687
-70.6688
-70.6688
-70.6688
-70.6689
-70.6689
-70.669
-70.669
-70.669
-70.6691
-70.6691
-70.6691
-70.6692
-70.6692
-70.6692
-70.6693
-70.6693
-70.6693
-70.6694
-70.6694
-70.6694
-70.6694
-70.6694
-70.6695
-70.6695
-70.6695
-70.6695
-70.6695
-70.6696
-70.6696
-70.6696
-70.6696
-70.6696
-70.6696
-70.6696
-70.6697
-70.6697
-70.6697
-70.6697
-70.6697
-70.6697
-70.6697
-70.6697
-70.6697
-70.6697
-70.6697
-70.6697
-70.6697
-70.6697
-70.6697
-70.6697
-70.6697
-70.6697
-70.6697
-70.6697
-70.6697
-70.6697
-70.6697
-70.6697
-70.6697
-70.6697
-70.6697
-70.6697
-70.6697
-70.6697
-70.6697
-70.6697
-70.6697
-70.6697
-70.6697
-70.6696
-70.6696
-70.6696
-70.6696
-70.6696
-70.6696
-70.6696
-70.6696
-70.6696
-70.6695
-70.6695
-70.6695
-70.6695
-70.6695
-70.6695
-70.6695
-70.6695
-70.6694
-70.6694
-70.6694
-70.6694
-70.6694
-70.6694
-70.6693
-70.6693
-70.6693
-70.6693
-70.6693
-70.6693
-70.6693
-70.6692
-70.6692
-70.6692
-70.6692
-70.6692
-70.6691
-70.6691
-70.6691
-70.6691
-70.6691
-70.6691
-70.669
-70.669
-70.669
-70.669
-70.669
-70.6689
-70.6689
-70.6689
-70.6689
-70.6689
-70.6688
-70.6688
-70.6688
-70.6688
-70.6688
-70.6687
-70.6687
-70.6687
-70.6687
-70.6686
-70.6686
-70.6686
-70.6686
-70.6686
-70.6685
-70.6685
-70.6685
-70.6685
-70.6685
-70.6684
-70.6684
-70.6684
-70.6684
-70.6684
-70.6683
-70.6683
-70.6683
-70.6683
-70.6682
-70.6682
-70.6682
-70.6682
-70.6682
-70.6681
-70.6681
-70.6681
-70.6681
-70.6681
-70.6718
-70.8335
-71.4968
-72.4186
-73.2089
-73.7394
-74.018
-74.1527
-74.2184
-74.2513
-74.276
-74.3165
-74.382
-74.4586
-74.5297
-74.5756
-74.5966
-74.6032
-74.6014
-74.5946
-74.5871
-74.5914
-74.6139
-74.6483
-74.6839
-74.7075
-74.7152
-74.7127
-74.7044
-74.6926
-74.6784
-74.6623
-74.6446
-74.6254
-74.6048
-74.5829
-74.5597
-74.5354
-74.5099
-74.4833
-74.4558
-74.4273
-74.398
-74.3679
-74.337
-74.3056
-74.2736
-74.241
-74.2081
-74.1747
-74.1411
-74.1072
-74.0731
-74.0389
-74.0046
-73.9702
-73.9357
-73.9013
-73.867
-73.8327
-73.7986
-73.7645
-73.7306
-73.6969
-73.6633
-73.63
-73.5969
-73.564
-73.5313
-73.4989
-73.4667
-73.4348
-73.4032
-73.3718
-73.3407
-73.3098
-73.2793
-73.249
-73.219
-73.1893
-73.1599
-73.1307
-73.1018
-73.0732
-73.0449
-73.0169
-72.9891
-72.9616
-72.9344
-72.9074
-72.8808
-72.8544
-72.8282
-72.8023
-72.7767
-72.7514
-72.7263
-72.7014
-72.6768
-72.6525
-72.6284
-72.6046
-72.581
-72.5577
-72.5346
-72.5117
-72.4891
-72.4667
-72.4446
-72.4227
-72.401
-72.3796
-72.3584
-72.3374
-72.3166
-72.2961
-72.2758
-72.2557
-72.2359
-72.2162
-72.1968
-72.1775
-72.1585
-72.1397
-72.1211
-72.1027
-72.0844
-72.0664
-72.0486
-72.031
-72.0136
-71.9963
-71.9793
-71.9624
-71.9457
-71.9292
-71.9129
-71.8968
-71.8808
-71.865
-71.8494
-71.834
-71.8187
-71.8036
-71.7887
-71.7739
-71.7593
-71.7449
-71.7306
-71.7165
-71.7026
-71.6888
-71.6751
-71.6617
-71.6483
-71.6351
-71.6221
-71.6092
-71.5965
-71.5839
-71.5714
-71.5591
-71.547
-71.5349
-71.5231
-71.5113
-71.4997
-71.4882
-71.4769
-71.4658
-71.4696
-71.4833
-71.5091
-71.5363
-71.5548
-71.565
-71.5691
-71.5689
-71.5659
-71.5608
-71.5581
-71.5642
-71.5766
-71.5921
-71.6023
-71.6067
-71.6067
-71.6036
-71.5984
-71.5916
-71.5839
-71.5831
-71.5882
-71.6003
-71.6113
-71.617
-71.6178
-71.6153
-71.6103
-71.6037
-71.596
-71.5881
-71.5893
-71.5962
-71.6097
-71.6204
-71.6254
-71.6258
-71.6229
-71.6177
-71.6109
-71.603
-71.5944
-71.5937
-71.5999
-71.6138
-71.6255
-71.6314
-71.6325
-71.63
-71.6251
-71.6185
-71.6108
-71.6022
-71.5968
-71.6006
-71.6123
-71.626
-71.6343
-71.6372
-71.6361
-71.6321
-71.6261
-71.6188
-71.6106
-71.6016
-71.5996
-71.6053
-71.6191
-71.6317
-71.6384
-71.64
-71.638
-71.6334
-71.6271
-71.6195
-71.611
-71.602
-71.5987
-71.6038
-71.6174
-71.6307
-71.6383
-71.6405
-71.6389
-71.6346
-71.6285
-71.6211
-71.6128
-71.6038
-71.5957
-71.598
-71.6086
-71.6239
-71.6344
-71.639
-71.639
-71.6359
-71.6306
-71.6238
-71.616
-71.6155
-71.6253
-71.6399
-71.6497
-71.6539
-71.6536
-71.6503
-71.6448
-71.6378
-71.6298
-71.6211
-71.6177
-71.6277
-71.6435
-71.6545
-71.6594
-71.6597
-71.6567
-71.6514
-71.6446
-71.6367
-71.628
-71.6187
-71.6152
-71.6268
-71.6521
-71.6868
-71.7131
-71.7292
-71.7518
-71.7774
-71.7984
-71.8467
-71.9277
-72.0614
-72.2545
-72.4665
-72.6565
-72.8003
-72.8975
-72.9619
-73.0093
-73.1073
-73.303
-73.5663
-73.8252
-74.0183
-74.1445
-74.2156
-74.2536
-74.275
-74.2951
-74.3348
-74.4003
-74.4776
-74.547
-74.5935
-74.6194
-74.6296
-74.6295
-74.624
-74.6196
-74.6228
-74.6393
-74.6646
-74.6919
-74.7118
-74.7216
-74.723
-74.7176
-74.7091
-74.7007
-74.6952
-74.6975
-74.7071
-74.7218
-74.7354
-74.7421
-74.7428
-74.7381
-74.7292
-74.7194
-74.7107
-74.7069
-74.7096
-74.7188
-74.7312
-74.7414
-74.7451
-74.7435
-74.7375
-74.7288
-74.7179
-74.7081
-74.7045
-74.707
-74.7162
-74.7266
-74.7366
-74.7415
-74.7402
-74.7352
-74.7278
-74.7179
-74.7089
-74.7047
-74.7057
-74.7134
-74.7223
-74.7296
-74.7344
-74.7339
-74.7293
-74.723
-74.7148
-74.7067
-74.7022
-74.7025
-74.7076
-74.716
-74.7227
-74.727
-74.7294
-74.7277
-74.7227
-74.7159
-74.7089
-74.7025
-74.6983
-74.6991
-74.7035
-74.7098
-74.7151
-74.7171
-74.7189
-74.7192
-74.7164
-74.7111
-74.7058
-74.7014
-74.6981
-74.6991
-74.7023
-74.7061
-74.7099
-74.7113
-74.711
-74.7109
-74.7088
-74.7045
-74.6995
-74.6951
-74.6915
-74.6919
-74.6946
-74.6987
-74.7017
-74.7047
-74.7052
-74.7041
-74.7027
-74.7009
-74.6988
-74.6956
-74.6917
-74.6885
-74.6899
-74.6928
-74.6951
-74.6962
-74.6963
-74.6949
-74.6921
-74.689
-74.6868
-74.6874
-74.6871
-74.6863
-74.6839
-74.6836
-74.6883
-74.6916
-74.6933
-74.6932
-74.6918
-74.6883
-74.6833
-74.6792
-74.6767
-74.6786
-74.6804
-74.6807
-74.6784
-74.6765
-74.6792
-74.6815
-74.6836
-74.6837
-74.6818
-74.6779
-74.6725
-74.6676
-74.6646
-74.6649
-74.6699
-74.6739
-74.6752
-74.6732
-74.6738
-74.676
-74.6771
-74.6785
-74.6777
-74.6754
-74.671
-74.665
-74.6582
-74.654
-74.653
-74.6548
-74.659
-74.6612
-74.6605
-74.6613
-74.6645
-74.6657
-74.6659
-74.665
-74.6643
-74.663
-74.6594
-74.6539
-74.6485
-74.6451
-74.6466
-74.6473
-74.6489
-74.6509
-74.6508
-74.6529
-74.6572
-74.6594
-74.6588
-74.657
-74.6542
-74.6519
-74.649
-74.6453
-74.6397
-74.6332
-74.6299
-74.6306
-74.6311
-74.6309
-74.6307
-74.6311
-74.6355
-74.6399
-74.6437
-74.6462
-74.6462
-74.6436
-74.6401
-74.6383
-74.6369
-74.634
-74.6303
-74.6261
-74.6231
-74.6207
-74.6207
-74.6198
-74.6183
-74.6176
-74.6199
-74.6249
-74.6269
-74.6287
-74.6303
-74.6305
-74.627
-74.6236
-74.6204
-74.6165
-74.6139
-74.6118
-74.6095
-74.606
-74.601
-74.5987
-74.5996
-74.5978
-74.595
-74.5958
-74.5998
-74.6038
-74.6089
-74.6118
-74.6108
-74.6112
-74.6114
-74.6105
-74.6095
-74.605
-74.6006
-74.6008
-74.6007
-74.5981
-74.5921
-74.586
-74.5816
-74.5801
-74.5784
-74.5748
-74.5745
-74.5755
-74.577
-74.5812
-74.5879
-74.5903
-74.589
-74.5849
-74.5814
-74.582
-74.5819
-74.5772
-74.577
-74.5776
-74.5763
-74.575
-74.5722
-74.5663
-74.5566
-74.5471
-74.5424
-74.5439
-74.5457
-74.5463
-74.5488
-74.5504
-74.5545
-74.5596
-74.5627
-74.5654
-74.5687
-74.5667
-74.559
-74.5517
-74.5514
-74.5559
-74.5595
-74.5611
-74.5593
-74.558
-74.5545
-74.548
-74.5392
-74.5282
-74.5161
-74.5063
-74.5027
-74.5063
-74.5097
-74.5112
-74.5132
-74.5169
-74.5216
-74.5256
-74.5298
-74.5316
-74.5309
-74.5274
-74.5195
-74.5127
-74.5159
-74.5192
-74.518
-74.5159
-74.5164
-74.5178
-74.5191
-74.5179
-74.5134
-74.504
-74.4897
-74.4733
-74.46
-74.4529
-74.4551
-74.46
-74.4658
-74.4696
-74.4681
-74.4709
-74.4805
-74.49
-74.4935
-74.4905
-74.4879
-74.4857
-74.4783
-74.472
-74.4763
-74.4853
-74.4933
-74.4954
-74.4886
-74.4783
-74.4698
-74.4681
-74.4717
-74.4736
-74.4727
-74.4672
-74.4561
-74.4416
-74.4283
-74.4166
-74.4075
-74.4007
-74.3978
-74.3994
-74.3998
-74.4049
-74.4123
-74.4199
-74.425
-74.4272
-74.4297
-74.4297
-74.426
-74.4202
-74.4144
-74.4134
-74.4189
-74.4233
-74.4226
-74.423
-74.4259
-74.4258
-74.4241
-74.4184
-74.411
-74.4049
-74.4027
-74.3991
-74.3958
-74.3909
-74.3831
-74.3761
-74.3659
-74.3578
-74.3507
-74.3441
-74.3368
-74.3319
-74.3256
-74.3156
-74.3109
-74.3135
-74.3173
-74.3205
-74.3237
-74.334
-74.3421
-74.346
-74.3483
-74.3495
-74.3484
-74.3457
-74.3425
-74.3424
-74.3451
-74.3463
-74.343
-74.3415
-74.339
-74.3374
-74.3366
-74.3364
-74.3322
-74.3282
-74.3284
-74.3307
-74.3276
-74.3243
-74.3202
-74.3152
-74.3105
-74.3026
-74.2924
-74.2792
-74.2657
-74.2553
-74.2511
-74.2449
-74.2425
-74.2397
-74.236
-74.2392
-74.2418
-74.2358
-74.2243
-74.2147
-74.2044
-74.197
-74.1984
-74.1988
-74.2029
-74.2082
-74.2107
-74.2092
-74.208
-74.2153
-74.2228
-74.2279
-74.228
-74.2328
-74.2372
-74.2367
-74.2332
-74.2295
-74.2274
-74.2222
-74.2129
-74.1978
-74.1795
-74.1636
-74.1563
-74.1553
-74.1573
-74.1626
-74.1688
-74.1724
-74.1732
-74.1722
-74.1717
-74.1701
-74.163
-74.1551
-74.1531
-74.1504
-74.1442
-74.1397
-74.1349
-74.1288
-74.1215
-74.1094
-74.101
-74.0956
-74.0909
-74.0955
-74.1019
-74.1024
-74.0978
-74.0907
-74.0785
-74.0676
-74.0537
-74.0357
-74.0248
-74.0171
-74.0075
-73.998
-73.9851
-73.968
-73.9533
-73.938
-73.925
-73.9298
-73.9407
-73.9486
-73.952
-73.9506
-73.9453
-73.941
-73.9423
-73.9542
-73.9722
-73.9872
-73.999
-74.0054
-74.0124
-74.0211
-74.0246
-74.0187
-74.0051
-73.9915
-73.9797
-73.9686
-73.9618
-73.9581
-73.9585
-73.954
-73.9493
-73.9455
-73.9385
-73.9289
-73.9159
-73.907
-73.9084
-73.9131
-73.9157
-73.913
-73.9065
-73.8978
-73.8883
-73.8909
-73.8907
-73.882
-73.8697
-73.8557
-73.8532
-73.8682
-73.8843
-73.8929
-73.8947
-73.8879
-73.8779
-73.8649
-73.8473
-73.8304
-73.8167
-73.802
-73.7855
-73.7694
-73.7499
-73.7283
-73.7174
-73.7151
-73.7197
-73.7374
-73.7646
-73.7934
-73.815
-73.8328
-73.8442
-73.8552
-73.8713
-73.8812
-73.8799
-73.8699
-73.8597
-73.8519
-73.8396
-73.822
-73.8003
-73.7757
-73.7508
-73.7351
-73.7205
-73.704
-73.6889
-73.6706
-73.6485
-73.6233
-73.5961
-73.5673
-73.5376
-73.5127
-73.491
-73.4673
-73.4414
-73.4139
-73.392
-73.3723
-73.3503
-73.3257
-73.2992
-73.2762
-73.2582
-73.2426
-73.2343
-73.2304
-73.222
-73.2089
-73.2049
-73.2055
-73.2002
-73.1926
-73.1871
-73.1773
-73.1667
-73.1668
-73.1864
-73.2192
-73.2454
-73.2612
-73.2716
-73.2727
-73.2657
-73.2528
-73.239
-73.2322
-73.2321
-73.2363
-73.2359
-73.2343
-73.2327
-73.2334
-73.2309
-73.228
-73.2282
-73.2315
-73.2389
-73.2493
-73.2527
-73.2537
-73.2533
-73.2465
-73.2338
-73.2211
-73.2126
-73.2009
-73.185
-73.1658
-73.144
-73.1206
-73.0959
-73.0704
-73.0442
-73.0176
-72.9907
-72.9635
-72.9362
-72.9139
-72.9004
-72.8873
-72.8819
-72.876
-72.8691
-72.8677
-72.8627
-72.8522
-72.8374
-72.8195
-72.7996
-72.7782
-72.7557
-72.7326
-72.709
-72.6851
-72.6609
-72.6366
-72.6123
-72.588
-72.5661
-72.5569
-72.5492
-72.538
-72.5233
-72.5062
-72.4874
-72.4674
-72.4468
-72.4257
-72.4043
-72.3827
-72.3611
-72.3394
-72.3178
-72.2963
-72.2748
-72.2535
-72.2323
-72.2113
-72.1905
-72.1698
-72.1494
-72.1291
-72.109
-72.0892
-72.0695
-72.05
-72.0308
-72.0118
-71.9929
-71.9743
-71.9559
-71.9377
-71.9197
-71.9019
-71.8843
-71.8669
-71.8497
-71.8327
-71.8159
-71.7993
-71.7829
-71.7667
-71.7507
-71.7349
-71.7192
-71.7038
-71.6885
-71.6734
-71.6585
-71.6438
-71.6293
-71.6149
-71.6007
-71.5867
-71.5729
-71.5592
-71.5457
-71.5323
-71.5192
-71.5061
-71.4933
-71.4806
-71.468
-71.4557
-71.4434
-71.4313
-71.4194
-71.4076
-71.396
-71.3845
-71.3732
-71.362
-71.3509
-71.34
-71.3292
-71.3186
-71.3081
-71.2977
-71.2875
-71.2774
-71.2674
-71.2576
-71.2479
-71.2383
-71.2288
-71.2195
-71.2103
-71.2012
-71.1922
-71.1833
-71.1746
-71.1659
-71.1574
-71.149
-71.1407
-71.1325
-71.1244
-71.1165
-71.1086
-71.1008
-71.0932
-71.0856
-71.0781
-71.0708
-71.0635
-71.0564
-71.0493
-71.0423
-71.0354
-71.0287
-71.022
-71.0154
-71.0088
-71.0024
-70.9961
-70.9898
-70.9837
-70.9776
-70.9716
-70.9657
-70.9598
-70.9541
-70.9484
-70.9428
-70.9373
-70.9319
-70.9265
-70.9212
-70.916
-70.9109
-70.9058
-70.9008
-70.8959
-70.891
-70.8862
-70.8815
-70.8769
-70.8723
-70.8677
-70.8633
-70.8589
-70.8546
-70.8503
-70.8461
-70.842
-70.8379
-70.8339
-70.8299
-70.826
-70.8222
-70.8184
-70.8147
-70.811
-70.8074
-70.8038
-70.8003
-70.7968
-70.7934
-70.7901
-70.7868
-70.7835
-70.7803
-70.7771
-70.774
-70.771
-70.768
-70.765
-70.7621
-70.7592
-70.7564
-70.7536
-70.7508
-70.7481
-70.7455
-70.7429
-70.7403
-70.7378
-70.7353
-70.7328
-70.7304
-70.7281
-70.7257
-70.7234
-70.7212
-70.719
-70.7168
-70.7146
-70.7125
-70.7104
-70.7084
-70.7064
-70.7044
-70.7025
-70.7006
-70.6987
-70.6969
-70.6951
-70.6933
-70.6915
-70.6898
-70.6881
-70.6865
-70.6848
-70.6832
-70.6817
-70.6801
-70.6786
-70.6771
-70.6757
-70.6742
-70.6728
-70.6715
-70.6701
-70.6688
-70.6675
-70.6662
-70.6649
-70.6637
-70.6625
-70.6613
-70.6601
-70.659
-70.6579
-70.6568
-70.6557
-70.6547
-70.6536
-70.6526
-70.6516
-70.6507
-70.6497
-70.6488
-70.6479
-70.647
-70.6461
-70.6452
-70.6444
-70.6436
-70.6428
-70.642
-70.6412
-70.6405
-70.6397
-70.639
-70.6383
-70.6376
-70.637
-70.6363
-70.6357
-70.6351
-70.6345
-70.6339
-70.6333
-70.6327
-70.6322
-70.6316
-70.6311
-70.6306
-70.6301
-70.6296
-70.6292
-70.6287
-70.6283
-70.6278
-70.6274
-70.627
-70.6266
-70.6262
-70.6258
-70.6255
-70.6251
-70.6248
-70.6245
-70.6241
-70.6238
-70.6235
-70.6232
-70.623
-70.6227
-70.6224
-70.6222
-70.6219
-70.6217
-70.6215
-70.6213
-70.6211
-70.6209
-70.6207
-70.6205
-70.6203
-70.6201
-70.62
-70.6198
-70.6197
-70.6196
-70.6194
-70.6193
-70.6192
-70.6191
-70.619
-70.6189
-70.6188
-70.6187
-70.6186
-70.6186
-70.6185
-70.6185
-70.6184
-70.6184
-70.6183
-70.6183
-70.6183
-70.6182
-70.6182
-70.6182
-70.6182
-70.6182
-70.6182
-70.6182
-70.6182
-70.6182
-70.6182
-70.6183
-70.6183
-70.6183
-70.6184
-70.6184
-70.6185
-70.6185
-70.6186
-70.6186
-70.6187
-70.6187
-70.6188
-70.6189
-70.619
-70.619
-70.6191
-70.6192
-70.6193
-70.6194
-70.6195
-70.6196
-70.6197
-70.6198
-70.6199
-70.62
-70.6201
-70.6202
-70.6203
-70.6204
-70.6206
-70.6207
-70.6208
-70.6209
-70.6211
-70.6212
-70.6213
-70.6215
-70.6216
-70.6217
-70.6219
-70.622
-70.6222
-70.6223
-70.6225
-70.6226
-70.6227
-70.6229
-70.6231
-70.6232
-70.6234
-70.6235
-70.6237
-70.6238
-70.624
-70.6242
-70.6243
-70.6245
-70.6247
-70.6248
-70.625
-70.6252
-70.6253
-70.6255
-70.6257
-70.6258
-70.626
-70.6262
-70.6263
-70.6265
-70.6267
-70.6269
-70.627
-70.6272
-70.6274
-70.6276
-70.6278
-70.6279
-70.6281
-70.6283
-70.6285
-70.6286
-70.6288
-70.629
-70.6292
-70.6294
-70.6296
-70.6297
-70.6299
-70.6301
-70.6303
-70.6305
-70.6306
-70.6308
-70.631
-70.6312
-70.6314
-70.6315
-70.6317
-70.6319
-70.6321
-70.6323
-70.6325
-70.6326
-70.6328
-70.633
-70.6332
-70.6334
-70.6335
-70.6337
-70.6339
-70.6341
-70.6343
-70.6344
-70.6346
-70.6348
-70.635
-70.6352
-70.6353
-70.6355
-70.6357
-70.6359
-70.636
-70.6362
-70.6364
-70.6366
-70.6367
-70.6369
-70.6371
-70.6373
-70.6374
-70.6376
-70.6378
-70.6379
-70.6381
-70.6383
-70.6385
-70.6386
-70.6388
-70.639
-70.6391
-70.6393
-70.6395
-70.6396
-70.6398
-70.64
-70.6401
-70.6403
-70.6404
-70.6406
-70.6408
-70.6409
-70.6411
-70.6412
-70.6414
-70.6416
-70.6417
-70.6419
-70.642
-70.6422
-70.6423
-70.6425
-70.6427
-70.6428
-70.643
-70.6431
-70.6433
-70.6434
-70.6436
-70.6437
-70.6439
-70.644
-70.6442
-70.6443
-70.6444
-70.6446
-70.6447
-70.6449
-70.645
-70.6452
-70.6453
-70.6454
-70.6456
-70.6457
-70.6459
-70.646
-70.6461
-70.6463

