-70
-70.2123
-70.2926
-70.3252
-70.3404
-70.3491
-70.3555
-70.3609
-70.3659
-70.3708
-70.3757
-70.3805
-70.3853
-70.39
-70.3948
-70.3995
-70.4042
-70.4088
-70.4134
-70.4179
-70.4224
-70.4269
-70.4313
-70.4357
-70.44
-70.4443
-70.4485
-70.4527
-70.4569
-70.461
-70.465
-70.469
-70.473
-70.4769
-70.4808
-70.4846
-70.4884
-70.4921
-70.4958
-70.4995
-70.5031
-70.5067
-70.5102
-70.5137
-70.5172
-70.5206
-70.524
-70.5273
-70.5306
-70.5339
-70.5371
-70.5403
-70.5434
-70.5465
-70.5496
-70.5526
-70.5556
-70.5586
-70.5615
-70.5644
-70.5673
-70.5701
-70.5729
-70.5757
-70.5784
-70.5811
-70.5838
-70.5864
-70.589
-70.5916
-70.5941
-70.5966
-70.5991
-70.6016
-70.604
-70.6064
-70.6087
-70.6111
-70.6134
-70.6157
-70.6179
-70.6201
-70.6223
-70.6245
-70.6266
-70.6287
-70.6308
-70.6329
-70.6349
-70.6369
-70.6389
-70.6409
-70.6428
-70.6448
-70.6466
-70.6485
-70.6503
-70.6522
-70.654
-70.6557
-70.6575
-70.6592
-70.6609
-70.6626
-70.6643
-70.6659
-70.6675
-70.6691
-70.6707
-70.6723
-70.6738
-70.6754
-70.6769
-70.6783
-70.6798
-70.6812
-70.6827
-70.6841
-70.6855
-70.6868
-70.6882
-70.6895
-70.6908
-70.6921
-70.6934
-70.6947
-70.6959
-70.6972
-70.6984
-70.6996
-70.7008
-70.702
-70.7031
-70.7042
-70.7054
-70.7065
-70.7076
-70.7087
-70.7097
-70.7108
-70.7118
-70.7128
-70.7138
-70.7148
-70.7158
-70.7168
-70.7177
-70.7187
-70.7196
-70.7205
-70.7214
-70.7223
-70.7232
-70.7241
-70.7249
-70.7258
-70.7266
-70.7274
-70.7282
-70.729
-70.7298
-70.7306
-70.7314
-70.7321
-70.7329
-70.7336
-70.7343
-70.735
-70.7357
-70.7364
-70.7371
-70.7378
-70.7384
-70.7391
-70.7397
-70.7404
-70.741
-70.7416
-70.7422
-70.7428
-70.7434
-70.744
-70.7446
-70.7451
-70.7457
-70.7462
-70.7468
-70.7473
-70.7478
-70.7484
-70.7489
-70.7494
-70.7499
-70.7504
-70.7508
-70.7513
-70.7518
-70.7522
-70.7527
-70.7531
-70.7536
-70.754
-70.7544
-70.7549
-70.7553
-70.7557
-70.7561
-70.7565
-70.7569
-70.7573
-70.7576
-70.758
-70.7584
-70.7587
-70.7591
-70.7594
-70.7598
-70.7601
-70.7605
-70.7608
-70.7611
-70.7614
-70.7617
-70.7621
-70.7624
-70.7627
-70.763
-70.7632
-70.7635
-70.7638
-70.7641
-70.7644
-70.7646
-70.7649
-70.7651
-70.7654
-70.7656
-70.7659
-70.7661
-70.7664
-70.7666
-70.7668
-70.7671
-70.7673
-70.7675
-70.7677
-70.7679
-70.7681
-70.7684
-70.7686
-70.7688
-70.769
-70.7691
-70.7693
-70.7695
-70.7697
-70.7699
-70.7701
-70.7702
-70.7704
-70.7706
-70.7707
-70.7709
-70.7711
-70.7712
-70.7714
-70.7715
-70.7717
-70.7718
-70.772
-70.7721
-70.7722
-70.7724
-70.7725
-70.7726
-70.7728
-70.7729
-70.773
-70.7731
-70.7733
-70.7734
-70.7735
-70.7736
-70.7737
-70.7738
-70.7739
-70.774
-70.7741
-70.7742
-70.7743
-70.7744
-70.7745
-70.7746
-70.7747
-70.7748
-70.7749
-70.775
-70.7751
-70.7751
-70.7752
-70.7753
-70.7754
-70.7755
-70.7755
-70.7756
-70.7757
-70.7758
-70.7758
-70.7759
-70.776
-70.776
-70.7761
-70.7762
-70.7762
-70.7763
-70.7763
-70.7764
-70.7765
-70.7765
-70.7766
-70.7766
-70.7767
-70.7767
-70.7768
-70.7768
-70.7769
-70.7769
-70.777
-70.777
-70.7771
-70.7771
-70.7771
-70.7772
-70.7772
-70.7773
-70.7773
-70.7773
-70.7774
-70.7774
-70.7774
-70.7775
-70.7775
-70.7775
-70.7776
-70.7776
-70.7776
-70.7777
-70.7777
-70.7777
-70.7777
-70.7778
-70.7778
-70.7778
-70.7778
-70.7779
-70.7779
-70.7779
-70.7779
-70.778
-70.778
-70.778
-70.778
-70.778
-70.7781
-70.7781
-70.7781
-70.7781
-70.7781
-70.7781
-70.7782
-70.7782
-70.7782
-70.7782
-70.7782
-70.7782
-70.7782
-70.7783
-70.7783
-70.7783
-70.7783
-70.7783
-70.7783
-70.7783
-70.7783
-70.7783
-70.7783
-70.7784
-70.7784
-70.7784
-70.7784
-70.7784
-70.7784
-70.7784
-70.7784
-70.7784
-70.7784
-70.7784
-70.7784
-70.7784
-70.7784
-70.7784
-70.7784
-70.7784
-70.7784
-70.7784
-70.7785
-70.7785
-70.7785
-70.7785
-70.7785
-70.7785
-70.7785
-70.7785
-70.7785
-70.7785
-70.7785
-70.7785
-70.7785
-70.7785
-70.7785
-70.7785
-70.7785
-70.7785
-70.7785
-70.7785
-70.7785
-70.7785
-70.7785
-70.7785
-70.7785
-70.7785
-70.7785
-70.7785
-70.7785
-70.7785
-70.7785
-70.7784
-70.7784
-70.7784
-70.7784
-70.7784
-70.7784
-70.7784
-70.7784
-70.7784
-70.7784
-70.7784
-70.7784
-70.7784
-70.7784
-70.7784
-70.7784
-70.7784
-70.7784
-70.7784
-70.7784
-70.7784
-70.7784
-70.7784
-70.7784
-70.7784
-70.7784
-70.7784
-70.7784
-70.7784
-70.7783
-70.7783
-70.7783
-70.7783
-70.7783
-70.7783
-70.7783
-70.779
-70.9387
-71.6407
-72.5777
-73.3493
-56.1179
-51.8079
-49.5044
-45.6427
12.8913
-33.9339
-69.6582
-69.8673
-68.6319
-67.3081
-65.9357
-64.5508
-63.1906
-61.8896
-60.6771
-59.5745
-58.5956
-57.7459
-57.0135
-56.3448
-55.7956
-55.3587
-55.0186
-54.7537
-54.5503
-54.3936
-54.2699
-54.177
-54.1098
-54.0622
-54.0294
-54.0072
-53.9884
-53.9735
-53.9634
-53.9581
-53.9561
-53.9561
-53.9575
-53.9577
-53.9556
-53.9543
-53.9548
-53.9566
-53.9591
-53.9619
-53.965
-53.9682
-53.9679
-53.9654
-53.9648
-53.9656
-53.9672
-53.9693
-53.9715
-53.9739
-53.9763
-53.9788
-53.9814
-53.9808
-53.976
-53.9736
-53.9733
-53.974
-53.9752
-53.9767
-53.9783
-53.98
-53.9817
-53.9834
-53.9851
-53.9867
-53.9881
-53.9894
-53.9904
-53.9866
-53.9796
-53.9758
-53.9728
-53.9709
-53.9693
-53.9667
-53.9606
-53.9299
-53.7699
-53.766
-53.8094
-53.8462
-53.8707
-53.8857
-53.8946
-53.8997
-53.9027
-53.905
-53.9074
-53.9105
-53.915
-53.9215
-53.9307
-53.9443
-53.9697
-53.985
-53.9918
-53.995
-53.9974
-54.0003
-54.0024
-54.0014
-54.0018
-54.0038
-54.0069
-54.0111
-54.0161
-54.022
-54.0287
-54.0362
-54.0445
-54.0538
-54.064
-54.0753
-54.0877
-54.1014
-54.1164
-54.1328
-54.1507
-54.1704
-54.1918
-54.2152
-54.2406
-54.2683
-54.2984
-54.3313
-54.3671
-54.3888
-54.1513
-54.0483
-54.022
-53.9999
-53.9885
-53.9903
-53.9976
-54.0067
-54.0162
-54.0258
-54.0334
-54.0227
-54.0158
-54.0147
-54.0171
-54.0214
-54.0267
-54.0327
-54.0393
-54.0464
-54.0541
-54.0624
-54.0714
-54.0813
-54.0925
-54.1044
-54.1171
-54.1309
-54.1458
-54.162
-54.1795
-54.1987
-54.2194
-54.2434
-54.2708
-54.2999
-54.3307
-54.3637
-54.3991
-54.4375
-54.3676
-54.0824
-53.9938
-53.979
-53.9872
-53.9867
-53.9798
-53.9815
-53.9873
-53.9946
-54.0022
-54.0096
-54.0169
-54.0242
-54.0317
-54.0398
-54.0454
-54.0253
-54.0128
-54.009
-54.0096
-54.0126
-54.0167
-54.0216
-54.027
-54.0332
-54.0403
-54.048
-54.0562
-54.0648
-54.074
-54.0839
-54.0947
-54.1063
-54.119
-54.1328
-54.1489
-54.1668
-54.1873
-54.2092
-54.2322
-54.2567
-54.2829
-54.3114
-54.3422
-54.3756
-54.4118
-54.4525
-54.4995
-54.203
-53.997
-53.9517
-53.9537
-53.9678
-53.9838
-53.9988
-53.9975
-53.9877
-53.9861
-53.9891
-53.994
-53.9995
-54.0055
-54.0116
-54.0176
-54.0238
-54.0302
-54.0369
-54.044
-54.0517
-54.0599
-54.0693
-54.0801
-54.0915
-54.0669
-54.0225
-54.0058
-54.0024
-54.0044
-54.0085
-54.0137
-54.0194
-54.0255
-54.0321
-54.0398
-54.048
-54.0566
-54.0662
-54.0771
-54.0886
-54.1008
-54.1139
-54.128
-54.1434
-54.1615
-54.1819
-54.1787
-54.0517
-54.0036
-53.9927
-53.9905
-53.9824
-53.981
-53.9835
-53.9876
-53.9924
-53.9975
-54.0026
-54.0081
-54.0136
-54.0192
-54.0251
-54.0191
-54.0065
-54.0012
-54.0005
-54.0023
-54.0061
-54.0114
-54.0171
-54.0232
-54.0295
-54.036
-54.0431
-54.0512
-54.0633
-54.0832
-54.1057
-54.1308
-54.1578
-54.1852
-54.2121
-54.2388
-54.2682
-54.3071
-54.3694
-54.4485
-54.5304
-54.6073
-54.68
-54.7511
-54.8242
-54.9029
-54.9911
-55.1009
-55.2396
-55.3977
-55.5617
-55.726
-55.8926
-56.0632
-56.2429
-56.4367
-56.6464
-56.8803
-57.1463
-57.4422
-57.7581
-58.0831
-58.4147
-58.7532
-59.1013
-59.4622
-59.8355
-60.2307
-60.6659
-61.1365
-61.628
-62.128
-62.6211
-63.1081
-63.5843
-64.0538
-64.5204
-64.9837
-65.4625
-65.967
-66.4848
-66.9972
-67.4899
-67.9516
-68.3872
-68.7926
-69.1739
-69.5347
-69.879
-70.2191
-70.563
-70.9015
-71.2234
-71.5205
-71.7881
-72.0331
-72.2545
-72.4533
-72.6359
-72.8048
-72.9648
-73.1238
-73.2804
-73.4251
-73.5567
-73.6715
-73.773
-73.864
-73.9442
-74.0133
-74.0762
-74.1352
-74.1921
-74.2531
-74.3113
-74.3639
-74.4095
-74.4472
-74.4796
-74.5083
-74.5329
-74.5524
-74.5699
-74.5863
-74.6049
-74.6271
-74.6482
-74.6659
-74.6803
-74.6904
-74.6979
-74.7054
-74.7118
-74.7162
-74.7194
-74.7216
-74.7272
-74.7365
-74.7468
-74.7537
-74.7583
-74.7607
-74.7603
-74.7599
-74.7608
-74.7603
-74.7589
-74.7566
-74.7557
-74.758
-74.7639
-74.7695
-74.7717
-74.7722
-74.7715
-74.769
-74.7669
-74.7654
-74.7642
-74.7621
-74.7595
-74.7587
-74.7595
-74.7636
-74.7682
-74.7697
-74.7688
-74.7666
-74.7639
-74.7605
-74.7566
-74.7528
-74.751
-74.7479
-74.7472
-74.7471
-74.7496
-74.7549
-74.7585
-74.7591
-74.7576
-74.7564
-74.7549
-74.7516
-74.7459
-74.7404
-74.7378
-74.7371
-74.7365
-74.7358
-74.738
-74.7428
-74.7467
-74.747
-74.7451
-74.7438
-74.7426
-74.7395
-74.7338
-74.7267
-74.7206
-74.7189
-74.7209
-74.7213
-74.7213
-74.7241
-74.7296
-74.7356
-74.7369
-74.7362
-74.7352
-74.7333
-74.7296
-74.7234
-74.717
-74.7096
-74.7056
-74.7047
-74.7053
-74.7058
-74.7062
-74.7087
-74.7154
-74.7213
-74.7233
-74.7225
-74.7216
-74.7179
-74.7113
-74.7058
-74.7014
-74.6965
-74.692
-74.6883
-74.6877
-74.6885
-74.6907
-74.6932
-74.6968
-74.7061
-74.712
-74.7144
-74.7132
-74.7109
-74.7055
-74.6982
-74.691
-74.6859
-74.6821
-74.677
-74.6704
-74.6674
-74.668
-74.6676
-74.67
-74.674
-74.6825
-74.6906
-74.6958
-74.6964
-74.694
-74.6923
-74.6889
-74.6831
-74.6759
-74.6713
-74.6682
-74.662
-74.655
-74.6508
-74.65
-74.6508
-74.6518
-74.6558
-74.6632
-74.6741
-74.6804
-74.6808
-74.6793
-74.6762
-74.6742
-74.6722
-74.6679
-74.6622
-74.655
-74.6504
-74.6457
-74.6396
-74.6318
-74.6259
-74.6228
-74.6233
-74.626
-74.6317
-74.6395
-74.6504
-74.6583
-74.6579
-74.6539
-74.6516
-74.6516
-74.6521
-74.6511
-74.6484
-74.6447
-74.6368
-74.6282
-74.6246
-74.6218
-74.6176
-74.6152
-74.6098
-74.6051
-74.6048
-74.6089
-74.6161
-74.6232
-74.6312
-74.6353
-74.6341
-74.6307
-74.6265
-74.6235
-74.6241
-74.6251
-74.6252
-74.6227
-74.6165
-74.6071
-74.5986
-74.5943
-74.5938
-74.5951
-74.594
-74.5903
-74.5852
-74.5793
-74.5744
-74.5755
-74.5811
-74.5858
-74.5927
-74.5968
-74.5985
-74.5982
-74.598
-74.5993
-74.5995
-74.5976
-74.5955
-74.5928
-74.5888
-74.5837
-74.5771
-74.5713
-74.5658
-74.5651
-74.5727
-74.5792
-74.5804
-74.5769
-74.5683
-74.5572
-74.5446
-74.5407
-74.5445
-74.5474
-74.5506
-74.5542
-74.557
-74.5575
-74.5603
-74.5606
-74.5589
-74.5614
-74.564
-74.5605
-74.5538
-74.5448
-74.5362
-74.5305
-74.5315
-74.5342
-74.5338
-74.5337
-74.5385
-74.545
-74.546
-74.5426
-74.5342
-74.522
-74.5093
-74.497
-74.4885
-74.4869
-74.4861
-74.4865
-74.4943
-74.5008
-74.5084
-74.5097
-74.5059
-74.5041
-74.504
-74.509
-74.5158
-74.5166
-74.5114
-74.5064
-74.4989
-74.4908
-74.4864
-74.4849
-74.4819
-74.4825
-74.4922
-74.5012
-74.5046
-74.5028
-74.499
-74.4924
-74.4836
-74.4738
-74.463
-74.4541
-74.4463
-74.4379
-74.4351
-74.4351
-74.431
-74.432
-74.4421
-74.4516
-74.456
-74.4563
-74.4505
-74.4467
-74.4455
-74.4421
-74.4391
-74.4413
-74.4448
-74.4441
-74.4383
-74.4294
-74.4202
-74.4135
-74.4161
-74.4273
-74.4348
-74.4377
-74.436
-74.4301
-74.4221
-74.4167
-74.4113
-74.4072
-74.4034
-74.3998
-74.3975
-74.3927
-74.3851
-74.3744
-74.3665
-74.3581
-74.3485
-74.3424
-74.3399
-74.345
-74.3535
-74.359
-74.3607
-74.3629
-74.3643
-74.359
-74.3542
-74.3546
-74.3565
-74.3564
-74.3527
-74.347
-74.343
-74.3391
-74.333
-74.3292
-74.3313
-74.328
-74.3234
-74.3287
-74.3377
-74.3446
-74.3469
-74.3424
-74.3374
-74.3339
-74.3254
-74.3139
-74.3002
-74.2949
-74.2974
-74.2957
-74.2868
-74.2751
-74.2648
-74.2538
-74.2439
-74.2374
-74.2331
-74.2301
-74.2313
-74.236
-74.2397
-74.2394
-74.2347
-74.2369
-74.2469
-74.2581
-74.2658
-74.2689
-74.2659
-74.259
-74.2457
-74.2331
-74.2303
-74.2345
-74.2397
-74.2413
-74.239
-74.2364
-74.2289
-74.2207
-74.2134
-74.209
-74.2008
-74.1935
-74.185
-74.1795
-74.1784
-74.1825
-74.1885
-74.1951
-74.2013
-74.2061
-74.2058
-74.2011
-74.193
-74.1845
-74.1775
-74.1698
-74.1592
-74.151
-74.1464
-74.1397
-74.1347
-74.1305
-74.1237
-74.1172
-74.1116
-74.1014
-74.0883
-74.0712
-74.0534
-74.038
-74.0272
-74.0151
-74.0035
-73.9919
-73.9829
-73.9813
-73.9761
-73.9636
-73.9487
-73.9399
-73.9376
-73.94
-73.9455
-73.9526
-73.9618
-73.9729
-73.9806
-73.9888
-73.9983
-74.0089
-74.0144
-74.0242
-74.035
-74.039
-74.0402
-74.0516
-74.0624
-74.0738
-74.0777
-74.0793
-74.0781
-74.0719
-74.0685
-74.0697
-74.0722
-74.0675
-74.0587
-74.0455
-74.0273
-74.0121
-74.0033
-73.9905
-73.9763
-73.963
-73.9555
-73.9571
-73.9603
-73.9648
-73.9773
-73.9843
-73.985
-73.9779
-73.9637
-73.9444
-73.9214
-73.896
-73.8782
-73.8696
-73.8669
-73.8664
-73.8607
-73.8477
-73.8331
-73.8293
-73.8304
-73.8323
-73.8322
-73.8279
-73.8252
-73.8186
-73.81
-73.8036
-73.7941
-73.7835
-73.7709
-73.7557
-73.7488
-73.7551
-73.7614
-73.7587
-73.7488
-73.7385
-73.7246
-73.7061
-73.684
-73.6593
-73.6327
-73.6087
-73.5885
-73.5666
-73.5456
-73.5385
-73.544
-73.5456
-73.541
-73.5427
-73.5414
-73.5327
-73.5224
-73.5231
-73.5271
-73.5239
-73.5132
-73.497
-73.4811
-73.473
-73.4664
-73.4547
-73.438
-73.4176
-73.3945
-73.3697
-73.3436
-73.3226
-73.3061
-73.2901
-73.2794
-73.2735
-73.2702
-73.2771
-73.2823
-73.2831
-73.2835
-73.278
-73.2742
-73.269
-73.2587
-73.2516
-73.2516
-73.2511
-73.2442
-73.2325
-73.2294
-73.236
-73.2541
-73.2763
-73.2876
-73.2878
-73.2799
-73.2664
-73.2492
-73.2293
-73.2074
-73.1842
-73.16
-73.1428
-73.1297
-73.1142
-73.0955
-73.0743
-73.0515
-73.0347
-73.0234
-73.0097
-72.9926
-72.9728
-72.9552
-72.9458
-72.9352
-72.9208
-72.9033
-72.8834
-72.8621
-72.8397
-72.818
-72.8072
-72.7983
-72.786
-72.7703
-72.7522
-72.7323
-72.7114
-72.6897
-72.6675
-72.645
-72.6223
-72.5996
-72.5874
-72.5818
-72.5734
-72.5612
-72.5461
-72.5291
-72.5106
-72.4914
-72.4715
-72.4513
-72.4308
-72.4103
-72.3897
-72.3691
-72.3486
-72.3282
-72.3079
-72.2877
-72.2677
-72.2478
-72.2281
-72.2086
-72.1893
-72.1702
-72.1512
-72.1325
-72.114
-72.0957
-72.0775
-72.0607
-72.0596
-72.0634
-72.063
-72.058
-72.0496
-72.0389
-72.0266
-72.0133
-71.9993
-71.9849
-71.9701
-71.9552
-71.9402
-71.9251
-71.91
-71.8949
-71.88
-71.865
-71.8502
-71.8355
-71.8221
-71.8258
-71.8345
-71.8387
-71.8377
-71.833
-71.8257
-71.8166
-71.8064
-71.7954
-71.7838
-71.7718
-71.7596
-71.7473
-71.7348
-71.7223
-71.7098
-71.6974
-71.6849
-71.6725
-71.6603
-71.6481
-71.6359
-71.624
-71.6121
-71.6003
-71.5887
-71.5771
-71.5657
-71.5545
-71.5433
-71.5323
-71.5214
-71.5107
-71.5001
-71.4896
-71.4792
-71.4689
-71.4588
-71.4488
-71.439
-71.4292
-71.4196
-71.4101
-71.4008
-71.3915
-71.3824
-71.3734
-71.3645
-71.3557
-71.347
-71.3385
-71.33
-71.3217
-71.3135
-71.3054
-71.2974
-71.2895
-71.2817
-71.274
-71.2665
-71.259
-71.2516
-71.2444
-71.2372
-71.2301
-71.2231
-71.2162
-71.2094
-71.2027
-71.1961
-71.1896
-71.1831
-71.1768
-71.1705
-71.1644
-71.1583
-71.1522
-71.1463
-71.1405
-71.1347
-71.129
-71.1234
-71.1179
-71.1124
-71.107
-71.1017
-71.0965
-71.0914
-71.0863
-71.0813
-71.0763
-71.0714
-71.0666
-71.0619
-71.0572
-71.0526
-71.0481
-71.0436
-71.0392
-71.0348
-71.0305
-71.0263
-71.0221
-71.018
-71.014
-71.01
-71.0061
-71.0022
-70.9984
-70.9946
-70.9909
-70.9872
-70.9836
-70.9801
-70.9766
-70.9731
-70.9697
-70.9664
-70.9631
-70.9598
-70.9566
-70.9535
-70.9503
-70.9473
-70.9443
-70.9413
-70.9384
-70.9355
-70.9326
-70.9298
-70.9271
-70.9244
-70.9217
-70.919
-70.9165
-70.9139
-70.9114
-70.9089
-70.9065
-70.9041
-70.9017
-70.8994
-70.8971
-70.8948
-70.8926
-70.8904
-70.8882
-70.8861
-70.884
-70.882
-70.8799
-70.8779
-70.876
-70.874
-70.8721
-70.8703
-70.8684
-70.8666
-70.8648
-70.8631
-70.8613
-70.8596
-70.858
-70.8563
-70.8547
-70.8531
-70.8515
-70.85
-70.8485
-70.847
-70.8455
-70.8441
-70.8427
-70.8413
-70.8399
-70.8385
-70.8372
-70.8359
-70.8346
-70.8333
-70.8321
-70.8309
-70.8297
-70.8285
-70.8273
-70.8262
-70.8251
-70.824
-70.8229
-70.8218
-70.8208
-70.8197
-70.8187
-70.8177
-70.8167
-70.8158
-70.8148
-70.8139
-70.813
-70.8121
-70.8112
-70.8104
-70.8095
-70.8087
-70.8078
-70.807
-70.8063
-70.8055
-70.8047
-70.804
-70.8032
-70.8025
-70.8018
-70.8011
-70.8004
-70.7998
-70.7991
-70.7985
-70.7978
-70.7972
-70.7966
-70.796
-70.7954
-70.7948
-70.7943
-70.7937
-70.7932
-70.7926
-70.7921
-70.7916
-70.7911
-70.7906
-70.7901
-70.7896
-70.7892
-70.7887
-70.7883
-70.7878
-70.7874
-70.787
-70.7866
-70.7862
-70.7858
-70.7854
-70.785
-70.7846
-70.7843
-70.7839
-70.7836
-70.7832
-70.7829
-70.7826
-70.7823
-70.7819
-70.7816
-70.7813
-70.781
-70.7808
-70.7805
-70.7802
-70.7799
-70.7797
-70.7794
-70.7792
-70.7789
-70.7787
-70.7785
-70.7782
-70.778
-70.7778
-70.7776
-70.7774
-70.7772
-70.777
-70.7768
-70.7766
-70.7764
-70.7762
-70.7761
-70.7759
-70.7757
-70.7756
-70.7754
-70.7753
-70.7751
-70.775
-70.7748
-70.7747
-70.7745
-70.7744
-70.7743
-70.7742
-70.7741
-70.7739
-70.7738
-70.7737
-70.7736
-70.7735
-70.7734
-70.7733
-70.7732
-70.7731
-70.773
-70.773
-70.7729
-70.7728
-70.7727
-70.7726
-70.7726
-70.7725
-70.7724
-70.7724
-70.7723
-70.7723
-70.7722
-70.7721
-70.7721
-70.772
-70.772
-70.7719
-70.7719
-70.7719
-70.7718
-70.7718
-70.7717
-70.7717
-70.7717
-70.7716
-70.7716
-70.7716
-70.7716
-70.7715
-70.7715
-70.7715
-70.7715
-70.7715
-70.7714
-70.7714
-70.7714
-70.7714
-70.7714
-70.7714
-70.7714
-70.7714
-70.7714
-70.7713
-70.7713
-70.7713
-70.7713
-70.7713
-70.7713
-70.7713
-70.7713
-70.7713
-70.7713
-70.7714
-70.7714
-70.7714
-70.7714
-70.7714
-70.7714
-70.7714
-70.7714
-70.7714
-70.7714
-70.7714
-70.7715
-70.7715
-70.7715
-70.7715
-70.7715
-70.7715
-70.7716
-70.7716
-70.7716
-70.7716
-70.7716
-70.7717
-70.7717
-70.7717
-70.7717
-70.7717
-70.7718
-70.7718
-70.7718
-70.7718
-70.7719
-70.7719
-70.7719
-70.7719
-70.772
-70.772
-70.772
-70.772
-70.7721
-70.7721
-70.7721
-70.7721
-70.7722
-70.7722
-70.7722
-70.7722
-70.7723
-70.7723
-70.7723
-70.7724
-70.7724
-70.7724
-70.7724
-70.7725
-70.7725
-70.7725
-70.7726
-70.7726
-70.7726
-70.7727
-70.7727
-70.7727
-70.7727
-70.7728
-70.7728
-70.7728
-70.7729
-70.7729
-70.7729
-70.773
-70.773
-70.773
-70.7731
-70.7731
-70.7731
-70.7731
-70.7732
-70.7732
-70.7732
-70.7733
-70.7733
-70.7733
-70.7734
-70.7734
-70.7734
-70.7734
-70.7735
-70.7735
-70.7735
-70.7736
-70.7736
-70.7736
-70.7737
-70.7737
-70.7737
-70.7737
-70.7738
-70.7738
-70.7738
-70.7739
-70.7739
-70.7739
-70.7739
-70.774
-70.774

