-70
-70.1661
-70.23
-70.2566
-70.2695
-70.2773
-70.283
-70.2879
-70.2925
-70.297
-70.3014
-70.3057
-70.31
-70.3142
-70.3185
-70.3226
-70.3268
-70.3309
-70.335
-70.3391
-70.3431
-70.3471
-70.351
-70.3549
-70.3588
-70.3626
-70.3664
-70.3701
-70.3738
-70.3775
-70.3811
-70.3847
-70.3883
-70.3918
-70.3953
-70.3987
-70.4021
-70.4055
-70.4088
-70.4121
-70.4154
-70.4186
-70.4218
-70.4249
-70.428
-70.4311
-70.4341
-70.4372
-70.4401
-70.4431
-70.446
-70.4489
-70.4517
-70.4545
-70.4573
-70.4601
-70.4628
-70.4655
-70.4682
-70.4708
-70.4734
-70.476
-70.4785
-70.481
-70.4835
-70.486
-70.4884
-70.4908
-70.4932
-70.4955
-70.4978
-70.5001
-70.5024
-70.5046
-70.5068
-70.509
-70.5112
-70.5133
-70.5154
-70.5175
-70.5196
-70.5216
-70.5236
-70.5256
-70.5276
-70.5295
-70.5315
-70.5334
-70.5352
-70.5371
-70.5389
-70.5407
-70.5425
-70.5443
-70.5461
-70.5478
-70.5495
-70.5512
-70.5528
-70.5545
-70.5561
-70.5577
-70.5593
-70.5609
-70.5624
-70.5639
-70.5655
-70.5669
-70.5684
-70.5699
-70.5713
-70.5727
-70.5741
-70.5755
-70.5769
-70.5782
-70.5796
-70.5809
-70.5822
-70.5835
-70.5848
-70.586
-70.5873
-70.5885
-70.5897
-70.5909
-70.5921
-70.5932
-70.5944
-70.5955
-70.5966
-70.5977
-70.5988
-70.5999
-70.601
-70.602
-70.603
-70.6041
-70.6051
-70.6061
-70.6071
-70.608
-70.609
-70.6099
-70.6109
-70.6118
-70.6127
-70.6136
-70.6145
-70.6154
-70.6162
-70.6171
-70.6179
-70.6187
-70.6196
-70.6204
-70.6212
-70.622
-70.6227
-70.6235
-70.6242
-70.625
-70.6257
-70.6265
-70.6272
-70.6279
-70.6286
-70.6293
-70.6299
-70.6306
-70.6313
-70.6319
-70.6325
-70.6332
-70.6338
-70.6344
-70.635
-70.6356
-70.6362
-70.6368
-70.6374
-70.6379
-70.6385
-70.639
-70.6396
-70.6401
-70.6406
-70.6411
-70.6417
-70.6422
-70.6427
-70.6431
-70.6436
-70.6441
-70.6446
-70.645
-70.6455
-70.6459
-70.6464
-70.6468
-70.6472
-70.6476
-70.6481
-70.6485
-70.6489
-70.6493
-70.6497
-70.65
-70.6504
-70.6508
-70.6512
-70.6515
-70.6519
-70.6522
-70.6526
-70.6529
-70.6533
-70.6536
-70.6539
-70.6542
-70.6545
-70.6549
-70.6552
-70.6555
-70.6558
-70.656
-70.6563
-70.6566
-70.6569
-70.6572
-70.6574
-70.6577
-70.658
-70.6582
-70.6585
-70.6587
-70.6589
-70.6592
-70.6594
-70.6597
-70.6599
-70.6601
-70.6603
-70.6605
-70.6607
-70.661
-70.6612
-70.6614
-70.6616
-70.6617
-70.6619
-70.6621
-70.6623
-70.6625
-70.6627
-70.6628
-70.663
-70.6632
-70.6633
-70.6635
-70.6637
-70.6638
-70.664
-70.6641
-70.6643
-70.6644
-70.6646
-70.6647
-70.6648
-70.665
-70.6651
-70.6652
-70.6653
-70.6655
-70.6656
-70.6657
-70.6658
-70.6659
-70.666
-70.6662
-70.6663
-70.6664
-70.6665
-70.6666
-70.6667
-70.6668
-70.6669
-70.667
-70.667
-70.6671
-70.6672
-70.6673
-70.6674
-70.6675
-70.6675
-70.6676
-70.6677
-70.6678
-70.6678
-70.6679
-70.668
-70.668
-70.6681
-70.6682
-70.6682
-70.6683
-70.6683
-70.6684
-70.6685
-70.6685
-70.6686
-70.6686
-70.6687
-70.6687
-70.6688
-70.6688
-70.6688
-70.6689
-70.6689
-70.669
-70.669
-70.669
-70.6691
-70.6691
-70.6691
-70.6692
-70.6692
-70.6692
-70.6693
-70.6693
-70.6693
-70.6694
-70.6694
-70.6694
-70.6694
-70.6694
-70.6695
-70.6695
-70.6695
-70.6695
-70.6695
-70.6696
-70.6696
-70.6696
-70.6696
-70.6696
-70.6696
-70.6696
-70.6697
-70.6697
-70.6697
-70.6697
-70.6697
-70.6697
-70.6697
-70.6697
-70.6697
-70.6697
-70.6697
-70.6697
-70.6697
-70.6697
-70.6697
-70.6697
-70.6697
-70.6697
-70.6697
-70.6697
-70.6697
-70.6697
-70.6697
-70.6697
-70.6697
-70.6697
-70.6697
-70.6697
-70.6697
-70.6697
-70.6697
-70.6697
-70.6697
-70.6697
-70.6697
-70.6696
-70.6696
-70.6696
-70.6696
-70.6696
-70.6696
-70.6696
-70.6696
-70.6696
-70.6695
-70.6695
-70.6695
-70.6695
-70.6695
-70.6695
-70.6695
-70.6695
-70.6694
-70.6694
-70.6694
-70.6694
-70.6694
-70.6694
-70.6693
-70.6693
-70.6693
-70.6693
-70.6693
-70.6693
-70.6693
-70.6692
-70.6692
-70.6692
-70.6692
-70.6692
-70.6691
-70.6691
-70.6691
-70.6691
-70.6691
-70.6691
-70.669
-70.669
-70.669
-70.669
-70.669
-70.6689
-70.6689
-70.6689
-70.6689
-70.6689
-70.6688
-70.6688
-70.6688
-70.6688
-70.6688
-70.6687
-70.6687
-70.6687
-70.6687
-70.6686
-70.6686
-70.6686
-70.6686
-70.6686
-70.6685
-70.6685
-70.6685
-70.6685
-70.6685
-70.6684
-70.6684
-70.6684
-70.6684
-70.6684
-70.6683
-70.6683
-70.6683
-70.6683
-70.6682
-70.6682
-70.6682
-70.6682
-70.6682
-70.6681
-70.6681
-70.6681
-70.6681
-70.6681
-70.6719
-70.9108
-71.6934
-72.6321
-73.3773
-73.8746
-74.1442
-62.2427
-53.2766
-50.6192
-48.616
-44.9042
0.169159
-22.2891
-50.3183
-69.0467
-68.4396
-67.4057
-66.3347
-65.2487
-64.1657
-63.1041
-62.0803
-61.1081
-60.1991
-59.3473
-58.4541
-57.6925
-57.0411
-56.4747
-55.9833
-55.559
-55.1898
-54.8608
-54.5868
-54.3619
-54.1779
-54.0273
-53.9037
-53.7955
-53.7053
-53.635
-53.5808
-53.5392
-53.5075
-53.4836
-53.4618
-53.4401
-53.4245
-53.4143
-53.4078
-53.4041
-53.4023
-53.402
-53.4028
-53.3989
-53.3926
-53.3894
-53.3887
-53.3897
-53.3915
-53.394
-53.3968
-53.3999
-53.4033
-53.4068
-53.408
-53.4022
-53.3965
-53.3944
-53.3945
-53.3958
-53.3977
-53.3999
-53.4023
-53.4048
-53.4073
-53.4098
-53.4121
-53.414
-53.4157
-53.4171
-53.4179
-53.4179
-53.4078
-53.3972
-53.3899
-53.3854
-53.3801
-53.3683
-53.2892
-53.0862
-53.0893
-53.1446
-53.1968
-53.2357
-53.2624
-53.2802
-53.2925
-53.3018
-53.3101
-53.3185
-53.328
-53.3397
-53.3547
-53.3741
-53.3989
-53.4291
-53.464
-53.5029
-53.5454
-53.5852
-53.5124
-53.4749
-53.4473
-53.4343
-53.4318
-53.4342
-53.4391
-53.4456
-53.4532
-53.4618
-53.4712
-53.4816
-53.493
-53.5055
-53.5191
-53.534
-53.5502
-53.5678
-53.5871
-53.6081
-53.6309
-53.6559
-53.6831
-53.7128
-53.7452
-53.7807
-53.8194
-53.8616
-53.9076
-53.9576
-54.0119
-54.0708
-54.1348
-54.2041
-54.2789
-54.3595
-54.4464
-53.7035
-53.4359
-53.3734
-53.3535
-53.3447
-53.3528
-53.3675
-53.3836
-53.3994
-53.4143
-53.4283
-53.4416
-53.4543
-53.4668
-53.4791
-53.4916
-53.5044
-53.5177
-53.5316
-53.5462
-53.5619
-53.5786
-53.5966
-53.6172
-53.6398
-53.6652
-53.6927
-53.7218
-53.7529
-53.7863
-53.8225
-53.8616
-53.9039
-53.9506
-54.0031
-54.0608
-54.1244
-54.1917
-54.2628
-54.3383
-54.4188
-54.5049
-54.5971
-54.6956
-53.9692
-53.4165
-53.2925
-53.2855
-53.3089
-53.3231
-53.3292
-53.3419
-53.357
-53.3721
-53.3862
-53.3994
-53.4117
-53.4233
-53.4344
-53.4449
-53.4551
-53.4652
-53.4755
-53.4861
-53.4971
-53.5087
-53.5217
-53.5359
-53.5519
-53.569
-53.5869
-53.606
-53.6264
-53.6484
-53.6721
-53.6979
-53.7259
-53.7576
-53.7942
-53.835
-53.8807
-53.9288
-53.9793
-54.033
-54.0904
-54.1521
-54.2183
-54.2891
-54.3648
-54.4518
-54.5487
-54.6567
-54.7736
-54.8934
-55.017
-55.1459
-55.2809
-55.4222
-55.5699
-53.7642
-53.2193
-53.1298
-53.1535
-53.2017
-53.2505
-53.2938
-53.3301
-53.3345
-53.3412
-53.3529
-53.366
-53.3788
-53.3909
-53.4021
-53.4129
-53.4233
-53.4337
-53.4438
-53.4536
-53.4635
-53.4736
-53.4841
-53.4951
-53.5069
-53.5203
-53.5352
-53.552
-53.5702
-53.5894
-53.6098
-53.6317
-53.6554
-53.6811
-53.7091
-53.7397
-53.7753
-53.816
-53.8618
-53.9129
-53.9665
-54.0231
-54.0834
-54.1482
-54.2179
-54.1111
-53.5152
-53.3585
-53.3329
-53.334
-53.3366
-53.3472
-53.3603
-53.3733
-53.3855
-53.3969
-53.4087
-53.4223
-53.4389
-53.4569
-53.4747
-53.4918
-53.5079
-53.5235
-53.5409
-53.5625
-53.5925
-53.6329
-53.6798
-53.7247
-53.7659
-53.807
-53.8491
-53.8941
-53.9466
-54.0092
-54.0821
-54.1656
-54.2577
-54.352
-54.4474
-54.5477
-54.6542
-54.769
-54.8967
-55.0409
-55.2035
-55.3858
-55.5869
-55.799
-56.017
-56.2435
-56.4835
-56.7367
-57.0065
-57.3
-57.6203
-57.9693
-58.3485
-58.7521
-59.1627
-59.5733
-59.9892
-60.4145
-60.8503
-61.302
-61.7771
-62.2771
-62.8016
-63.3435
-63.8906
-64.4205
-64.9286
-65.4193
-65.8992
-66.3687
-66.8337
-67.2974
-67.7618
-68.2272
-68.6827
-69.1229
-69.5328
-69.9093
-70.2567
-70.5817
-70.8869
-71.175
-71.4499
-71.7157
-71.9727
-72.2165
-72.4447
-72.654
-72.8395
-73.0042
-73.154
-73.2898
-73.4149
-73.5305
-73.6415
-73.7481
-73.8488
-73.9433
-74.0285
-74.1046
-74.1697
-74.2265
-74.2768
-74.3216
-74.3622
-74.4009
-74.4384
-74.4741
-74.5076
-74.5399
-74.5676
-74.5918
-74.6123
-74.6293
-74.6444
-74.6567
-74.6675
-74.6798
-74.6923
-74.7036
-74.7142
-74.7253
-74.7343
-74.7413
-74.7471
-74.7515
-74.7547
-74.7572
-74.7576
-74.7592
-74.7631
-74.7664
-74.7693
-74.7731
-74.7768
-74.7794
-74.7806
-74.7816
-74.782
-74.7815
-74.781
-74.78
-74.7798
-74.7807
-74.7808
-74.7814
-74.7833
-74.7847
-74.785
-74.7838
-74.783
-74.7809
-74.7782
-74.7762
-74.7757
-74.7762
-74.7766
-74.7753
-74.7745
-74.7761
-74.7788
-74.7795
-74.779
-74.7782
-74.7761
-74.7723
-74.7688
-74.7664
-74.7668
-74.7689
-74.7697
-74.7673
-74.7647
-74.7665
-74.7688
-74.768
-74.7667
-74.7663
-74.7636
-74.7599
-74.7557
-74.7523
-74.751
-74.7538
-74.7578
-74.7583
-74.7564
-74.7544
-74.7575
-74.7604
-74.7599
-74.7574
-74.755
-74.7521
-74.7482
-74.7451
-74.7412
-74.7383
-74.7401
-74.7427
-74.745
-74.7436
-74.7405
-74.7409
-74.7452
-74.7478
-74.7467
-74.7427
-74.7388
-74.7342
-74.7313
-74.7292
-74.7275
-74.7259
-74.7272
-74.7303
-74.7315
-74.7311
-74.7288
-74.7296
-74.7338
-74.7374
-74.7373
-74.7345
-74.7291
-74.7241
-74.7202
-74.7171
-74.7146
-74.7117
-74.7118
-74.7109
-74.7102
-74.7103
-74.7091
-74.7087
-74.7122
-74.7158
-74.7212
-74.7232
-74.7199
-74.7156
-74.7111
-74.7078
-74.7042
-74.7032
-74.7032
-74.7026
-74.7018
-74.6985
-74.6949
-74.6915
-74.6899
-74.6913
-74.6959
-74.6992
-74.7042
-74.71
-74.7099
-74.7053
-74.6987
-74.6936
-74.6892
-74.6868
-74.6862
-74.6864
-74.6858
-74.6831
-74.6783
-74.6739
-74.6702
-74.6654
-74.6606
-74.6632
-74.6705
-74.6766
-74.6825
-74.6889
-74.6912
-74.6891
-74.6826
-74.6755
-74.6718
-74.6727
-74.6729
-74.6743
-74.6742
-74.6718
-74.6675
-74.6619
-74.6575
-74.6538
-74.6475
-74.6408
-74.6402
-74.6422
-74.6468
-74.6543
-74.6638
-74.6693
-74.6693
-74.667
-74.6616
-74.6552
-74.6497
-74.6466
-74.6459
-74.647
-74.6481
-74.6479
-74.6453
-74.6409
-74.6349
-74.6295
-74.6237
-74.6171
-74.6127
-74.611
-74.6122
-74.6135
-74.6156
-74.6229
-74.6353
-74.6427
-74.6426
-74.6382
-74.635
-74.6335
-74.6323
-74.6293
-74.6269
-74.6247
-74.6221
-74.6229
-74.6265
-74.6239
-74.6161
-74.6101
-74.6048
-74.5984
-74.591
-74.5884
-74.5856
-74.5872
-74.5871
-74.5872
-74.5867
-74.5872
-74.5936
-74.6023
-74.607
-74.608
-74.6053
-74.6004
-74.5959
-74.593
-74.5905
-74.5894
-74.5895
-74.5849
-74.5788
-74.5763
-74.5768
-74.5761
-74.5727
-74.5693
-74.5641
-74.5574
-74.5535
-74.5518
-74.5508
-74.5523
-74.5535
-74.5518
-74.5474
-74.5433
-74.5402
-74.5398
-74.543
-74.5476
-74.5551
-74.5627
-74.5678
-74.5685
-74.5655
-74.5617
-74.559
-74.5574
-74.5539
-74.5477
-74.5406
-74.5343
-74.5279
-74.523
-74.5198
-74.5201
-74.5224
-74.5221
-74.5195
-74.5207
-74.5217
-74.5214
-74.5175
-74.5136
-74.5118
-74.5097
-74.5042
-74.497
-74.4902
-74.4845
-74.4815
-74.4843
-74.4901
-74.4948
-74.4982
-74.5016
-74.5087
-74.5129
-74.5103
-74.5069
-74.505
-74.5021
-74.4957
-74.4838
-74.4719
-74.4664
-74.4623
-74.4563
-74.4482
-74.4399
-74.437
-74.4375
-74.4436
-74.4468
-74.4477
-74.4463
-74.4445
-74.4422
-74.4433
-74.4434
-74.437
-74.4331
-74.4333
-74.4334
-74.4283
-74.4209
-74.4174
-74.4159
-74.4134
-74.4086
-74.4102
-74.4174
-74.4252
-74.4294
-74.4324
-74.4338
-74.4299
-74.4217
-74.413
-74.4073
-74.4043
-74.4018
-74.4012
-74.4006
-74.3977
-74.3903
-74.3844
-74.3811
-74.376
-74.369
-74.3604
-74.3535
-74.3488
-74.3444
-74.3406
-74.3459
-74.3511
-74.3551
-74.3595
-74.3593
-74.3561
-74.3534
-74.3518
-74.3443
-74.331
-74.3182
-74.3085
-74.3019
-74.2967
-74.2907
-74.2954
-74.3123
-74.3246
-74.3282
-74.3285
-74.3271
-74.3278
-74.3348
-74.3427
-74.3439
-74.3415
-74.3382
-74.3357
-74.3335
-74.3311
-74.3277
-74.3197
-74.3104
-74.3021
-74.2927
-74.2808
-74.266
-74.2476
-74.2272
-74.2126
-74.2052
-74.2045
-74.2142
-74.2312
-74.2487
-74.2557
-74.2532
-74.2446
-74.2358
-74.2311
-74.2271
-74.2187
-74.2097
-74.2029
-74.1969
-74.1878
-74.1808
-74.1744
-74.1711
-74.1722
-74.185
-74.1963
-74.1989
-74.1957
-74.1886
-74.1792
-74.1688
-74.1568
-74.1436
-74.1265
-74.1105
-74.1034
-74.0971
-74.0858
-74.0768
-74.07
-74.0601
-74.051
-74.0465
-74.054
-74.0693
-74.0824
-74.0885
-74.0934
-74.1024
-74.1174
-74.1345
-74.147
-74.1514
-74.1505
-74.1492
-74.1457
-74.1444
-74.1378
-74.1298
-74.1236
-74.1186
-74.1198
-74.1184
-74.1107
-74.1
-74.0936
-74.0905
-74.0856
-74.0757
-74.0636
-74.0515
-74.0394
-74.0252
-74.0136
-73.9993
-73.9804
-73.9653
-73.951
-73.9396
-73.9322
-73.9299
-73.9341
-73.9341
-73.9339
-73.936
-73.9351
-73.9266
-73.9115
-73.9006
-73.8967
-73.8983
-73.9025
-73.9039
-73.9006
-73.8913
-73.8803
-73.8673
-73.8566
-73.8551
-73.8632
-73.8716
-73.8748
-73.8818
-73.8983
-73.908
-73.9095
-73.9048
-73.8946
-73.886
-73.8764
-73.8617
-73.8468
-73.8307
-73.8228
-73.8196
-73.8105
-73.7984
-73.795
-73.7912
-73.7843
-73.7746
-73.7597
-73.7476
-73.7388
-73.7304
-73.7196
-73.7078
-73.7017
-73.6945
-73.6867
-73.6739
-73.6588
-73.6494
-73.6436
-73.6376
-73.6298
-73.6278
-73.6334
-73.6371
-73.6346
-73.6303
-73.6257
-73.6258
-73.6205
-73.6082
-73.5906
-73.5709
-73.5601
-73.5517
-73.54
-73.5366
-73.5348
-73.5392
-73.5422
-73.5435
-73.5381
-73.5256
-73.508
-73.4867
-73.4648
-73.4483
-73.4334
-73.4222
-73.4078
-73.3892
-73.3672
-73.3428
-73.3313
-73.3393
-73.352
-73.3635
-73.369
-73.3725
-73.3689
-73.3581
-73.3421
-73.3264
-73.3217
-73.3183
-73.3092
-73.2944
-73.2828
-73.2828
-73.2811
-73.2809
-73.2761
-73.2649
-73.2519
-73.2433
-73.2319
-73.216
-73.1965
-73.1745
-73.1514
-73.136
-73.1225
-73.1058
-73.086
-73.072
-73.0721
-73.0711
-73.0635
-73.0502
-73.0327
-73.0125
-72.9903
-72.9668
-72.9423
-72.9172
-72.8916
-72.8657
-72.8397
-72.8229
-72.8119
-72.7985
-72.7817
-72.7623
-72.7495
-72.7428
-72.7332
-72.7195
-72.7026
-72.6834
-72.6628
-72.6411
-72.6188
-72.596
-72.5729
-72.5496
-72.5262
-72.5028
-72.4794
-72.4561
-72.4329
-72.4098
-72.3868
-72.3641
-72.3415
-72.32
-72.3128
-72.3101
-72.3037
-72.2933
-72.2799
-72.2643
-72.2474
-72.2296
-72.2112
-72.1924
-72.1734
-72.1542
-72.1349
-72.1157
-72.0965
-72.0774
-72.0584
-72.0395
-72.0207
-72.0021
-71.9836
-71.9653
-71.957
-71.961
-71.9628
-71.9597
-71.9525
-71.9425
-71.9306
-71.9174
-71.9033
-71.8887
-71.8737
-71.8584
-71.8429
-71.8274
-71.8119
-71.7963
-71.7808
-71.7654
-71.75
-71.7347
-71.7196
-71.7046
-71.6897
-71.675
-71.6604
-71.6459
-71.6316
-71.6175
-71.6035
-71.5896
-71.5759
-71.5624
-71.549
-71.5358
-71.5227
-71.5098
-71.4971
-71.4845
-71.472
-71.4597
-71.4475
-71.4355
-71.4237
-71.4119
-71.4004
-71.3889
-71.3776
-71.3665
-71.3555
-71.3446
-71.3339
-71.3233
-71.3128
-71.3025
-71.2923
-71.2822
-71.2723
-71.2625
-71.2528
-71.2432
-71.2338
-71.2245
-71.2153
-71.2062
-71.1973
-71.1884
-71.1797
-71.1711
-71.1626
-71.1542
-71.1459
-71.1377
-71.1297
-71.1217
-71.1139
-71.1061
-71.0985
-71.0909
-71.0835
-71.0761
-71.0689
-71.0617
-71.0546
-71.0477
-71.0408
-71.034
-71.0273
-71.0207
-71.0142
-71.0078
-71.0015
-70.9952
-70.989
-70.983
-70.977
-70.971
-70.9652
-70.9594
-70.9538
-70.9482
-70.9427
-70.9372
-70.9318
-70.9265
-70.9213
-70.9162
-70.9111
-70.9061
-70.9012
-70.8963
-70.8915
-70.8868
-70.8821
-70.8775
-70.873
-70.8685
-70.8641
-70.8598
-70.8555
-70.8513
-70.8472
-70.8431
-70.839
-70.8351
-70.8311
-70.8273
-70.8235
-70.8197
-70.816
-70.8124
-70.8088
-70.8053
-70.8018
-70.7984
-70.795
-70.7917
-70.7884
-70.7852
-70.782
-70.7789
-70.7758
-70.7728
-70.7698
-70.7669
-70.764
-70.7612
-70.7583
-70.7556
-70.7529
-70.7502
-70.7476
-70.745
-70.7424
-70.7399
-70.7375
-70.735
-70.7326
-70.7303
-70.728
-70.7257
-70.7235
-70.7212
-70.7191
-70.717
-70.7149
-70.7128
-70.7108
-70.7088
-70.7068
-70.7049
-70.703
-70.7011
-70.6993
-70.6975
-70.6957
-70.694
-70.6923
-70.6906
-70.689
-70.6873
-70.6858
-70.6842
-70.6827
-70.6811
-70.6797
-70.6782
-70.6768
-70.6754
-70.674
-70.6726
-70.6713
-70.67
-70.6687
-70.6675
-70.6663
-70.6651
-70.6639
-70.6627
-70.6616
-70.6604
-70.6594
-70.6583
-70.6572
-70.6562
-70.6552
-70.6542
-70.6532
-70.6523
-70.6513
-70.6504
-70.6495
-70.6486
-70.6478
-70.647
-70.6461
-70.6453
-70.6445
-70.6438
-70.643
-70.6423
-70.6416
-70.6409
-70.6402
-70.6395
-70.6388
-70.6382
-70.6376
-70.637
-70.6364
-70.6358
-70.6352
-70.6346
-70.6341
-70.6336
-70.6331
-70.6326
-70.6321
-70.6316
-70.6311
-70.6307
-70.6302
-70.6298
-70.6294
-70.629
-70.6286
-70.6282
-70.6278
-70.6275
-70.6271
-70.6268
-70.6265
-70.6262
-70.6258
-70.6255
-70.6253
-70.625
-70.6247
-70.6244
-70.6242
-70.624
-70.6237
-70.6235
-70.6233
-70.6231
-70.6229
-70.6227
-70.6225
-70.6223
-70.6222
-70.622
-70.6218
-70.6217
-70.6216
-70.6214
-70.6213
-70.6212
-70.6211
-70.621
-70.6209
-70.6208
-70.6207
-70.6206
-70.6205
-70.6205
-70.6204
-70.6204
-70.6203
-70.6203
-70.6202
-70.6202
-70.6202
-70.6201
-70.6201
-70.6201
-70.6201
-70.6201
-70.6201
-70.6201
-70.6201
-70.6201
-70.6202
-70.6202
-70.6202
-70.6202
-70.6203
-70.6203
-70.6204
-70.6204
-70.6205
-70.6205
-70.6206
-70.6206
-70.6207
-70.6208
-70.6208
-70.6209
-70.621
-70.6211
-70.6211
-70.6212
-70.6213
-70.6214
-70.6215
-70.6216
-70.6217
-70.6218
-70.6219
-70.622
-70.6221
-70.6222
-70.6224
-70.6225
-70.6226
-70.6227
-70.6228
-70.623
-70.6231
-70.6232
-70.6233
-70.6235
-70.6236
-70.6237
-70.6239
-70.624
-70.6242
-70.6243
-70.6244
-70.6246
-70.6247
-70.6249
-70.625
-70.6252
-70.6253
-70.6255
-70.6256
-70.6258
-70.626
-70.6261
-70.6263
-70.6264
-70.6266
-70.6267
-70.6269
-70.6271
-70.6272
-70.6274
-70.6276
-70.6277
-70.6279
-70.6281
-70.6282
-70.6284
-70.6286
-70.6287
-70.6289
-70.6291
-70.6292
-70.6294
-70.6296
-70.6298
-70.6299
-70.6301
-70.6303
-70.6304
-70.6306
-70.6308
-70.631
-70.6311
-70.6313
-70.6315
-70.6317
-70.6318
-70.632
-70.6322
-70.6324
-70.6325
-70.6327
-70.6329
-70.6331
-70.6332
-70.6334
-70.6336
-70.6337
-70.6339
-70.6341
-70.6343
-70.6344
-70.6346
-70.6348
-70.635
-70.6351
-70.6353
-70.6355
-70.6356
-70.6358
-70.636
-70.6362
-70.6363
-70.6365
-70.6367
-70.6368
-70.637
-70.6372
-70.6373
-70.6375
-70.6377
-70.6378
-70.638
-70.6382
-70.6383
-70.6385
-70.6387
-70.6388
-70.639
-70.6392
-70.6393
-70.6395
-70.6397
-70.6398
-70.64
-70.6401
-70.6403
-70.6405
-70.6406
-70.6408
-70.6409
-70.6411
-70.6412
-70.6414
-70.6416
-70.6417
-70.6419
-70.642
-70.6422
-70.6423
-70.6425
-70.6426
-70.6428
-70.6429
-70.6431
-70.6432
-70.6434

