-70
-70.1661
-70.23
-70.2566
-70.2695
-70.2773
-70.283
-70.2879
-70.2925
-70.297
-70.3014
-70.3057
-70.31
-70.3142
-70.3185
-70.3226
-70.3268
-70.3309
-70.335
-70.3391
-70.3431
-70.3471
-70.351
-70.3549
-70.3588
-70.3626
-70.3664
-70.3701
-70.3738
-70.3775
-70.3811
-70.3847
-70.3883
-70.3918
-70.3953
-70.3987
-70.4021
-70.4055
-70.4088
-70.4121
-70.4154
-70.4186
-70.4218
-70.4249
-70.428
-70.4311
-70.4341
-70.4372
-70.4401
-70.4431
-70.446
-70.4489
-70.4517
-70.4545
-70.4573
-70.4601
-70.4628
-70.4655
-70.4682
-70.4708
-70.4734
-70.476
-70.4785
-70.481
-70.4835
-70.486
-70.4884
-70.4908
-70.4932
-70.4955
-70.4978
-70.5001
-70.5024
-70.5046
-70.5068
-70.509
-70.5112
-70.5133
-70.5154
-70.5175
-70.5196
-70.5216
-70.5236
-70.5256
-70.5276
-70.5295
-70.5315
-70.5334
-70.5352
-70.5371
-70.5389
-70.5407
-70.5425
-70.5443
-70.5461
-70.5478
-70.5495
-70.5512
-70.5528
-70.5545
-70.5561
-70.5577
-70.5593
-70.5609
-70.5624
-70.5639
-70.5655
-70.5669
-70.5684
-70.5699
-70.5713
-70.5727
-70.5741
-70.5755
-70.5769
-70.5782
-70.5796
-70.5809
-70.5822
-70.5835
-70.5848
-70.586
-70.5873
-70.5885
-70.5897
-70.5909
-70.5921
-70.5932
-70.5944
-70.5955
-70.5966
-70.5977
-70.5988
-70.5999
-70.601
-70.602
-70.603
-70.6041
-70.6051
-70.6061
-70.6071
-70.608
-70.609
-70.6099
-70.6109
-70.6118
-70.6127
-70.6136
-70.6145
-70.6154
-70.6162
-70.6171
-70.6179
-70.6187
-70.6196
-70.6204
-70.6212
-70.622
-70.6227
-70.6235
-70.6242
-70.625
-70.6257
-70.6265
-70.6272
-70.6279
-70.6286
-70.6293
-70.6299
-70.6306
-70.6313
-70.6319
-70.6325
-70.6332
-70.6338
-70.6344
-70.635
-70.6356
-70.6362
-70.6368
-70.6374
-70.6379
-70.6385
-70.639
-70.6396
-70.6401
-70.6406
-70.6411
-70.6417
-70.6422
-70.6427
-70.6431
-70.6436
-70.6441
-70.6446
-70.645
-70.6455
-70.6459
-70.6464
-70.6468
-70.6472
-70.6476
-70.6481
-70.6485
-70.6489
-70.6493
-70.6497
-70.65
-70.6504
-70.6508
-70.6512
-70.6515
-70.6519
-70.6522
-70.6526
-70.6529
-70.6533
-70.6536
-70.6539
-70.6542
-70.6545
-70.6549
-70.6552
-70.6555
-70.6558
-70.656
-70.6563
-70.6566
-70.6569
-70.6572
-70.6574
-70.6577
-70.658
-70.6582
-70.6585
-70.6587
-70.6589
-70.6592
-70.6594
-70.6597
-70.6599
-70.6601
-70.6603
-70.6605
-70.6607
-70.661
-70.6612
-70.6614
-70.6616
-70.6617
-70.6619
-70.6621
-70.6623
-70.6625
-70.6627
-70.6628
-70.663
-70.6632
-70.6633
-70.6635
-70.6637
-70.6638
-70.664
-70.6641
-70.6643
-70.6644
-70.6646
-70.6647
-70.6648
-70.665
-70.6651
-70.6652
-70.6653
-70.6655
-70.6656
-70.6657
-70.6658
-70.6659
-70.666
-70.6662
-70.6663
-70.6664
-70.6665
-70.6666
-70.6667
-70.6668
-70.6669
-70.667
-70.667
-70.6671
-70.6672
-70.6673
-70.6674
-70.6675
-70.6675
-70.6676
-70.6677
-70.6678
-70.6678
-70.6679
-70.668
-70.668
-70.6681
-70.6682
-70.6682
-70.6683
-70.6683
-70.6684
-70.6685
-70.6685
-70.6686
-70.6686
-70.6687
-70.6687
-70.6688
-70.6688
-70.6688
-70.6689
-70.6689
-70.669
-70.669
-70.669
-70.6691
-70.6691
-70.6691
-70.6692
-70.6692
-70.6692
-70.6693
-70.6693
-70.6693
-70.6694
-70.6694
-70.6694
-70.6694
-70.6694
-70.6695
-70.6695
-70.6695
-70.6695
-70.6695
-70.6696
-70.6696
-70.6696
-70.6696
-70.6696
-70.6696
-70.6696
-70.6697
-70.6697
-70.6697
-70.6697
-70.6697
-70.6697
-70.6697
-70.6697
-70.6697
-70.6697
-70.6697
-70.6697
-70.6697
-70.6697
-70.6697
-70.6697
-70.6697
-70.6697
-70.6697
-70.6697
-70.6697
-70.6697
-70.6697
-70.6697
-70.6697
-70.6697
-70.6697
-70.6697
-70.6697
-70.6697
-70.6697
-70.6697
-70.6697
-70.6697
-70.6697
-70.6696
-70.6696
-70.6696
-70.6696
-70.6696
-70.6696
-70.6696
-70.6696
-70.6696
-70.6695
-70.6695
-70.6695
-70.6695
-70.6695
-70.6695
-70.6695
-70.6695
-70.6694
-70.6694
-70.6694
-70.6694
-70.6694
-70.6694
-70.6693
-70.6693
-70.6693
-70.6693
-70.6693
-70.6693
-70.6693
-70.6692
-70.6692
-70.6692
-70.6692
-70.6692
-70.6691
-70.6691
-70.6691
-70.6691
-70.6691
-70.6691
-70.669
-70.669
-70.669
-70.669
-70.669
-70.6689
-70.6689
-70.6689
-70.6689
-70.6689
-70.6688
-70.6688
-70.6688
-70.6688
-70.6688
-70.6687
-70.6687
-70.6687
-70.6687
-70.6686
-70.6686
-70.6686
-70.6686
-70.6686
-70.6685
-70.6685
-70.6685
-70.6685
-70.6685
-70.6684
-70.6684
-70.6684
-70.6684
-70.6684
-70.6683
-70.6683
-70.6683
-70.6683
-70.6682
-70.6682
-70.6682
-70.6682
-70.6682
-70.6681
-70.6681
-70.6681
-70.6681
-70.6681
-70.6785
-70.9581
-71.7154
-72.6375
-73.4057
-56.9087
-52.0442
-50.0763
-48.2265
-44.3128
5.19111
-23.7863
-52.6469
-68.8703
-68.1817
-67.1362
-66.058
-64.969
-63.8872
-62.8299
-61.8132
-60.8515
-59.9466
-59.0509
-58.2565
-57.5552
-56.9237
-56.3626
-55.8806
-55.4614
-55.1002
-54.7961
-54.5418
-54.3245
-54.1452
-53.9977
-53.8734
-53.7735
-53.6944
-53.6295
-53.576
-53.5349
-53.5031
-53.4757
-53.455
-53.4401
-53.429
-53.4181
-53.4106
-53.406
-53.4038
-53.4003
-53.3969
-53.3956
-53.3959
-53.3956
-53.3938
-53.3934
-53.3943
-53.3962
-53.3986
-53.4014
-53.4
-53.3987
-53.399
-53.4005
-53.4026
-53.4012
-53.3997
-53.3997
-53.4008
-53.4026
-53.4047
-53.407
-53.4095
-53.4121
-53.4148
-53.4144
-53.4086
-53.4051
-53.4036
-53.4032
-53.4029
-53.4025
-53.4001
-53.3949
-53.3904
-53.3851
-53.3749
-53.3362
-53.0763
-53.0052
-53.0611
-53.1293
-53.1834
-53.2215
-53.2469
-53.2642
-53.2767
-53.2872
-53.2973
-53.3085
-53.3493
-53.3844
-53.4013
-53.411
-53.4192
-53.4276
-53.4371
-53.4478
-53.46
-53.4738
-53.4751
-53.4608
-53.4547
-53.4546
-53.4583
-53.4644
-53.4724
-53.4819
-53.4928
-53.5052
-53.5189
-53.5342
-53.551
-53.5695
-53.5898
-53.612
-53.6363
-53.6628
-53.6917
-53.7234
-53.7581
-53.796
-53.8373
-53.8824
-53.6727
-53.5097
-53.4578
-53.4481
-53.454
-53.4659
-53.4803
-53.4959
-53.5124
-53.5296
-53.5476
-53.5665
-53.5865
-53.5645
-53.4927
-53.4617
-53.4533
-53.4548
-53.4608
-53.4692
-53.4789
-53.4895
-53.5009
-53.5131
-53.5261
-53.5403
-53.556
-53.5728
-53.5906
-53.6096
-53.6301
-53.6523
-53.6762
-53.7023
-53.7315
-53.7653
-53.8047
-53.8466
-53.8905
-53.937
-53.9867
-53.6032
-53.4467
-53.4064
-53.4046
-53.4158
-53.431
-53.4471
-53.463
-53.4786
-53.4941
-53.5097
-53.5256
-53.5421
-53.5599
-53.5797
-53.6018
-53.6187
-53.5101
-53.4551
-53.4378
-53.4359
-53.4402
-53.4472
-53.4557
-53.4652
-53.476
-53.4878
-53.5004
-53.5137
-53.5275
-53.5419
-53.5571
-53.5733
-53.5907
-53.6103
-53.632
-53.6571
-53.6855
-53.7165
-53.7505
-53.7868
-53.8249
-53.8655
-53.909
-53.9558
-54.0086
-54.0673
-54.1336
-53.9121
-53.4968
-53.3841
-53.3657
-53.3748
-53.3911
-53.4088
-53.426
-53.4428
-53.4593
-53.4757
-53.4924
-53.5099
-53.528
-53.5463
-53.5658
-53.5863
-53.6076
-53.6299
-53.6537
-53.6804
-53.7099
-53.7429
-53.6739
-53.4892
-53.4282
-53.4146
-53.4172
-53.4256
-53.436
-53.4469
-53.458
-53.4698
-53.4822
-53.4952
-53.509
-53.524
-53.5407
-53.5583
-53.5764
-53.5962
-53.6181
-53.6419
-53.6682
-53.6962
-53.7276
-53.763
-53.804
-53.573
-53.4493
-53.4153
-53.4118
-53.4184
-53.4287
-53.4402
-53.452
-53.4642
-53.4771
-53.4913
-53.5059
-53.5207
-53.5367
-53.5536
-53.5713
-53.5907
-53.6122
-53.6349
-53.6591
-53.6862
-53.7172
-53.754
-53.7932
-53.8116
-53.5417
-53.4393
-53.4132
-53.4128
-53.4211
-53.4329
-53.4465
-53.4618
-53.4819
-53.5092
-53.5375
-53.5633
-53.5876
-53.6118
-53.6387
-53.6736
-53.7184
-53.7729
-53.8347
-53.8984
-53.9596
-54.0192
-54.081
-54.1475
-54.2229
-54.3118
-54.4165
-54.5322
-54.658
-54.7907
-54.9276
-55.0695
-55.2198
-55.3822
-55.5583
-55.7546
-55.9771
-56.2232
-56.4906
-56.7725
-57.0636
-57.362
-57.6702
-57.9929
-58.3307
-58.6937
-59.0913
-59.5186
-59.9711
-60.4417
-60.9187
-61.3955
-61.8682
-62.3408
-62.818
-63.3008
-63.802
-64.3218
-64.8551
-65.3937
-65.9251
-66.4369
-66.9232
-67.3832
-67.8199
-68.2365
-68.6414
-69.046
-69.4468
-69.8399
-70.2216
-70.5838
-70.9178
-71.2194
-71.4957
-71.748
-71.9761
-72.1927
-72.4034
-72.605
-72.7951
-72.9762
-73.1449
-73.2975
-73.4315
-73.5506
-73.6579
-73.7512
-73.8357
-73.919
-73.9999
-74.0745
-74.1446
-74.2115
-74.273
-74.3266
-74.3717
-74.4098
-74.4425
-74.47
-74.4956
-74.5219
-74.5479
-74.572
-74.5958
-74.6192
-74.6407
-74.6587
-74.6728
-74.683
-74.6906
-74.6968
-74.703
-74.7106
-74.719
-74.7273
-74.7353
-74.7429
-74.7512
-74.7574
-74.7618
-74.763
-74.7613
-74.7597
-74.7599
-74.7614
-74.7626
-74.7645
-74.7679
-74.7714
-74.7749
-74.7792
-74.7812
-74.7821
-74.7808
-74.7773
-74.7736
-74.7726
-74.7722
-74.7712
-74.7709
-74.7724
-74.7739
-74.7748
-74.7766
-74.7781
-74.7777
-74.7766
-74.7731
-74.7681
-74.7651
-74.764
-74.7635
-74.7631
-74.7648
-74.7671
-74.7688
-74.7685
-74.7704
-74.7712
-74.7696
-74.7682
-74.7648
-74.7604
-74.7569
-74.7528
-74.7504
-74.7494
-74.7522
-74.7547
-74.7568
-74.7563
-74.7563
-74.7563
-74.7559
-74.7544
-74.7528
-74.7507
-74.7488
-74.7457
-74.7415
-74.738
-74.7383
-74.7425
-74.7457
-74.7474
-74.7472
-74.7464
-74.746
-74.7445
-74.7413
-74.7392
-74.7383
-74.7367
-74.7332
-74.7289
-74.7237
-74.7196
-74.7219
-74.7265
-74.7302
-74.7319
-74.7319
-74.7314
-74.7323
-74.7315
-74.729
-74.7267
-74.7269
-74.7265
-74.7244
-74.7203
-74.7135
-74.7077
-74.7073
-74.7105
-74.7145
-74.7179
-74.7183
-74.7174
-74.7178
-74.7185
-74.7168
-74.7131
-74.7094
-74.7085
-74.7082
-74.7065
-74.7038
-74.6976
-74.6904
-74.6885
-74.6914
-74.6949
-74.6982
-74.6997
-74.7018
-74.7044
-74.7049
-74.7064
-74.7065
-74.7046
-74.6999
-74.6948
-74.6919
-74.6889
-74.686
-74.6816
-74.6756
-74.6736
-74.6752
-74.6783
-74.6808
-74.6811
-74.6807
-74.6804
-74.6817
-74.6819
-74.6845
-74.6886
-74.689
-74.6847
-74.6784
-74.6716
-74.6665
-74.6647
-74.66
-74.6524
-74.6494
-74.6527
-74.6593
-74.6637
-74.6659
-74.6666
-74.6651
-74.6652
-74.6657
-74.6654
-74.6658
-74.6681
-74.6699
-74.6686
-74.6659
-74.6601
-74.6501
-74.6444
-74.6403
-74.635
-74.6269
-74.6237
-74.6272
-74.6347
-74.6408
-74.6445
-74.6442
-74.6415
-74.6411
-74.6416
-74.6429
-74.6414
-74.6381
-74.6365
-74.6379
-74.6381
-74.6386
-74.6377
-74.6317
-74.6238
-74.6168
-74.6089
-74.6003
-74.5963
-74.596
-74.6019
-74.61
-74.6198
-74.6245
-74.6272
-74.6277
-74.6251
-74.6235
-74.6228
-74.6228
-74.6172
-74.6098
-74.6064
-74.6033
-74.6014
-74.6033
-74.6032
-74.6008
-74.598
-74.593
-74.584
-74.5738
-74.5645
-74.5579
-74.5564
-74.5627
-74.5709
-74.579
-74.5887
-74.5961
-74.6005
-74.6007
-74.599
-74.5959
-74.5919
-74.5892
-74.5844
-74.5775
-74.5699
-74.5619
-74.5591
-74.558
-74.5585
-74.5562
-74.5536
-74.5525
-74.5498
-74.5438
-74.5395
-74.5326
-74.5277
-74.5244
-74.525
-74.5279
-74.5331
-74.5387
-74.5471
-74.5545
-74.5604
-74.5672
-74.572
-74.5723
-74.568
-74.5645
-74.5588
-74.5535
-74.5465
-74.537
-74.5239
-74.5109
-74.503
-74.5043
-74.5027
-74.4991
-74.4981
-74.4951
-74.4941
-74.4916
-74.4865
-74.482
-74.4767
-74.4698
-74.4644
-74.4618
-74.4618
-74.4625
-74.4679
-74.4715
-74.4797
-74.4904
-74.4972
-74.5083
-74.5161
-74.5187
-74.5211
-74.5232
-74.518
-74.5115
-74.5038
-74.4984
-74.4962
-74.4919
-74.4806
-74.4651
-74.4504
-74.4402
-74.4351
-74.4314
-74.4274
-74.4193
-74.4082
-74.4046
-74.4085
-74.4148
-74.4166
-74.4171
-74.4152
-74.4083
-74.3968
-74.3863
-74.382
-74.3794
-74.3786
-74.3804
-74.384
-74.3863
-74.3971
-74.4179
-74.4341
-74.4436
-74.4499
-74.4522
-74.4516
-74.4494
-74.4483
-74.4462
-74.4405
-74.4362
-74.4316
-74.4286
-74.4286
-74.4273
-74.4219
-74.4115
-74.3992
-74.3843
-74.3702
-74.3559
-74.3434
-74.3322
-74.3271
-74.3216
-74.3137
-74.3093
-74.3042
-74.2972
-74.2953
-74.2932
-74.2904
-74.2872
-74.288
-74.288
-74.2847
-74.2796
-74.2758
-74.2763
-74.2709
-74.2604
-74.2521
-74.2436
-74.2388
-74.2431
-74.254
-74.2692
-74.2891
-74.3008
-74.309
-74.3154
-74.3173
-74.3151
-74.3118
-74.3148
-74.316
-74.3141
-74.3077
-74.2972
-74.2871
-74.2802
-74.2757
-74.2785
-74.2802
-74.2884
-74.2958
-74.2988
-74.2996
-74.298
-74.2915
-74.2803
-74.2696
-74.2589
-74.2447
-74.2309
-74.2159
-74.2049
-74.1952
-74.1829
-74.1738
-74.1676
-74.1662
-74.161
-74.1495
-74.1347
-74.1154
-74.0921
-74.0695
-74.0548
-74.0511
-74.0508
-74.0516
-74.0547
-74.0572
-74.052
-74.0482
-74.0504
-74.0481
-74.0396
-74.037
-74.0379
-74.0467
-74.0525
-74.0504
-74.0436
-74.0336
-74.0186
-74.0073
-74.0092
-74.0168
-74.0299
-74.042
-74.0524
-74.0606
-74.0682
-74.0756
-74.0803
-74.0766
-74.0668
-74.0583
-74.0539
-74.0589
-74.0674
-74.0696
-74.0672
-74.0629
-74.0537
-74.0393
-74.0304
-74.0284
-74.0389
-74.0474
-74.0524
-74.0544
-74.0507
-74.0427
-74.0292
-74.0246
-74.0252
-74.0299
-74.0461
-74.0553
-74.0586
-74.0614
-74.0609
-74.0728
-74.092
-74.1073
-74.1113
-74.1046
-74.0908
-74.0757
-74.0576
-74.0363
-74.0159
-73.9965
-73.9824
-73.9665
-73.9518
-73.9385
-73.9215
-73.9043
-73.8912
-73.8867
-73.8815
-73.8737
-73.8668
-73.8647
-73.8583
-73.8494
-73.8367
-73.8188
-73.7967
-73.7715
-73.7441
-73.7151
-73.6849
-73.6539
-73.6224
-73.5962
-73.5728
-73.5549
-73.5441
-73.5376
-73.5281
-73.5128
-73.4927
-73.4751
-73.459
-73.4489
-73.4456
-73.4601
-73.4846
-73.517
-73.5431
-73.56
-73.5648
-73.5649
-73.561
-73.5545
-73.559
-73.5642
-73.5612
-73.5504
-73.5346
-73.5216
-73.5097
-73.5061
-73.5108
-73.511
-73.51
-73.5043
-73.499
-73.4911
-73.4845
-73.4752
-73.4607
-73.4418
-73.4197
-73.4018
-73.3861
-73.3675
-73.3489
-73.3351
-73.3193
-73.2999
-73.2775
-73.259
-73.2521
-73.2563
-73.2563
-73.2486
-73.2347
-73.2258
-73.2271
-73.2309
-73.2519
-73.2683
-73.2728
-73.2683
-73.265
-73.2593
-73.248
-73.2321
-73.2128
-73.1975
-73.186
-73.178
-73.172
-73.1613
-73.1525
-73.1458
-73.1349
-73.1194
-73.1004
-73.0789
-73.0558
-73.0314
-73.0146
-73.0023
-72.9874
-72.9691
-72.949
-72.9374
-72.9276
-72.9155
-72.9103
-72.9045
-72.8937
-72.8787
-72.8605
-72.8401
-72.8183
-72.7954
-72.7718
-72.7478
-72.7234
-72.6992
-72.6858
-72.6772
-72.6657
-72.6506
-72.6329
-72.6133
-72.5924
-72.5707
-72.5485
-72.526
-72.5033
-72.4804
-72.4575
-72.4347
-72.4119
-72.3919
-72.3859
-72.3817
-72.3735
-72.3615
-72.3566
-72.3586
-72.3568
-72.3498
-72.3389
-72.3252
-72.3096
-72.2927
-72.2749
-72.2565
-72.2377
-72.2186
-72.1993
-72.18
-72.1606
-72.1412
-72.1219
-72.1026
-72.0834
-72.0644
-72.0455
-72.0267
-72.0081
-71.9896
-71.9714
-71.9533
-71.9353
-71.9176
-71.9
-71.8826
-71.8654
-71.8484
-71.8316
-71.815
-71.7986
-71.7823
-71.7662
-71.7504
-71.7347
-71.7191
-71.7038
-71.6886
-71.6737
-71.6589
-71.6443
-71.6298
-71.6155
-71.6014
-71.5875
-71.5737
-71.5601
-71.5467
-71.5334
-71.5203
-71.5074
-71.4946
-71.482
-71.4695
-71.4571
-71.445
-71.433
-71.4211
-71.4094
-71.3978
-71.3863
-71.3751
-71.3639
-71.3529
-71.342
-71.3313
-71.3207
-71.3102
-71.2999
-71.2897
-71.2797
-71.2697
-71.26
-71.2503
-71.2407
-71.2313
-71.222
-71.2128
-71.2038
-71.1948
-71.186
-71.1773
-71.1687
-71.1602
-71.1518
-71.1435
-71.1353
-71.1273
-71.1193
-71.1115
-71.1038
-71.0961
-71.0886
-71.0811
-71.0738
-71.0666
-71.0594
-71.0524
-71.0454
-71.0385
-71.0318
-71.0251
-71.0185
-71.012
-71.0056
-70.9993
-70.993
-70.9869
-70.9808
-70.9748
-70.9689
-70.9631
-70.9573
-70.9517
-70.9461
-70.9406
-70.9351
-70.9298
-70.9245
-70.9193
-70.9142
-70.9091
-70.9041
-70.8992
-70.8943
-70.8895
-70.8848
-70.8802
-70.8756
-70.8711
-70.8666
-70.8622
-70.8579
-70.8536
-70.8494
-70.8453
-70.8412
-70.8372
-70.8332
-70.8293
-70.8255
-70.8217
-70.818
-70.8143
-70.8107
-70.8071
-70.8036
-70.8001
-70.7967
-70.7933
-70.79
-70.7868
-70.7836
-70.7804
-70.7773
-70.7742
-70.7712
-70.7682
-70.7653
-70.7624
-70.7596
-70.7568
-70.754
-70.7513
-70.7487
-70.746
-70.7435
-70.7409
-70.7384
-70.736
-70.7335
-70.7312
-70.7288
-70.7265
-70.7243
-70.722
-70.7198
-70.7177
-70.7156
-70.7135
-70.7114
-70.7094
-70.7074
-70.7055
-70.7036
-70.7017
-70.6998
-70.698
-70.6962
-70.6944
-70.6927
-70.691
-70.6893
-70.6877
-70.6861
-70.6845
-70.683
-70.6814
-70.6799
-70.6785
-70.677
-70.6756
-70.6742
-70.6728
-70.6715
-70.6702
-70.6689
-70.6676
-70.6664
-70.6651
-70.6639
-70.6628
-70.6616
-70.6605
-70.6594
-70.6583
-70.6572
-70.6562
-70.6552
-70.6542
-70.6532
-70.6522
-70.6513
-70.6503
-70.6494
-70.6485
-70.6477
-70.6468
-70.646
-70.6452
-70.6444
-70.6436
-70.6428
-70.6421
-70.6414
-70.6407
-70.64
-70.6393
-70.6386
-70.638
-70.6373
-70.6367
-70.6361
-70.6355
-70.6349
-70.6344
-70.6338
-70.6333
-70.6328
-70.6323
-70.6318
-70.6313
-70.6308
-70.6303
-70.6299
-70.6295
-70.629
-70.6286
-70.6282
-70.6279
-70.6275
-70.6271
-70.6268
-70.6264
-70.6261
-70.6258
-70.6254
-70.6251
-70.6249
-70.6246
-70.6243
-70.624
-70.6238
-70.6235
-70.6233
-70.6231
-70.6229
-70.6226
-70.6224
-70.6222
-70.6221
-70.6219
-70.6217
-70.6215
-70.6214
-70.6212
-70.6211
-70.621
-70.6208
-70.6207
-70.6206
-70.6205
-70.6204
-70.6203
-70.6202
-70.6201
-70.6201
-70.62
-70.6199
-70.6199
-70.6198
-70.6198
-70.6198
-70.6197
-70.6197
-70.6197
-70.6196
-70.6196
-70.6196
-70.6196
-70.6196
-70.6196
-70.6196
-70.6197
-70.6197
-70.6197
-70.6197
-70.6198
-70.6198
-70.6198
-70.6199
-70.6199
-70.62
-70.62
-70.6201
-70.6201
-70.6202
-70.6203
-70.6204
-70.6204
-70.6205
-70.6206
-70.6207
-70.6208
-70.6208
-70.6209
-70.621
-70.6211
-70.6212
-70.6213
-70.6214
-70.6216
-70.6217
-70.6218
-70.6219
-70.622
-70.6221
-70.6223
-70.6224
-70.6225
-70.6226
-70.6228
-70.6229
-70.623
-70.6232
-70.6233
-70.6234
-70.6236
-70.6237
-70.6239
-70.624
-70.6242
-70.6243
-70.6244
-70.6246
-70.6248
-70.6249
-70.6251
-70.6252
-70.6254
-70.6255
-70.6257
-70.6258
-70.626
-70.6262
-70.6263
-70.6265
-70.6267
-70.6268
-70.627
-70.6272
-70.6273
-70.6275
-70.6277
-70.6278
-70.628
-70.6282
-70.6283
-70.6285
-70.6287
-70.6289
-70.629
-70.6292
-70.6294
-70.6295
-70.6297
-70.6299
-70.6301
-70.6302
-70.6304
-70.6306
-70.6308
-70.6309
-70.6311
-70.6313
-70.6315
-70.6316
-70.6318
-70.632
-70.6322
-70.6323
-70.6325
-70.6327
-70.6329
-70.6331
-70.6332
-70.6334
-70.6336
-70.6338
-70.6339
-70.6341
-70.6343
-70.6345
-70.6346
-70.6348
-70.635
-70.6352
-70.6353
-70.6355
-70.6357
-70.6358
-70.636
-70.6362
-70.6364
-70.6365
-70.6367
-70.6369
-70.637
-70.6372
-70.6374
-70.6375
-70.6377
-70.6379
-70.6381
-70.6382
-70.6384
-70.6386
-70.6387
-70.6389
-70.6391
-70.6392
-70.6394
-70.6395
-70.6397
-70.6399
-70.64
-70.6402
-70.6403
-70.6405
-70.6407
-70.6408
-70.641
-70.6411
-70.6413
-70.6415
-70.6416
-70.6418
-70.6419
-70.6421
-70.6422
-70.6424
-70.6425
-70.6427
-70.6428
-70.643
-70.6431
-70.6433
-70.6434
-70.6436
-70.6437
-70.6439
-70.644
-70.6442
-70.6443
-70.6445
-70.6446
-70.6447
-70.6449

