-70
-70.1661
-70.23
-70.2566
-70.2695
-70.2773
-70.283
-70.2879
-70.2925
-70.297
-70.3014
-70.3057
-70.31
-70.3142
-70.3185
-70.3226
-70.3268
-70.3309
-70.335
-70.3391
-70.3431
-70.3471
-70.351
-70.3549
-70.3588
-70.3626
-70.3664
-70.3701
-70.3738
-70.3775
-70.3811
-70.3847
-70.3883
-70.3918
-70.3953
-70.3987
-70.4021
-70.4055
-70.4088
-70.4121
-70.4154
-70.4186
-70.4218
-70.4249
-70.428
-70.4311
-70.4341
-70.4372
-70.4401
-70.4431
-70.446
-70.4489
-70.4517
-70.4545
-70.4573
-70.4601
-70.4628
-70.4655
-70.4682
-70.4708
-70.4734
-70.476
-70.4785
-70.481
-70.4835
-70.486
-70.4884
-70.4908
-70.4932
-70.4955
-70.4978
-70.5001
-70.5024
-70.5046
-70.5068
-70.509
-70.5112
-70.5133
-70.5154
-70.5175
-70.5196
-70.5216
-70.5236
-70.5256
-70.5276
-70.5295
-70.5315
-70.5334
-70.5352
-70.5371
-70.5389
-70.5407
-70.5425
-70.5443
-70.5461
-70.5478
-70.5495
-70.5512
-70.5528
-70.5545
-70.5561
-70.5577
-70.5593
-70.5609
-70.5624
-70.5639
-70.5655
-70.5669
-70.5684
-70.5699
-70.5713
-70.5727
-70.5741
-70.5755
-70.5769
-70.5782
-70.5796
-70.5809
-70.5822
-70.5835
-70.5848
-70.586
-70.5873
-70.5885
-70.5897
-70.5909
-70.5921
-70.5932
-70.5944
-70.5955
-70.5966
-70.5977
-70.5988
-70.5999
-70.601
-70.602
-70.603
-70.6041
-70.6051
-70.6061
-70.6071
-70.608
-70.609
-70.6099
-70.6109
-70.6118
-70.6127
-70.6136
-70.6145
-70.6154
-70.6162
-70.6171
-70.6179
-70.6187
-70.6196
-70.6204
-70.6212
-70.622
-70.6227
-70.6235
-70.6242
-70.625
-70.6257
-70.6265
-70.6272
-70.6279
-70.6286
-70.6293
-70.6299
-70.6306
-70.6313
-70.6319
-70.6325
-70.6332
-70.6338
-70.6344
-70.635
-70.6356
-70.6362
-70.6368
-70.6374
-70.6379
-70.6385
-70.639
-70.6396
-70.6401
-70.6406
-70.6411
-70.6417
-70.6422
-70.6427
-70.6431
-70.6436
-70.6441
-70.6446
-70.645
-70.6455
-70.6459
-70.6464
-70.6468
-70.6472
-70.6476
-70.6481
-70.6485
-70.6489
-70.6493
-70.6497
-70.65
-70.6504
-70.6508
-70.6512
-70.6515
-70.6519
-70.6522
-70.6526
-70.6529
-70.6533
-70.6536
-70.6539
-70.6542
-70.6545
-70.6549
-70.6552
-70.6555
-70.6558
-70.656
-70.6563
-70.6566
-70.6569
-70.6572
-70.6574
-70.6577
-70.658
-70.6582
-70.6585
-70.6587
-70.6589
-70.6592
-70.6594
-70.6597
-70.6599
-70.6601
-70.6603
-70.6605
-70.6607
-70.661
-70.6612
-70.6614
-70.6616
-70.6617
-70.6619
-70.6621
-70.6623
-70.6625
-70.6627
-70.6628
-70.663
-70.6632
-70.6633
-70.6635
-70.6637
-70.6638
-70.664
-70.6641
-70.6643
-70.6644
-70.6646
-70.6647
-70.6648
-70.665
-70.6651
-70.6652
-70.6653
-70.6655
-70.6656
-70.6657
-70.6658
-70.6659
-70.666
-70.6662
-70.6663
-70.6664
-70.6665
-70.6666
-70.6667
-70.6668
-70.6669
-70.667
-70.667
-70.6671
-70.6672
-70.6673
-70.6674
-70.6675
-70.6675
-70.6676
-70.6677
-70.6678
-70.6678
-70.6679
-70.668
-70.668
-70.6681
-70.6682
-70.6682
-70.6683
-70.6683
-70.6684
-70.6685
-70.6685
-70.6686
-70.6686
-70.6687
-70.6687
-70.6688
-70.6688
-70.6688
-70.6689
-70.6689
-70.669
-70.669
-70.669
-70.6691
-70.6691
-70.6691
-70.6692
-70.6692
-70.6692
-70.6693
-70.6693
-70.6693
-70.6694
-70.6694
-70.6694
-70.6694
-70.6694
-70.6695
-70.6695
-70.6695
-70.6695
-70.6695
-70.6696
-70.6696
-70.6696
-70.6696
-70.6696
-70.6696
-70.6696
-70.6697
-70.6697
-70.6697
-70.6697
-70.6697
-70.6697
-70.6697
-70.6697
-70.6697
-70.6697
-70.6697
-70.6697
-70.6697
-70.6697
-70.6697
-70.6697
-70.6697
-70.6697
-70.6697
-70.6697
-70.6697
-70.6697
-70.6697
-70.6697
-70.6697
-70.6697
-70.6697
-70.6697
-70.6697
-70.6697
-70.6697
-70.6697
-70.6697
-70.6697
-70.6697
-70.6696
-70.6696
-70.6696
-70.6696
-70.6696
-70.6696
-70.6696
-70.6696
-70.6696
-70.6695
-70.6695
-70.6695
-70.6695
-70.6695
-70.6695
-70.6695
-70.6695
-70.6694
-70.6694
-70.6694
-70.6694
-70.6694
-70.6694
-70.6693
-70.6693
-70.6693
-70.6693
-70.6693
-70.6693
-70.6693
-70.6692
-70.6692
-70.6692
-70.6692
-70.6692
-70.6691
-70.6691
-70.6691
-70.6691
-70.6691
-70.6691
-70.669
-70.669
-70.669
-70.669
-70.669
-70.6689
-70.6689
-70.6689
-70.6689
-70.6689
-70.6688
-70.6688
-70.6688
-70.6688
-70.6688
-70.6687
-70.6687
-70.6687
-70.6687
-70.6686
-70.6686
-70.6686
-70.6686
-70.6686
-70.6685
-70.6685
-70.6685
-70.6685
-70.6685
-70.6684
-70.6684
-70.6684
-70.6684
-70.6684
-70.6683
-70.6683
-70.6683
-70.6683
-70.6682
-70.6682
-70.6682
-70.6682
-70.6682
-70.6681
-70.6681
-70.6681
-70.6681
-70.6681
-70.6701
-70.9294
-71.706
-72.6108
-73.2897
-60.3613
-52.8234
-50.4129
-48.4608
-44.7267
0.689848
-22.6036
-50.7292
-68.9021
-68.2786
-67.2335
-66.1524
-65.0576
-63.9671
-62.8983
-61.8676
-60.8893
-59.9745
-59.1069
-58.3056
-57.5895
-56.9515
-56.3907
-55.904
-55.4829
-55.1198
-54.8095
-54.5466
-54.3263
-54.1446
-53.9951
-53.8712
-53.7691
-53.6865
-53.6191
-53.5652
-53.5232
-53.4907
-53.4649
-53.4441
-53.4279
-53.4149
-53.4045
-53.3972
-53.3922
-53.3892
-53.3874
-53.3856
-53.3839
-53.3828
-53.3815
-53.3805
-53.3805
-53.3812
-53.3825
-53.384
-53.3858
-53.3877
-53.3887
-53.3892
-53.3889
-53.3888
-53.3876
-53.3873
-53.3879
-53.3888
-53.3901
-53.3914
-53.3929
-53.3944
-53.3958
-53.397
-53.3981
-53.3991
-53.3997
-53.3979
-53.3961
-53.3944
-53.3919
-53.3891
-53.3861
-53.3823
-53.3701
-53.2761
-53.2396
-53.2612
-53.2885
-53.3103
-53.3256
-53.3359
-53.3428
-53.3477
-53.3518
-53.3557
-53.3599
-53.3648
-53.371
-53.379
-53.3894
-53.4023
-53.4176
-53.4302
-53.4319
-53.434
-53.4378
-53.4436
-53.4389
-53.4289
-53.4219
-53.4181
-53.4177
-53.4191
-53.4218
-53.4252
-53.4293
-53.4339
-53.439
-53.4447
-53.451
-53.4578
-53.4653
-53.4735
-53.4825
-53.4923
-53.5029
-53.5146
-53.5273
-53.5412
-53.5563
-53.5729
-53.5909
-53.6106
-53.632
-53.6554
-53.6809
-53.7087
-53.7392
-53.6317
-53.5087
-53.4648
-53.4546
-53.4576
-53.4663
-53.4661
-53.4283
-53.4124
-53.4074
-53.4042
-53.4051
-53.4083
-53.4124
-53.4171
-53.422
-53.427
-53.4321
-53.4374
-53.4429
-53.4486
-53.4547
-53.4612
-53.4681
-53.4755
-53.4835
-53.4921
-53.5014
-53.5115
-53.5225
-53.5345
-53.5475
-53.5616
-53.577
-53.5937
-53.612
-53.6318
-53.6534
-53.6768
-53.7024
-53.7304
-53.7608
-53.794
-53.5522
-53.4448
-53.4154
-53.4128
-53.4193
-53.4289
-53.4396
-53.4505
-53.4326
-53.4097
-53.4014
-53.401
-53.402
-53.4014
-53.4023
-53.4045
-53.4073
-53.4104
-53.4136
-53.4169
-53.4204
-53.424
-53.4277
-53.4316
-53.4358
-53.4402
-53.445
-53.4501
-53.4556
-53.4615
-53.468
-53.4749
-53.4819
-53.489
-53.4964
-53.5043
-53.5126
-53.5212
-53.5301
-53.539
-53.5478
-53.5564
-53.5643
-53.5714
-53.5771
-53.5806
-53.5808
-53.5761
-53.5639
-53.5403
-53.4975
-53.4138
-53.3473
-53.3081
-53.0959
-52.7923
-52.8381
-52.9533
-53.0528
-53.1242
-53.1717
-53.2031
-53.2571
-53.3352
-53.3716
-53.3971
-53.4082
-53.4119
-53.4135
-53.4153
-53.4182
-53.4207
-53.423
-53.4257
-53.4291
-53.4335
-53.4389
-53.4454
-53.4529
-53.4612
-53.4706
-53.4811
-53.4928
-53.5057
-53.5201
-53.5359
-53.5533
-53.5725
-53.5936
-53.6168
-53.6422
-53.6699
-53.7002
-53.7335
-53.77
-53.8098
-53.8534
-53.9009
-53.9526
-53.769
-53.5351
-53.4592
-53.4429
-53.4478
-53.4603
-53.4759
-53.4879
-53.4584
-53.4267
-53.4129
-53.4072
-53.4044
-53.4061
-53.4103
-53.4154
-53.421
-53.4268
-53.4328
-53.4391
-53.4464
-53.4545
-53.4636
-53.4735
-53.4835
-53.4938
-53.5045
-53.5157
-53.5278
-53.5446
-53.568
-53.5934
-53.6208
-53.6481
-53.6751
-53.7032
-53.7329
-53.765
-53.8025
-53.8496
-53.9064
-53.9683
-54.0333
-54.101
-54.1717
-54.2459
-54.3246
-54.4095
-54.5052
-54.6171
-54.7481
-54.8919
-55.0437
-55.204
-55.3712
-55.5452
-55.7286
-55.923
-56.1339
-56.3699
-56.64
-56.9436
-57.2615
-57.5904
-57.9285
-58.272
-58.6222
-58.9844
-59.3598
-59.7609
-60.1898
-60.6722
-61.1827
-61.6933
-62.2017
-62.7014
-63.19
-63.6663
-64.1391
-64.6137
-65.0947
-65.5894
-66.1184
-66.6485
-67.1558
-67.6381
-68.0873
-68.5058
-68.8971
-69.2648
-69.6185
-69.9615
-70.3011
-70.6458
-70.9825
-71.2963
-71.5823
-71.8396
-72.0681
-72.2753
-72.4642
-72.636
-72.7977
-72.9557
-73.1116
-73.2635
-73.4067
-73.5353
-73.6492
-73.7469
-73.8314
-73.9066
-73.9736
-74.0334
-74.0905
-74.1485
-74.2051
-74.2604
-74.3128
-74.3592
-74.399
-74.4309
-74.4577
-74.4796
-74.4986
-74.5162
-74.5333
-74.552
-74.5703
-74.5887
-74.6087
-74.6257
-74.6401
-74.6505
-74.6583
-74.6622
-74.6652
-74.668
-74.6717
-74.6764
-74.6821
-74.6864
-74.6928
-74.7011
-74.7076
-74.713
-74.7157
-74.7157
-74.7139
-74.7114
-74.7097
-74.7096
-74.7109
-74.7121
-74.7121
-74.7138
-74.7176
-74.7214
-74.7243
-74.7261
-74.7237
-74.7218
-74.7184
-74.7146
-74.7126
-74.713
-74.7134
-74.7114
-74.7101
-74.7114
-74.7148
-74.7172
-74.7187
-74.7187
-74.7167
-74.7144
-74.7117
-74.7076
-74.705
-74.7044
-74.705
-74.7025
-74.7001
-74.7001
-74.7029
-74.7061
-74.7069
-74.706
-74.7057
-74.7033
-74.7007
-74.6989
-74.6968
-74.6936
-74.692
-74.6916
-74.6898
-74.6874
-74.6864
-74.6889
-74.6923
-74.6939
-74.6933
-74.6926
-74.6899
-74.6861
-74.6851
-74.6853
-74.6829
-74.6801
-74.6774
-74.6751
-74.6739
-74.6729
-74.6726
-74.6744
-74.677
-74.6793
-74.6803
-74.6779
-74.6747
-74.6716
-74.6692
-74.6692
-74.6688
-74.6682
-74.6651
-74.6598
-74.6559
-74.6561
-74.6562
-74.6574
-74.6593
-74.6614
-74.6641
-74.664
-74.6607
-74.6585
-74.6571
-74.6546
-74.6529
-74.6516
-74.6517
-74.6506
-74.6458
-74.6401
-74.6369
-74.6359
-74.6374
-74.6398
-74.6447
-74.6478
-74.6469
-74.6442
-74.6423
-74.6419
-74.6412
-74.6392
-74.6368
-74.6327
-74.6334
-74.6325
-74.6288
-74.6246
-74.6188
-74.615
-74.6124
-74.6133
-74.6197
-74.6274
-74.6294
-74.6265
-74.6246
-74.6256
-74.6253
-74.6218
-74.6197
-74.6177
-74.6146
-74.6134
-74.6116
-74.6105
-74.6076
-74.6024
-74.595
-74.5892
-74.5869
-74.5899
-74.5931
-74.5985
-74.6032
-74.6056
-74.608
-74.609
-74.607
-74.6026
-74.5991
-74.5958
-74.5916
-74.5888
-74.5911
-74.5908
-74.585
-74.58
-74.5773
-74.5734
-74.5691
-74.5656
-74.565
-74.5636
-74.5607
-74.5628
-74.5704
-74.5806
-74.5868
-74.5868
-74.5842
-74.58
-74.5752
-74.5716
-74.5685
-74.5641
-74.5614
-74.5596
-74.5565
-74.5529
-74.5478
-74.544
-74.5415
-74.5411
-74.5429
-74.5414
-74.5383
-74.532
-74.5249
-74.5282
-74.539
-74.5476
-74.5527
-74.5545
-74.5524
-74.5493
-74.5481
-74.5464
-74.5435
-74.5368
-74.5292
-74.5254
-74.5214
-74.5166
-74.5135
-74.5142
-74.5107
-74.5044
-74.5021
-74.5031
-74.5068
-74.5069
-74.5034
-74.4951
-74.4885
-74.4902
-74.5009
-74.511
-74.5171
-74.5183
-74.5138
-74.507
-74.5019
-74.5013
-74.5027
-74.5031
-74.4973
-74.4879
-74.4808
-74.4749
-74.472
-74.4708
-74.4714
-74.4706
-74.4705
-74.4717
-74.47
-74.4626
-74.4521
-74.444
-74.4406
-74.4422
-74.4444
-74.4516
-74.4583
-74.4607
-74.4622
-74.4673
-74.4713
-74.4715
-74.4705
-74.4656
-74.4558
-74.4484
-74.4432
-74.4379
-74.4319
-74.4241
-74.4169
-74.409
-74.4097
-74.4159
-74.4176
-74.4187
-74.4185
-74.4193
-74.4207
-74.4192
-74.415
-74.4077
-74.3967
-74.3846
-74.3736
-74.3646
-74.3637
-74.375
-74.3866
-74.3967
-74.4028
-74.4066
-74.4075
-74.4053
-74.4036
-74.4056
-74.4061
-74.4062
-74.4009
-74.3956
-74.3894
-74.3778
-74.3648
-74.3496
-74.3343
-74.3226
-74.3182
-74.3228
-74.334
-74.3401
-74.3422
-74.3411
-74.3419
-74.343
-74.3417
-74.3372
-74.3273
-74.316
-74.3015
-74.2946
-74.2968
-74.2961
-74.2879
-74.2868
-74.2978
-74.3075
-74.3152
-74.3166
-74.3113
-74.3059
-74.3041
-74.3039
-74.3049
-74.3061
-74.3063
-74.3034
-74.3016
-74.3038
-74.3021
-74.3014
-74.3027
-74.3033
-74.2977
-74.2845
-74.2685
-74.2551
-74.2437
-74.2337
-74.2232
-74.219
-74.2206
-74.221
-74.219
-74.2194
-74.2223
-74.2274
-74.2292
-74.226
-74.2205
-74.2144
-74.2072
-74.1993
-74.1903
-74.176
-74.1573
-74.1385
-74.1274
-74.1239
-74.1264
-74.1343
-74.1426
-74.1567
-74.1726
-74.1865
-74.1912
-74.1916
-74.189
-74.1823
-74.1748
-74.1717
-74.1666
-74.1578
-74.1451
-74.1396
-74.142
-74.143
-74.1418
-74.1349
-74.1238
-74.1162
-74.1177
-74.1311
-74.145
-74.1499
-74.1529
-74.1489
-74.1419
-74.1344
-74.1264
-74.114
-74.0978
-74.0852
-74.0734
-74.0652
-74.0631
-74.0589
-74.0496
-74.0394
-74.036
-74.0406
-74.047
-74.0503
-74.0457
-74.0421
-74.0433
-74.0416
-74.0322
-74.0161
-73.9965
-73.982
-73.9728
-73.9674
-73.9572
-73.9415
-73.9254
-73.9061
-73.8856
-73.8791
-73.8884
-73.901
-73.9138
-73.9168
-73.9213
-73.9256
-73.9288
-73.933
-73.9364
-73.933
-73.9217
-73.9117
-73.9067
-73.9099
-73.9163
-73.9169
-73.9173
-73.9288
-73.9393
-73.9391
-73.9295
-73.9132
-73.8923
-73.8747
-73.8672
-73.8667
-73.8713
-73.8723
-73.8696
-73.8649
-73.8585
-73.8553
-73.8535
-73.8502
-73.8475
-73.8444
-73.8349
-73.8234
-73.8173
-73.8166
-73.8125
-73.8079
-73.8151
-73.8283
-73.8359
-73.8392
-73.8458
-73.8541
-73.8579
-73.8587
-73.8577
-73.8537
-73.8505
-73.8431
-73.8294
-73.814
-73.8074
-73.8022
-73.7914
-73.78
-73.7741
-73.7792
-73.7855
-73.7923
-73.7914
-73.7819
-73.7676
-73.7591
-73.75
-73.7413
-73.7389
-73.7362
-73.727
-73.7172
-73.7044
-73.6867
-73.665
-73.6405
-73.6193
-73.5998
-73.5818
-73.5659
-73.5503
-73.5376
-73.5285
-73.5167
-73.4998
-73.4788
-73.4548
-73.4288
-73.4035
-73.3847
-73.3655
-73.3457
-73.3311
-73.3199
-73.311
-73.2978
-73.2849
-73.2755
-73.2707
-73.2659
-73.2717
-73.2751
-73.2726
-73.2712
-73.2651
-73.2547
-73.2618
-73.2745
-73.2783
-73.273
-73.2609
-73.2441
-73.2241
-73.2019
-73.178
-73.1563
-73.1485
-73.1488
-73.1543
-73.1624
-73.1642
-73.1579
-73.1454
-73.1285
-73.1153
-73.1058
-73.0937
-73.0883
-73.0919
-73.0924
-73.0858
-73.0733
-73.0565
-73.0369
-73.0152
-72.9921
-72.97
-72.9575
-72.9456
-72.931
-72.9237
-72.9171
-72.906
-72.8937
-72.8883
-72.8818
-72.881
-72.8794
-72.872
-72.8595
-72.8434
-72.8246
-72.8123
-72.8057
-72.7962
-72.7825
-72.7671
-72.761
-72.7556
-72.7458
-72.7319
-72.715
-72.696
-72.6755
-72.6541
-72.6336
-72.6249
-72.6184
-72.6081
-72.5942
-72.5775
-72.5589
-72.5391
-72.5184
-72.4972
-72.4756
-72.4537
-72.4317
-72.4097
-72.3876
-72.3656
-72.3437
-72.3219
-72.3002
-72.2786
-72.2573
-72.236
-72.215
-72.1941
-72.1735
-72.153
-72.1328
-72.1127
-72.0929
-72.0732
-72.0538
-72.0462
-72.049
-72.0489
-72.0441
-72.0355
-72.0242
-72.0111
-71.9968
-71.9818
-71.9661
-71.9502
-71.934
-71.9177
-71.9013
-71.8849
-71.8685
-71.8522
-71.836
-71.8198
-71.8038
-71.7879
-71.7721
-71.7565
-71.741
-71.7257
-71.7105
-71.6955
-71.6806
-71.6659
-71.6514
-71.637
-71.6228
-71.6087
-71.5948
-71.5811
-71.5675
-71.5541
-71.5409
-71.5278
-71.5149
-71.5021
-71.4895
-71.477
-71.4647
-71.4525
-71.4405
-71.4286
-71.4169
-71.4053
-71.3938
-71.3825
-71.3714
-71.3604
-71.3495
-71.3387
-71.3281
-71.3176
-71.3073
-71.2971
-71.287
-71.2771
-71.2673
-71.2576
-71.248
-71.2385
-71.2292
-71.22
-71.2109
-71.202
-71.1931
-71.1844
-71.1757
-71.1672
-71.1588
-71.1505
-71.1423
-71.1343
-71.1263
-71.1184
-71.1106
-71.103
-71.0954
-71.0879
-71.0806
-71.0733
-71.0661
-71.0591
-71.0521
-71.0452
-71.0384
-71.0317
-71.0251
-71.0185
-71.0121
-71.0057
-70.9995
-70.9933
-70.9872
-70.9812
-70.9752
-70.9694
-70.9636
-70.9579
-70.9523
-70.9468
-70.9413
-70.9359
-70.9306
-70.9254
-70.9202
-70.9151
-70.9101
-70.9051
-70.9002
-70.8954
-70.8907
-70.886
-70.8814
-70.8768
-70.8724
-70.8679
-70.8636
-70.8593
-70.8551
-70.8509
-70.8468
-70.8427
-70.8387
-70.8348
-70.8309
-70.8271
-70.8233
-70.8196
-70.816
-70.8124
-70.8088
-70.8053
-70.8019
-70.7985
-70.7951
-70.7919
-70.7886
-70.7854
-70.7823
-70.7792
-70.7761
-70.7731
-70.7702
-70.7673
-70.7644
-70.7616
-70.7588
-70.7561
-70.7534
-70.7507
-70.7481
-70.7455
-70.743
-70.7405
-70.7381
-70.7357
-70.7333
-70.731
-70.7287
-70.7264
-70.7242
-70.722
-70.7199
-70.7177
-70.7157
-70.7136
-70.7116
-70.7096
-70.7077
-70.7058
-70.7039
-70.702
-70.7002
-70.6984
-70.6967
-70.695
-70.6933
-70.6916
-70.69
-70.6883
-70.6868
-70.6852
-70.6837
-70.6822
-70.6807
-70.6793
-70.6778
-70.6765
-70.6751
-70.6737
-70.6724
-70.6711
-70.6699
-70.6686
-70.6674
-70.6662
-70.665
-70.6639
-70.6627
-70.6616
-70.6605
-70.6594
-70.6584
-70.6574
-70.6564
-70.6554
-70.6544
-70.6535
-70.6525
-70.6516
-70.6507
-70.6499
-70.649
-70.6482
-70.6473
-70.6465
-70.6458
-70.645
-70.6442
-70.6435
-70.6428
-70.6421
-70.6414
-70.6407
-70.6401
-70.6394
-70.6388
-70.6382
-70.6376
-70.637
-70.6364
-70.6359
-70.6353
-70.6348
-70.6343
-70.6338
-70.6333
-70.6328
-70.6324
-70.6319
-70.6315
-70.631
-70.6306
-70.6302
-70.6298
-70.6294
-70.6291
-70.6287
-70.6284
-70.628
-70.6277
-70.6274
-70.627
-70.6267
-70.6265
-70.6262
-70.6259
-70.6256
-70.6254
-70.6251
-70.6249
-70.6247
-70.6245
-70.6242
-70.624
-70.6239
-70.6237
-70.6235
-70.6233
-70.6231
-70.623
-70.6228
-70.6227
-70.6226
-70.6224
-70.6223
-70.6222
-70.6221
-70.622
-70.6219
-70.6218
-70.6217
-70.6217
-70.6216
-70.6215
-70.6215
-70.6214
-70.6214
-70.6213
-70.6213
-70.6212
-70.6212
-70.6212
-70.6212
-70.6212
-70.6212
-70.6211
-70.6212
-70.6212
-70.6212
-70.6212
-70.6212
-70.6212
-70.6212
-70.6213
-70.6213
-70.6214
-70.6214
-70.6214
-70.6215
-70.6215
-70.6216
-70.6217
-70.6217
-70.6218
-70.6219
-70.6219
-70.622
-70.6221
-70.6222
-70.6223
-70.6223
-70.6224
-70.6225
-70.6226
-70.6227
-70.6228
-70.6229
-70.623
-70.6231
-70.6232
-70.6234
-70.6235
-70.6236
-70.6237
-70.6238
-70.6239
-70.6241
-70.6242
-70.6243
-70.6244
-70.6246
-70.6247
-70.6248
-70.625
-70.6251
-70.6253
-70.6254
-70.6255
-70.6257
-70.6258
-70.626
-70.6261
-70.6263
-70.6264
-70.6266
-70.6267
-70.6269
-70.627
-70.6272
-70.6273
-70.6275
-70.6276
-70.6278
-70.628
-70.6281
-70.6283
-70.6284
-70.6286
-70.6288
-70.6289
-70.6291
-70.6293
-70.6294
-70.6296
-70.6297
-70.6299
-70.6301
-70.6302
-70.6304
-70.6306
-70.6307
-70.6309
-70.6311
-70.6313
-70.6314
-70.6316
-70.6318
-70.6319
-70.6321
-70.6323
-70.6324
-70.6326
-70.6328
-70.6329
-70.6331
-70.6333
-70.6335
-70.6336
-70.6338
-70.634
-70.6341
-70.6343
-70.6345
-70.6346
-70.6348
-70.635
-70.6352
-70.6353
-70.6355
-70.6357
-70.6358
-70.636
-70.6362
-70.6363
-70.6365
-70.6367
-70.6368
-70.637
-70.6372
-70.6373
-70.6375
-70.6377
-70.6378
-70.638
-70.6382
-70.6383
-70.6385
-70.6386
-70.6388
-70.639
-70.6391
-70.6393
-70.6395
-70.6396
-70.6398
-70.6399
-70.6401
-70.6402
-70.6404
-70.6406
-70.6407
-70.6409
-70.641
-70.6412
-70.6413
-70.6415
-70.6416
-70.6418
-70.642
-70.6421
-70.6423
-70.6424
-70.6426
-70.6427
-70.6429
-70.643
-70.6431
-70.6433
-70.6434
-70.6436
-70.6437
-70.6439
-70.644
-70.6442
-70.6443
-70.6444
-70.6446
-70.6447
-70.6449
-70.645
-70.6452
-70.6453
-70.6454
-70.6456
-70.6457
-70.6458
-70.646
-70.6461

