-70
-70.1661
-70.23
-70.2566
-70.2695
-70.2773
-70.283
-70.2879
-70.2925
-70.297
-70.3014
-70.3057
-70.31
-70.3142
-70.3185
-70.3226
-70.3268
-70.3309
-70.335
-70.3391
-70.3431
-70.3471
-70.351
-70.3549
-70.3588
-70.3626
-70.3664
-70.3701
-70.3738
-70.3775
-70.3811
-70.3847
-70.3883
-70.3918
-70.3953
-70.3987
-70.4021
-70.4055
-70.4088
-70.4121
-70.4154
-70.4186
-70.4218
-70.4249
-70.428
-70.4311
-70.4341
-70.4372
-70.4401
-70.4431
-70.446
-70.4489
-70.4517
-70.4545
-70.4573
-70.4601
-70.4628
-70.4655
-70.4682
-70.4708
-70.4734
-70.476
-70.4785
-70.481
-70.4835
-70.486
-70.4884
-70.4908
-70.4932
-70.4955
-70.4978
-70.5001
-70.5024
-70.5046
-70.5068
-70.509
-70.5112
-70.5133
-70.5154
-70.5175
-70.5196
-70.5216
-70.5236
-70.5256
-70.5276
-70.5295
-70.5315
-70.5334
-70.5352
-70.5371
-70.5389
-70.5407
-70.5425
-70.5443
-70.5461
-70.5478
-70.5495
-70.5512
-70.5528
-70.5545
-70.5561
-70.5577
-70.5593
-70.5609
-70.5624
-70.5639
-70.5655
-70.5669
-70.5684
-70.5699
-70.5713
-70.5727
-70.5741
-70.5755
-70.5769
-70.5782
-70.5796
-70.5809
-70.5822
-70.5835
-70.5848
-70.586
-70.5873
-70.5885
-70.5897
-70.5909
-70.5921
-70.5932
-70.5944
-70.5955
-70.5966
-70.5977
-70.5988
-70.5999
-70.601
-70.602
-70.603
-70.6041
-70.6051
-70.6061
-70.6071
-70.608
-70.609
-70.6099
-70.6109
-70.6118
-70.6127
-70.6136
-70.6145
-70.6154
-70.6162
-70.6171
-70.6179
-70.6187
-70.6196
-70.6204
-70.6212
-70.622
-70.6227
-70.6235
-70.6242
-70.625
-70.6257
-70.6265
-70.6272
-70.6279
-70.6286
-70.6293
-70.6299
-70.6306
-70.6313
-70.6319
-70.6325
-70.6332
-70.6338
-70.6344
-70.635
-70.6356
-70.6362
-70.6368
-70.6374
-70.6379
-70.6385
-70.639
-70.6396
-70.6401
-70.6406
-70.6411
-70.6417
-70.6422
-70.6427
-70.6431
-70.6436
-70.6441
-70.6446
-70.645
-70.6455
-70.6459
-70.6464
-70.6468
-70.6472
-70.6476
-70.6481
-70.6485
-70.6489
-70.6493
-70.6497
-70.65
-70.6504
-70.6508
-70.6512
-70.6515
-70.6519
-70.6522
-70.6526
-70.6529
-70.6533
-70.6536
-70.6539
-70.6542
-70.6545
-70.6549
-70.6552
-70.6555
-70.6558
-70.656
-70.6563
-70.6566
-70.6569
-70.6572
-70.6574
-70.6577
-70.658
-70.6582
-70.6585
-70.6587
-70.6589
-70.6592
-70.6594
-70.6597
-70.6599
-70.6601
-70.6603
-70.6605
-70.6607
-70.661
-70.6612
-70.6614
-70.6616
-70.6617
-70.6619
-70.6621
-70.6623
-70.6625
-70.6627
-70.6628
-70.663
-70.6632
-70.6633
-70.6635
-70.6637
-70.6638
-70.664
-70.6641
-70.6643
-70.6644
-70.6646
-70.6647
-70.6648
-70.665
-70.6651
-70.6652
-70.6653
-70.6655
-70.6656
-70.6657
-70.6658
-70.6659
-70.666
-70.6662
-70.6663
-70.6664
-70.6665
-70.6666
-70.6667
-70.6668
-70.6669
-70.667
-70.667
-70.6671
-70.6672
-70.6673
-70.6674
-70.6675
-70.6675
-70.6676
-70.6677
-70.6678
-70.6678
-70.6679
-70.668
-70.668
-70.6681
-70.6682
-70.6682
-70.6683
-70.6683
-70.6684
-70.6685
-70.6685
-70.6686
-70.6686
-70.6687
-70.6687
-70.6688
-70.6688
-70.6688
-70.6689
-70.6689
-70.669
-70.669
-70.669
-70.6691
-70.6691
-70.6691
-70.6692
-70.6692
-70.6692
-70.6693
-70.6693
-70.6693
-70.6694
-70.6694
-70.6694
-70.6694
-70.6694
-70.6695
-70.6695
-70.6695
-70.6695
-70.6695
-70.6696
-70.6696
-70.6696
-70.6696
-70.6696
-70.6696
-70.6696
-70.6697
-70.6697
-70.6697
-70.6697
-70.6697
-70.6697
-70.6697
-70.6697
-70.6697
-70.6697
-70.6697
-70.6697
-70.6697
-70.6697
-70.6697
-70.6697
-70.6697
-70.6697
-70.6697
-70.6697
-70.6697
-70.6697
-70.6697
-70.6697
-70.6697
-70.6697
-70.6697
-70.6697
-70.6697
-70.6697
-70.6697
-70.6697
-70.6697
-70.6697
-70.6697
-70.6696
-70.6696
-70.6696
-70.6696
-70.6696
-70.6696
-70.6696
-70.6696
-70.6696
-70.6695
-70.6695
-70.6695
-70.6695
-70.6695
-70.6695
-70.6695
-70.6695
-70.6694
-70.6694
-70.6694
-70.6694
-70.6694
-70.6694
-70.6693
-70.6693
-70.6693
-70.6693
-70.6693
-70.6693
-70.6693
-70.6692
-70.6692
-70.6692
-70.6692
-70.6692
-70.6691
-70.6691
-70.6691
-70.6691
-70.6691
-70.6691
-70.669
-70.669
-70.669
-70.669
-70.669
-70.6689
-70.6689
-70.6689
-70.6689
-70.6689
-70.6688
-70.6688
-70.6688
-70.6688
-70.6688
-70.6687
-70.6687
-70.6687
-70.6687
-70.6686
-70.6686
-70.6686
-70.6686
-70.6686
-70.6685
-70.6685
-70.6685
-70.6685
-60.5174
-52.9591
-50.6203
-48.906
-46.3659
-32.7919
-11.5473
-38.4813
-67.6358
-68.5153
-67.5084
-66.4437
-65.3623
-64.2824
-63.2214
-62.1955
-61.2191
-60.3035
-59.4573
-58.6858
-57.994
-57.4211
-57.002
-56.6696
-56.3847
-55.5045
-54.8994
-54.5551
-54.3161
-54.1331
-53.987
-53.8695
-53.7757
-53.7014
-53.643
-53.5976
-53.5632
-53.5376
-53.5194
-53.5072
-53.5002
-53.4982
-53.4928
-53.4425
-53.4139
-53.3987
-53.3928
-53.3917
-53.3931
-53.3915
-53.3866
-53.384
-53.3833
-53.3844
-53.3866
-53.3889
-53.3874
-53.3867
-53.3865
-53.3874
-53.3891
-53.3912
-53.3935
-53.393
-53.3923
-53.3919
-53.3922
-53.3933
-53.3948
-53.3965
-53.3984
-53.3999
-53.3983
-53.3973
-53.3966
-53.3967
-53.3974
-53.3985
-53.3998
-53.4013
-53.4029
-53.4046
-53.4062
-53.4042
-53.4018
-53.4006
-53.3997
-53.3997
-53.4002
-53.401
-53.402
-53.4032
-53.4045
-53.4058
-53.4072
-53.4086
-53.4101
-53.4116
-53.4131
-53.4119
-53.407
-53.4025
-53.4001
-53.3988
-53.3976
-53.3968
-53.3962
-53.3954
-53.3939
-53.391
-53.384
-53.3506
-53.1848
-53.1591
-53.1944
-53.2339
-53.265
-53.287
-53.3019
-53.3121
-53.3198
-53.3265
-53.3331
-53.3406
-53.3496
-53.3707
-53.3927
-53.4065
-53.4132
-53.4162
-53.4178
-53.4192
-53.4192
-53.4195
-53.4208
-53.4229
-53.4258
-53.4293
-53.4335
-53.4383
-53.4438
-53.45
-53.4569
-53.4646
-53.4732
-53.4826
-53.493
-53.5045
-53.517
-53.5308
-53.5459
-53.5624
-53.5804
-53.6002
-53.6217
-53.6452
-53.6709
-53.6989
-53.7295
-53.7631
-53.7407
-53.5555
-53.4796
-53.432
-53.4125
-53.4102
-53.4053
-53.4048
-53.4084
-53.4117
-53.4112
-53.4127
-53.4159
-53.4202
-53.425
-53.4301
-53.4354
-53.441
-53.4468
-53.453
-53.4595
-53.4665
-53.4739
-53.4818
-53.4904
-53.4997
-53.5097
-53.5206
-53.5324
-53.5452
-53.5593
-53.5755
-53.5937
-53.6139
-53.6355
-53.6584
-53.6829
-53.7095
-53.7384
-53.7698
-53.8039
-53.8421
-53.859
-53.559
-53.444
-53.4143
-53.393
-53.3857
-53.3888
-53.3959
-53.3992
-53.3989
-53.4015
-53.4058
-53.4095
-53.4085
-53.409
-53.4109
-53.4138
-53.4172
-53.4209
-53.4248
-53.429
-53.4336
-53.4386
-53.444
-53.4497
-53.4556
-53.462
-53.4687
-53.4761
-53.484
-53.4925
-53.5019
-53.5128
-53.5251
-53.5389
-53.5535
-53.569
-53.5856
-53.6036
-53.623
-53.644
-53.6669
-53.6918
-53.7205
-53.7534
-53.7911
-53.8317
-53.8742
-53.9193
-53.9675
-54.0192
-54.0214
-53.5395
-53.3927
-53.3627
-53.3671
-53.3697
-53.3692
-53.3748
-53.383
-53.3918
-53.4004
-53.4087
-53.4073
-53.4056
-53.4066
-53.4092
-53.4129
-53.416
-53.4132
-53.4119
-53.4125
-53.4143
-53.4168
-53.4197
-53.4229
-53.4265
-53.4303
-53.4344
-53.4388
-53.4437
-53.4492
-53.4553
-53.4617
-53.4683
-53.4752
-53.4825
-53.4903
-53.4986
-53.5074
-53.5178
-53.5295
-53.5427
-53.5562
-53.5696
-53.5832
-53.4692
-53.4051
-53.3889
-53.3874
-53.3901
-53.394
-53.3979
-53.4017
-53.4051
-53.4076
-53.4095
-53.4104
-53.4103
-53.4086
-53.4045
-53.3963
-53.3823
-53.3633
-53.2961
-53.1397
-53.157
-53.2119
-53.2574
-53.289
-53.3105
-53.3242
-53.3397
-53.3604
-53.3839
-53.4066
-53.4246
-53.4394
-53.4541
-53.4703
-53.4905
-53.5217
-53.5688
-53.6206
-53.667
-53.7074
-53.7454
-53.7835
-53.824
-53.8683
-53.9193
-53.9798
-54.0514
-54.1295
-54.212
-54.297
-54.3858
-54.4804
-54.5823
-54.6936
-54.8162
-54.9532
-55.1066
-55.2757
-55.459
-55.6526
-55.856
-56.0704
-56.2975
-56.5397
-56.7989
-57.0804
-57.391
-57.7261
-58.0886
-58.4648
-58.8522
-59.2472
-59.6501
-60.0635
-60.4906
-60.9366
-61.409
-61.9111
-62.4306
-62.9679
-63.4977
-64.0197
-64.5282
-65.0225
-65.5064
-65.9834
-66.4583
-66.9402
-67.4277
-67.9108
-68.3844
-68.8319
-69.2516
-69.6438
-70.0071
-70.3455
-70.6635
-70.9658
-71.2584
-71.5456
-71.8215
-72.0819
-72.3216
-72.5388
-72.7348
-72.9113
-73.0698
-73.2137
-73.346
-73.4695
-73.59
-73.7069
-73.8172
-73.9159
-74.0046
-74.0835
-74.1523
-74.213
-74.2665
-74.3136
-74.3563
-74.3958
-74.4361
-74.4767
-74.5147
-74.5471
-74.5751
-74.6008
-74.6223
-74.6401
-74.6559
-74.6693
-74.681
-74.6909
-74.703
-74.7169
-74.7306
-74.7413
-74.7492
-74.7561
-74.763
-74.7676
-74.7703
-74.7726
-74.7742
-74.7748
-74.7761
-74.7812
-74.7866
-74.7915
-74.7946
-74.7958
-74.7964
-74.7985
-74.7998
-74.799
-74.7972
-74.7957
-74.7942
-74.7939
-74.7969
-74.7995
-74.8018
-74.8025
-74.8014
-74.7989
-74.7971
-74.7976
-74.7977
-74.7948
-74.7916
-74.7893
-74.7888
-74.7913
-74.7952
-74.7972
-74.7985
-74.7976
-74.7957
-74.7921
-74.789
-74.7887
-74.7887
-74.7863
-74.7829
-74.7809
-74.7796
-74.7822
-74.7867
-74.7886
-74.7887
-74.7871
-74.7845
-74.7819
-74.7776
-74.7752
-74.7737
-74.7727
-74.7722
-74.771
-74.7697
-74.7706
-74.7735
-74.7783
-74.7804
-74.7805
-74.7783
-74.7753
-74.7725
-74.7692
-74.7648
-74.7612
-74.7577
-74.7581
-74.7592
-74.7583
-74.758
-74.7593
-74.7615
-74.7643
-74.7668
-74.767
-74.7652
-74.7615
-74.7589
-74.7563
-74.7512
-74.7464
-74.7433
-74.7447
-74.7478
-74.7491
-74.7498
-74.7497
-74.75
-74.7518
-74.754
-74.7552
-74.7545
-74.753
-74.75
-74.7472
-74.7433
-74.7366
-74.7295
-74.7281
-74.7284
-74.7289
-74.7316
-74.7342
-74.7349
-74.7346
-74.7356
-74.7374
-74.7386
-74.7383
-74.7367
-74.7367
-74.7356
-74.7329
-74.7286
-74.7235
-74.7194
-74.7188
-74.7178
-74.7165
-74.7159
-74.7198
-74.7227
-74.7226
-74.7227
-74.7236
-74.7245
-74.7241
-74.7231
-74.721
-74.7185
-74.7165
-74.714
-74.7098
-74.7058
-74.7047
-74.7027
-74.6994
-74.6973
-74.6968
-74.6981
-74.699
-74.7016
-74.7035
-74.7041
-74.7044
-74.7057
-74.7067
-74.7064
-74.7033
-74.6997
-74.6994
-74.6979
-74.6955
-74.6931
-74.6914
-74.6902
-74.6872
-74.6851
-74.683
-74.6819
-74.6837
-74.6831
-74.6798
-74.6806
-74.6847
-74.6872
-74.6888
-74.6881
-74.6878
-74.6861
-74.682
-74.6775
-74.6737
-74.6699
-74.6688
-74.6682
-74.666
-74.6639
-74.6619
-74.66
-74.6585
-74.6584
-74.659
-74.658
-74.6568
-74.6553
-74.6535
-74.6532
-74.6571
-74.6629
-74.6664
-74.6667
-74.6654
-74.663
-74.6609
-74.6565
-74.6507
-74.6476
-74.6491
-74.6502
-74.6475
-74.6442
-74.6389
-74.635
-74.6333
-74.6327
-74.6336
-74.6349
-74.6352
-74.632
-74.6282
-74.6286
-74.6319
-74.6327
-74.632
-74.6333
-74.6342
-74.6361
-74.6355
-74.634
-74.6301
-74.6231
-74.6173
-74.6153
-74.6153
-74.6171
-74.6159
-74.6124
-74.6075
-74.6002
-74.5929
-74.5901
-74.59
-74.5894
-74.5908
-74.5949
-74.5969
-74.5938
-74.5924
-74.5943
-74.5968
-74.6001
-74.6011
-74.5981
-74.5932
-74.5872
-74.5828
-74.5828
-74.5852
-74.5921
-74.5958
-74.5952
-74.5931
-74.5904
-74.5872
-74.5823
-74.5797
-74.5789
-74.5759
-74.5686
-74.561
-74.5537
-74.5491
-74.5469
-74.5488
-74.5506
-74.5517
-74.552
-74.5511
-74.5526
-74.5555
-74.5592
-74.5595
-74.5565
-74.551
-74.5447
-74.5407
-74.5369
-74.5335
-74.5304
-74.5283
-74.5263
-74.5261
-74.5338
-74.5426
-74.5486
-74.5516
-74.55
-74.5439
-74.5317
-74.5176
-74.5105
-74.5092
-74.508
-74.5043
-74.4977
-74.4896
-74.4869
-74.4855
-74.4853
-74.4878
-74.4908
-74.4905
-74.4954
-74.4965
-74.4898
-74.4804
-74.4778
-74.4776
-74.4776
-74.4724
-74.4655
-74.4597
-74.4569
-74.4576
-74.459
-74.4556
-74.4546
-74.4547
-74.4556
-74.4564
-74.4538
-74.452
-74.4547
-74.4623
-74.4656
-74.4652
-74.4668
-74.4653
-74.461
-74.4541
-74.4483
-74.444
-74.4373
-74.4344
-74.4307
-74.4286
-74.4247
-74.4224
-74.4218
-74.4185
-74.4135
-74.4138
-74.4133
-74.4158
-74.4181
-74.4183
-74.4149
-74.4079
-74.3973
-74.3885
-74.3826
-74.3756
-74.3716
-74.3706
-74.37
-74.364
-74.3536
-74.3454
-74.3415
-74.3446
-74.3462
-74.3452
-74.3452
-74.345
-74.3427
-74.3412
-74.3392
-74.338
-74.3412
-74.3472
-74.3475
-74.3471
-74.3482
-74.3479
-74.3474
-74.3518
-74.3527
-74.3502
-74.3464
-74.3379
-74.3267
-74.3181
-74.3092
-74.3085
-74.3172
-74.3232
-74.3197
-74.3122
-74.3055
-74.3092
-74.3143
-74.3136
-74.3144
-74.3128
-74.3136
-74.3164
-74.3214
-74.3202
-74.3136
-74.3045
-74.2938
-74.2852
-74.2728
-74.2569
-74.2429
-74.228
-74.2098
-74.1964
-74.1878
-74.1781
-74.1685
-74.1585
-74.1526
-74.1517
-74.1487
-74.1444
-74.1369
-74.1263
-74.1138
-74.1016
-74.1022
-74.106
-74.1137
-74.1237
-74.1282
-74.1261
-74.1216
-74.1183
-74.1128
-74.107
-74.1029
-74.0964
-74.0921
-74.0921
-74.0899
-74.0872
-74.0813
-74.0776
-74.0862
-74.0995
-74.1062
-74.1068
-74.1063
-74.1077
-74.1068
-74.1044
-74.1145
-74.1256
-74.133
-74.1325
-74.127
-74.1297
-74.1378
-74.1443
-74.1466
-74.144
-74.1389
-74.1366
-74.136
-74.1374
-74.1421
-74.1402
-74.1296
-74.1125
-74.0916
-74.0749
-74.0625
-74.0466
-74.0259
-74.007
-73.9998
-73.9918
-73.9786
-73.9641
-73.9483
-73.9394
-73.9527
-73.9828
-74.0128
-74.0324
-74.0435
-74.0579
-74.0671
-74.068
-74.0712
-74.0684
-74.0575
-74.0404
-74.0192
-74.0053
-74.0027
-74
-73.9905
-73.9868
-73.9831
-73.9724
-73.9553
-73.9334
-73.9103
-73.8907
-73.8742
-73.8556
-73.8385
-73.8239
-73.8083
-73.7895
-73.7767
-73.765
-73.7486
-73.7275
-73.7028
-73.6758
-73.647
-73.6183
-73.5955
-73.5729
-73.5478
-73.5244
-73.5128
-73.5083
-73.5009
-73.4873
-73.4684
-73.4458
-73.4279
-73.4284
-73.4394
-73.4515
-73.4543
-73.4547
-73.4502
-73.439
-73.4253
-73.4146
-73.4008
-73.3828
-73.3614
-73.3375
-73.312
-73.2852
-73.2581
-73.2387
-73.2258
-73.2177
-73.2133
-73.2086
-73.2056
-73.2018
-73.2076
-73.2262
-73.2428
-73.2563
-73.268
-73.2786
-73.2845
-73.2817
-73.2749
-73.2708
-73.2626
-73.2553
-73.2498
-73.2478
-73.2434
-73.2384
-73.2443
-73.2584
-73.2645
-73.2611
-73.2505
-73.2348
-73.2221
-73.2126
-73.1996
-73.1826
-73.1631
-73.1507
-73.1395
-73.1246
-73.106
-73.0848
-73.0617
-73.0373
-73.012
-72.986
-72.9596
-72.9329
-72.906
-72.879
-72.852
-72.825
-72.798
-72.7712
-72.7444
-72.7178
-72.6914
-72.6651
-72.6391
-72.6133
-72.5876
-72.5622
-72.5371
-72.5121
-72.4875
-72.4726
-72.4664
-72.4581
-72.4459
-72.4307
-72.4133
-72.3946
-72.3788
-72.376
-72.3733
-72.366
-72.3548
-72.3407
-72.3246
-72.3072
-72.293
-72.2923
-72.2918
-72.2864
-72.2769
-72.2642
-72.2495
-72.2334
-72.2163
-72.1985
-72.1803
-72.1618
-72.1431
-72.1243
-72.1055
-72.0866
-72.0678
-72.0491
-72.0305
-72.0131
-72.0118
-72.0154
-72.0148
-72.0095
-72.0006
-71.9892
-71.9763
-71.9622
-71.9474
-71.9321
-71.9165
-71.9006
-71.8846
-71.8686
-71.8525
-71.8365
-71.8205
-71.8046
-71.7888
-71.7731
-71.7575
-71.742
-71.7267
-71.7115
-71.6965
-71.6817
-71.6669
-71.6524
-71.638
-71.6237
-71.6097
-71.5957
-71.582
-71.5684
-71.5549
-71.5416
-71.5285
-71.5155
-71.5027
-71.49
-71.4775
-71.4652
-71.4529
-71.4409
-71.429
-71.4172
-71.4056
-71.3941
-71.3827
-71.3715
-71.3605
-71.3495
-71.3388
-71.3281
-71.3176
-71.3072
-71.297
-71.2869
-71.2769
-71.2671
-71.2573
-71.2477
-71.2382
-71.2289
-71.2197
-71.2105
-71.2015
-71.1927
-71.1839
-71.1752
-71.1667
-71.1583
-71.1499
-71.1417
-71.1336
-71.1256
-71.1177
-71.1099
-71.1023
-71.0947
-71.0872
-71.0798
-71.0725
-71.0653
-71.0582
-71.0512
-71.0443
-71.0375
-71.0308
-71.0241
-71.0176
-71.0111
-71.0048
-70.9985
-70.9923
-70.9862
-70.9801
-70.9742
-70.9683
-70.9625
-70.9568
-70.9512
-70.9456
-70.9402
-70.9348
-70.9294
-70.9242
-70.919
-70.9139
-70.9089
-70.9039
-70.899
-70.8942
-70.8895
-70.8848
-70.8801
-70.8756
-70.8711
-70.8667
-70.8623
-70.858
-70.8538
-70.8496
-70.8455
-70.8414
-70.8374
-70.8335
-70.8296
-70.8258
-70.822
-70.8183
-70.8146
-70.811
-70.8075
-70.804
-70.8005
-70.7971
-70.7938
-70.7905
-70.7873
-70.7841
-70.7809
-70.7778
-70.7748
-70.7718
-70.7688
-70.7659
-70.763
-70.7602
-70.7574
-70.7547
-70.752
-70.7493
-70.7467
-70.7442
-70.7416
-70.7391
-70.7367
-70.7343
-70.7319
-70.7296
-70.7273
-70.725
-70.7228
-70.7206
-70.7185
-70.7164
-70.7143
-70.7123
-70.7102
-70.7083
-70.7063
-70.7044
-70.7025
-70.7007
-70.6989
-70.6971
-70.6953
-70.6936
-70.6919
-70.6903
-70.6886
-70.687
-70.6854
-70.6839
-70.6824
-70.6809
-70.6794
-70.678
-70.6766
-70.6752
-70.6738
-70.6725
-70.6711
-70.6699
-70.6686
-70.6673
-70.6661
-70.6649
-70.6638
-70.6626
-70.6615
-70.6604
-70.6593
-70.6582
-70.6572
-70.6561
-70.6551
-70.6542
-70.6532
-70.6523
-70.6513
-70.6504
-70.6495
-70.6487
-70.6478
-70.647
-70.6462
-70.6454
-70.6446
-70.6438
-70.6431
-70.6424
-70.6416
-70.641
-70.6403
-70.6396
-70.639
-70.6383
-70.6377
-70.6371
-70.6365
-70.6359
-70.6354
-70.6348
-70.6343
-70.6337
-70.6332
-70.6327
-70.6322
-70.6318
-70.6313
-70.6309
-70.6304
-70.63
-70.6296
-70.6292
-70.6288
-70.6284
-70.6281
-70.6277
-70.6274
-70.627
-70.6267
-70.6264
-70.6261
-70.6258
-70.6255
-70.6252
-70.625
-70.6247
-70.6245
-70.6242
-70.624
-70.6238
-70.6235
-70.6233
-70.6231
-70.623
-70.6228
-70.6226
-70.6224
-70.6223
-70.6221
-70.622
-70.6218
-70.6217
-70.6216
-70.6215
-70.6214
-70.6213
-70.6212
-70.6211
-70.621
-70.6209
-70.6208
-70.6208
-70.6207
-70.6207
-70.6206
-70.6206
-70.6205
-70.6205
-70.6205
-70.6204
-70.6204
-70.6204
-70.6204
-70.6204
-70.6204
-70.6204
-70.6204
-70.6204
-70.6205
-70.6205
-70.6205
-70.6205
-70.6206
-70.6206
-70.6207
-70.6207
-70.6208
-70.6208
-70.6209
-70.6209
-70.621
-70.6211
-70.6211
-70.6212
-70.6213
-70.6214
-70.6215
-70.6215
-70.6216
-70.6217
-70.6218
-70.6219
-70.622
-70.6221
-70.6222
-70.6223
-70.6224
-70.6225
-70.6227
-70.6228
-70.6229
-70.623
-70.6231
-70.6233
-70.6234
-70.6235
-70.6236
-70.6238
-70.6239
-70.624
-70.6242
-70.6243
-70.6245
-70.6246
-70.6247
-70.6249
-70.625
-70.6252
-70.6253
-70.6255
-70.6256
-70.6258
-70.6259
-70.6261
-70.6262
-70.6264
-70.6265
-70.6267
-70.6269
-70.627
-70.6272
-70.6273
-70.6275
-70.6277
-70.6278
-70.628
-70.6282
-70.6283
-70.6285
-70.6287
-70.6288
-70.629
-70.6292
-70.6293
-70.6295
-70.6297
-70.6298
-70.63
-70.6302
-70.6304
-70.6305
-70.6307
-70.6309
-70.631
-70.6312
-70.6314
-70.6316
-70.6317
-70.6319
-70.6321
-70.6322
-70.6324
-70.6326
-70.6328
-70.6329
-70.6331
-70.6333
-70.6335
-70.6336
-70.6338
-70.634
-70.6341
-70.6343
-70.6345
-70.6347
-70.6348
-70.635
-70.6352
-70.6354
-70.6355
-70.6357
-70.6359
-70.636
-70.6362
-70.6364
-70.6365
-70.6367
-70.6369
-70.637
-70.6372
-70.6374
-70.6375
-70.6377
-70.6379
-70.638
-70.6382
-70.6384
-70.6385
-70.6387
-70.6389
-70.639
-70.6392
-70.6394
-70.6395
-70.6397
-70.6398
-70.64
-70.6402
-70.6403
-70.6405
-70.6406
-70.6408
-70.641
-70.6411
-70.6413
-70.6414
-70.6416
-70.6417
-70.6419
-70.642
-70.6422
-70.6423
-70.6425
-70.6426
-70.6428
-70.6429
-70.6431
-70.6432
-70.6434

