-70
-70.2123
-70.2926
-70.3252
-70.3404
-70.3491
-70.3555
-70.3609
-70.3659
-70.3708
-70.3757
-70.3805
-70.3853
-70.39
-70.3948
-70.3995
-70.4042
-70.4088
-70.4134
-70.4179
-70.4224
-70.4269
-70.4313
-70.4357
-70.44
-70.4443
-70.4485
-70.4527
-70.4569
-70.461
-70.465
-70.469
-70.473
-70.4769
-70.4808
-70.4846
-70.4884
-70.4921
-70.4958
-70.4995
-70.5031
-70.5067
-70.5102
-70.5137
-70.5172
-70.5206
-70.524
-70.5273
-70.5306
-70.5339
-70.5371
-70.5403
-70.5434
-70.5465
-70.5496
-70.5526
-70.5556
-70.5586
-70.5615
-70.5644
-70.5673
-70.5701
-70.5729
-70.5757
-70.5784
-70.5811
-70.5838
-70.5864
-70.589
-70.5916
-70.5941
-70.5966
-70.5991
-70.6016
-70.604
-70.6064
-70.6087
-70.6111
-70.6134
-70.6157
-70.6179
-70.6201
-70.6223
-70.6245
-70.6266
-70.6287
-70.6308
-70.6329
-70.6349
-70.6369
-70.6389
-70.6409
-70.6428
-70.6448
-70.6466
-70.6485
-70.6503
-70.6522
-70.654
-70.6557
-70.6575
-70.6592
-70.6609
-70.6626
-70.6643
-70.6659
-70.6675
-70.6691
-70.6707
-70.6723
-70.6738
-70.6754
-70.6769
-70.6783
-70.6798
-70.6812
-70.6827
-70.6841
-70.6855
-70.6868
-70.6882
-70.6895
-70.6908
-70.6921
-70.6934
-70.6947
-70.6959
-70.6972
-70.6984
-70.6996
-70.7008
-70.702
-70.7031
-70.7042
-70.7054
-70.7065
-70.7076
-70.7087
-70.7097
-70.7108
-70.7118
-70.7128
-70.7138
-70.7148
-70.7158
-70.7168
-70.7177
-70.7187
-70.7196
-70.7205
-70.7214
-70.7223
-70.7232
-70.7241
-70.7249
-70.7258
-70.7266
-70.7274
-70.7282
-70.729
-70.7298
-70.7306
-70.7314
-70.7321
-70.7329
-70.7336
-70.7343
-70.735
-70.7357
-70.7364
-70.7371
-70.7378
-70.7384
-70.7391
-70.7397
-70.7404
-70.741
-70.7416
-70.7422
-70.7428
-70.7434
-70.744
-70.7446
-70.7451
-70.7457
-70.7462
-70.7468
-70.7473
-70.7478
-70.7484
-70.7489
-70.7494
-70.7499
-70.7504
-70.7508
-70.7513
-70.7518
-70.7522
-70.7527
-70.7531
-70.7536
-70.754
-70.7544
-70.7549
-70.7553
-70.7557
-70.7561
-70.7565
-70.7569
-70.7573
-70.7576
-70.758
-70.7584
-70.7587
-70.7591
-70.7594
-70.7598
-70.7601
-70.7605
-70.7608
-70.7611
-70.7614
-70.7617
-70.7621
-70.7624
-70.7627
-70.763
-70.7632
-70.7635
-70.7638
-70.7641
-70.7644
-70.7646
-70.7649
-70.7651
-70.7654
-70.7656
-70.7659
-70.7661
-70.7664
-70.7666
-70.7668
-70.7671
-70.7673
-70.7675
-70.7677
-70.7679
-70.7681
-70.7684
-70.7686
-70.7688
-70.769
-70.7691
-70.7693
-70.7695
-70.7697
-70.7699
-70.7701
-70.7702
-70.7704
-70.7706
-70.7707
-70.7709
-70.7711
-70.7712
-70.7714
-70.7715
-70.7717
-70.7718
-70.772
-70.7721
-70.7722
-70.7724
-70.7725
-70.7726
-70.7728
-70.7729
-70.773
-70.7731
-70.7733
-70.7734
-70.7735
-70.7736
-70.7737
-70.7738
-70.7739
-70.774
-70.7741
-70.7742
-70.7743
-70.7744
-70.7745
-70.7746
-70.7747
-70.7748
-70.7749
-70.775
-70.7751
-70.7751
-70.7752
-70.7753
-70.7754
-70.7755
-70.7755
-70.7756
-70.7757
-70.7758
-70.7758
-70.7759
-70.776
-70.776
-70.7761
-70.7762
-70.7762
-70.7763
-70.7763
-70.7764
-70.7765
-70.7765
-70.7766
-70.7766
-70.7767
-70.7767
-70.7768
-70.7768
-70.7769
-70.7769
-70.777
-70.777
-70.7771
-70.7771
-70.7771
-70.7772
-70.7772
-70.7773
-70.7773
-70.7773
-70.7774
-70.7774
-70.7774
-70.7775
-70.7775
-70.7775
-70.7776
-70.7776
-70.7776
-70.7777
-70.7777
-70.7777
-70.7777
-70.7778
-70.7778
-70.7778
-70.7778
-70.7779
-70.7779
-70.7779
-70.7779
-70.778
-70.778
-70.778
-70.778
-70.778
-70.7781
-70.7781
-70.7781
-70.7781
-70.7781
-70.7781
-70.7782
-70.7782
-70.7782
-70.7782
-70.7782
-70.7782
-70.7782
-70.7783
-70.7783
-70.7783
-70.7783
-70.7783
-70.7783
-70.7783
-70.7783
-70.7783
-70.7783
-70.7784
-70.7784
-70.7784
-70.7784
-70.7784
-70.7784
-70.7784
-70.7784
-70.7784
-70.7784
-70.7784
-70.7784
-70.7784
-70.7784
-70.7784
-70.7784
-70.7784
-70.7784
-70.7784
-70.7785
-70.7785
-70.7785
-70.7785
-70.7785
-70.7785
-70.7785
-70.7785
-70.7785
-70.7785
-70.7785
-70.7785
-70.7785
-70.7785
-70.7785
-70.7785
-70.7785
-70.7785
-70.7785
-70.7785
-70.7785
-70.7785
-70.7785
-70.7785
-70.7785
-70.7785
-70.7785
-70.7785
-70.7785
-70.7785
-70.7785
-70.7784
-70.7784
-70.7784
-70.7784
-70.7784
-70.7784
-70.7784
-70.7784
-70.7784
-70.7784
-70.7784
-70.7784
-70.7784
-70.7784
-70.7784
-70.7784
-70.7784
-70.7784
-70.7784
-70.7784
-70.7784
-70.7784
-70.7784
-70.7784
-70.7784
-70.7784
-70.7784
-70.7784
-70.7784
-70.7783
-70.7783
-70.7783
-70.7783
-70.7783
-70.7783
-70.7783
-70.7899
-71.0538
-71.7845
-72.6956
-73.4521
-71.1093
-55.488
-51.5703
-49.216
-44.3988
4.7156
-39.0308
-70.3137
-69.7702
-68.5251
-67.1992
-65.8274
-64.4233
-63.0532
-61.7502
-60.5403
-59.4435
-58.4716
-57.62
-56.8799
-56.2635
-55.7475
-55.3295
-54.9944
-54.7325
-54.528
-54.3735
-54.2583
-54.1717
-54.1087
-54.0638
-54.0284
-54.0017
-53.9843
-53.9717
-53.9639
-53.96
-53.9587
-53.9588
-53.958
-53.9577
-53.9561
-53.9552
-53.956
-53.958
-53.9607
-53.9637
-53.9655
-53.9664
-53.9681
-53.9684
-53.9689
-53.9703
-53.9722
-53.9729
-53.9731
-53.9742
-53.9758
-53.9766
-53.9763
-53.9768
-53.9771
-53.9765
-53.9768
-53.9777
-53.9791
-53.9808
-53.9825
-53.9844
-53.9864
-53.9884
-53.9904
-53.9922
-53.9938
-53.9945
-53.9888
-53.9845
-53.9821
-53.9794
-53.9756
-53.9728
-53.9698
-53.9652
-53.9565
-53.8991
-53.7604
-53.7818
-53.8267
-53.8606
-53.8822
-53.8951
-53.9025
-53.9067
-53.9092
-53.9113
-53.9135
-53.9166
-53.921
-53.9274
-53.9365
-53.9497
-53.9722
-53.9861
-53.9948
-54.002
-54.0072
-54.0058
-54.0056
-54.0077
-54.0115
-54.0165
-54.0226
-54.0297
-54.0379
-54.047
-54.0572
-54.0686
-54.0813
-54.0952
-54.1105
-54.1274
-54.1459
-54.1663
-54.1886
-54.2129
-54.2394
-54.2682
-54.2997
-54.334
-54.3714
-54.4121
-54.4565
-54.5048
-54.5573
-54.6143
-54.6761
-54.3306
-54.0547
-53.985
-53.9822
-53.9989
-54.0201
-54.0137
-54
-53.9991
-54.0049
-54.0133
-54.0227
-54.0323
-54.0421
-54.052
-54.0622
-54.0727
-54.0838
-54.0956
-54.1082
-54.1216
-54.1362
-54.1519
-54.1176
-54.0531
-54.0277
-54.022
-54.0246
-54.0307
-54.0385
-54.0475
-54.0571
-54.0671
-54.0776
-54.0888
-54.1007
-54.1135
-54.1273
-54.1422
-54.1592
-54.1792
-54.2005
-54.1555
-54.0546
-54.018
-54.0102
-54.0133
-54.0202
-54.0285
-54.0348
-54.017
-54.0069
-54.0049
-54.0069
-54.0108
-54.0157
-54.0211
-54.027
-54.0333
-54.0399
-54.0475
-54.0559
-54.0652
-54.0749
-54.0852
-54.0963
-54.1082
-54.1211
-54.1351
-54.1504
-54.1672
-54.1867
-54.2085
-54.2329
-54.2585
-54.2857
-54.3148
-54.3461
-54.3799
-54.4166
-54.4563
-54.4999
-54.5507
-54.606
-54.6686
-54.7356
-54.8052
-54.8787
-54.9571
-55.041
-55.1307
-55.2267
-55.329
-54.5975
-53.9207
-53.7966
-53.8117
-53.855
-53.8979
-53.9345
-53.9646
-53.9896
-54.0109
-54.0016
-53.9867
-53.9843
-53.9878
-53.9935
-54.0001
-54.007
-54.0138
-54.0207
-54.0276
-54.0349
-54.0424
-54.0505
-54.0592
-54.0695
-54.0805
-54.0921
-54.1053
-54.1202
-54.136
-54.1528
-54.1708
-54.1903
-54.2115
-54.2363
-54.264
-54.2933
-54.3254
-54.3627
-54.4025
-54.4445
-54.4893
-54.5377
-54.5898
-54.5164
-54.0566
-53.9376
-53.9249
-53.9398
-53.9601
-53.9795
-53.994
-53.9848
-53.9811
-53.9834
-53.9882
-53.9941
-54.0003
-54.0065
-54.0128
-54.02
-54.0278
-54.0358
-54.0439
-54.0523
-54.0613
-54.0709
-54.0815
-54.0954
-54.1114
-54.1335
-54.1665
-54.2152
-54.2708
-54.3225
-54.3681
-54.4109
-54.4544
-54.5074
-54.5859
-54.6913
-54.8231
-54.9584
-55.0864
-55.2063
-55.323
-55.4433
-55.5708
-55.7169
-55.8971
-56.1091
-56.3584
-56.6166
-56.8689
-57.1206
-57.3777
-57.6457
-57.9246
-58.224
-58.5698
-58.9507
-59.3668
-59.8022
-60.2365
-60.668
-61.0978
-61.5271
-61.9587
-62.4023
-62.8781
-63.3817
-63.9095
-64.4562
-64.9909
-65.5026
-65.9915
-66.4585
-66.9028
-67.3297
-67.7578
-68.1914
-68.6271
-69.0672
-69.4972
-69.8978
-70.2645
-70.6003
-70.9068
-71.1848
-71.4425
-71.6916
-71.9318
-72.1698
-72.4035
-72.6255
-72.8257
-73.0027
-73.1603
-73.2991
-73.4212
-73.5317
-73.6358
-73.7341
-73.8315
-73.927
-74.0185
-74.1001
-74.1701
-74.2301
-74.2821
-74.3263
-74.3654
-74.4015
-74.4332
-74.4664
-74.5005
-74.5352
-74.5677
-74.5952
-74.6168
-74.635
-74.6498
-74.6616
-74.6726
-74.6812
-74.6883
-74.6979
-74.7088
-74.7214
-74.7337
-74.7433
-74.749
-74.7522
-74.7554
-74.7582
-74.7606
-74.7612
-74.7606
-74.7628
-74.7665
-74.7711
-74.7766
-74.781
-74.7828
-74.7818
-74.7806
-74.7801
-74.7796
-74.7787
-74.7762
-74.7742
-74.7742
-74.7752
-74.7776
-74.7802
-74.7829
-74.7834
-74.781
-74.7793
-74.7785
-74.7775
-74.7765
-74.7737
-74.7714
-74.7709
-74.7709
-74.7721
-74.7728
-74.7738
-74.7746
-74.7731
-74.7695
-74.7675
-74.7662
-74.7643
-74.7619
-74.7595
-74.7592
-74.7595
-74.7604
-74.7628
-74.7636
-74.7646
-74.7656
-74.7639
-74.7601
-74.757
-74.756
-74.754
-74.75
-74.7474
-74.7469
-74.7466
-74.7473
-74.75
-74.7505
-74.7506
-74.7517
-74.7509
-74.7487
-74.7449
-74.7422
-74.7409
-74.7394
-74.7364
-74.7329
-74.7334
-74.7346
-74.7367
-74.7394
-74.7415
-74.7421
-74.7425
-74.7418
-74.7392
-74.7354
-74.7323
-74.7291
-74.7253
-74.7222
-74.7176
-74.7149
-74.714
-74.715
-74.7193
-74.725
-74.7281
-74.7285
-74.7291
-74.7286
-74.727
-74.724
-74.722
-74.7194
-74.7156
-74.7098
-74.7058
-74.7036
-74.7005
-74.6996
-74.7009
-74.7084
-74.715
-74.7185
-74.7183
-74.7186
-74.7173
-74.7134
-74.7096
-74.7051
-74.7015
-74.6982
-74.6922
-74.6854
-74.681
-74.6799
-74.6787
-74.6805
-74.6851
-74.6918
-74.6999
-74.7047
-74.7067
-74.7073
-74.705
-74.7025
-74.6998
-74.6957
-74.6902
-74.6855
-74.6793
-74.6729
-74.667
-74.662
-74.6601
-74.6635
-74.6669
-74.6734
-74.6814
-74.6849
-74.6853
-74.6859
-74.6861
-74.6854
-74.6843
-74.6827
-74.679
-74.6727
-74.6645
-74.6569
-74.6523
-74.6481
-74.6428
-74.637
-74.6366
-74.642
-74.6501
-74.6572
-74.6638
-74.67
-74.6721
-74.6703
-74.6672
-74.6671
-74.6698
-74.6705
-74.6675
-74.6614
-74.6538
-74.6447
-74.6368
-74.6327
-74.6289
-74.623
-74.618
-74.617
-74.6198
-74.6248
-74.6295
-74.6345
-74.6389
-74.6439
-74.6471
-74.6476
-74.6452
-74.6434
-74.6414
-74.6391
-74.637
-74.6336
-74.6301
-74.6231
-74.6141
-74.6068
-74.6024
-74.5994
-74.5968
-74.5939
-74.5949
-74.602
-74.6041
-74.6032
-74.6041
-74.6091
-74.6183
-74.6231
-74.6256
-74.6275
-74.6266
-74.6266
-74.6249
-74.6205
-74.6146
-74.6066
-74.5992
-74.5911
-74.5849
-74.5824
-74.5808
-74.5772
-74.5715
-74.5648
-74.5613
-74.564
-74.5684
-74.5701
-74.5688
-74.5693
-74.5717
-74.5759
-74.5817
-74.584
-74.5842
-74.589
-74.5903
-74.5883
-74.5888
-74.5908
-74.5891
-74.581
-74.5704
-74.56
-74.549
-74.5374
-74.5282
-74.5286
-74.5329
-74.5343
-74.5341
-74.5346
-74.5318
-74.5259
-74.5259
-74.5272
-74.5294
-74.5294
-74.5288
-74.5318
-74.5367
-74.542
-74.5483
-74.5503
-74.5473
-74.549
-74.5529
-74.5548
-74.5547
-74.5543
-74.5512
-74.5458
-74.5386
-74.5294
-74.5188
-74.5047
-74.4938
-74.4898
-74.4887
-74.485
-74.4808
-74.4779
-74.4768
-74.4761
-74.4707
-74.4635
-74.4609
-74.4599
-74.4603
-74.4659
-74.4693
-74.4666
-74.4673
-74.4685
-74.475
-74.4902
-74.5012
-74.5048
-74.5009
-74.4946
-74.4897
-74.4889
-74.4918
-74.4909
-74.4843
-74.4808
-74.4786
-74.4729
-74.4651
-74.4544
-74.4454
-74.4358
-74.4296
-74.4279
-74.4311
-74.434
-74.4324
-74.4236
-74.4108
-74.3987
-74.3859
-74.3773
-74.3719
-74.369
-74.3677
-74.3688
-74.371
-74.3725
-74.373
-74.3749
-74.3741
-74.38
-74.3942
-74.4037
-74.4092
-74.4199
-74.4286
-74.4297
-74.4291
-74.4259
-74.4207
-74.4179
-74.4187
-74.4162
-74.4125
-74.4083
-74.3994
-74.3879
-74.3797
-74.3752
-74.3749
-74.373
-74.3704
-74.3678
-74.3647
-74.3635
-74.3631
-74.3633
-74.3595
-74.3507
-74.3357
-74.3201
-74.3063
-74.2932
-74.2812
-74.2702
-74.257
-74.2431
-74.2298
-74.2245
-74.2251
-74.2314
-74.2355
-74.2362
-74.2413
-74.2468
-74.2518
-74.2571
-74.2612
-74.2577
-74.2511
-74.2518
-74.2543
-74.2535
-74.252
-74.256
-74.2642
-74.2768
-74.2904
-74.3014
-74.3112
-74.3137
-74.3125
-74.3076
-74.3008
-74.2942
-74.2865
-74.273
-74.2546
-74.2427
-74.2423
-74.2428
-74.2425
-74.2464
-74.2506
-74.2529
-74.2506
-74.2434
-74.2331
-74.2282
-74.2266
-74.2252
-74.2232
-74.219
-74.2097
-74.1982
-74.1856
-74.1751
-74.1637
-74.1476
-74.1277
-74.1076
-74.0849
-74.0597
-74.039
-74.0219
-74.014
-74.0112
-74.0045
-73.998
-73.993
-73.9885
-73.9825
-73.978
-73.9801
-73.9869
-73.9892
-73.9933
-74.0061
-74.0293
-74.0482
-74.0606
-74.0687
-74.0705
-74.0642
-74.0536
-74.0446
-74.0332
-74.024
-74.0162
-74.008
-74.0006
-73.9895
-73.9772
-73.9674
-73.9653
-73.9822
-74.0071
-74.0241
-74.037
-74.0528
-74.0694
-74.0825
-74.0874
-74.0871
-74.0841
-74.0814
-74.0743
-74.0646
-74.0506
-74.0389
-74.0367
-74.0353
-74.0308
-74.033
-74.0341
-74.035
-74.0295
-74.0164
-73.9977
-73.9778
-73.9603
-73.9488
-73.9471
-73.9469
-73.9452
-73.9456
-73.9434
-73.9428
-73.9401
-73.933
-73.922
-73.9157
-73.9179
-73.9227
-73.9239
-73.9226
-73.9207
-73.916
-73.9056
-73.8986
-73.8899
-73.8761
-73.8642
-73.8542
-73.8405
-73.828
-73.8181
-73.8049
-73.7888
-73.7736
-73.7552
-73.7331
-73.7081
-73.6829
-73.6654
-73.656
-73.6476
-73.634
-73.6153
-73.5953
-73.5786
-73.5598
-73.5378
-73.5131
-73.4871
-73.467
-73.4497
-73.4374
-73.4267
-73.4181
-73.4057
-73.3961
-73.385
-73.3694
-73.3498
-73.3284
-73.319
-73.3148
-73.3057
-73.291
-73.2775
-73.2858
-73.3069
-73.3269
-73.3356
-73.3414
-73.342
-73.3481
-73.3591
-73.3692
-73.3772
-73.3807
-73.3847
-73.3932
-73.3949
-73.3885
-73.3759
-73.359
-73.339
-73.3171
-73.3011
-73.2873
-73.2746
-73.2661
-73.2542
-73.238
-73.2184
-73.1965
-73.1728
-73.1481
-73.1225
-73.1021
-73.0989
-73.0964
-73.0958
-73.0948
-73.0904
-73.0898
-73.0853
-73.0757
-73.0708
-73.0734
-73.076
-73.0719
-73.0616
-73.0469
-73.0375
-73.031
-73.0208
-73.0063
-72.9887
-72.9688
-72.9474
-72.9248
-72.9016
-72.8778
-72.8536
-72.8292
-72.8047
-72.7801
-72.7554
-72.7308
-72.7063
-72.6818
-72.6663
-72.6587
-72.6576
-72.6649
-72.6781
-72.6848
-72.6834
-72.6759
-72.664
-72.6493
-72.6325
-72.6143
-72.5952
-72.5753
-72.555
-72.5343
-72.5133
-72.4923
-72.4711
-72.4499
-72.4354
-72.4324
-72.4281
-72.4197
-72.4078
-72.3934
-72.3858
-72.3875
-72.3864
-72.3803
-72.3704
-72.3577
-72.3431
-72.3273
-72.3106
-72.2934
-72.2757
-72.2578
-72.2397
-72.2215
-72.2033
-72.1851
-72.167
-72.1489
-72.1309
-72.1131
-72.0953
-72.0777
-72.0603
-72.043
-72.0259
-72.0089
-71.9922
-71.9756
-71.9591
-71.9429
-71.9268
-71.9109
-71.8952
-71.8797
-71.8644
-71.8492
-71.8342
-71.8194
-71.8048
-71.7903
-71.776
-71.7619
-71.748
-71.7342
-71.7206
-71.7072
-71.6939
-71.6808
-71.6679
-71.6551
-71.6425
-71.63
-71.6177
-71.6056
-71.5936
-71.5817
-71.57
-71.5585
-71.5471
-71.5358
-71.5247
-71.5138
-71.5029
-71.4922
-71.4817
-71.4713
-71.461
-71.4509
-71.4408
-71.431
-71.4212
-71.4116
-71.4021
-71.3927
-71.3834
-71.3743
-71.3653
-71.3564
-71.3476
-71.339
-71.3304
-71.322
-71.3137
-71.3055
-71.2974
-71.2894
-71.2816
-71.2738
-71.2662
-71.2586
-71.2512
-71.2438
-71.2366
-71.2294
-71.2224
-71.2154
-71.2085
-71.2018
-71.1951
-71.1885
-71.182
-71.1756
-71.1693
-71.1631
-71.1569
-71.1508
-71.1449
-71.139
-71.1332
-71.1274
-71.1218
-71.1162
-71.1107
-71.1053
-71.1
-71.0947
-71.0895
-71.0844
-71.0793
-71.0743
-71.0694
-71.0646
-71.0598
-71.0551
-71.0505
-71.0459
-71.0414
-71.037
-71.0326
-71.0283
-71.0241
-71.0199
-71.0158
-71.0117
-71.0077
-71.0037
-70.9998
-70.996
-70.9922
-70.9885
-70.9848
-70.9812
-70.9776
-70.9741
-70.9707
-70.9673
-70.9639
-70.9606
-70.9573
-70.9541
-70.951
-70.9478
-70.9448
-70.9417
-70.9388
-70.9358
-70.9329
-70.9301
-70.9273
-70.9245
-70.9218
-70.9191
-70.9165
-70.9139
-70.9114
-70.9088
-70.9064
-70.9039
-70.9015
-70.8992
-70.8968
-70.8945
-70.8923
-70.8901
-70.8879
-70.8857
-70.8836
-70.8815
-70.8795
-70.8774
-70.8755
-70.8735
-70.8716
-70.8697
-70.8678
-70.866
-70.8642
-70.8624
-70.8606
-70.8589
-70.8572
-70.8556
-70.8539
-70.8523
-70.8507
-70.8492
-70.8476
-70.8461
-70.8447
-70.8432
-70.8418
-70.8403
-70.839
-70.8376
-70.8363
-70.8349
-70.8336
-70.8324
-70.8311
-70.8299
-70.8287
-70.8275
-70.8263
-70.8252
-70.824
-70.8229
-70.8218
-70.8207
-70.8197
-70.8187
-70.8176
-70.8166
-70.8157
-70.8147
-70.8137
-70.8128
-70.8119
-70.811
-70.8101
-70.8092
-70.8084
-70.8075
-70.8067
-70.8059
-70.8051
-70.8044
-70.8036
-70.8028
-70.8021
-70.8014
-70.8007
-70.8
-70.7993
-70.7986
-70.798
-70.7973
-70.7967
-70.7961
-70.7955
-70.7949
-70.7943
-70.7937
-70.7931
-70.7926
-70.792
-70.7915
-70.791
-70.7905
-70.79
-70.7895
-70.789
-70.7885
-70.7881
-70.7876
-70.7872
-70.7867
-70.7863
-70.7859
-70.7855
-70.7851
-70.7847
-70.7843
-70.7839
-70.7836
-70.7832
-70.7829
-70.7825
-70.7822
-70.7819
-70.7815
-70.7812
-70.7809
-70.7806
-70.7803
-70.78
-70.7798
-70.7795
-70.7792
-70.7789
-70.7787
-70.7784
-70.7782
-70.778
-70.7777
-70.7775
-70.7773
-70.7771
-70.7768
-70.7766
-70.7764
-70.7762
-70.776
-70.7759
-70.7757
-70.7755
-70.7753
-70.7752
-70.775
-70.7748
-70.7747
-70.7745
-70.7744
-70.7742
-70.7741
-70.774
-70.7738
-70.7737
-70.7736
-70.7735
-70.7733
-70.7732
-70.7731
-70.773
-70.7729
-70.7728
-70.7727
-70.7726
-70.7725
-70.7724
-70.7724
-70.7723
-70.7722
-70.7721
-70.772
-70.772
-70.7719
-70.7718
-70.7718
-70.7717
-70.7717
-70.7716
-70.7716
-70.7715
-70.7714
-70.7714
-70.7714
-70.7713
-70.7713
-70.7712
-70.7712
-70.7712
-70.7711
-70.7711
-70.7711
-70.771
-70.771
-70.771
-70.771
-70.771
-70.7709
-70.7709
-70.7709
-70.7709
-70.7709
-70.7709
-70.7708
-70.7708
-70.7708
-70.7708
-70.7708
-70.7708
-70.7708
-70.7708
-70.7708
-70.7708
-70.7708
-70.7708
-70.7708
-70.7708
-70.7708
-70.7708
-70.7708
-70.7709
-70.7709
-70.7709
-70.7709
-70.7709
-70.7709
-70.7709
-70.7709
-70.7709
-70.771
-70.771
-70.771
-70.771
-70.771
-70.7711
-70.7711
-70.7711
-70.7711
-70.7711
-70.7712
-70.7712
-70.7712
-70.7712
-70.7713
-70.7713
-70.7713
-70.7713
-70.7714
-70.7714
-70.7714
-70.7714
-70.7715
-70.7715
-70.7715
-70.7715
-70.7716
-70.7716
-70.7716
-70.7717
-70.7717
-70.7717
-70.7717
-70.7718
-70.7718
-70.7718
-70.7719
-70.7719
-70.7719
-70.772
-70.772
-70.772
-70.7721
-70.7721
-70.7721
-70.7722
-70.7722
-70.7722
-70.7723
-70.7723
-70.7723
-70.7724
-70.7724
-70.7724
-70.7724
-70.7725
-70.7725
-70.7725
-70.7726
-70.7726
-70.7726
-70.7727
-70.7727
-70.7727
-70.7728
-70.7728
-70.7728
-70.7729
-70.7729
-70.7729
-70.773
-70.773
-70.773
-70.7731
-70.7731
-70.7731
-70.7732
-70.7732
-70.7732
-70.7733
-70.7733
-70.7733
-70.7734
-70.7734
-70.7734
-70.7735
-70.7735
-70.7735
-70.7736
-70.7736
-70.7736
-70.7737
-70.7737
-70.7737

