-70
-70.1661
-70.23
-70.2566
-70.2695
-70.2773
-70.283
-70.2879
-70.2925
-70.297
-70.3014
-70.3057
-70.31
-70.3142
-70.3185
-70.3226
-70.3268
-70.3309
-70.335
-70.3391
-70.3431
-70.3471
-70.351
-70.3549
-70.3588
-70.3626
-70.3664
-70.3701
-70.3738
-70.3775
-70.3811
-70.3847
-70.3883
-70.3918
-70.3953
-70.3987
-70.4021
-70.4055
-70.4088
-70.4121
-70.4154
-70.4186
-70.4218
-70.4249
-70.428
-70.4311
-70.4341
-70.4372
-70.4401
-70.4431
-70.446
-70.4489
-70.4517
-70.4545
-70.4573
-70.4601
-70.4628
-70.4655
-70.4682
-70.4708
-70.4734
-70.476
-70.4785
-70.481
-70.4835
-70.486
-70.4884
-70.4908
-70.4932
-70.4955
-70.4978
-70.5001
-70.5024
-70.5046
-70.5068
-70.509
-70.5112
-70.5133
-70.5154
-70.5175
-70.5196
-70.5216
-70.5236
-70.5256
-70.5276
-70.5295
-70.5315
-70.5334
-70.5352
-70.5371
-70.5389
-70.5407
-70.5425
-70.5443
-70.5461
-70.5478
-70.5495
-70.5512
-70.5528
-70.5545
-70.5561
-70.5577
-70.5593
-70.5609
-70.5624
-70.5639
-70.5655
-70.5669
-70.5684
-70.5699
-70.5713
-70.5727
-70.5741
-70.5755
-70.5769
-70.5782
-70.5796
-70.5809
-70.5822
-70.5835
-70.5848
-70.586
-70.5873
-70.5885
-70.5897
-70.5909
-70.5921
-70.5932
-70.5944
-70.5955
-70.5966
-70.5977
-70.5988
-70.5999
-70.601
-70.602
-70.603
-70.6041
-70.6051
-70.6061
-70.6071
-70.608
-70.609
-70.6099
-70.6109
-70.6118
-70.6127
-70.6136
-70.6145
-70.6154
-70.6162
-70.6171
-70.6179
-70.6187
-70.6196
-70.6204
-70.6212
-70.622
-70.6227
-70.6235
-70.6242
-70.625
-70.6257
-70.6265
-70.6272
-70.6279
-70.6286
-70.6293
-70.6299
-70.6306
-70.6313
-70.6319
-70.6325
-70.6332
-70.6338
-70.6344
-70.635
-70.6356
-70.6362
-70.6368
-70.6374
-70.6379
-70.6385
-70.639
-70.6396
-70.6401
-70.6406
-70.6411
-70.6417
-70.6422
-70.6427
-70.6431
-70.6436
-70.6441
-70.6446
-70.645
-70.6455
-70.6459
-70.6464
-70.6468
-70.6472
-70.6476
-70.6481
-70.6485
-70.6489
-70.6493
-70.6497
-70.65
-70.6504
-70.6508
-70.6512
-70.6515
-70.6519
-70.6522
-70.6526
-70.6529
-70.6533
-70.6536
-70.6539
-70.6542
-70.6545
-70.6549
-70.6552
-70.6555
-70.6558
-70.656
-70.6563
-70.6566
-70.6569
-70.6572
-70.6574
-70.6577
-70.658
-70.6582
-70.6585
-70.6587
-70.6589
-70.6592
-70.6594
-70.6597
-70.6599
-70.6601
-70.6603
-70.6605
-70.6607
-70.661
-70.6612
-70.6614
-70.6616
-70.6617
-70.6619
-70.6621
-70.6623
-70.6625
-70.6627
-70.6628
-70.663
-70.6632
-70.6633
-70.6635
-70.6637
-70.6638
-70.664
-70.6641
-70.6643
-70.6644
-70.6646
-70.6647
-70.6648
-70.665
-70.6651
-70.6652
-70.6653
-70.6655
-70.6656
-70.6657
-70.6658
-70.6659
-70.666
-70.6662
-70.6663
-70.6664
-70.6665
-70.6666
-70.6667
-70.6668
-70.6669
-70.667
-70.667
-70.6671
-70.6672
-70.6673
-70.6674
-70.6675
-70.6675
-70.6676
-70.6677
-70.6678
-70.6678
-70.6679
-70.668
-70.668
-70.6681
-70.6682
-70.6682
-70.6683
-70.6683
-70.6684
-70.6685
-70.6685
-70.6686
-70.6686
-70.6687
-70.6687
-70.6688
-70.6688
-70.6688
-70.6689
-70.6689
-70.669
-70.669
-70.669
-70.6691
-70.6691
-70.6691
-70.6692
-70.6692
-70.6692
-70.6693
-70.6693
-70.6693
-70.6694
-70.6694
-70.6694
-70.6694
-70.6694
-70.6695
-70.6695
-70.6695
-70.6695
-70.6695
-70.6696
-70.6696
-70.6696
-70.6696
-70.6696
-70.6696
-70.6696
-70.6697
-70.6697
-70.6697
-70.6697
-70.6697
-70.6697
-70.6697
-70.6697
-70.6697
-70.6697
-70.6697
-70.6697
-70.6697
-70.6697
-70.6697
-70.6697
-70.6697
-70.6697
-70.6697
-70.6697
-70.6697
-70.6697
-70.6697
-70.6697
-70.6697
-70.6697
-70.6697
-70.6697
-70.6697
-70.6697
-70.6697
-70.6697
-70.6697
-70.6697
-70.6697
-70.6696
-70.6696
-70.6696
-70.6696
-70.6696
-70.6696
-70.6696
-70.6696
-70.6696
-70.6695
-70.6695
-70.6695
-70.6695
-70.6695
-70.6695
-70.6695
-70.6695
-70.6694
-70.6694
-70.6694
-70.6694
-70.6694
-70.6694
-70.6693
-70.6693
-70.6693
-70.6693
-70.6693
-70.6693
-70.6693
-70.6692
-70.6692
-70.6692
-70.6692
-70.6692
-70.6691
-70.6691
-70.6691
-70.6691
-70.6691
-70.6691
-70.669
-70.669
-70.669
-70.669
-70.669
-70.6689
-70.6689
-70.6689
-70.6689
-70.6689
-70.6688
-70.6688
-70.6688
-70.6688
-70.6688
-70.6687
-70.6687
-70.6687
-70.6687
-70.6686
-70.6686
-70.6686
-70.6686
-70.6686
-70.6685
-70.6685
-70.6685
-70.6685
-70.6685
-70.6684
-70.6684
-70.6684
-70.6684
-70.6684
-70.6683
-70.6683
-70.6683
-70.6683
-70.6682
-70.6682
-70.6682
-70.6682
-70.6682
-70.6681
-70.6681
-70.6681
-70.6681
-70.6681
-70.6688
-70.8072
-71.4898
-72.4377
-73.2612
-59.0261
-52.6017
-50.4215
-48.651
-45.6415
-20.2798
-17.9183
-44.2197
-68.6146
-68.4613
-67.3916
-66.288
-65.1843
-64.0887
-63.0158
-61.9811
-60.9987
-60.0801
-59.2
-58.3959
-57.6793
-57.0299
-56.4609
-55.9687
-55.5419
-55.1702
-54.8555
-54.5914
-54.3724
-54.1871
-54.0314
-53.8999
-53.7934
-53.7091
-53.6428
-53.5911
-53.5512
-53.5208
-53.4929
-53.464
-53.4431
-53.4292
-53.4202
-53.4147
-53.4116
-53.4104
-53.4101
-53.4053
-53.4018
-53.4007
-53.4014
-53.4033
-53.4033
-53.4001
-53.3989
-53.3996
-53.4015
-53.4037
-53.4011
-53.3995
-53.3998
-53.4013
-53.4035
-53.4061
-53.4091
-53.4122
-53.4155
-53.4189
-53.4225
-53.4261
-53.4298
-53.4336
-53.437
-53.44
-53.4261
-53.4127
-53.4063
-53.4034
-53.4019
-53.4003
-53.3942
-53.3884
-53.3822
-53.371
-53.3245
-53.0518
-52.9991
-53.0606
-53.1302
-53.1844
-53.2221
-53.2472
-53.2642
-53.2767
-53.2872
-53.2974
-53.3088
-53.3225
-53.3397
-53.3622
-53.4009
-53.4216
-53.4321
-53.4396
-53.4469
-53.4552
-53.465
-53.4767
-53.4902
-53.5053
-53.5221
-53.5408
-53.5615
-53.5845
-53.6099
-53.6378
-53.6686
-53.7025
-53.7398
-53.7809
-53.8259
-53.8753
-53.9291
-53.9878
-54.0518
-54.1213
-54.1967
-54.2784
-54.3664
-54.4616
-54.5644
-54.6753
-54.7949
-54.9237
-55.0625
-54.1858
-53.4751
-53.3058
-53.2898
-53.316
-53.352
-53.3882
-53.4224
-53.4541
-53.4838
-53.512
-53.5393
-53.5662
-53.5937
-53.6218
-53.6505
-53.6801
-53.7112
-53.7442
-53.7793
-53.817
-53.8574
-53.8037
-53.5369
-53.443
-53.42
-53.4215
-53.4314
-53.4443
-53.4582
-53.4725
-53.4871
-53.5027
-53.5189
-53.5367
-53.5551
-53.574
-53.5936
-53.6143
-53.6363
-53.6599
-53.6875
-53.6676
-53.5104
-53.4492
-53.433
-53.4335
-53.4403
-53.4495
-53.4598
-53.4707
-53.4824
-53.4954
-53.5095
-53.5241
-53.5397
-53.5565
-53.5743
-53.5931
-53.6129
-53.6341
-53.6568
-53.6831
-53.7133
-53.7465
-53.7827
-53.822
-53.8637
-53.9102
-53.9599
-54.0125
-54.0686
-54.1288
-54.2
-54.2789
-54.3649
-54.4575
-54.5572
-54.6608
-54.7702
-54.8916
-55.0198
-55.1533
-55.2932
-55.4558
-55.6327
-55.8201
-56.0177
-56.2295
-56.4459
-56.6633
-56.8838
-57.1233
-55.8005
-53.4401
-52.9499
-52.907
-52.9749
-53.0629
-53.1452
-53.2158
-53.2753
-53.3255
-53.3686
-53.4065
-53.4409
-53.4722
-53.5025
-53.5324
-53.5611
-53.5904
-53.6204
-53.6521
-53.6844
-53.7178
-53.7529
-53.7902
-53.8304
-53.8762
-53.9293
-53.9887
-54.0504
-54.1162
-54.189
-54.2696
-54.355
-54.4437
-54.5368
-54.6357
-54.7504
-54.8832
-55.0249
-55.1707
-55.3292
-55.5022
-53.8111
-53.2689
-53.1714
-53.1881
-53.2312
-53.2769
-53.3193
-53.357
-53.39
-53.4199
-53.4477
-53.4734
-53.4975
-53.5207
-53.5434
-53.5663
-53.5906
-53.6163
-53.6439
-53.6754
-53.7084
-53.7446
-53.7852
-53.828
-53.8728
-53.9202
-53.9709
-54.0257
-54.0969
-54.1872
-54.3169
-54.4951
-54.6974
-54.9022
-55.0972
-55.2827
-55.4618
-55.6574
-55.9243
-56.2645
-56.6926
-57.135
-57.545
-57.9318
-58.2951
-58.6517
-59.0147
-59.4017
-59.853
-60.3617
-60.9251
-61.5054
-62.0505
-62.5691
-63.0679
-63.5511
-64.0296
-64.5149
-65.017
-65.5406
-66.0871
-66.6409
-67.1586
-67.6413
-68.0942
-68.5135
-68.9078
-69.2843
-69.6503
-70.0132
-70.376
-70.7403
-71.0818
-71.3871
-71.6627
-71.9116
-72.1349
-72.3386
-72.5272
-72.71
-72.8875
-73.0637
-73.2356
-73.3901
-73.5232
-73.6404
-73.7435
-73.8335
-73.9132
-73.9856
-74.0542
-74.1216
-74.1921
-74.2607
-74.3218
-74.3722
-74.4156
-74.4527
-74.484
-74.5102
-74.5327
-74.5543
-74.5768
-74.6026
-74.6294
-74.6539
-74.6733
-74.6873
-74.6984
-74.708
-74.7155
-74.7202
-74.7235
-74.7282
-74.7361
-74.747
-74.7583
-74.7679
-74.7742
-74.7766
-74.7785
-74.7804
-74.7807
-74.7787
-74.7765
-74.7757
-74.7776
-74.7823
-74.7884
-74.7936
-74.7964
-74.7958
-74.795
-74.7943
-74.7924
-74.789
-74.7856
-74.7827
-74.7822
-74.7844
-74.7881
-74.7917
-74.7942
-74.795
-74.7937
-74.7918
-74.7884
-74.7842
-74.7818
-74.7789
-74.776
-74.7752
-74.7769
-74.7798
-74.7832
-74.7863
-74.7872
-74.7858
-74.7829
-74.7789
-74.7748
-74.772
-74.7692
-74.766
-74.7644
-74.765
-74.7668
-74.7693
-74.7729
-74.7758
-74.7758
-74.7733
-74.7686
-74.7644
-74.7612
-74.758
-74.7555
-74.7538
-74.7535
-74.7553
-74.7582
-74.7603
-74.7641
-74.7661
-74.7648
-74.7614
-74.7567
-74.7529
-74.7494
-74.7445
-74.7399
-74.7365
-74.7363
-74.7399
-74.7447
-74.7469
-74.7493
-74.7525
-74.7525
-74.7505
-74.7478
-74.7446
-74.7415
-74.7374
-74.7328
-74.7285
-74.7251
-74.7251
-74.7292
-74.7343
-74.7367
-74.7377
-74.7393
-74.739
-74.7368
-74.7346
-74.7317
-74.7274
-74.7224
-74.7171
-74.7123
-74.708
-74.7039
-74.7067
-74.7133
-74.7216
-74.7259
-74.7263
-74.7259
-74.7264
-74.7256
-74.7261
-74.7243
-74.7195
-74.7144
-74.7086
-74.7022
-74.6969
-74.6916
-74.6902
-74.6955
-74.7032
-74.7099
-74.7108
-74.7089
-74.7077
-74.7068
-74.7068
-74.707
-74.7049
-74.7003
-74.6955
-74.6899
-74.6829
-74.677
-74.6714
-74.6703
-74.6765
-74.6842
-74.6925
-74.6986
-74.7
-74.6988
-74.6968
-74.6966
-74.696
-74.6942
-74.6919
-74.689
-74.6836
-74.6762
-74.6702
-74.6636
-74.6586
-74.6544
-74.6563
-74.6633
-74.6687
-74.6732
-74.6769
-74.6771
-74.6747
-74.6723
-74.6716
-74.6709
-74.6688
-74.6653
-74.6644
-74.6627
-74.6571
-74.6494
-74.6444
-74.6413
-74.6399
-74.6394
-74.642
-74.6471
-74.6529
-74.66
-74.6648
-74.6647
-74.662
-74.6612
-74.6588
-74.6544
-74.6501
-74.6448
-74.6404
-74.6404
-74.6415
-74.639
-74.6332
-74.6256
-74.6204
-74.6209
-74.6199
-74.6193
-74.6195
-74.6241
-74.6277
-74.6322
-74.6376
-74.6387
-74.6366
-74.6328
-74.6282
-74.6215
-74.6138
-74.6071
-74.6043
-74.6048
-74.6034
-74.6043
-74.606
-74.607
-74.6068
-74.6045
-74.6016
-74.6003
-74.6002
-74.6005
-74.6023
-74.6077
-74.6124
-74.6142
-74.6154
-74.617
-74.6151
-74.6103
-74.6026
-74.5916
-74.5819
-74.5741
-74.5712
-74.5723
-74.5733
-74.5725
-74.5712
-74.5729
-74.5766
-74.5783
-74.576
-74.574
-74.5695
-74.565
-74.5649
-74.5667
-74.5678
-74.5722
-74.5786
-74.5801
-74.5817
-74.5829
-74.5794
-74.5729
-74.5655
-74.5577
-74.5492
-74.5385
-74.5284
-74.5221
-74.5176
-74.5163
-74.5182
-74.5209
-74.5226
-74.5261
-74.5342
-74.5413
-74.5445
-74.5451
-74.5451
-74.5426
-74.5387
-74.531
-74.5246
-74.5246
-74.5278
-74.534
-74.5409
-74.5464
-74.5468
-74.5432
-74.5389
-74.5306
-74.5176
-74.5046
-74.4955
-74.4921
-74.4885
-74.4816
-74.4746
-74.4699
-74.4657
-74.4637
-74.4655
-74.4644
-74.464
-74.4686
-74.4756
-74.4815
-74.4847
-74.4857
-74.4879
-74.4883
-74.4871
-74.482
-74.474
-74.4681
-74.4624
-74.4581
-74.4564
-74.4659
-74.4785
-74.4863
-74.4866
-74.4839
-74.4797
-74.4752
-74.4678
-74.4563
-74.4447
-74.4329
-74.4219
-74.4146
-74.4115
-74.4097
-74.4049
-74.4052
-74.4076
-74.4059
-74.4069
-74.4059
-74.4023
-74.3994
-74.4036
-74.4054
-74.4014
-74.3975
-74.401
-74.4068
-74.4086
-74.4066
-74.4065
-74.4075
-74.4071
-74.4027
-74.395
-74.3907
-74.3919
-74.3945
-74.3925
-74.389
-74.3906
-74.3935
-74.3981
-74.4
-74.397
-74.3893
-74.3819
-74.3735
-74.368
-74.3607
-74.3515
-74.3442
-74.3322
-74.3184
-74.312
-74.3095
-74.313
-74.3138
-74.311
-74.3076
-74.3082
-74.3143
-74.3142
-74.3139
-74.3189
-74.3225
-74.3225
-74.3182
-74.3109
-74.3013
-74.2884
-74.2764
-74.2627
-74.2545
-74.2567
-74.2582
-74.2535
-74.254
-74.2558
-74.2566
-74.2538
-74.2507
-74.2458
-74.2481
-74.2528
-74.2534
-74.2485
-74.2456
-74.2443
-74.241
-74.2437
-74.2544
-74.261
-74.2637
-74.2632
-74.255
-74.2427
-74.2293
-74.2159
-74.2049
-74.1987
-74.1909
-74.1892
-74.1946
-74.1993
-74.1995
-74.1988
-74.1971
-74.1888
-74.1737
-74.1582
-74.1511
-74.1476
-74.1517
-74.1569
-74.1627
-74.17
-74.1713
-74.166
-74.1545
-74.1427
-74.1337
-74.127
-74.1268
-74.1294
-74.1289
-74.1219
-74.1144
-74.1022
-74.0843
-74.0671
-74.0599
-74.0543
-74.043
-74.0276
-74.0145
-73.9997
-73.9849
-73.9743
-73.966
-73.9624
-73.9708
-73.9816
-73.9918
-74.0009
-74.009
-74.0112
-74.0048
-73.9942
-73.9845
-73.9805
-73.9868
-73.9936
-73.9958
-73.9939
-73.9848
-73.9737
-73.9787
-73.9915
-73.9999
-74.0025
-74.0044
-74.0025
-74.0036
-74.0094
-74.0151
-74.018
-74.0197
-74.0193
-74.0131
-74.0068
-73.9976
-73.987
-73.9774
-73.9684
-73.9677
-73.9683
-73.9687
-73.9652
-73.9598
-73.9558
-73.9475
-73.9374
-73.9247
-73.9125
-73.9125
-73.9221
-73.9327
-73.9393
-73.9414
-73.9388
-73.9343
-73.9319
-73.9283
-73.9192
-73.9047
-73.8915
-73.8802
-73.872
-73.8706
-73.874
-73.8747
-73.8713
-73.8611
-73.8496
-73.8356
-73.8269
-73.8173
-73.8022
-73.7842
-73.7676
-73.7483
-73.7329
-73.7222
-73.7077
-73.6926
-73.6782
-73.6668
-73.6644
-73.6608
-73.6518
-73.6426
-73.6289
-73.6135
-73.5996
-73.5918
-73.5881
-73.5787
-73.5632
-73.5431
-73.5247
-73.5119
-73.502
-73.4881
-73.4695
-73.4473
-73.4235
-73.4054
-73.3891
-73.3773
-73.3635
-73.3455
-73.3239
-73.2997
-73.2755
-73.259
-73.2508
-73.245
-73.2417
-73.2396
-73.2369
-73.2281
-73.2137
-73.1952
-73.1737
-73.1566
-73.149
-73.1507
-73.1627
-73.1912
-73.2256
-73.2546
-73.2709
-73.2827
-73.2868
-73.2822
-73.2775
-73.2828
-73.2842
-73.2856
-73.284
-73.2758
-73.2621
-73.2443
-73.2236
-73.201
-73.1768
-73.1516
-73.1256
-73.1007
-73.0847
-73.0695
-73.0513
-73.0303
-73.0074
-72.985
-72.972
-72.9595
-72.9436
-72.9245
-72.9032
-72.8803
-72.863
-72.8532
-72.8413
-72.8258
-72.8073
-72.7867
-72.7646
-72.7416
-72.718
-72.694
-72.6697
-72.6453
-72.6207
-72.5962
-72.5717
-72.5473
-72.5231
-72.4998
-72.4892
-72.4827
-72.4729
-72.4595
-72.4434
-72.4255
-72.4064
-72.3864
-72.366
-72.3453
-72.3243
-72.3033
-72.2822
-72.2612
-72.2403
-72.2194
-72.1987
-72.1781
-72.1576
-72.1374
-72.1173
-72.0974
-72.0776
-72.0581
-72.0388
-72.0197
-72.0007
-71.982
-71.9732
-71.9766
-71.9779
-71.9743
-71.9668
-71.9564
-71.9442
-71.9307
-71.9164
-71.9015
-71.8862
-71.8707
-71.855
-71.8393
-71.8235
-71.8078
-71.7921
-71.7764
-71.7609
-71.7455
-71.7301
-71.715
-71.6999
-71.685
-71.6702
-71.6556
-71.6412
-71.6268
-71.6127
-71.5987
-71.5849
-71.5712
-71.5577
-71.5443
-71.5311
-71.518
-71.5051
-71.4924
-71.4798
-71.4674
-71.4551
-71.4429
-71.431
-71.4191
-71.4074
-71.3959
-71.3845
-71.3732
-71.3621
-71.3511
-71.3402
-71.3295
-71.3189
-71.3085
-71.2982
-71.288
-71.278
-71.2681
-71.2583
-71.2486
-71.2391
-71.2297
-71.2204
-71.2112
-71.2022
-71.1933
-71.1844
-71.1757
-71.1672
-71.1587
-71.1503
-71.1421
-71.1339
-71.1259
-71.1179
-71.1101
-71.1024
-71.0947
-71.0872
-71.0798
-71.0725
-71.0652
-71.0581
-71.0511
-71.0441
-71.0373
-71.0305
-71.0238
-71.0173
-71.0108
-71.0044
-70.9981
-70.9918
-70.9857
-70.9796
-70.9737
-70.9678
-70.9619
-70.9562
-70.9506
-70.945
-70.9395
-70.9341
-70.9287
-70.9234
-70.9182
-70.9131
-70.9081
-70.9031
-70.8982
-70.8933
-70.8886
-70.8838
-70.8792
-70.8746
-70.8701
-70.8657
-70.8613
-70.857
-70.8527
-70.8485
-70.8444
-70.8403
-70.8363
-70.8324
-70.8285
-70.8246
-70.8209
-70.8171
-70.8135
-70.8098
-70.8063
-70.8028
-70.7993
-70.7959
-70.7926
-70.7893
-70.786
-70.7828
-70.7796
-70.7765
-70.7735
-70.7705
-70.7675
-70.7646
-70.7617
-70.7589
-70.7561
-70.7534
-70.7507
-70.748
-70.7454
-70.7428
-70.7403
-70.7378
-70.7353
-70.7329
-70.7305
-70.7282
-70.7259
-70.7237
-70.7214
-70.7192
-70.7171
-70.715
-70.7129
-70.7109
-70.7088
-70.7069
-70.7049
-70.703
-70.7011
-70.6993
-70.6975
-70.6957
-70.6939
-70.6922
-70.6905
-70.6889
-70.6872
-70.6856
-70.684
-70.6825
-70.681
-70.6795
-70.678
-70.6766
-70.6751
-70.6738
-70.6724
-70.6711
-70.6697
-70.6685
-70.6672
-70.6659
-70.6647
-70.6635
-70.6624
-70.6612
-70.6601
-70.659
-70.6579
-70.6568
-70.6558
-70.6548
-70.6538
-70.6528
-70.6518
-70.6509
-70.65
-70.6491
-70.6482
-70.6473
-70.6465
-70.6457
-70.6448
-70.6441
-70.6433
-70.6425
-70.6418
-70.6411
-70.6403
-70.6396
-70.639
-70.6383
-70.6377
-70.637
-70.6364
-70.6358
-70.6352
-70.6347
-70.6341
-70.6335
-70.633
-70.6325
-70.632
-70.6315
-70.631
-70.6306
-70.6301
-70.6297
-70.6292
-70.6288
-70.6284
-70.628
-70.6276
-70.6272
-70.6269
-70.6265
-70.6262
-70.6259
-70.6255
-70.6252
-70.6249
-70.6246
-70.6244
-70.6241
-70.6238
-70.6236
-70.6233
-70.6231
-70.6229
-70.6227
-70.6224
-70.6222
-70.6221
-70.6219
-70.6217
-70.6215
-70.6214
-70.6212
-70.6211
-70.6209
-70.6208
-70.6207
-70.6206
-70.6204
-70.6203
-70.6202
-70.6202
-70.6201
-70.62
-70.6199
-70.6199
-70.6198
-70.6197
-70.6197
-70.6197
-70.6196
-70.6196
-70.6196
-70.6195
-70.6195
-70.6195
-70.6195
-70.6195
-70.6195
-70.6195
-70.6195
-70.6195
-70.6196
-70.6196
-70.6196
-70.6196
-70.6197
-70.6197
-70.6198
-70.6198
-70.6199
-70.6199
-70.62
-70.62
-70.6201
-70.6202
-70.6203
-70.6203
-70.6204
-70.6205
-70.6206
-70.6207
-70.6208
-70.6208
-70.6209
-70.621
-70.6211
-70.6213
-70.6214
-70.6215
-70.6216
-70.6217
-70.6218
-70.6219
-70.6221
-70.6222
-70.6223
-70.6224
-70.6226
-70.6227
-70.6228
-70.623
-70.6231
-70.6232
-70.6234
-70.6235
-70.6237
-70.6238
-70.6239
-70.6241
-70.6242
-70.6244
-70.6245
-70.6247
-70.6248
-70.625
-70.6252
-70.6253
-70.6255
-70.6256
-70.6258
-70.626
-70.6261
-70.6263
-70.6264
-70.6266
-70.6268
-70.6269
-70.6271
-70.6273
-70.6274
-70.6276
-70.6278
-70.6279
-70.6281
-70.6283
-70.6285
-70.6286
-70.6288
-70.629
-70.6292
-70.6293
-70.6295
-70.6297
-70.6299
-70.63
-70.6302
-70.6304
-70.6306
-70.6307
-70.6309
-70.6311
-70.6313
-70.6314
-70.6316
-70.6318
-70.632
-70.6321
-70.6323
-70.6325
-70.6327
-70.6328
-70.633
-70.6332
-70.6334
-70.6336
-70.6337
-70.6339
-70.6341
-70.6343
-70.6344
-70.6346
-70.6348
-70.635
-70.6351
-70.6353
-70.6355
-70.6356
-70.6358
-70.636
-70.6362
-70.6363
-70.6365
-70.6367
-70.6369
-70.637
-70.6372
-70.6374
-70.6375
-70.6377
-70.6379
-70.638
-70.6382
-70.6384
-70.6385
-70.6387
-70.6389
-70.639
-70.6392
-70.6394
-70.6395
-70.6397
-70.6399
-70.64
-70.6402
-70.6403
-70.6405
-70.6407
-70.6408
-70.641
-70.6411
-70.6413
-70.6414
-70.6416
-70.6418
-70.6419
-70.6421
-70.6422
-70.6424
-70.6425
-70.6427
-70.6428
-70.643
-70.6431
-70.6433
-70.6434
-70.6436
-70.6437
-70.6439
-70.644
-70.6442
-70.6443
-70.6445
-70.6446
-70.6447
-70.6449
-70.645
-70.6452
-70.6453
-70.6454
-70.6456
-70.6457
-70.6459
-70.646

