-70
-70.1661
-70.23
-70.2566
-70.2695
-70.2773
-70.283
-70.2879
-70.2925
-70.297
-70.3014
-70.3057
-70.31
-70.3142
-70.3185
-70.3226
-70.3268
-70.3309
-70.335
-70.3391
-70.3431
-70.3471
-70.351
-70.3549
-70.3588
-70.3626
-70.3664
-70.3701
-70.3738
-70.3775
-70.3811
-70.3847
-70.3883
-70.3918
-70.3953
-70.3987
-70.4021
-70.4055
-70.4088
-70.4121
-70.4154
-70.4186
-70.4218
-70.4249
-70.428
-70.4311
-70.4341
-70.4372
-70.4401
-70.4431
-70.446
-70.4489
-70.4517
-70.4545
-70.4573
-70.4601
-70.4628
-70.4655
-70.4682
-70.4708
-70.4734
-70.476
-70.4785
-70.481
-70.4835
-70.486
-70.4884
-70.4908
-70.4932
-70.4955
-70.4978
-70.5001
-70.5024
-70.5046
-70.5068
-70.509
-70.5112
-70.5133
-70.5154
-70.5175
-70.5196
-70.5216
-70.5236
-70.5256
-70.5276
-70.5295
-70.5315
-70.5334
-70.5352
-70.5371
-70.5389
-70.5407
-70.5425
-70.5443
-70.5461
-70.5478
-70.5495
-70.5512
-70.5528
-70.5545
-70.5561
-70.5577
-70.5593
-70.5609
-70.5624
-70.5639
-70.5655
-70.5669
-70.5684
-70.5699
-70.5713
-70.5727
-70.5741
-70.5755
-70.5769
-70.5782
-70.5796
-70.5809
-70.5822
-70.5835
-70.5848
-70.586
-70.5873
-70.5885
-70.5897
-70.5909
-70.5921
-70.5932
-70.5944
-70.5955
-70.5966
-70.5977
-70.5988
-70.5999
-70.601
-70.602
-70.603
-70.6041
-70.6051
-70.6061
-70.6071
-70.608
-70.609
-70.6099
-70.6109
-70.6118
-70.6127
-70.6136
-70.6145
-70.6154
-70.6162
-70.6171
-70.6179
-70.6187
-70.6196
-70.6204
-70.6212
-70.622
-70.6227
-70.6235
-70.6242
-70.625
-70.6257
-70.6265
-70.6272
-70.6279
-70.6286
-70.6293
-70.6299
-70.6306
-70.6313
-70.6319
-70.6325
-70.6332
-70.6338
-70.6344
-70.635
-70.6356
-70.6362
-70.6368
-70.6374
-70.6379
-70.6385
-70.639
-70.6396
-70.6401
-70.6406
-70.6411
-70.6417
-70.6422
-70.6427
-70.6431
-70.6436
-70.6441
-70.6446
-70.645
-70.6455
-70.6459
-70.6464
-70.6468
-70.6472
-70.6476
-70.6481
-70.6485
-70.6489
-70.6493
-70.6497
-70.65
-70.6504
-70.6508
-70.6512
-70.6515
-70.6519
-70.6522
-70.6526
-70.6529
-70.6533
-70.6536
-70.6539
-70.6542
-70.6545
-70.6549
-70.6552
-70.6555
-70.6558
-70.656
-70.6563
-70.6566
-70.6569
-70.6572
-70.6574
-70.6577
-70.658
-70.6582
-70.6585
-70.6587
-70.6589
-70.6592
-70.6594
-70.6597
-70.6599
-70.6601
-70.6603
-70.6605
-70.6607
-70.661
-70.6612
-70.6614
-70.6616
-70.6617
-70.6619
-70.6621
-70.6623
-70.6625
-70.6627
-70.6628
-70.663
-70.6632
-70.6633
-70.6635
-70.6637
-70.6638
-70.664
-70.6641
-70.6643
-70.6644
-70.6646
-70.6647
-70.6648
-70.665
-70.6651
-70.6652
-70.6653
-70.6655
-70.6656
-70.6657
-70.6658
-70.6659
-70.666
-70.6662
-70.6663
-70.6664
-70.6665
-70.6666
-70.6667
-70.6668
-70.6669
-70.667
-70.667
-70.6671
-70.6672
-70.6673
-70.6674
-70.6675
-70.6675
-70.6676
-70.6677
-70.6678
-70.6678
-70.6679
-70.668
-70.668
-70.6681
-70.6682
-70.6682
-70.6683
-70.6683
-70.6684
-70.6685
-70.6685
-70.6686
-70.6686
-70.6687
-70.6687
-70.6688
-70.6688
-70.6688
-70.6689
-70.6689
-70.669
-70.669
-70.669
-70.6691
-70.6691
-70.6691
-70.6692
-70.6692
-70.6692
-70.6693
-70.6693
-70.6693
-70.6694
-70.6694
-70.6694
-70.6694
-70.6694
-70.6695
-70.6695
-70.6695
-70.6695
-70.6695
-70.6696
-70.6696
-70.6696
-70.6696
-70.6696
-70.6696
-70.6696
-70.6697
-70.6697
-70.6697
-70.6697
-70.6697
-70.6697
-70.6697
-70.6697
-70.6697
-70.6697
-70.6697
-70.6697
-70.6697
-70.6697
-70.6697
-70.6697
-70.6697
-70.6697
-70.6697
-70.6697
-70.6697
-70.6697
-70.6697
-70.6697
-70.6697
-70.6697
-70.6697
-70.6697
-70.6697
-70.6697
-70.6697
-70.6697
-70.6697
-70.6697
-70.6697
-70.6696
-70.6696
-70.6696
-70.6696
-70.6696
-70.6696
-70.6696
-70.6696
-70.6696
-70.6695
-70.6695
-70.6695
-70.6695
-70.6695
-70.6695
-70.6695
-70.6695
-70.6694
-70.6694
-70.6694
-70.6694
-70.6694
-70.6694
-70.6693
-70.6693
-70.6693
-70.6693
-70.6693
-70.6693
-70.6693
-70.6692
-70.6692
-70.6692
-70.6692
-70.6692
-70.6691
-70.6691
-70.6691
-70.6691
-70.6691
-70.6691
-70.669
-70.669
-70.669
-70.669
-70.669
-70.6689
-70.6689
-70.6689
-70.6689
-70.6689
-70.6688
-70.6688
-70.6688
-70.6688
-70.6688
-70.6687
-70.6687
-70.6687
-70.6687
-70.6686
-70.6686
-70.6686
-70.6686
-70.6686
-70.6685
-70.6685
-70.6685
-70.6685
-70.6685
-70.6684
-70.6684
-70.6684
-70.6684
-70.6684
-70.6683
-70.6683
-70.6683
-70.6683
-70.6682
-70.6682
-70.6682
-70.6682
-70.6682
-70.6681
-70.6681
-70.6681
-70.6681
-70.6681
-70.671
-70.9454
-71.7615
-72.7456
-73.5132
-73.9618
-74.1875
-56.2034
-51.8041
-49.8343
-47.7314
-41.8521
7.4059
-29.6077
-62.0807
-69.0277
-68.1281
-67.0896
-66.0254
-64.9545
-63.8953
-62.8663
-61.8835
-60.9219
-59.8405
-58.9443
-58.1666
-57.4801
-56.8759
-56.3482
-55.8656
-55.435
-55.0784
-54.7816
-54.5353
-54.333
-54.1642
-54.0066
-53.88
-53.7818
-53.7058
-53.6472
-53.6026
-53.5693
-53.5282
-53.4939
-53.4711
-53.4566
-53.4479
-53.4432
-53.4416
-53.4423
-53.4429
-53.4272
-53.4161
-53.4116
-53.4113
-53.4135
-53.417
-53.4216
-53.4269
-53.4327
-53.4389
-53.4456
-53.4348
-53.4192
-53.4125
-53.4113
-53.413
-53.4161
-53.42
-53.4244
-53.4291
-53.434
-53.4391
-53.4443
-53.4497
-53.455
-53.4596
-53.4637
-53.467
-53.452
-53.4189
-53.4038
-53.3976
-53.3944
-53.3912
-53.3859
-53.375
-53.3471
-53.1804
-52.6167
-52.5841
-52.7195
-52.859
-52.9665
-53.0414
-53.0916
-53.1259
-53.1514
-53.1736
-53.196
-53.2213
-53.2521
-53.2913
-53.3419
-53.4065
-53.4851
-53.5759
-53.5307
-53.4911
-53.4776
-53.4756
-53.4795
-53.487
-53.497
-53.5092
-53.5236
-53.54
-53.5587
-53.5797
-53.603
-53.6289
-53.6574
-53.6888
-53.7235
-53.7616
-53.8034
-53.8491
-53.8991
-53.9536
-54.0129
-54.0774
-54.1475
-54.2236
-54.3056
-54.3942
-54.4899
-54.5933
-54.7047
-54.8248
-54.9541
-55.0934
-55.2431
-55.4034
-55.5744
-53.9206
-53.3353
-53.2183
-53.2277
-53.2692
-53.3155
-53.3593
-53.3991
-53.4351
-53.4681
-53.4987
-53.5277
-53.5557
-53.5834
-53.6111
-53.6393
-53.6696
-53.7016
-53.7351
-53.7705
-53.808
-53.8481
-53.8912
-53.9376
-53.9917
-54.0531
-54.1185
-54.1888
-54.2626
-54.3402
-54.4225
-54.5104
-54.6043
-54.7046
-54.8164
-54.9532
-55.0977
-55.2502
-55.4089
-55.572
-55.7408
-55.9167
-56.1005
-56.293
-54.4636
-53.2927
-53.06
-53.0614
-53.1201
-53.1861
-53.2464
-53.2988
-53.3439
-53.383
-53.4175
-53.4487
-53.479
-53.508
-53.5355
-53.5627
-53.59
-53.6173
-53.6451
-53.6739
-53.704
-53.7361
-53.7709
-53.8129
-53.8601
-53.9088
-53.9603
-54.0174
-54.0777
-54.1411
-54.2084
-54.2799
-54.3562
-54.4389
-54.5361
-54.6508
-54.7697
-54.8906
-55.02
-55.1616
-55.3083
-55.4596
-55.6164
-55.7796
-55.9498
-56.1377
-56.356
-56.5993
-56.8403
-57.0764
-57.3169
-57.576
-57.8359
-58.0925
-57.6522
-53.6906
-52.844
-52.7324
-52.8063
-52.9191
-53.0272
-53.1202
-53.1972
-53.2614
-53.3157
-53.362
-53.4022
-53.4379
-53.4704
-53.5014
-53.5316
-53.563
-53.5947
-53.6259
-53.6573
-53.6897
-53.7255
-53.7639
-53.8041
-53.8468
-53.8952
-53.9511
-54.0138
-54.0787
-54.1461
-54.2177
-54.298
-54.3834
-54.4731
-54.568
-54.6688
-54.7826
-54.9133
-55.0631
-55.2171
-55.3733
-55.5379
-55.7172
-55.902
-53.9764
-53.2363
-53.1014
-53.1188
-53.1715
-53.2273
-53.2784
-53.3228
-53.3611
-53.395
-53.4255
-53.4531
-53.4786
-53.5036
-53.5291
-53.5549
-53.5891
-53.6344
-53.6842
-53.7365
-53.787
-53.8353
-53.8853
-53.9413
-54.0198
-54.1467
-54.3076
-54.4678
-54.6184
-54.755
-54.887
-55.024
-55.1704
-55.3396
-55.5533
-55.801
-56.0696
-56.3436
-56.6176
-56.8931
-57.1743
-57.4659
-57.7729
-58.1047
-58.4775
-58.892
-59.3367
-59.7937
-60.2569
-60.7142
-61.1684
-61.6244
-62.0836
-62.5507
-63.0437
-63.5743
-64.1215
-64.6724
-65.2129
-65.7334
-66.2256
-66.6955
-67.1462
-67.5795
-68.0082
-68.4479
-68.8883
-69.3243
-69.7392
-70.1269
-70.4826
-70.8036
-71.0963
-71.3656
-71.6143
-71.8544
-72.0939
-72.3284
-72.5538
-72.7615
-72.9495
-73.1194
-73.2661
-73.3955
-73.5102
-73.6143
-73.714
-73.8117
-73.9063
-73.9971
-74.0811
-74.1554
-74.2214
-74.2773
-74.3241
-74.3642
-74.3989
-74.4325
-74.4666
-74.5011
-74.5353
-74.5677
-74.5964
-74.6214
-74.6426
-74.6588
-74.6701
-74.6784
-74.6863
-74.6953
-74.7054
-74.7163
-74.7279
-74.7401
-74.751
-74.7596
-74.766
-74.7695
-74.7707
-74.7703
-74.7706
-74.7713
-74.7739
-74.778
-74.7825
-74.7873
-74.7918
-74.7956
-74.7976
-74.7975
-74.7949
-74.7923
-74.7891
-74.7868
-74.7862
-74.7875
-74.7894
-74.7912
-74.7938
-74.7968
-74.7994
-74.7998
-74.7974
-74.7943
-74.7925
-74.7895
-74.7858
-74.7845
-74.785
-74.7856
-74.7865
-74.7878
-74.7889
-74.7902
-74.7903
-74.7881
-74.7858
-74.7842
-74.7816
-74.7777
-74.7745
-74.7747
-74.7758
-74.7768
-74.778
-74.7792
-74.7796
-74.78
-74.78
-74.7786
-74.7771
-74.7753
-74.7724
-74.7684
-74.7659
-74.7648
-74.7639
-74.7637
-74.7645
-74.7657
-74.7656
-74.7658
-74.7662
-74.7668
-74.7656
-74.7633
-74.7614
-74.7589
-74.7568
-74.7569
-74.7564
-74.7541
-74.7528
-74.7532
-74.7531
-74.7523
-74.7527
-74.7546
-74.7564
-74.7564
-74.7545
-74.7499
-74.7462
-74.7445
-74.7447
-74.7445
-74.7425
-74.7401
-74.7388
-74.7373
-74.735
-74.7344
-74.7364
-74.7396
-74.7428
-74.7456
-74.7443
-74.7387
-74.7348
-74.7343
-74.7346
-74.7333
-74.7306
-74.729
-74.7275
-74.7253
-74.7223
-74.7195
-74.7209
-74.7238
-74.7267
-74.7303
-74.7318
-74.7292
-74.7247
-74.7202
-74.7193
-74.7197
-74.7193
-74.7176
-74.7135
-74.7105
-74.7087
-74.706
-74.7028
-74.7013
-74.7037
-74.7088
-74.7139
-74.7173
-74.7176
-74.7158
-74.7116
-74.7067
-74.7037
-74.7031
-74.7046
-74.7049
-74.7022
-74.6987
-74.6959
-74.6934
-74.6914
-74.6885
-74.6846
-74.6858
-74.6897
-74.6952
-74.6984
-74.699
-74.6961
-74.6926
-74.6897
-74.6872
-74.6846
-74.6841
-74.6839
-74.6832
-74.6813
-74.6792
-74.6775
-74.6748
-74.6717
-74.6704
-74.6688
-74.6686
-74.673
-74.6769
-74.6785
-74.6779
-74.6749
-74.6714
-74.6681
-74.6686
-74.6672
-74.6648
-74.6652
-74.6657
-74.6663
-74.6651
-74.6638
-74.6634
-74.6624
-74.6584
-74.6528
-74.6489
-74.6463
-74.6467
-74.6501
-74.6515
-74.6537
-74.6529
-74.6495
-74.6439
-74.6398
-74.6379
-74.6394
-74.639
-74.6372
-74.6368
-74.6394
-74.6404
-74.6391
-74.6382
-74.6375
-74.6384
-74.6387
-74.6357
-74.6315
-74.6299
-74.6264
-74.6222
-74.6203
-74.6221
-74.6236
-74.6234
-74.6208
-74.6184
-74.6155
-74.6097
-74.6048
-74.6011
-74.6
-74.6053
-74.6111
-74.6137
-74.6172
-74.6165
-74.6147
-74.6153
-74.6155
-74.6158
-74.6134
-74.6076
-74.6041
-74.6025
-74.6009
-74.5952
-74.5888
-74.583
-74.5799
-74.5784
-74.581
-74.5827
-74.5817
-74.5786
-74.5744
-74.5705
-74.5662
-74.5606
-74.5538
-74.5555
-74.5656
-74.5717
-74.5745
-74.5775
-74.5807
-74.5825
-74.5781
-74.5714
-74.5707
-74.5703
-74.5657
-74.5609
-74.5604
-74.5616
-74.5598
-74.5534
-74.5469
-74.5415
-74.5349
-74.5348
-74.5344
-74.5344
-74.5339
-74.5332
-74.5315
-74.53
-74.5297
-74.5261
-74.5177
-74.512
-74.5096
-74.5133
-74.5191
-74.525
-74.5306
-74.5315
-74.5296
-74.5302
-74.529
-74.5275
-74.525
-74.5234
-74.5224
-74.5184
-74.5151
-74.5124
-74.5099
-74.5056
-74.5029
-74.4979
-74.4909
-74.4836
-74.4779
-74.4726
-74.4687
-74.4727
-74.4765
-74.4768
-74.4742
-74.4685
-74.4633
-74.4602
-74.4611
-74.4633
-74.4645
-74.4608
-74.457
-74.4548
-74.4588
-74.461
-74.4586
-74.4571
-74.4566
-74.4553
-74.4539
-74.4515
-74.45
-74.4457
-74.4373
-74.4332
-74.4334
-74.4403
-74.4448
-74.4419
-74.4333
-74.4246
-74.42
-74.4162
-74.409
-74.3978
-74.3851
-74.3749
-74.3745
-74.3749
-74.3758
-74.3771
-74.3775
-74.3793
-74.3816
-74.3805
-74.3771
-74.3761
-74.3765
-74.378
-74.378
-74.3758
-74.3769
-74.3774
-74.372
-74.3662
-74.367
-74.3685
-74.3705
-74.3751
-74.3773
-74.3722
-74.3665
-74.3581
-74.3459
-74.3376
-74.3368
-74.3363
-74.3395
-74.3397
-74.3357
-74.3329
-74.3319
-74.3348
-74.3391
-74.3395
-74.3392
-74.3359
-74.3269
-74.3149
-74.3011
-74.2882
-74.2766
-74.2661
-74.2574
-74.2487
-74.2389
-74.2333
-74.2312
-74.229
-74.2245
-74.221
-74.2249
-74.2285
-74.2345
-74.2399
-74.2393
-74.237
-74.2357
-74.2367
-74.2404
-74.2421
-74.2425
-74.2468
-74.2516
-74.2519
-74.2494
-74.2517
-74.2522
-74.2476
-74.2394
-74.2317
-74.2328
-74.2347
-74.2352
-74.2354
-74.23
-74.2229
-74.2161
-74.2083
-74.1962
-74.1786
-74.1603
-74.1484
-74.1366
-74.1223
-74.1141
-74.1126
-74.1077
-74.1012
-74.0972
-74.0962
-74.0957
-74.101
-74.1086
-74.1175
-74.1228
-74.1229
-74.1196
-74.1104
-74.1024
-74.095
-74.087
-74.0891
-74.1019
-74.1096
-74.1093
-74.1017
-74.0871
-74.0671
-74.0443
-74.0277
-74.0151
-73.9985
-73.9775
-73.9637
-73.962
-73.9632
-73.965
-73.9616
-73.9504
-73.9385
-73.9277
-73.9149
-73.9054
-73.8984
-73.9019
-73.9145
-73.9336
-73.9544
-73.9707
-73.9818
-73.9824
-73.9736
-73.9648
-73.956
-73.944
-73.9362
-73.93
-73.9251
-73.9219
-73.9211
-73.9185
-73.9203
-73.9177
-73.9097
-73.9039
-73.9027
-73.9086
-73.9241
-73.9396
-73.9484
-73.9576
-73.9672
-73.9758
-73.989
-73.9977
-74
-73.9972
-73.9875
-73.9826
-73.9792
-73.9693
-73.9557
-73.9408
-73.9218
-73.8997
-73.8876
-73.8855
-73.8796
-73.8714
-73.8621
-73.8598
-73.8597
-73.8582
-73.858
-73.8529
-73.843
-73.8346
-73.8254
-73.8107
-73.7952
-73.7846
-73.7744
-73.7642
-73.7494
-73.7298
-73.712
-73.6938
-73.6755
-73.6725
-73.6697
-73.6658
-73.6572
-73.6461
-73.6364
-73.6315
-73.6293
-73.6284
-73.6278
-73.6229
-73.6238
-73.6217
-73.6121
-73.5963
-73.5761
-73.5531
-73.5342
-73.5167
-73.5028
-73.4931
-73.4847
-73.4715
-73.4536
-73.4387
-73.4242
-73.4061
-73.3892
-73.3755
-73.3589
-73.3386
-73.3154
-73.2902
-73.2636
-73.2361
-73.2078
-73.1791
-73.1501
-73.1287
-73.112
-73.0933
-73.0718
-73.0528
-73.0404
-73.0262
-73.0182
-73.0229
-73.0238
-73.0172
-73.0046
-72.989
-72.9807
-72.9723
-72.9596
-72.943
-72.9235
-72.9021
-72.8793
-72.8555
-72.8311
-72.8062
-72.7809
-72.7555
-72.73
-72.7044
-72.6789
-72.6533
-72.6279
-72.6026
-72.5775
-72.5525
-72.5276
-72.5092
-72.5016
-72.4932
-72.481
-72.4657
-72.4481
-72.4291
-72.4091
-72.3886
-72.3676
-72.3464
-72.3251
-72.3037
-72.2823
-72.261
-72.2398
-72.2187
-72.1978
-72.177
-72.1564
-72.1359
-72.1158
-72.1085
-72.1094
-72.1071
-72.1003
-72.09
-72.0773
-72.063
-72.0475
-72.0314
-72.0148
-71.9979
-71.9808
-71.9636
-71.9463
-71.9291
-71.9119
-71.8948
-71.8777
-71.8608
-71.844
-71.8274
-71.8109
-71.7945
-71.7783
-71.7623
-71.7464
-71.7307
-71.7152
-71.6998
-71.6846
-71.6696
-71.6547
-71.6401
-71.6256
-71.6112
-71.5971
-71.5831
-71.5692
-71.5556
-71.5421
-71.5287
-71.5155
-71.5025
-71.4897
-71.477
-71.4644
-71.452
-71.4398
-71.4277
-71.4158
-71.404
-71.3924
-71.3809
-71.3695
-71.3583
-71.3473
-71.3363
-71.3256
-71.3149
-71.3044
-71.2941
-71.2838
-71.2737
-71.2638
-71.2539
-71.2442
-71.2346
-71.2252
-71.2158
-71.2066
-71.1975
-71.1885
-71.1797
-71.1709
-71.1623
-71.1538
-71.1454
-71.1371
-71.1289
-71.1208
-71.1129
-71.105
-71.0972
-71.0896
-71.082
-71.0746
-71.0672
-71.06
-71.0528
-71.0457
-71.0388
-71.0319
-71.0251
-71.0184
-71.0118
-71.0053
-70.9989
-70.9926
-70.9863
-70.9802
-70.9741
-70.9681
-70.9622
-70.9564
-70.9507
-70.945
-70.9394
-70.9339
-70.9285
-70.9231
-70.9179
-70.9126
-70.9075
-70.9025
-70.8975
-70.8926
-70.8877
-70.8829
-70.8782
-70.8736
-70.869
-70.8645
-70.8601
-70.8557
-70.8514
-70.8471
-70.843
-70.8388
-70.8348
-70.8308
-70.8268
-70.8229
-70.8191
-70.8153
-70.8116
-70.8079
-70.8043
-70.8008
-70.7973
-70.7938
-70.7904
-70.7871
-70.7838
-70.7806
-70.7774
-70.7742
-70.7711
-70.7681
-70.7651
-70.7621
-70.7592
-70.7564
-70.7536
-70.7508
-70.7481
-70.7454
-70.7427
-70.7401
-70.7376
-70.7351
-70.7326
-70.7302
-70.7278
-70.7254
-70.7231
-70.7208
-70.7186
-70.7164
-70.7142
-70.7121
-70.71
-70.7079
-70.7059
-70.7039
-70.7019
-70.7
-70.6981
-70.6963
-70.6944
-70.6926
-70.6909
-70.6891
-70.6874
-70.6858
-70.6841
-70.6825
-70.6809
-70.6794
-70.6778
-70.6763
-70.6749
-70.6734
-70.672
-70.6706
-70.6692
-70.6679
-70.6666
-70.6653
-70.664
-70.6628
-70.6616
-70.6604
-70.6592
-70.658
-70.6569
-70.6558
-70.6547
-70.6537
-70.6526
-70.6516
-70.6506
-70.6496
-70.6487
-70.6477
-70.6468
-70.6459
-70.645
-70.6442
-70.6433
-70.6425
-70.6417
-70.6409
-70.6402
-70.6394
-70.6387
-70.6379
-70.6372
-70.6366
-70.6359
-70.6352
-70.6346
-70.634
-70.6333
-70.6328
-70.6322
-70.6316
-70.6311
-70.6305
-70.63
-70.6295
-70.629
-70.6285
-70.628
-70.6276
-70.6271
-70.6267
-70.6263
-70.6259
-70.6255
-70.6251
-70.6247
-70.6243
-70.624
-70.6237
-70.6233
-70.623
-70.6227
-70.6224
-70.6221
-70.6218
-70.6216
-70.6213
-70.621
-70.6208
-70.6206
-70.6203
-70.6201
-70.6199
-70.6197
-70.6195
-70.6194
-70.6192
-70.619
-70.6189
-70.6187
-70.6186
-70.6184
-70.6183
-70.6182
-70.6181
-70.618
-70.6179
-70.6178
-70.6177
-70.6176
-70.6176
-70.6175
-70.6174
-70.6174
-70.6173
-70.6173
-70.6173
-70.6172
-70.6172
-70.6172
-70.6172
-70.6172
-70.6171
-70.6171
-70.6172
-70.6172
-70.6172
-70.6172
-70.6172
-70.6173
-70.6173
-70.6173
-70.6174
-70.6174
-70.6175
-70.6175
-70.6176
-70.6176
-70.6177
-70.6178
-70.6178
-70.6179
-70.618
-70.6181
-70.6182
-70.6182
-70.6183
-70.6184
-70.6185
-70.6186
-70.6187
-70.6188
-70.619
-70.6191
-70.6192
-70.6193
-70.6194
-70.6195
-70.6197
-70.6198
-70.6199
-70.62
-70.6202
-70.6203
-70.6204
-70.6206
-70.6207
-70.6209
-70.621
-70.6212
-70.6213
-70.6215
-70.6216
-70.6218
-70.6219
-70.6221
-70.6222
-70.6224
-70.6225
-70.6227
-70.6229
-70.623
-70.6232
-70.6234
-70.6235
-70.6237
-70.6239
-70.624
-70.6242
-70.6244
-70.6246
-70.6247
-70.6249
-70.6251
-70.6253
-70.6254
-70.6256
-70.6258
-70.626
-70.6262
-70.6263
-70.6265
-70.6267
-70.6269
-70.6271
-70.6272
-70.6274
-70.6276
-70.6278
-70.628
-70.6282
-70.6283
-70.6285
-70.6287
-70.6289
-70.6291
-70.6293
-70.6295
-70.6296
-70.6298
-70.63
-70.6302
-70.6304
-70.6306
-70.6308
-70.6309
-70.6311
-70.6313
-70.6315
-70.6317
-70.6319
-70.632
-70.6322
-70.6324
-70.6326
-70.6328
-70.633
-70.6332
-70.6333
-70.6335
-70.6337
-70.6339
-70.6341
-70.6343
-70.6344
-70.6346
-70.6348
-70.635
-70.6352
-70.6353
-70.6355
-70.6357
-70.6359
-70.6361
-70.6362
-70.6364
-70.6366
-70.6368
-70.6369
-70.6371
-70.6373
-70.6375
-70.6376
-70.6378
-70.638
-70.6382
-70.6383
-70.6385
-70.6387
-70.6388
-70.639
-70.6392
-70.6393
-70.6395
-70.6397
-70.6398
-70.64
-70.6402
-70.6403
-70.6405
-70.6407
-70.6408
-70.641
-70.6412
-70.6413
-70.6415
-70.6416
-70.6418
-70.642
-70.6421
-70.6423
-70.6424
-70.6426
-70.6427
-70.6429
-70.643
-70.6432
-70.6433
-70.6435
-70.6436
-70.6438
-70.6439
-70.6441
-70.6442
-70.6444
-70.6445
-70.6447
-70.6448
-70.645
-70.6451
-70.6453
-70.6454
-70.6455
-70.6457

