-70
-70.1661
-70.23
-70.2566
-70.2695
-70.2773
-70.283
-70.2879
-70.2925
-70.297
-70.3014
-70.3057
-70.31
-70.3142
-70.3185
-70.3226
-70.3268
-70.3309
-70.335
-70.3391
-70.3431
-70.3471
-70.351
-70.3549
-70.3588
-70.3626
-70.3664
-70.3701
-70.3738
-70.3775
-70.3811
-70.3847
-70.3883
-70.3918
-70.3953
-70.3987
-70.4021
-70.4055
-70.4088
-70.4121
-70.4154
-70.4186
-70.4218
-70.4249
-70.428
-70.4311
-70.4341
-70.4372
-70.4401
-70.4431
-70.446
-70.4489
-70.4517
-70.4545
-70.4573
-70.4601
-70.4628
-70.4655
-70.4682
-70.4708
-70.4734
-70.476
-70.4785
-70.481
-70.4835
-70.486
-70.4884
-70.4908
-70.4932
-70.4955
-70.4978
-70.5001
-70.5024
-70.5046
-70.5068
-70.509
-70.5112
-70.5133
-70.5154
-70.5175
-70.5196
-70.5216
-70.5236
-70.5256
-70.5276
-70.5295
-70.5315
-70.5334
-70.5352
-70.5371
-70.5389
-70.5407
-70.5425
-70.5443
-70.5461
-70.5478
-70.5495
-70.5512
-70.5528
-70.5545
-70.5561
-70.5577
-70.5593
-70.5609
-70.5624
-70.5639
-70.5655
-70.5669
-70.5684
-70.5699
-70.5713
-70.5727
-70.5741
-70.5755
-70.5769
-70.5782
-70.5796
-70.5809
-70.5822
-70.5835
-70.5848
-70.586
-70.5873
-70.5885
-70.5897
-70.5909
-70.5921
-70.5932
-70.5944
-70.5955
-70.5966
-70.5977
-70.5988
-70.5999
-70.601
-70.602
-70.603
-70.6041
-70.6051
-70.6061
-70.6071
-70.608
-70.609
-70.6099
-70.6109
-70.6118
-70.6127
-70.6136
-70.6145
-70.6154
-70.6162
-70.6171
-70.6179
-70.6187
-70.6196
-70.6204
-70.6212
-70.622
-70.6227
-70.6235
-70.6242
-70.625
-70.6257
-70.6265
-70.6272
-70.6279
-70.6286
-70.6293
-70.6299
-70.6306
-70.6313
-70.6319
-70.6325
-70.6332
-70.6338
-70.6344
-70.635
-70.6356
-70.6362
-70.6368
-70.6374
-70.6379
-70.6385
-70.639
-70.6396
-70.6401
-70.6406
-70.6411
-70.6417
-70.6422
-70.6427
-70.6431
-70.6436
-70.6441
-70.6446
-70.645
-70.6455
-70.6459
-70.6464
-70.6468
-70.6472
-70.6476
-70.6481
-70.6485
-70.6489
-70.6493
-70.6497
-70.65
-70.6504
-70.6508
-70.6512
-70.6515
-70.6519
-70.6522
-70.6526
-70.6529
-70.6533
-70.6536
-70.6539
-70.6542
-70.6545
-70.6549
-70.6552
-70.6555
-70.6558
-70.656
-70.6563
-70.6566
-70.6569
-70.6572
-70.6574
-70.6577
-70.658
-70.6582
-70.6585
-70.6587
-70.6589
-70.6592
-70.6594
-70.6597
-70.6599
-70.6601
-70.6603
-70.6605
-70.6607
-70.661
-70.6612
-70.6614
-70.6616
-70.6617
-70.6619
-70.6621
-70.6623
-70.6625
-70.6627
-70.6628
-70.663
-70.6632
-70.6633
-70.6635
-70.6637
-70.6638
-70.664
-70.6641
-70.6643
-70.6644
-70.6646
-70.6647
-70.6648
-70.665
-70.6651
-70.6652
-70.6653
-70.6655
-70.6656
-70.6657
-70.6658
-70.6659
-70.666
-70.6662
-70.6663
-70.6664
-70.6665
-70.6666
-70.6667
-70.6668
-70.6669
-70.667
-70.667
-70.6671
-70.6672
-70.6673
-70.6674
-70.6675
-70.6675
-70.6676
-70.6677
-70.6678
-70.6678
-70.6679
-70.668
-70.668
-70.6681
-70.6682
-70.6682
-70.6683
-70.6683
-70.6684
-70.6685
-70.6685
-70.6686
-70.6686
-70.6687
-70.6687
-70.6688
-70.6688
-70.6688
-70.6689
-70.6689
-70.669
-70.669
-70.669
-70.6691
-70.6691
-70.6691
-70.6692
-70.6692
-70.6692
-70.6693
-70.6693
-70.6693
-70.6694
-70.6694
-70.6694
-70.6694
-70.6694
-70.6695
-70.6695
-70.6695
-70.6695
-70.6695
-70.6696
-70.6696
-70.6696
-70.6696
-70.6696
-70.6696
-70.6696
-70.6697
-70.6697
-70.6697
-70.6697
-70.6697
-70.6697
-70.6697
-70.6697
-70.6697
-70.6697
-70.6697
-70.6697
-70.6697
-70.6697
-70.6697
-70.6697
-70.6697
-70.6697
-70.6697
-70.6697
-70.6697
-70.6697
-70.6697
-70.6697
-70.6697
-70.6697
-70.6697
-70.6697
-70.6697
-70.6697
-70.6697
-70.6697
-70.6697
-70.6697
-70.6697
-70.6696
-70.6696
-70.6696
-70.6696
-70.6696
-70.6696
-70.6696
-70.6696
-70.6696
-70.6695
-70.6695
-70.6695
-70.6695
-70.6695
-70.6695
-70.6695
-70.6695
-70.6694
-70.6694
-70.6694
-70.6694
-70.6694
-70.6694
-70.6693
-70.6693
-70.6693
-70.6693
-70.6693
-70.6693
-70.6693
-70.6692
-70.6692
-70.6692
-70.6692
-70.6692
-70.6691
-70.6691
-70.6691
-70.6691
-70.6691
-70.6691
-70.669
-70.669
-70.669
-70.669
-70.669
-70.6689
-70.6689
-70.6689
-70.6689
-70.6689
-70.6688
-70.6688
-70.6688
-70.6688
-70.6688
-70.6687
-70.6687
-70.6687
-70.6687
-70.6686
-70.6686
-70.6686
-70.6686
-70.6686
-70.6685
-70.6685
-70.6685
-70.6685
-70.6685
-70.6684
-70.6684
-70.6684
-70.6684
-70.6684
-70.6683
-70.6683
-70.6683
-70.6683
-70.6682
-70.6682
-70.6682
-70.6682
-70.6682
-70.6681
-70.6681
-70.6681
-70.6681
-70.6681
-70.6775
-70.9037
-71.7159
-72.7174
-73.4665
-73.9078
-58.8284
-52.3803
-50.1028
-47.957
-42.56
10.1541
-28.3693
-60.3505
-68.9883
-68.0996
-67.0438
-65.9583
-64.8622
-63.7734
-62.7092
-61.6857
-60.7167
-59.7985
-58.9333
-58.1549
-57.4562
-56.8355
-56.2914
-55.818
-55.4062
-55.053
-54.752
-54.4978
-54.286
-54.1108
-53.9656
-53.8449
-53.7466
-53.667
-53.6031
-53.5526
-53.5129
-53.4813
-53.4554
-53.4352
-53.4196
-53.4076
-53.3988
-53.3925
-53.3882
-53.3854
-53.3834
-53.381
-53.3789
-53.3774
-53.3766
-53.3767
-53.3773
-53.3784
-53.3797
-53.3812
-53.3828
-53.3844
-53.3847
-53.3846
-53.3844
-53.3844
-53.3847
-53.3854
-53.3864
-53.3876
-53.3885
-53.3892
-53.3901
-53.3911
-53.3922
-53.3932
-53.3942
-53.3952
-53.3952
-53.3937
-53.3927
-53.3919
-53.3906
-53.3894
-53.3883
-53.3868
-53.3837
-53.3714
-53.2846
-53.259
-53.2779
-53.301
-53.3194
-53.3325
-53.3413
-53.3473
-53.3517
-53.3554
-53.359
-53.3629
-53.3675
-53.3733
-53.3809
-53.3905
-53.4025
-53.4109
-53.4138
-53.416
-53.4186
-53.4207
-53.4206
-53.4193
-53.4157
-53.4144
-53.4149
-53.4149
-53.415
-53.4161
-53.418
-53.4205
-53.4236
-53.4271
-53.4311
-53.4355
-53.4404
-53.4458
-53.4517
-53.4581
-53.4652
-53.4729
-53.4814
-53.4906
-53.5006
-53.5116
-53.5236
-53.5367
-53.551
-53.5666
-53.5836
-53.6021
-53.6224
-53.5117
-53.4442
-53.4232
-53.4198
-53.423
-53.4262
-53.4225
-53.4217
-53.4195
-53.4159
-53.4121
-53.4114
-53.4128
-53.4153
-53.4184
-53.4218
-53.4256
-53.4295
-53.4338
-53.4382
-53.443
-53.4481
-53.4539
-53.4601
-53.4667
-53.4738
-53.4814
-53.4897
-53.4986
-53.5087
-53.5201
-53.5332
-53.5477
-53.5633
-53.5797
-53.5972
-53.616
-53.6364
-53.6585
-53.6828
-53.7124
-53.7457
-53.7648
-53.5034
-53.4074
-53.3854
-53.3859
-53.393
-53.4017
-53.4106
-53.4105
-53.4098
-53.4119
-53.4121
-53.4105
-53.411
-53.4128
-53.4113
-53.4109
-53.4119
-53.4139
-53.4166
-53.4198
-53.4234
-53.4272
-53.4314
-53.4357
-53.4403
-53.4451
-53.4503
-53.4559
-53.4621
-53.4693
-53.4774
-53.4864
-53.496
-53.5067
-53.5183
-53.5305
-53.5436
-53.5578
-53.5731
-53.5903
-53.6099
-53.6323
-53.6573
-53.6846
-53.7137
-53.7466
-53.7819
-53.8193
-53.8593
-53.9023
-53.9492
-53.7971
-53.478
-53.3702
-53.3495
-53.3546
-53.3661
-53.3788
-53.3909
-53.4019
-53.412
-53.4117
-53.4026
-53.3999
-53.401
-53.4039
-53.4059
-53.4059
-53.4069
-53.4088
-53.4114
-53.4143
-53.4173
-53.4201
-53.418
-53.4166
-53.4168
-53.4183
-53.4206
-53.4236
-53.4269
-53.4304
-53.4346
-53.4391
-53.4441
-53.4497
-53.4557
-53.4622
-53.4696
-53.478
-53.4871
-53.4967
-53.483
-53.4514
-53.4375
-53.4342
-53.4356
-53.4393
-53.4442
-53.4399
-53.4297
-53.4257
-53.4257
-53.4278
-53.4311
-53.4351
-53.4399
-53.4456
-53.452
-53.4591
-53.4673
-53.4506
-53.4275
-53.4175
-53.4149
-53.4155
-53.4178
-53.4214
-53.4265
-53.4326
-53.4426
-53.453
-53.463
-53.4725
-53.4822
-53.4925
-53.5048
-53.5224
-53.5457
-53.5728
-53.6026
-53.6308
-53.6577
-53.6847
-53.713
-53.7436
-53.7785
-53.8225
-53.8756
-53.9344
-53.9978
-54.0633
-53.8858
-53.5732
-53.4698
-53.446
-53.4503
-53.4654
-53.4853
-53.5072
-53.5302
-53.5537
-53.5775
-53.6021
-53.6275
-53.6544
-53.6832
-53.7152
-53.7521
-53.7937
-53.8396
-53.8895
-53.9424
-53.9981
-54.0576
-54.1211
-54.1902
-54.2662
-54.3527
-54.4528
-54.5645
-54.6872
-54.8174
-54.9542
-55.0986
-55.2523
-55.4166
-55.5921
-55.7845
-56.0003
-56.2408
-56.5052
-56.7927
-57.0916
-57.3984
-57.7165
-58.047
-58.3928
-58.7536
-59.1371
-59.5494
-59.9883
-60.4529
-60.9476
-61.4512
-61.9448
-62.4313
-62.9184
-63.4043
-63.8869
-64.3761
-64.8795
-65.3899
-65.8957
-66.4126
-66.9336
-67.4331
-67.8955
-68.3252
-68.7352
-69.1279
-69.5013
-69.862
-70.2172
-70.5536
-70.8717
-71.1806
-71.4824
-71.7604
-72.0066
-72.2253
-72.4243
-72.6105
-72.7856
-72.9497
-73.1071
-73.2524
-73.3855
-73.5103
-73.6323
-73.746
-73.844
-73.9275
-73.9982
-74.0619
-74.1218
-74.1792
-74.2334
-74.2827
-74.3261
-74.3663
-74.4048
-74.4443
-74.4812
-74.5125
-74.5373
-74.5574
-74.5731
-74.5889
-74.6066
-74.6244
-74.639
-74.6502
-74.6594
-74.6689
-74.6817
-74.6939
-74.7044
-74.7117
-74.7165
-74.7179
-74.7185
-74.72
-74.724
-74.729
-74.7316
-74.7326
-74.7329
-74.7352
-74.7416
-74.7469
-74.7518
-74.7553
-74.7566
-74.7558
-74.753
-74.7499
-74.7493
-74.7502
-74.7508
-74.7489
-74.7457
-74.7434
-74.7461
-74.7485
-74.75
-74.7527
-74.7545
-74.7544
-74.7517
-74.7473
-74.7442
-74.7429
-74.7419
-74.7424
-74.7414
-74.7384
-74.7368
-74.7396
-74.7424
-74.7439
-74.7451
-74.7472
-74.7482
-74.7471
-74.7436
-74.74
-74.7372
-74.7326
-74.7287
-74.7256
-74.7223
-74.7188
-74.7188
-74.7234
-74.7278
-74.7289
-74.7289
-74.7285
-74.7295
-74.7307
-74.7307
-74.7304
-74.7291
-74.7249
-74.7183
-74.7122
-74.7085
-74.7047
-74.7022
-74.7062
-74.7137
-74.7194
-74.7206
-74.7179
-74.7173
-74.7163
-74.7169
-74.7159
-74.7149
-74.7134
-74.7092
-74.7027
-74.6945
-74.6865
-74.6814
-74.6788
-74.6812
-74.688
-74.6955
-74.701
-74.7029
-74.7022
-74.7015
-74.7026
-74.7023
-74.7031
-74.7039
-74.7017
-74.6968
-74.6914
-74.6849
-74.6768
-74.6679
-74.6604
-74.659
-74.6669
-74.6761
-74.6801
-74.6823
-74.6848
-74.6844
-74.6822
-74.6811
-74.6803
-74.68
-74.6813
-74.6815
-74.6781
-74.6733
-74.6675
-74.6603
-74.6521
-74.6447
-74.6396
-74.6359
-74.6406
-74.6514
-74.6579
-74.6606
-74.662
-74.6628
-74.6649
-74.6651
-74.6631
-74.6624
-74.6646
-74.6647
-74.6628
-74.6616
-74.6578
-74.651
-74.6445
-74.638
-74.6327
-74.6268
-74.62
-74.6131
-74.6125
-74.6188
-74.6257
-74.6313
-74.6341
-74.6345
-74.634
-74.6315
-74.6296
-74.6303
-74.6335
-74.6368
-74.6375
-74.6369
-74.6334
-74.6305
-74.6258
-74.621
-74.6163
-74.6136
-74.6114
-74.6054
-74.596
-74.5876
-74.5868
-74.5905
-74.5919
-74.5935
-74.5998
-74.6074
-74.6085
-74.6072
-74.6021
-74.5986
-74.6014
-74.6044
-74.6075
-74.6086
-74.6104
-74.6114
-74.6069
-74.6016
-74.5984
-74.5943
-74.5893
-74.5844
-74.5795
-74.5704
-74.5602
-74.5534
-74.551
-74.5528
-74.5526
-74.5525
-74.5506
-74.5491
-74.5492
-74.55
-74.5498
-74.5546
-74.56
-74.5609
-74.5614
-74.5603
-74.56
-74.561
-74.5646
-74.5672
-74.5707
-74.5717
-74.5703
-74.5673
-74.5628
-74.5563
-74.547
-74.5371
-74.527
-74.5184
-74.5143
-74.5123
-74.513
-74.5179
-74.5232
-74.5245
-74.5212
-74.5145
-74.5083
-74.5025
-74.4969
-74.4961
-74.4981
-74.5042
-74.5121
-74.515
-74.5137
-74.5126
-74.5109
-74.5085
-74.5092
-74.5129
-74.5175
-74.5204
-74.5239
-74.5224
-74.516
-74.5072
-74.4963
-74.4854
-74.4805
-74.472
-74.4588
-74.4486
-74.4451
-74.4443
-74.4538
-74.4667
-74.4722
-74.4735
-74.4705
-74.463
-74.4532
-74.4423
-74.4357
-74.4308
-74.4238
-74.4168
-74.4123
-74.4074
-74.4072
-74.4136
-74.4199
-74.4225
-74.423
-74.4251
-74.4295
-74.4329
-74.4306
-74.4275
-74.4244
-74.4291
-74.4355
-74.4371
-74.4379
-74.4359
-74.4308
-74.4245
-74.4168
-74.4094
-74.4012
-74.3904
-74.3811
-74.3752
-74.3723
-74.3708
-74.3759
-74.3899
-74.4033
-74.4086
-74.4108
-74.4125
-74.4078
-74.3975
-74.386
-74.3732
-74.3638
-74.3618
-74.3596
-74.3537
-74.3418
-74.3266
-74.3167
-74.3126
-74.303
-74.2917
-74.2858
-74.2858
-74.2903
-74.2954
-74.303
-74.3111
-74.3191
-74.3257
-74.3313
-74.3286
-74.3188
-74.3098
-74.3035
-74.2963
-74.2935
-74.2964
-74.2996
-74.3004
-74.2971
-74.292
-74.2872
-74.2823
-74.2749
-74.2654
-74.2587
-74.2535
-74.2466
-74.2436
-74.2398
-74.2393
-74.2431
-74.257
-74.2728
-74.2844
-74.2922
-74.2916
-74.2868
-74.2812
-74.2781
-74.2787
-74.2757
-74.2703
-74.2646
-74.2589
-74.2506
-74.2389
-74.2289
-74.225
-74.2176
-74.2091
-74.1991
-74.187
-74.1717
-74.1603
-74.1501
-74.1403
-74.1318
-74.1217
-74.1148
-74.1126
-74.107
-74.1005
-74.089
-74.076
-74.0676
-74.0579
-74.0489
-74.0377
-74.0247
-74.0179
-74.0224
-74.0342
-74.0498
-74.0647
-74.071
-74.0665
-74.0544
-74.0416
-74.0361
-74.0399
-74.0457
-74.0514
-74.0557
-74.0601
-74.0606
-74.0562
-74.0468
-74.0402
-74.0328
-74.0229
-74.0155
-74.0281
-74.0417
-74.0486
-74.0525
-74.0511
-74.0447
-74.0408
-74.036
-74.0311
-74.0258
-74.0156
-74.0048
-74.0044
-74.0157
-74.0287
-74.0359
-74.0406
-74.0383
-74.0316
-74.0195
-74.0019
-73.9832
-73.9669
-73.959
-73.959
-73.9705
-73.9886
-74.0043
-74.0144
-74.0184
-74.0188
-74.0153
-74.0046
-73.9877
-73.9721
-73.9645
-73.9542
-73.9489
-73.9491
-73.953
-73.9592
-73.9671
-73.971
-73.9704
-73.9651
-73.9565
-73.9424
-73.9336
-73.9384
-73.9447
-73.9424
-73.9312
-73.9138
-73.8919
-73.867
-73.8414
-73.8191
-73.7958
-73.7699
-73.742
-73.7124
-73.6816
-73.6501
-73.6179
-73.5885
-73.5643
-73.5395
-73.513
-73.4916
-73.4711
-73.4509
-73.4424
-73.4337
-73.4193
-73.4016
-73.3938
-73.3882
-73.387
-73.4035
-73.4194
-73.4239
-73.4184
-73.4057
-73.3881
-73.3729
-73.3671
-73.3612
-73.3496
-73.334
-73.3313
-73.3394
-73.3412
-73.3344
-73.3211
-73.3037
-73.291
-73.2854
-73.2875
-73.2873
-73.2798
-73.2663
-73.2499
-73.239
-73.2269
-73.2106
-73.1909
-73.1688
-73.1523
-73.1393
-73.1314
-73.1354
-73.1372
-73.1448
-73.1544
-73.1571
-73.169
-73.1927
-73.2156
-73.2297
-73.2405
-73.2432
-73.2375
-73.2257
-73.2095
-73.1902
-73.1688
-73.1457
-73.125
-73.1131
-73.1095
-73.1042
-73.0932
-73.0775
-73.0584
-73.0369
-73.0138
-72.9896
-72.9694
-72.9573
-72.9438
-72.9269
-72.9072
-72.8856
-72.8717
-72.8626
-72.8504
-72.8346
-72.8158
-72.795
-72.7733
-72.761
-72.7526
-72.7442
-72.7433
-72.7399
-72.731
-72.7177
-72.7012
-72.6825
-72.6624
-72.6412
-72.6193
-72.5969
-72.5742
-72.5512
-72.5281
-72.505
-72.4819
-72.4588
-72.4357
-72.4128
-72.39
-72.3772
-72.3731
-72.3667
-72.3563
-72.3427
-72.3269
-72.3096
-72.2914
-72.2725
-72.2532
-72.2336
-72.2139
-72.1941
-72.1743
-72.1546
-72.1349
-72.1153
-72.0959
-72.0766
-72.0574
-72.0384
-72.0195
-72.0008
-71.9824
-71.964
-71.9459
-71.928
-71.9102
-71.8927
-71.8753
-71.8582
-71.8412
-71.8244
-71.8078
-71.7979
-71.8039
-71.8095
-71.8099
-71.8058
-71.7984
-71.7889
-71.7778
-71.7658
-71.753
-71.7399
-71.7264
-71.7127
-71.6988
-71.6849
-71.671
-71.6571
-71.6433
-71.6295
-71.6158
-71.6022
-71.5887
-71.5753
-71.562
-71.5489
-71.5359
-71.523
-71.5103
-71.4977
-71.4852
-71.4729
-71.4607
-71.4486
-71.4367
-71.425
-71.4133
-71.4019
-71.3905
-71.3793
-71.3682
-71.3573
-71.3465
-71.3358
-71.3253
-71.3149
-71.3046
-71.2944
-71.2844
-71.2745
-71.2648
-71.2552
-71.2456
-71.2363
-71.227
-71.2178
-71.2088
-71.1999
-71.1911
-71.1824
-71.1738
-71.1653
-71.157
-71.1487
-71.1406
-71.1326
-71.1246
-71.1168
-71.1091
-71.1014
-71.0939
-71.0865
-71.0792
-71.0719
-71.0648
-71.0578
-71.0508
-71.044
-71.0372
-71.0305
-71.0239
-71.0174
-71.011
-71.0047
-70.9985
-70.9923
-70.9863
-70.9803
-70.9744
-70.9686
-70.9628
-70.9571
-70.9516
-70.946
-70.9406
-70.9352
-70.93
-70.9247
-70.9196
-70.9145
-70.9095
-70.9046
-70.8998
-70.895
-70.8902
-70.8856
-70.881
-70.8765
-70.872
-70.8676
-70.8633
-70.859
-70.8548
-70.8506
-70.8465
-70.8425
-70.8385
-70.8346
-70.8308
-70.8269
-70.8232
-70.8195
-70.8159
-70.8123
-70.8088
-70.8053
-70.8018
-70.7985
-70.7951
-70.7919
-70.7886
-70.7855
-70.7823
-70.7792
-70.7762
-70.7732
-70.7703
-70.7674
-70.7645
-70.7617
-70.7589
-70.7562
-70.7535
-70.7509
-70.7483
-70.7457
-70.7432
-70.7408
-70.7383
-70.7359
-70.7336
-70.7312
-70.7289
-70.7267
-70.7245
-70.7223
-70.7202
-70.7181
-70.716
-70.7139
-70.7119
-70.71
-70.708
-70.7061
-70.7043
-70.7024
-70.7006
-70.6988
-70.6971
-70.6954
-70.6937
-70.692
-70.6904
-70.6888
-70.6872
-70.6856
-70.6841
-70.6826
-70.6812
-70.6797
-70.6783
-70.6769
-70.6756
-70.6742
-70.6729
-70.6716
-70.6703
-70.6691
-70.6679
-70.6667
-70.6655
-70.6643
-70.6632
-70.6621
-70.661
-70.66
-70.6589
-70.6579
-70.6569
-70.6559
-70.6549
-70.654
-70.6531
-70.6521
-70.6513
-70.6504
-70.6495
-70.6487
-70.6479
-70.6471
-70.6463
-70.6455
-70.6448
-70.644
-70.6433
-70.6426
-70.6419
-70.6413
-70.6406
-70.64
-70.6393
-70.6387
-70.6381
-70.6376
-70.637
-70.6364
-70.6359
-70.6354
-70.6348
-70.6343
-70.6338
-70.6334
-70.6329
-70.6325
-70.632
-70.6316
-70.6312
-70.6308
-70.6304
-70.63
-70.6296
-70.6292
-70.6289
-70.6285
-70.6282
-70.6279
-70.6276
-70.6273
-70.627
-70.6267
-70.6264
-70.6262
-70.6259
-70.6257
-70.6254
-70.6252
-70.625
-70.6248
-70.6246
-70.6244
-70.6242
-70.624
-70.6238
-70.6237
-70.6235
-70.6234
-70.6232
-70.6231
-70.6229
-70.6228
-70.6227
-70.6226
-70.6225
-70.6224
-70.6223
-70.6222
-70.6221
-70.6221
-70.622
-70.6219
-70.6219
-70.6218
-70.6218
-70.6218
-70.6217
-70.6217
-70.6217
-70.6216
-70.6216
-70.6216
-70.6216
-70.6216
-70.6216
-70.6216
-70.6216
-70.6217
-70.6217
-70.6217
-70.6217
-70.6218
-70.6218
-70.6218
-70.6219
-70.6219
-70.622
-70.622
-70.6221
-70.6222
-70.6222
-70.6223
-70.6224
-70.6224
-70.6225
-70.6226
-70.6227
-70.6228
-70.6228
-70.6229
-70.623
-70.6231
-70.6232
-70.6233
-70.6234
-70.6235
-70.6236
-70.6237
-70.6239
-70.624
-70.6241
-70.6242
-70.6243
-70.6244
-70.6246
-70.6247
-70.6248
-70.6249
-70.6251
-70.6252
-70.6253
-70.6255
-70.6256
-70.6258
-70.6259
-70.626
-70.6262
-70.6263
-70.6265
-70.6266
-70.6268
-70.6269
-70.6271
-70.6272
-70.6274
-70.6275
-70.6277
-70.6278
-70.628
-70.6281
-70.6283
-70.6284
-70.6286
-70.6288
-70.6289
-70.6291
-70.6292
-70.6294
-70.6296
-70.6297
-70.6299
-70.63
-70.6302
-70.6304
-70.6305
-70.6307
-70.6309
-70.631
-70.6312
-70.6314
-70.6315
-70.6317
-70.6319
-70.632
-70.6322
-70.6324
-70.6325
-70.6327
-70.6329
-70.633
-70.6332
-70.6334
-70.6335
-70.6337
-70.6339
-70.6341
-70.6342
-70.6344
-70.6346
-70.6347
-70.6349
-70.6351
-70.6352
-70.6354
-70.6356
-70.6357
-70.6359
-70.6361
-70.6362
-70.6364
-70.6366
-70.6367
-70.6369
-70.6371
-70.6372
-70.6374
-70.6375
-70.6377
-70.6379
-70.638
-70.6382
-70.6384
-70.6385
-70.6387
-70.6388
-70.639
-70.6392
-70.6393
-70.6395
-70.6396
-70.6398
-70.64
-70.6401
-70.6403
-70.6404
-70.6406
-70.6407
-70.6409
-70.6411
-70.6412
-70.6414
-70.6415
-70.6417
-70.6418
-70.642
-70.6421
-70.6423
-70.6424
-70.6426
-70.6427
-70.6429
-70.643
-70.6432
-70.6433
-70.6435
-70.6436
-70.6437
-70.6439
-70.644
-70.6442
-70.6443
-70.6445
-70.6446
-70.6447
-70.6449
-70.645

