-70
-70.2123
-70.2926
-70.3252
-70.3404
-70.3491
-70.3555
-70.3609
-70.3659
-70.3708
-70.3757
-70.3805
-70.3853
-70.39
-70.3948
-70.3995
-70.4042
-70.4088
-70.4134
-70.4179
-70.4224
-70.4269
-70.4313
-70.4357
-70.44
-70.4443
-70.4485
-70.4527
-70.4569
-70.461
-70.465
-70.469
-70.473
-70.4769
-70.4808
-70.4846
-70.4884
-70.4921
-70.4958
-70.4995
-70.5031
-70.5067
-70.5102
-70.5137
-70.5172
-70.5206
-70.524
-70.5273
-70.5306
-70.5339
-70.5371
-70.5403
-70.5434
-70.5465
-70.5496
-70.5526
-70.5556
-70.5586
-70.5615
-70.5644
-70.5673
-70.5701
-70.5729
-70.5757
-70.5784
-70.5811
-70.5838
-70.5864
-70.589
-70.5916
-70.5941
-70.5966
-70.5991
-70.6016
-70.604
-70.6064
-70.6087
-70.6111
-70.6134
-70.6157
-70.6179
-70.6201
-70.6223
-70.6245
-70.6266
-70.6287
-70.6308
-70.6329
-70.6349
-70.6369
-70.6389
-70.6409
-70.6428
-70.6448
-70.6466
-70.6485
-70.6503
-70.6522
-70.654
-70.6557
-70.6575
-70.6592
-70.6609
-70.6626
-70.6643
-70.6659
-70.6675
-70.6691
-70.6707
-70.6723
-70.6738
-70.6754
-70.6769
-70.6783
-70.6798
-70.6812
-70.6827
-70.6841
-70.6855
-70.6868
-70.6882
-70.6895
-70.6908
-70.6921
-70.6934
-70.6947
-70.6959
-70.6972
-70.6984
-70.6996
-70.7008
-70.702
-70.7031
-70.7042
-70.7054
-70.7065
-70.7076
-70.7087
-70.7097
-70.7108
-70.7118
-70.7128
-70.7138
-70.7148
-70.7158
-70.7168
-70.7177
-70.7187
-70.7196
-70.7205
-70.7214
-70.7223
-70.7232
-70.7241
-70.7249
-70.7258
-70.7266
-70.7274
-70.7282
-70.729
-70.7298
-70.7306
-70.7314
-70.7321
-70.7329
-70.7336
-70.7343
-70.735
-70.7357
-70.7364
-70.7371
-70.7378
-70.7384
-70.7391
-70.7397
-70.7404
-70.741
-70.7416
-70.7422
-70.7428
-70.7434
-70.744
-70.7446
-70.7451
-70.7457
-70.7462
-70.7468
-70.7473
-70.7478
-70.7484
-70.7489
-70.7494
-70.7499
-70.7504
-70.7508
-70.7513
-70.7518
-70.7522
-70.7527
-70.7531
-70.7536
-70.754
-70.7544
-70.7549
-70.7553
-70.7557
-70.7561
-70.7565
-70.7569
-70.7573
-70.7576
-70.758
-70.7584
-70.7587
-70.7591
-70.7594
-70.7598
-70.7601
-70.7605
-70.7608
-70.7611
-70.7614
-70.7617
-70.7621
-70.7624
-70.7627
-70.763
-70.7632
-70.7635
-70.7638
-70.7641
-70.7644
-70.7646
-70.7649
-70.7651
-70.7654
-70.7656
-70.7659
-70.7661
-70.7664
-70.7666
-70.7668
-70.7671
-70.7673
-70.7675
-70.7677
-70.7679
-70.7681
-70.7684
-70.7686
-70.7688
-70.769
-70.7691
-70.7693
-70.7695
-70.7697
-70.7699
-70.7701
-70.7702
-70.7704
-70.7706
-70.7707
-70.7709
-70.7711
-70.7712
-70.7714
-70.7715
-70.7717
-70.7718
-70.772
-70.7721
-70.7722
-70.7724
-70.7725
-70.7726
-70.7728
-70.7729
-70.773
-70.7731
-70.7733
-70.7734
-70.7735
-70.7736
-70.7737
-70.7738
-70.7739
-70.774
-70.7741
-70.7742
-70.7743
-70.7744
-70.7745
-70.7746
-70.7747
-70.7748
-70.7749
-70.775
-70.7751
-70.7751
-70.7752
-70.7753
-70.7754
-70.7755
-70.7755
-70.7756
-70.7757
-70.7758
-70.7758
-70.7759
-70.776
-70.776
-70.7761
-70.7762
-70.7762
-70.7763
-70.7763
-70.7764
-70.7765
-70.7765
-70.7766
-70.7766
-70.7767
-70.7767
-70.7768
-70.7768
-70.7769
-70.7769
-70.777
-70.777
-70.7771
-70.7771
-70.7771
-70.7772
-70.7772
-70.7773
-70.7773
-70.7773
-70.7774
-70.7774
-70.7774
-70.7775
-70.7775
-70.7775
-70.7776
-70.7776
-70.7776
-70.7777
-70.7777
-70.7777
-70.7777
-70.7778
-70.7778
-70.7778
-70.7778
-70.7779
-70.7779
-70.7779
-70.7779
-70.778
-70.778
-70.778
-70.778
-70.778
-70.7781
-70.7781
-70.7781
-70.7781
-70.7781
-70.7781
-70.7782
-70.7782
-70.7782
-70.7782
-70.7782
-70.7782
-70.7782
-70.7783
-70.7783
-70.7783
-70.7783
-70.7783
-70.7783
-70.7783
-70.7783
-70.7783
-70.7783
-70.7784
-70.7784
-70.7784
-70.7784
-70.7784
-70.7784
-70.7784
-70.7784
-70.7784
-70.7784
-70.7784
-70.7784
-70.7784
-70.7784
-70.7784
-70.7784
-70.7784
-70.7784
-70.7784
-70.7785
-70.7785
-70.7785
-70.7785
-70.7785
-70.7785
-70.7785
-70.7785
-70.7785
-70.7785
-70.7785
-70.7785
-70.7785
-70.7785
-70.7785
-70.7785
-70.7785
-70.7785
-70.7785
-70.7785
-70.7785
-70.7785
-70.7785
-70.7785
-70.7785
-70.7785
-70.7785
-70.7785
-70.7785
-70.7785
-70.7785
-70.7784
-70.7784
-70.7784
-70.7784
-70.7784
-70.7784
-70.7784
-70.7784
-70.7784
-70.7784
-70.7784
-70.7784
-70.7784
-70.7784
-70.7784
-70.7784
-70.7784
-70.7784
-70.7784
-70.7784
-70.7784
-70.7784
-70.7784
-70.7784
-70.7784
-70.7784
-70.7784
-70.7784
-70.7784
-70.7783
-70.7783
-70.7783
-70.7783
-70.7783
-70.7783
-70.7783
-70.786
-70.9588
-71.5836
-72.4517
-73.2333
-73.7691
-57.0514
-52.0871
-49.7659
-46.3899
4.81453
-30.5589
-68.808
-70.0903
-68.8893
-67.5928
-66.2453
-64.8819
-63.5399
-62.254
-61.0546
-59.9658
-59.0029
-57.9933
-57.1101
-56.4336
-55.8973
-55.4695
-55.1333
-54.8668
-54.6228
-54.4416
-54.3141
-54.2253
-54.164
-54.1221
-54.0765
-54.0388
-54.0166
-54.0052
-54.0007
-54.0007
-54.0037
-53.9964
-53.9853
-53.9813
-53.9821
-53.9858
-53.991
-53.9971
-54.0039
-54.0063
-53.9949
-53.989
-53.9884
-53.9909
-53.9949
-53.9998
-54.0053
-54.0111
-54.0171
-54.0235
-54.0167
-54.002
-53.9957
-53.9948
-53.9967
-53.9998
-54.0037
-54.0079
-54.0124
-54.0171
-54.022
-54.027
-54.0321
-54.0374
-54.0428
-54.043
-54.0112
-53.9938
-53.9874
-53.9857
-53.9854
-53.9851
-53.9838
-53.9805
-53.9737
-53.9589
-53.9177
-53.5563
-53.0656
-53.1782
-53.362
-53.4995
-53.5865
-53.638
-53.6671
-53.6833
-53.6934
-53.7021
-53.7127
-53.7277
-53.8886
-53.9859
-54.0112
-54.0153
-54.016
-54.0185
-54.024
-54.0323
-54.0431
-54.0563
-54.0721
-54.0908
-54.1124
-54.1363
-54.1626
-54.1916
-54.2236
-54.2587
-54.2974
-54.3399
-54.3866
-54.4377
-54.4937
-54.5549
-54.6218
-54.6947
-54.7739
-54.8601
-54.954
-55.056
-55.1666
-55.2862
-55.415
-55.2355
-54.1598
-53.8882
-53.859
-53.8922
-53.9366
-53.9785
-54.0155
-54.048
-54.0771
-54.1039
-54.1293
-54.1541
-54.1789
-54.2043
-54.2306
-54.2581
-54.2873
-54.3185
-54.3518
-54.3877
-54.4263
-54.4679
-54.5129
-54.5615
-54.6143
-54.6741
-54.7404
-54.8131
-54.89
-54.9717
-55.059
-55.1525
-55.2527
-55.3599
-55.4739
-55.605
-55.7576
-55.9238
-56.0929
-56.2654
-54.6316
-53.8074
-53.6755
-53.7146
-53.7859
-53.8534
-53.9105
-53.9577
-53.9967
-54.0293
-54.0573
-54.0824
-54.1055
-54.1276
-54.1494
-54.1715
-54.1952
-54.2219
-54.2509
-54.2812
-54.3124
-54.3453
-54.3802
-54.4177
-54.458
-54.5014
-54.5487
-54.6027
-54.6667
-54.7384
-54.8139
-54.8918
-54.9735
-55.06
-55.1521
-55.2504
-55.3551
-55.4666
-55.5923
-55.7371
-55.9003
-56.0736
-56.2481
-56.4242
-56.604
-56.7887
-56.9794
-57.1764
-57.3802
-56.0925
-53.8529
-53.4386
-53.4614
-53.5756
-53.6888
-53.7815
-53.8543
-53.9112
-53.9564
-53.9932
-54.024
-54.0514
-54.0768
-54.1014
-54.1261
-54.1508
-54.1752
-54.1998
-54.225
-54.2515
-54.2796
-54.3097
-54.3421
-54.3793
-54.4214
-54.4683
-54.521
-54.5805
-54.6426
-54.7067
-54.7739
-54.8454
-54.9221
-55.0046
-55.0932
-55.1915
-55.3031
-55.4282
-55.5612
-55.7092
-55.8719
-56.0369
-56.2036
-56.3745
-56.5511
-56.7393
-56.9455
-54.3321
-53.6057
-53.5328
-53.6109
-53.7078
-53.7924
-53.8604
-53.9142
-53.957
-53.9922
-54.0223
-54.0487
-54.0736
-54.0972
-54.1196
-54.1416
-54.1637
-54.1865
-54.2115
-54.2387
-54.2673
-54.2985
-54.3334
-54.3711
-54.4169
-54.4702
-54.5249
-54.5807
-54.6391
-54.7011
-54.7689
-54.8755
-55.0335
-55.2359
-55.4816
-55.7164
-55.92
-56.1148
-56.3072
-56.5177
-56.8027
-57.1667
-57.5942
-58.0599
-58.5088
-58.9176
-59.2987
-59.6708
-60.0498
-60.4483
-60.8902
-61.4316
-62.0594
-62.6703
-63.2302
-63.7433
-64.2291
-64.6958
-65.1504
-65.6049
-66.0766
-66.5863
-67.1269
-67.6618
-68.1552
-68.6029
-69.0139
-69.3922
-69.7417
-70.0723
-70.3932
-70.7171
-71.0486
-71.3745
-71.6752
-71.9431
-72.1797
-72.39
-72.5774
-72.7475
-72.9054
-73.0583
-73.2146
-73.3708
-73.5175
-73.6471
-73.7592
-73.8552
-73.938
-74.0086
-74.071
-74.1275
-74.1843
-74.2447
-74.3064
-74.3649
-74.4156
-74.4576
-74.4928
-74.5218
-74.5451
-74.5637
-74.5798
-74.5972
-74.619
-74.6427
-74.6659
-74.6849
-74.6999
-74.7109
-74.7189
-74.7232
-74.7257
-74.7271
-74.7294
-74.7362
-74.7466
-74.7582
-74.7687
-74.7752
-74.7792
-74.7805
-74.7803
-74.778
-74.7748
-74.7711
-74.7697
-74.773
-74.7787
-74.7839
-74.788
-74.7894
-74.7895
-74.788
-74.7857
-74.7824
-74.779
-74.7764
-74.7756
-74.7779
-74.782
-74.786
-74.7879
-74.7884
-74.7859
-74.7825
-74.7793
-74.7765
-74.773
-74.77
-74.7673
-74.7665
-74.769
-74.7729
-74.7756
-74.7758
-74.7748
-74.7713
-74.7675
-74.7658
-74.7655
-74.7648
-74.7626
-74.7612
-74.7604
-74.7622
-74.7651
-74.7663
-74.765
-74.7628
-74.7589
-74.7537
-74.7497
-74.7481
-74.7492
-74.749
-74.747
-74.7466
-74.7474
-74.75
-74.7534
-74.7536
-74.7509
-74.7486
-74.7466
-74.7428
-74.7397
-74.7388
-74.7396
-74.7397
-74.7381
-74.736
-74.7366
-74.7395
-74.7418
-74.7416
-74.7378
-74.7327
-74.7297
-74.7276
-74.7249
-74.7231
-74.7224
-74.7234
-74.7238
-74.7237
-74.723
-74.7235
-74.7278
-74.7314
-74.7308
-74.7271
-74.723
-74.72
-74.7179
-74.7159
-74.7124
-74.711
-74.7106
-74.7101
-74.7101
-74.7101
-74.7095
-74.7106
-74.7137
-74.7161
-74.7149
-74.7104
-74.7058
-74.7039
-74.7018
-74.6997
-74.6963
-74.6953
-74.6946
-74.694
-74.6936
-74.6952
-74.6961
-74.6978
-74.6999
-74.7038
-74.7052
-74.7027
-74.6988
-74.6946
-74.6915
-74.6891
-74.6872
-74.686
-74.6814
-74.6764
-74.6748
-74.6738
-74.6753
-74.6762
-74.6778
-74.6813
-74.6857
-74.6896
-74.6884
-74.685
-74.6802
-74.6751
-74.6727
-74.6721
-74.6725
-74.6714
-74.6668
-74.6594
-74.6546
-74.6544
-74.6561
-74.6582
-74.6595
-74.6624
-74.6666
-74.6736
-74.6772
-74.6765
-74.6724
-74.6662
-74.6596
-74.6563
-74.6579
-74.6587
-74.6547
-74.6474
-74.641
-74.6337
-74.6289
-74.6303
-74.6332
-74.6325
-74.637
-74.6423
-74.6469
-74.6524
-74.6577
-74.6574
-74.6517
-74.6452
-74.6386
-74.6384
-74.6412
-74.6422
-74.639
-74.6312
-74.6235
-74.617
-74.6105
-74.6054
-74.6078
-74.6111
-74.6108
-74.6103
-74.6137
-74.6205
-74.6293
-74.636
-74.6371
-74.6351
-74.6296
-74.6217
-74.6185
-74.6199
-74.6228
-74.6215
-74.6177
-74.6107
-74.6018
-74.592
-74.585
-74.5833
-74.5834
-74.5812
-74.5781
-74.5789
-74.5803
-74.585
-74.5917
-74.5981
-74.6051
-74.6077
-74.6042
-74.5981
-74.5938
-74.5934
-74.5943
-74.5937
-74.5968
-74.5972
-74.5912
-74.5834
-74.5791
-74.5746
-74.5655
-74.5552
-74.5507
-74.5501
-74.5483
-74.5454
-74.5438
-74.5426
-74.5481
-74.5554
-74.5622
-74.5652
-74.5664
-74.569
-74.5684
-74.5655
-74.5631
-74.5607
-74.5595
-74.5567
-74.5551
-74.555
-74.5551
-74.555
-74.5556
-74.5531
-74.5458
-74.5364
-74.5261
-74.5192
-74.5166
-74.5159
-74.5121
-74.5072
-74.5041
-74.5013
-74.5029
-74.5077
-74.5107
-74.5155
-74.5173
-74.5161
-74.5151
-74.5169
-74.5202
-74.5254
-74.5296
-74.5287
-74.5209
-74.5116
-74.5044
-74.4977
-74.4939
-74.4981
-74.5044
-74.5045
-74.502
-74.4972
-74.4878
-74.482
-74.4812
-74.478
-74.4708
-74.4629
-74.457
-74.4566
-74.4556
-74.4479
-74.439
-74.4362
-74.4416
-74.4462
-74.4486
-74.4492
-74.4511
-74.4556
-74.4631
-74.4694
-74.4726
-74.4716
-74.4675
-74.4662
-74.4702
-74.469
-74.4604
-74.4489
-74.4364
-74.422
-74.4141
-74.4141
-74.412
-74.4059
-74.4019
-74.4029
-74.4075
-74.4142
-74.4172
-74.4199
-74.4202
-74.4152
-74.4078
-74.3984
-74.3899
-74.3811
-74.3739
-74.3665
-74.3637
-74.3596
-74.3571
-74.3575
-74.3619
-74.3693
-74.3765
-74.3811
-74.3864
-74.3937
-74.4005
-74.4039
-74.4054
-74.4058
-74.4036
-74.3962
-74.3877
-74.3782
-74.3673
-74.3549
-74.3475
-74.3412
-74.3343
-74.3281
-74.3185
-74.3106
-74.3037
-74.2999
-74.2966
-74.293
-74.2941
-74.3007
-74.3083
-74.3104
-74.3091
-74.31
-74.3103
-74.3089
-74.3057
-74.3026
-74.2951
-74.2872
-74.2785
-74.2689
-74.2575
-74.2446
-74.2357
-74.2288
-74.2235
-74.2224
-74.222
-74.2224
-74.2274
-74.2432
-74.2656
-74.2839
-74.2935
-74.3008
-74.3036
-74.3
-74.291
-74.2812
-74.272
-74.2676
-74.2637
-74.2597
-74.2521
-74.2381
-74.2197
-74.2048
-74.1902
-74.1727
-74.1594
-74.1547
-74.1511
-74.1484
-74.145
-74.1382
-74.1288
-74.1159
-74.1075
-74.11
-74.1223
-74.1283
-74.1301
-74.1311
-74.1344
-74.1406
-74.1478
-74.1489
-74.1474
-74.1441
-74.1378
-74.1319
-74.1283
-74.1231
-74.1132
-74.0973
-74.0775
-74.0614
-74.0472
-74.0374
-74.0338
-74.0353
-74.0349
-74.0354
-74.0377
-74.0409
-74.041
-74.0358
-74.0265
-74.0133
-74.0008
-73.9999
-74.0194
-74.0442
-74.0624
-74.0767
-74.0874
-74.0969
-74.1007
-74.0984
-74.0938
-74.0871
-74.0816
-74.0802
-74.0785
-74.0717
-74.0652
-74.0664
-74.0655
-74.0567
-74.0435
-74.0326
-74.0214
-74.0081
-73.9949
-73.9862
-73.9821
-73.9795
-73.9736
-73.9615
-73.9482
-73.9354
-73.9217
-73.9125
-73.9059
-73.9097
-73.9125
-73.9111
-73.9025
-73.8875
-73.8741
-73.8628
-73.8494
-73.8359
-73.8186
-73.7972
-73.7743
-73.7577
-73.7444
-73.7383
-73.7312
-73.7217
-73.7171
-73.7118
-73.7099
-73.7144
-73.7237
-73.7399
-73.7613
-73.7779
-73.7885
-73.7888
-73.7847
-73.7769
-73.768
-73.7602
-73.7516
-73.7379
-73.7285
-73.7219
-73.7109
-73.7054
-73.7059
-73.7093
-73.7117
-73.7155
-73.7246
-73.7389
-73.7478
-73.7462
-73.7361
-73.72
-73.6998
-73.6767
-73.6553
-73.6408
-73.6289
-73.6149
-73.6029
-73.5878
-73.5685
-73.5458
-73.5235
-73.5059
-73.4889
-73.4759
-73.4682
-73.4675
-73.4701
-73.4675
-73.4575
-73.4417
-73.4219
-73.3994
-73.3749
-73.3491
-73.3239
-73.3162
-73.3326
-73.3545
-73.3792
-73.3993
-73.4132
-73.4164
-73.4143
-73.412
-73.4046
-73.3987
-73.3914
-73.3797
-73.3754
-73.3765
-73.3721
-73.361
-73.345
-73.3271
-73.3221
-73.3301
-73.3378
-73.3429
-73.3401
-73.33
-73.3147
-73.2959
-73.2746
-73.2539
-73.2405
-73.2263
-73.2088
-73.1939
-73.1835
-73.1749
-73.171
-73.1723
-73.1703
-73.1617
-73.1478
-73.1302
-73.1099
-73.0879
-73.0646
-73.0404
-73.0156
-72.9904
-72.9648
-72.942
-72.9371
-72.9392
-72.9359
-72.9264
-72.9122
-72.8947
-72.8751
-72.8541
-72.832
-72.8092
-72.786
-72.7624
-72.7386
-72.7148
-72.6995
-72.6919
-72.6821
-72.6687
-72.6524
-72.6341
-72.6145
-72.594
-72.573
-72.5516
-72.53
-72.5083
-72.4866
-72.4648
-72.4432
-72.4333
-72.4472
-72.4591
-72.4626
-72.4591
-72.4505
-72.4386
-72.4245
-72.4202
-72.4218
-72.4195
-72.4125
-72.4018
-72.3885
-72.3735
-72.3573
-72.3403
-72.3228
-72.3048
-72.2866
-72.2682
-72.2498
-72.2313
-72.2128
-72.1943
-72.176
-72.1577
-72.1395
-72.1215
-72.1036
-72.0859
-72.0683
-72.0509
-72.0336
-72.0165
-71.9996
-71.9829
-71.9664
-71.95
-71.9338
-71.9179
-71.902
-71.8864
-71.871
-71.8557
-71.8406
-71.8257
-71.811
-71.7964
-71.7821
-71.7679
-71.7538
-71.74
-71.7263
-71.7128
-71.6994
-71.6862
-71.6732
-71.6604
-71.6477
-71.6351
-71.6228
-71.6105
-71.5985
-71.5865
-71.5748
-71.5632
-71.5517
-71.5404
-71.5292
-71.5182
-71.5073
-71.4965
-71.4859
-71.4754
-71.4651
-71.4549
-71.4448
-71.4348
-71.425
-71.4153
-71.4058
-71.3963
-71.387
-71.3778
-71.3688
-71.3598
-71.351
-71.3423
-71.3337
-71.3252
-71.3169
-71.3086
-71.3005
-71.2924
-71.2845
-71.2767
-71.269
-71.2614
-71.2539
-71.2465
-71.2392
-71.2321
-71.225
-71.218
-71.211
-71.2042
-71.1975
-71.1909
-71.1844
-71.1779
-71.1716
-71.1653
-71.1591
-71.153
-71.147
-71.1411
-71.1352
-71.1295
-71.1238
-71.1182
-71.1126
-71.1072
-71.1018
-71.0965
-71.0913
-71.0861
-71.0811
-71.0761
-71.0711
-71.0663
-71.0615
-71.0567
-71.0521
-71.0475
-71.0429
-71.0385
-71.0341
-71.0297
-71.0255
-71.0213
-71.0171
-71.013
-71.009
-71.005
-71.0011
-70.9972
-70.9934
-70.9897
-70.986
-70.9823
-70.9788
-70.9752
-70.9717
-70.9683
-70.9649
-70.9616
-70.9583
-70.9551
-70.9519
-70.9488
-70.9457
-70.9427
-70.9397
-70.9367
-70.9338
-70.9309
-70.9281
-70.9254
-70.9226
-70.9199
-70.9173
-70.9147
-70.9121
-70.9096
-70.9071
-70.9046
-70.9022
-70.8998
-70.8975
-70.8952
-70.8929
-70.8907
-70.8885
-70.8863
-70.8842
-70.8821
-70.88
-70.878
-70.876
-70.874
-70.8721
-70.8702
-70.8683
-70.8664
-70.8646
-70.8628
-70.8611
-70.8594
-70.8577
-70.856
-70.8543
-70.8527
-70.8511
-70.8495
-70.848
-70.8465
-70.845
-70.8435
-70.8421
-70.8407
-70.8393
-70.8379
-70.8365
-70.8352
-70.8339
-70.8326
-70.8314
-70.8301
-70.8289
-70.8277
-70.8265
-70.8254
-70.8242
-70.8231
-70.822
-70.821
-70.8199
-70.8188
-70.8178
-70.8168
-70.8158
-70.8149
-70.8139
-70.813
-70.812
-70.8111
-70.8103
-70.8094
-70.8085
-70.8077
-70.8069
-70.806
-70.8052
-70.8045
-70.8037
-70.8029
-70.8022
-70.8015
-70.8008
-70.8001
-70.7994
-70.7987
-70.798
-70.7974
-70.7968
-70.7961
-70.7955
-70.7949
-70.7943
-70.7938
-70.7932
-70.7926
-70.7921
-70.7916
-70.791
-70.7905
-70.79
-70.7895
-70.789
-70.7886
-70.7881
-70.7876
-70.7872
-70.7868
-70.7863
-70.7859
-70.7855
-70.7851
-70.7847
-70.7843
-70.784
-70.7836
-70.7832
-70.7829
-70.7825
-70.7822
-70.7819
-70.7815
-70.7812
-70.7809
-70.7806
-70.7803
-70.78
-70.7797
-70.7795
-70.7792
-70.7789
-70.7787
-70.7784
-70.7782
-70.7779
-70.7777
-70.7775
-70.7772
-70.777
-70.7768
-70.7766
-70.7764
-70.7762
-70.776
-70.7758
-70.7756
-70.7755
-70.7753
-70.7751
-70.775
-70.7748
-70.7746
-70.7745
-70.7743
-70.7742
-70.7741
-70.7739
-70.7738
-70.7737
-70.7735
-70.7734
-70.7733
-70.7732
-70.7731
-70.773
-70.7729
-70.7728
-70.7727
-70.7726
-70.7725
-70.7724
-70.7723
-70.7722
-70.7721
-70.7721
-70.772
-70.7719
-70.7719
-70.7718
-70.7717
-70.7717
-70.7716
-70.7716
-70.7715
-70.7714
-70.7714
-70.7714
-70.7713
-70.7713
-70.7712
-70.7712
-70.7711
-70.7711
-70.7711
-70.771
-70.771
-70.771
-70.771
-70.7709
-70.7709
-70.7709
-70.7709
-70.7709
-70.7708
-70.7708
-70.7708
-70.7708
-70.7708
-70.7708
-70.7708
-70.7708
-70.7708
-70.7708
-70.7708
-70.7708
-70.7708
-70.7708
-70.7708
-70.7708
-70.7708
-70.7708
-70.7708
-70.7708
-70.7708
-70.7708
-70.7708
-70.7708
-70.7708
-70.7708
-70.7709
-70.7709
-70.7709
-70.7709
-70.7709
-70.7709
-70.771
-70.771
-70.771
-70.771
-70.771
-70.771
-70.7711
-70.7711
-70.7711
-70.7711
-70.7712
-70.7712
-70.7712
-70.7712
-70.7713
-70.7713
-70.7713
-70.7713
-70.7714
-70.7714
-70.7714
-70.7714
-70.7715
-70.7715
-70.7715
-70.7716
-70.7716
-70.7716
-70.7716
-70.7717
-70.7717
-70.7717
-70.7718
-70.7718
-70.7718
-70.7719
-70.7719
-70.7719
-70.772
-70.772
-70.772
-70.7721
-70.7721
-70.7721
-70.7722
-70.7722
-70.7722
-70.7722
-70.7723
-70.7723
-70.7723
-70.7724
-70.7724
-70.7724
-70.7725
-70.7725
-70.7725
-70.7726
-70.7726
-70.7726
-70.7727
-70.7727
-70.7727
-70.7728
-70.7728
-70.7728
-70.7729
-70.7729
-70.7729
-70.773
-70.773
-70.773
-70.7731
-70.7731
-70.7731
-70.7732
-70.7732
-70.7732
-70.7733
-70.7733
-70.7733
-70.7734
-70.7734
-70.7734
-70.7735
-70.7735
-70.7735
-70.7736
-70.7736
-70.7736
-70.7737
-70.7737
-70.7737
-70.7738

