-70
-70.1661
-70.23
-70.2566
-70.2695
-70.2773
-70.283
-70.2879
-70.2925
-70.297
-70.3014
-70.3057
-70.31
-70.3142
-70.3185
-70.3226
-70.3268
-70.3309
-70.335
-70.3391
-70.3431
-70.3471
-70.351
-70.3549
-70.3588
-70.3626
-70.3664
-70.3701
-70.3738
-70.3775
-70.3811
-70.3847
-70.3883
-70.3918
-70.3953
-70.3987
-70.4021
-70.4055
-70.4088
-70.4121
-70.4154
-70.4186
-70.4218
-70.4249
-70.428
-70.4311
-70.4341
-70.4372
-70.4401
-70.4431
-70.446
-70.4489
-70.4517
-70.4545
-70.4573
-70.4601
-70.4628
-70.4655
-70.4682
-70.4708
-70.4734
-70.476
-70.4785
-70.481
-70.4835
-70.486
-70.4884
-70.4908
-70.4932
-70.4955
-70.4978
-70.5001
-70.5024
-70.5046
-70.5068
-70.509
-70.5112
-70.5133
-70.5154
-70.5175
-70.5196
-70.5216
-70.5236
-70.5256
-70.5276
-70.5295
-70.5315
-70.5334
-70.5352
-70.5371
-70.5389
-70.5407
-70.5425
-70.5443
-70.5461
-70.5478
-70.5495
-70.5512
-70.5528
-70.5545
-70.5561
-70.5577
-70.5593
-70.5609
-70.5624
-70.5639
-70.5655
-70.5669
-70.5684
-70.5699
-70.5713
-70.5727
-70.5741
-70.5755
-70.5769
-70.5782
-70.5796
-70.5809
-70.5822
-70.5835
-70.5848
-70.586
-70.5873
-70.5885
-70.5897
-70.5909
-70.5921
-70.5932
-70.5944
-70.5955
-70.5966
-70.5977
-70.5988
-70.5999
-70.601
-70.602
-70.603
-70.6041
-70.6051
-70.6061
-70.6071
-70.608
-70.609
-70.6099
-70.6109
-70.6118
-70.6127
-70.6136
-70.6145
-70.6154
-70.6162
-70.6171
-70.6179
-70.6187
-70.6196
-70.6204
-70.6212
-70.622
-70.6227
-70.6235
-70.6242
-70.625
-70.6257
-70.6265
-70.6272
-70.6279
-70.6286
-70.6293
-70.6299
-70.6306
-70.6313
-70.6319
-70.6325
-70.6332
-70.6338
-70.6344
-70.635
-70.6356
-70.6362
-70.6368
-70.6374
-70.6379
-70.6385
-70.639
-70.6396
-70.6401
-70.6406
-70.6411
-70.6417
-70.6422
-70.6427
-70.6431
-70.6436
-70.6441
-70.6446
-70.645
-70.6455
-70.6459
-70.6464
-70.6468
-70.6472
-70.6476
-70.6481
-70.6485
-70.6489
-70.6493
-70.6497
-70.65
-70.6504
-70.6508
-70.6512
-70.6515
-70.6519
-70.6522
-70.6526
-70.6529
-70.6533
-70.6536
-70.6539
-70.6542
-70.6545
-70.6549
-70.6552
-70.6555
-70.6558
-70.656
-70.6563
-70.6566
-70.6569
-70.6572
-70.6574
-70.6577
-70.658
-70.6582
-70.6585
-70.6587
-70.6589
-70.6592
-70.6594
-70.6597
-70.6599
-70.6601
-70.6603
-70.6605
-70.6607
-70.661
-70.6612
-70.6614
-70.6616
-70.6617
-70.6619
-70.6621
-70.6623
-70.6625
-70.6627
-70.6628
-70.663
-70.6632
-70.6633
-70.6635
-70.6637
-70.6638
-70.664
-70.6641
-70.6643
-70.6644
-70.6646
-70.6647
-70.6648
-70.665
-70.6651
-70.6652
-70.6653
-70.6655
-70.6656
-70.6657
-70.6658
-70.6659
-70.666
-70.6662
-70.6663
-70.6664
-70.6665
-70.6666
-70.6667
-70.6668
-70.6669
-70.667
-70.667
-70.6671
-70.6672
-70.6673
-70.6674
-70.6675
-70.6675
-70.6676
-70.6677
-70.6678
-70.6678
-70.6679
-70.668
-70.668
-70.6681
-70.6682
-70.6682
-70.6683
-70.6683
-70.6684
-70.6685
-70.6685
-70.6686
-70.6686
-70.6687
-70.6687
-70.6688
-70.6688
-70.6688
-70.6689
-70.6689
-70.669
-70.669
-70.669
-70.6691
-70.6691
-70.6691
-70.6692
-70.6692
-70.6692
-70.6693
-70.6693
-70.6693
-70.6694
-70.6694
-70.6694
-70.6694
-70.6694
-70.6695
-70.6695
-70.6695
-70.6695
-70.6695
-70.6696
-70.6696
-70.6696
-70.6696
-70.6696
-70.6696
-70.6696
-70.6697
-70.6697
-70.6697
-70.6697
-70.6697
-70.6697
-70.6697
-70.6697
-70.6697
-70.6697
-70.6697
-70.6697
-70.6697
-70.6697
-70.6697
-70.6697
-70.6697
-70.6697
-70.6697
-70.6697
-70.6697
-70.6697
-70.6697
-70.6697
-70.6697
-70.6697
-70.6697
-70.6697
-70.6697
-70.6697
-70.6697
-70.6697
-70.6697
-70.6697
-70.6697
-70.6696
-70.6696
-70.6696
-70.6696
-70.6696
-70.6696
-70.6696
-70.6696
-70.6696
-70.6695
-70.6695
-70.6695
-70.6695
-70.6695
-70.6695
-70.6695
-70.6695
-70.6694
-70.6694
-70.6694
-70.6694
-70.6694
-70.6694
-70.6693
-70.6693
-70.6693
-70.6693
-70.6693
-70.6693
-70.6693
-70.6692
-70.6692
-70.6692
-70.6692
-70.6692
-70.6691
-70.6691
-70.6691
-70.6691
-70.6691
-70.6691
-70.669
-70.669
-70.669
-70.669
-70.669
-70.6689
-70.6689
-70.6689
-70.6689
-70.6689
-70.6688
-70.6688
-70.6688
-70.6688
-70.6688
-70.6687
-70.6687
-70.6687
-70.6687
-70.6686
-70.6686
-70.6686
-70.6686
-70.6686
-70.6685
-70.6685
-70.6685
-70.6685
-70.6685
-70.6684
-56.152
-51.821
-49.9377
-48.1056
-44.2034
4.8907
-23.9097
-52.7932
-68.8105
-68.1282
-67.0858
-66.0121
-64.9291
-63.8548
-62.806
-61.7983
-60.845
-59.9563
-59.1401
-58.427
-57.8603
-57.3784
-56.9598
-56.5967
-55.7061
-55.1463
-54.7638
-54.4905
-54.2811
-54.1164
-53.9848
-53.8799
-53.7973
-53.733
-53.6838
-53.6472
-53.6212
-53.6042
-53.595
-53.5939
-53.6002
-53.6119
-53.5627
-53.4646
-53.4239
-53.4106
-53.4089
-53.4123
-53.4182
-53.4068
-53.3966
-53.3939
-53.3954
-53.399
-53.4038
-53.4044
-53.3986
-53.3964
-53.3972
-53.3997
-53.403
-53.4069
-53.4099
-53.4049
-53.402
-53.4017
-53.403
-53.4053
-53.4081
-53.4112
-53.4146
-53.4146
-53.4088
-53.4058
-53.4054
-53.4063
-53.4081
-53.4103
-53.4128
-53.4156
-53.4185
-53.4216
-53.4236
-53.4157
-53.4095
-53.4072
-53.407
-53.4079
-53.4094
-53.4113
-53.4133
-53.4155
-53.4177
-53.4201
-53.4225
-53.4248
-53.4269
-53.4287
-53.4302
-53.4267
-53.4127
-53.403
-53.3987
-53.3965
-53.3946
-53.3919
-53.3865
-53.3729
-53.2886
-53.0302
-53.0191
-53.0816
-53.1448
-53.1931
-53.2266
-53.2493
-53.265
-53.277
-53.2876
-53.2985
-53.3108
-53.3259
-53.3451
-53.3701
-53.402
-53.4408
-53.463
-53.4571
-53.4449
-53.4384
-53.4369
-53.4384
-53.4418
-53.4466
-53.4525
-53.4596
-53.4678
-53.477
-53.4875
-53.4992
-53.5121
-53.5264
-53.5422
-53.5596
-53.5788
-53.5997
-53.6226
-53.6477
-53.6751
-53.7051
-53.7379
-53.7738
-53.813
-53.8558
-53.9024
-53.9532
-54.0084
-54.0684
-54.1335
-54.2041
-54.2803
-54.3625
-54.0958
-53.5621
-53.4044
-53.3422
-53.3335
-53.3453
-53.363
-53.3813
-53.3988
-53.415
-53.4301
-53.4443
-53.4579
-53.4712
-53.4843
-53.4976
-53.5115
-53.5262
-53.5415
-53.5574
-53.5743
-53.5923
-53.6116
-53.6324
-53.6549
-53.6791
-53.706
-53.738
-53.7725
-53.8099
-53.8516
-53.8959
-53.9429
-53.9931
-54.0471
-54.1051
-54.1678
-54.2401
-54.3197
-54.4034
-54.4953
-54.5933
-54.6962
-54.2207
-53.489
-53.311
-53.2856
-53.2808
-53.2948
-53.3161
-53.338
-53.3583
-53.3765
-53.3928
-53.4073
-53.4206
-53.4329
-53.4445
-53.456
-53.4679
-53.4801
-53.4927
-53.5058
-53.5193
-53.5334
-53.5481
-53.5638
-53.5806
-53.5987
-53.6188
-53.6417
-53.6679
-53.6964
-53.728
-53.7615
-53.7968
-53.8346
-53.8753
-53.9191
-53.9665
-54.0179
-54.0775
-54.1436
-54.2182
-54.3013
-54.3884
-54.4783
-54.5721
-54.671
-54.7756
-54.8867
-55.0048
-55.1336
-55.28
-55.4348
-55.3361
-53.6037
-53.2006
-53.1438
-53.1737
-53.2214
-53.2473
-53.271
-53.2964
-53.3206
-53.3426
-53.3619
-53.3792
-53.395
-53.4093
-53.4222
-53.4342
-53.4456
-53.4567
-53.4678
-53.479
-53.4906
-53.5035
-53.5173
-53.5318
-53.5487
-53.568
-53.5879
-53.6086
-53.6306
-53.6542
-53.6796
-53.7091
-53.7419
-53.777
-53.8181
-53.8655
-53.9153
-53.9674
-54.0226
-53.9621
-53.5203
-53.3915
-53.3666
-53.3722
-53.3861
-53.4021
-53.4185
-53.4341
-53.4489
-53.4632
-53.4772
-53.4556
-53.4298
-53.4209
-53.4208
-53.4244
-53.4298
-53.4364
-53.4438
-53.4519
-53.461
-53.4704
-53.4802
-53.4929
-53.5132
-53.5377
-53.5664
-53.6004
-53.6348
-53.6677
-53.7001
-53.7338
-53.774
-53.8309
-53.906
-53.9933
-54.0879
-54.1797
-54.2689
-54.3566
-54.4471
-54.5437
-54.6543
-54.7945
-54.9629
-55.1449
-55.3335
-55.5246
-55.7206
-55.9237
-56.1352
-56.3591
-56.6052
-56.8842
-57.1987
-57.5407
-57.9014
-58.2664
-58.6393
-59.021
-59.4083
-59.8021
-60.2112
-60.655
-61.1347
-61.6437
-62.1778
-62.7074
-63.2214
-63.7261
-64.2202
-64.7004
-65.1676
-65.6419
-66.1391
-66.6436
-67.1566
-67.6689
-68.1471
-68.5863
-68.9963
-69.3796
-69.7333
-70.0629
-70.3882
-70.7162
-71.0324
-71.3424
-71.6467
-71.9212
-72.1617
-72.3764
-72.5709
-72.7457
-72.903
-73.0536
-73.2024
-73.3433
-73.4778
-73.6093
-73.7296
-73.8318
-73.9189
-73.9937
-74.0596
-74.1179
-74.1729
-74.2276
-74.2803
-74.3303
-74.3795
-74.4283
-74.4714
-74.5051
-74.5319
-74.5525
-74.5696
-74.5862
-74.6018
-74.619
-74.6355
-74.6518
-74.6686
-74.6861
-74.7018
-74.7132
-74.7203
-74.7233
-74.7245
-74.7275
-74.7314
-74.7373
-74.7428
-74.7482
-74.7536
-74.7599
-74.7662
-74.7708
-74.7725
-74.7711
-74.7677
-74.7649
-74.764
-74.7646
-74.7662
-74.7683
-74.7704
-74.7721
-74.7742
-74.7769
-74.7783
-74.7782
-74.7768
-74.7738
-74.7704
-74.7682
-74.7682
-74.7692
-74.7699
-74.7702
-74.7702
-74.7694
-74.7694
-74.7694
-74.7691
-74.7677
-74.7654
-74.7625
-74.7599
-74.758
-74.7588
-74.7607
-74.7617
-74.7613
-74.7608
-74.7598
-74.7589
-74.7575
-74.7578
-74.7574
-74.7553
-74.7536
-74.7508
-74.7479
-74.747
-74.7495
-74.7516
-74.7511
-74.7499
-74.7471
-74.7439
-74.7413
-74.7406
-74.7406
-74.7405
-74.7407
-74.7393
-74.7371
-74.7341
-74.7343
-74.7375
-74.741
-74.7417
-74.7406
-74.7376
-74.7341
-74.73
-74.7271
-74.7256
-74.7251
-74.7263
-74.7267
-74.7254
-74.7229
-74.721
-74.7211
-74.7229
-74.7244
-74.7255
-74.7246
-74.7223
-74.719
-74.7149
-74.7098
-74.708
-74.7079
-74.7091
-74.7108
-74.7114
-74.7112
-74.7108
-74.7098
-74.7107
-74.7118
-74.7117
-74.7121
-74.7104
-74.709
-74.7056
-74.7001
-74.6942
-74.6916
-74.6913
-74.692
-74.693
-74.6926
-74.6925
-74.6927
-74.6929
-74.6925
-74.6936
-74.6935
-74.6929
-74.6919
-74.6925
-74.6925
-74.6888
-74.6832
-74.6778
-74.6754
-74.6754
-74.6755
-74.6756
-74.677
-74.678
-74.6776
-74.6777
-74.6781
-74.6793
-74.6787
-74.6751
-74.6736
-74.673
-74.6739
-74.6744
-74.6716
-74.6676
-74.6623
-74.6578
-74.6561
-74.6533
-74.6518
-74.6513
-74.653
-74.6541
-74.6539
-74.6549
-74.6571
-74.6585
-74.6579
-74.6554
-74.6534
-74.649
-74.6482
-74.6498
-74.6497
-74.6502
-74.6475
-74.6452
-74.642
-74.6381
-74.6339
-74.6311
-74.6308
-74.6317
-74.6322
-74.6327
-74.6327
-74.6328
-74.636
-74.6383
-74.6372
-74.6355
-74.6331
-74.6258
-74.62
-74.6195
-74.6232
-74.6236
-74.6223
-74.6211
-74.6185
-74.6143
-74.6096
-74.6043
-74.6005
-74.601
-74.602
-74.6021
-74.5994
-74.5992
-74.6029
-74.6049
-74.6081
-74.6121
-74.6119
-74.6097
-74.6027
-74.5932
-74.5879
-74.5896
-74.5917
-74.593
-74.596
-74.5959
-74.5935
-74.5889
-74.5836
-74.5815
-74.578
-74.5742
-74.5716
-74.5696
-74.5692
-74.567
-74.5654
-74.5671
-74.5712
-74.577
-74.5796
-74.5783
-74.576
-74.5763
-74.5736
-74.5646
-74.5573
-74.5574
-74.5576
-74.5579
-74.5576
-74.5549
-74.5522
-74.5498
-74.5451
-74.5404
-74.538
-74.536
-74.5342
-74.5335
-74.5298
-74.5269
-74.5246
-74.5194
-74.5197
-74.5264
-74.5308
-74.5296
-74.5284
-74.5292
-74.5279
-74.5253
-74.5248
-74.5255
-74.5238
-74.5205
-74.5201
-74.5179
-74.5174
-74.5208
-74.525
-74.5228
-74.5163
-74.506
-74.4958
-74.4901
-74.4893
-74.4851
-74.4785
-74.4759
-74.4766
-74.4768
-74.4754
-74.4717
-74.4683
-74.4659
-74.4658
-74.4685
-74.4735
-74.4769
-74.4752
-74.4713
-74.4646
-74.4565
-74.4563
-74.4593
-74.4662
-74.4714
-74.4728
-74.4689
-74.4658
-74.4674
-74.4682
-74.4753
-74.4808
-74.4817
-74.4761
-74.4649
-74.4505
-74.4371
-74.4276
-74.4184
-74.4043
-74.3879
-74.3815
-74.3835
-74.3854
-74.3896
-74.3954
-74.3967
-74.3923
-74.3847
-74.3806
-74.3794
-74.3792
-74.3815
-74.3836
-74.3836
-74.3833
-74.3822
-74.3806
-74.3791
-74.3711
-74.3626
-74.3597
-74.3592
-74.3732
-74.3888
-74.3944
-74.3944
-74.3928
-74.3941
-74.3985
-74.4007
-74.4004
-74.4017
-74.4008
-74.3971
-74.39
-74.3786
-74.3675
-74.3581
-74.349
-74.3403
-74.3296
-74.3168
-74.3059
-74.2941
-74.2847
-74.2762
-74.2726
-74.2689
-74.2655
-74.2667
-74.2693
-74.2672
-74.262
-74.2515
-74.2427
-74.2348
-74.2249
-74.2235
-74.2276
-74.2363
-74.2412
-74.2408
-74.2423
-74.2401
-74.2379
-74.2389
-74.2378
-74.2362
-74.2349
-74.2426
-74.2544
-74.2588
-74.2596
-74.2613
-74.2627
-74.2627
-74.2636
-74.266
-74.2733
-74.2799
-74.281
-74.2783
-74.2685
-74.2562
-74.2456
-74.24
-74.2379
-74.2372
-74.2375
-74.2338
-74.2278
-74.2215
-74.2147
-74.2056
-74.1986
-74.1917
-74.1863
-74.1834
-74.1799
-74.1737
-74.1633
-74.1478
-74.1366
-74.1282
-74.1177
-74.1072
-74.0961
-74.0804
-74.0619
-74.0434
-74.0263
-74.0099
-73.9939
-73.9804
-73.9775
-73.9807
-73.9819
-73.9804
-73.9727
-73.964
-73.9538
-73.9449
-73.9445
-73.9433
-73.9464
-73.9532
-73.954
-73.9563
-73.9666
-73.9749
-73.9829
-73.9908
-73.9914
-73.992
-73.9958
-73.9924
-73.985
-73.9809
-73.985
-73.9934
-74.0037
-74.0199
-74.0394
-74.0611
-74.0748
-74.078
-74.0808
-74.0797
-74.0741
-74.0621
-74.0483
-74.0366
-74.0212
-74.0052
-73.9899
-73.9802
-73.9709
-73.9579
-73.9484
-73.9419
-73.9457
-73.9552
-73.9639
-73.9731
-73.9827
-73.9949
-74.0029
-74.0071
-74.0088
-74.0071
-74.0054
-74.0012
-73.9911
-73.9788
-73.9634
-73.9436
-73.9202
-73.8994
-73.8946
-73.8973
-73.9044
-73.9083
-73.9066
-73.907
-73.9051
-73.8959
-73.8844
-73.8701
-73.8553
-73.8406
-73.832
-73.828
-73.8187
-73.804
-73.7896
-73.7743
-73.7658
-73.7556
-73.7399
-73.7193
-73.6953
-73.6688
-73.6406
-73.6116
-73.588
-73.5669
-73.5503
-73.5323
-73.5119
-73.4982
-73.4894
-73.4768
-73.4591
-73.4376
-73.4201
-73.4037
-73.3869
-73.3739
-73.3584
-73.3388
-73.3162
-73.2924
-73.2828
-73.2874
-73.2976
-73.3069
-73.3105
-73.3053
-73.2933
-73.2832
-73.2739
-73.2606
-73.2509
-73.2495
-73.255
-73.2575
-73.2604
-73.2582
-73.249
-73.2344
-73.2158
-73.1945
-73.1746
-73.1614
-73.1544
-73.1486
-73.1389
-73.1334
-73.1315
-73.1328
-73.1427
-73.1538
-73.1561
-73.15
-73.1377
-73.1211
-73.1015
-73.0799
-73.0567
-73.0324
-73.0073
-72.9817
-72.9641
-72.9514
-72.9362
-72.9199
-72.9116
-72.9027
-72.8958
-72.8929
-72.8857
-72.8734
-72.8573
-72.8397
-72.8311
-72.8234
-72.8116
-72.8041
-72.801
-72.7938
-72.7818
-72.7661
-72.7478
-72.7277
-72.7065
-72.6843
-72.6616
-72.6385
-72.6151
-72.5915
-72.5752
-72.5682
-72.5595
-72.5469
-72.5313
-72.5135
-72.4951
-72.4885
-72.4851
-72.4778
-72.4663
-72.4518
-72.4351
-72.417
-72.3979
-72.3782
-72.358
-72.3376
-72.3171
-72.3084
-72.307
-72.3025
-72.2937
-72.2815
-72.2669
-72.2508
-72.2337
-72.2158
-72.1974
-72.1788
-72.16
-72.141
-72.1278
-72.1287
-72.129
-72.1247
-72.1162
-72.1048
-72.0915
-72.0768
-72.0612
-72.0451
-72.0285
-72.0117
-71.9947
-71.9776
-71.9604
-71.9433
-71.9263
-71.9093
-71.8924
-71.8756
-71.8589
-71.8424
-71.826
-71.8097
-71.7936
-71.7777
-71.7619
-71.7463
-71.7309
-71.7156
-71.7005
-71.6856
-71.6708
-71.6562
-71.6418
-71.6275
-71.6134
-71.5994
-71.5857
-71.572
-71.5586
-71.5453
-71.5322
-71.5192
-71.5064
-71.4937
-71.4812
-71.4688
-71.4566
-71.4446
-71.4327
-71.4209
-71.4093
-71.3978
-71.3865
-71.3753
-71.3642
-71.3533
-71.3425
-71.3319
-71.3214
-71.311
-71.3008
-71.2907
-71.2807
-71.2708
-71.2611
-71.2515
-71.242
-71.2327
-71.2235
-71.2143
-71.2053
-71.1965
-71.1877
-71.179
-71.1705
-71.1621
-71.1537
-71.1455
-71.1374
-71.1294
-71.1215
-71.1137
-71.106
-71.0984
-71.091
-71.0836
-71.0763
-71.0691
-71.062
-71.055
-71.048
-71.0412
-71.0345
-71.0278
-71.0213
-71.0148
-71.0085
-71.0022
-70.996
-70.9898
-70.9838
-70.9778
-70.972
-70.9662
-70.9604
-70.9548
-70.9492
-70.9438
-70.9384
-70.933
-70.9278
-70.9226
-70.9175
-70.9124
-70.9074
-70.9025
-70.8977
-70.8929
-70.8882
-70.8836
-70.879
-70.8745
-70.8701
-70.8657
-70.8614
-70.8571
-70.853
-70.8488
-70.8448
-70.8407
-70.8368
-70.8329
-70.8291
-70.8253
-70.8215
-70.8179
-70.8143
-70.8107
-70.8072
-70.8037
-70.8003
-70.797
-70.7936
-70.7904
-70.7872
-70.784
-70.7809
-70.7778
-70.7748
-70.7718
-70.7689
-70.766
-70.7632
-70.7604
-70.7577
-70.7549
-70.7523
-70.7497
-70.7471
-70.7445
-70.742
-70.7396
-70.7371
-70.7348
-70.7324
-70.7301
-70.7278
-70.7256
-70.7234
-70.7212
-70.7191
-70.717
-70.715
-70.7129
-70.7109
-70.709
-70.7071
-70.7052
-70.7033
-70.7015
-70.6997
-70.6979
-70.6962
-70.6945
-70.6928
-70.6911
-70.6895
-70.6879
-70.6864
-70.6848
-70.6833
-70.6818
-70.6804
-70.6789
-70.6775
-70.6762
-70.6748
-70.6735
-70.6722
-70.6709
-70.6696
-70.6684
-70.6672
-70.666
-70.6648
-70.6637
-70.6626
-70.6615
-70.6604
-70.6593
-70.6583
-70.6573
-70.6563
-70.6553
-70.6543
-70.6534
-70.6525
-70.6516
-70.6507
-70.6498
-70.649
-70.6482
-70.6474
-70.6466
-70.6458
-70.645
-70.6443
-70.6436
-70.6428
-70.6422
-70.6415
-70.6408
-70.6402
-70.6395
-70.6389
-70.6383
-70.6377
-70.6371
-70.6366
-70.636
-70.6355
-70.635
-70.6345
-70.634
-70.6335
-70.633
-70.6325
-70.6321
-70.6317
-70.6312
-70.6308
-70.6304
-70.63
-70.6297
-70.6293
-70.6289
-70.6286
-70.6282
-70.6279
-70.6276
-70.6273
-70.627
-70.6267
-70.6264
-70.6262
-70.6259
-70.6256
-70.6254
-70.6252
-70.6249
-70.6247
-70.6245
-70.6243
-70.6241
-70.6239
-70.6238
-70.6236
-70.6234
-70.6233
-70.6231
-70.623
-70.6229
-70.6227
-70.6226
-70.6225
-70.6224
-70.6223
-70.6222
-70.6221
-70.622
-70.622
-70.6219
-70.6218
-70.6218
-70.6217
-70.6217
-70.6216
-70.6216
-70.6216
-70.6215
-70.6215
-70.6215
-70.6215
-70.6215
-70.6215
-70.6215
-70.6215
-70.6215
-70.6215
-70.6215
-70.6216
-70.6216
-70.6216
-70.6216
-70.6217
-70.6217
-70.6218
-70.6218
-70.6219
-70.6219
-70.622
-70.6221
-70.6221
-70.6222
-70.6223
-70.6223
-70.6224
-70.6225
-70.6226
-70.6227
-70.6228
-70.6229
-70.623
-70.623
-70.6231
-70.6233
-70.6234
-70.6235
-70.6236
-70.6237
-70.6238
-70.6239
-70.624
-70.6241
-70.6243
-70.6244
-70.6245
-70.6246
-70.6248
-70.6249
-70.625
-70.6252
-70.6253
-70.6254
-70.6256
-70.6257
-70.6259
-70.626
-70.6261
-70.6263
-70.6264
-70.6266
-70.6267
-70.6269
-70.627
-70.6272
-70.6273
-70.6275
-70.6276
-70.6278
-70.6279
-70.6281
-70.6283
-70.6284
-70.6286
-70.6287
-70.6289
-70.6291
-70.6292
-70.6294
-70.6295
-70.6297
-70.6299
-70.63
-70.6302
-70.6304
-70.6305
-70.6307
-70.6309
-70.631
-70.6312
-70.6314
-70.6315
-70.6317
-70.6319
-70.632
-70.6322
-70.6324
-70.6325
-70.6327
-70.6329
-70.633
-70.6332
-70.6334
-70.6335
-70.6337
-70.6339
-70.6341
-70.6342
-70.6344
-70.6346
-70.6347
-70.6349
-70.6351
-70.6352
-70.6354
-70.6356
-70.6357
-70.6359
-70.6361
-70.6362
-70.6364
-70.6366
-70.6367
-70.6369
-70.6371
-70.6372
-70.6374
-70.6376
-70.6377
-70.6379
-70.6381
-70.6382
-70.6384
-70.6385
-70.6387
-70.6389
-70.639
-70.6392
-70.6393
-70.6395
-70.6397
-70.6398
-70.64
-70.6401
-70.6403
-70.6405
-70.6406
-70.6408
-70.6409
-70.6411
-70.6412
-70.6414
-70.6415
-70.6417
-70.6418
-70.642
-70.6421
-70.6423
-70.6424
-70.6426
-70.6427
-70.6429
-70.643
-70.6432
-70.6433
-70.6435
-70.6436
-70.6438
-70.6439
-70.6441
-70.6442
-70.6443
-70.6445
-70.6446
-70.6448
-70.6449
-70.645
-70.6452
-70.6453
-70.6455

