-70
-70.1661
-70.23
-70.2566
-70.2695
-70.2773
-70.283
-70.2879
-70.2925
-70.297
-70.3014
-70.3057
-70.31
-70.3142
-70.3185
-70.3226
-70.3268
-70.3309
-70.335
-70.3391
-70.3431
-70.3471
-70.351
-70.3549
-70.3588
-70.3626
-70.3664
-70.3701
-70.3738
-70.3775
-70.3811
-70.3847
-70.3883
-70.3918
-70.3953
-70.3987
-70.4021
-70.4055
-70.4088
-70.4121
-70.4154
-70.4186
-70.4218
-70.4249
-70.428
-70.4311
-70.4341
-70.4372
-70.4401
-70.4431
-70.446
-70.4489
-70.4517
-70.4545
-70.4573
-70.4601
-70.4628
-70.4655
-70.4682
-70.4708
-70.4734
-70.476
-70.4785
-70.481
-70.4835
-70.486
-70.4884
-70.4908
-70.4932
-70.4955
-70.4978
-70.5001
-70.5024
-70.5046
-70.5068
-70.509
-70.5112
-70.5133
-70.5154
-70.5175
-70.5196
-70.5216
-70.5236
-70.5256
-70.5276
-70.5295
-70.5315
-70.5334
-70.5352
-70.5371
-70.5389
-70.5407
-70.5425
-70.5443
-70.5461
-70.5478
-70.5495
-70.5512
-70.5528
-70.5545
-70.5561
-70.5577
-70.5593
-70.5609
-70.5624
-70.5639
-70.5655
-70.5669
-70.5684
-70.5699
-70.5713
-70.5727
-70.5741
-70.5755
-70.5769
-70.5782
-70.5796
-70.5809
-70.5822
-70.5835
-70.5848
-70.586
-70.5873
-70.5885
-70.5897
-70.5909
-70.5921
-70.5932
-70.5944
-70.5955
-70.5966
-70.5977
-70.5988
-70.5999
-70.601
-70.602
-70.603
-70.6041
-70.6051
-70.6061
-70.6071
-70.608
-70.609
-70.6099
-70.6109
-70.6118
-70.6127
-70.6136
-70.6145
-70.6154
-70.6162
-70.6171
-70.6179
-70.6187
-70.6196
-70.6204
-70.6212
-70.622
-70.6227
-70.6235
-70.6242
-70.625
-70.6257
-70.6265
-70.6272
-70.6279
-70.6286
-70.6293
-70.6299
-70.6306
-70.6313
-70.6319
-70.6325
-70.6332
-70.6338
-70.6344
-70.635
-70.6356
-70.6362
-70.6368
-70.6374
-70.6379
-70.6385
-70.639
-70.6396
-70.6401
-70.6406
-70.6411
-70.6417
-70.6422
-70.6427
-70.6431
-70.6436
-70.6441
-70.6446
-70.645
-70.6455
-70.6459
-70.6464
-70.6468
-70.6472
-70.6476
-70.6481
-70.6485
-70.6489
-70.6493
-70.6497
-70.65
-70.6504
-70.6508
-70.6512
-70.6515
-70.6519
-70.6522
-70.6526
-70.6529
-70.6533
-70.6536
-70.6539
-70.6542
-70.6545
-70.6549
-70.6552
-70.6555
-70.6558
-70.656
-70.6563
-70.6566
-70.6569
-70.6572
-70.6574
-70.6577
-70.658
-70.6582
-70.6585
-70.6587
-70.6589
-70.6592
-70.6594
-70.6597
-70.6599
-70.6601
-70.6603
-70.6605
-70.6607
-70.661
-70.6612
-70.6614
-70.6616
-70.6617
-70.6619
-70.6621
-70.6623
-70.6625
-70.6627
-70.6628
-70.663
-70.6632
-70.6633
-70.6635
-70.6637
-70.6638
-70.664
-70.6641
-70.6643
-70.6644
-70.6646
-70.6647
-70.6648
-70.665
-70.6651
-70.6652
-70.6653
-70.6655
-70.6656
-70.6657
-70.6658
-70.6659
-70.666
-70.6662
-70.6663
-70.6664
-70.6665
-70.6666
-70.6667
-70.6668
-70.6669
-70.667
-70.667
-70.6671
-70.6672
-70.6673
-70.6674
-70.6675
-70.6675
-70.6676
-70.6677
-70.6678
-70.6678
-70.6679
-70.668
-70.668
-70.6681
-70.6682
-70.6682
-70.6683
-70.6683
-70.6684
-70.6685
-70.6685
-70.6686
-70.6686
-70.6687
-70.6687
-70.6688
-70.6688
-70.6688
-70.6689
-70.6689
-70.669
-70.669
-70.669
-70.6691
-70.6691
-70.6691
-70.6692
-70.6692
-70.6692
-70.6693
-70.6693
-70.6693
-70.6694
-70.6694
-70.6694
-70.6694
-70.6694
-70.6695
-70.6695
-70.6695
-70.6695
-70.6695
-70.6696
-70.6696
-70.6696
-70.6696
-70.6696
-70.6696
-70.6696
-70.6697
-70.6697
-70.6697
-70.6697
-70.6697
-70.6697
-70.6697
-70.6697
-70.6697
-70.6697
-70.6697
-70.6697
-70.6697
-70.6697
-70.6697
-70.6697
-70.6697
-70.6697
-70.6697
-70.6697
-70.6697
-70.6697
-70.6697
-70.6697
-70.6697
-70.6697
-70.6697
-70.6697
-70.6697
-70.6697
-70.6697
-70.6697
-70.6697
-70.6697
-70.6697
-70.6696
-70.6696
-70.6696
-70.6696
-70.6696
-70.6696
-70.6696
-70.6696
-70.6696
-70.6695
-70.6695
-70.6695
-70.6695
-70.6695
-70.6695
-70.6695
-70.6695
-70.6694
-70.6694
-70.6694
-70.6694
-70.6694
-70.6694
-70.6693
-70.6693
-70.6693
-70.6693
-70.6693
-70.6693
-70.6693
-70.6692
-70.6692
-70.6692
-70.6692
-70.6692
-70.6691
-70.6691
-70.6691
-70.6691
-70.6691
-70.6691
-70.669
-70.669
-70.669
-70.669
-70.669
-70.6689
-70.6689
-70.6689
-70.6689
-70.6689
-70.6688
-70.6688
-70.6688
-70.6688
-70.6688
-70.6687
-70.6687
-70.6687
-70.6687
-70.6686
-70.6686
-70.6686
-70.6686
-70.6686
-70.6685
-70.6685
-70.6685
-70.6685
-70.6685
-70.6684
-70.6684
-70.6684
-70.6684
-70.6684
-70.6683
-70.6683
-70.6683
-70.6683
-70.6682
-70.6682
-70.6682
-70.6682
-70.6682
-70.6681
-70.6681
-70.6681
-70.6681
-70.6681
-70.6701
-70.8244
-71.4812
-72.3455
-73.1256
-73.6871
-74.0001
-59.1227
-52.4716
-50.1595
-48.0258
-42.7879
10.9278
-27.9506
-59.7831
-69.036
-68.161
-67.1101
-66.029
-64.937
-63.852
-62.7917
-61.7723
-60.807
-59.8972
-59.0013
-58.198
-57.4937
-56.873
-56.3285
-55.8546
-55.4417
-55.079
-54.7719
-54.5154
-54.303
-54.1282
-53.9835
-53.8603
-53.758
-53.6767
-53.6125
-53.5621
-53.523
-53.4928
-53.4668
-53.4436
-53.4264
-53.4142
-53.4058
-53.4002
-53.3967
-53.3947
-53.3932
-53.3897
-53.3852
-53.3829
-53.3824
-53.383
-53.3843
-53.3861
-53.3881
-53.3904
-53.3929
-53.3951
-53.3942
-53.3911
-53.3886
-53.3881
-53.3888
-53.39
-53.3916
-53.3934
-53.3953
-53.3972
-53.3992
-53.4011
-53.4029
-53.4045
-53.4059
-53.407
-53.405
-53.4007
-53.3958
-53.3917
-53.3888
-53.3866
-53.3837
-53.3768
-53.3403
-53.1838
-53.1697
-53.2069
-53.2452
-53.2746
-53.295
-53.3087
-53.3181
-53.3251
-53.3312
-53.3373
-53.3441
-53.3524
-53.3628
-53.3764
-53.3938
-53.4152
-53.4351
-53.4376
-53.4393
-53.4402
-53.4349
-53.4316
-53.4268
-53.4253
-53.4262
-53.4288
-53.4325
-53.4371
-53.4425
-53.4487
-53.4557
-53.4634
-53.4719
-53.4813
-53.4917
-53.503
-53.5155
-53.5291
-53.5439
-53.5602
-53.5779
-53.5973
-53.6184
-53.6415
-53.6666
-53.6941
-53.7241
-53.7569
-53.7928
-53.8319
-53.8745
-53.9208
-53.6805
-53.5027
-53.4479
-53.4382
-53.4358
-53.4173
-53.4119
-53.4081
-53.4041
-53.4058
-53.4105
-53.4166
-53.4233
-53.4302
-53.4372
-53.4444
-53.4517
-53.4593
-53.4672
-53.4755
-53.4843
-53.4937
-53.5037
-53.5145
-53.5262
-53.5388
-53.5524
-53.5672
-53.5833
-53.6012
-53.6217
-53.6438
-53.6674
-53.6927
-53.7202
-53.7501
-53.7825
-53.8188
-53.8616
-53.9108
-53.9646
-54.0215
-54.0809
-53.6801
-53.4489
-53.3896
-53.384
-53.3945
-53.409
-53.3995
-53.3954
-53.3988
-53.4007
-53.3987
-53.4003
-53.4042
-53.4091
-53.4144
-53.4199
-53.4257
-53.4318
-53.4381
-53.4446
-53.4513
-53.4582
-53.4654
-53.4731
-53.4812
-53.49
-53.4997
-53.5113
-53.5239
-53.5375
-53.5526
-53.5687
-53.5858
-53.6041
-53.6238
-53.6452
-53.6683
-53.6941
-53.7256
-53.7605
-53.7972
-53.8385
-53.8832
-53.9304
-53.9804
-54.0339
-54.0915
-54.1533
-54.22
-54.2982
-54.3894
-54.4841
-54.5827
-54.1313
-53.4621
-53.3052
-53.2876
-53.3066
-53.3332
-53.3595
-53.3707
-53.3686
-53.3737
-53.3824
-53.3922
-53.3984
-53.3972
-53.3987
-53.4022
-53.4068
-53.4118
-53.417
-53.4222
-53.4281
-53.4344
-53.4408
-53.4472
-53.4542
-53.4618
-53.4699
-53.4784
-53.4874
-53.4971
-53.5081
-53.5215
-53.5359
-53.551
-53.5673
-53.5859
-53.606
-53.6274
-53.6505
-53.6753
-53.7025
-53.7344
-53.7722
-53.813
-53.7117
-53.4822
-53.413
-53.3993
-53.4032
-53.4126
-53.4236
-53.4302
-53.4167
-53.411
-53.4118
-53.4157
-53.4208
-53.4262
-53.4207
-53.4169
-53.4166
-53.4184
-53.4214
-53.4255
-53.4309
-53.4375
-53.4458
-53.4578
-53.4726
-53.4877
-53.502
-53.5158
-53.5296
-53.5457
-53.5667
-53.5956
-53.6306
-53.6732
-53.7162
-53.7575
-53.798
-53.8391
-53.8837
-53.9327
-53.9888
-54.0609
-54.1445
-54.2365
-54.3298
-54.4242
-54.523
-54.6274
-54.7408
-54.8633
-55.0004
-55.1627
-55.3445
-55.543
-55.753
-55.9679
-56.1944
-56.4306
-56.6786
-56.94
-57.2178
-57.5322
-57.8881
-58.2671
-58.6654
-59.0702
-59.4787
-59.8959
-60.3194
-60.749
-61.1836
-61.6394
-62.1392
-62.674
-63.214
-63.7551
-64.2812
-64.7896
-65.2864
-65.7701
-66.2353
-66.6837
-67.1378
-67.6077
-68.0907
-68.5534
-68.9935
-69.406
-69.7843
-70.1371
-70.4695
-70.7737
-71.055
-71.3262
-71.5939
-71.8656
-72.1202
-72.3524
-72.5653
-72.755
-72.9241
-73.0802
-73.2204
-73.3455
-73.4604
-73.5696
-73.6804
-73.7893
-73.8864
-73.9741
-74.052
-74.1195
-74.1788
-74.2322
-74.2799
-74.3212
-74.3575
-74.3939
-74.4337
-74.4715
-74.5042
-74.5336
-74.5593
-74.5814
-74.5982
-74.6136
-74.6279
-74.6395
-74.6486
-74.6588
-74.6734
-74.6866
-74.697
-74.7063
-74.7143
-74.7217
-74.7264
-74.729
-74.7317
-74.7339
-74.7351
-74.7359
-74.7407
-74.7461
-74.749
-74.7505
-74.7526
-74.7543
-74.7574
-74.7593
-74.7579
-74.7557
-74.7546
-74.7536
-74.7533
-74.756
-74.7586
-74.7584
-74.7577
-74.7563
-74.7561
-74.7578
-74.7593
-74.758
-74.7532
-74.7483
-74.7469
-74.7471
-74.7483
-74.7516
-74.7525
-74.7518
-74.7505
-74.7491
-74.7493
-74.7493
-74.749
-74.7472
-74.7422
-74.7361
-74.7345
-74.7354
-74.737
-74.7409
-74.7433
-74.7419
-74.7401
-74.7391
-74.7373
-74.7346
-74.7327
-74.7318
-74.7286
-74.7237
-74.72
-74.7187
-74.7202
-74.7255
-74.7303
-74.7325
-74.7311
-74.73
-74.7293
-74.7259
-74.7207
-74.7163
-74.714
-74.7125
-74.71
-74.7084
-74.7058
-74.7047
-74.706
-74.711
-74.7153
-74.7172
-74.7166
-74.716
-74.7138
-74.7089
-74.7037
-74.6974
-74.6927
-74.6932
-74.6969
-74.6985
-74.6948
-74.6911
-74.6909
-74.6941
-74.6973
-74.7019
-74.7026
-74.7023
-74.7014
-74.6979
-74.693
-74.687
-74.6794
-74.6742
-74.6738
-74.6791
-74.6816
-74.6785
-74.6739
-74.6716
-74.6751
-74.6776
-74.6798
-74.6811
-74.6807
-74.6809
-74.6816
-74.6804
-74.6759
-74.6711
-74.665
-74.6614
-74.661
-74.6618
-74.6629
-74.6623
-74.6604
-74.6588
-74.6578
-74.6583
-74.6601
-74.6604
-74.658
-74.6566
-74.6579
-74.66
-74.6593
-74.6549
-74.6516
-74.6488
-74.6472
-74.6456
-74.6426
-74.6375
-74.6358
-74.6379
-74.6392
-74.6392
-74.6379
-74.6345
-74.6334
-74.634
-74.6325
-74.6314
-74.6332
-74.6349
-74.636
-74.6356
-74.6346
-74.637
-74.6382
-74.6344
-74.6291
-74.623
-74.6163
-74.6127
-74.6121
-74.6144
-74.6156
-74.6153
-74.6122
-74.6081
-74.6035
-74.6007
-74.598
-74.5987
-74.6015
-74.6049
-74.6084
-74.6103
-74.6103
-74.6118
-74.6146
-74.6138
-74.6103
-74.6028
-74.5929
-74.5882
-74.5841
-74.5809
-74.5773
-74.5795
-74.5816
-74.582
-74.5796
-74.5774
-74.5746
-74.5699
-74.5665
-74.5671
-74.5697
-74.5742
-74.5805
-74.5885
-74.5903
-74.5871
-74.5844
-74.5845
-74.5839
-74.5798
-74.5732
-74.567
-74.5596
-74.5536
-74.5491
-74.5427
-74.5359
-74.5323
-74.5335
-74.5347
-74.5346
-74.5378
-74.5385
-74.5338
-74.5287
-74.5268
-74.5274
-74.5358
-74.5455
-74.553
-74.5558
-74.5567
-74.5541
-74.5469
-74.5406
-74.5373
-74.5312
-74.5258
-74.5237
-74.522
-74.5172
-74.5104
-74.5033
-74.4968
-74.4921
-74.4872
-74.4853
-74.4869
-74.4914
-74.4952
-74.4974
-74.495
-74.4896
-74.4829
-74.4794
-74.4808
-74.4875
-74.5028
-74.514
-74.5184
-74.5174
-74.5152
-74.5102
-74.5017
-74.4931
-74.4853
-74.4783
-74.4731
-74.4679
-74.4654
-74.463
-74.4587
-74.4551
-74.4474
-74.4374
-74.4335
-74.4303
-74.4307
-74.4319
-74.4335
-74.431
-74.4259
-74.4205
-74.4181
-74.4187
-74.4173
-74.4136
-74.4158
-74.4279
-74.4397
-74.4462
-74.4511
-74.4574
-74.4623
-74.4638
-74.4596
-74.4532
-74.4477
-74.4382
-74.4256
-74.4109
-74.394
-74.3824
-74.3814
-74.3818
-74.3833
-74.3812
-74.3812
-74.3784
-74.3725
-74.3659
-74.3578
-74.3511
-74.3464
-74.3425
-74.3401
-74.3405
-74.3477
-74.3512
-74.3451
-74.3378
-74.3358
-74.3372
-74.3433
-74.3456
-74.35
-74.3557
-74.3575
-74.3616
-74.3656
-74.3745
-74.3804
-74.3804
-74.3783
-74.3748
-74.3711
-74.3697
-74.3639
-74.3533
-74.3402
-74.3311
-74.3216
-74.3076
-74.2956
-74.2856
-74.2783
-74.2742
-74.2732
-74.2688
-74.2622
-74.2552
-74.2502
-74.2507
-74.2522
-74.2491
-74.2414
-74.2352
-74.2293
-74.2179
-74.2025
-74.1929
-74.1896
-74.1875
-74.1851
-74.1914
-74.1999
-74.2055
-74.2104
-74.2156
-74.2206
-74.22
-74.2187
-74.23
-74.2419
-74.2474
-74.2468
-74.2385
-74.2321
-74.2328
-74.234
-74.233
-74.2319
-74.2308
-74.2286
-74.2283
-74.2261
-74.2246
-74.2243
-74.2211
-74.2143
-74.2091
-74.2068
-74.2026
-74.1942
-74.1812
-74.1656
-74.1568
-74.1534
-74.1493
-74.1413
-74.1306
-74.1198
-74.1049
-74.0857
-74.0714
-74.0649
-74.0616
-74.0595
-74.0521
-74.0447
-74.0391
-74.0275
-74.0108
-74.0004
-74.0005
-74.0032
-74.0041
-74.007
-74.0106
-74.0079
-74.0024
-73.9971
-73.9893
-73.9796
-73.9676
-73.9535
-73.9357
-73.9321
-73.9393
-73.9441
-73.9448
-73.9438
-73.9404
-73.9425
-73.9623
-73.9848
-74.0017
-74.0105
-74.0128
-74.0128
-74.0235
-74.0305
-74.0282
-74.0222
-74.0139
-74.0005
-73.986
-73.9709
-73.9648
-73.9626
-73.9586
-73.9482
-73.9403
-73.9456
-73.96
-73.9674
-73.9677
-73.9723
-73.9786
-73.9875
-73.9934
-73.9991
-73.998
-73.9884
-73.9809
-73.9783
-73.9753
-73.9696
-73.9615
-73.9493
-73.9351
-73.9238
-73.9139
-73.9054
-73.894
-73.8794
-73.8643
-73.85
-73.8336
-73.8135
-73.7951
-73.7777
-73.7635
-73.7564
-73.7516
-73.7442
-73.7356
-73.7364
-73.7359
-73.7371
-73.7345
-73.7333
-73.7322
-73.7297
-73.7212
-73.7063
-73.6893
-73.6738
-73.6609
-73.6489
-73.6476
-73.6491
-73.6434
-73.6304
-73.6165
-73.6028
-73.587
-73.5737
-73.5577
-73.5377
-73.5145
-73.4929
-73.483
-73.4723
-73.4565
-73.4364
-73.4136
-73.3959
-73.3789
-73.3598
-73.3459
-73.3432
-73.3453
-73.3408
-73.3292
-73.3128
-73.3062
-73.3146
-73.3358
-73.3499
-73.3539
-73.3569
-73.3674
-73.3771
-73.3845
-73.3892
-73.3928
-73.4002
-73.4093
-73.41
-73.4025
-73.3887
-73.3707
-73.3497
-73.3265
-73.306
-73.3053
-73.3139
-73.3218
-73.3211
-73.3154
-73.3113
-73.3076
-73.3134
-73.3252
-73.3296
-73.3248
-73.3131
-73.2966
-73.2767
-73.2544
-73.2305
-73.2137
-73.2105
-73.2048
-73.1932
-73.1767
-73.1568
-73.1345
-73.1105
-73.0854
-73.0595
-73.0337
-73.0169
-73.0028
-72.986
-72.9662
-72.9442
-72.9207
-72.8965
-72.8817
-72.8708
-72.8571
-72.84
-72.8294
-72.8228
-72.8125
-72.798
-72.7804
-72.7606
-72.7394
-72.7171
-72.6941
-72.6706
-72.6555
-72.6478
-72.6378
-72.6241
-72.6162
-72.614
-72.6082
-72.5976
-72.5833
-72.5665
-72.548
-72.5283
-72.5077
-72.4866
-72.4652
-72.4435
-72.4216
-72.3997
-72.383
-72.3791
-72.3747
-72.3662
-72.354
-72.3392
-72.3226
-72.3048
-72.2863
-72.2673
-72.2479
-72.2283
-72.2087
-72.1889
-72.1692
-72.1495
-72.1299
-72.1104
-72.0911
-72.0718
-72.0527
-72.0338
-72.0151
-71.9965
-71.9781
-71.9599
-71.9418
-71.924
-71.9063
-71.8889
-71.8716
-71.8545
-71.8388
-71.8399
-71.8462
-71.8481
-71.845
-71.8383
-71.829
-71.8181
-71.8059
-71.793
-71.7796
-71.7658
-71.7518
-71.7376
-71.7234
-71.7091
-71.6948
-71.6806
-71.6664
-71.6523
-71.6383
-71.6244
-71.6107
-71.597
-71.5835
-71.5701
-71.5568
-71.5437
-71.5307
-71.5179
-71.5052
-71.4926
-71.4802
-71.4679
-71.4558
-71.4438
-71.432
-71.4203
-71.4087
-71.3973
-71.386
-71.3749
-71.3639
-71.353
-71.3422
-71.3316
-71.3212
-71.3108
-71.3006
-71.2906
-71.2806
-71.2708
-71.2611
-71.2515
-71.2421
-71.2327
-71.2235
-71.2144
-71.2055
-71.1966
-71.1879
-71.1792
-71.1707
-71.1623
-71.154
-71.1458
-71.1377
-71.1297
-71.1219
-71.1141
-71.1064
-71.0988
-71.0914
-71.084
-71.0767
-71.0695
-71.0624
-71.0554
-71.0485
-71.0417
-71.035
-71.0284
-71.0218
-71.0154
-71.009
-71.0027
-70.9966
-70.9904
-70.9844
-70.9785
-70.9726
-70.9668
-70.9611
-70.9555
-70.9499
-70.9445
-70.9391
-70.9337
-70.9285
-70.9233
-70.9182
-70.9132
-70.9082
-70.9033
-70.8985
-70.8937
-70.889
-70.8844
-70.8798
-70.8753
-70.8709
-70.8665
-70.8622
-70.858
-70.8538
-70.8497
-70.8456
-70.8416
-70.8376
-70.8337
-70.8299
-70.8261
-70.8224
-70.8187
-70.8151
-70.8116
-70.8081
-70.8046
-70.8012
-70.7978
-70.7945
-70.7913
-70.7881
-70.7849
-70.7818
-70.7787
-70.7757
-70.7727
-70.7698
-70.7669
-70.7641
-70.7613
-70.7586
-70.7559
-70.7532
-70.7506
-70.748
-70.7454
-70.7429
-70.7405
-70.7381
-70.7357
-70.7333
-70.731
-70.7287
-70.7265
-70.7243
-70.7221
-70.72
-70.7179
-70.7159
-70.7138
-70.7118
-70.7099
-70.708
-70.7061
-70.7042
-70.7024
-70.7006
-70.6988
-70.6971
-70.6954
-70.6937
-70.692
-70.6904
-70.6888
-70.6872
-70.6857
-70.6842
-70.6827
-70.6812
-70.6798
-70.6784
-70.677
-70.6757
-70.6743
-70.673
-70.6717
-70.6705
-70.6692
-70.668
-70.6668
-70.6657
-70.6645
-70.6634
-70.6623
-70.6612
-70.6602
-70.6591
-70.6581
-70.6571
-70.6561
-70.6552
-70.6542
-70.6533
-70.6524
-70.6515
-70.6506
-70.6498
-70.649
-70.6481
-70.6473
-70.6466
-70.6458
-70.6451
-70.6443
-70.6436
-70.6429
-70.6422
-70.6416
-70.6409
-70.6403
-70.6397
-70.639
-70.6385
-70.6379
-70.6373
-70.6368
-70.6362
-70.6357
-70.6352
-70.6347
-70.6342
-70.6337
-70.6332
-70.6328
-70.6324
-70.6319
-70.6315
-70.6311
-70.6307
-70.6303
-70.63
-70.6296
-70.6292
-70.6289
-70.6286
-70.6283
-70.6279
-70.6276
-70.6274
-70.6271
-70.6268
-70.6265
-70.6263
-70.626
-70.6258
-70.6256
-70.6254
-70.6251
-70.6249
-70.6247
-70.6246
-70.6244
-70.6242
-70.624
-70.6239
-70.6237
-70.6236
-70.6234
-70.6233
-70.6232
-70.6231
-70.623
-70.6229
-70.6228
-70.6227
-70.6226
-70.6225
-70.6224
-70.6224
-70.6223
-70.6223
-70.6222
-70.6222
-70.6221
-70.6221
-70.6221
-70.622
-70.622
-70.622
-70.622
-70.622
-70.622
-70.622
-70.622
-70.622
-70.622
-70.622
-70.6221
-70.6221
-70.6221
-70.6222
-70.6222
-70.6222
-70.6223
-70.6223
-70.6224
-70.6224
-70.6225
-70.6226
-70.6226
-70.6227
-70.6228
-70.6229
-70.6229
-70.623
-70.6231
-70.6232
-70.6233
-70.6234
-70.6235
-70.6236
-70.6237
-70.6238
-70.6239
-70.624
-70.6241
-70.6242
-70.6243
-70.6244
-70.6245
-70.6246
-70.6248
-70.6249
-70.625
-70.6251
-70.6253
-70.6254
-70.6255
-70.6257
-70.6258
-70.6259
-70.6261
-70.6262
-70.6263
-70.6265
-70.6266
-70.6268
-70.6269
-70.6271
-70.6272
-70.6274
-70.6275
-70.6276
-70.6278
-70.628
-70.6281
-70.6283
-70.6284
-70.6286
-70.6287
-70.6289
-70.629
-70.6292
-70.6294
-70.6295
-70.6297
-70.6298
-70.63
-70.6302
-70.6303
-70.6305
-70.6306
-70.6308
-70.631
-70.6311
-70.6313
-70.6315
-70.6316
-70.6318
-70.632
-70.6321
-70.6323
-70.6325
-70.6326
-70.6328
-70.633
-70.6331
-70.6333
-70.6335
-70.6336
-70.6338
-70.634
-70.6341
-70.6343
-70.6345
-70.6346
-70.6348
-70.635
-70.6351
-70.6353
-70.6355
-70.6356
-70.6358
-70.6359
-70.6361
-70.6363
-70.6364
-70.6366
-70.6368
-70.6369
-70.6371
-70.6373
-70.6374
-70.6376
-70.6378
-70.6379
-70.6381
-70.6382
-70.6384
-70.6386
-70.6387
-70.6389
-70.639
-70.6392
-70.6394
-70.6395
-70.6397
-70.6398
-70.64
-70.6401
-70.6403
-70.6405
-70.6406
-70.6408
-70.6409
-70.6411
-70.6412
-70.6414
-70.6415
-70.6417
-70.6418
-70.642
-70.6421
-70.6423
-70.6424
-70.6426
-70.6427
-70.6429
-70.643
-70.6432
-70.6433
-70.6435
-70.6436
-70.6438
-70.6439
-70.644
-70.6442
-70.6443
-70.6445
-70.6446
-70.6447
-70.6449
-70.645

