-70
-70.1661
-70.23
-70.2566
-70.2695
-70.2773
-70.283
-70.2879
-70.2925
-70.297
-70.3014
-70.3057
-70.31
-70.3142
-70.3185
-70.3226
-70.3268
-70.3309
-70.335
-70.3391
-70.3431
-70.3471
-70.351
-70.3549
-70.3588
-70.3626
-70.3664
-70.3701
-70.3738
-70.3775
-70.3811
-70.3847
-70.3883
-70.3918
-70.3953
-70.3987
-70.4021
-70.4055
-70.4088
-70.4121
-70.4154
-70.4186
-70.4218
-70.4249
-70.428
-70.4311
-70.4341
-70.4372
-70.4401
-70.4431
-70.446
-70.4489
-70.4517
-70.4545
-70.4573
-70.4601
-70.4628
-70.4655
-70.4682
-70.4708
-70.4734
-70.476
-70.4785
-70.481
-70.4835
-70.486
-70.4884
-70.4908
-70.4932
-70.4955
-70.4978
-70.5001
-70.5024
-70.5046
-70.5068
-70.509
-70.5112
-70.5133
-70.5154
-70.5175
-70.5196
-70.5216
-70.5236
-70.5256
-70.5276
-70.5295
-70.5315
-70.5334
-70.5352
-70.5371
-70.5389
-70.5407
-70.5425
-70.5443
-70.5461
-70.5478
-70.5495
-70.5512
-70.5528
-70.5545
-70.5561
-70.5577
-70.5593
-70.5609
-70.5624
-70.5639
-70.5655
-70.5669
-70.5684
-70.5699
-70.5713
-70.5727
-70.5741
-70.5755
-70.5769
-70.5782
-70.5796
-70.5809
-70.5822
-70.5835
-70.5848
-70.586
-70.5873
-70.5885
-70.5897
-70.5909
-70.5921
-70.5932
-70.5944
-70.5955
-70.5966
-70.5977
-70.5988
-70.5999
-70.601
-70.602
-70.603
-70.6041
-70.6051
-70.6061
-70.6071
-70.608
-70.609
-70.6099
-70.6109
-70.6118
-70.6127
-70.6136
-70.6145
-70.6154
-70.6162
-70.6171
-70.6179
-70.6187
-70.6196
-70.6204
-70.6212
-70.622
-70.6227
-70.6235
-70.6242
-70.625
-70.6257
-70.6265
-70.6272
-70.6279
-70.6286
-70.6293
-70.6299
-70.6306
-70.6313
-70.6319
-70.6325
-70.6332
-70.6338
-70.6344
-70.635
-70.6356
-70.6362
-70.6368
-70.6374
-70.6379
-70.6385
-70.639
-70.6396
-70.6401
-70.6406
-70.6411
-70.6417
-70.6422
-70.6427
-70.6431
-70.6436
-70.6441
-70.6446
-70.645
-70.6455
-70.6459
-70.6464
-70.6468
-70.6472
-70.6476
-70.6481
-70.6485
-70.6489
-70.6493
-70.6497
-70.65
-70.6504
-70.6508
-70.6512
-70.6515
-70.6519
-70.6522
-70.6526
-70.6529
-70.6533
-70.6536
-70.6539
-70.6542
-70.6545
-70.6549
-70.6552
-70.6555
-70.6558
-70.656
-70.6563
-70.6566
-70.6569
-70.6572
-70.6574
-70.6577
-70.658
-70.6582
-70.6585
-70.6587
-70.6589
-70.6592
-70.6594
-70.6597
-70.6599
-70.6601
-70.6603
-70.6605
-70.6607
-70.661
-70.6612
-70.6614
-70.6616
-70.6617
-70.6619
-70.6621
-70.6623
-70.6625
-70.6627
-70.6628
-70.663
-70.6632
-70.6633
-70.6635
-70.6637
-70.6638
-70.664
-70.6641
-70.6643
-70.6644
-70.6646
-70.6647
-70.6648
-70.665
-70.6651
-70.6652
-70.6653
-70.6655
-70.6656
-70.6657
-70.6658
-70.6659
-70.666
-70.6662
-70.6663
-70.6664
-70.6665
-70.6666
-70.6667
-70.6668
-70.6669
-70.667
-70.667
-70.6671
-70.6672
-70.6673
-70.6674
-70.6675
-70.6675
-70.6676
-70.6677
-70.6678
-70.6678
-70.6679
-70.668
-70.668
-70.6681
-70.6682
-70.6682
-70.6683
-70.6683
-70.6684
-70.6685
-70.6685
-70.6686
-70.6686
-70.6687
-70.6687
-70.6688
-70.6688
-70.6688
-70.6689
-70.6689
-70.669
-70.669
-70.669
-70.6691
-70.6691
-70.6691
-70.6692
-70.6692
-70.6692
-70.6693
-70.6693
-70.6693
-70.6694
-70.6694
-70.6694
-70.6694
-70.6694
-70.6695
-70.6695
-70.6695
-70.6695
-70.6695
-70.6696
-70.6696
-70.6696
-70.6696
-70.6696
-70.6696
-70.6696
-70.6697
-70.6697
-70.6697
-70.6697
-70.6697
-70.6697
-70.6697
-70.6697
-70.6697
-70.6697
-70.6697
-70.6697
-70.6697
-70.6697
-70.6697
-70.6697
-70.6697
-70.6697
-70.6697
-70.6697
-70.6697
-70.6697
-70.6697
-70.6697
-70.6697
-70.6697
-70.6697
-70.6697
-70.6697
-70.6697
-70.6697
-70.6697
-70.6697
-70.6697
-70.6697
-70.6696
-70.6696
-70.6696
-70.6696
-70.6696
-70.6696
-70.6696
-70.6696
-70.6696
-70.6695
-70.6695
-70.6695
-70.6695
-70.6695
-70.6695
-70.6695
-70.6695
-70.6694
-70.6694
-70.6694
-70.6694
-70.6694
-70.6694
-70.6693
-70.6693
-70.6693
-70.6693
-70.6693
-70.6693
-70.6693
-70.6692
-70.6692
-70.6692
-70.6692
-70.6692
-70.6691
-70.6691
-70.6691
-70.6691
-70.6691
-70.6691
-70.669
-70.669
-70.669
-70.669
-70.669
-70.6689
-70.6689
-70.6689
-70.6689
-70.6689
-70.6688
-70.6688
-70.6688
-70.6688
-70.6688
-70.6687
-70.6687
-70.6687
-70.6687
-70.6686
-70.6686
-70.6686
-70.6686
-70.6686
-70.6685
-70.6685
-70.6685
-70.6685
-70.6685
-70.6684
-70.6684
-70.6684
-70.6684
-70.6684
-70.6683
-70.6683
-70.6683
-70.6683
-70.6682
-70.6682
-70.6682
-70.6682
-70.6682
-70.6681
-70.6681
-70.6681
-70.6681
-70.6681
-70.6731
-70.9176
-71.8096
-72.8395
-73.5754
-58.8992
-52.442
-50.1957
-48.1827
-43.7704
10.9649
-25.5772
-55.7726
-68.9629
-68.1754
-67.1266
-66.0461
-64.9543
-63.8692
-62.8081
-61.7871
-60.8204
-59.9191
-59.0491
-58.2397
-57.5172
-56.8867
-56.3376
-55.8611
-55.4493
-55.092
-54.7838
-54.5231
-54.3079
-54.1315
-53.9865
-53.8662
-53.7659
-53.6824
-53.616
-53.5643
-53.5243
-53.4935
-53.4694
-53.4491
-53.4313
-53.4172
-53.4075
-53.401
-53.397
-53.3947
-53.3938
-53.393
-53.3909
-53.387
-53.3846
-53.384
-53.3847
-53.386
-53.3879
-53.3901
-53.3925
-53.3951
-53.3978
-53.3981
-53.3954
-53.3916
-53.3903
-53.3905
-53.3916
-53.3932
-53.3949
-53.3968
-53.3988
-53.4009
-53.4029
-53.405
-53.4072
-53.4091
-53.4108
-53.4123
-53.4133
-53.4065
-53.3978
-53.393
-53.3909
-53.3898
-53.3884
-53.386
-53.3802
-53.3578
-53.1897
-53.1291
-53.1638
-53.2093
-53.2463
-53.2726
-53.2905
-53.3026
-53.3114
-53.3188
-53.3258
-53.3335
-53.3427
-53.3542
-53.3691
-53.3884
-53.4124
-53.4408
-53.4653
-53.4483
-53.4345
-53.4257
-53.4222
-53.4221
-53.4239
-53.4269
-53.4307
-53.4353
-53.4407
-53.4468
-53.4536
-53.4612
-53.4696
-53.4789
-53.4891
-53.5003
-53.5126
-53.5261
-53.5409
-53.5571
-53.5747
-53.594
-53.6151
-53.6381
-53.6631
-53.6905
-53.7204
-53.7531
-53.7889
-53.8279
-53.8704
-53.9167
-53.9671
-54.0218
-54.0811
-53.7702
-53.5072
-53.3985
-53.3672
-53.3607
-53.3629
-53.3715
-53.3822
-53.3932
-53.4036
-53.4135
-53.4228
-53.4317
-53.4403
-53.4488
-53.4574
-53.4661
-53.4755
-53.4853
-53.4955
-53.5063
-53.5177
-53.53
-53.5432
-53.5574
-53.5738
-53.5916
-53.6113
-53.6326
-53.6553
-53.6796
-53.706
-53.7345
-53.766
-53.8025
-53.8432
-53.8908
-53.9418
-53.9968
-54.0547
-54.1157
-54.1805
-54.2498
-54.2512
-53.5958
-53.3954
-53.3544
-53.3401
-53.34
-53.351
-53.3593
-53.3657
-53.3742
-53.3833
-53.3923
-53.401
-53.4091
-53.417
-53.4247
-53.4321
-53.4396
-53.4471
-53.4546
-53.4623
-53.4703
-53.4791
-53.4886
-53.4988
-53.5107
-53.5236
-53.5371
-53.5521
-53.5683
-53.5855
-53.6039
-53.6237
-53.6459
-53.6709
-53.6977
-53.7293
-53.7648
-53.8022
-53.8419
-53.8869
-53.9352
-53.9862
-54.0406
-54.0998
-54.1674
-54.2396
-54.3182
-54.4095
-54.508
-54.6094
-54.7158
-54.835
-54.9611
-53.9202
-53.359
-53.2444
-53.2465
-53.2771
-53.3122
-53.3274
-53.3348
-53.3475
-53.362
-53.3755
-53.3789
-53.3831
-53.3891
-53.396
-53.403
-53.4099
-53.4168
-53.4237
-53.4307
-53.4378
-53.4448
-53.452
-53.4598
-53.4684
-53.4778
-53.4877
-53.498
-53.5096
-53.5229
-53.5374
-53.5525
-53.5686
-53.5859
-53.6047
-53.6269
-53.6528
-53.68
-53.7088
-53.741
-53.7785
-53.7964
-53.532
-53.433
-53.408
-53.4076
-53.4154
-53.426
-53.4328
-53.4191
-53.413
-53.4111
-53.4062
-53.4055
-53.4076
-53.411
-53.4151
-53.4195
-53.4243
-53.43
-53.436
-53.444
-53.4559
-53.4696
-53.4856
-53.5023
-53.5181
-53.5329
-53.5479
-53.5665
-53.5951
-53.632
-53.6721
-53.7138
-53.7561
-53.7977
-53.839
-53.8821
-53.9289
-53.9827
-54.0507
-54.1343
-54.2232
-54.3152
-54.4112
-54.5111
-54.6157
-54.7266
-54.8465
-54.9795
-55.1342
-55.3142
-55.5072
-55.7119
-55.927
-56.1531
-56.3886
-56.6343
-56.8927
-57.167
-57.4726
-57.82
-58.1973
-58.5874
-58.9912
-59.4021
-59.8209
-60.2447
-60.6755
-61.1122
-61.5685
-62.0606
-62.5956
-63.1381
-63.6784
-64.2119
-64.7302
-65.2329
-65.7201
-66.1906
-66.6452
-67.1002
-67.5677
-68.0521
-68.5207
-68.9676
-69.389
-69.7775
-70.1381
-70.4729
-70.7823
-71.069
-71.3444
-71.6141
-71.8851
-72.1419
-72.3753
-72.5914
-72.7851
-72.9567
-73.1109
-73.2492
-73.3762
-73.4943
-73.6053
-73.7155
-73.8251
-73.9233
-74.0106
-74.0903
-74.1592
-74.2181
-74.2688
-74.3132
-74.3551
-74.3937
-74.4297
-74.468
-74.507
-74.5396
-74.5682
-74.5949
-74.6169
-74.6338
-74.647
-74.6592
-74.671
-74.6825
-74.6928
-74.7058
-74.7213
-74.7332
-74.7416
-74.75
-74.7565
-74.7603
-74.7618
-74.7632
-74.7645
-74.7662
-74.7684
-74.7707
-74.7772
-74.7841
-74.7875
-74.7891
-74.7913
-74.7921
-74.7913
-74.7905
-74.7898
-74.7895
-74.7882
-74.7874
-74.7871
-74.7911
-74.7955
-74.7974
-74.7964
-74.7948
-74.7935
-74.7918
-74.7906
-74.7889
-74.7875
-74.7859
-74.7834
-74.7813
-74.7835
-74.788
-74.792
-74.7932
-74.7911
-74.788
-74.7865
-74.7855
-74.7844
-74.7827
-74.7803
-74.7785
-74.7756
-74.7728
-74.7746
-74.7783
-74.7817
-74.7835
-74.782
-74.7787
-74.7754
-74.7738
-74.7727
-74.7722
-74.7699
-74.7678
-74.7651
-74.7635
-74.7639
-74.7656
-74.7686
-74.7724
-74.7734
-74.772
-74.7701
-74.7666
-74.7641
-74.7627
-74.7618
-74.761
-74.7584
-74.7533
-74.7502
-74.7498
-74.7512
-74.7524
-74.7557
-74.7593
-74.7612
-74.7602
-74.7576
-74.754
-74.7508
-74.7501
-74.7497
-74.75
-74.7484
-74.7438
-74.74
-74.7381
-74.7362
-74.7364
-74.739
-74.743
-74.7474
-74.7504
-74.7499
-74.7476
-74.7438
-74.7395
-74.7371
-74.7355
-74.7344
-74.7332
-74.7295
-74.7269
-74.7233
-74.7199
-74.7185
-74.7204
-74.7248
-74.7301
-74.7344
-74.7371
-74.7374
-74.7366
-74.7331
-74.7287
-74.7242
-74.7225
-74.7202
-74.7165
-74.7139
-74.7113
-74.708
-74.703
-74.701
-74.7021
-74.705
-74.7105
-74.7153
-74.7201
-74.724
-74.724
-74.7213
-74.7195
-74.7156
-74.7108
-74.7053
-74.7008
-74.6977
-74.696
-74.6932
-74.6899
-74.6856
-74.6834
-74.6843
-74.6881
-74.6917
-74.6939
-74.6976
-74.7012
-74.7071
-74.7094
-74.7089
-74.7075
-74.7035
-74.6968
-74.6902
-74.684
-74.6772
-74.6738
-74.6719
-74.6698
-74.6669
-74.6621
-74.6603
-74.6638
-74.6681
-74.6706
-74.6715
-74.675
-74.678
-74.6821
-74.6863
-74.688
-74.6884
-74.6872
-74.6841
-74.678
-74.6707
-74.6642
-74.6572
-74.6526
-74.6483
-74.645
-74.6437
-74.6423
-74.6396
-74.6394
-74.6416
-74.6476
-74.6513
-74.6541
-74.6563
-74.6604
-74.6616
-74.6608
-74.6624
-74.6634
-74.6612
-74.6586
-74.6552
-74.6504
-74.645
-74.6386
-74.6332
-74.6305
-74.6248
-74.6172
-74.6092
-74.6071
-74.6091
-74.6091
-74.6111
-74.6117
-74.6125
-74.616
-74.6225
-74.6275
-74.6293
-74.6301
-74.6295
-74.63
-74.6321
-74.6326
-74.6293
-74.6245
-74.619
-74.6167
-74.6166
-74.614
-74.6082
-74.6023
-74.6001
-74.596
-74.5885
-74.5813
-74.5754
-74.5683
-74.5684
-74.572
-74.5808
-74.5874
-74.5918
-74.597
-74.5969
-74.5936
-74.5912
-74.5901
-74.5892
-74.5907
-74.5931
-74.597
-74.5969
-74.5934
-74.5903
-74.5827
-74.5745
-74.5703
-74.5668
-74.566
-74.5664
-74.5658
-74.5612
-74.5536
-74.5455
-74.5372
-74.528
-74.522
-74.5177
-74.518
-74.5165
-74.517
-74.5265
-74.5371
-74.5437
-74.5486
-74.5525
-74.5532
-74.547
-74.539
-74.5347
-74.5324
-74.5304
-74.5305
-74.5334
-74.5345
-74.534
-74.5332
-74.5306
-74.5294
-74.5269
-74.5212
-74.5167
-74.5125
-74.5103
-74.5097
-74.509
-74.5048
-74.4963
-74.4846
-74.4717
-74.4658
-74.4657
-74.4661
-74.4604
-74.4517
-74.4471
-74.4469
-74.4492
-74.456
-74.4659
-74.4737
-74.4795
-74.4894
-74.4982
-74.5008
-74.4979
-74.4907
-74.4846
-74.4807
-74.4772
-74.472
-74.4656
-74.461
-74.4616
-74.4661
-74.4691
-74.4658
-74.4586
-74.4513
-74.4438
-74.4428
-74.4429
-74.4395
-74.4368
-74.4374
-74.4382
-74.4351
-74.4306
-74.4257
-74.4159
-74.4048
-74.393
-74.3786
-74.3655
-74.3531
-74.3466
-74.3506
-74.3562
-74.3605
-74.3597
-74.3565
-74.3511
-74.3429
-74.3379
-74.3397
-74.3411
-74.3426
-74.3451
-74.3468
-74.3505
-74.3563
-74.3661
-74.3744
-74.3809
-74.381
-74.3749
-74.3737
-74.3784
-74.3804
-74.3764
-74.367
-74.358
-74.3485
-74.3404
-74.3337
-74.3313
-74.3329
-74.3404
-74.3429
-74.3371
-74.328
-74.3224
-74.3205
-74.3173
-74.3164
-74.3186
-74.3169
-74.3112
-74.3042
-74.2919
-74.2848
-74.2812
-74.2783
-74.2714
-74.2618
-74.2483
-74.234
-74.2217
-74.2166
-74.2154
-74.2115
-74.2074
-74.2048
-74.1961
-74.181
-74.1638
-74.1463
-74.1369
-74.1387
-74.1418
-74.1439
-74.1406
-74.1388
-74.1422
-74.1524
-74.1605
-74.162
-74.162
-74.16
-74.1559
-74.15
-74.141
-74.1344
-74.1343
-74.1361
-74.1441
-74.1522
-74.1586
-74.1614
-74.1602
-74.1591
-74.155
-74.1462
-74.1466
-74.157
-74.1696
-74.1815
-74.1859
-74.1822
-74.1718
-74.1589
-74.1493
-74.1464
-74.1461
-74.149
-74.1535
-74.1625
-74.1674
-74.174
-74.1808
-74.1786
-74.1682
-74.1606
-74.158
-74.1559
-74.147
-74.1312
-74.1104
-74.0918
-74.0859
-74.0895
-74.0914
-74.0875
-74.0781
-74.066
-74.0507
-74.0347
-74.0192
-74.007
-73.9959
-73.9822
-73.9748
-73.9768
-73.9757
-73.9701
-73.9601
-73.9522
-73.9407
-73.9252
-73.9094
-73.8936
-73.88
-73.8714
-73.8668
-73.8683
-73.8652
-73.8639
-73.8607
-73.854
-73.8422
-73.8298
-73.8179
-73.8042
-73.7875
-73.7747
-73.7676
-73.7593
-73.7451
-73.7289
-73.72
-73.7113
-73.702
-73.688
-73.6748
-73.6595
-73.6437
-73.6287
-73.6103
-73.5881
-73.5671
-73.5586
-73.5556
-73.5476
-73.5452
-73.5472
-73.5504
-73.559
-73.5645
-73.5663
-73.5749
-73.596
-73.6151
-73.6288
-73.6332
-73.6323
-73.6333
-73.6379
-73.6365
-73.632
-73.6253
-73.6188
-73.6096
-73.5951
-73.579
-73.5722
-73.5645
-73.5511
-73.5327
-73.5107
-73.4913
-73.4746
-73.4651
-73.4666
-73.4771
-73.4817
-73.4843
-73.4884
-73.4872
-73.4783
-73.4634
-73.4462
-73.4334
-73.4185
-73.3999
-73.378
-73.3538
-73.3279
-73.3025
-73.2863
-73.2789
-73.2765
-73.2791
-73.2804
-73.2786
-73.2772
-73.2701
-73.257
-73.2394
-73.2189
-73.2047
-73.2007
-73.1967
-73.1869
-73.1737
-73.1656
-73.1558
-73.1432
-73.1361
-73.1271
-73.1141
-73.1065
-73.0988
-73.0864
-73.0705
-73.0609
-73.0519
-73.0387
-73.0217
-73.0017
-72.9798
-72.9564
-72.9321
-72.907
-72.8816
-72.8557
-72.8297
-72.8036
-72.7774
-72.7512
-72.7251
-72.6991
-72.6731
-72.6473
-72.6217
-72.5963
-72.571
-72.5475
-72.537
-72.531
-72.5346
-72.5372
-72.5335
-72.5243
-72.5112
-72.5016
-72.5011
-72.4981
-72.4901
-72.4781
-72.4729
-72.4741
-72.4714
-72.4636
-72.4519
-72.4373
-72.4209
-72.4031
-72.3844
-72.365
-72.3452
-72.3251
-72.3048
-72.2844
-72.264
-72.2435
-72.2231
-72.2027
-72.1825
-72.1623
-72.1423
-72.1225
-72.1028
-72.0832
-72.0698
-72.071
-72.0718
-72.0678
-72.0598
-72.0488
-72.0359
-72.0217
-72.0065
-71.9908
-71.9746
-71.9583
-71.9417
-71.9251
-71.9084
-71.8918
-71.8752
-71.8587
-71.8423
-71.826
-71.8098
-71.7938
-71.7779
-71.7621
-71.7465
-71.731
-71.7158
-71.7006
-71.6857
-71.6709
-71.6562
-71.6418
-71.6274
-71.6133
-71.5993
-71.5855
-71.5718
-71.5584
-71.545
-71.5318
-71.5188
-71.506
-71.4933
-71.4807
-71.4683
-71.4561
-71.444
-71.432
-71.4202
-71.4085
-71.397
-71.3857
-71.3744
-71.3633
-71.3524
-71.3416
-71.3309
-71.3204
-71.31
-71.2997
-71.2896
-71.2795
-71.2697
-71.2599
-71.2503
-71.2408
-71.2314
-71.2221
-71.213
-71.204
-71.1951
-71.1863
-71.1776
-71.169
-71.1606
-71.1522
-71.144
-71.1359
-71.1279
-71.12
-71.1121
-71.1044
-71.0968
-71.0893
-71.0819
-71.0746
-71.0674
-71.0603
-71.0532
-71.0463
-71.0395
-71.0327
-71.0261
-71.0195
-71.013
-71.0066
-71.0003
-70.9941
-70.988
-70.9819
-70.976
-70.9701
-70.9643
-70.9586
-70.9529
-70.9474
-70.9419
-70.9364
-70.9311
-70.9258
-70.9206
-70.9155
-70.9105
-70.9055
-70.9006
-70.8957
-70.891
-70.8863
-70.8816
-70.8771
-70.8726
-70.8681
-70.8637
-70.8594
-70.8552
-70.851
-70.8468
-70.8428
-70.8388
-70.8348
-70.8309
-70.8271
-70.8233
-70.8196
-70.8159
-70.8123
-70.8087
-70.8052
-70.8017
-70.7983
-70.795
-70.7917
-70.7884
-70.7852
-70.7821
-70.7789
-70.7759
-70.7729
-70.7699
-70.767
-70.7641
-70.7613
-70.7585
-70.7557
-70.753
-70.7504
-70.7477
-70.7452
-70.7426
-70.7401
-70.7377
-70.7352
-70.7329
-70.7305
-70.7282
-70.7259
-70.7237
-70.7215
-70.7194
-70.7172
-70.7152
-70.7131
-70.7111
-70.7091
-70.7072
-70.7052
-70.7033
-70.7015
-70.6997
-70.6979
-70.6961
-70.6944
-70.6927
-70.691
-70.6894
-70.6878
-70.6862
-70.6846
-70.6831
-70.6816
-70.6801
-70.6787
-70.6772
-70.6758
-70.6745
-70.6731
-70.6718
-70.6705
-70.6692
-70.668
-70.6667
-70.6655
-70.6644
-70.6632
-70.6621
-70.6609
-70.6599
-70.6588
-70.6577
-70.6567
-70.6557
-70.6547
-70.6537
-70.6528
-70.6519
-70.6509
-70.6501
-70.6492
-70.6483
-70.6475
-70.6467
-70.6459
-70.6451
-70.6443
-70.6436
-70.6428
-70.6421
-70.6414
-70.6407
-70.64
-70.6394
-70.6387
-70.6381
-70.6375
-70.6369
-70.6363
-70.6358
-70.6352
-70.6347
-70.6341
-70.6336
-70.6331
-70.6326
-70.6321
-70.6317
-70.6312
-70.6308
-70.6304
-70.6299
-70.6295
-70.6291
-70.6288
-70.6284
-70.628
-70.6277
-70.6273
-70.627
-70.6267
-70.6264
-70.6261
-70.6258
-70.6255
-70.6253
-70.625
-70.6247
-70.6245
-70.6243
-70.624
-70.6238
-70.6236
-70.6234
-70.6232
-70.623
-70.6229
-70.6227
-70.6225
-70.6224
-70.6222
-70.6221
-70.6219
-70.6218
-70.6217
-70.6216
-70.6215
-70.6214
-70.6213
-70.6212
-70.6211
-70.6211
-70.621
-70.6209
-70.6209
-70.6208
-70.6208
-70.6207
-70.6207
-70.6207
-70.6206
-70.6206
-70.6206
-70.6206
-70.6206
-70.6206
-70.6206
-70.6206
-70.6206
-70.6206
-70.6206
-70.6207
-70.6207
-70.6207
-70.6208
-70.6208
-70.6209
-70.6209
-70.621
-70.621
-70.6211
-70.6211
-70.6212
-70.6213
-70.6213
-70.6214
-70.6215
-70.6216
-70.6217
-70.6218
-70.6218
-70.6219
-70.622
-70.6221
-70.6222
-70.6223
-70.6224
-70.6225
-70.6227
-70.6228
-70.6229
-70.623
-70.6231
-70.6232
-70.6234
-70.6235
-70.6236
-70.6237
-70.6239
-70.624
-70.6241
-70.6243
-70.6244
-70.6245
-70.6247
-70.6248
-70.625
-70.6251
-70.6253
-70.6254
-70.6256
-70.6257
-70.6259
-70.626
-70.6262
-70.6263
-70.6265
-70.6266
-70.6268
-70.6269
-70.6271
-70.6273
-70.6274
-70.6276
-70.6277
-70.6279
-70.6281
-70.6282
-70.6284
-70.6286
-70.6287
-70.6289
-70.6291
-70.6292
-70.6294
-70.6296
-70.6297
-70.6299
-70.6301
-70.6302
-70.6304
-70.6306
-70.6307
-70.6309
-70.6311
-70.6313
-70.6314
-70.6316
-70.6318
-70.6319
-70.6321
-70.6323
-70.6325
-70.6326
-70.6328
-70.633
-70.6331
-70.6333
-70.6335
-70.6337
-70.6338
-70.634
-70.6342
-70.6344
-70.6345
-70.6347
-70.6349
-70.635
-70.6352
-70.6354
-70.6356
-70.6357
-70.6359
-70.6361
-70.6362
-70.6364
-70.6366
-70.6367
-70.6369
-70.6371
-70.6372
-70.6374
-70.6376
-70.6377
-70.6379
-70.6381
-70.6382
-70.6384
-70.6386
-70.6387
-70.6389
-70.6391
-70.6392
-70.6394
-70.6395
-70.6397
-70.6399
-70.64
-70.6402
-70.6403
-70.6405
-70.6407
-70.6408
-70.641
-70.6411
-70.6413
-70.6414
-70.6416
-70.6417
-70.6419
-70.6421
-70.6422
-70.6424
-70.6425

