-70
-70.2123
-70.2926
-70.3252
-70.3404
-70.3491
-70.3555
-70.3609
-70.3659
-70.3708
-70.3757
-70.3805
-70.3853
-70.39
-70.3948
-70.3995
-70.4042
-70.4088
-70.4134
-70.4179
-70.4224
-70.4269
-70.4313
-70.4357
-70.44
-70.4443
-70.4485
-70.4527
-70.4569
-70.461
-70.465
-70.469
-70.473
-70.4769
-70.4808
-70.4846
-70.4884
-70.4921
-70.4958
-70.4995
-70.5031
-70.5067
-70.5102
-70.5137
-70.5172
-70.5206
-70.524
-70.5273
-70.5306
-70.5339
-70.5371
-70.5403
-70.5434
-70.5465
-70.5496
-70.5526
-70.5556
-70.5586
-70.5615
-70.5644
-70.5673
-70.5701
-70.5729
-70.5757
-70.5784
-70.5811
-70.5838
-70.5864
-70.589
-70.5916
-70.5941
-70.5966
-70.5991
-70.6016
-70.604
-70.6064
-70.6087
-70.6111
-70.6134
-70.6157
-70.6179
-70.6201
-70.6223
-70.6245
-70.6266
-70.6287
-70.6308
-70.6329
-70.6349
-70.6369
-70.6389
-70.6409
-70.6428
-70.6448
-70.6466
-70.6485
-70.6503
-70.6522
-70.654
-70.6557
-70.6575
-70.6592
-70.6609
-70.6626
-70.6643
-70.6659
-70.6675
-70.6691
-70.6707
-70.6723
-70.6738
-70.6754
-70.6769
-70.6783
-70.6798
-70.6812
-70.6827
-70.6841
-70.6855
-70.6868
-70.6882
-70.6895
-70.6908
-70.6921
-70.6934
-70.6947
-70.6959
-70.6972
-70.6984
-70.6996
-70.7008
-70.702
-70.7031
-70.7042
-70.7054
-70.7065
-70.7076
-70.7087
-70.7097
-70.7108
-70.7118
-70.7128
-70.7138
-70.7148
-70.7158
-70.7168
-70.7177
-70.7187
-70.7196
-70.7205
-70.7214
-70.7223
-70.7232
-70.7241
-70.7249
-70.7258
-70.7266
-70.7274
-70.7282
-70.729
-70.7298
-70.7306
-70.7314
-70.7321
-70.7329
-70.7336
-70.7343
-70.735
-70.7357
-70.7364
-70.7371
-70.7378
-70.7384
-70.7391
-70.7397
-70.7404
-70.741
-70.7416
-70.7422
-70.7428
-70.7434
-70.744
-70.7446
-70.7451
-70.7457
-70.7462
-70.7468
-70.7473
-70.7478
-70.7484
-70.7489
-70.7494
-70.7499
-70.7504
-70.7508
-70.7513
-70.7518
-70.7522
-70.7527
-70.7531
-70.7536
-70.754
-70.7544
-70.7549
-70.7553
-70.7557
-70.7561
-70.7565
-70.7569
-70.7573
-70.7576
-70.758
-70.7584
-70.7587
-70.7591
-70.7594
-70.7598
-70.7601
-70.7605
-70.7608
-70.7611
-70.7614
-70.7617
-70.7621
-70.7624
-70.7627
-70.763
-70.7632
-70.7635
-70.7638
-70.7641
-70.7644
-70.7646
-70.7649
-70.7651
-70.7654
-70.7656
-70.7659
-70.7661
-70.7664
-70.7666
-70.7668
-70.7671
-70.7673
-70.7675
-70.7677
-70.7679
-70.7681
-70.7684
-70.7686
-70.7688
-70.769
-70.7691
-70.7693
-70.7695
-70.7697
-70.7699
-70.7701
-70.7702
-70.7704
-70.7706
-70.7707
-70.7709
-70.7711
-70.7712
-70.7714
-70.7715
-70.7717
-70.7718
-70.772
-70.7721
-70.7722
-70.7724
-70.7725
-70.7726
-70.7728
-70.7729
-70.773
-70.7731
-70.7733
-70.7734
-70.7735
-70.7736
-70.7737
-70.7738
-70.7739
-70.774
-70.7741
-70.7742
-70.7743
-70.7744
-70.7745
-70.7746
-70.7747
-70.7748
-70.7749
-70.775
-70.7751
-70.7751
-70.7752
-70.7753
-70.7754
-70.7755
-70.7755
-70.7756
-70.7757
-70.7758
-70.7758
-70.7759
-70.776
-70.776
-70.7761
-70.7762
-70.7762
-70.7763
-70.7763
-70.7764
-70.7765
-70.7765
-70.7766
-70.7766
-70.7767
-70.7767
-70.7768
-70.7768
-70.7769
-70.7769
-70.777
-70.777
-70.7771
-70.7771
-70.7771
-70.7772
-70.7772
-70.7773
-70.7773
-70.7773
-70.7774
-70.7774
-70.7774
-70.7775
-70.7775
-70.7775
-70.7776
-70.7776
-70.7776
-70.7777
-70.7777
-70.7777
-70.7777
-70.7778
-70.7778
-70.7778
-70.7778
-70.7779
-70.7779
-70.7779
-70.7779
-70.778
-70.778
-70.778
-70.778
-70.778
-70.7781
-70.7781
-70.7781
-70.7781
-70.7781
-70.7781
-70.7782
-70.7782
-70.7782
-70.7782
-70.7782
-70.7782
-70.7782
-70.7783
-70.7783
-70.7783
-70.7783
-70.7783
-70.7783
-70.7783
-70.7783
-70.7783
-70.7783
-70.7784
-70.7784
-70.7784
-70.7784
-70.7784
-70.7784
-70.7784
-70.7784
-70.7784
-70.7784
-70.7784
-70.7784
-70.7784
-70.7784
-70.7784
-70.7784
-70.7784
-70.7784
-70.7784
-70.7785
-70.7785
-70.7785
-70.7785
-70.7785
-70.7785
-70.7785
-70.7785
-70.7785
-70.7785
-70.7785
-70.7785
-70.7785
-70.7785
-70.7785
-70.7785
-70.7785
-70.7785
-70.7785
-70.7785
-70.7785
-70.7785
-70.7785
-70.7785
-70.7785
-70.7785
-70.7785
-70.7785
-70.7785
-70.7785
-70.7785
-70.7784
-70.7784
-70.7784
-70.7784
-70.7784
-70.7784
-70.7784
-70.7784
-70.7784
-70.7784
-70.7784
-70.7784
-70.7784
-70.7784
-70.7784
-70.7784
-70.7784
-70.7784
-70.7784
-70.7784
-70.7784
-70.7784
-70.7784
-70.7784
-70.7784
-70.7784
-70.7784
-70.7784
-70.7784
-70.7783
-70.7783
-70.7783
-70.7783
-70.7783
-70.7783
-70.7783
-70.7787
-70.9479
-71.6029
-72.5355
-73.3878
-73.9213
-58.0927
-52.3338
-49.8392
-46.2571
9.41713
-31.5216
-69.1757
-70.0421
-68.824
-67.5106
-66.1435
-64.7585
-63.3926
-62.0813
-60.8545
-59.7356
-58.739
-57.871
-57.1065
-56.4143
-55.8538
-55.4101
-55.0618
-54.7885
-54.5776
-54.4104
-54.2812
-54.1854
-54.1166
-54.0676
-54.0336
-54.0086
-53.9878
-53.9724
-53.9631
-53.9582
-53.9564
-53.9565
-53.9571
-53.9555
-53.9537
-53.9533
-53.9545
-53.9567
-53.9594
-53.9625
-53.9655
-53.9665
-53.9655
-53.9643
-53.9645
-53.9658
-53.9677
-53.97
-53.9724
-53.9749
-53.9775
-53.9792
-53.9788
-53.9777
-53.9749
-53.9736
-53.9738
-53.9748
-53.9762
-53.9778
-53.9795
-53.9813
-53.9831
-53.9849
-53.9868
-53.9887
-53.9904
-53.9877
-53.9846
-53.9831
-53.9807
-53.9762
-53.9738
-53.9726
-53.9716
-53.9701
-53.967
-53.9593
-53.9153
-53.7313
-53.7355
-53.7858
-53.8273
-53.8549
-53.8717
-53.8817
-53.8874
-53.8908
-53.8935
-53.8963
-53.9002
-53.92
-53.9484
-53.9631
-53.9714
-53.9782
-53.9855
-53.9912
-53.9932
-53.9937
-53.9947
-53.9967
-53.9996
-54.0035
-54.0082
-54.0135
-54.0196
-54.0265
-54.0341
-54.0427
-54.0522
-54.0627
-54.0743
-54.0871
-54.1012
-54.1167
-54.1336
-54.1523
-54.1727
-54.195
-54.2193
-54.2457
-54.2744
-54.3058
-54.34
-54.1572
-54.0597
-54.0319
-54.0309
-54.0397
-54.052
-54.0657
-54.0591
-54.0334
-54.0232
-54.0094
-54.002
-54.0017
-54.005
-54.0099
-54.0155
-54.0216
-54.0281
-54.035
-54.0424
-54.0501
-54.0583
-54.067
-54.0764
-54.0866
-54.0975
-54.1094
-54.1223
-54.1367
-54.1525
-54.1695
-54.1879
-54.2078
-54.2293
-54.2526
-54.2779
-54.3055
-54.3372
-54.3723
-54.411
-54.2772
-54.0608
-53.9971
-53.9883
-53.9966
-54.0099
-54.0244
-54.0387
-54.0528
-54.0666
-54.0557
-54.025
-54.0126
-54.0109
-54.0015
-53.9955
-53.9952
-53.9977
-54.0016
-54.0061
-54.011
-54.0162
-54.0218
-54.0277
-54.0338
-54.0403
-54.0473
-54.0553
-54.0638
-54.0734
-54.0838
-54.0949
-54.1069
-54.1206
-54.1354
-54.1512
-54.1681
-54.1871
-54.2085
-54.2313
-54.257
-54.2851
-54.3149
-54.3467
-54.3817
-54.4218
-54.4647
-54.5101
-54.5601
-54.5666
-54.0992
-53.9604
-53.9395
-53.951
-53.9694
-53.9878
-54.0046
-54.0204
-54.0349
-54.0486
-54.0623
-54.076
-54.0898
-54.0952
-54.0389
-54.0115
-54.004
-54.0049
-53.9992
-53.9923
-53.9912
-53.9932
-53.9967
-54.0008
-54.0052
-54.01
-54.0152
-54.0207
-54.0263
-54.0323
-54.0388
-54.0457
-54.0533
-54.0624
-54.0729
-54.084
-54.0958
-54.1083
-54.123
-54.139
-54.1559
-54.1741
-54.1937
-54.2152
-54.2408
-54.2705
-54.302
-54.1499
-54.0209
-53.9868
-53.9848
-53.9924
-54.0025
-54.0129
-54.0232
-54.0335
-54.0449
-54.0519
-54.0231
-54.0075
-54.0036
-54.005
-54.0086
-54.0134
-54.0114
-54.0021
-53.9986
-53.9991
-54.0018
-54.0062
-54.0117
-54.0175
-54.0236
-54.0298
-54.0364
-54.0433
-54.0521
-54.0651
-54.0831
-54.1076
-54.136
-54.1631
-54.1871
-54.2107
-54.235
-54.2626
-54.296
-54.3443
-54.4115
-54.4906
-54.5673
-54.6352
-54.6997
-54.7665
-54.8393
-54.9244
-55.024
-55.1441
-55.2822
-55.4312
-55.5843
-55.7379
-55.8949
-56.0606
-56.2405
-56.4377
-56.6564
-56.9033
-57.1801
-57.477
-57.7897
-58.1065
-58.4278
-58.7574
-59.1014
-59.4622
-59.8474
-60.26
-60.7096
-61.1844
-61.6742
-62.1694
-62.6543
-63.128
-63.5953
-64.0621
-64.5344
-65.0188
-65.5177
-66.0328
-66.5513
-67.058
-67.5471
-68.0043
-68.4282
-68.8261
-69.2023
-69.5674
-69.9278
-70.2826
-70.6308
-70.968
-71.2855
-71.5777
-71.8432
-72.0802
-72.294
-72.4885
-72.6709
-72.8465
-73.0142
-73.1743
-73.3269
-73.469
-73.5972
-73.7101
-73.8095
-73.8973
-73.9736
-74.043
-74.1095
-74.1731
-74.2318
-74.2888
-74.3426
-74.3931
-74.4374
-74.4736
-74.5047
-74.5317
-74.554
-74.5752
-74.5962
-74.6163
-74.6346
-74.653
-74.6708
-74.6885
-74.7034
-74.7142
-74.7221
-74.7282
-74.7333
-74.7386
-74.7442
-74.7503
-74.7549
-74.7603
-74.7657
-74.772
-74.7774
-74.7809
-74.7824
-74.7823
-74.7819
-74.7821
-74.783
-74.7855
-74.7865
-74.787
-74.7876
-74.7897
-74.7923
-74.7942
-74.7946
-74.7944
-74.792
-74.7892
-74.7876
-74.7876
-74.789
-74.7885
-74.7872
-74.7861
-74.7869
-74.7885
-74.7895
-74.7905
-74.7897
-74.7887
-74.7857
-74.7821
-74.7811
-74.7818
-74.7823
-74.781
-74.7791
-74.7778
-74.7801
-74.7822
-74.7826
-74.7827
-74.781
-74.7785
-74.775
-74.7711
-74.7696
-74.7704
-74.77
-74.7688
-74.7671
-74.7658
-74.7678
-74.7706
-74.7725
-74.7732
-74.7734
-74.7706
-74.7662
-74.7634
-74.7616
-74.7604
-74.7593
-74.7589
-74.7577
-74.7569
-74.7568
-74.7575
-74.759
-74.7607
-74.7617
-74.7618
-74.759
-74.7539
-74.7505
-74.7504
-74.7504
-74.7472
-74.7445
-74.7442
-74.7439
-74.7426
-74.7419
-74.7445
-74.7482
-74.752
-74.7517
-74.7501
-74.7473
-74.7433
-74.7405
-74.7417
-74.7426
-74.7402
-74.7359
-74.7325
-74.7309
-74.7284
-74.7267
-74.7285
-74.732
-74.7371
-74.7405
-74.7387
-74.7347
-74.7309
-74.7275
-74.7268
-74.7283
-74.7292
-74.728
-74.7248
-74.7204
-74.7145
-74.7102
-74.7085
-74.711
-74.716
-74.7205
-74.7251
-74.728
-74.7257
-74.7227
-74.7213
-74.719
-74.7165
-74.7162
-74.7163
-74.7154
-74.7128
-74.7078
-74.7025
-74.6959
-74.6905
-74.6918
-74.6967
-74.7021
-74.7055
-74.7075
-74.7085
-74.7086
-74.7065
-74.7064
-74.7062
-74.7051
-74.7039
-74.7009
-74.6972
-74.6923
-74.6885
-74.6849
-74.6801
-74.6767
-74.6743
-74.6724
-74.6756
-74.6814
-74.685
-74.6863
-74.6896
-74.6936
-74.6947
-74.6945
-74.6933
-74.6931
-74.692
-74.6902
-74.6856
-74.681
-74.6756
-74.668
-74.6616
-74.6589
-74.6581
-74.6549
-74.653
-74.6552
-74.6583
-74.6596
-74.6616
-74.6636
-74.6674
-74.6732
-74.6781
-74.678
-74.6729
-74.6693
-74.6689
-74.6684
-74.6653
-74.6612
-74.6561
-74.6502
-74.6432
-74.6374
-74.6347
-74.6324
-74.6303
-74.6264
-74.6235
-74.6276
-74.6313
-74.6328
-74.6322
-74.634
-74.6391
-74.6464
-74.6532
-74.6549
-74.6524
-74.6492
-74.6455
-74.6429
-74.643
-74.6426
-74.6399
-74.6348
-74.6269
-74.6211
-74.6154
-74.6098
-74.6066
-74.6046
-74.6014
-74.5984
-74.5994
-74.6023
-74.603
-74.5999
-74.6015
-74.6068
-74.6109
-74.6105
-74.6111
-74.6148
-74.6181
-74.6183
-74.6176
-74.614
-74.6099
-74.6112
-74.6122
-74.6108
-74.6047
-74.5975
-74.5913
-74.5852
-74.5785
-74.5727
-74.5677
-74.5654
-74.5632
-74.5617
-74.5601
-74.5562
-74.5564
-74.5594
-74.5638
-74.5664
-74.5709
-74.57
-74.5659
-74.5626
-74.5597
-74.5595
-74.5587
-74.5611
-74.5651
-74.5648
-74.5636
-74.5663
-74.5697
-74.5699
-74.5705
-74.5712
-74.5705
-74.5645
-74.5546
-74.5438
-74.5339
-74.5242
-74.5173
-74.5156
-74.5143
-74.5137
-74.5116
-74.5068
-74.5029
-74.5057
-74.5091
-74.5106
-74.5207
-74.5275
-74.5304
-74.5306
-74.5264
-74.5212
-74.5165
-74.5097
-74.5014
-74.4986
-74.501
-74.5033
-74.5039
-74.4975
-74.4925
-74.497
-74.5061
-74.5124
-74.514
-74.5115
-74.51
-74.5083
-74.5035
-74.5004
-74.4946
-74.4853
-74.4734
-74.4628
-74.4508
-74.4424
-74.4397
-74.4385
-74.437
-74.4332
-74.425
-74.42
-74.418
-74.4237
-74.4349
-74.4447
-74.4463
-74.446
-74.4436
-74.4416
-74.4423
-74.4373
-74.4311
-74.4283
-74.4257
-74.4225
-74.4171
-74.4152
-74.4159
-74.4132
-74.4077
-74.399
-74.3942
-74.399
-74.4054
-74.4127
-74.4155
-74.4153
-74.4142
-74.4104
-74.4028
-74.398
-74.3924
-74.388
-74.3837
-74.3777
-74.3726
-74.3683
-74.3678
-74.3658
-74.3584
-74.3459
-74.3366
-74.3333
-74.3278
-74.3183
-74.3146
-74.3167
-74.3185
-74.3164
-74.3146
-74.318
-74.3244
-74.3257
-74.3265
-74.3259
-74.3207
-74.3086
-74.3018
-74.3053
-74.3086
-74.3129
-74.318
-74.3208
-74.3148
-74.303
-74.2956
-74.296
-74.3011
-74.3031
-74.3046
-74.3036
-74.2982
-74.2909
-74.2854
-74.2776
-74.2722
-74.2698
-74.2686
-74.2741
-74.2767
-74.2768
-74.2774
-74.2734
-74.2651
-74.2567
-74.249
-74.2473
-74.2452
-74.2387
-74.2301
-74.2199
-74.2108
-74.1983
-74.1868
-74.1789
-74.1718
-74.1654
-74.1553
-74.1457
-74.1419
-74.1365
-74.1252
-74.1127
-74.1038
-74.0947
-74.094
-74.1052
-74.1145
-74.1242
-74.127
-74.1207
-74.1143
-74.1147
-74.1149
-74.1113
-74.1061
-74.1015
-74.0971
-74.097
-74.1045
-74.1162
-74.1244
-74.1253
-74.1204
-74.1184
-74.1142
-74.1081
-74.0993
-74.0881
-74.074
-74.0589
-74.0415
-74.0333
-74.0341
-74.0337
-74.0294
-74.0246
-74.0283
-74.0463
-74.061
-74.0675
-74.0729
-74.077
-74.0806
-74.0842
-74.0908
-74.094
-74.0942
-74.0866
-74.0721
-74.0562
-74.0437
-74.0331
-74.0199
-74.0081
-73.9991
-73.9887
-73.9805
-73.9752
-73.9689
-73.9746
-73.9913
-74.0075
-74.0195
-74.0231
-74.0301
-74.0405
-74.0474
-74.0486
-74.0445
-74.0356
-74.0208
-74.0038
-73.9864
-73.9658
-73.9419
-73.9157
-73.8998
-73.8952
-73.8936
-73.8881
-73.8801
-73.8664
-73.8473
-73.8243
-73.8002
-73.7796
-73.7606
-73.7572
-73.7615
-73.7639
-73.7611
-73.7555
-73.7436
-73.7263
-73.7105
-73.6942
-73.6744
-73.6512
-73.6257
-73.5984
-73.5699
-73.5404
-73.5104
-73.4798
-73.449
-73.4179
-73.3866
-73.3554
-73.3304
-73.3235
-73.3301
-73.3387
-73.3466
-73.3614
-73.3716
-73.3771
-73.3789
-73.3731
-73.3609
-73.3489
-73.3397
-73.333
-73.3272
-73.3196
-73.3162
-73.3169
-73.3131
-73.3028
-73.29
-73.2892
-73.295
-73.2992
-73.3016
-73.307
-73.3115
-73.3086
-73.2986
-73.2895
-73.294
-73.3084
-73.3217
-73.3253
-73.3199
-73.3083
-73.3001
-73.292
-73.2795
-73.2662
-73.2578
-73.2467
-73.2314
-73.2125
-73.1967
-73.1858
-73.1724
-73.1632
-73.1585
-73.1587
-73.1547
-73.1446
-73.1296
-73.1112
-73.0905
-73.0681
-73.0447
-73.0204
-72.9955
-72.9702
-72.9447
-72.9193
-72.9037
-72.8925
-72.8787
-72.8616
-72.8421
-72.821
-72.7988
-72.7758
-72.7525
-72.7288
-72.705
-72.6811
-72.6572
-72.6334
-72.6097
-72.5861
-72.5626
-72.5393
-72.5161
-72.4932
-72.4704
-72.4479
-72.4256
-72.4035
-72.3816
-72.3639
-72.3601
-72.357
-72.3498
-72.3393
-72.3393
-72.3432
-72.3423
-72.3362
-72.3263
-72.3138
-72.2995
-72.2839
-72.2675
-72.2506
-72.2332
-72.2156
-72.1979
-72.18
-72.1621
-72.1442
-72.1264
-72.1087
-72.091
-72.0735
-72.0638
-72.0676
-72.0699
-72.0674
-72.0608
-72.0513
-72.0398
-72.0271
-72.0135
-71.9994
-71.9848
-71.97
-71.9551
-71.9401
-71.925
-71.9099
-71.8949
-71.88
-71.8651
-71.8504
-71.8357
-71.8212
-71.8068
-71.7925
-71.7784
-71.7644
-71.7506
-71.737
-71.7234
-71.7101
-71.6968
-71.6838
-71.6709
-71.6581
-71.6455
-71.6331
-71.6208
-71.6086
-71.5966
-71.5848
-71.5731
-71.5615
-71.5501
-71.5389
-71.5277
-71.5167
-71.5059
-71.4952
-71.4846
-71.4742
-71.4639
-71.4537
-71.4437
-71.4338
-71.424
-71.4143
-71.4048
-71.3954
-71.3861
-71.377
-71.3679
-71.359
-71.3502
-71.3415
-71.333
-71.3245
-71.3162
-71.308
-71.2999
-71.2919
-71.284
-71.2762
-71.2685
-71.2609
-71.2535
-71.2461
-71.2388
-71.2317
-71.2246
-71.2176
-71.2107
-71.2039
-71.1972
-71.1906
-71.1841
-71.1777
-71.1713
-71.1651
-71.1589
-71.1528
-71.1468
-71.1409
-71.1351
-71.1293
-71.1237
-71.1181
-71.1126
-71.1071
-71.1018
-71.0965
-71.0913
-71.0861
-71.0811
-71.0761
-71.0711
-71.0663
-71.0615
-71.0568
-71.0521
-71.0475
-71.043
-71.0386
-71.0342
-71.0299
-71.0256
-71.0214
-71.0172
-71.0132
-71.0091
-71.0052
-71.0013
-70.9974
-70.9936
-70.9899
-70.9862
-70.9825
-70.979
-70.9754
-70.972
-70.9685
-70.9652
-70.9618
-70.9586
-70.9553
-70.9522
-70.949
-70.946
-70.9429
-70.9399
-70.937
-70.9341
-70.9312
-70.9284
-70.9256
-70.9229
-70.9202
-70.9176
-70.915
-70.9124
-70.9099
-70.9074
-70.9049
-70.9025
-70.9001
-70.8978
-70.8955
-70.8932
-70.891
-70.8888
-70.8866
-70.8845
-70.8824
-70.8803
-70.8783
-70.8763
-70.8743
-70.8724
-70.8705
-70.8686
-70.8668
-70.865
-70.8632
-70.8614
-70.8597
-70.858
-70.8563
-70.8547
-70.853
-70.8515
-70.8499
-70.8483
-70.8468
-70.8453
-70.8439
-70.8424
-70.841
-70.8396
-70.8382
-70.8369
-70.8356
-70.8343
-70.833
-70.8317
-70.8305
-70.8293
-70.8281
-70.8269
-70.8257
-70.8246
-70.8235
-70.8224
-70.8213
-70.8202
-70.8192
-70.8182
-70.8171
-70.8162
-70.8152
-70.8142
-70.8133
-70.8124
-70.8115
-70.8106
-70.8097
-70.8088
-70.808
-70.8072
-70.8064
-70.8056
-70.8048
-70.804
-70.8033
-70.8025
-70.8018
-70.8011
-70.8004
-70.7997
-70.799
-70.7983
-70.7977
-70.7971
-70.7964
-70.7958
-70.7952
-70.7946
-70.794
-70.7935
-70.7929
-70.7924
-70.7918
-70.7913
-70.7908
-70.7903
-70.7898
-70.7893
-70.7888
-70.7884
-70.7879
-70.7875
-70.787
-70.7866
-70.7862
-70.7858
-70.7854
-70.785
-70.7846
-70.7842
-70.7838
-70.7835
-70.7831
-70.7828
-70.7824
-70.7821
-70.7818
-70.7815
-70.7811
-70.7808
-70.7805
-70.7802
-70.78
-70.7797
-70.7794
-70.7791
-70.7789
-70.7786
-70.7784
-70.7781
-70.7779
-70.7777
-70.7775
-70.7772
-70.777
-70.7768
-70.7766
-70.7764
-70.7762
-70.776
-70.7758
-70.7757
-70.7755
-70.7753
-70.7751
-70.775
-70.7748
-70.7747
-70.7745
-70.7744
-70.7742
-70.7741
-70.774
-70.7738
-70.7737
-70.7736
-70.7735
-70.7734
-70.7732
-70.7731
-70.773
-70.7729
-70.7728
-70.7727
-70.7726
-70.7726
-70.7725
-70.7724
-70.7723
-70.7722
-70.7721
-70.7721
-70.772
-70.7719
-70.7719
-70.7718
-70.7718
-70.7717
-70.7716
-70.7716
-70.7715
-70.7715
-70.7714
-70.7714
-70.7714
-70.7713
-70.7713
-70.7712
-70.7712
-70.7712
-70.7711
-70.7711
-70.7711
-70.7711
-70.771
-70.771
-70.771
-70.771
-70.771
-70.7709
-70.7709
-70.7709
-70.7709
-70.7709
-70.7709
-70.7709
-70.7709
-70.7709
-70.7709
-70.7709
-70.7709
-70.7709
-70.7709
-70.7709
-70.7709
-70.7709
-70.7709
-70.7709
-70.7709
-70.7709
-70.7709
-70.7709
-70.7709
-70.7709
-70.7709
-70.771
-70.771
-70.771
-70.771
-70.771
-70.771
-70.7711
-70.7711
-70.7711
-70.7711
-70.7711
-70.7711
-70.7712
-70.7712
-70.7712
-70.7712
-70.7713
-70.7713
-70.7713
-70.7713
-70.7714
-70.7714
-70.7714
-70.7714
-70.7715
-70.7715
-70.7715
-70.7715
-70.7716
-70.7716
-70.7716
-70.7717
-70.7717
-70.7717
-70.7717
-70.7718
-70.7718
-70.7718
-70.7719
-70.7719
-70.7719
-70.772
-70.772
-70.772
-70.772
-70.7721
-70.7721
-70.7721
-70.7722
-70.7722
-70.7722
-70.7723
-70.7723
-70.7723
-70.7724
-70.7724
-70.7724
-70.7725
-70.7725
-70.7725
-70.7726
-70.7726
-70.7726
-70.7727
-70.7727
-70.7727
-70.7728
-70.7728
-70.7728
-70.7729
-70.7729
-70.7729
-70.773
-70.773
-70.773
-70.7731
-70.7731
-70.7731
-70.7732
-70.7732
-70.7732
-70.7732
-70.7733
-70.7733
-70.7733
-70.7734
-70.7734
-70.7734
-70.7735
-70.7735
-70.7735
-70.7736

