-70
-70.2123
-70.2926
-70.3252
-70.3404
-70.3491
-70.3555
-70.3609
-70.3659
-70.3708
-70.3757
-70.3805
-70.3853
-70.39
-70.3948
-70.3995
-70.4042
-70.4088
-70.4134
-70.4179
-70.4224
-70.4269
-70.4313
-70.4357
-70.44
-70.4443
-70.4485
-70.4527
-70.4569
-70.461
-70.465
-70.469
-70.473
-70.4769
-70.4808
-70.4846
-70.4884
-70.4921
-70.4958
-70.4995
-70.5031
-70.5067
-70.5102
-70.5137
-70.5172
-70.5206
-70.524
-70.5273
-70.5306
-70.5339
-70.5371
-70.5403
-70.5434
-70.5465
-70.5496
-70.5526
-70.5556
-70.5586
-70.5615
-70.5644
-70.5673
-70.5701
-70.5729
-70.5757
-70.5784
-70.5811
-70.5838
-70.5864
-70.589
-70.5916
-70.5941
-70.5966
-70.5991
-70.6016
-70.604
-70.6064
-70.6087
-70.6111
-70.6134
-70.6157
-70.6179
-70.6201
-70.6223
-70.6245
-70.6266
-70.6287
-70.6308
-70.6329
-70.6349
-70.6369
-70.6389
-70.6409
-70.6428
-70.6448
-70.6466
-70.6485
-70.6503
-70.6522
-70.654
-70.6557
-70.6575
-70.6592
-70.6609
-70.6626
-70.6643
-70.6659
-70.6675
-70.6691
-70.6707
-70.6723
-70.6738
-70.6754
-70.6769
-70.6783
-70.6798
-70.6812
-70.6827
-70.6841
-70.6855
-70.6868
-70.6882
-70.6895
-70.6908
-70.6921
-70.6934
-70.6947
-70.6959
-70.6972
-70.6984
-70.6996
-70.7008
-70.702
-70.7031
-70.7042
-70.7054
-70.7065
-70.7076
-70.7087
-70.7097
-70.7108
-70.7118
-70.7128
-70.7138
-70.7148
-70.7158
-70.7168
-70.7177
-70.7187
-70.7196
-70.7205
-70.7214
-70.7223
-70.7232
-70.7241
-70.7249
-70.7258
-70.7266
-70.7274
-70.7282
-70.729
-70.7298
-70.7306
-70.7314
-70.7321
-70.7329
-70.7336
-70.7343
-70.735
-70.7357
-70.7364
-70.7371
-70.7378
-70.7384
-70.7391
-70.7397
-70.7404
-70.741
-70.7416
-70.7422
-70.7428
-70.7434
-70.744
-70.7446
-70.7451
-70.7457
-70.7462
-70.7468
-70.7473
-70.7478
-70.7484
-70.7489
-70.7494
-70.7499
-70.7504
-70.7508
-70.7513
-70.7518
-70.7522
-70.7527
-70.7531
-70.7536
-70.754
-70.7544
-70.7549
-70.7553
-70.7557
-70.7561
-70.7565
-70.7569
-70.7573
-70.7576
-70.758
-70.7584
-70.7587
-70.7591
-70.7594
-70.7598
-70.7601
-70.7605
-70.7608
-70.7611
-70.7614
-70.7617
-70.7621
-70.7624
-70.7627
-70.763
-70.7632
-70.7635
-70.7638
-70.7641
-70.7644
-70.7646
-70.7649
-70.7651
-70.7654
-70.7656
-70.7659
-70.7661
-70.7664
-70.7666
-70.7668
-70.7671
-70.7673
-70.7675
-70.7677
-70.7679
-70.7681
-70.7684
-70.7686
-70.7688
-70.769
-70.7691
-70.7693
-70.7695
-70.7697
-70.7699
-70.7701
-70.7702
-70.7704
-70.7706
-70.7707
-70.7709
-70.7711
-70.7712
-70.7714
-70.7715
-70.7717
-70.7718
-70.772
-70.7721
-70.7722
-70.7724
-70.7725
-70.7726
-70.7728
-70.7729
-70.773
-70.7731
-70.7733
-70.7734
-70.7735
-70.7736
-70.7737
-70.7738
-70.7739
-70.774
-70.7741
-70.7742
-70.7743
-70.7744
-70.7745
-70.7746
-70.7747
-70.7748
-70.7749
-70.775
-70.7751
-70.7751
-70.7752
-70.7753
-70.7754
-70.7755
-70.7755
-70.7756
-70.7757
-70.7758
-70.7758
-70.7759
-70.776
-70.776
-70.7761
-70.7762
-70.7762
-70.7763
-70.7763
-70.7764
-70.7765
-70.7765
-70.7766
-70.7766
-70.7767
-70.7767
-70.7768
-70.7768
-70.7769
-70.7769
-70.777
-70.777
-70.7771
-70.7771
-70.7771
-70.7772
-70.7772
-70.7773
-70.7773
-70.7773
-70.7774
-70.7774
-70.7774
-70.7775
-70.7775
-70.7775
-70.7776
-70.7776
-70.7776
-70.7777
-70.7777
-70.7777
-70.7777
-70.7778
-70.7778
-70.7778
-70.7778
-70.7779
-70.7779
-70.7779
-70.7779
-70.778
-70.778
-70.778
-70.778
-70.778
-70.7781
-70.7781
-70.7781
-70.7781
-70.7781
-70.7781
-70.7782
-70.7782
-70.7782
-70.7782
-70.7782
-70.7782
-70.7782
-70.7783
-70.7783
-70.7783
-70.7783
-70.7783
-70.7783
-70.7783
-70.7783
-70.7783
-70.7783
-70.7784
-70.7784
-70.7784
-70.7784
-70.7784
-70.7784
-70.7784
-70.7784
-70.7784
-70.7784
-70.7784
-70.7784
-70.7784
-70.7784
-70.7784
-70.7784
-70.7784
-70.7784
-70.7784
-70.7785
-70.7785
-70.7785
-70.7785
-70.7785
-70.7785
-70.7785
-70.7785
-70.7785
-70.7785
-70.7785
-70.7785
-70.7785
-70.7785
-70.7785
-70.7785
-70.7785
-70.7785
-70.7785
-70.7785
-70.7785
-70.7785
-70.7785
-70.7785
-70.7785
-70.7785
-70.7785
-70.7785
-70.7785
-70.7785
-70.7785
-70.7784
-70.7784
-70.7784
-70.7784
-70.7784
-70.7784
-70.7784
-70.7784
-70.7784
-70.7784
-70.7784
-70.7784
-70.7784
-70.7784
-70.7784
-70.7784
-70.7784
-70.7784
-70.7784
-70.7784
-70.7784
-70.7784
-70.7784
-70.7784
-70.7784
-70.7784
-70.7784
-70.7784
-70.7784
-70.7783
-70.7783
-70.7783
-70.7783
-70.7783
-70.7783
-70.7783
-70.7787
-70.9287
-71.5588
-69.7835
-55.2311
-51.5429
-49.4156
-45.8764
10.3505
-32.4328
-69.1995
-69.8457
-68.6126
-67.2895
-65.9195
-64.5383
-63.1831
-61.8884
-60.683
-59.5883
-58.6172
-57.7752
-57.0358
-56.3606
-55.8247
-55.3933
-55.0408
-54.7698
-54.5648
-54.4046
-54.2818
-54.194
-54.1261
-54.0755
-54.0413
-54.0185
-53.9989
-53.9859
-53.9769
-53.9694
-53.966
-53.9657
-53.9674
-53.9674
-53.9665
-53.9668
-53.9655
-53.9657
-53.9675
-53.9703
-53.9738
-53.9776
-53.9779
-53.9773
-53.9761
-53.9745
-53.9748
-53.9763
-53.9787
-53.9814
-53.9844
-53.9875
-53.9908
-53.9936
-53.9904
-53.9865
-53.9822
-53.9806
-53.9809
-53.9823
-53.9841
-53.9861
-53.9884
-53.9907
-53.993
-53.9954
-53.9978
-53.9999
-54.0017
-54.0033
-54.0045
-54.0028
-53.9863
-53.9766
-53.9725
-53.9701
-53.9673
-53.9616
-53.9435
-53.7687
-53.6493
-53.701
-53.7632
-53.8078
-53.836
-53.8528
-53.8626
-53.8682
-53.8719
-53.8752
-53.8793
-53.8849
-53.8931
-53.9048
-53.9213
-53.944
-53.9741
-54.0113
-54.0322
-54.0262
-54.0187
-54.0101
-54.0073
-54.0083
-54.0116
-54.0163
-54.0221
-54.0289
-54.0368
-54.0456
-54.0556
-54.0666
-54.0788
-54.0923
-54.1072
-54.1235
-54.1415
-54.1612
-54.1828
-54.2064
-54.232
-54.2599
-54.2904
-54.3236
-54.3598
-54.3993
-54.4423
-54.489
-54.5399
-54.5951
-54.655
-54.72
-54.7905
-54.8669
-54.2247
-53.9944
-53.9502
-53.9607
-53.9783
-53.9693
-53.9709
-53.9802
-53.9921
-54.0042
-54.0159
-54.0271
-54.0379
-54.0485
-54.0591
-54.0699
-54.0812
-54.093
-54.1055
-54.1189
-54.1333
-54.1488
-54.1656
-54.1838
-54.2035
-54.2249
-54.2479
-54.2731
-54.303
-54.3372
-54.3732
-54.411
-54.4513
-54.4945
-54.5412
-54.5915
-54.6458
-54.7045
-54.7697
-54.8458
-54.9275
-55.0132
-55.1039
-54.1755
-53.9063
-53.8688
-53.8912
-53.9247
-53.9567
-53.9851
-54.0029
-53.9881
-53.9832
-53.9864
-53.9929
-54.0004
-54.0081
-54.0158
-54.0235
-54.0313
-54.0399
-54.0491
-54.0585
-54.0682
-54.0784
-54.0892
-54.1009
-54.1135
-54.1272
-54.142
-54.1581
-54.1774
-54.1997
-54.223
-54.2474
-54.2733
-54.3011
-54.3312
-54.3638
-54.3992
-54.4374
-54.4789
-54.5262
-54.5843
-54.6462
-54.7098
-54.7763
-54.8467
-54.9221
-55.0031
-55.0899
-55.1829
-55.2821
-55.3876
-55.5111
-55.657
-54.5649
-53.8554
-53.7388
-53.7661
-53.8203
-53.8717
-53.9147
-53.9495
-53.978
-54.0018
-54.023
-54.0431
-54.0278
-54.0002
-53.9916
-53.9923
-53.9966
-54.0022
-54.0084
-54.0149
-54.0216
-54.0286
-54.036
-54.0449
-54.0548
-54.0649
-54.0754
-54.0865
-54.0984
-54.1113
-54.1254
-54.1407
-54.1574
-54.1778
-54.2019
-54.2271
-54.2532
-54.281
-54.3109
-54.3434
-54.3786
-54.417
-54.4586
-54.504
-54.2362
-53.9992
-53.9463
-53.9473
-53.9618
-53.9783
-53.9791
-53.9753
-53.9774
-53.9825
-53.9884
-53.9946
-54.0009
-54.0078
-54.0146
-54.0212
-54.028
-54.035
-54.0425
-54.0525
-54.0647
-54.0818
-54.1037
-54.1305
-54.1574
-54.1851
-54.2132
-54.2407
-54.2724
-54.3152
-54.3799
-54.4627
-54.5559
-54.6486
-54.7288
-54.8056
-54.8838
-54.9677
-55.0662
-55.1857
-55.3355
-55.5004
-55.6751
-55.8526
-56.0279
-56.2093
-56.3997
-56.6027
-56.8263
-57.0793
-57.3714
-57.6875
-58.0187
-58.3631
-58.7101
-59.0618
-59.4203
-59.7889
-60.1736
-60.5885
-61.0405
-61.5228
-62.0248
-62.5291
-63.0344
-63.5232
-63.9972
-64.4623
-64.9223
-65.3881
-65.8774
-66.3795
-66.8898
-67.3904
-67.8669
-68.3207
-68.7405
-69.1269
-69.4883
-69.8314
-70.1681
-70.5052
-70.8321
-71.1534
-71.459
-71.7381
-71.9927
-72.2233
-72.4291
-72.6129
-72.7814
-72.9426
-73.0997
-73.2487
-73.3918
-73.5273
-73.6486
-73.7565
-73.8511
-73.9337
-74.005
-74.0679
-74.1275
-74.1864
-74.2424
-74.2968
-74.3499
-74.3985
-74.4401
-74.4757
-74.5046
-74.5294
-74.5504
-74.5676
-74.5863
-74.6048
-74.6225
-74.6408
-74.6583
-74.674
-74.6872
-74.6977
-74.7048
-74.7102
-74.715
-74.7194
-74.725
-74.7311
-74.7362
-74.7423
-74.748
-74.7535
-74.7569
-74.7596
-74.7607
-74.7606
-74.7588
-74.7586
-74.7589
-74.7598
-74.7611
-74.7622
-74.7644
-74.7659
-74.7674
-74.7667
-74.7675
-74.768
-74.7668
-74.7637
-74.7622
-74.7628
-74.7631
-74.7628
-74.763
-74.7638
-74.7632
-74.7632
-74.7616
-74.7592
-74.7581
-74.7565
-74.7537
-74.7512
-74.7507
-74.7518
-74.7518
-74.7513
-74.7525
-74.7534
-74.7534
-74.7535
-74.7513
-74.7481
-74.7461
-74.7451
-74.7434
-74.7416
-74.7413
-74.7409
-74.7409
-74.7409
-74.741
-74.7404
-74.7392
-74.7385
-74.7362
-74.7328
-74.7298
-74.7276
-74.7277
-74.7275
-74.7269
-74.7271
-74.7277
-74.7278
-74.7298
-74.7296
-74.729
-74.7276
-74.7269
-74.7248
-74.7218
-74.7188
-74.7155
-74.7149
-74.7162
-74.7167
-74.7146
-74.7137
-74.7121
-74.7125
-74.7121
-74.7109
-74.709
-74.7087
-74.7085
-74.7073
-74.705
-74.7021
-74.6999
-74.6993
-74.7023
-74.7054
-74.7035
-74.7019
-74.7026
-74.7026
-74.7007
-74.6971
-74.6947
-74.6922
-74.6937
-74.6949
-74.6942
-74.6924
-74.6902
-74.6887
-74.6852
-74.6863
-74.6859
-74.6846
-74.6835
-74.6837
-74.6838
-74.682
-74.6774
-74.6743
-74.6704
-74.6698
-74.6713
-74.6741
-74.6761
-74.6782
-74.6785
-74.6774
-74.676
-74.6751
-74.674
-74.6718
-74.6706
-74.6713
-74.6697
-74.6682
-74.6645
-74.6601
-74.6563
-74.6535
-74.6517
-74.6517
-74.6544
-74.6577
-74.6604
-74.6592
-74.6584
-74.6596
-74.6553
-74.6502
-74.6481
-74.6474
-74.648
-74.6474
-74.6452
-74.6413
-74.6373
-74.636
-74.6339
-74.629
-74.6277
-74.6297
-74.6322
-74.6352
-74.6389
-74.643
-74.6467
-74.6481
-74.6457
-74.6389
-74.6303
-74.6286
-74.6306
-74.6327
-74.6313
-74.6259
-74.6202
-74.6166
-74.6153
-74.615
-74.6109
-74.6086
-74.6088
-74.6064
-74.6069
-74.6081
-74.6072
-74.6087
-74.6147
-74.6172
-74.6159
-74.6117
-74.6046
-74.5976
-74.5975
-74.6043
-74.6058
-74.6023
-74.5972
-74.59
-74.5852
-74.5825
-74.5839
-74.5843
-74.5805
-74.5807
-74.5848
-74.5855
-74.5854
-74.5835
-74.5842
-74.5876
-74.5897
-74.5883
-74.5848
-74.5819
-74.5788
-74.5763
-74.5753
-74.5765
-74.5782
-74.5805
-74.5791
-74.5739
-74.5663
-74.5593
-74.5567
-74.555
-74.555
-74.5544
-74.5529
-74.5509
-74.5503
-74.5497
-74.5447
-74.5426
-74.5421
-74.5402
-74.5407
-74.5416
-74.5401
-74.5345
-74.5286
-74.5237
-74.5245
-74.5275
-74.5301
-74.535
-74.536
-74.5331
-74.5346
-74.5346
-74.5296
-74.5222
-74.5204
-74.5199
-74.5196
-74.5176
-74.5139
-74.5072
-74.5001
-74.4982
-74.5012
-74.5002
-74.4982
-74.4988
-74.5032
-74.506
-74.5036
-74.4987
-74.4932
-74.49
-74.4878
-74.4848
-74.4813
-74.4816
-74.4829
-74.4849
-74.4854
-74.4851
-74.4868
-74.4857
-74.4851
-74.4886
-74.491
-74.4861
-74.4807
-74.4771
-74.4761
-74.4725
-74.4697
-74.4666
-74.4594
-74.452
-74.4424
-74.4332
-74.432
-74.435
-74.4372
-74.4368
-74.4356
-74.4347
-74.4316
-74.4271
-74.4176
-74.4098
-74.4041
-74.3995
-74.398
-74.3968
-74.3994
-74.4034
-74.4086
-74.4114
-74.4147
-74.4174
-74.4155
-74.4131
-74.4081
-74.4013
-74.3991
-74.3982
-74.3954
-74.3929
-74.3909
-74.3896
-74.3935
-74.3985
-74.3961
-74.3892
-74.3866
-74.382
-74.372
-74.3642
-74.3567
-74.3481
-74.3453
-74.3502
-74.3517
-74.3477
-74.3437
-74.3389
-74.3349
-74.3334
-74.331
-74.3236
-74.3138
-74.3032
-74.2917
-74.285
-74.2851
-74.287
-74.296
-74.3056
-74.3109
-74.3169
-74.3225
-74.3232
-74.3239
-74.3257
-74.3278
-74.3309
-74.328
-74.319
-74.3068
-74.2964
-74.2885
-74.2803
-74.2692
-74.2568
-74.2507
-74.247
-74.2526
-74.2748
-74.2892
-74.2952
-74.2941
-74.2852
-74.2742
-74.2677
-74.2627
-74.2567
-74.2561
-74.2581
-74.2548
-74.2452
-74.2339
-74.2255
-74.2286
-74.2356
-74.2379
-74.2336
-74.2259
-74.2154
-74.1999
-74.1855
-74.1748
-74.1677
-74.1632
-74.1604
-74.1541
-74.142
-74.129
-74.1176
-74.1131
-74.1136
-74.1202
-74.1315
-74.1421
-74.1563
-74.167
-74.1737
-74.179
-74.1768
-74.1714
-74.1715
-74.1727
-74.1753
-74.173
-74.1655
-74.1528
-74.1382
-74.125
-74.1119
-74.095
-74.0788
-74.0695
-74.0634
-74.0576
-74.0474
-74.0346
-74.0178
-74.0006
-73.986
-73.9733
-73.9578
-73.9608
-73.982
-74.004
-74.0147
-74.0137
-74.0166
-74.0237
-74.0232
-74.0147
-74.0068
-74.0004
-74.0051
-74.016
-74.0241
-74.0319
-74.0412
-74.0479
-74.0457
-74.0379
-74.0271
-74.0184
-74.0114
-74.0057
-73.9999
-73.9964
-73.9986
-74.0036
-74.0083
-74.0054
-73.9985
-73.9858
-73.9677
-73.9479
-73.9372
-73.9277
-73.9129
-73.8996
-73.8939
-73.8883
-73.8835
-73.8749
-73.8601
-73.8402
-73.8236
-73.8113
-73.796
-73.7915
-73.8045
-73.8153
-73.8269
-73.8376
-73.8428
-73.8411
-73.843
-73.8507
-73.8565
-73.8549
-73.8502
-73.8492
-73.8492
-73.8533
-73.8565
-73.8565
-73.8502
-73.8374
-73.8245
-73.8095
-73.7955
-73.7802
-73.7609
-73.7381
-73.7136
-73.7037
-73.7058
-73.7031
-73.6981
-73.7068
-73.7151
-73.7166
-73.7164
-73.7151
-73.7168
-73.7172
-73.7105
-73.7024
-73.6952
-73.6873
-73.6742
-73.6561
-73.6349
-73.618
-73.6076
-73.5958
-73.5793
-73.5636
-73.5492
-73.5314
-73.5101
-73.4861
-73.4602
-73.4376
-73.4196
-73.3999
-73.3831
-73.3747
-73.3718
-73.3742
-73.3773
-73.3802
-73.379
-73.3763
-73.3724
-73.3628
-73.3479
-73.3292
-73.3146
-73.3024
-73.2892
-73.2809
-73.2777
-73.2732
-73.2629
-73.2476
-73.2287
-73.2178
-73.2185
-73.2304
-73.2426
-73.2454
-73.2394
-73.2272
-73.2109
-73.1996
-73.1896
-73.176
-73.1656
-73.1663
-73.1668
-73.1607
-73.1542
-73.1501
-73.1417
-73.1282
-73.1156
-73.1082
-73.098
-73.0834
-73.0656
-73.0453
-73.0237
-73.0101
-72.9998
-72.9863
-72.9695
-72.95
-72.9288
-72.9063
-72.883
-72.8592
-72.835
-72.8106
-72.786
-72.7614
-72.7371
-72.7237
-72.7152
-72.7038
-72.689
-72.6717
-72.6525
-72.6323
-72.6112
-72.5897
-72.5679
-72.5459
-72.5239
-72.5018
-72.4798
-72.4578
-72.436
-72.4143
-72.3927
-72.3714
-72.3529
-72.3485
-72.3458
-72.3391
-72.3287
-72.3223
-72.3344
-72.354
-72.366
-72.3693
-72.366
-72.3582
-72.3472
-72.3342
-72.3196
-72.3041
-72.2877
-72.2708
-72.2536
-72.2361
-72.2184
-72.2006
-72.1827
-72.1649
-72.1471
-72.1293
-72.1117
-72.0941
-72.0766
-72.0593
-72.0422
-72.0251
-72.0083
-71.9915
-71.975
-71.9586
-71.9424
-71.9264
-71.9106
-71.8949
-71.8794
-71.864
-71.8489
-71.8339
-71.8191
-71.8045
-71.7901
-71.7758
-71.7617
-71.7478
-71.734
-71.7204
-71.707
-71.6937
-71.6806
-71.6677
-71.6549
-71.6423
-71.6298
-71.6175
-71.6054
-71.5934
-71.5816
-71.5699
-71.5583
-71.5469
-71.5357
-71.5246
-71.5136
-71.5028
-71.4921
-71.4815
-71.4711
-71.4609
-71.4507
-71.4407
-71.4308
-71.4211
-71.4114
-71.4019
-71.3925
-71.3833
-71.3742
-71.3651
-71.3563
-71.3475
-71.3388
-71.3303
-71.3219
-71.3136
-71.3054
-71.2973
-71.2893
-71.2814
-71.2737
-71.266
-71.2585
-71.251
-71.2437
-71.2364
-71.2293
-71.2222
-71.2153
-71.2084
-71.2016
-71.195
-71.1884
-71.1819
-71.1755
-71.1692
-71.1629
-71.1568
-71.1507
-71.1448
-71.1389
-71.133
-71.1273
-71.1217
-71.1161
-71.1106
-71.1052
-71.0998
-71.0946
-71.0894
-71.0843
-71.0792
-71.0742
-71.0693
-71.0645
-71.0597
-71.055
-71.0504
-71.0458
-71.0413
-71.0369
-71.0325
-71.0282
-71.024
-71.0198
-71.0157
-71.0116
-71.0076
-71.0036
-70.9997
-70.9959
-70.9921
-70.9884
-70.9847
-70.9811
-70.9775
-70.974
-70.9706
-70.9672
-70.9638
-70.9605
-70.9572
-70.954
-70.9509
-70.9478
-70.9447
-70.9417
-70.9387
-70.9358
-70.9329
-70.93
-70.9272
-70.9245
-70.9217
-70.9191
-70.9164
-70.9138
-70.9113
-70.9088
-70.9063
-70.9039
-70.9015
-70.8991
-70.8968
-70.8945
-70.8922
-70.89
-70.8878
-70.8857
-70.8835
-70.8815
-70.8794
-70.8774
-70.8754
-70.8734
-70.8715
-70.8696
-70.8678
-70.8659
-70.8641
-70.8623
-70.8606
-70.8589
-70.8572
-70.8555
-70.8539
-70.8523
-70.8507
-70.8491
-70.8476
-70.8461
-70.8446
-70.8431
-70.8417
-70.8403
-70.8389
-70.8375
-70.8362
-70.8349
-70.8336
-70.8323
-70.8311
-70.8298
-70.8286
-70.8274
-70.8263
-70.8251
-70.824
-70.8229
-70.8218
-70.8207
-70.8196
-70.8186
-70.8176
-70.8166
-70.8156
-70.8146
-70.8137
-70.8128
-70.8119
-70.811
-70.8101
-70.8092
-70.8083
-70.8075
-70.8067
-70.8059
-70.8051
-70.8043
-70.8036
-70.8028
-70.8021
-70.8013
-70.8006
-70.7999
-70.7993
-70.7986
-70.7979
-70.7973
-70.7967
-70.796
-70.7954
-70.7948
-70.7942
-70.7937
-70.7931
-70.7926
-70.792
-70.7915
-70.791
-70.7905
-70.79
-70.7895
-70.789
-70.7885
-70.7881
-70.7876
-70.7872
-70.7867
-70.7863
-70.7859
-70.7855
-70.7851
-70.7847
-70.7843
-70.7839
-70.7836
-70.7832
-70.7829
-70.7825
-70.7822
-70.7818
-70.7815
-70.7812
-70.7809
-70.7806
-70.7803
-70.78
-70.7797
-70.7795
-70.7792
-70.7789
-70.7787
-70.7784
-70.7782
-70.7779
-70.7777
-70.7775
-70.7773
-70.777
-70.7768
-70.7766
-70.7764
-70.7762
-70.776
-70.7758
-70.7757
-70.7755
-70.7753
-70.7751
-70.775
-70.7748
-70.7747
-70.7745
-70.7744
-70.7742
-70.7741
-70.774
-70.7738
-70.7737
-70.7736
-70.7734
-70.7733
-70.7732
-70.7731
-70.773
-70.7729
-70.7728
-70.7727
-70.7726
-70.7725
-70.7724
-70.7723
-70.7723
-70.7722
-70.7721
-70.772
-70.772
-70.7719
-70.7718
-70.7718
-70.7717
-70.7717
-70.7716
-70.7715
-70.7715
-70.7714
-70.7714
-70.7714
-70.7713
-70.7713
-70.7712
-70.7712
-70.7712
-70.7711
-70.7711
-70.7711
-70.771
-70.771
-70.771
-70.771
-70.7709
-70.7709
-70.7709
-70.7709
-70.7709
-70.7709
-70.7709
-70.7708
-70.7708
-70.7708
-70.7708
-70.7708
-70.7708
-70.7708
-70.7708
-70.7708
-70.7708
-70.7708
-70.7708
-70.7708
-70.7708
-70.7708
-70.7708
-70.7708
-70.7708
-70.7709
-70.7709
-70.7709
-70.7709
-70.7709
-70.7709
-70.7709
-70.7709
-70.771
-70.771
-70.771
-70.771
-70.771
-70.7711
-70.7711
-70.7711
-70.7711
-70.7711
-70.7712
-70.7712
-70.7712
-70.7712
-70.7712
-70.7713
-70.7713
-70.7713
-70.7713
-70.7714
-70.7714
-70.7714
-70.7715
-70.7715
-70.7715
-70.7715
-70.7716
-70.7716
-70.7716
-70.7717
-70.7717
-70.7717
-70.7717
-70.7718
-70.7718
-70.7718
-70.7719
-70.7719
-70.7719
-70.772
-70.772
-70.772
-70.7721
-70.7721
-70.7721
-70.7722
-70.7722
-70.7722
-70.7723
-70.7723
-70.7723
-70.7724
-70.7724
-70.7724
-70.7724
-70.7725
-70.7725
-70.7725
-70.7726
-70.7726
-70.7726
-70.7727
-70.7727
-70.7727
-70.7728
-70.7728
-70.7728
-70.7729
-70.7729
-70.7729
-70.773
-70.773
-70.773
-70.7731
-70.7731
-70.7731
-70.7732
-70.7732
-70.7732
-70.7733
-70.7733
-70.7733
-70.7734
-70.7734
-70.7734
-70.7735
-70.7735
-70.7735
-70.7736
-70.7736
-70.7736
-70.7737
-70.7737
-70.7737
-70.7737
-70.7738
-70.7738
-70.7738
-70.7739

