-70
-70.2123
-70.2926
-70.3252
-70.3404
-70.3491
-70.3555
-70.3609
-70.3659
-70.3708
-70.3757
-70.3805
-70.3853
-70.39
-70.3948
-70.3995
-70.4042
-70.4088
-70.4134
-70.4179
-70.4224
-70.4269
-70.4313
-70.4357
-70.44
-70.4443
-70.4485
-70.4527
-70.4569
-70.461
-70.465
-70.469
-70.473
-70.4769
-70.4808
-70.4846
-70.4884
-70.4921
-70.4958
-70.4995
-70.5031
-70.5067
-70.5102
-70.5137
-70.5172
-70.5206
-70.524
-70.5273
-70.5306
-70.5339
-70.5371
-70.5403
-70.5434
-70.5465
-70.5496
-70.5526
-70.5556
-70.5586
-70.5615
-70.5644
-70.5673
-70.5701
-70.5729
-70.5757
-70.5784
-70.5811
-70.5838
-70.5864
-70.589
-70.5916
-70.5941
-70.5966
-70.5991
-70.6016
-70.604
-70.6064
-70.6087
-70.6111
-70.6134
-70.6157
-70.6179
-70.6201
-70.6223
-70.6245
-70.6266
-70.6287
-70.6308
-70.6329
-70.6349
-70.6369
-70.6389
-70.6409
-70.6428
-70.6448
-70.6466
-70.6485
-70.6503
-70.6522
-70.654
-70.6557
-70.6575
-70.6592
-70.6609
-70.6626
-70.6643
-70.6659
-70.6675
-70.6691
-70.6707
-70.6723
-70.6738
-70.6754
-70.6769
-70.6783
-70.6798
-70.6812
-70.6827
-70.6841
-70.6855
-70.6868
-70.6882
-70.6895
-70.6908
-70.6921
-70.6934
-70.6947
-70.6959
-70.6972
-70.6984
-70.6996
-70.7008
-70.702
-70.7031
-70.7042
-70.7054
-70.7065
-70.7076
-70.7087
-70.7097
-70.7108
-70.7118
-70.7128
-70.7138
-70.7148
-70.7158
-70.7168
-70.7177
-70.7187
-70.7196
-70.7205
-70.7214
-70.7223
-70.7232
-70.7241
-70.7249
-70.7258
-70.7266
-70.7274
-70.7282
-70.729
-70.7298
-70.7306
-70.7314
-70.7321
-70.7329
-70.7336
-70.7343
-70.735
-70.7357
-70.7364
-70.7371
-70.7378
-70.7384
-70.7391
-70.7397
-70.7404
-70.741
-70.7416
-70.7422
-70.7428
-70.7434
-70.744
-70.7446
-70.7451
-70.7457
-70.7462
-70.7468
-70.7473
-70.7478
-70.7484
-70.7489
-70.7494
-70.7499
-70.7504
-70.7508
-70.7513
-70.7518
-70.7522
-70.7527
-70.7531
-70.7536
-70.754
-70.7544
-70.7549
-70.7553
-70.7557
-70.7561
-70.7565
-70.7569
-70.7573
-70.7576
-70.758
-70.7584
-70.7587
-70.7591
-70.7594
-70.7598
-70.7601
-70.7605
-70.7608
-70.7611
-70.7614
-70.7617
-70.7621
-70.7624
-70.7627
-70.763
-70.7632
-70.7635
-70.7638
-70.7641
-70.7644
-70.7646
-70.7649
-70.7651
-70.7654
-70.7656
-70.7659
-70.7661
-70.7664
-70.7666
-70.7668
-70.7671
-70.7673
-70.7675
-70.7677
-70.7679
-70.7681
-70.7684
-70.7686
-70.7688
-70.769
-70.7691
-70.7693
-70.7695
-70.7697
-70.7699
-70.7701
-70.7702
-70.7704
-70.7706
-70.7707
-70.7709
-70.7711
-70.7712
-70.7714
-70.7715
-70.7717
-70.7718
-70.772
-70.7721
-70.7722
-70.7724
-70.7725
-70.7726
-70.7728
-70.7729
-70.773
-70.7731
-70.7733
-70.7734
-70.7735
-70.7736
-70.7737
-70.7738
-70.7739
-70.774
-70.7741
-70.7742
-70.7743
-70.7744
-70.7745
-70.7746
-70.7747
-70.7748
-70.7749
-70.775
-70.7751
-70.7751
-70.7752
-70.7753
-70.7754
-70.7755
-70.7755
-70.7756
-70.7757
-70.7758
-70.7758
-70.7759
-70.776
-70.776
-70.7761
-70.7762
-70.7762
-70.7763
-70.7763
-70.7764
-70.7765
-70.7765
-70.7766
-70.7766
-70.7767
-70.7767
-70.7768
-70.7768
-70.7769
-70.7769
-70.777
-70.777
-70.7771
-70.7771
-70.7771
-70.7772
-70.7772
-70.7773
-70.7773
-70.7773
-70.7774
-70.7774
-70.7774
-70.7775
-70.7775
-70.7775
-70.7776
-70.7776
-70.7776
-70.7777
-70.7777
-70.7777
-70.7777
-70.7778
-70.7778
-70.7778
-70.7778
-70.7779
-70.7779
-70.7779
-70.7779
-70.778
-70.778
-70.778
-70.778
-70.778
-70.7781
-70.7781
-70.7781
-70.7781
-70.7781
-70.7781
-70.7782
-70.7782
-70.7782
-70.7782
-70.7782
-70.7782
-70.7782
-70.7783
-70.7783
-70.7783
-70.7783
-70.7783
-70.7783
-70.7783
-70.7783
-70.7783
-70.7783
-70.7784
-70.7784
-70.7784
-70.7784
-70.7784
-70.7784
-70.7784
-70.7784
-70.7784
-70.7784
-70.7784
-70.7784
-70.7784
-70.7784
-70.7784
-70.7784
-70.7784
-70.7784
-70.7784
-70.7785
-70.7785
-70.7785
-70.7785
-70.7785
-70.7785
-70.7785
-70.7785
-70.7785
-70.7785
-70.7785
-70.7785
-70.7785
-70.7785
-70.7785
-70.7785
-70.7785
-70.7785
-70.7785
-70.7785
-70.7785
-70.7785
-70.7785
-70.7785
-70.7785
-70.7785
-70.7785
-70.7785
-70.7785
-70.7785
-70.7785
-70.7784
-70.7784
-70.7784
-70.7784
-70.7784
-70.7784
-70.7784
-70.7784
-70.7784
-70.7784
-70.7784
-70.7784
-70.7784
-70.7784
-70.7784
-70.7784
-70.7784
-70.7784
-70.7784
-70.7784
-70.7784
-70.7784
-70.7784
-70.7784
-70.7784
-70.7784
-70.7784
-70.7784
-70.7784
-70.7783
-70.7783
-70.7783
-70.7783
-70.7783
-70.7783
-70.7783
-70.7887
-71.0076
-71.6942
-72.6221
-73.4114
-73.928
-74.1948
-58.1505
-52.3748
-49.8981
-46.3344
9.20706
-31.3334
-69.1907
-70.1072
-68.8962
-67.5892
-66.2276
-64.847
-63.4843
-62.1751
-60.9503
-59.8333
-58.8389
-57.9307
-57.1199
-56.4501
-55.8905
-55.4441
-55.0933
-54.818
-54.5951
-54.4252
-54.2957
-54.1987
-54.1296
-54.0809
-54.0437
-54.0156
-53.9963
-53.9809
-53.9717
-53.9672
-53.9661
-53.9648
-53.9626
-53.9626
-53.961
-53.9608
-53.9623
-53.965
-53.9684
-53.9715
-53.9711
-53.9715
-53.972
-53.9709
-53.9713
-53.973
-53.9754
-53.9782
-53.9814
-53.9846
-53.9857
-53.9835
-53.9828
-53.9833
-53.9811
-53.9799
-53.9803
-53.9816
-53.9834
-53.9855
-53.9878
-53.9902
-53.9926
-53.9951
-53.9976
-53.9994
-53.9927
-53.9873
-53.9847
-53.9836
-53.9817
-53.9774
-53.9745
-53.9719
-53.9684
-53.9613
-53.939
-53.7287
-53.6138
-53.6743
-53.7427
-53.7912
-53.8218
-53.84
-53.8504
-53.8565
-53.8605
-53.8642
-53.8688
-53.8752
-53.9143
-53.9547
-53.9724
-53.9812
-53.9882
-53.9958
-54.0047
-54.0078
-54.0076
-54.0089
-54.012
-54.0169
-54.0231
-54.0304
-54.0389
-54.0485
-54.0593
-54.0714
-54.0848
-54.0998
-54.1162
-54.1344
-54.1544
-54.1763
-54.2004
-54.2267
-54.2553
-54.2866
-54.3207
-54.3579
-54.3986
-54.4428
-54.4909
-54.5153
-54.1707
-54.0371
-54.0067
-54.0108
-54.0256
-54.0431
-54.0611
-54.079
-54.0968
-54.0711
-54.0378
-54.026
-54.0258
-54.0308
-54.0383
-54.0469
-54.0563
-54.0663
-54.077
-54.0883
-54.1004
-54.1133
-54.1272
-54.1424
-54.1596
-54.178
-54.1978
-54.2193
-54.2434
-54.2692
-54.2968
-54.3265
-54.3586
-54.3934
-54.4325
-54.4752
-54.5208
-54.57
-54.625
-54.6844
-54.3439
-54.0245
-53.9488
-53.9472
-53.9653
-53.9871
-54.008
-54.027
-54.0446
-54.0613
-54.0773
-54.093
-54.0662
-54.0258
-54.011
-54.0092
-54.0129
-54.0188
-54.0256
-54.0331
-54.0413
-54.0498
-54.0587
-54.0681
-54.0781
-54.0888
-54.1004
-54.1138
-54.1281
-54.1434
-54.1603
-54.1794
-54.1998
-54.2214
-54.2445
-54.2694
-54.2965
-54.3258
-54.3595
-54.3971
-54.4371
-54.48
-54.5294
-54.5825
-54.6383
-54.6974
-54.7605
-54.8282
-54.901
-54.7589
-54.0518
-53.8851
-53.8731
-53.8985
-53.9294
-53.9575
-53.9814
-54.0018
-54.0196
-54.0354
-54.0501
-54.0642
-54.0787
-54.0938
-54.0985
-54.0354
-54.0067
-53.9994
-54.0006
-54.005
-54.0108
-54.017
-54.0237
-54.0306
-54.038
-54.0465
-54.0555
-54.0649
-54.0756
-54.0874
-54.0998
-54.113
-54.1271
-54.1424
-54.159
-54.1771
-54.1969
-54.219
-54.2452
-54.2733
-54.3032
-54.3384
-54.3765
-54.4165
-54.459
-54.5045
-54.5536
-54.1667
-53.9727
-53.9355
-53.942
-53.9586
-53.976
-53.9923
-54.0001
-53.989
-53.9854
-53.9873
-53.9917
-53.9971
-54.0027
-54.0084
-54.0142
-54.0202
-54.0265
-54.0331
-54.0404
-54.0488
-54.0578
-54.0674
-54.0786
-54.0907
-54.1045
-54.1207
-54.1376
-54.1555
-54.1771
-54.2016
-54.2435
-54.3141
-54.4018
-54.487
-54.5601
-54.6288
-54.6987
-54.7746
-54.8681
-55.0111
-55.2046
-55.4058
-55.605
-55.7944
-55.969
-56.1446
-56.3301
-56.5406
-56.7927
-57.0864
-57.4175
-57.7632
-58.1083
-58.4504
-58.7897
-59.1347
-59.4934
-59.8735
-60.2852
-60.7296
-61.2133
-61.7171
-62.2211
-62.722
-63.2114
-63.6859
-64.1539
-64.6246
-65.1092
-65.6018
-66.1132
-66.6348
-67.141
-67.6231
-68.0809
-68.5069
-68.9032
-69.2767
-69.6393
-69.9951
-70.3459
-70.6982
-71.0403
-71.3528
-71.6385
-71.8997
-72.1339
-72.3436
-72.5347
-72.7141
-72.8844
-73.0479
-73.2121
-73.3704
-73.5093
-73.6322
-73.7422
-73.8397
-73.9255
-74.001
-74.0691
-74.1325
-74.1929
-74.2553
-74.3185
-74.3736
-74.4188
-74.4586
-74.493
-74.5227
-74.5481
-74.5694
-74.5883
-74.6064
-74.626
-74.6504
-74.6746
-74.6935
-74.7069
-74.7179
-74.7271
-74.7348
-74.7409
-74.7445
-74.7477
-74.7506
-74.7566
-74.7676
-74.7778
-74.7843
-74.7873
-74.7881
-74.7897
-74.7907
-74.7905
-74.7899
-74.7894
-74.7883
-74.7892
-74.7952
-74.8018
-74.8051
-74.8058
-74.8043
-74.8026
-74.8018
-74.7996
-74.7965
-74.7952
-74.7935
-74.791
-74.7923
-74.7972
-74.8014
-74.8016
-74.8007
-74.7992
-74.797
-74.7955
-74.7927
-74.7897
-74.7887
-74.7881
-74.7863
-74.7874
-74.7914
-74.7949
-74.7948
-74.793
-74.7916
-74.7895
-74.7861
-74.7827
-74.7792
-74.7763
-74.7751
-74.7737
-74.7745
-74.7778
-74.7819
-74.7849
-74.7846
-74.7829
-74.7807
-74.7791
-74.7755
-74.7718
-74.769
-74.7671
-74.7651
-74.7626
-74.7635
-74.7674
-74.7719
-74.7759
-74.7763
-74.7746
-74.7716
-74.7677
-74.7633
-74.7592
-74.7548
-74.7532
-74.753
-74.7499
-74.7469
-74.7489
-74.7542
-74.7603
-74.7656
-74.7678
-74.7668
-74.7647
-74.7599
-74.7536
-74.7492
-74.7442
-74.7419
-74.7423
-74.741
-74.7376
-74.7358
-74.7376
-74.7432
-74.749
-74.7548
-74.757
-74.7557
-74.7525
-74.7465
-74.7404
-74.7337
-74.7274
-74.7252
-74.7251
-74.7248
-74.7244
-74.7242
-74.7245
-74.7272
-74.7334
-74.7397
-74.7441
-74.7466
-74.7453
-74.7419
-74.7377
-74.7312
-74.7232
-74.7159
-74.7126
-74.7106
-74.709
-74.7091
-74.7094
-74.7107
-74.7135
-74.7183
-74.7217
-74.7254
-74.7285
-74.7287
-74.7275
-74.7257
-74.7219
-74.716
-74.7079
-74.7013
-74.6981
-74.694
-74.6918
-74.6916
-74.6923
-74.694
-74.699
-74.7049
-74.7081
-74.7102
-74.7111
-74.7124
-74.7135
-74.7142
-74.7129
-74.7089
-74.7033
-74.6967
-74.6908
-74.6874
-74.6823
-74.6756
-74.6724
-74.6712
-74.6716
-74.6772
-74.6838
-74.6878
-74.6912
-74.6932
-74.6908
-74.6896
-74.6897
-74.6914
-74.6921
-74.6901
-74.6847
-74.6771
-74.6736
-74.6721
-74.668
-74.6629
-74.6592
-74.6567
-74.6544
-74.6548
-74.657
-74.663
-74.6694
-74.6716
-74.6728
-74.6713
-74.6692
-74.6714
-74.6755
-74.6748
-74.6725
-74.6698
-74.6667
-74.6617
-74.6566
-74.6531
-74.6483
-74.6412
-74.6354
-74.6357
-74.6377
-74.6364
-74.6313
-74.6312
-74.6358
-74.6429
-74.6469
-74.6481
-74.6468
-74.6427
-74.6389
-74.6423
-74.6478
-74.6491
-74.6458
-74.641
-74.6377
-74.6336
-74.6296
-74.6246
-74.6179
-74.6114
-74.6098
-74.6106
-74.6118
-74.6126
-74.6127
-74.6089
-74.6046
-74.6049
-74.6113
-74.6171
-74.6161
-74.615
-74.6171
-74.6178
-74.6156
-74.6124
-74.6142
-74.6188
-74.6207
-74.6183
-74.6115
-74.6066
-74.6047
-74.6018
-74.5955
-74.587
-74.5806
-74.5778
-74.5778
-74.5818
-74.5814
-74.5785
-74.5738
-74.5675
-74.5665
-74.5671
-74.5692
-74.5719
-74.5739
-74.5717
-74.5702
-74.5719
-74.5758
-74.5809
-74.5831
-74.5813
-74.5795
-74.5814
-74.5802
-74.5755
-74.5677
-74.5584
-74.5547
-74.5522
-74.5468
-74.5429
-74.5409
-74.5371
-74.5312
-74.5281
-74.5275
-74.5292
-74.5303
-74.5268
-74.5221
-74.5154
-74.51
-74.5108
-74.5158
-74.5208
-74.5251
-74.5242
-74.5185
-74.5181
-74.5228
-74.5255
-74.5293
-74.5311
-74.5306
-74.5317
-74.5305
-74.5277
-74.5299
-74.5305
-74.528
-74.5204
-74.5113
-74.5038
-74.4992
-74.4955
-74.49
-74.4858
-74.4837
-74.4795
-74.472
-74.4662
-74.4624
-74.4576
-74.455
-74.4525
-74.4531
-74.4503
-74.4473
-74.448
-74.4475
-74.4435
-74.4381
-74.4373
-74.4451
-74.4545
-74.4631
-74.4646
-74.4601
-74.4578
-74.4558
-74.4538
-74.4526
-74.4493
-74.4422
-74.4383
-74.4358
-74.4327
-74.431
-74.4328
-74.4394
-74.4468
-74.4534
-74.457
-74.4535
-74.4455
-74.4345
-74.4263
-74.4203
-74.4134
-74.409
-74.4026
-74.3901
-74.3796
-74.3747
-74.3719
-74.3694
-74.3639
-74.3578
-74.349
-74.3375
-74.3279
-74.3177
-74.3097
-74.3062
-74.3057
-74.3063
-74.3146
-74.321
-74.3206
-74.3181
-74.3276
-74.3412
-74.3487
-74.3501
-74.352
-74.3532
-74.3498
-74.3474
-74.3442
-74.3389
-74.3292
-74.3187
-74.3081
-74.3014
-74.2976
-74.2953
-74.2946
-74.2897
-74.2854
-74.2836
-74.2834
-74.2828
-74.2803
-74.2841
-74.2945
-74.3061
-74.3189
-74.3268
-74.3283
-74.3249
-74.3168
-74.3026
-74.2904
-74.2837
-74.2787
-74.2687
-74.2569
-74.2472
-74.2391
-74.2318
-74.226
-74.2191
-74.2091
-74.2019
-74.1984
-74.1934
-74.1834
-74.1734
-74.1656
-74.1578
-74.1445
-74.1279
-74.1136
-74.0982
-74.0938
-74.0971
-74.0966
-74.0925
-74.0954
-74.1017
-74.1091
-74.1135
-74.1173
-74.1237
-74.1343
-74.1428
-74.152
-74.1628
-74.1682
-74.1644
-74.1585
-74.1498
-74.142
-74.1325
-74.1246
-74.1201
-74.1201
-74.1266
-74.1296
-74.1291
-74.1271
-74.1241
-74.1154
-74.1058
-74.0986
-74.0916
-74.084
-74.0774
-74.0752
-74.0701
-74.0583
-74.0475
-74.0418
-74.0354
-74.0354
-74.0386
-74.0441
-74.0524
-74.0613
-74.0692
-74.0702
-74.0649
-74.0543
-74.0414
-74.0247
-74.0098
-74.006
-74.0103
-74.0079
-74.0011
-73.9942
-73.9931
-73.9888
-73.9854
-73.984
-73.9907
-73.9914
-73.9837
-73.978
-73.978
-73.9837
-73.9841
-73.9813
-73.982
-73.9785
-73.9718
-73.961
-73.949
-73.9377
-73.9285
-73.9151
-73.8966
-73.8765
-73.858
-73.8427
-73.833
-73.8262
-73.8263
-73.8296
-73.8313
-73.8256
-73.8125
-73.7972
-73.7819
-73.7634
-73.7465
-73.7292
-73.7144
-73.7062
-73.6944
-73.6772
-73.6558
-73.6314
-73.6049
-73.5769
-73.5479
-73.5181
-73.4905
-73.4708
-73.4653
-73.4682
-73.4749
-73.4835
-73.4881
-73.4903
-73.4981
-73.5045
-73.5079
-73.5068
-73.4995
-73.4992
-73.5012
-73.5045
-73.5085
-73.506
-73.4982
-73.4917
-73.4814
-73.466
-73.4576
-73.4611
-73.464
-73.4593
-73.449
-73.4412
-73.4352
-73.4313
-73.4345
-73.4387
-73.4424
-73.4417
-73.4337
-73.4261
-73.418
-73.4053
-73.3911
-73.3809
-73.368
-73.3568
-73.3474
-73.334
-73.3165
-73.2957
-73.2762
-73.2704
-73.2675
-73.259
-73.245
-73.2268
-73.2076
-73.1956
-73.1831
-73.167
-73.1477
-73.126
-73.103
-73.0953
-73.1082
-73.117
-73.1162
-73.1081
-73.1033
-73.0987
-73.089
-73.0748
-73.0572
-73.0372
-73.0156
-73.0014
-72.9916
-72.9851
-72.9825
-72.9757
-72.9637
-72.9478
-72.9292
-72.9087
-72.887
-72.8644
-72.8412
-72.8175
-72.7936
-72.7695
-72.7453
-72.721
-72.6968
-72.6727
-72.6486
-72.6246
-72.6008
-72.5772
-72.56
-72.5539
-72.5468
-72.5358
-72.5216
-72.5052
-72.4938
-72.4926
-72.4895
-72.4817
-72.4702
-72.4559
-72.4399
-72.4226
-72.4045
-72.3858
-72.3668
-72.3476
-72.3282
-72.3087
-72.2893
-72.2698
-72.2505
-72.2312
-72.212
-72.193
-72.1742
-72.1554
-72.1369
-72.1185
-72.1003
-72.0823
-72.0645
-72.0468
-72.0294
-72.0121
-71.9951
-71.9782
-71.9615
-71.945
-71.9287
-71.9126
-71.8967
-71.881
-71.8655
-71.8501
-71.835
-71.82
-71.8052
-71.7906
-71.7762
-71.7619
-71.7479
-71.734
-71.7202
-71.7067
-71.6933
-71.6801
-71.667
-71.6541
-71.6414
-71.6289
-71.6165
-71.6042
-71.5921
-71.5802
-71.5684
-71.5568
-71.5453
-71.534
-71.5228
-71.5117
-71.5008
-71.4901
-71.4795
-71.469
-71.4586
-71.4484
-71.4384
-71.4284
-71.4186
-71.4089
-71.3994
-71.3899
-71.3806
-71.3715
-71.3624
-71.3535
-71.3446
-71.3359
-71.3274
-71.3189
-71.3106
-71.3023
-71.2942
-71.2862
-71.2783
-71.2705
-71.2628
-71.2553
-71.2478
-71.2404
-71.2331
-71.226
-71.2189
-71.2119
-71.205
-71.1982
-71.1915
-71.1849
-71.1784
-71.172
-71.1657
-71.1594
-71.1533
-71.1472
-71.1412
-71.1353
-71.1295
-71.1238
-71.1181
-71.1125
-71.107
-71.1016
-71.0963
-71.091
-71.0858
-71.0807
-71.0756
-71.0707
-71.0658
-71.0609
-71.0561
-71.0515
-71.0468
-71.0423
-71.0378
-71.0333
-71.029
-71.0247
-71.0204
-71.0162
-71.0121
-71.0081
-71.004
-71.0001
-70.9962
-70.9924
-70.9886
-70.9849
-70.9812
-70.9776
-70.9741
-70.9706
-70.9671
-70.9637
-70.9604
-70.9571
-70.9539
-70.9507
-70.9475
-70.9444
-70.9413
-70.9383
-70.9354
-70.9325
-70.9296
-70.9268
-70.924
-70.9212
-70.9185
-70.9159
-70.9132
-70.9107
-70.9081
-70.9056
-70.9032
-70.9007
-70.8983
-70.896
-70.8937
-70.8914
-70.8892
-70.887
-70.8848
-70.8827
-70.8806
-70.8785
-70.8765
-70.8745
-70.8725
-70.8706
-70.8686
-70.8668
-70.8649
-70.8631
-70.8613
-70.8596
-70.8578
-70.8561
-70.8545
-70.8528
-70.8512
-70.8496
-70.848
-70.8465
-70.845
-70.8435
-70.842
-70.8406
-70.8392
-70.8378
-70.8364
-70.8351
-70.8337
-70.8324
-70.8311
-70.8299
-70.8287
-70.8274
-70.8262
-70.8251
-70.8239
-70.8228
-70.8217
-70.8206
-70.8195
-70.8185
-70.8174
-70.8164
-70.8154
-70.8144
-70.8134
-70.8125
-70.8116
-70.8107
-70.8098
-70.8089
-70.808
-70.8072
-70.8063
-70.8055
-70.8047
-70.8039
-70.8031
-70.8024
-70.8016
-70.8009
-70.8002
-70.7995
-70.7988
-70.7981
-70.7974
-70.7968
-70.7961
-70.7955
-70.7949
-70.7943
-70.7937
-70.7931
-70.7925
-70.792
-70.7914
-70.7909
-70.7904
-70.7899
-70.7893
-70.7889
-70.7884
-70.7879
-70.7874
-70.787
-70.7865
-70.7861
-70.7857
-70.7852
-70.7848
-70.7844
-70.784
-70.7836
-70.7833
-70.7829
-70.7825
-70.7822
-70.7818
-70.7815
-70.7812
-70.7808
-70.7805
-70.7802
-70.7799
-70.7796
-70.7793
-70.779
-70.7788
-70.7785
-70.7782
-70.778
-70.7777
-70.7775
-70.7772
-70.777
-70.7768
-70.7766
-70.7763
-70.7761
-70.7759
-70.7757
-70.7755
-70.7753
-70.7752
-70.775
-70.7748
-70.7746
-70.7745
-70.7743
-70.7741
-70.774
-70.7738
-70.7737
-70.7736
-70.7734
-70.7733
-70.7732
-70.773
-70.7729
-70.7728
-70.7727
-70.7726
-70.7725
-70.7724
-70.7723
-70.7722
-70.7721
-70.772
-70.7719
-70.7718
-70.7717
-70.7716
-70.7716
-70.7715
-70.7714
-70.7714
-70.7713
-70.7712
-70.7712
-70.7711
-70.7711
-70.771
-70.771
-70.7709
-70.7709
-70.7708
-70.7708
-70.7707
-70.7707
-70.7707
-70.7706
-70.7706
-70.7706
-70.7705
-70.7705
-70.7705
-70.7705
-70.7704
-70.7704
-70.7704
-70.7704
-70.7704
-70.7704
-70.7704
-70.7703
-70.7703
-70.7703
-70.7703
-70.7703
-70.7703
-70.7703
-70.7703
-70.7703
-70.7703
-70.7703
-70.7703
-70.7703
-70.7703
-70.7703
-70.7704
-70.7704
-70.7704
-70.7704
-70.7704
-70.7704
-70.7704
-70.7704
-70.7705
-70.7705
-70.7705
-70.7705
-70.7705
-70.7705
-70.7706
-70.7706
-70.7706
-70.7706
-70.7706
-70.7707
-70.7707
-70.7707
-70.7707
-70.7708
-70.7708
-70.7708
-70.7708
-70.7709
-70.7709
-70.7709
-70.771
-70.771
-70.771
-70.771
-70.7711
-70.7711
-70.7711
-70.7712
-70.7712
-70.7712
-70.7713
-70.7713
-70.7713
-70.7714
-70.7714
-70.7714
-70.7715
-70.7715
-70.7715
-70.7716
-70.7716
-70.7716
-70.7717
-70.7717
-70.7717
-70.7718
-70.7718
-70.7718
-70.7719
-70.7719
-70.7719
-70.772
-70.772
-70.772
-70.7721
-70.7721
-70.7721
-70.7722
-70.7722
-70.7723
-70.7723
-70.7723
-70.7724
-70.7724
-70.7724
-70.7725
-70.7725
-70.7725
-70.7726
-70.7726
-70.7726
-70.7727
-70.7727
-70.7728
-70.7728
-70.7728
-70.7729
-70.7729
-70.7729
-70.773
-70.773
-70.773
-70.7731
-70.7731
-70.7731
-70.7732
-70.7732
-70.7732
-70.7733
-70.7733
-70.7733
-70.7734
-70.7734
-70.7734
-70.7735

