-70
-70.1661
-70.23
-70.2566
-70.2695
-70.2773
-70.283
-70.2879
-70.2925
-70.297
-70.3014
-70.3057
-70.31
-70.3142
-70.3185
-70.3226
-70.3268
-70.3309
-70.335
-70.3391
-70.3431
-70.3471
-70.351
-70.3549
-70.3588
-70.3626
-70.3664
-70.3701
-70.3738
-70.3775
-70.3811
-70.3847
-70.3883
-70.3918
-70.3953
-70.3987
-70.4021
-70.4055
-70.4088
-70.4121
-70.4154
-70.4186
-70.4218
-70.4249
-70.428
-70.4311
-70.4341
-70.4372
-70.4401
-70.4431
-70.446
-70.4489
-70.4517
-70.4545
-70.4573
-70.4601
-70.4628
-70.4655
-70.4682
-70.4708
-70.4734
-70.476
-70.4785
-70.481
-70.4835
-70.486
-70.4884
-70.4908
-70.4932
-70.4955
-70.4978
-70.5001
-70.5024
-70.5046
-70.5068
-70.509
-70.5112
-70.5133
-70.5154
-70.5175
-70.5196
-70.5216
-70.5236
-70.5256
-70.5276
-70.5295
-70.5315
-70.5334
-70.5352
-70.5371
-70.5389
-70.5407
-70.5425
-70.5443
-70.5461
-70.5478
-70.5495
-70.5512
-70.5528
-70.5545
-70.5561
-70.5577
-70.5593
-70.5609
-70.5624
-70.5639
-70.5655
-70.5669
-70.5684
-70.5699
-70.5713
-70.5727
-70.5741
-70.5755
-70.5769
-70.5782
-70.5796
-70.5809
-70.5822
-70.5835
-70.5848
-70.586
-70.5873
-70.5885
-70.5897
-70.5909
-70.5921
-70.5932
-70.5944
-70.5955
-70.5966
-70.5977
-70.5988
-70.5999
-70.601
-70.602
-70.603
-70.6041
-70.6051
-70.6061
-70.6071
-70.608
-70.609
-70.6099
-70.6109
-70.6118
-70.6127
-70.6136
-70.6145
-70.6154
-70.6162
-70.6171
-70.6179
-70.6187
-70.6196
-70.6204
-70.6212
-70.622
-70.6227
-70.6235
-70.6242
-70.625
-70.6257
-70.6265
-70.6272
-70.6279
-70.6286
-70.6293
-70.6299
-70.6306
-70.6313
-70.6319
-70.6325
-70.6332
-70.6338
-70.6344
-70.635
-70.6356
-70.6362
-70.6368
-70.6374
-70.6379
-70.6385
-70.639
-70.6396
-70.6401
-70.6406
-70.6411
-70.6417
-70.6422
-70.6427
-70.6431
-70.6436
-70.6441
-70.6446
-70.645
-70.6455
-70.6459
-70.6464
-70.6468
-70.6472
-70.6476
-70.6481
-70.6485
-70.6489
-70.6493
-70.6497
-70.65
-70.6504
-70.6508
-70.6512
-70.6515
-70.6519
-70.6522
-70.6526
-70.6529
-70.6533
-70.6536
-70.6539
-70.6542
-70.6545
-70.6549
-70.6552
-70.6555
-70.6558
-70.656
-70.6563
-70.6566
-70.6569
-70.6572
-70.6574
-70.6577
-70.658
-70.6582
-70.6585
-70.6587
-70.6589
-70.6592
-70.6594
-70.6597
-70.6599
-70.6601
-70.6603
-70.6605
-70.6607
-70.661
-70.6612
-70.6614
-70.6616
-70.6617
-70.6619
-70.6621
-70.6623
-70.6625
-70.6627
-70.6628
-70.663
-70.6632
-70.6633
-70.6635
-70.6637
-70.6638
-70.664
-70.6641
-70.6643
-70.6644
-70.6646
-70.6647
-70.6648
-70.665
-70.6651
-70.6652
-70.6653
-70.6655
-70.6656
-70.6657
-70.6658
-70.6659
-70.666
-70.6662
-70.6663
-70.6664
-70.6665
-70.6666
-70.6667
-70.6668
-70.6669
-70.667
-70.667
-70.6671
-70.6672
-70.6673
-70.6674
-70.6675
-70.6675
-70.6676
-70.6677
-70.6678
-70.6678
-70.6679
-70.668
-70.668
-70.6681
-70.6682
-70.6682
-70.6683
-70.6683
-70.6684
-70.6685
-70.6685
-70.6686
-70.6686
-70.6687
-70.6687
-70.6688
-70.6688
-70.6688
-70.6689
-70.6689
-70.669
-70.669
-70.669
-70.6691
-70.6691
-70.6691
-70.6692
-70.6692
-70.6692
-70.6693
-70.6693
-70.6693
-70.6694
-70.6694
-70.6694
-70.6694
-70.6694
-70.6695
-70.6695
-70.6695
-70.6695
-70.6695
-70.6696
-70.6696
-70.6696
-70.6696
-70.6696
-70.6696
-70.6696
-70.6697
-70.6697
-70.6697
-70.6697
-70.6697
-70.6697
-70.6697
-70.6697
-70.6697
-70.6697
-70.6697
-70.6697
-70.6697
-70.6697
-70.6697
-70.6697
-70.6697
-70.6697
-70.6697
-70.6697
-70.6697
-70.6697
-70.6697
-70.6697
-70.6697
-70.6697
-70.6697
-70.6697
-70.6697
-70.6697
-70.6697
-70.6697
-70.6697
-70.6697
-70.6697
-70.6696
-70.6696
-70.6696
-70.6696
-70.6696
-70.6696
-70.6696
-70.6696
-70.6696
-70.6695
-70.6695
-70.6695
-70.6695
-70.6695
-70.6695
-70.6695
-70.6695
-70.6694
-70.6694
-70.6694
-70.6694
-70.6694
-70.6694
-70.6693
-70.6693
-70.6693
-70.6693
-70.6693
-70.6693
-70.6693
-70.6692
-70.6692
-70.6692
-70.6692
-70.6692
-70.6691
-70.6691
-70.6691
-70.6691
-70.6691
-70.6691
-70.669
-70.669
-70.669
-70.669
-70.669
-70.6689
-70.6689
-70.6689
-70.6689
-70.6689
-70.6688
-70.6688
-70.6688
-70.6688
-70.6688
-70.6687
-70.6687
-70.6687
-70.6687
-70.6686
-70.6686
-70.6686
-70.6686
-70.6686
-70.6685
-70.6685
-70.6685
-70.6685
-70.6685
-70.6684
-70.6684
-70.6684
-70.6684
-70.6684
-70.6683
-70.6683
-70.6683
-70.6683
-70.6682
-70.6682
-70.6682
-70.6682
-70.6682
-70.6681
-70.6681
-70.6681
-70.6681
-70.6681
-70.6697
-70.8312
-71.5644
-72.4866
-73.2354
-73.7583
-74.044
-56.1735
-51.7998
-49.8422
-47.7698
-42.1435
8.6467
-29.0856
-61.3637
-69.0168
-68.1288
-67.0904
-66.0261
-64.9549
-63.8949
-62.8651
-61.882
-60.9571
-60.0567
-59.0162
-58.185
-57.4808
-56.8692
-56.3375
-55.8782
-55.4584
-55.0859
-54.7801
-54.5293
-54.3245
-54.1582
-54.0193
-53.887
-53.7822
-53.7022
-53.6413
-53.5953
-53.561
-53.5353
-53.5001
-53.4723
-53.4544
-53.4437
-53.4377
-53.4352
-53.4351
-53.437
-53.4337
-53.4195
-53.4116
-53.4092
-53.41
-53.4127
-53.4166
-53.4213
-53.4266
-53.4324
-53.4385
-53.4364
-53.4204
-53.4123
-53.4101
-53.4111
-53.4138
-53.4173
-53.4214
-53.4258
-53.4304
-53.4351
-53.44
-53.4449
-53.4494
-53.4533
-53.4566
-53.4551
-53.4239
-53.4068
-53.3994
-53.3959
-53.393
-53.3887
-53.3803
-53.3612
-53.2879
-52.7591
-52.5799
-52.6863
-52.8283
-52.9447
-53.0278
-53.0839
-53.1218
-53.1489
-53.1712
-53.1927
-53.2162
-53.2442
-53.2794
-53.3249
-53.3833
-53.4493
-53.4697
-53.4722
-53.4726
-53.4747
-53.4792
-53.4866
-53.4966
-53.5087
-53.523
-53.5394
-53.5581
-53.5792
-53.6028
-53.6291
-53.6582
-53.6903
-53.7258
-53.765
-53.808
-53.8552
-53.9068
-53.9631
-54.0244
-54.0912
-54.1637
-54.2423
-54.3272
-54.4188
-54.5179
-54.6248
-54.7401
-54.8642
-54.9981
-55.1422
-55.297
-53.8919
-53.3718
-53.2634
-53.2688
-53.304
-53.3445
-53.3835
-53.4195
-53.4526
-53.4834
-53.5125
-53.5405
-53.5678
-53.5951
-53.6227
-53.6511
-53.6805
-53.7115
-53.7444
-53.7796
-53.8172
-53.8577
-53.9012
-53.9482
-53.9988
-54.0534
-54.1124
-54.176
-54.2445
-54.318
-54.4017
-54.4933
-54.5898
-54.6916
-54.7996
-54.9146
-55.0372
-55.168
-55.307
-55.4596
-55.6344
-55.823
-54.3277
-53.3329
-53.1298
-53.1281
-53.1755
-53.23
-53.2804
-53.3248
-53.3639
-53.3987
-53.4299
-53.458
-53.484
-53.5085
-53.5321
-53.5555
-53.579
-53.6029
-53.6287
-53.6563
-53.6867
-53.719
-53.7528
-53.7886
-53.8268
-53.8677
-53.9116
-53.959
-54.0101
-54.0689
-54.1331
-54.205
-54.2825
-54.363
-54.4473
-54.5364
-54.6309
-54.7313
-54.838
-54.9517
-55.0822
-55.2229
-55.3731
-55.538
-55.7067
-55.8775
-56.0523
-56.2323
-56.418
-56.6092
-56.8052
-54.5355
-53.1898
-52.9372
-52.9489
-53.0233
-53.1041
-53.176
-53.2367
-53.2878
-53.331
-53.3681
-53.4005
-53.4303
-53.4577
-53.4831
-53.5077
-53.5327
-53.5573
-53.5818
-53.6068
-53.6328
-53.66
-53.6888
-53.7198
-53.7559
-53.7954
-53.8371
-53.8816
-53.9334
-53.9895
-54.0483
-54.1105
-54.1768
-54.2478
-54.3278
-54.4175
-54.5116
-54.6101
-54.7208
-54.8425
-54.9688
-54.684
-53.5164
-53.2465
-53.2117
-53.2367
-53.2737
-53.3098
-53.3421
-53.3708
-53.3967
-53.42
-53.4411
-53.4608
-53.4796
-53.498
-53.5174
-53.5375
-53.5579
-53.5802
-53.6057
-53.633
-53.6628
-53.6938
-53.7263
-53.761
-53.8
-53.8478
-53.9111
-53.9919
-54.1114
-54.2648
-54.4208
-54.572
-54.7184
-54.8612
-55.0043
-55.1591
-55.3584
-55.6668
-56.0623
-56.4848
-56.8874
-57.2516
-57.5836
-57.9045
-58.2339
-58.5937
-59.0061
-59.4913
-60.0398
-60.6235
-61.1732
-61.6847
-62.1676
-62.6393
-63.1102
-63.5862
-64.0797
-64.6033
-65.1582
-65.7359
-66.2891
-66.8047
-67.2798
-67.7226
-68.1416
-68.5417
-68.9348
-69.3279
-69.7257
-70.1269
-70.5111
-70.8633
-71.1774
-71.4546
-71.704
-71.9322
-72.145
-72.3499
-72.5503
-72.7519
-72.9494
-73.13
-73.2912
-73.4312
-73.5507
-73.6538
-73.7461
-73.831
-73.9113
-73.9893
-74.071
-74.1512
-74.2229
-74.2857
-74.3395
-74.3836
-74.4189
-74.4492
-74.4767
-74.5022
-74.5278
-74.558
-74.5898
-74.618
-74.6417
-74.6614
-74.677
-74.6876
-74.6946
-74.7003
-74.7053
-74.7102
-74.7182
-74.7314
-74.7447
-74.7555
-74.7632
-74.7691
-74.7734
-74.7746
-74.7733
-74.7715
-74.7694
-74.7684
-74.7702
-74.7763
-74.7833
-74.7881
-74.7906
-74.792
-74.7923
-74.7908
-74.7884
-74.7849
-74.7813
-74.7787
-74.7776
-74.7804
-74.7857
-74.7894
-74.7909
-74.7911
-74.7908
-74.7887
-74.7858
-74.7824
-74.7784
-74.7751
-74.7718
-74.7708
-74.7729
-74.7765
-74.7792
-74.7807
-74.7803
-74.7792
-74.7778
-74.7752
-74.7727
-74.7703
-74.7671
-74.7636
-74.762
-74.7635
-74.7649
-74.7682
-74.7697
-74.7688
-74.7661
-74.7641
-74.7623
-74.7595
-74.7573
-74.7543
-74.7509
-74.7485
-74.7492
-74.7515
-74.7536
-74.7574
-74.7594
-74.7577
-74.7533
-74.751
-74.7502
-74.7497
-74.7462
-74.7425
-74.7387
-74.7366
-74.7369
-74.7389
-74.7397
-74.7422
-74.7437
-74.7431
-74.7393
-74.7347
-74.7333
-74.7344
-74.7339
-74.7307
-74.7269
-74.7249
-74.7246
-74.7259
-74.7287
-74.7306
-74.7314
-74.7313
-74.7307
-74.7286
-74.7235
-74.7215
-74.7219
-74.7207
-74.7181
-74.7139
-74.71
-74.7079
-74.7078
-74.7092
-74.712
-74.7135
-74.7131
-74.7123
-74.7127
-74.712
-74.7095
-74.7089
-74.7087
-74.7066
-74.7044
-74.7021
-74.7001
-74.6982
-74.6968
-74.6979
-74.6983
-74.6974
-74.6963
-74.697
-74.6968
-74.6977
-74.6988
-74.6981
-74.6946
-74.6895
-74.6858
-74.6825
-74.6802
-74.6805
-74.6814
-74.6815
-74.6808
-74.6793
-74.6763
-74.6747
-74.6753
-74.675
-74.6778
-74.6812
-74.6862
-74.6885
-74.6848
-74.6775
-74.6713
-74.6655
-74.6641
-74.6654
-74.6678
-74.6694
-74.6683
-74.6654
-74.6603
-74.6579
-74.6571
-74.6546
-74.6532
-74.6524
-74.6539
-74.6601
-74.6667
-74.6657
-74.6588
-74.6512
-74.6442
-74.6398
-74.64
-74.6435
-74.6467
-74.6457
-74.6444
-74.6429
-74.6416
-74.6383
-74.6364
-74.6366
-74.6354
-74.6341
-74.6357
-74.6379
-74.6415
-74.6436
-74.6444
-74.6413
-74.6347
-74.6287
-74.6255
-74.6225
-74.6219
-74.6234
-74.6234
-74.6218
-74.6194
-74.6182
-74.6154
-74.6132
-74.6119
-74.6094
-74.6071
-74.607
-74.6078
-74.6064
-74.6053
-74.6064
-74.6089
-74.6088
-74.6062
-74.6018
-74.5991
-74.6
-74.5999
-74.5967
-74.5921
-74.5898
-74.5916
-74.5938
-74.5925
-74.589
-74.5875
-74.5877
-74.5879
-74.5869
-74.5874
-74.5861
-74.5852
-74.583
-74.5825
-74.5801
-74.5781
-74.5755
-74.5742
-74.5725
-74.57
-74.5696
-74.5694
-74.5709
-74.571
-74.5666
-74.5598
-74.5515
-74.5494
-74.5529
-74.555
-74.5548
-74.553
-74.5491
-74.5456
-74.5467
-74.5479
-74.5501
-74.5512
-74.548
-74.542
-74.5389
-74.5363
-74.5307
-74.5254
-74.5242
-74.5232
-74.5219
-74.5213
-74.5227
-74.5261
-74.5287
-74.5285
-74.5286
-74.5244
-74.5205
-74.5186
-74.5136
-74.5069
-74.5038
-74.5018
-74.5011
-74.502
-74.5064
-74.5117
-74.5111
-74.5095
-74.5105
-74.511
-74.5088
-74.507
-74.5029
-74.4952
-74.4859
-74.4778
-74.4715
-74.4705
-74.4721
-74.4755
-74.4774
-74.477
-74.4759
-74.4723
-74.4702
-74.4742
-74.4796
-74.479
-74.4717
-74.4623
-74.4567
-74.4493
-74.4414
-74.4308
-74.4204
-74.4177
-74.4242
-74.434
-74.4433
-74.4531
-74.4587
-74.457
-74.4512
-74.4437
-74.4367
-74.4324
-74.4299
-74.4281
-74.4218
-74.4119
-74.4003
-74.3951
-74.3953
-74.3939
-74.3919
-74.3936
-74.395
-74.3999
-74.4049
-74.408
-74.4122
-74.4135
-74.4114
-74.4053
-74.3996
-74.392
-74.3818
-74.3732
-74.3764
-74.3794
-74.3784
-74.3735
-74.3634
-74.3537
-74.3457
-74.3357
-74.323
-74.3214
-74.3323
-74.3459
-74.3586
-74.3642
-74.3597
-74.3513
-74.3442
-74.3427
-74.3443
-74.3443
-74.3393
-74.3317
-74.328
-74.3239
-74.3162
-74.3083
-74.304
-74.2969
-74.2905
-74.2904
-74.2898
-74.2899
-74.2979
-74.3077
-74.3135
-74.3138
-74.317
-74.3182
-74.3162
-74.3092
-74.3001
-74.2924
-74.281
-74.2747
-74.2761
-74.2738
-74.2655
-74.2599
-74.2594
-74.2562
-74.2525
-74.2498
-74.2461
-74.2402
-74.2323
-74.22
-74.214
-74.209
-74.1973
-74.1823
-74.1747
-74.1714
-74.1676
-74.1623
-74.1635
-74.1659
-74.1606
-74.1533
-74.1466
-74.1443
-74.1455
-74.1572
-74.175
-74.1881
-74.1943
-74.1927
-74.1899
-74.185
-74.179
-74.1745
-74.1662
-74.1547
-74.1422
-74.1333
-74.1304
-74.1313
-74.1319
-74.1318
-74.1324
-74.1326
-74.1361
-74.1411
-74.1419
-74.1405
-74.1355
-74.13
-74.1266
-74.1243
-74.1208
-74.1211
-74.126
-74.1331
-74.1356
-74.1294
-74.1173
-74.1024
-74.0833
-74.0634
-74.0427
-74.0231
-74.0142
-74.0143
-74.0233
-74.0329
-74.0388
-74.0368
-74.0334
-74.0269
-74.0168
-74.0053
-73.9963
-73.996
-74.0017
-74.0018
-73.996
-73.983
-73.9682
-73.9508
-73.9295
-73.9052
-73.8831
-73.8659
-73.8531
-73.8456
-73.8514
-73.8668
-73.8796
-73.8808
-73.8781
-73.8757
-73.8711
-73.8656
-73.8656
-73.8666
-73.8609
-73.8479
-73.8341
-73.8258
-73.828
-73.8288
-73.8223
-73.8167
-73.8146
-73.8139
-73.8145
-73.8144
-73.8072
-73.8017
-73.8027
-73.8039
-73.8074
-73.8175
-73.8248
-73.8305
-73.8346
-73.836
-73.8395
-73.8451
-73.8449
-73.8363
-73.829
-73.8328
-73.8342
-73.8321
-73.8236
-73.8124
-73.8052
-73.7971
-73.7879
-73.7735
-73.757
-73.7431
-73.7321
-73.7264
-73.7217
-73.7116
-73.7017
-73.6944
-73.6903
-73.6905
-73.6902
-73.6839
-73.6723
-73.6632
-73.6676
-73.674
-73.677
-73.6718
-73.6622
-73.6523
-73.6432
-73.6474
-73.6505
-73.6531
-73.656
-73.6571
-73.6509
-73.6377
-73.6194
-73.6018
-73.594
-73.5895
-73.5828
-73.57
-73.5554
-73.5428
-73.5268
-73.5067
-73.4836
-73.4626
-73.4454
-73.4261
-73.4052
-73.3896
-73.3748
-73.3667
-73.3643
-73.3652
-73.3621
-73.3531
-73.3464
-73.3371
-73.3227
-73.3041
-73.2824
-73.2636
-73.2557
-73.2514
-73.2503
-73.2464
-73.2361
-73.2205
-73.2011
-73.1791
-73.1553
-73.1305
-73.1134
-73.1001
-73.0931
-73.0857
-73.074
-73.0673
-73.0602
-73.0483
-73.0347
-73.0309
-73.0339
-73.0319
-73.0232
-73.0093
-72.9916
-72.9715
-72.9495
-72.9264
-72.9023
-72.8776
-72.859
-72.8482
-72.8357
-72.8197
-72.8008
-72.7821
-72.7737
-72.7759
-72.7786
-72.7748
-72.7651
-72.7579
-72.7562
-72.7506
-72.7401
-72.7256
-72.7084
-72.6893
-72.6689
-72.6475
-72.6254
-72.6029
-72.5801
-72.5571
-72.534
-72.5108
-72.4876
-72.4645
-72.4414
-72.4185
-72.3956
-72.3729
-72.3504
-72.3281
-72.3059
-72.285
-72.2783
-72.276
-72.2702
-72.2602
-72.2472
-72.2321
-72.2263
-72.2289
-72.2281
-72.2223
-72.2125
-72.2
-72.1857
-72.17
-72.1535
-72.1364
-72.1189
-72.1011
-72.0832
-72.0651
-72.047
-72.0289
-72.0109
-71.9929
-71.975
-71.9573
-71.9396
-71.9221
-71.9048
-71.8876
-71.8705
-71.8536
-71.8369
-71.8204
-71.804
-71.7878
-71.7718
-71.756
-71.7403
-71.7248
-71.7095
-71.6944
-71.6794
-71.6646
-71.65
-71.6355
-71.6213
-71.6072
-71.5932
-71.5795
-71.5658
-71.5524
-71.5391
-71.526
-71.513
-71.5002
-71.4876
-71.4751
-71.4628
-71.4506
-71.4385
-71.4266
-71.4149
-71.4033
-71.3918
-71.3805
-71.3694
-71.3583
-71.3474
-71.3367
-71.3261
-71.3156
-71.3052
-71.295
-71.2849
-71.275
-71.2652
-71.2555
-71.2459
-71.2364
-71.2271
-71.2179
-71.2088
-71.1999
-71.191
-71.1823
-71.1736
-71.1651
-71.1567
-71.1484
-71.1402
-71.1321
-71.1242
-71.1163
-71.1085
-71.1009
-71.0933
-71.0858
-71.0785
-71.0712
-71.064
-71.057
-71.05
-71.0431
-71.0363
-71.0296
-71.023
-71.0165
-71.01
-71.0037
-70.9974
-70.9912
-70.9851
-70.9791
-70.9732
-70.9673
-70.9616
-70.9559
-70.9503
-70.9447
-70.9393
-70.9339
-70.9286
-70.9234
-70.9182
-70.9131
-70.9081
-70.9031
-70.8983
-70.8935
-70.8887
-70.884
-70.8794
-70.8749
-70.8704
-70.866
-70.8617
-70.8574
-70.8531
-70.849
-70.8449
-70.8408
-70.8368
-70.8329
-70.829
-70.8252
-70.8215
-70.8178
-70.8141
-70.8105
-70.807
-70.8035
-70.8001
-70.7967
-70.7933
-70.7901
-70.7868
-70.7836
-70.7805
-70.7774
-70.7744
-70.7714
-70.7684
-70.7655
-70.7627
-70.7599
-70.7571
-70.7544
-70.7517
-70.749
-70.7464
-70.7439
-70.7414
-70.7389
-70.7364
-70.734
-70.7317
-70.7293
-70.7271
-70.7248
-70.7226
-70.7204
-70.7183
-70.7162
-70.7141
-70.7121
-70.7101
-70.7081
-70.7062
-70.7043
-70.7024
-70.7005
-70.6987
-70.697
-70.6952
-70.6935
-70.6918
-70.6901
-70.6885
-70.6869
-70.6853
-70.6838
-70.6823
-70.6808
-70.6793
-70.6779
-70.6765
-70.6751
-70.6737
-70.6724
-70.6711
-70.6698
-70.6685
-70.6673
-70.6661
-70.6649
-70.6637
-70.6626
-70.6614
-70.6603
-70.6593
-70.6582
-70.6572
-70.6561
-70.6551
-70.6542
-70.6532
-70.6523
-70.6513
-70.6504
-70.6496
-70.6487
-70.6478
-70.647
-70.6462
-70.6454
-70.6446
-70.6439
-70.6431
-70.6424
-70.6417
-70.641
-70.6403
-70.6396
-70.639
-70.6384
-70.6377
-70.6371
-70.6365
-70.636
-70.6354
-70.6349
-70.6343
-70.6338
-70.6333
-70.6328
-70.6323
-70.6318
-70.6314
-70.6309
-70.6305
-70.6301
-70.6297
-70.6293
-70.6289
-70.6285
-70.6281
-70.6278
-70.6274
-70.6271
-70.6268
-70.6265
-70.6262
-70.6259
-70.6256
-70.6253
-70.6251
-70.6248
-70.6245
-70.6243
-70.6241
-70.6239
-70.6236
-70.6234
-70.6232
-70.6231
-70.6229
-70.6227
-70.6225
-70.6224
-70.6222
-70.6221
-70.6219
-70.6218
-70.6217
-70.6216
-70.6215
-70.6214
-70.6213
-70.6212
-70.6211
-70.621
-70.621
-70.6209
-70.6208
-70.6208
-70.6207
-70.6207
-70.6206
-70.6206
-70.6206
-70.6206
-70.6205
-70.6205
-70.6205
-70.6205
-70.6205
-70.6205
-70.6205
-70.6206
-70.6206
-70.6206
-70.6206
-70.6207
-70.6207
-70.6207
-70.6208
-70.6208
-70.6209
-70.6209
-70.621
-70.621
-70.6211
-70.6212
-70.6213
-70.6213
-70.6214
-70.6215
-70.6216
-70.6217
-70.6217
-70.6218
-70.6219
-70.622
-70.6221
-70.6222
-70.6223
-70.6224
-70.6225
-70.6227
-70.6228
-70.6229
-70.623
-70.6231
-70.6232
-70.6234
-70.6235
-70.6236
-70.6238
-70.6239
-70.624
-70.6241
-70.6243
-70.6244
-70.6246
-70.6247
-70.6248
-70.625
-70.6251
-70.6253
-70.6254
-70.6256
-70.6257
-70.6259
-70.626
-70.6262
-70.6263
-70.6265
-70.6267
-70.6268
-70.627
-70.6271
-70.6273
-70.6274
-70.6276
-70.6278
-70.6279
-70.6281
-70.6283
-70.6284
-70.6286
-70.6288
-70.6289
-70.6291
-70.6293
-70.6294
-70.6296
-70.6298
-70.6299
-70.6301
-70.6303
-70.6304
-70.6306
-70.6308
-70.631
-70.6311
-70.6313
-70.6315
-70.6316
-70.6318
-70.632
-70.6322
-70.6323
-70.6325
-70.6327
-70.6329
-70.633
-70.6332
-70.6334
-70.6335
-70.6337
-70.6339
-70.6341
-70.6342
-70.6344
-70.6346
-70.6347
-70.6349
-70.6351
-70.6353
-70.6354
-70.6356
-70.6358
-70.6359
-70.6361
-70.6363
-70.6365
-70.6366
-70.6368
-70.637
-70.6371
-70.6373
-70.6375
-70.6376
-70.6378
-70.638
-70.6381
-70.6383
-70.6385
-70.6386
-70.6388
-70.6389
-70.6391
-70.6393
-70.6394
-70.6396
-70.6398
-70.6399
-70.6401
-70.6402
-70.6404
-70.6405
-70.6407
-70.6409
-70.641
-70.6412
-70.6413
-70.6415
-70.6416
-70.6418
-70.6419
-70.6421
-70.6423
-70.6424
-70.6426
-70.6427
-70.6429
-70.643
-70.6432
-70.6433
-70.6434
-70.6436
-70.6437
-70.6439
-70.644
-70.6442
-70.6443
-70.6445

