-70
-70.1661
-70.23
-70.2566
-70.2695
-70.2773
-70.283
-70.2879
-70.2925
-70.297
-70.3014
-70.3057
-70.31
-70.3142
-70.3185
-70.3226
-70.3268
-70.3309
-70.335
-70.3391
-70.3431
-70.3471
-70.351
-70.3549
-70.3588
-70.3626
-70.3664
-70.3701
-70.3738
-70.3775
-70.3811
-70.3847
-70.3883
-70.3918
-70.3953
-70.3987
-70.4021
-70.4055
-70.4088
-70.4121
-70.4154
-70.4186
-70.4218
-70.4249
-70.428
-70.4311
-70.4341
-70.4372
-70.4401
-70.4431
-70.446
-70.4489
-70.4517
-70.4545
-70.4573
-70.4601
-70.4628
-70.4655
-70.4682
-70.4708
-70.4734
-70.476
-70.4785
-70.481
-70.4835
-70.486
-70.4884
-70.4908
-70.4932
-70.4955
-70.4978
-70.5001
-70.5024
-70.5046
-70.5068
-70.509
-70.5112
-70.5133
-70.5154
-70.5175
-70.5196
-70.5216
-70.5236
-70.5256
-70.5276
-70.5295
-70.5315
-70.5334
-70.5352
-70.5371
-70.5389
-70.5407
-70.5425
-70.5443
-70.5461
-70.5478
-70.5495
-70.5512
-70.5528
-70.5545
-70.5561
-70.5577
-70.5593
-70.5609
-70.5624
-70.5639
-70.5655
-70.5669
-70.5684
-70.5699
-70.5713
-70.5727
-70.5741
-70.5755
-70.5769
-70.5782
-70.5796
-70.5809
-70.5822
-70.5835
-70.5848
-70.586
-70.5873
-70.5885
-70.5897
-70.5909
-70.5921
-70.5932
-70.5944
-70.5955
-70.5966
-70.5977
-70.5988
-70.5999
-70.601
-70.602
-70.603
-70.6041
-70.6051
-70.6061
-70.6071
-70.608
-70.609
-70.6099
-70.6109
-70.6118
-70.6127
-70.6136
-70.6145
-70.6154
-70.6162
-70.6171
-70.6179
-70.6187
-70.6196
-70.6204
-70.6212
-70.622
-70.6227
-70.6235
-70.6242
-70.625
-70.6257
-70.6265
-70.6272
-70.6279
-70.6286
-70.6293
-70.6299
-70.6306
-70.6313
-70.6319
-70.6325
-70.6332
-70.6338
-70.6344
-70.635
-70.6356
-70.6362
-70.6368
-70.6374
-70.6379
-70.6385
-70.639
-70.6396
-70.6401
-70.6406
-70.6411
-70.6417
-70.6422
-70.6427
-70.6431
-70.6436
-70.6441
-70.6446
-70.645
-70.6455
-70.6459
-70.6464
-70.6468
-70.6472
-70.6476
-70.6481
-70.6485
-70.6489
-70.6493
-70.6497
-70.65
-70.6504
-70.6508
-70.6512
-70.6515
-70.6519
-70.6522
-70.6526
-70.6529
-70.6533
-70.6536
-70.6539
-70.6542
-70.6545
-70.6549
-70.6552
-70.6555
-70.6558
-70.656
-70.6563
-70.6566
-70.6569
-70.6572
-70.6574
-70.6577
-70.658
-70.6582
-70.6585
-70.6587
-70.6589
-70.6592
-70.6594
-70.6597
-70.6599
-70.6601
-70.6603
-70.6605
-70.6607
-70.661
-70.6612
-70.6614
-70.6616
-70.6617
-70.6619
-70.6621
-70.6623
-70.6625
-70.6627
-70.6628
-70.663
-70.6632
-70.6633
-70.6635
-70.6637
-70.6638
-70.664
-70.6641
-70.6643
-70.6644
-70.6646
-70.6647
-70.6648
-70.665
-70.6651
-70.6652
-70.6653
-70.6655
-70.6656
-70.6657
-70.6658
-70.6659
-70.666
-70.6662
-70.6663
-70.6664
-70.6665
-70.6666
-70.6667
-70.6668
-70.6669
-70.667
-70.667
-70.6671
-70.6672
-70.6673
-70.6674
-70.6675
-70.6675
-70.6676
-70.6677
-70.6678
-70.6678
-70.6679
-70.668
-70.668
-70.6681
-70.6682
-70.6682
-70.6683
-70.6683
-70.6684
-70.6685
-70.6685
-70.6686
-70.6686
-70.6687
-70.6687
-70.6688
-70.6688
-70.6688
-70.6689
-70.6689
-70.669
-70.669
-70.669
-70.6691
-70.6691
-70.6691
-70.6692
-70.6692
-70.6692
-70.6693
-70.6693
-70.6693
-70.6694
-70.6694
-70.6694
-70.6694
-70.6694
-70.6695
-70.6695
-70.6695
-70.6695
-70.6695
-70.6696
-70.6696
-70.6696
-70.6696
-70.6696
-70.6696
-70.6696
-70.6697
-70.6697
-70.6697
-70.6697
-70.6697
-70.6697
-70.6697
-70.6697
-70.6697
-70.6697
-70.6697
-70.6697
-70.6697
-70.6697
-70.6697
-70.6697
-70.6697
-70.6697
-70.6697
-70.6697
-70.6697
-70.6697
-70.6697
-70.6697
-70.6697
-70.6697
-70.6697
-70.6697
-70.6697
-70.6697
-70.6697
-70.6697
-70.6697
-70.6697
-70.6697
-70.6696
-70.6696
-70.6696
-70.6696
-70.6696
-70.6696
-70.6696
-70.6696
-70.6696
-70.6695
-70.6695
-70.6695
-70.6695
-70.6695
-70.6695
-70.6695
-70.6695
-70.6694
-70.6694
-70.6694
-70.6694
-70.6694
-70.6694
-70.6693
-70.6693
-70.6693
-70.6693
-70.6693
-70.6693
-70.6693
-70.6692
-70.6692
-70.6692
-70.6692
-70.6692
-70.6691
-70.6691
-70.6691
-70.6691
-70.6691
-70.6691
-70.669
-70.669
-70.669
-70.669
-70.669
-70.6689
-70.6689
-70.6689
-70.6689
-70.6689
-70.6688
-70.6688
-70.6688
-70.6688
-70.6688
-70.6687
-70.6687
-70.6687
-70.6687
-70.6686
-70.6686
-70.6686
-70.6686
-70.6686
-70.6685
-70.6685
-70.6685
-70.6685
-70.6685
-70.6684
-70.6684
-70.6684
-70.6684
-70.6684
-70.6683
-70.6683
-70.6683
-70.6683
-70.6682
-70.6682
-70.6682
-70.6682
-70.6682
-70.6681
-70.6681
-70.6681
-70.6681
-70.6681
-70.6731
-70.904
-71.7303
-72.6901
-73.4497
-63.8435
-53.7328
-50.9633
-49.1875
-46.7648
-35.806
-8.22767
-36.3323
-67.15
-68.7313
-67.7479
-66.698
-65.6297
-64.5614
-63.5107
-62.4947
-61.5301
-60.6303
-59.7835
-58.7447
-57.927
-57.2472
-56.6617
-56.1562
-55.7211
-55.3195
-54.9687
-54.682
-54.4482
-54.2582
-54.1044
-53.9692
-53.8465
-53.7514
-53.6791
-53.6242
-53.5829
-53.5524
-53.5222
-53.4888
-53.4659
-53.4516
-53.4433
-53.4391
-53.4378
-53.4388
-53.4369
-53.4227
-53.4142
-53.4113
-53.4118
-53.4143
-53.4182
-53.4229
-53.4282
-53.4341
-53.4404
-53.4296
-53.4172
-53.4122
-53.4118
-53.4138
-53.417
-53.4211
-53.4256
-53.4304
-53.4354
-53.4407
-53.4461
-53.4517
-53.4575
-53.4635
-53.4375
-53.4182
-53.4102
-53.4077
-53.4075
-53.408
-53.4083
-53.4078
-53.4059
-53.4017
-53.3933
-53.3762
-53.3328
-53.055
-52.2713
-52.2465
-52.4421
-52.6399
-52.7914
-52.8965
-52.9669
-53.0152
-53.0519
-53.2631
-53.3983
-53.438
-53.4459
-53.4454
-53.4448
-53.447
-53.4528
-53.4621
-53.4744
-53.4896
-53.5075
-53.5285
-53.5531
-53.5806
-53.6109
-53.6442
-53.6807
-53.7211
-53.7657
-53.8149
-53.869
-53.9284
-53.9934
-54.0646
-54.1422
-54.2268
-54.3184
-54.4173
-54.5244
-54.6402
-54.7651
-54.4758
-53.613
-53.3782
-53.3359
-53.3493
-53.3777
-53.409
-53.4397
-53.469
-53.4971
-53.5243
-53.551
-53.5778
-53.6049
-53.6328
-53.6619
-53.6924
-53.7248
-53.7595
-53.7967
-53.8368
-53.8799
-53.9263
-53.9762
-54.0299
-54.0879
-54.1503
-54.2175
-54.2897
-54.3673
-54.4506
-54.5402
-54.6365
-54.7397
-54.8502
-54.9686
-55.0955
-55.2312
-55.382
-54.5848
-53.4716
-53.2184
-53.1929
-53.2262
-53.2713
-53.3151
-53.3546
-53.3897
-53.4211
-53.4501
-53.4775
-53.5034
-53.528
-53.5521
-53.576
-53.6003
-53.6253
-53.6514
-53.6788
-53.7088
-53.7424
-53.7794
-53.8185
-53.8597
-53.9036
-53.9507
-54.0013
-54.0557
-54.1142
-54.1772
-54.2482
-54.3293
-54.4176
-54.5095
-54.6053
-54.7061
-54.8126
-54.9257
-55.0458
-55.1732
-55.308
-55.4572
-55.6257
-55.8094
-55.9956
-54.5545
-53.3294
-53.0822
-53.076
-53.1279
-53.1877
-53.2426
-53.2902
-53.3316
-53.3679
-53.3998
-53.428
-53.4535
-53.4771
-53.4994
-53.5211
-53.5426
-53.5643
-53.5865
-53.6104
-53.6375
-53.6677
-53.6991
-53.7316
-53.7659
-53.8025
-53.8419
-53.8842
-53.9299
-53.9792
-54.0324
-54.0915
-54.1619
-54.2427
-54.3265
-54.4125
-54.5022
-54.5966
-54.6965
-54.8025
-54.915
-55.0346
-55.1613
-55.2955
-55.45
-55.6298
-55.8207
-56.01
-56.1989
-56.3901
-56.5848
-56.7833
-55.5374
-53.3963
-52.9602
-52.9277
-52.9937
-53.076
-53.1518
-53.2161
-53.2701
-53.3156
-53.3546
-53.3884
-53.4184
-53.4458
-53.4724
-53.4988
-53.5242
-53.5489
-53.5736
-53.5988
-53.6249
-53.6524
-53.6815
-53.7127
-53.7464
-53.7838
-53.8337
-53.8918
-53.9508
-54.0109
-54.0735
-54.1398
-54.2107
-54.2865
-54.369
-54.4905
-54.6715
-54.9301
-55.2302
-55.5323
-55.8119
-56.0686
-56.3106
-56.5859
-56.9893
-57.5175
-58.1434
-58.7977
-59.3898
-59.9074
-60.3679
-60.8039
-61.2348
-61.7053
-62.2767
-62.9325
-63.6111
-64.2527
-64.836
-65.3663
-65.8569
-66.3218
-66.7717
-67.2129
-67.6772
-68.1676
-68.6615
-69.1265
-69.5555
-69.9463
-70.2978
-70.6173
-70.9144
-71.1908
-71.4599
-71.7341
-72.0081
-72.2663
-72.4983
-72.7056
-72.8897
-73.0508
-73.1942
-73.3234
-73.4432
-73.5631
-73.6842
-73.8017
-73.9081
-74.0008
-74.0815
-74.1518
-74.2112
-74.2625
-74.3074
-74.3487
-74.3927
-74.4387
-74.4841
-74.5242
-74.5584
-74.5869
-74.6113
-74.631
-74.646
-74.6581
-74.669
-74.6833
-74.7006
-74.7182
-74.7338
-74.7465
-74.756
-74.7625
-74.7673
-74.77
-74.7704
-74.7703
-74.7732
-74.7803
-74.7892
-74.7966
-74.8025
-74.8062
-74.8077
-74.8073
-74.806
-74.8038
-74.8001
-74.7976
-74.799
-74.8035
-74.8081
-74.811
-74.8131
-74.8137
-74.8127
-74.8105
-74.8073
-74.8044
-74.8014
-74.7992
-74.8003
-74.8044
-74.8074
-74.8091
-74.8093
-74.8088
-74.8073
-74.8047
-74.8012
-74.7965
-74.7924
-74.7902
-74.7902
-74.7936
-74.7971
-74.799
-74.7994
-74.7986
-74.7977
-74.7965
-74.7941
-74.7903
-74.7855
-74.7818
-74.7807
-74.7822
-74.7859
-74.7886
-74.7903
-74.7905
-74.7885
-74.7858
-74.7837
-74.7806
-74.7768
-74.7733
-74.7692
-74.7672
-74.7681
-74.7725
-74.776
-74.7785
-74.7809
-74.7804
-74.7778
-74.7752
-74.7725
-74.7686
-74.7651
-74.7621
-74.7595
-74.7571
-74.7579
-74.7615
-74.7642
-74.7651
-74.7667
-74.7667
-74.7651
-74.7625
-74.7593
-74.7555
-74.7529
-74.7492
-74.747
-74.7474
-74.7477
-74.7497
-74.7516
-74.7529
-74.7547
-74.7555
-74.7552
-74.7541
-74.7516
-74.7484
-74.7456
-74.7423
-74.7396
-74.7362
-74.735
-74.7357
-74.7372
-74.7359
-74.7343
-74.7353
-74.7376
-74.74
-74.74
-74.7375
-74.7344
-74.7335
-74.7314
-74.7295
-74.7281
-74.7264
-74.7256
-74.7257
-74.7279
-74.7267
-74.7222
-74.7203
-74.7217
-74.7251
-74.7278
-74.7266
-74.7237
-74.7218
-74.7204
-74.7181
-74.715
-74.7121
-74.711
-74.7098
-74.7101
-74.7105
-74.7085
-74.7049
-74.7025
-74.7022
-74.7045
-74.7072
-74.7086
-74.7084
-74.7082
-74.7084
-74.7065
-74.7039
-74.7011
-74.7002
-74.7001
-74.6994
-74.6982
-74.6981
-74.6947
-74.6905
-74.6888
-74.6895
-74.689
-74.6892
-74.6912
-74.6931
-74.6931
-74.6925
-74.6896
-74.6856
-74.6815
-74.6788
-74.6784
-74.6779
-74.6784
-74.6784
-74.6764
-74.6742
-74.6708
-74.6682
-74.6695
-74.6701
-74.6687
-74.6692
-74.671
-74.6742
-74.6775
-74.6769
-74.6733
-74.6695
-74.6656
-74.663
-74.6629
-74.6624
-74.6615
-74.6592
-74.6567
-74.6576
-74.6544
-74.6508
-74.6517
-74.6528
-74.6527
-74.6517
-74.6523
-74.6535
-74.6547
-74.6554
-74.6521
-74.6477
-74.6441
-74.6405
-74.6374
-74.634
-74.6329
-74.6323
-74.632
-74.6324
-74.6294
-74.6258
-74.6231
-74.6215
-74.6216
-74.624
-74.626
-74.6281
-74.6281
-74.6271
-74.63
-74.633
-74.6349
-74.6343
-74.6288
-74.6228
-74.6186
-74.6184
-74.6171
-74.6154
-74.6123
-74.607
-74.6038
-74.6026
-74.602
-74.5989
-74.5967
-74.5966
-74.5936
-74.5918
-74.5934
-74.595
-74.5974
-74.5992
-74.6021
-74.6033
-74.6043
-74.6045
-74.6036
-74.6031
-74.5986
-74.5899
-74.5829
-74.5792
-74.5763
-74.5746
-74.5738
-74.5716
-74.5691
-74.5647
-74.5575
-74.5497
-74.5453
-74.5494
-74.5547
-74.5552
-74.5516
-74.5479
-74.5492
-74.5495
-74.5542
-74.5583
-74.5583
-74.5565
-74.5546
-74.5556
-74.5585
-74.5609
-74.5621
-74.5628
-74.5605
-74.56
-74.558
-74.5531
-74.5504
-74.548
-74.5428
-74.5353
-74.5278
-74.5223
-74.5158
-74.5082
-74.5052
-74.5054
-74.5048
-74.5025
-74.5049
-74.5075
-74.5063
-74.5043
-74.5033
-74.5036
-74.5046
-74.5045
-74.5009
-74.4981
-74.4977
-74.4962
-74.4958
-74.4973
-74.4951
-74.499
-74.504
-74.5103
-74.5158
-74.5159
-74.5118
-74.5072
-74.5033
-74.5011
-74.4949
-74.4855
-74.474
-74.4624
-74.4513
-74.4411
-74.432
-74.4225
-74.4153
-74.413
-74.4172
-74.4252
-74.4325
-74.4321
-74.4253
-74.4222
-74.4248
-74.4272
-74.4283
-74.4289
-74.4253
-74.4185
-74.4096
-74.4038
-74.4025
-74.3991
-74.3962
-74.3946
-74.3982
-74.4018
-74.4062
-74.4176
-74.432
-74.4412
-74.4454
-74.4425
-74.4384
-74.4395
-74.4387
-74.4336
-74.4255
-74.4199
-74.4159
-74.41
-74.4039
-74.3989
-74.3909
-74.3776
-74.3589
-74.3375
-74.3203
-74.3115
-74.3094
-74.3063
-74.2983
-74.2919
-74.2985
-74.3102
-74.3192
-74.3235
-74.3226
-74.3219
-74.3239
-74.3211
-74.316
-74.3149
-74.3117
-74.3084
-74.3042
-74.2971
-74.2916
-74.29
-74.2857
-74.277
-74.2692
-74.2691
-74.274
-74.2863
-74.2972
-74.3052
-74.3139
-74.3211
-74.3223
-74.322
-74.3215
-74.3251
-74.3297
-74.3304
-74.3261
-74.3242
-74.325
-74.3243
-74.3202
-74.3107
-74.3009
-74.2965
-74.2961
-74.2923
-74.286
-74.2758
-74.2657
-74.2563
-74.2424
-74.2232
-74.1998
-74.1743
-74.1556
-74.1475
-74.149
-74.1465
-74.1399
-74.1359
-74.1362
-74.1342
-74.1263
-74.1155
-74.1026
-74.093
-74.0868
-74.0815
-74.0794
-74.0759
-74.0686
-74.0606
-74.0477
-74.0382
-74.0402
-74.0477
-74.0489
-74.0406
-74.0324
-74.0348
-74.0373
-74.0444
-74.057
-74.0702
-74.0806
-74.0833
-74.0788
-74.0706
-74.0593
-74.0434
-74.0299
-74.0308
-74.0429
-74.057
-74.071
-74.0905
-74.1018
-74.1028
-74.1023
-74.1116
-74.1208
-74.1271
-74.1309
-74.1403
-74.1499
-74.1528
-74.1476
-74.1404
-74.1344
-74.1287
-74.1245
-74.1211
-74.1133
-74.1009
-74.0924
-74.0908
-74.0873
-74.0815
-74.0767
-74.0737
-74.069
-74.0593
-74.044
-74.0319
-74.018
-74.0027
-73.9906
-73.9783
-73.9655
-73.9521
-73.9355
-73.9218
-73.9121
-73.9009
-73.8892
-73.8755
-73.8635
-73.8569
-73.8547
-73.8515
-73.8448
-73.8412
-73.8412
-73.8433
-73.8404
-73.8343
-73.8238
-73.8075
-73.7867
-73.7625
-73.7371
-73.7157
-73.6937
-73.6707
-73.6513
-73.6329
-73.6172
-73.6005
-73.5865
-73.5788
-73.5749
-73.5655
-73.5506
-73.5384
-73.5306
-73.5205
-73.5056
-73.4928
-73.4788
-73.4666
-73.4579
-73.451
-73.4402
-73.4351
-73.4332
-73.4256
-73.4147
-73.4134
-73.4102
-73.4017
-73.4051
-73.4142
-73.4155
-73.4135
-73.4096
-73.3997
-73.3953
-73.396
-73.391
-73.3855
-73.3834
-73.3813
-73.376
-73.3718
-73.3628
-73.3483
-73.3335
-73.3226
-73.3113
-73.3123
-73.318
-73.3212
-73.3166
-73.305
-73.2908
-73.2859
-73.2859
-73.2884
-73.2862
-73.2769
-73.2627
-73.2529
-73.2428
-73.2284
-73.2101
-73.1889
-73.1657
-73.141
-73.1188
-73.1107
-73.1175
-73.1238
-73.1311
-73.1322
-73.1254
-73.1127
-73.0963
-73.0863
-73.077
-73.0637
-73.0466
-73.0266
-73.0045
-72.9811
-72.9642
-72.9538
-72.9512
-72.9481
-72.9394
-72.9257
-72.9083
-72.8947
-72.8872
-72.877
-72.8634
-72.8572
-72.8518
-72.8418
-72.8276
-72.8123
-72.806
-72.7993
-72.7882
-72.7732
-72.7554
-72.7357
-72.7146
-72.6926
-72.6699
-72.6468
-72.6234
-72.5998
-72.5762
-72.5524
-72.5313
-72.5234
-72.5172
-72.5073
-72.4937
-72.4775
-72.4594
-72.4439
-72.4406
-72.4371
-72.4292
-72.4174
-72.4028
-72.3862
-72.3684
-72.3496
-72.3303
-72.3106
-72.2906
-72.2704
-72.2502
-72.23
-72.2098
-72.1896
-72.1695
-72.1496
-72.1297
-72.1101
-72.0905
-72.0712
-72.052
-72.033
-72.0141
-71.9955
-71.977
-71.9588
-71.9407
-71.9228
-71.9052
-71.8877
-71.8704
-71.8533
-71.8364
-71.8197
-71.8032
-71.7869
-71.7707
-71.7548
-71.739
-71.7234
-71.708
-71.6928
-71.6778
-71.663
-71.6483
-71.6338
-71.6195
-71.6053
-71.5913
-71.5775
-71.5639
-71.5504
-71.5371
-71.5239
-71.511
-71.4981
-71.4855
-71.4729
-71.4606
-71.4484
-71.4363
-71.4244
-71.4126
-71.401
-71.3895
-71.3782
-71.367
-71.356
-71.3451
-71.3343
-71.3237
-71.3132
-71.3028
-71.2926
-71.2825
-71.2726
-71.2627
-71.253
-71.2435
-71.234
-71.2247
-71.2155
-71.2064
-71.1974
-71.1885
-71.1798
-71.1711
-71.1626
-71.1542
-71.1459
-71.1377
-71.1296
-71.1217
-71.1138
-71.106
-71.0984
-71.0908
-71.0833
-71.076
-71.0687
-71.0615
-71.0545
-71.0475
-71.0406
-71.0338
-71.0271
-71.0205
-71.014
-71.0075
-71.0012
-70.9949
-70.9887
-70.9826
-70.9766
-70.9707
-70.9649
-70.9591
-70.9534
-70.9478
-70.9423
-70.9368
-70.9314
-70.9261
-70.9209
-70.9158
-70.9107
-70.9057
-70.9007
-70.8958
-70.891
-70.8863
-70.8816
-70.877
-70.8725
-70.868
-70.8636
-70.8593
-70.855
-70.8508
-70.8466
-70.8425
-70.8385
-70.8345
-70.8306
-70.8267
-70.8229
-70.8192
-70.8155
-70.8118
-70.8083
-70.8047
-70.8012
-70.7978
-70.7944
-70.7911
-70.7878
-70.7846
-70.7814
-70.7783
-70.7752
-70.7722
-70.7692
-70.7663
-70.7634
-70.7605
-70.7577
-70.755
-70.7523
-70.7496
-70.7469
-70.7444
-70.7418
-70.7393
-70.7368
-70.7344
-70.732
-70.7297
-70.7273
-70.7251
-70.7228
-70.7206
-70.7185
-70.7163
-70.7142
-70.7122
-70.7101
-70.7081
-70.7062
-70.7043
-70.7024
-70.7005
-70.6987
-70.6969
-70.6951
-70.6934
-70.6917
-70.69
-70.6883
-70.6867
-70.6851
-70.6836
-70.682
-70.6805
-70.679
-70.6776
-70.6762
-70.6748
-70.6734
-70.672
-70.6707
-70.6694
-70.6681
-70.6669
-70.6656
-70.6644
-70.6633
-70.6621
-70.661
-70.6598
-70.6587
-70.6577
-70.6566
-70.6556
-70.6546
-70.6536
-70.6526
-70.6517
-70.6507
-70.6498
-70.6489
-70.6481
-70.6472
-70.6464
-70.6455
-70.6447
-70.644
-70.6432
-70.6424
-70.6417
-70.641
-70.6403
-70.6396
-70.6389
-70.6383
-70.6376
-70.637
-70.6364
-70.6358
-70.6352
-70.6347
-70.6341
-70.6336
-70.633
-70.6325
-70.632
-70.6315
-70.6311
-70.6306
-70.6302
-70.6297
-70.6293
-70.6289
-70.6285
-70.6281
-70.6277
-70.6273
-70.627
-70.6266
-70.6263
-70.626
-70.6257
-70.6253
-70.6251
-70.6248
-70.6245
-70.6242
-70.624
-70.6237
-70.6235
-70.6232
-70.623
-70.6228
-70.6226
-70.6224
-70.6222
-70.622
-70.6219
-70.6217
-70.6215
-70.6214
-70.6212
-70.6211
-70.621
-70.6209
-70.6207
-70.6206
-70.6205
-70.6204
-70.6204
-70.6203
-70.6202
-70.6201
-70.6201
-70.62
-70.6199
-70.6199
-70.6199
-70.6198
-70.6198
-70.6198
-70.6197
-70.6197
-70.6197
-70.6197
-70.6197
-70.6197
-70.6197
-70.6197
-70.6198
-70.6198
-70.6198
-70.6198
-70.6199
-70.6199
-70.6199
-70.62
-70.62
-70.6201
-70.6201
-70.6202
-70.6203
-70.6203
-70.6204
-70.6205
-70.6206
-70.6206
-70.6207
-70.6208
-70.6209
-70.621
-70.6211
-70.6212
-70.6213
-70.6214
-70.6215
-70.6216
-70.6217
-70.6218
-70.6219
-70.622
-70.6222
-70.6223
-70.6224
-70.6225
-70.6227
-70.6228
-70.6229
-70.6231
-70.6232
-70.6233
-70.6235
-70.6236
-70.6237
-70.6239
-70.624
-70.6242
-70.6243
-70.6245
-70.6246
-70.6248
-70.6249
-70.6251
-70.6252
-70.6254
-70.6255
-70.6257
-70.6259
-70.626
-70.6262
-70.6263
-70.6265
-70.6267
-70.6268
-70.627
-70.6272
-70.6273
-70.6275
-70.6277
-70.6278
-70.628
-70.6282
-70.6283
-70.6285
-70.6287
-70.6289
-70.629
-70.6292
-70.6294
-70.6295
-70.6297
-70.6299
-70.6301
-70.6302
-70.6304
-70.6306
-70.6308
-70.6309
-70.6311
-70.6313
-70.6315
-70.6316
-70.6318
-70.632
-70.6322
-70.6323
-70.6325
-70.6327
-70.6329
-70.633
-70.6332
-70.6334
-70.6336
-70.6337
-70.6339
-70.6341
-70.6343
-70.6344
-70.6346
-70.6348
-70.635
-70.6351
-70.6353
-70.6355
-70.6357
-70.6358
-70.636
-70.6362
-70.6363
-70.6365
-70.6367
-70.6369
-70.637
-70.6372
-70.6374
-70.6375
-70.6377
-70.6379
-70.638
-70.6382
-70.6384
-70.6385
-70.6387
-70.6389
-70.639
-70.6392
-70.6394
-70.6395
-70.6397
-70.6398
-70.64
-70.6402
-70.6403
-70.6405
-70.6407
-70.6408
-70.641
-70.6411
-70.6413
-70.6414
-70.6416
-70.6418
-70.6419
-70.6421
-70.6422
-70.6424
-70.6425
-70.6427
-70.6428
-70.643
-70.6431
-70.6433
-70.6434
-70.6436
-70.6437
-70.6439
-70.644
-70.6442

