-70
-70.1661
-70.23
-70.2566
-70.2695
-70.2773
-70.283
-70.2879
-70.2925
-70.297
-70.3014
-70.3057
-70.31
-70.3142
-70.3185
-70.3226
-70.3268
-70.3309
-70.335
-70.3391
-70.3431
-70.3471
-70.351
-70.3549
-70.3588
-70.3626
-70.3664
-70.3701
-70.3738
-70.3775
-70.3811
-70.3847
-70.3883
-70.3918
-70.3953
-70.3987
-70.4021
-70.4055
-70.4088
-70.4121
-70.4154
-70.4186
-70.4218
-70.4249
-70.428
-70.4311
-70.4341
-70.4372
-70.4401
-70.4431
-70.446
-70.4489
-70.4517
-70.4545
-70.4573
-70.4601
-70.4628
-70.4655
-70.4682
-70.4708
-70.4734
-70.476
-70.4785
-70.481
-70.4835
-70.486
-70.4884
-70.4908
-70.4932
-70.4955
-70.4978
-70.5001
-70.5024
-70.5046
-70.5068
-70.509
-70.5112
-70.5133
-70.5154
-70.5175
-70.5196
-70.5216
-70.5236
-70.5256
-70.5276
-70.5295
-70.5315
-70.5334
-70.5352
-70.5371
-70.5389
-70.5407
-70.5425
-70.5443
-70.5461
-70.5478
-70.5495
-70.5512
-70.5528
-70.5545
-70.5561
-70.5577
-70.5593
-70.5609
-70.5624
-70.5639
-70.5655
-70.5669
-70.5684
-70.5699
-70.5713
-70.5727
-70.5741
-70.5755
-70.5769
-70.5782
-70.5796
-70.5809
-70.5822
-70.5835
-70.5848
-70.586
-70.5873
-70.5885
-70.5897
-70.5909
-70.5921
-70.5932
-70.5944
-70.5955
-70.5966
-70.5977
-70.5988
-70.5999
-70.601
-70.602
-70.603
-70.6041
-70.6051
-70.6061
-70.6071
-70.608
-70.609
-70.6099
-70.6109
-70.6118
-70.6127
-70.6136
-70.6145
-70.6154
-70.6162
-70.6171
-70.6179
-70.6187
-70.6196
-70.6204
-70.6212
-70.622
-70.6227
-70.6235
-70.6242
-70.625
-70.6257
-70.6265
-70.6272
-70.6279
-70.6286
-70.6293
-70.6299
-70.6306
-70.6313
-70.6319
-70.6325
-70.6332
-70.6338
-70.6344
-70.635
-70.6356
-70.6362
-70.6368
-70.6374
-70.6379
-70.6385
-70.639
-70.6396
-70.6401
-70.6406
-70.6411
-70.6417
-70.6422
-70.6427
-70.6431
-70.6436
-70.6441
-70.6446
-70.645
-70.6455
-70.6459
-70.6464
-70.6468
-70.6472
-70.6476
-70.6481
-70.6485
-70.6489
-70.6493
-70.6497
-70.65
-70.6504
-70.6508
-70.6512
-70.6515
-70.6519
-70.6522
-70.6526
-70.6529
-70.6533
-70.6536
-70.6539
-70.6542
-70.6545
-70.6549
-70.6552
-70.6555
-70.6558
-70.656
-70.6563
-70.6566
-70.6569
-70.6572
-70.6574
-70.6577
-70.658
-70.6582
-70.6585
-70.6587
-70.6589
-70.6592
-70.6594
-70.6597
-70.6599
-70.6601
-70.6603
-70.6605
-70.6607
-70.661
-70.6612
-70.6614
-70.6616
-70.6617
-70.6619
-70.6621
-70.6623
-70.6625
-70.6627
-70.6628
-70.663
-70.6632
-70.6633
-70.6635
-70.6637
-70.6638
-70.664
-70.6641
-70.6643
-70.6644
-70.6646
-70.6647
-70.6648
-70.665
-70.6651
-70.6652
-70.6653
-70.6655
-70.6656
-70.6657
-70.6658
-70.6659
-70.666
-70.6662
-70.6663
-70.6664
-70.6665
-70.6666
-70.6667
-70.6668
-70.6669
-70.667
-70.667
-70.6671
-70.6672
-70.6673
-70.6674
-70.6675
-70.6675
-70.6676
-70.6677
-70.6678
-70.6678
-70.6679
-70.668
-70.668
-70.6681
-70.6682
-70.6682
-70.6683
-70.6683
-70.6684
-70.6685
-70.6685
-70.6686
-70.6686
-70.6687
-70.6687
-70.6688
-70.6688
-70.6688
-70.6689
-70.6689
-70.669
-70.669
-70.669
-70.6691
-70.6691
-70.6691
-70.6692
-70.6692
-70.6692
-70.6693
-70.6693
-70.6693
-70.6694
-70.6694
-70.6694
-70.6694
-70.6694
-70.6695
-70.6695
-70.6695
-70.6695
-70.6695
-70.6696
-70.6696
-70.6696
-70.6696
-70.6696
-70.6696
-70.6696
-70.6697
-70.6697
-70.6697
-70.6697
-70.6697
-70.6697
-70.6697
-70.6697
-70.6697
-70.6697
-70.6697
-70.6697
-70.6697
-70.6697
-70.6697
-70.6697
-70.6697
-70.6697
-70.6697
-70.6697
-70.6697
-70.6697
-70.6697
-70.6697
-70.6697
-70.6697
-70.6697
-70.6697
-70.6697
-70.6697
-70.6697
-70.6697
-70.6697
-70.6697
-70.6697
-70.6696
-70.6696
-70.6696
-70.6696
-70.6696
-70.6696
-70.6696
-70.6696
-70.6696
-70.6695
-70.6695
-70.6695
-70.6695
-70.6695
-70.6695
-70.6695
-70.6695
-70.6694
-70.6694
-70.6694
-70.6694
-70.6694
-70.6694
-70.6693
-70.6693
-70.6693
-70.6693
-70.6693
-70.6693
-70.6693
-70.6692
-70.6692
-70.6692
-70.6692
-70.6692
-70.6691
-70.6691
-70.6691
-70.6691
-70.6691
-70.6691
-70.669
-70.669
-70.669
-70.669
-70.669
-70.6689
-70.6689
-70.6689
-70.6689
-70.6689
-70.6688
-70.6688
-70.6688
-70.6688
-70.6688
-70.6687
-70.6687
-70.6687
-70.6687
-70.6686
-70.6686
-70.6686
-70.6686
-70.6686
-70.6685
-70.6685
-70.6685
-70.6685
-70.6685
-70.6684
-70.6684
-70.6684
-70.6684
-70.6684
-70.6683
-70.6683
-70.6683
-70.6683
-70.6682
-70.6682
-70.6682
-70.6682
-70.6682
-70.6681
-70.6681
-70.6681
-70.6681
-70.6681
-70.6735
-70.911
-71.639
-72.5921
-73.3759
-73.8636
-74.1091
-59.2524
-52.6241
-50.3686
-48.4495
-44.6779
2.62312
-22.9171
-51.3361
-69.0563
-68.4232
-67.3981
-66.3391
-65.268
-64.2031
-63.1632
-62.1653
-61.2233
-60.3293
-59.2641
-58.4034
-57.6744
-57.04
-56.4866
-56.0075
-55.5739
-55.1834
-54.862
-54.5974
-54.3806
-54.2041
-54.0587
-53.9198
-53.8082
-53.7227
-53.6574
-53.6077
-53.5704
-53.543
-53.5073
-53.4775
-53.458
-53.446
-53.4392
-53.4359
-53.4353
-53.4368
-53.4351
-53.4205
-53.4119
-53.4089
-53.4094
-53.4119
-53.4157
-53.4203
-53.4255
-53.4312
-53.4373
-53.4395
-53.4228
-53.413
-53.4099
-53.4104
-53.4128
-53.4162
-53.4201
-53.4244
-53.429
-53.4337
-53.4385
-53.4433
-53.4477
-53.4515
-53.4548
-53.4573
-53.4339
-53.4104
-53.4
-53.3952
-53.3917
-53.3872
-53.3787
-53.3588
-53.2753
-52.7455
-52.6141
-52.7249
-52.8608
-52.9702
-53.0477
-53.0999
-53.135
-53.1605
-53.1817
-53.2024
-53.2252
-53.2526
-53.2871
-53.3316
-53.3888
-53.4595
-53.4891
-53.4792
-53.4739
-53.4732
-53.4763
-53.4826
-53.4916
-53.5029
-53.5162
-53.5316
-53.5492
-53.5692
-53.5915
-53.6163
-53.6439
-53.6742
-53.7077
-53.7447
-53.7854
-53.83
-53.8788
-53.9321
-53.9902
-54.0535
-54.1222
-54.1968
-54.2775
-54.3646
-54.4587
-54.5603
-54.67
-54.7882
-54.9155
-55.0526
-55.2002
-54.7462
-53.5937
-53.3031
-53.2581
-53.2806
-53.3194
-53.3597
-53.3975
-53.4322
-53.4642
-53.4942
-53.5226
-53.5501
-53.5772
-53.6044
-53.6321
-53.6606
-53.6904
-53.7219
-53.7554
-53.7914
-53.8318
-53.8754
-53.9217
-53.9712
-54.0242
-54.0812
-54.1426
-54.2087
-54.2797
-54.3558
-54.44
-54.5322
-54.63
-54.7337
-54.8439
-54.9614
-55.0868
-55.2204
-55.3623
-55.5122
-55.6714
-55.5565
-53.6426
-53.1875
-53.1205
-53.1522
-53.2049
-53.2571
-53.3037
-53.3443
-53.3797
-53.4111
-53.4399
-53.4662
-53.4908
-53.5141
-53.5368
-53.5594
-53.5823
-53.6057
-53.6301
-53.6557
-53.6832
-53.7145
-53.7479
-53.7832
-53.8207
-53.8609
-53.904
-53.9504
-54.0004
-54.0542
-54.1121
-54.1744
-54.2464
-54.3254
-54.4079
-54.4942
-54.5852
-54.6815
-54.7836
-54.8917
-55.0064
-55.1278
-55.256
-55.3919
-55.5491
-55.7154
-55.8831
-56.0529
-56.2264
-56.4042
-56.1477
-53.5871
-53.0334
-52.9652
-53.0159
-53.0897
-53.1603
-53.221
-53.2721
-53.315
-53.3516
-53.3831
-53.411
-53.4356
-53.4573
-53.4771
-53.4957
-53.5136
-53.5318
-53.5511
-53.57
-53.5884
-53.6064
-53.624
-53.6414
-53.6582
-53.6742
-53.689
-53.7021
-53.7126
-53.7191
-53.7255
-53.7293
-53.722
-53.698
-53.6498
-53.5625
-53.4043
-53.0844
-52.1529
-44.8441
-33.3535
-16.9838
-32.7893
-50.692
-60.5123
-60.8941
-60.1011
-59.2536
-58.4632
-57.7466
-57.1073
-56.5444
-56.0557
-55.6366
-55.2828
-54.9884
-54.7472
-54.5519
-54.3967
-54.2768
-54.188
-54.1287
-54.0924
-54.075
-54.0746
-54.0898
-54.1195
-54.1652
-54.2305
-54.3214
-54.4351
-54.5559
-54.6776
-54.8015
-54.9326
-55.0742
-55.2357
-55.427
-55.6529
-55.9024
-56.165
-56.4317
-56.6983
-56.9713
-57.2571
-57.5603
-57.8855
-58.2472
-58.6494
-59.0741
-59.5147
-59.9608
-60.4081
-60.857
-61.3124
-61.7779
-62.2515
-62.7486
-63.2773
-63.822
-64.3681
-64.9033
-65.4192
-65.9153
-66.3937
-66.8592
-67.3091
-67.7554
-68.211
-68.6666
-69.1089
-69.5282
-69.9179
-70.2778
-70.6088
-70.9154
-71.1996
-71.465
-71.7274
-71.9881
-72.2377
-72.4707
-72.6824
-72.8716
-73.0408
-73.1918
-73.3269
-73.4473
-73.5579
-73.6692
-73.7796
-73.8846
-73.9804
-74.0654
-74.1389
-74.2028
-74.2588
-74.3068
-74.3471
-74.3833
-74.4225
-74.4637
-74.5043
-74.541
-74.5729
-74.5993
-74.62
-74.6375
-74.6516
-74.6614
-74.669
-74.6787
-74.6937
-74.7097
-74.7253
-74.7388
-74.7494
-74.7562
-74.7601
-74.7624
-74.7629
-74.7616
-74.7598
-74.7626
-74.7698
-74.7769
-74.7836
-74.7893
-74.7927
-74.7933
-74.7922
-74.7896
-74.7861
-74.7818
-74.7785
-74.7796
-74.7848
-74.7891
-74.7924
-74.7959
-74.7976
-74.7968
-74.7942
-74.7908
-74.7859
-74.7808
-74.7769
-74.776
-74.779
-74.7829
-74.7851
-74.7872
-74.7888
-74.7888
-74.7871
-74.7838
-74.7795
-74.7747
-74.7702
-74.7686
-74.7687
-74.7715
-74.7749
-74.7764
-74.7778
-74.7786
-74.778
-74.7771
-74.7735
-74.7687
-74.7636
-74.7593
-74.7578
-74.7577
-74.7579
-74.7612
-74.7634
-74.7646
-74.7662
-74.766
-74.7652
-74.7638
-74.7604
-74.7554
-74.7513
-74.749
-74.7492
-74.7478
-74.7477
-74.7498
-74.7511
-74.7523
-74.7544
-74.7557
-74.7544
-74.7517
-74.7487
-74.7437
-74.7389
-74.7374
-74.7373
-74.7358
-74.7337
-74.7343
-74.7362
-74.7369
-74.7376
-74.7405
-74.7429
-74.7423
-74.74
-74.7371
-74.7326
-74.7288
-74.7281
-74.7279
-74.7249
-74.7217
-74.7212
-74.7218
-74.7235
-74.724
-74.725
-74.7276
-74.7283
-74.7282
-74.7257
-74.7219
-74.7185
-74.7162
-74.7153
-74.7136
-74.7104
-74.7061
-74.7044
-74.7057
-74.7068
-74.7069
-74.7077
-74.7113
-74.7139
-74.7155
-74.7151
-74.7122
-74.7098
-74.7081
-74.7062
-74.7028
-74.6987
-74.6957
-74.6925
-74.69
-74.6902
-74.69
-74.6896
-74.6903
-74.6927
-74.6971
-74.6999
-74.7001
-74.6982
-74.6958
-74.6938
-74.6932
-74.6898
-74.6843
-74.6791
-74.6768
-74.6747
-74.6727
-74.6703
-74.6695
-74.6684
-74.6675
-74.6714
-74.6777
-74.6842
-74.6868
-74.6877
-74.6866
-74.6836
-74.6812
-74.6776
-74.6726
-74.6682
-74.663
-74.6568
-74.6539
-74.6533
-74.6525
-74.6508
-74.6472
-74.6466
-74.6491
-74.6518
-74.6571
-74.6634
-74.6682
-74.6702
-74.669
-74.6677
-74.6661
-74.6607
-74.654
-74.6469
-74.6397
-74.6338
-74.6282
-74.6225
-74.6235
-74.6258
-74.6254
-74.6252
-74.6237
-74.6221
-74.6271
-74.6327
-74.6391
-74.6461
-74.6508
-74.6531
-74.6536
-74.6543
-74.6518
-74.645
-74.6365
-74.6273
-74.6168
-74.6076
-74.5991
-74.594
-74.5913
-74.5898
-74.5932
-74.5969
-74.6003
-74.6004
-74.5992
-74.5993
-74.6044
-74.6133
-74.6184
-74.6216
-74.6243
-74.6283
-74.6312
-74.6298
-74.6243
-74.618
-74.6099
-74.6
-74.5901
-74.5792
-74.5685
-74.5574
-74.5492
-74.551
-74.555
-74.5542
-74.5523
-74.5554
-74.5602
-74.5629
-74.5684
-74.5741
-74.5768
-74.5802
-74.5844
-74.5908
-74.596
-74.6017
-74.604
-74.6004
-74.5945
-74.5897
-74.5851
-74.5793
-74.57
-74.5574
-74.5474
-74.5361
-74.5255
-74.5208
-74.5195
-74.5173
-74.5166
-74.5131
-74.508
-74.5024
-74.5064
-74.5161
-74.5244
-74.5322
-74.5346
-74.5355
-74.5404
-74.5457
-74.5477
-74.5541
-74.5619
-74.5677
-74.5679
-74.5613
-74.551
-74.5412
-74.5317
-74.5257
-74.5204
-74.5112
-74.5008
-74.4939
-74.4893
-74.4839
-74.4774
-74.4705
-74.4692
-74.4693
-74.4661
-74.4596
-74.4524
-74.4466
-74.4439
-74.4458
-74.4476
-74.4532
-74.4617
-74.4665
-74.4695
-74.4713
-74.4755
-74.4863
-74.4948
-74.4984
-74.5034
-74.5082
-74.5086
-74.505
-74.5018
-74.495
-74.4855
-74.475
-74.4639
-74.4536
-74.4446
-74.4418
-74.4394
-74.4327
-74.4254
-74.422
-74.4195
-74.4198
-74.4228
-74.4222
-74.4162
-74.4082
-74.4012
-74.3923
-74.3808
-74.3703
-74.3626
-74.3594
-74.3569
-74.355
-74.3625
-74.3704
-74.3746
-74.3737
-74.3736
-74.3834
-74.3954
-74.4061
-74.414
-74.4188
-74.4204
-74.4189
-74.4209
-74.4268
-74.4273
-74.4209
-74.4136
-74.409
-74.4039
-74.3947
-74.3834
-74.3774
-74.3738
-74.371
-74.3639
-74.3556
-74.3501
-74.3456
-74.3447
-74.345
-74.3462
-74.3491
-74.3505
-74.3483
-74.3411
-74.3305
-74.3155
-74.298
-74.2768
-74.2546
-74.2355
-74.217
-74.197
-74.1847
-74.1796
-74.1865
-74.1944
-74.2026
-74.2059
-74.2024
-74.2035
-74.2165
-74.2274
-74.2345
-74.236
-74.2424
-74.2483
-74.2536
-74.2543
-74.2533
-74.2535
-74.2566
-74.2607
-74.2678
-74.277
-74.2882
-74.2932
-74.2939
-74.2927
-74.2873
-74.2812
-74.2732
-74.2631
-74.2599
-74.254
-74.2424
-74.2337
-74.2316
-74.2322
-74.2322
-74.2373
-74.2367
-74.2354
-74.2348
-74.2323
-74.2316
-74.2264
-74.2165
-74.2058
-74.1967
-74.1859
-74.1729
-74.1618
-74.1501
-74.1333
-74.1117
-74.0876
-74.0664
-74.0465
-74.0242
-74.0028
-73.9839
-73.9633
-73.9427
-73.9258
-73.9129
-73.9072
-73.9053
-73.9048
-73.9116
-73.9295
-73.9459
-73.9591
-73.9763
-73.9938
-74.0007
-73.9963
-73.9853
-73.9758
-73.9667
-73.9565
-73.9517
-73.9523
-73.9566
-73.9638
-73.9674
-73.9752
-73.9873
-73.9986
-74.0011
-74.0019
-74.004
-74.0094
-74.0279
-74.0441
-74.053
-74.058
-74.0667
-74.0737
-74.0737
-74.0735
-74.0843
-74.0951
-74.0986
-74.0938
-74.0812
-74.0664
-74.0583
-74.0474
-74.0369
-74.0314
-74.021
-74.0045
-73.9904
-73.9882
-73.9875
-73.9877
-73.9946
-74.0011
-74.0027
-74.0006
-73.9997
-73.994
-73.9821
-73.9793
-73.9832
-73.9872
-73.9832
-73.9746
-73.9666
-73.9607
-73.9494
-73.9372
-73.9269
-73.9131
-73.8983
-73.8819
-73.8615
-73.8407
-73.8233
-73.8101
-73.7985
-73.7854
-73.7721
-73.7546
-73.7328
-73.7077
-73.6848
-73.6642
-73.6413
-73.6181
-73.6011
-73.5883
-73.5723
-73.5532
-73.5376
-73.5204
-73.4994
-73.4781
-73.4616
-73.4562
-73.4539
-73.4454
-73.4332
-73.4232
-73.4095
-73.3913
-73.3697
-73.3455
-73.3196
-73.2924
-73.2644
-73.2357
-73.2066
-73.1773
-73.1477
-73.118
-73.0882
-73.0585
-73.0288
-72.9992
-72.9701
-72.9505
-72.9353
-72.9264
-72.9198
-72.9167
-72.9476
-72.9915
-73.0227
-73.0375
-73.04
-73.0343
-73.0317
-73.0352
-73.0574
-73.0911
-73.1141
-73.1232
-73.1218
-73.1131
-73.0995
-73.0888
-73.0954
-73.1097
-73.1163
-73.1136
-73.1066
-73.1038
-73.0978
-73.0865
-73.0708
-73.052
-73.0374
-73.0382
-73.0495
-73.065
-73.0763
-73.078
-73.0715
-73.0593
-73.043
-73.0239
-73.0029
-72.9805
-72.957
-72.9327
-72.9079
-72.8827
-72.8571
-72.8314
-72.8056
-72.7797
-72.7537
-72.7279
-72.7021
-72.6764
-72.6508
-72.6253
-72.6001
-72.575
-72.5501
-72.5254
-72.5009
-72.4767
-72.4527
-72.4288
-72.4053
-72.3819
-72.3589
-72.3365
-72.3276
-72.3275
-72.3381
-72.3459
-72.3463
-72.3406
-72.3306
-72.3176
-72.3053
-72.306
-72.3072
-72.3035
-72.2951
-72.2835
-72.2695
-72.2539
-72.2373
-72.2199
-72.202
-72.1837
-72.1652
-72.1465
-72.1278
-72.109
-72.0902
-72.0715
-72.0529
-72.0343
-72.0159
-71.9976
-71.9795
-71.9615
-71.9437
-71.926
-71.9085
-71.8911
-71.874
-71.857
-71.8402
-71.8236
-71.8071
-71.7909
-71.7748
-71.7589
-71.7432
-71.7277
-71.7123
-71.6971
-71.6821
-71.6673
-71.6527
-71.6382
-71.6239
-71.6098
-71.5958
-71.582
-71.5684
-71.5549
-71.5416
-71.5284
-71.5154
-71.5026
-71.4899
-71.4774
-71.4651
-71.4529
-71.4408
-71.4289
-71.4171
-71.4055
-71.394
-71.3827
-71.3715
-71.3605
-71.3495
-71.3388
-71.3281
-71.3176
-71.3073
-71.297
-71.2869
-71.277
-71.2671
-71.2574
-71.2478
-71.2384
-71.229
-71.2198
-71.2107
-71.2017
-71.1928
-71.1841
-71.1754
-71.1669
-71.1585
-71.1502
-71.142
-71.1339
-71.1259
-71.118
-71.1102
-71.1025
-71.0949
-71.0875
-71.0801
-71.0728
-71.0656
-71.0585
-71.0515
-71.0446
-71.0378
-71.0311
-71.0245
-71.0179
-71.0115
-71.0051
-70.9988
-70.9926
-70.9865
-70.9805
-70.9746
-70.9687
-70.9629
-70.9572
-70.9516
-70.9461
-70.9406
-70.9352
-70.9299
-70.9246
-70.9195
-70.9144
-70.9093
-70.9044
-70.8995
-70.8947
-70.8899
-70.8852
-70.8806
-70.876
-70.8716
-70.8671
-70.8628
-70.8585
-70.8542
-70.8501
-70.8459
-70.8419
-70.8379
-70.834
-70.8301
-70.8263
-70.8225
-70.8188
-70.8151
-70.8115
-70.808
-70.8045
-70.801
-70.7976
-70.7943
-70.791
-70.7878
-70.7846
-70.7814
-70.7783
-70.7753
-70.7723
-70.7693
-70.7664
-70.7635
-70.7607
-70.7579
-70.7552
-70.7525
-70.7498
-70.7472
-70.7447
-70.7421
-70.7397
-70.7372
-70.7348
-70.7324
-70.7301
-70.7278
-70.7255
-70.7233
-70.7211
-70.719
-70.7169
-70.7148
-70.7128
-70.7107
-70.7088
-70.7068
-70.7049
-70.703
-70.7012
-70.6994
-70.6976
-70.6958
-70.6941
-70.6924
-70.6908
-70.6891
-70.6875
-70.6859
-70.6844
-70.6829
-70.6814
-70.6799
-70.6784
-70.677
-70.6756
-70.6743
-70.6729
-70.6716
-70.6703
-70.6691
-70.6678
-70.6666
-70.6654
-70.6642
-70.6631
-70.6619
-70.6608
-70.6597
-70.6587
-70.6576
-70.6566
-70.6556
-70.6546
-70.6536
-70.6527
-70.6518
-70.6509
-70.65
-70.6491
-70.6483
-70.6474
-70.6466
-70.6458
-70.645
-70.6443
-70.6435
-70.6428
-70.6421
-70.6414
-70.6407
-70.64
-70.6394
-70.6387
-70.6381
-70.6375
-70.6369
-70.6363
-70.6357
-70.6352
-70.6347
-70.6341
-70.6336
-70.6331
-70.6326
-70.6322
-70.6317
-70.6312
-70.6308
-70.6304
-70.63
-70.6296
-70.6292
-70.6288
-70.6284
-70.6281
-70.6277
-70.6274
-70.6271
-70.6267
-70.6264
-70.6261
-70.6259
-70.6256
-70.6253
-70.625
-70.6248
-70.6246
-70.6243
-70.6241
-70.6239
-70.6237
-70.6235
-70.6233
-70.6231
-70.6229
-70.6228
-70.6226
-70.6224
-70.6223
-70.6222
-70.622
-70.6219
-70.6218
-70.6217
-70.6216
-70.6215
-70.6214
-70.6213
-70.6212
-70.6211
-70.6211
-70.621
-70.6209
-70.6209
-70.6209
-70.6208
-70.6208
-70.6208
-70.6207
-70.6207
-70.6207
-70.6207
-70.6207
-70.6207
-70.6207
-70.6207
-70.6207
-70.6207
-70.6207
-70.6208
-70.6208
-70.6208
-70.6209
-70.6209
-70.621
-70.621
-70.6211
-70.6211
-70.6212
-70.6212
-70.6213
-70.6214
-70.6214
-70.6215
-70.6216
-70.6217
-70.6218
-70.6219
-70.6219
-70.622
-70.6221
-70.6222
-70.6223
-70.6224
-70.6225
-70.6226
-70.6228
-70.6229
-70.623
-70.6231
-70.6232
-70.6233
-70.6235
-70.6236
-70.6237
-70.6238
-70.624
-70.6241
-70.6242
-70.6244
-70.6245
-70.6246
-70.6248
-70.6249
-70.6251
-70.6252
-70.6254
-70.6255
-70.6257
-70.6258
-70.626
-70.6261
-70.6263
-70.6264
-70.6266
-70.6267
-70.6269
-70.627
-70.6272
-70.6274
-70.6275
-70.6277
-70.6278
-70.628
-70.6282
-70.6283
-70.6285
-70.6287
-70.6288
-70.629
-70.6291
-70.6293
-70.6295
-70.6297
-70.6298
-70.63
-70.6302
-70.6303
-70.6305
-70.6307
-70.6308
-70.631
-70.6312
-70.6313
-70.6315
-70.6317
-70.6319
-70.632
-70.6322
-70.6324
-70.6325
-70.6327
-70.6329
-70.6331
-70.6332
-70.6334
-70.6336
-70.6338
-70.6339
-70.6341
-70.6343
-70.6344
-70.6346
-70.6348
-70.635
-70.6351
-70.6353
-70.6355
-70.6356
-70.6358
-70.636
-70.6361
-70.6363
-70.6365
-70.6366
-70.6368
-70.637
-70.6371
-70.6373
-70.6375
-70.6376
-70.6378
-70.638
-70.6381
-70.6383
-70.6385
-70.6386
-70.6388
-70.639
-70.6391
-70.6393
-70.6395
-70.6396
-70.6398
-70.6399
-70.6401
-70.6403
-70.6404
-70.6406
-70.6407
-70.6409
-70.641
-70.6412
-70.6413
-70.6415
-70.6417
-70.6418
-70.642
-70.6421
-70.6423
-70.6424
-70.6426
-70.6427
-70.6429
-70.643
-70.6432
-70.6433
-70.6435
-70.6436
-70.6438
-70.6439
-70.644
-70.6442
-70.6443
-70.6445
-70.6446
-70.6448
-70.6449
-70.645

