-70
-70.1661
-70.23
-70.2566
-70.2695
-70.2773
-70.283
-70.2879
-70.2925
-70.297
-70.3014
-70.3057
-70.31
-70.3142
-70.3185
-70.3226
-70.3268
-70.3309
-70.335
-70.3391
-70.3431
-70.3471
-70.351
-70.3549
-70.3588
-70.3626
-70.3664
-70.3701
-70.3738
-70.3775
-70.3811
-70.3847
-70.3883
-70.3918
-70.3953
-70.3987
-70.4021
-70.4055
-70.4088
-70.4121
-70.4154
-70.4186
-70.4218
-70.4249
-70.428
-70.4311
-70.4341
-70.4372
-70.4401
-70.4431
-70.446
-70.4489
-70.4517
-70.4545
-70.4573
-70.4601
-70.4628
-70.4655
-70.4682
-70.4708
-70.4734
-70.476
-70.4785
-70.481
-70.4835
-70.486
-70.4884
-70.4908
-70.4932
-70.4955
-70.4978
-70.5001
-70.5024
-70.5046
-70.5068
-70.509
-70.5112
-70.5133
-70.5154
-70.5175
-70.5196
-70.5216
-70.5236
-70.5256
-70.5276
-70.5295
-70.5315
-70.5334
-70.5352
-70.5371
-70.5389
-70.5407
-70.5425
-70.5443
-70.5461
-70.5478
-70.5495
-70.5512
-70.5528
-70.5545
-70.5561
-70.5577
-70.5593
-70.5609
-70.5624
-70.5639
-70.5655
-70.5669
-70.5684
-70.5699
-70.5713
-70.5727
-70.5741
-70.5755
-70.5769
-70.5782
-70.5796
-70.5809
-70.5822
-70.5835
-70.5848
-70.586
-70.5873
-70.5885
-70.5897
-70.5909
-70.5921
-70.5932
-70.5944
-70.5955
-70.5966
-70.5977
-70.5988
-70.5999
-70.601
-70.602
-70.603
-70.6041
-70.6051
-70.6061
-70.6071
-70.608
-70.609
-70.6099
-70.6109
-70.6118
-70.6127
-70.6136
-70.6145
-70.6154
-70.6162
-70.6171
-70.6179
-70.6187
-70.6196
-70.6204
-70.6212
-70.622
-70.6227
-70.6235
-70.6242
-70.625
-70.6257
-70.6265
-70.6272
-70.6279
-70.6286
-70.6293
-70.6299
-70.6306
-70.6313
-70.6319
-70.6325
-70.6332
-70.6338
-70.6344
-70.635
-70.6356
-70.6362
-70.6368
-70.6374
-70.6379
-70.6385
-70.639
-70.6396
-70.6401
-70.6406
-70.6411
-70.6417
-70.6422
-70.6427
-70.6431
-70.6436
-70.6441
-70.6446
-70.645
-70.6455
-70.6459
-70.6464
-70.6468
-70.6472
-70.6476
-70.6481
-70.6485
-70.6489
-70.6493
-70.6497
-70.65
-70.6504
-70.6508
-70.6512
-70.6515
-70.6519
-70.6522
-70.6526
-70.6529
-70.6533
-70.6536
-70.6539
-70.6542
-70.6545
-70.6549
-70.6552
-70.6555
-70.6558
-70.656
-70.6563
-70.6566
-70.6569
-70.6572
-70.6574
-70.6577
-70.658
-70.6582
-70.6585
-70.6587
-70.6589
-70.6592
-70.6594
-70.6597
-70.6599
-70.6601
-70.6603
-70.6605
-70.6607
-70.661
-70.6612
-70.6614
-70.6616
-70.6617
-70.6619
-70.6621
-70.6623
-70.6625
-70.6627
-70.6628
-70.663
-70.6632
-70.6633
-70.6635
-70.6637
-70.6638
-70.664
-70.6641
-70.6643
-70.6644
-70.6646
-70.6647
-70.6648
-70.665
-70.6651
-70.6652
-70.6653
-70.6655
-70.6656
-70.6657
-70.6658
-70.6659
-70.666
-70.6662
-70.6663
-70.6664
-70.6665
-70.6666
-70.6667
-70.6668
-70.6669
-70.667
-70.667
-70.6671
-70.6672
-70.6673
-70.6674
-70.6675
-70.6675
-70.6676
-70.6677
-70.6678
-70.6678
-70.6679
-70.668
-70.668
-70.6681
-70.6682
-70.6682
-70.6683
-70.6683
-70.6684
-70.6685
-70.6685
-70.6686
-70.6686
-70.6687
-70.6687
-70.6688
-70.6688
-70.6688
-70.6689
-70.6689
-70.669
-70.669
-70.669
-70.6691
-70.6691
-70.6691
-70.6692
-70.6692
-70.6692
-70.6693
-70.6693
-70.6693
-70.6694
-70.6694
-70.6694
-70.6694
-70.6694
-70.6695
-70.6695
-70.6695
-70.6695
-70.6695
-70.6696
-70.6696
-70.6696
-70.6696
-70.6696
-70.6696
-70.6696
-70.6697
-70.6697
-70.6697
-70.6697
-70.6697
-70.6697
-70.6697
-70.6697
-70.6697
-70.6697
-70.6697
-70.6697
-70.6697
-70.6697
-70.6697
-70.6697
-70.6697
-70.6697
-70.6697
-70.6697
-70.6697
-70.6697
-70.6697
-70.6697
-70.6697
-70.6697
-70.6697
-70.6697
-70.6697
-70.6697
-70.6697
-70.6697
-70.6697
-70.6697
-70.6697
-70.6696
-70.6696
-70.6696
-70.6696
-70.6696
-70.6696
-70.6696
-70.6696
-70.6696
-70.6695
-70.6695
-70.6695
-70.6695
-70.6695
-70.6695
-70.6695
-70.6695
-70.6694
-70.6694
-70.6694
-70.6694
-70.6694
-70.6694
-70.6693
-70.6693
-70.6693
-70.6693
-70.6693
-70.6693
-70.6693
-70.6692
-70.6692
-70.6692
-70.6692
-70.6692
-70.6691
-70.6691
-70.6691
-70.6691
-70.6691
-70.6691
-70.669
-70.669
-70.669
-70.669
-70.669
-70.6689
-70.6689
-70.6689
-70.6689
-70.6689
-70.6688
-70.6688
-70.6688
-70.6688
-70.6688
-70.6687
-70.6687
-70.6687
-70.6687
-70.6686
-70.6686
-70.6686
-70.6686
-70.6686
-70.6685
-70.6685
-70.6685
-70.6685
-70.6685
-70.6684
-70.6684
-70.6684
-70.6684
-70.6684
-70.6683
-70.6683
-70.6683
-70.6683
-70.6682
-70.6682
-70.6682
-70.6682
-70.6682
-70.6681
-70.6681
-70.6681
-70.6681
-70.6681
-70.6761
-70.9197
-71.7423
-72.6988
-73.4422
-73.9269
-62.1779
-53.2735
-50.6415
-48.6942
-45.2807
-8.934
-20.5532
-47.6159
-68.9118
-68.4499
-67.4185
-66.3479
-65.2621
-64.179
-63.1164
-62.0912
-61.1184
-60.2088
-59.2906
-58.4368
-57.6949
-57.0487
-56.4836
-55.9924
-55.5647
-55.1872
-54.862
-54.5907
-54.3669
-54.1833
-54.0329
-53.9044
-53.7946
-53.7065
-53.6376
-53.5841
-53.5429
-53.5114
-53.4845
-53.4593
-53.4392
-53.4254
-53.4163
-53.4105
-53.4072
-53.4057
-53.4052
-53.4009
-53.3944
-53.3908
-53.3898
-53.3905
-53.3922
-53.3946
-53.3974
-53.4005
-53.4039
-53.4073
-53.4042
-53.3978
-53.3946
-53.3941
-53.3952
-53.397
-53.3992
-53.4017
-53.4043
-53.407
-53.4098
-53.4127
-53.4156
-53.4185
-53.4211
-53.4233
-53.4195
-53.4057
-53.3975
-53.3942
-53.3928
-53.3919
-53.3906
-53.3879
-53.3822
-53.3673
-53.2747
-52.9827
-52.9705
-53.0419
-53.114
-53.169
-53.207
-53.2324
-53.25
-53.2633
-53.275
-53.2869
-53.3005
-53.317
-53.338
-53.3653
-53.4029
-53.4263
-53.4322
-53.4335
-53.4346
-53.4366
-53.4399
-53.4446
-53.4505
-53.4575
-53.4656
-53.4749
-53.4855
-53.4973
-53.5106
-53.5253
-53.5416
-53.5596
-53.5794
-53.6012
-53.6251
-53.6513
-53.68
-53.7114
-53.7458
-53.7835
-53.8246
-53.8696
-53.9185
-53.9718
-54.0298
-54.0928
-54.1611
-54.2351
-54.315
-54.3346
-53.622
-53.3733
-53.322
-53.3262
-53.3448
-53.3658
-53.3859
-53.4045
-53.4215
-53.4374
-53.4524
-53.4667
-53.4808
-53.4948
-53.5089
-53.5235
-53.5386
-53.5545
-53.5713
-53.5893
-53.6085
-53.6292
-53.6514
-53.6755
-53.7016
-53.73
-53.7609
-53.7945
-53.8311
-53.8707
-53.9137
-53.9604
-54.0109
-54.0656
-54.1247
-54.1885
-54.2572
-54.331
-54.4102
-54.4953
-54.5867
-54.6846
-53.7019
-53.3177
-53.2443
-53.2521
-53.2787
-53.3069
-53.3325
-53.3548
-53.3742
-53.3911
-53.4061
-53.4197
-53.4322
-53.444
-53.4553
-53.4664
-53.4776
-53.489
-53.5007
-53.513
-53.5259
-53.5396
-53.5543
-53.5701
-53.5871
-53.6055
-53.6253
-53.6468
-53.6701
-53.6953
-53.7228
-53.7526
-53.785
-53.8202
-53.8584
-53.8996
-53.9442
-53.9924
-54.0416
-54.0899
-54.14
-54.192
-54.246
-54.3016
-54.3578
-54.4139
-54.4691
-54.5223
-54.5721
-54.6172
-54.6555
-53.5738
-53.2363
-53.1864
-53.2049
-53.236
-53.2651
-53.2889
-53.3066
-53.3175
-53.3179
-53.2831
-52.9605
-52.7998
-52.8588
-52.9564
-53.0409
-53.1035
-53.1469
-53.177
-53.1997
-53.2189
-53.2375
-53.2577
-53.2813
-53.3107
-53.3481
-53.3954
-53.453
-53.5196
-53.5938
-53.6749
-53.7629
-53.8596
-53.9674
-54.0839
-54.2085
-54.3415
-54.4839
-54.6372
-54.8024
-54.9807
-55.1732
-53.9004
-53.4243
-53.3023
-53.2731
-53.287
-53.3133
-53.3413
-53.3676
-53.3917
-53.4137
-53.4341
-53.4532
-53.4715
-53.4894
-53.5072
-53.5252
-53.5437
-53.563
-53.5833
-53.6049
-53.6278
-53.6525
-53.6791
-53.7078
-53.7391
-53.774
-53.8124
-53.8586
-53.9152
-53.984
-54.0563
-54.1345
-54.2163
-54.299
-54.3843
-54.4775
-54.5943
-54.7347
-54.9066
-55.0957
-55.2781
-55.461
-55.6467
-55.8393
-56.044
-56.2723
-56.5404
-56.8433
-57.1714
-57.5218
-57.868
-58.2184
-58.5779
-58.9462
-59.3273
-59.7292
-60.1658
-60.6355
-61.1354
-61.6583
-62.1721
-62.6713
-63.1662
-63.654
-64.1355
-64.6209
-65.1196
-65.6327
-66.1521
-66.6807
-67.1936
-67.6707
-68.1166
-68.5389
-68.9357
-69.3116
-69.6762
-70.0361
-70.3904
-70.739
-71.0781
-71.3903
-71.6673
-71.9163
-72.1433
-72.3495
-72.5397
-72.7187
-72.8915
-73.058
-73.2205
-73.3753
-73.5145
-73.6335
-73.7365
-73.8279
-73.9098
-73.9839
-74.0521
-74.1176
-74.1806
-74.2429
-74.3041
-74.3593
-74.4055
-74.4422
-74.4735
-74.501
-74.5262
-74.5482
-74.569
-74.5899
-74.6109
-74.6338
-74.6563
-74.6754
-74.6893
-74.6983
-74.7056
-74.7124
-74.7188
-74.7236
-74.7288
-74.7345
-74.7414
-74.7503
-74.7594
-74.767
-74.7712
-74.7718
-74.7721
-74.7726
-74.7728
-74.7729
-74.7735
-74.7742
-74.7755
-74.7793
-74.7832
-74.7875
-74.7894
-74.789
-74.787
-74.7862
-74.7842
-74.7826
-74.782
-74.7814
-74.7803
-74.7815
-74.7831
-74.7848
-74.787
-74.7875
-74.7866
-74.7852
-74.783
-74.7813
-74.7791
-74.7778
-74.7772
-74.776
-74.7769
-74.7772
-74.7778
-74.7787
-74.7794
-74.779
-74.7781
-74.7762
-74.7746
-74.7735
-74.7704
-74.7693
-74.7681
-74.7686
-74.7691
-74.7685
-74.7691
-74.7695
-74.7693
-74.769
-74.7678
-74.7669
-74.7664
-74.7644
-74.7615
-74.7591
-74.7576
-74.7582
-74.7596
-74.7589
-74.7599
-74.7594
-74.7594
-74.7588
-74.7572
-74.7568
-74.7579
-74.7569
-74.7531
-74.7505
-74.7474
-74.7462
-74.748
-74.7494
-74.749
-74.7495
-74.7491
-74.7494
-74.7487
-74.7458
-74.745
-74.7467
-74.747
-74.7439
-74.7401
-74.7369
-74.7347
-74.7357
-74.7387
-74.7381
-74.7368
-74.7379
-74.7389
-74.7388
-74.7372
-74.735
-74.733
-74.7341
-74.7343
-74.7321
-74.7285
-74.7255
-74.7236
-74.7237
-74.7255
-74.7259
-74.724
-74.7245
-74.7264
-74.7278
-74.7266
-74.7251
-74.723
-74.7208
-74.72
-74.7183
-74.7172
-74.7159
-74.7146
-74.7123
-74.7113
-74.7117
-74.7114
-74.7095
-74.7111
-74.7135
-74.7149
-74.7144
-74.7126
-74.7109
-74.71
-74.7083
-74.7046
-74.7022
-74.7
-74.7008
-74.7005
-74.6989
-74.6973
-74.6967
-74.696
-74.6949
-74.695
-74.6986
-74.6998
-74.6997
-74.6987
-74.6974
-74.6954
-74.694
-74.6934
-74.6911
-74.6868
-74.6825
-74.6808
-74.681
-74.6812
-74.6804
-74.6795
-74.6806
-74.6812
-74.6819
-74.6802
-74.682
-74.6821
-74.6804
-74.6804
-74.6801
-74.6792
-74.6783
-74.6772
-74.6756
-74.6714
-74.6656
-74.6605
-74.6592
-74.659
-74.6564
-74.6554
-74.6574
-74.6614
-74.6663
-74.6694
-74.6669
-74.6629
-74.6617
-74.6591
-74.6564
-74.6576
-74.6602
-74.661
-74.6596
-74.6576
-74.6561
-74.6509
-74.6442
-74.6387
-74.6344
-74.6301
-74.6278
-74.6284
-74.6286
-74.6305
-74.638
-74.6468
-74.6514
-74.6507
-74.6445
-74.639
-74.6385
-74.6353
-74.6314
-74.6295
-74.6328
-74.6352
-74.6346
-74.6335
-74.6309
-74.6259
-74.6187
-74.6122
-74.6083
-74.6044
-74.5989
-74.5926
-74.5915
-74.5957
-74.6025
-74.6104
-74.6172
-74.6227
-74.6241
-74.6228
-74.6182
-74.614
-74.6117
-74.6114
-74.6086
-74.603
-74.5988
-74.5968
-74.5971
-74.6
-74.6005
-74.596
-74.5884
-74.581
-74.5756
-74.5714
-74.5655
-74.5636
-74.564
-74.561
-74.5586
-74.5566
-74.5599
-74.5714
-74.5811
-74.5869
-74.5885
-74.5878
-74.5855
-74.5795
-74.5745
-74.5751
-74.5796
-74.581
-74.5767
-74.5688
-74.5596
-74.5537
-74.5514
-74.5508
-74.5513
-74.5476
-74.54
-74.5311
-74.5228
-74.5187
-74.5182
-74.5218
-74.5227
-74.5182
-74.5164
-74.5178
-74.5188
-74.5197
-74.5199
-74.5212
-74.5266
-74.5355
-74.5405
-74.5409
-74.5368
-74.53
-74.5241
-74.5231
-74.5277
-74.5307
-74.5309
-74.529
-74.5275
-74.5231
-74.5163
-74.5054
-74.4949
-74.4901
-74.4881
-74.4837
-74.4768
-74.47
-74.4594
-74.4496
-74.446
-74.4476
-74.4526
-74.4525
-74.4535
-74.4607
-74.4636
-74.4664
-74.4684
-74.4681
-74.4645
-74.4562
-74.4475
-74.4456
-74.4506
-74.4566
-74.461
-74.4669
-74.471
-74.47
-74.4684
-74.4664
-74.4605
-74.4521
-74.4508
-74.4541
-74.4536
-74.454
-74.4515
-74.4487
-74.4423
-74.4314
-74.4191
-74.4061
-74.396
-74.3922
-74.3889
-74.3854
-74.3824
-74.3792
-74.3765
-74.3727
-74.3664
-74.3587
-74.3512
-74.3478
-74.3488
-74.3529
-74.3612
-74.3681
-74.3701
-74.3726
-74.3767
-74.3748
-74.3671
-74.3577
-74.3459
-74.3373
-74.3352
-74.341
-74.3489
-74.351
-74.3531
-74.3539
-74.3526
-74.3495
-74.3485
-74.3533
-74.3599
-74.367
-74.3714
-74.3682
-74.3588
-74.3496
-74.3428
-74.3373
-74.3311
-74.3253
-74.3203
-74.3157
-74.3111
-74.3067
-74.2995
-74.2889
-74.274
-74.2597
-74.2471
-74.2341
-74.223
-74.2202
-74.225
-74.2258
-74.2225
-74.2264
-74.2291
-74.2285
-74.2276
-74.2296
-74.2315
-74.2345
-74.2361
-74.2329
-74.2249
-74.2155
-74.2023
-74.1882
-74.1736
-74.1646
-74.1658
-74.1744
-74.1838
-74.1854
-74.1819
-74.1731
-74.1632
-74.1576
-74.1558
-74.1587
-74.1613
-74.1584
-74.1585
-74.1616
-74.1614
-74.1602
-74.1575
-74.1579
-74.1735
-74.1903
-74.197
-74.1945
-74.1889
-74.1883
-74.1862
-74.1842
-74.1847
-74.1807
-74.1705
-74.162
-74.1585
-74.156
-74.1468
-74.1308
-74.1157
-74.1132
-74.1205
-74.1255
-74.1281
-74.1286
-74.1251
-74.1217
-74.1147
-74.1045
-74.0949
-74.0877
-74.0779
-74.0671
-74.0552
-74.0439
-74.0332
-74.0174
-74.0005
-73.9933
-73.9955
-74
-74.0083
-74.0118
-74.0055
-73.9913
-73.9728
-73.9557
-73.9445
-73.9324
-73.9253
-73.9403
-73.9535
-73.9547
-73.9456
-73.9294
-73.913
-73.9053
-73.8981
-73.8898
-73.883
-73.8793
-73.8874
-73.8938
-73.8988
-73.899
-73.8909
-73.8803
-73.8672
-73.8542
-73.8382
-73.8208
-73.8103
-73.7974
-73.7852
-73.7834
-73.7835
-73.7855
-73.7804
-73.7678
-73.7541
-73.7428
-73.7345
-73.7263
-73.714
-73.7071
-73.7062
-73.7018
-73.6972
-73.7067
-73.7217
-73.7264
-73.7205
-73.707
-73.6895
-73.6746
-73.6607
-73.6482
-73.6372
-73.6252
-73.6117
-73.5998
-73.5907
-73.5791
-73.5663
-73.5625
-73.5636
-73.5595
-73.5515
-73.5436
-73.5376
-73.5448
-73.5702
-73.5911
-73.6003
-73.6045
-73.6008
-73.5928
-73.585
-73.5775
-73.5693
-73.5612
-73.5576
-73.5699
-73.586
-73.5916
-73.5868
-73.5753
-73.5654
-73.5633
-73.5649
-73.5598
-73.5477
-73.5302
-73.509
-73.4851
-73.4595
-73.4354
-73.4176
-73.4054
-73.3942
-73.3788
-73.3597
-73.3467
-73.347
-73.3507
-73.3473
-73.3364
-73.3201
-73.3023
-73.2902
-73.2764
-73.2588
-73.2379
-73.2147
-73.19
-73.173
-73.159
-73.142
-73.1218
-73.0992
-73.0749
-73.0494
-73.0231
-72.9963
-72.9741
-72.9605
-72.9459
-72.928
-72.9074
-72.8849
-72.8611
-72.8365
-72.8113
-72.7858
-72.7616
-72.7492
-72.7391
-72.7257
-72.709
-72.6898
-72.6689
-72.647
-72.6243
-72.6011
-72.5776
-72.5589
-72.5523
-72.5452
-72.5341
-72.5195
-72.5024
-72.4837
-72.4638
-72.4512
-72.4483
-72.4431
-72.4335
-72.4203
-72.4147
-72.4162
-72.4139
-72.4065
-72.3951
-72.3809
-72.3648
-72.3473
-72.329
-72.31
-72.2906
-72.271
-72.2511
-72.2312
-72.2112
-72.1912
-72.1712
-72.1513
-72.1315
-72.1119
-72.0923
-72.073
-72.0537
-72.0347
-72.0158
-71.9971
-71.9786
-71.9603
-71.9421
-71.9242
-71.9064
-71.8888
-71.8715
-71.8543
-71.8373
-71.8205
-71.8039
-71.7875
-71.7712
-71.7552
-71.7393
-71.7237
-71.7082
-71.6929
-71.6778
-71.6629
-71.6481
-71.6335
-71.6191
-71.6049
-71.5908
-71.5769
-71.5632
-71.5497
-71.5363
-71.5231
-71.51
-71.4971
-71.4844
-71.4718
-71.4594
-71.4471
-71.435
-71.423
-71.4112
-71.3995
-71.388
-71.3766
-71.3654
-71.3543
-71.3433
-71.3325
-71.3218
-71.3113
-71.3009
-71.2906
-71.2805
-71.2705
-71.2606
-71.2509
-71.2412
-71.2317
-71.2224
-71.2131
-71.204
-71.195
-71.1861
-71.1773
-71.1686
-71.1601
-71.1516
-71.1433
-71.1351
-71.127
-71.119
-71.1111
-71.1033
-71.0956
-71.088
-71.0805
-71.0731
-71.0658
-71.0586
-71.0516
-71.0446
-71.0376
-71.0308
-71.0241
-71.0175
-71.0109
-71.0045
-70.9981
-70.9919
-70.9857
-70.9796
-70.9735
-70.9676
-70.9617
-70.956
-70.9503
-70.9447
-70.9391
-70.9337
-70.9283
-70.923
-70.9177
-70.9126
-70.9075
-70.9025
-70.8975
-70.8926
-70.8878
-70.8831
-70.8784
-70.8738
-70.8693
-70.8648
-70.8604
-70.856
-70.8518
-70.8475
-70.8434
-70.8393
-70.8353
-70.8313
-70.8274
-70.8235
-70.8197
-70.8159
-70.8123
-70.8086
-70.805
-70.8015
-70.798
-70.7946
-70.7912
-70.7879
-70.7846
-70.7814
-70.7783
-70.7751
-70.7721
-70.769
-70.7661
-70.7631
-70.7602
-70.7574
-70.7546
-70.7518
-70.7491
-70.7465
-70.7438
-70.7412
-70.7387
-70.7362
-70.7337
-70.7313
-70.7289
-70.7266
-70.7243
-70.722
-70.7198
-70.7176
-70.7154
-70.7133
-70.7112
-70.7092
-70.7072
-70.7052
-70.7032
-70.7013
-70.6994
-70.6976
-70.6958
-70.694
-70.6922
-70.6905
-70.6888
-70.6871
-70.6855
-70.6839
-70.6823
-70.6808
-70.6792
-70.6777
-70.6763
-70.6748
-70.6734
-70.672
-70.6707
-70.6693
-70.668
-70.6667
-70.6654
-70.6642
-70.663
-70.6618
-70.6606
-70.6595
-70.6584
-70.6573
-70.6562
-70.6551
-70.6541
-70.6531
-70.6521
-70.6511
-70.6501
-70.6492
-70.6483
-70.6474
-70.6465
-70.6456
-70.6448
-70.644
-70.6432
-70.6424
-70.6416
-70.6408
-70.6401
-70.6394
-70.6387
-70.638
-70.6373
-70.6366
-70.636
-70.6354
-70.6348
-70.6342
-70.6336
-70.633
-70.6325
-70.6319
-70.6314
-70.6309
-70.6304
-70.6299
-70.6294
-70.629
-70.6285
-70.6281
-70.6276
-70.6272
-70.6268
-70.6264
-70.6261
-70.6257
-70.6253
-70.625
-70.6247
-70.6243
-70.624
-70.6237
-70.6234
-70.6231
-70.6229
-70.6226
-70.6224
-70.6221
-70.6219
-70.6216
-70.6214
-70.6212
-70.621
-70.6208
-70.6206
-70.6205
-70.6203
-70.6201
-70.62
-70.6198
-70.6197
-70.6196
-70.6194
-70.6193
-70.6192
-70.6191
-70.619
-70.6189
-70.6188
-70.6188
-70.6187
-70.6186
-70.6186
-70.6185
-70.6185
-70.6184
-70.6184
-70.6183
-70.6183
-70.6183
-70.6183
-70.6183
-70.6183
-70.6183
-70.6183
-70.6183
-70.6183
-70.6183
-70.6183
-70.6184
-70.6184
-70.6184
-70.6185
-70.6185
-70.6186
-70.6186
-70.6187
-70.6187
-70.6188
-70.6189
-70.6189
-70.619
-70.6191
-70.6192
-70.6192
-70.6193
-70.6194
-70.6195
-70.6196
-70.6197
-70.6198
-70.6199
-70.62
-70.6201
-70.6202
-70.6203
-70.6205
-70.6206
-70.6207
-70.6208
-70.621
-70.6211
-70.6212
-70.6213
-70.6215
-70.6216
-70.6217
-70.6219
-70.622
-70.6222
-70.6223
-70.6225
-70.6226
-70.6228
-70.6229
-70.6231
-70.6232
-70.6234
-70.6235
-70.6237
-70.6238
-70.624
-70.6242
-70.6243
-70.6245
-70.6246
-70.6248
-70.625
-70.6251
-70.6253
-70.6255
-70.6256
-70.6258
-70.626
-70.6262
-70.6263
-70.6265
-70.6267
-70.6269
-70.627
-70.6272
-70.6274
-70.6276
-70.6277
-70.6279
-70.6281
-70.6283
-70.6285
-70.6286
-70.6288
-70.629
-70.6292
-70.6294
-70.6295
-70.6297
-70.6299
-70.6301
-70.6303
-70.6304
-70.6306
-70.6308
-70.631
-70.6312
-70.6313
-70.6315
-70.6317
-70.6319
-70.6321
-70.6322
-70.6324
-70.6326
-70.6328
-70.633
-70.6332
-70.6333
-70.6335
-70.6337
-70.6339
-70.6341
-70.6342
-70.6344
-70.6346
-70.6348
-70.6349
-70.6351
-70.6353
-70.6355
-70.6357
-70.6358
-70.636
-70.6362
-70.6364
-70.6365
-70.6367
-70.6369
-70.637
-70.6372
-70.6374
-70.6376
-70.6377
-70.6379
-70.6381
-70.6382
-70.6384
-70.6386
-70.6388
-70.6389
-70.6391
-70.6393
-70.6394
-70.6396
-70.6398
-70.6399
-70.6401
-70.6402
-70.6404
-70.6406
-70.6407
-70.6409
-70.6411
-70.6412
-70.6414
-70.6415
-70.6417
-70.6418
-70.642
-70.6422
-70.6423
-70.6425
-70.6426
-70.6428
-70.6429
-70.6431
-70.6432

