-70
-70.1661
-70.23
-70.2566
-70.2695
-70.2773
-70.283
-70.2879
-70.2925
-70.297
-70.3014
-70.3057
-70.31
-70.3142
-70.3185
-70.3226
-70.3268
-70.3309
-70.335
-70.3391
-70.3431
-70.3471
-70.351
-70.3549
-70.3588
-70.3626
-70.3664
-70.3701
-70.3738
-70.3775
-70.3811
-70.3847
-70.3883
-70.3918
-70.3953
-70.3987
-70.4021
-70.4055
-70.4088
-70.4121
-70.4154
-70.4186
-70.4218
-70.4249
-70.428
-70.4311
-70.4341
-70.4372
-70.4401
-70.4431
-70.446
-70.4489
-70.4517
-70.4545
-70.4573
-70.4601
-70.4628
-70.4655
-70.4682
-70.4708
-70.4734
-70.476
-70.4785
-70.481
-70.4835
-70.486
-70.4884
-70.4908
-70.4932
-70.4955
-70.4978
-70.5001
-70.5024
-70.5046
-70.5068
-70.509
-70.5112
-70.5133
-70.5154
-70.5175
-70.5196
-70.5216
-70.5236
-70.5256
-70.5276
-70.5295
-70.5315
-70.5334
-70.5352
-70.5371
-70.5389
-70.5407
-70.5425
-70.5443
-70.5461
-70.5478
-70.5495
-70.5512
-70.5528
-70.5545
-70.5561
-70.5577
-70.5593
-70.5609
-70.5624
-70.5639
-70.5655
-70.5669
-70.5684
-70.5699
-70.5713
-70.5727
-70.5741
-70.5755
-70.5769
-70.5782
-70.5796
-70.5809
-70.5822
-70.5835
-70.5848
-70.586
-70.5873
-70.5885
-70.5897
-70.5909
-70.5921
-70.5932
-70.5944
-70.5955
-70.5966
-70.5977
-70.5988
-70.5999
-70.601
-70.602
-70.603
-70.6041
-70.6051
-70.6061
-70.6071
-70.608
-70.609
-70.6099
-70.6109
-70.6118
-70.6127
-70.6136
-70.6145
-70.6154
-70.6162
-70.6171
-70.6179
-70.6187
-70.6196
-70.6204
-70.6212
-70.622
-70.6227
-70.6235
-70.6242
-70.625
-70.6257
-70.6265
-70.6272
-70.6279
-70.6286
-70.6293
-70.6299
-70.6306
-70.6313
-70.6319
-70.6325
-70.6332
-70.6338
-70.6344
-70.635
-70.6356
-70.6362
-70.6368
-70.6374
-70.6379
-70.6385
-70.639
-70.6396
-70.6401
-70.6406
-70.6411
-70.6417
-70.6422
-70.6427
-70.6431
-70.6436
-70.6441
-70.6446
-70.645
-70.6455
-70.6459
-70.6464
-70.6468
-70.6472
-70.6476
-70.6481
-70.6485
-70.6489
-70.6493
-70.6497
-70.65
-70.6504
-70.6508
-70.6512
-70.6515
-70.6519
-70.6522
-70.6526
-70.6529
-70.6533
-70.6536
-70.6539
-70.6542
-70.6545
-70.6549
-70.6552
-70.6555
-70.6558
-70.656
-70.6563
-70.6566
-70.6569
-70.6572
-70.6574
-70.6577
-70.658
-70.6582
-70.6585
-70.6587
-70.6589
-70.6592
-70.6594
-70.6597
-70.6599
-70.6601
-70.6603
-70.6605
-70.6607
-70.661
-70.6612
-70.6614
-70.6616
-70.6617
-70.6619
-70.6621
-70.6623
-70.6625
-70.6627
-70.6628
-70.663
-70.6632
-70.6633
-70.6635
-70.6637
-70.6638
-70.664
-70.6641
-70.6643
-70.6644
-70.6646
-70.6647
-70.6648
-70.665
-70.6651
-70.6652
-70.6653
-70.6655
-70.6656
-70.6657
-70.6658
-70.6659
-70.666
-70.6662
-70.6663
-70.6664
-70.6665
-70.6666
-70.6667
-70.6668
-70.6669
-70.667
-70.667
-70.6671
-70.6672
-70.6673
-70.6674
-70.6675
-70.6675
-70.6676
-70.6677
-70.6678
-70.6678
-70.6679
-70.668
-70.668
-70.6681
-70.6682
-70.6682
-70.6683
-70.6683
-70.6684
-70.6685
-70.6685
-70.6686
-70.6686
-70.6687
-70.6687
-70.6688
-70.6688
-70.6688
-70.6689
-70.6689
-70.669
-70.669
-70.669
-70.6691
-70.6691
-70.6691
-70.6692
-70.6692
-70.6692
-70.6693
-70.6693
-70.6693
-70.6694
-70.6694
-70.6694
-70.6694
-70.6694
-70.6695
-70.6695
-70.6695
-70.6695
-70.6695
-70.6696
-70.6696
-70.6696
-70.6696
-70.6696
-70.6696
-70.6696
-70.6697
-70.6697
-70.6697
-70.6697
-70.6697
-70.6697
-70.6697
-70.6697
-70.6697
-70.6697
-70.6697
-70.6697
-70.6697
-70.6697
-70.6697
-70.6697
-70.6697
-70.6697
-70.6697
-70.6697
-70.6697
-70.6697
-70.6697
-70.6697
-70.6697
-70.6697
-70.6697
-70.6697
-70.6697
-70.6697
-70.6697
-70.6697
-70.6697
-70.6697
-70.6697
-70.6696
-70.6696
-70.6696
-70.6696
-70.6696
-70.6696
-70.6696
-70.6696
-70.6696
-70.6695
-70.6695
-70.6695
-70.6695
-70.6695
-70.6695
-70.6695
-70.6695
-70.6694
-70.6694
-70.6694
-70.6694
-70.6694
-70.6694
-70.6693
-70.6693
-70.6693
-70.6693
-70.6693
-70.6693
-70.6693
-70.6692
-70.6692
-70.6692
-70.6692
-70.6692
-70.6691
-70.6691
-70.6691
-70.6691
-70.6691
-70.6691
-70.669
-70.669
-70.669
-70.669
-70.669
-70.6689
-70.6689
-70.6689
-70.6689
-70.6689
-70.6688
-70.6688
-70.6688
-70.6688
-70.6688
-70.6687
-70.6687
-70.6687
-70.6687
-70.6686
-70.6686
-70.6686
-70.6686
-70.6686
-70.6685
-70.6685
-70.6685
-70.6685
-70.6685
-70.6684
-70.6684
-70.6684
-70.6684
-70.6684
-70.6683
-70.6683
-70.6683
-70.6683
-70.6682
-70.6682
-70.6682
-70.6682
-70.6682
-70.6681
-70.6681
-70.6681
-70.6681
-70.6681
-70.6745
-70.8695
-71.6052
-72.6073
-73.4174
-73.9128
-74.1642
-66.2391
-54.2535
-51.0761
-49.1058
-46.178
-25.7138
-15.7943
-41.8309
-68.5737
-68.6622
-67.6454
-66.58
-65.4954
-64.4097
-63.3411
-62.3069
-61.3215
-60.3966
-59.4759
-58.5946
-57.8401
-57.1793
-56.599
-56.0932
-55.655
-55.262
-54.9247
-54.6435
-54.4107
-54.2193
-54.0624
-53.93
-53.8141
-53.7218
-53.6496
-53.5933
-53.5498
-53.5165
-53.4905
-53.4633
-53.4416
-53.4267
-53.4167
-53.4103
-53.4065
-53.4047
-53.4044
-53.4034
-53.3964
-53.3911
-53.389
-53.3891
-53.3904
-53.3925
-53.3951
-53.398
-53.4013
-53.4047
-53.4084
-53.4058
-53.3998
-53.3954
-53.3941
-53.3947
-53.3962
-53.3983
-53.4006
-53.403
-53.4056
-53.4082
-53.4107
-53.4129
-53.4149
-53.4166
-53.4179
-53.4186
-53.4112
-53.4021
-53.396
-53.3898
-53.385
-53.379
-53.3645
-53.2491
-53.0745
-53.0935
-53.151
-53.2021
-53.2394
-53.2649
-53.2818
-53.2936
-53.3027
-53.311
-53.3196
-53.3294
-53.3416
-53.3572
-53.3775
-53.4033
-53.4344
-53.4701
-53.5097
-53.5245
-53.4818
-53.4639
-53.4607
-53.4643
-53.4633
-53.4502
-53.4446
-53.4449
-53.4485
-53.4544
-53.4617
-53.4702
-53.4799
-53.4907
-53.5026
-53.5157
-53.53
-53.5457
-53.5628
-53.5814
-53.6017
-53.6239
-53.6481
-53.6745
-53.7032
-53.7347
-53.7691
-53.8066
-53.8475
-53.8921
-53.9406
-53.9933
-54.0505
-54.1126
-54.1799
-54.2527
-53.9537
-53.5341
-53.4135
-53.3915
-53.4005
-53.4188
-53.4395
-53.4519
-53.4278
-53.4174
-53.4183
-53.4245
-53.4329
-53.4424
-53.4523
-53.4625
-53.4731
-53.4845
-53.4963
-53.5085
-53.5214
-53.5349
-53.5494
-53.5648
-53.5815
-53.5994
-53.6188
-53.6406
-53.6645
-53.69
-53.7175
-53.7473
-53.7797
-53.8148
-53.8529
-53.8943
-53.9391
-53.9883
-54.0438
-54.1034
-54.167
-54.2348
-54.3071
-54.3845
-53.8667
-53.4402
-53.338
-53.3287
-53.3451
-53.3676
-53.3901
-53.4112
-53.4307
-53.4489
-53.4641
-53.4342
-53.4169
-53.413
-53.4155
-53.4208
-53.4275
-53.4347
-53.4421
-53.4497
-53.4576
-53.4658
-53.4744
-53.4835
-53.4932
-53.5035
-53.5147
-53.5277
-53.5419
-53.5568
-53.5728
-53.5898
-53.6083
-53.6282
-53.6499
-53.6733
-53.6989
-53.7267
-53.7577
-53.7946
-53.8345
-53.8765
-53.9211
-53.9688
-54.0188
-54.0677
-54.1181
-54.1705
-54.2254
-54.2826
-54.3436
-54.4158
-54.4895
-54.5608
-53.8406
-53.3556
-53.2568
-53.2567
-53.2798
-53.3056
-53.3288
-53.3481
-53.3636
-53.3761
-53.3856
-53.3913
-53.3922
-53.3866
-53.3701
-53.3292
-53.1956
-52.8322
-52.7955
-52.9555
-53.0893
-53.1763
-53.2301
-53.2624
-53.2818
-53.2945
-53.3043
-53.3135
-53.3237
-53.3361
-53.3521
-53.3732
-53.4004
-53.4339
-53.474
-53.5199
-53.5695
-53.6228
-53.6813
-53.7465
-53.8173
-53.5994
-53.4952
-53.465
-53.4618
-53.469
-53.4808
-53.4953
-53.5117
-53.5295
-53.5488
-53.5697
-53.5922
-53.6165
-53.6428
-53.6714
-53.7024
-53.7367
-53.7752
-53.8174
-53.8665
-53.9253
-53.9919
-54.06
-54.1308
-54.2046
-54.2825
-54.3685
-54.4704
-54.5904
-54.7296
-54.8821
-55.0438
-55.2059
-55.3717
-55.5447
-55.728
-55.9321
-56.1675
-56.4332
-56.729
-57.0429
-57.3658
-57.6896
-58.0191
-56.0135
-53.5
-52.9573
-52.904
-52.9788
-53.0799
-53.177
-53.2625
-53.3364
-53.4006
-53.4574
-53.509
-53.5575
-53.6043
-53.6511
-53.6994
-53.7495
-53.8015
-53.8557
-53.9117
-53.9696
-54.0307
-54.0972
-54.1695
-54.2501
-54.3403
-54.4427
-54.5531
-54.6716
-54.7991
-54.933
-55.0735
-55.2246
-55.3891
-55.5672
-55.7627
-55.9822
-56.231
-56.4923
-56.7683
-57.0599
-57.3631
-57.6761
-58.0036
-58.3475
-58.7098
-59.0934
-59.5103
-59.9685
-60.4388
-60.9105
-61.3951
-61.885
-62.3739
-62.8616
-63.3511
-63.8417
-64.3316
-64.8375
-65.3642
-65.8997
-66.4116
-66.9045
-67.3834
-67.8456
-68.2846
-68.7035
-69.1011
-69.477
-69.8334
-70.1909
-70.544
-70.8823
-71.1902
-71.4722
-71.7367
-71.9832
-72.2125
-72.4237
-72.6157
-72.7889
-72.9485
-73.1057
-73.2572
-73.3998
-73.5255
-73.6369
-73.7387
-73.8308
-73.917
-73.9978
-74.0686
-74.1299
-74.1841
-74.2363
-74.2874
-74.3374
-74.3822
-74.4193
-74.4525
-74.4816
-74.5068
-74.5335
-74.5595
-74.5805
-74.5975
-74.6127
-74.6273
-74.6422
-74.6581
-74.6719
-74.6819
-74.6893
-74.6956
-74.7006
-74.7069
-74.7147
-74.7214
-74.7259
-74.7291
-74.7319
-74.7358
-74.7415
-74.7471
-74.7503
-74.7508
-74.7498
-74.7488
-74.7497
-74.751
-74.7517
-74.7539
-74.7557
-74.7565
-74.7562
-74.7571
-74.7606
-74.7639
-74.7645
-74.7624
-74.7599
-74.7572
-74.7547
-74.7538
-74.7514
-74.7507
-74.7509
-74.7523
-74.7524
-74.752
-74.7535
-74.7576
-74.7599
-74.7587
-74.756
-74.7546
-74.7528
-74.75
-74.7464
-74.7435
-74.7419
-74.741
-74.7419
-74.742
-74.7423
-74.7428
-74.7464
-74.7499
-74.7498
-74.7482
-74.747
-74.7456
-74.7432
-74.7395
-74.7338
-74.7296
-74.7266
-74.7254
-74.7272
-74.7278
-74.7268
-74.7267
-74.7296
-74.7337
-74.736
-74.7358
-74.7364
-74.7373
-74.736
-74.7338
-74.7298
-74.7235
-74.7165
-74.7124
-74.7117
-74.7126
-74.7136
-74.7133
-74.7119
-74.7116
-74.7157
-74.7198
-74.7218
-74.7226
-74.7241
-74.7238
-74.7227
-74.7205
-74.7163
-74.7093
-74.7019
-74.6964
-74.694
-74.6932
-74.6939
-74.6937
-74.6937
-74.6937
-74.6959
-74.6973
-74.701
-74.7051
-74.7075
-74.7098
-74.7123
-74.7112
-74.7081
-74.705
-74.6992
-74.6923
-74.6854
-74.6795
-74.6759
-74.6735
-74.6719
-74.6723
-74.6737
-74.6769
-74.6795
-74.6813
-74.6829
-74.6832
-74.6836
-74.6887
-74.693
-74.6948
-74.6937
-74.6899
-74.6845
-74.68
-74.6741
-74.6652
-74.6578
-74.652
-74.6475
-74.6454
-74.647
-74.647
-74.65
-74.6563
-74.6614
-74.6633
-74.6634
-74.6601
-74.6598
-74.6662
-74.6734
-74.6776
-74.6762
-74.672
-74.6694
-74.6667
-74.6604
-74.65
-74.6413
-74.6335
-74.6275
-74.6235
-74.6212
-74.62
-74.6195
-74.6235
-74.6298
-74.6351
-74.638
-74.6413
-74.642
-74.639
-74.6369
-74.6387
-74.641
-74.6445
-74.6484
-74.6469
-74.6423
-74.6391
-74.6354
-74.6291
-74.6218
-74.6129
-74.6041
-74.5958
-74.5908
-74.5885
-74.5878
-74.588
-74.5911
-74.5967
-74.601
-74.6037
-74.6036
-74.6052
-74.609
-74.6111
-74.6108
-74.6113
-74.6131
-74.6133
-74.6128
-74.6107
-74.6098
-74.609
-74.6065
-74.6012
-74.5975
-74.5925
-74.5878
-74.582
-74.5737
-74.5651
-74.5582
-74.5542
-74.5544
-74.5552
-74.5595
-74.5657
-74.5688
-74.5659
-74.5613
-74.5586
-74.559
-74.5614
-74.5657
-74.5745
-74.5799
-74.5823
-74.5852
-74.5825
-74.5753
-74.5665
-74.5604
-74.5554
-74.5491
-74.5463
-74.5424
-74.5396
-74.5399
-74.5387
-74.5309
-74.5246
-74.521
-74.5189
-74.52
-74.5192
-74.5164
-74.5152
-74.5138
-74.5126
-74.512
-74.5086
-74.5036
-74.4981
-74.496
-74.4991
-74.5034
-74.5069
-74.5117
-74.5176
-74.5242
-74.5274
-74.5311
-74.5318
-74.5295
-74.5243
-74.5196
-74.5109
-74.5001
-74.4893
-74.4789
-74.4691
-74.4587
-74.4512
-74.4535
-74.461
-74.4654
-74.4704
-74.4753
-74.478
-74.4765
-74.4716
-74.463
-74.4538
-74.4462
-74.4405
-74.4394
-74.4405
-74.438
-74.4355
-74.4346
-74.4306
-74.428
-74.4303
-74.4319
-74.4319
-74.4304
-74.4317
-74.4387
-74.4507
-74.4561
-74.4537
-74.4486
-74.4451
-74.4415
-74.4423
-74.4453
-74.4457
-74.4429
-74.4388
-74.43
-74.418
-74.4063
-74.3935
-74.3819
-74.3738
-74.371
-74.3658
-74.3575
-74.3573
-74.3682
-74.3818
-74.3932
-74.3991
-74.3972
-74.389
-74.3752
-74.3595
-74.3447
-74.3328
-74.3203
-74.3106
-74.2998
-74.29
-74.2882
-74.2899
-74.2935
-74.2993
-74.3052
-74.3074
-74.3055
-74.3056
-74.3088
-74.315
-74.326
-74.3349
-74.3335
-74.3242
-74.3141
-74.3079
-74.309
-74.3083
-74.3052
-74.3027
-74.3058
-74.3069
-74.3054
-74.2996
-74.2909
-74.283
-74.2804
-74.2834
-74.2869
-74.2937
-74.2953
-74.2915
-74.2835
-74.2743
-74.266
-74.2654
-74.2699
-74.2699
-74.2681
-74.2681
-74.2682
-74.2631
-74.2569
-74.2465
-74.2318
-74.2215
-74.2116
-74.1997
-74.1888
-74.1821
-74.1723
-74.1596
-74.1426
-74.1234
-74.1111
-74.1016
-74.0951
-74.0911
-74.09
-74.0902
-74.089
-74.0865
-74.08
-74.0757
-74.0729
-74.0749
-74.0798
-74.0829
-74.0899
-74.0951
-74.0986
-74.1018
-74.1007
-74.1005
-74.1094
-74.1201
-74.1273
-74.1305
-74.1277
-74.1235
-74.113
-74.0965
-74.0844
-74.0836
-74.0828
-74.0845
-74.0855
-74.0858
-74.09
-74.1027
-74.1127
-74.1154
-74.112
-74.1089
-74.1031
-74.0978
-74.0887
-74.0763
-74.0656
-74.0547
-74.0454
-74.034
-74.0248
-74.0201
-74.0193
-74.015
-74.0106
-74.0136
-74.0151
-74.0128
-74.0048
-73.9953
-73.9865
-73.9837
-73.9933
-74.0029
-74.0066
-74.0118
-74.0179
-74.019
-74.0192
-74.0274
-74.0374
-74.0439
-74.0459
-74.0422
-74.0379
-74.0327
-74.0279
-74.0196
-74.0085
-73.9924
-73.9761
-73.9629
-73.9518
-73.9374
-73.9181
-73.8985
-73.8791
-73.8567
-73.8312
-73.8033
-73.7738
-73.7431
-73.7157
-73.6916
-73.6713
-73.6577
-73.6474
-73.637
-73.6217
-73.6014
-73.5775
-73.5511
-73.5249
-73.5058
-73.4933
-73.4793
-73.4695
-73.4656
-73.4648
-73.4618
-73.4633
-73.4699
-73.4734
-73.4705
-73.4672
-73.4588
-73.4445
-73.4264
-73.4199
-73.4278
-73.4373
-73.4379
-73.4396
-73.4577
-73.4745
-73.4797
-73.4748
-73.4626
-73.449
-73.4384
-73.4329
-73.4336
-73.4298
-73.4245
-73.4184
-73.4068
-73.3903
-73.3699
-73.347
-73.3262
-73.311
-73.2941
-73.2738
-73.2509
-73.2325
-73.2184
-73.2018
-73.1817
-73.1591
-73.1346
-73.1088
-73.0842
-73.087
-73.0976
-73.0999
-73.0936
-73.0878
-73.0836
-73.0746
-73.0605
-73.0427
-73.0222
-73.0074
-72.9978
-72.9853
-72.9689
-72.9497
-72.9372
-72.9289
-72.9171
-72.9014
-72.8826
-72.8617
-72.8393
-72.8159
-72.7919
-72.7674
-72.7425
-72.7175
-72.6924
-72.6673
-72.6425
-72.6291
-72.6208
-72.6131
-72.614
-72.6125
-72.6053
-72.5933
-72.5781
-72.5606
-72.5416
-72.5215
-72.5006
-72.4793
-72.4577
-72.4474
-72.4441
-72.4377
-72.4271
-72.4132
-72.397
-72.3793
-72.3673
-72.3664
-72.3637
-72.3562
-72.345
-72.3309
-72.315
-72.2979
-72.2798
-72.2612
-72.2422
-72.2229
-72.2035
-72.1839
-72.1644
-72.1449
-72.1254
-72.106
-72.0867
-72.0676
-72.0486
-72.0297
-72.011
-71.9924
-71.9741
-71.9559
-71.9379
-71.92
-71.9024
-71.8849
-71.8677
-71.8506
-71.8337
-71.817
-71.8005
-71.7842
-71.768
-71.7521
-71.7363
-71.7208
-71.7054
-71.6901
-71.6751
-71.6603
-71.6456
-71.6311
-71.6167
-71.6026
-71.5886
-71.5748
-71.5611
-71.5476
-71.5343
-71.5212
-71.5082
-71.4953
-71.4827
-71.4701
-71.4578
-71.4456
-71.4335
-71.4216
-71.4098
-71.3982
-71.3867
-71.3754
-71.3642
-71.3532
-71.3422
-71.3315
-71.3209
-71.3104
-71.3
-71.2898
-71.2797
-71.2697
-71.2599
-71.2502
-71.2406
-71.2312
-71.2218
-71.2126
-71.2035
-71.1946
-71.1857
-71.177
-71.1683
-71.1598
-71.1514
-71.1431
-71.1349
-71.1268
-71.1189
-71.111
-71.1032
-71.0956
-71.088
-71.0806
-71.0732
-71.0659
-71.0588
-71.0517
-71.0447
-71.0379
-71.0311
-71.0244
-71.0178
-71.0113
-71.0048
-70.9985
-70.9922
-70.9861
-70.98
-70.974
-70.9681
-70.9622
-70.9565
-70.9508
-70.9452
-70.9397
-70.9342
-70.9289
-70.9236
-70.9183
-70.9132
-70.9081
-70.9031
-70.8982
-70.8933
-70.8885
-70.8838
-70.8792
-70.8746
-70.87
-70.8656
-70.8612
-70.8568
-70.8526
-70.8484
-70.8442
-70.8401
-70.8361
-70.8321
-70.8282
-70.8244
-70.8206
-70.8169
-70.8132
-70.8095
-70.806
-70.8024
-70.799
-70.7956
-70.7922
-70.7889
-70.7856
-70.7824
-70.7792
-70.7761
-70.7731
-70.77
-70.7671
-70.7641
-70.7612
-70.7584
-70.7556
-70.7529
-70.7502
-70.7475
-70.7449
-70.7423
-70.7398
-70.7373
-70.7348
-70.7324
-70.73
-70.7277
-70.7254
-70.7231
-70.7209
-70.7187
-70.7165
-70.7144
-70.7123
-70.7103
-70.7082
-70.7063
-70.7043
-70.7024
-70.7005
-70.6987
-70.6968
-70.6951
-70.6933
-70.6916
-70.6899
-70.6882
-70.6866
-70.685
-70.6834
-70.6818
-70.6803
-70.6788
-70.6773
-70.6759
-70.6745
-70.6731
-70.6717
-70.6704
-70.6691
-70.6678
-70.6665
-70.6653
-70.6641
-70.6629
-70.6617
-70.6605
-70.6594
-70.6583
-70.6572
-70.6562
-70.6551
-70.6541
-70.6531
-70.6521
-70.6512
-70.6502
-70.6493
-70.6484
-70.6475
-70.6466
-70.6458
-70.645
-70.6442
-70.6434
-70.6426
-70.6418
-70.6411
-70.6404
-70.6397
-70.639
-70.6383
-70.6376
-70.637
-70.6364
-70.6357
-70.6351
-70.6346
-70.634
-70.6334
-70.6329
-70.6323
-70.6318
-70.6313
-70.6308
-70.6304
-70.6299
-70.6294
-70.629
-70.6286
-70.6282
-70.6277
-70.6274
-70.627
-70.6266
-70.6262
-70.6259
-70.6256
-70.6252
-70.6249
-70.6246
-70.6243
-70.624
-70.6237
-70.6235
-70.6232
-70.623
-70.6227
-70.6225
-70.6223
-70.622
-70.6218
-70.6216
-70.6215
-70.6213
-70.6211
-70.6209
-70.6208
-70.6206
-70.6205
-70.6203
-70.6202
-70.6201
-70.62
-70.6199
-70.6198
-70.6197
-70.6196
-70.6195
-70.6194
-70.6194
-70.6193
-70.6192
-70.6192
-70.6191
-70.6191
-70.6191
-70.619
-70.619
-70.619
-70.619
-70.619
-70.619
-70.619
-70.619
-70.619
-70.619
-70.619
-70.619
-70.6191
-70.6191
-70.6191
-70.6192
-70.6192
-70.6193
-70.6193
-70.6194
-70.6194
-70.6195
-70.6196
-70.6196
-70.6197
-70.6198
-70.6199
-70.6199
-70.62
-70.6201
-70.6202
-70.6203
-70.6204
-70.6205
-70.6206
-70.6207
-70.6208
-70.6209
-70.621
-70.6211
-70.6213
-70.6214
-70.6215
-70.6216
-70.6217
-70.6219
-70.622
-70.6221
-70.6223
-70.6224
-70.6225
-70.6227
-70.6228
-70.623
-70.6231
-70.6233
-70.6234
-70.6236
-70.6237
-70.6239
-70.624
-70.6242
-70.6243
-70.6245
-70.6246
-70.6248
-70.6249
-70.6251
-70.6253
-70.6254
-70.6256
-70.6258
-70.6259
-70.6261
-70.6263
-70.6264
-70.6266
-70.6268
-70.6269
-70.6271
-70.6273
-70.6274
-70.6276
-70.6278
-70.628
-70.6281
-70.6283
-70.6285
-70.6287
-70.6288
-70.629
-70.6292
-70.6294
-70.6295
-70.6297
-70.6299
-70.6301
-70.6303
-70.6304
-70.6306
-70.6308
-70.631
-70.6311
-70.6313
-70.6315
-70.6317
-70.6319
-70.632
-70.6322
-70.6324
-70.6326
-70.6328
-70.6329
-70.6331
-70.6333
-70.6335
-70.6336
-70.6338
-70.634
-70.6342
-70.6344
-70.6345
-70.6347
-70.6349
-70.6351
-70.6352
-70.6354
-70.6356
-70.6358
-70.6359
-70.6361
-70.6363
-70.6365
-70.6366
-70.6368
-70.637
-70.6371
-70.6373
-70.6375
-70.6377
-70.6378
-70.638
-70.6382
-70.6383
-70.6385
-70.6387
-70.6388
-70.639
-70.6392
-70.6393
-70.6395
-70.6397
-70.6398
-70.64
-70.6401
-70.6403
-70.6405
-70.6406
-70.6408
-70.6409
-70.6411
-70.6413
-70.6414
-70.6416
-70.6417
-70.6419
-70.642
-70.6422
-70.6424
-70.6425
-70.6427
-70.6428
-70.643
-70.6431
-70.6433
-70.6434
-70.6436
-70.6437
-70.6439
-70.644
-70.6442
-70.6443
-70.6444
-70.6446

