-70
-70.2123
-70.2926
-70.3252
-70.3404
-70.3491
-70.3555
-70.3609
-70.3659
-70.3708
-70.3757
-70.3805
-70.3853
-70.39
-70.3948
-70.3995
-70.4042
-70.4088
-70.4134
-70.4179
-70.4224
-70.4269
-70.4313
-70.4357
-70.44
-70.4443
-70.4485
-70.4527
-70.4569
-70.461
-70.465
-70.469
-70.473
-70.4769
-70.4808
-70.4846
-70.4884
-70.4921
-70.4958
-70.4995
-70.5031
-70.5067
-70.5102
-70.5137
-70.5172
-70.5206
-70.524
-70.5273
-70.5306
-70.5339
-70.5371
-70.5403
-70.5434
-70.5465
-70.5496
-70.5526
-70.5556
-70.5586
-70.5615
-70.5644
-70.5673
-70.5701
-70.5729
-70.5757
-70.5784
-70.5811
-70.5838
-70.5864
-70.589
-70.5916
-70.5941
-70.5966
-70.5991
-70.6016
-70.604
-70.6064
-70.6087
-70.6111
-70.6134
-70.6157
-70.6179
-70.6201
-70.6223
-70.6245
-70.6266
-70.6287
-70.6308
-70.6329
-70.6349
-70.6369
-70.6389
-70.6409
-70.6428
-70.6448
-70.6466
-70.6485
-70.6503
-70.6522
-70.654
-70.6557
-70.6575
-70.6592
-70.6609
-70.6626
-70.6643
-70.6659
-70.6675
-70.6691
-70.6707
-70.6723
-70.6738
-70.6754
-70.6769
-70.6783
-70.6798
-70.6812
-70.6827
-70.6841
-70.6855
-70.6868
-70.6882
-70.6895
-70.6908
-70.6921
-70.6934
-70.6947
-70.6959
-70.6972
-70.6984
-70.6996
-70.7008
-70.702
-70.7031
-70.7042
-70.7054
-70.7065
-70.7076
-70.7087
-70.7097
-70.7108
-70.7118
-70.7128
-70.7138
-70.7148
-70.7158
-70.7168
-70.7177
-70.7187
-70.7196
-70.7205
-70.7214
-70.7223
-70.7232
-70.7241
-70.7249
-70.7258
-70.7266
-70.7274
-70.7282
-70.729
-70.7298
-70.7306
-70.7314
-70.7321
-70.7329
-70.7336
-70.7343
-70.735
-70.7357
-70.7364
-70.7371
-70.7378
-70.7384
-70.7391
-70.7397
-70.7404
-70.741
-70.7416
-70.7422
-70.7428
-70.7434
-70.744
-70.7446
-70.7451
-70.7457
-70.7462
-70.7468
-70.7473
-70.7478
-70.7484
-70.7489
-70.7494
-70.7499
-70.7504
-70.7508
-70.7513
-70.7518
-70.7522
-70.7527
-70.7531
-70.7536
-70.754
-70.7544
-70.7549
-70.7553
-70.7557
-70.7561
-70.7565
-70.7569
-70.7573
-70.7576
-70.758
-70.7584
-70.7587
-70.7591
-70.7594
-70.7598
-70.7601
-70.7605
-70.7608
-70.7611
-70.7614
-70.7617
-70.7621
-70.7624
-70.7627
-70.763
-70.7632
-70.7635
-70.7638
-70.7641
-70.7644
-70.7646
-70.7649
-70.7651
-70.7654
-70.7656
-70.7659
-70.7661
-70.7664
-70.7666
-70.7668
-70.7671
-70.7673
-70.7675
-70.7677
-70.7679
-70.7681
-70.7684
-70.7686
-70.7688
-70.769
-70.7691
-70.7693
-70.7695
-70.7697
-70.7699
-70.7701
-70.7702
-70.7704
-70.7706
-70.7707
-70.7709
-70.7711
-70.7712
-70.7714
-70.7715
-70.7717
-70.7718
-70.772
-70.7721
-70.7722
-70.7724
-70.7725
-70.7726
-70.7728
-70.7729
-70.773
-70.7731
-70.7733
-70.7734
-70.7735
-70.7736
-70.7737
-70.7738
-70.7739
-70.774
-70.7741
-70.7742
-70.7743
-70.7744
-70.7745
-70.7746
-70.7747
-70.7748
-70.7749
-70.775
-70.7751
-70.7751
-70.7752
-70.7753
-70.7754
-70.7755
-70.7755
-70.7756
-70.7757
-70.7758
-70.7758
-70.7759
-70.776
-70.776
-70.7761
-70.7762
-70.7762
-70.7763
-70.7763
-70.7764
-70.7765
-70.7765
-70.7766
-70.7766
-70.7767
-70.7767
-70.7768
-70.7768
-70.7769
-70.7769
-70.777
-70.777
-70.7771
-70.7771
-70.7771
-70.7772
-70.7772
-70.7773
-70.7773
-70.7773
-70.7774
-70.7774
-70.7774
-70.7775
-70.7775
-70.7775
-70.7776
-70.7776
-70.7776
-70.7777
-70.7777
-70.7777
-70.7777
-70.7778
-70.7778
-70.7778
-70.7778
-70.7779
-70.7779
-70.7779
-70.7779
-70.778
-70.778
-70.778
-70.778
-70.778
-70.7781
-70.7781
-70.7781
-70.7781
-70.7781
-70.7781
-70.7782
-70.7782
-70.7782
-70.7782
-70.7782
-70.7782
-70.7782
-70.7783
-70.7783
-70.7783
-70.7783
-70.7783
-70.7783
-70.7783
-70.7783
-70.7783
-70.7783
-70.7784
-70.7784
-70.7784
-70.7784
-70.7784
-70.7784
-70.7784
-70.7784
-70.7784
-70.7784
-70.7784
-70.7784
-70.7784
-70.7784
-70.7784
-70.7784
-70.7784
-70.7784
-70.7784
-70.7785
-70.7785
-70.7785
-70.7785
-70.7785
-70.7785
-70.7785
-70.7785
-70.7785
-70.7785
-70.7785
-70.7785
-70.7785
-70.7785
-70.7785
-70.7785
-70.7785
-70.7785
-70.7785
-70.7785
-70.7785
-70.7785
-70.7785
-70.7785
-70.7785
-70.7785
-70.7785
-70.7785
-70.7785
-70.7785
-70.7785
-70.7784
-70.7784
-70.7784
-70.7784
-70.7784
-70.7784
-70.7784
-70.7784
-70.7784
-70.7784
-70.7784
-70.7784
-70.7784
-70.7784
-70.7784
-70.7784
-60.6127
-53.0646
-50.5313
-48.1904
-39.6131
-14.1985
-52.1337
-70.33
-69.2955
-68.0174
-66.6741
-65.3008
-63.9342
-62.6102
-61.3609
-60.2116
-59.1792
-58.2727
-57.4931
-56.8362
-56.2957
-55.8841
-55.6276
-55.4982
-55.429
-55.328
-54.557
-54.2116
-54.0701
-54.0099
-53.9844
-53.9746
-53.9727
-53.9755
-53.9808
-53.9875
-53.9953
-54.004
-54.0134
-54.0237
-54.0349
-54.0476
-54.0585
-54.034
-53.9993
-53.9756
-53.9691
-53.9706
-53.9752
-53.9786
-53.9783
-53.9733
-53.9712
-53.9722
-53.9748
-53.978
-53.979
-53.9777
-53.9757
-53.9757
-53.977
-53.9791
-53.9816
-53.9826
-53.9822
-53.98
-53.9791
-53.9795
-53.9808
-53.9825
-53.9844
-53.9864
-53.9863
-53.9851
-53.9826
-53.9814
-53.9815
-53.9823
-53.9836
-53.9852
-53.9869
-53.9887
-53.9907
-53.9904
-53.989
-53.9865
-53.9838
-53.9823
-53.9822
-53.9828
-53.9838
-53.985
-53.9863
-53.9878
-53.9893
-53.9909
-53.9925
-53.9941
-53.9956
-53.9966
-53.9922
-53.9882
-53.9833
-53.9802
-53.9781
-53.9757
-53.9739
-53.9719
-53.9684
-53.96
-53.9033
-53.742
-53.7565
-53.8035
-53.8408
-53.8652
-53.8801
-53.8889
-53.8939
-53.897
-53.8995
-53.9022
-53.906
-53.9114
-53.9191
-53.9301
-53.9472
-53.9747
-53.9898
-53.9968
-53.999
-54.0005
-54.0027
-54.0061
-54.007
-54.0053
-54.0056
-54.0076
-54.011
-54.0155
-54.021
-54.0273
-54.0344
-54.0424
-54.0513
-54.0611
-54.0719
-54.0839
-54.097
-54.1114
-54.1271
-54.1444
-54.1632
-54.1839
-54.2064
-54.2308
-54.2574
-54.2863
-54.3179
-54.3524
-54.3899
-54.4307
-54.4751
-54.1812
-54.0461
-54.0121
-53.9919
-53.9801
-53.9827
-53.9912
-54.0014
-54.0118
-54.022
-54.0251
-54.0156
-54.0115
-54.0123
-54.0156
-54.0203
-54.0259
-54.032
-54.0386
-54.0458
-54.0534
-54.0617
-54.0706
-54.0802
-54.0906
-54.1019
-54.1141
-54.1274
-54.1424
-54.1593
-54.1776
-54.1971
-54.218
-54.2406
-54.265
-54.2915
-54.3203
-54.3516
-54.3859
-54.4249
-54.467
-54.512
-54.5602
-54.1429
-53.9897
-53.9596
-53.9661
-53.9633
-53.9624
-53.9687
-53.9777
-53.987
-53.9958
-54.0041
-54.0119
-54.0194
-54.0267
-54.03
-54.0146
-54.0059
-54.0039
-54.0054
-54.0085
-54.0125
-54.0171
-54.0221
-54.0276
-54.0334
-54.0398
-54.0466
-54.054
-54.0626
-54.0721
-54.0823
-54.0931
-54.1047
-54.1174
-54.1311
-54.146
-54.1622
-54.1799
-54.1992
-54.2207
-54.2458
-54.2728
-54.3013
-54.3318
-54.3646
-54.4001
-54.4384
-54.4799
-54.5248
-54.5733
-54.6256
-54.6861
-54.231
-53.9584
-53.9071
-53.9148
-53.9354
-53.9564
-53.9596
-53.9603
-53.9652
-53.9716
-53.978
-53.9839
-53.9895
-53.9944
-53.9986
-54.0022
-54.0053
-54.0079
-54.0097
-54.0107
-54.0105
-54.0087
-54.0005
-53.9802
-53.9686
-53.9587
-53.9385
-53.796
-53.5055
-53.5425
-53.6373
-53.7113
-53.7592
-53.7886
-53.8075
-53.8191
-53.8265
-53.8327
-53.8396
-53.8488
-53.9136
-53.9635
-53.9823
-53.9903
-53.9964
-54.0039
-54.0116
-54.0116
-54.0113
-54.0129
-54.0163
-54.0216
-54.0282
-54.0361
-54.0451
-54.0553
-54.067
-54.0802
-54.0948
-54.1108
-54.1284
-54.1478
-54.1691
-54.1925
-54.218
-54.2469
-54.2807
-54.3231
-54.3719
-54.4234
-54.476
-54.529
-54.5844
-54.644
-54.7088
-54.7845
-54.8766
-54.9825
-55.0997
-55.2212
-55.3447
-55.472
-55.6064
-55.7509
-55.9071
-56.0815
-56.2874
-56.5187
-56.7724
-57.0342
-57.2978
-55.2268
-53.8335
-53.5817
-53.6192
-53.7174
-53.815
-53.8986
-53.9683
-54.0266
-54.0757
-54.1186
-54.1573
-54.1936
-54.2293
-54.2648
-54.303
-54.3444
-54.39
-54.4394
-54.4915
-54.5457
-54.6028
-54.6637
-54.73
-54.8019
-54.8817
-54.9742
-55.0789
-55.1966
-55.324
-55.4587
-55.5989
-55.7459
-55.9024
-56.0701
-56.2508
-56.451
-56.6756
-56.9276
-57.2021
-57.4919
-57.7946
-58.1059
-58.4254
-58.7573
-59.1015
-59.4605
-59.8423
-60.2543
-60.7047
-61.1781
-61.6586
-62.1431
-62.6293
-63.1129
-63.5922
-64.0662
-64.539
-65.0147
-65.4949
-65.9936
-66.5024
-67.0007
-67.4778
-67.9345
-68.3734
-68.7897
-69.182
-69.5499
-69.8999
-70.2321
-70.5572
-70.8804
-71.1909
-71.4832
-71.7515
-71.998
-72.2271
-72.4383
-72.6286
-72.8013
-72.9606
-73.1057
-73.244
-73.3801
-73.5064
-73.6237
-73.731
-73.8248
-73.9099
-73.9875
-74.0573
-74.1182
-74.1741
-74.2245
-74.2702
-74.3172
-74.3624
-74.402
-74.4391
-74.4731
-74.5001
-74.5242
-74.5458
-74.5648
-74.582
-74.5968
-74.6103
-74.6231
-74.6377
-74.6515
-74.6622
-74.673
-74.6839
-74.6918
-74.6959
-74.7003
-74.7035
-74.708
-74.7125
-74.715
-74.7172
-74.7221
-74.7282
-74.7317
-74.7345
-74.7378
-74.7404
-74.7414
-74.7392
-74.7373
-74.7367
-74.7362
-74.7364
-74.7356
-74.7337
-74.7357
-74.7408
-74.7432
-74.744
-74.7446
-74.7451
-74.745
-74.7434
-74.7396
-74.7379
-74.737
-74.735
-74.7333
-74.7309
-74.7298
-74.732
-74.7366
-74.7391
-74.7388
-74.738
-74.7388
-74.7372
-74.734
-74.7313
-74.728
-74.7271
-74.725
-74.721
-74.7181
-74.7167
-74.7182
-74.7225
-74.7245
-74.7253
-74.7263
-74.7274
-74.7279
-74.7257
-74.7226
-74.7217
-74.7195
-74.7172
-74.7148
-74.7106
-74.7064
-74.7046
-74.7056
-74.7082
-74.7105
-74.7105
-74.7091
-74.7099
-74.7107
-74.7116
-74.711
-74.707
-74.7073
-74.707
-74.7039
-74.701
-74.697
-74.6939
-74.6902
-74.6888
-74.6906
-74.6931
-74.6955
-74.6951
-74.6928
-74.6922
-74.6945
-74.6984
-74.6991
-74.6956
-74.6936
-74.6956
-74.6933
-74.6892
-74.6869
-74.6833
-74.6775
-74.6728
-74.6707
-74.6714
-74.6736
-74.6734
-74.6715
-74.6694
-74.6716
-74.6738
-74.6775
-74.681
-74.6816
-74.6796
-74.6792
-74.6784
-74.6745
-74.6715
-74.6694
-74.6652
-74.6592
-74.6554
-74.6544
-74.6532
-74.6528
-74.6526
-74.6495
-74.6487
-74.6519
-74.6544
-74.6577
-74.6625
-74.6664
-74.6687
-74.6666
-74.661
-74.6573
-74.6547
-74.6514
-74.6484
-74.6458
-74.6402
-74.6345
-74.6305
-74.6279
-74.6266
-74.6254
-74.6238
-74.6235
-74.6217
-74.6235
-74.6291
-74.6346
-74.6413
-74.6481
-74.6496
-74.6453
-74.6381
-74.6309
-74.6268
-74.6269
-74.6252
-74.6236
-74.6205
-74.6173
-74.6153
-74.6117
-74.6049
-74.6027
-74.6044
-74.6041
-74.6016
-74.5974
-74.5976
-74.6017
-74.6042
-74.6067
-74.6165
-74.6262
-74.6272
-74.6219
-74.6151
-74.6068
-74.5988
-74.5941
-74.5914
-74.5893
-74.5867
-74.5828
-74.5797
-74.5787
-74.5781
-74.578
-74.5789
-74.5789
-74.5766
-74.5736
-74.5707
-74.5674
-74.5653
-74.5642
-74.5657
-74.5724
-74.5796
-74.5823
-74.5838
-74.5849
-74.5851
-74.5816
-74.5756
-74.5682
-74.5601
-74.5513
-74.5457
-74.5432
-74.5406
-74.5355
-74.5326
-74.5382
-74.5468
-74.5523
-74.5547
-74.5581
-74.5564
-74.551
-74.5411
-74.5307
-74.527
-74.5259
-74.5259
-74.5297
-74.5356
-74.5373
-74.5351
-74.5325
-74.5322
-74.5344
-74.5355
-74.534
-74.5308
-74.5273
-74.5211
-74.5135
-74.5064
-74.499
-74.4895
-74.4808
-74.4742
-74.4714
-74.4738
-74.4802
-74.4911
-74.5021
-74.5075
-74.5112
-74.5114
-74.5046
-74.4967
-74.491
-74.4836
-74.4725
-74.4624
-74.4601
-74.4628
-74.4687
-74.4762
-74.4798
-74.4781
-74.4728
-74.466
-74.4636
-74.4621
-74.4612
-74.4624
-74.4649
-74.4619
-74.4533
-74.4435
-74.4347
-74.431
-74.4324
-74.4311
-74.4272
-74.4226
-74.4201
-74.4149
-74.4102
-74.4081
-74.4125
-74.4159
-74.4173
-74.4179
-74.4246
-74.4335
-74.4402
-74.4406
-74.4375
-74.4316
-74.4221
-74.415
-74.4087
-74.4033
-74.3973
-74.39
-74.3865
-74.3883
-74.3873
-74.3822
-74.3796
-74.3795
-74.3784
-74.3744
-74.372
-74.3729
-74.3711
-74.3697
-74.3659
-74.3675
-74.3696
-74.3671
-74.3642
-74.3613
-74.3614
-74.3576
-74.3469
-74.337
-74.3313
-74.3254
-74.3176
-74.309
-74.3039
-74.3038
-74.3049
-74.3068
-74.308
-74.3038
-74.296
-74.2942
-74.2992
-74.3011
-74.2982
-74.2954
-74.2969
-74.3028
-74.3041
-74.3042
-74.304
-74.3044
-74.3001
-74.2943
-74.2887
-74.2828
-74.2785
-74.2723
-74.2595
-74.2417
-74.2287
-74.2265
-74.2247
-74.2206
-74.215
-74.2087
-74.2016
-74.1911
-74.1776
-74.1746
-74.187
-74.2026
-74.215
-74.2195
-74.2215
-74.2267
-74.2356
-74.2429
-74.2477
-74.2477
-74.2452
-74.2415
-74.2369
-74.2292
-74.217
-74.1994
-74.1798
-74.1633
-74.15
-74.1427
-74.1358
-74.1261
-74.1194
-74.1103
-74.0977
-74.0864
-74.075
-74.0645
-74.0664
-74.0755
-74.0806
-74.0801
-74.0787
-74.0793
-74.0836
-74.0909
-74.0969
-74.0996
-74.0982
-74.0963
-74.1034
-74.1131
-74.1152
-74.1174
-74.1151
-74.1048
-74.0886
-74.0754
-74.0757
-74.0858
-74.0916
-74.0898
-74.0831
-74.0712
-74.0576
-74.0492
-74.0471
-74.0405
-74.0272
-74.0124
-73.9958
-73.9858
-73.9811
-73.9745
-73.9658
-73.959
-73.9645
-73.9734
-73.9778
-73.9769
-73.9762
-73.9743
-73.9684
-73.9613
-73.9566
-73.9558
-73.9568
-73.9515
-73.9406
-73.9331
-73.9224
-73.9125
-73.9041
-73.8914
-73.8818
-73.8788
-73.8769
-73.8709
-73.8655
-73.8682
-73.8677
-73.8606
-73.8601
-73.875
-73.8971
-73.9191
-73.9357
-73.953
-73.9644
-73.9648
-73.9613
-73.957
-73.9471
-73.9343
-73.9205
-73.9064
-73.8956
-73.8895
-73.8792
-73.8662
-73.8526
-73.8347
-73.8129
-73.7881
-73.7612
-73.7339
-73.7139
-73.7031
-73.6939
-73.6796
-73.6604
-73.6373
-73.6122
-73.5968
-73.5864
-73.5768
-73.5667
-73.5518
-73.5322
-73.5094
-73.4847
-73.4665
-73.4567
-73.4492
-73.4431
-73.4375
-73.4312
-73.4195
-73.4043
-73.3939
-73.3965
-73.4
-73.4003
-73.4
-73.401
-73.401
-73.4007
-73.4041
-73.4206
-73.4306
-73.4301
-73.4213
-73.4098
-73.4019
-73.3989
-73.4092
-73.4215
-73.4397
-73.4505
-73.4534
-73.4547
-73.4497
-73.4404
-73.4337
-73.4236
-73.4088
-73.3901
-73.3686
-73.3452
-73.3204
-73.2945
-73.2679
-73.2407
-73.2132
-73.1853
-73.1572
-73.1298
-73.1196
-73.1172
-73.11
-73.1007
-73.0985
-73.1022
-73.1011
-73.093
-73.0834
-73.0798
-73.0826
-73.0832
-73.0771
-73.0751
-73.0853
-73.0903
-73.087
-73.0772
-73.0628
-73.0452
-73.0254
-73.004
-72.9815
-72.9582
-72.9343
-72.91
-72.8854
-72.8605
-72.8356
-72.8106
-72.7856
-72.7606
-72.7357
-72.7109
-72.6863
-72.6618
-72.6374
-72.6133
-72.5893
-72.5655
-72.542
-72.5187
-72.4956
-72.4727
-72.45
-72.4276
-72.4054
-72.3835
-72.3618
-72.3404
-72.3192
-72.2982
-72.2775
-72.2571
-72.2368
-72.2168
-72.1971
-72.1775
-72.1582
-72.1392
-72.1203
-72.1017
-72.0833
-72.0652
-72.0472
-72.0295
-72.012
-71.9947
-71.9776
-71.9607
-71.944
-71.9275
-71.9113
-71.8952
-71.8793
-71.8637
-71.8607
-71.8689
-71.874
-71.8737
-71.8693
-71.862
-71.8527
-71.8421
-71.8306
-71.8186
-71.8061
-71.7934
-71.7805
-71.7675
-71.7544
-71.7413
-71.7283
-71.7153
-71.7024
-71.6896
-71.6768
-71.6642
-71.6517
-71.6393
-71.627
-71.6149
-71.6029
-71.591
-71.5792
-71.5676
-71.5561
-71.5448
-71.5336
-71.5225
-71.5116
-71.5008
-71.4901
-71.4796
-71.4692
-71.4589
-71.4488
-71.4388
-71.4289
-71.4192
-71.4096
-71.4001
-71.3907
-71.3814
-71.3723
-71.3633
-71.3544
-71.3456
-71.337
-71.3284
-71.32
-71.3117
-71.3035
-71.2954
-71.2874
-71.2796
-71.2718
-71.2642
-71.2566
-71.2492
-71.2418
-71.2346
-71.2274
-71.2204
-71.2134
-71.2066
-71.1998
-71.1931
-71.1865
-71.18
-71.1736
-71.1673
-71.1611
-71.155
-71.1489
-71.1429
-71.137
-71.1312
-71.1255
-71.1199
-71.1143
-71.1088
-71.1034
-71.0981
-71.0928
-71.0876
-71.0825
-71.0775
-71.0725
-71.0676
-71.0628
-71.058
-71.0533
-71.0487
-71.0441
-71.0396
-71.0352
-71.0308
-71.0265
-71.0223
-71.0181
-71.014
-71.0099
-71.0059
-71.002
-70.9981
-70.9943
-70.9905
-70.9868
-70.9831
-70.9795
-70.976
-70.9725
-70.969
-70.9656
-70.9623
-70.959
-70.9557
-70.9525
-70.9494
-70.9463
-70.9432
-70.9402
-70.9372
-70.9343
-70.9314
-70.9286
-70.9258
-70.923
-70.9203
-70.9177
-70.915
-70.9124
-70.9099
-70.9074
-70.9049
-70.9025
-70.9001
-70.8978
-70.8954
-70.8932
-70.8909
-70.8887
-70.8865
-70.8844
-70.8823
-70.8802
-70.8781
-70.8761
-70.8742
-70.8722
-70.8703
-70.8684
-70.8666
-70.8647
-70.8629
-70.8612
-70.8594
-70.8577
-70.856
-70.8544
-70.8527
-70.8511
-70.8496
-70.848
-70.8465
-70.845
-70.8435
-70.8421
-70.8407
-70.8392
-70.8379
-70.8365
-70.8352
-70.8339
-70.8326
-70.8313
-70.8301
-70.8288
-70.8276
-70.8265
-70.8253
-70.8242
-70.823
-70.8219
-70.8209
-70.8198
-70.8187
-70.8177
-70.8167
-70.8157
-70.8147
-70.8138
-70.8128
-70.8119
-70.811
-70.8101
-70.8092
-70.8084
-70.8075
-70.8067
-70.8059
-70.8051
-70.8043
-70.8035
-70.8028
-70.802
-70.8013
-70.8006
-70.7999
-70.7992
-70.7985
-70.7979
-70.7972
-70.7966
-70.796
-70.7953
-70.7947
-70.7942
-70.7936
-70.793
-70.7924
-70.7919
-70.7914
-70.7908
-70.7903
-70.7898
-70.7893
-70.7888
-70.7884
-70.7879
-70.7875
-70.787
-70.7866
-70.7861
-70.7857
-70.7853
-70.7849
-70.7845
-70.7841
-70.7838
-70.7834
-70.783
-70.7827
-70.7823
-70.782
-70.7817
-70.7813
-70.781
-70.7807
-70.7804
-70.7801
-70.7798
-70.7795
-70.7793
-70.779
-70.7787
-70.7785
-70.7782
-70.778
-70.7777
-70.7775
-70.7773
-70.777
-70.7768
-70.7766
-70.7764
-70.7762
-70.776
-70.7758
-70.7756
-70.7754
-70.7753
-70.7751
-70.7749
-70.7748
-70.7746
-70.7744
-70.7743
-70.7742
-70.774
-70.7739
-70.7737
-70.7736
-70.7735
-70.7734
-70.7732
-70.7731
-70.773
-70.7729
-70.7728
-70.7727
-70.7726
-70.7725
-70.7724
-70.7723
-70.7722
-70.7721
-70.7721
-70.772
-70.7719
-70.7718
-70.7718
-70.7717
-70.7716
-70.7716
-70.7715
-70.7714
-70.7714
-70.7713
-70.7713
-70.7712
-70.7712
-70.7711
-70.7711
-70.7711
-70.771
-70.771
-70.771
-70.7709
-70.7709
-70.7709
-70.7708
-70.7708
-70.7708
-70.7708
-70.7708
-70.7707
-70.7707
-70.7707
-70.7707
-70.7707
-70.7707
-70.7707
-70.7706
-70.7706
-70.7706
-70.7706
-70.7706
-70.7706
-70.7706
-70.7706
-70.7706
-70.7706
-70.7706
-70.7706
-70.7706
-70.7707
-70.7707
-70.7707
-70.7707
-70.7707
-70.7707
-70.7707
-70.7707
-70.7707
-70.7708
-70.7708
-70.7708
-70.7708
-70.7708
-70.7708
-70.7709
-70.7709
-70.7709
-70.7709
-70.7709
-70.771
-70.771
-70.771
-70.771
-70.7711
-70.7711
-70.7711
-70.7711
-70.7712
-70.7712
-70.7712
-70.7712
-70.7713
-70.7713
-70.7713
-70.7714
-70.7714
-70.7714
-70.7714
-70.7715
-70.7715
-70.7715
-70.7716
-70.7716
-70.7716
-70.7717
-70.7717
-70.7717
-70.7717
-70.7718
-70.7718
-70.7718
-70.7719
-70.7719
-70.7719
-70.772
-70.772
-70.772
-70.7721
-70.7721
-70.7721
-70.7722
-70.7722
-70.7722
-70.7723
-70.7723
-70.7723
-70.7724
-70.7724
-70.7724
-70.7725
-70.7725
-70.7726
-70.7726
-70.7726
-70.7727
-70.7727
-70.7727
-70.7728
-70.7728
-70.7728
-70.7729
-70.7729
-70.7729
-70.773
-70.773
-70.773
-70.7731
-70.7731
-70.7731
-70.7732
-70.7732
-70.7732
-70.7733
-70.7733
-70.7733
-70.7734
-70.7734
-70.7734
-70.7735
-70.7735
-70.7735
-70.7736
-70.7736
-70.7736
-70.7736
-70.7737
-70.7737
-70.7737
-70.7738
-70.7738
-70.7738
-70.7739

