-70
-70.1661
-70.23
-70.2566
-70.2695
-70.2773
-70.283
-70.2879
-70.2925
-70.297
-70.3014
-70.3057
-70.31
-70.3142
-70.3185
-70.3226
-70.3268
-70.3309
-70.335
-70.3391
-70.3431
-70.3471
-70.351
-70.3549
-70.3588
-70.3626
-70.3664
-70.3701
-70.3738
-70.3775
-70.3811
-70.3847
-70.3883
-70.3918
-70.3953
-70.3987
-70.4021
-70.4055
-70.4088
-70.4121
-70.4154
-70.4186
-70.4218
-70.4249
-70.428
-70.4311
-70.4341
-70.4372
-70.4401
-70.4431
-70.446
-70.4489
-70.4517
-70.4545
-70.4573
-70.4601
-70.4628
-70.4655
-70.4682
-70.4708
-70.4734
-70.476
-70.4785
-70.481
-70.4835
-70.486
-70.4884
-70.4908
-70.4932
-70.4955
-70.4978
-70.5001
-70.5024
-70.5046
-70.5068
-70.509
-70.5112
-70.5133
-70.5154
-70.5175
-70.5196
-70.5216
-70.5236
-70.5256
-70.5276
-70.5295
-70.5315
-70.5334
-70.5352
-70.5371
-70.5389
-70.5407
-70.5425
-70.5443
-70.5461
-70.5478
-70.5495
-70.5512
-70.5528
-70.5545
-70.5561
-70.5577
-70.5593
-70.5609
-70.5624
-70.5639
-70.5655
-70.5669
-70.5684
-70.5699
-70.5713
-70.5727
-70.5741
-70.5755
-70.5769
-70.5782
-70.5796
-70.5809
-70.5822
-70.5835
-70.5848
-70.586
-70.5873
-70.5885
-70.5897
-70.5909
-70.5921
-70.5932
-70.5944
-70.5955
-70.5966
-70.5977
-70.5988
-70.5999
-70.601
-70.602
-70.603
-70.6041
-70.6051
-70.6061
-70.6071
-70.608
-70.609
-70.6099
-70.6109
-70.6118
-70.6127
-70.6136
-70.6145
-70.6154
-70.6162
-70.6171
-70.6179
-70.6187
-70.6196
-70.6204
-70.6212
-70.622
-70.6227
-70.6235
-70.6242
-70.625
-70.6257
-70.6265
-70.6272
-70.6279
-70.6286
-70.6293
-70.6299
-70.6306
-70.6313
-70.6319
-70.6325
-70.6332
-70.6338
-70.6344
-70.635
-70.6356
-70.6362
-70.6368
-70.6374
-70.6379
-70.6385
-70.639
-70.6396
-70.6401
-70.6406
-70.6411
-70.6417
-70.6422
-70.6427
-70.6431
-70.6436
-70.6441
-70.6446
-70.645
-70.6455
-70.6459
-70.6464
-70.6468
-70.6472
-70.6476
-70.6481
-70.6485
-70.6489
-70.6493
-70.6497
-70.65
-70.6504
-70.6508
-70.6512
-70.6515
-70.6519
-70.6522
-70.6526
-70.6529
-70.6533
-70.6536
-70.6539
-70.6542
-70.6545
-70.6549
-70.6552
-70.6555
-70.6558
-70.656
-70.6563
-70.6566
-70.6569
-70.6572
-70.6574
-70.6577
-70.658
-70.6582
-70.6585
-70.6587
-70.6589
-70.6592
-70.6594
-70.6597
-70.6599
-70.6601
-70.6603
-70.6605
-70.6607
-70.661
-70.6612
-70.6614
-70.6616
-70.6617
-70.6619
-70.6621
-70.6623
-70.6625
-70.6627
-70.6628
-70.663
-70.6632
-70.6633
-70.6635
-70.6637
-70.6638
-70.664
-70.6641
-70.6643
-70.6644
-70.6646
-70.6647
-70.6648
-70.665
-70.6651
-70.6652
-70.6653
-70.6655
-70.6656
-70.6657
-70.6658
-70.6659
-70.666
-70.6662
-70.6663
-70.6664
-70.6665
-70.6666
-70.6667
-70.6668
-70.6669
-70.667
-70.667
-70.6671
-70.6672
-70.6673
-70.6674
-70.6675
-70.6675
-70.6676
-70.6677
-70.6678
-70.6678
-70.6679
-70.668
-70.668
-70.6681
-70.6682
-70.6682
-70.6683
-70.6683
-70.6684
-70.6685
-70.6685
-70.6686
-70.6686
-70.6687
-70.6687
-70.6688
-70.6688
-70.6688
-70.6689
-70.6689
-70.669
-70.669
-70.669
-70.6691
-70.6691
-70.6691
-70.6692
-70.6692
-70.6692
-70.6693
-70.6693
-70.6693
-70.6694
-70.6694
-70.6694
-70.6694
-70.6694
-70.6695
-70.6695
-70.6695
-70.6695
-70.6695
-70.6696
-70.6696
-70.6696
-70.6696
-70.6696
-70.6696
-70.6696
-70.6697
-70.6697
-70.6697
-70.6697
-70.6697
-70.6697
-70.6697
-70.6697
-70.6697
-70.6697
-70.6697
-70.6697
-70.6697
-70.6697
-70.6697
-70.6697
-70.6697
-70.6697
-70.6697
-70.6697
-70.6697
-70.6697
-70.6697
-70.6697
-70.6697
-70.6697
-70.6697
-70.6697
-70.6697
-70.6697
-70.6697
-70.6697
-70.6697
-70.6697
-70.6697
-70.6696
-70.6696
-70.6696
-70.6696
-70.6696
-70.6696
-70.6696
-70.6696
-70.6696
-70.6695
-70.6695
-70.6695
-70.6695
-70.6695
-70.6695
-70.6695
-70.6695
-70.6694
-70.6694
-70.6694
-70.6694
-70.6694
-70.6694
-70.6693
-70.6693
-70.6693
-70.6693
-70.6693
-70.6693
-70.6693
-70.6692
-70.6692
-70.6692
-70.6692
-70.6692
-70.6691
-70.6691
-70.6691
-70.6691
-70.6691
-70.6691
-70.669
-70.669
-70.669
-70.669
-70.669
-70.6689
-70.6689
-70.6689
-70.6689
-70.6689
-70.6688
-70.6688
-70.6688
-70.6688
-70.6688
-70.6687
-70.6687
-70.6687
-70.6687
-70.6686
-70.6686
-70.6686
-70.6686
-70.6686
-70.6685
-70.6685
-70.6685
-70.6685
-70.6685
-70.6684
-70.6684
-70.6684
-70.6684
-70.6684
-70.6683
-70.6683
-70.6683
-70.6683
-70.6682
-70.6682
-70.6682
-70.6682
-70.6682
-70.6681
-70.6681
-70.6681
-70.6681
-70.6681
-70.6716
-70.8818
-71.6093
-72.4792
-73.2677
-73.8093
-74.0918
-74.2259
-74.2899
-74.3211
-74.3421
-74.3818
-74.4404
-74.5074
-74.5717
-74.6164
-74.6379
-74.644
-74.6418
-74.6349
-74.6261
-74.6291
-74.6496
-74.6794
-74.7119
-74.7344
-74.7423
-74.7403
-74.7325
-74.7216
-74.7087
-74.6939
-74.6782
-74.6611
-74.6425
-74.6224
-74.6011
-74.5785
-74.5545
-74.5292
-74.5028
-74.4754
-74.447
-74.4178
-74.3877
-74.3569
-74.3254
-74.2934
-74.2608
-74.2278
-74.1943
-74.1606
-74.1266
-74.0924
-74.058
-74.0235
-73.989
-73.9544
-73.9198
-73.8853
-73.8508
-73.8164
-73.7822
-73.7481
-73.7142
-73.6804
-73.6469
-73.6135
-73.5804
-73.5475
-73.5149
-73.4825
-73.4504
-73.4185
-73.3869
-73.3556
-73.3246
-73.2938
-73.2633
-73.2331
-73.2032
-73.1735
-73.1442
-73.1151
-73.0863
-73.0578
-73.0296
-73.0016
-72.9739
-72.9465
-72.9194
-72.8925
-72.8659
-72.8396
-72.8135
-72.7877
-72.7622
-72.7369
-72.7119
-72.6872
-72.6627
-72.6384
-72.6144
-72.5907
-72.5672
-72.544
-72.521
-72.4982
-72.4757
-72.4534
-72.4313
-72.4095
-72.3879
-72.3666
-72.3455
-72.3246
-72.3039
-72.2835
-72.2633
-72.2433
-72.2235
-72.2039
-72.1845
-72.1654
-72.1465
-72.1277
-72.1092
-72.0909
-72.0727
-72.0548
-72.0371
-72.0195
-72.0022
-71.985
-71.968
-71.9513
-71.9347
-71.9182
-71.902
-71.886
-71.8701
-71.8544
-71.8388
-71.8235
-71.8083
-71.7933
-71.7784
-71.7637
-71.7492
-71.7349
-71.7207
-71.7066
-71.6928
-71.6791
-71.6655
-71.6521
-71.6388
-71.6257
-71.6127
-71.5999
-71.5873
-71.5748
-71.5624
-71.5501
-71.538
-71.5261
-71.5143
-71.5026
-71.491
-71.4796
-71.4683
-71.4572
-71.4462
-71.4353
-71.4245
-71.4139
-71.4033
-71.3929
-71.3827
-71.3725
-71.3625
-71.3526
-71.3428
-71.3331
-71.3235
-71.3141
-71.3048
-71.2955
-71.2864
-71.2774
-71.2686
-71.2598
-71.2511
-71.2425
-71.2341
-71.2257
-71.2175
-71.2093
-71.2012
-71.1933
-71.1854
-71.1776
-71.17
-71.1624
-71.1549
-71.1475
-71.1402
-71.133
-71.1258
-71.1188
-71.1118
-71.105
-71.0982
-71.0915
-71.0849
-71.0784
-71.0719
-71.0655
-71.0592
-71.053
-71.0469
-71.0408
-71.0349
-71.029
-71.0231
-71.0174
-71.0117
-71.0061
-71.0005
-70.9951
-70.9897
-70.9843
-70.9791
-70.9739
-70.9688
-70.9637
-70.9587
-70.9538
-70.9489
-70.9441
-70.9394
-70.9347
-70.9301
-70.9255
-70.921
-70.9166
-70.9122
-70.9079
-70.9036
-70.8994
-70.8952
-70.8911
-70.8871
-70.8831
-70.8791
-70.8753
-70.8714
-70.8676
-70.8639
-70.8602
-70.8566
-70.853
-70.8495
-70.846
-70.8426
-70.8392
-70.8358
-70.8325
-70.8293
-70.8261
-70.8229
-70.8198
-70.8167
-70.8137
-70.8107
-70.8077
-70.8048
-70.802
-70.7991
-70.7963
-70.7936
-70.7909
-70.7882
-70.7856
-70.783
-70.7804
-70.7779
-70.7754
-70.773
-70.7706
-70.7682
-70.7658
-70.7635
-70.7613
-70.759
-70.7568
-70.7546
-70.769
-70.7979
-70.8223
-70.8394
-70.857
-70.898
-70.9858
-71.1333
-71.4034
-71.7169
-72.0002
-72.2371
-72.4234
-72.5507
-72.6365
-72.7145
-72.8492
-73.0923
-73.3802
-73.6655
-73.9028
-74.0561
-74.1424
-74.1871
-74.2085
-74.2297
-74.2819
-74.3641
-74.459
-74.5446
-74.6018
-74.632
-74.6454
-74.6478
-74.6432
-74.6383
-74.6415
-74.6573
-74.6806
-74.7073
-74.7277
-74.7373
-74.7391
-74.7356
-74.7281
-74.7185
-74.7123
-74.7161
-74.7276
-74.7415
-74.7567
-74.7649
-74.7656
-74.7617
-74.7541
-74.7434
-74.7329
-74.7278
-74.7318
-74.7411
-74.7515
-74.7633
-74.7686
-74.767
-74.7615
-74.7531
-74.7424
-74.7329
-74.7295
-74.7332
-74.7413
-74.7499
-74.7601
-74.7659
-74.7645
-74.7586
-74.7506
-74.7409
-74.7325
-74.729
-74.7314
-74.7368
-74.7442
-74.7524
-74.7594
-74.7609
-74.756
-74.7481
-74.7397
-74.7325
-74.7283
-74.7281
-74.7319
-74.7365
-74.743
-74.7499
-74.7544
-74.754
-74.7483
-74.7397
-74.7326
-74.7281
-74.7263
-74.7267
-74.7296
-74.7328
-74.7378
-74.7441
-74.747
-74.7467
-74.7422
-74.7346
-74.7279
-74.7245
-74.7238
-74.724
-74.7259
-74.7282
-74.7306
-74.7359
-74.7393
-74.7394
-74.7366
-74.7319
-74.7261
-74.7211
-74.7197
-74.7199
-74.7208
-74.7227
-74.7238
-74.7261
-74.73
-74.732
-74.731
-74.7279
-74.7241
-74.7207
-74.7171
-74.7151
-74.7147
-74.7161
-74.7179
-74.7185
-74.7199
-74.7223
-74.7239
-74.7236
-74.7211
-74.7176
-74.7149
-74.7133
-74.7114
-74.7094
-74.7084
-74.7108
-74.7122
-74.7128
-74.714
-74.7157
-74.7162
-74.7156
-74.7129
-74.7092
-74.7073
-74.7055
-74.7053
-74.7035
-74.7014
-74.7028
-74.7041
-74.7054
-74.7064
-74.7089
-74.7094
-74.7079
-74.7064
-74.7038
-74.7003
-74.6974
-74.6963
-74.6961
-74.6949
-74.6939
-74.6955
-74.6954
-74.6964
-74.6986
-74.7019
-74.7018
-74.6999
-74.6977
-74.6966
-74.694
-74.6893
-74.686
-74.6849
-74.6845
-74.6838
-74.6857
-74.6874
-74.6867
-74.6883
-74.6905
-74.693
-74.693
-74.6906
-74.6885
-74.6875
-74.6847
-74.6811
-74.6765
-74.6721
-74.6701
-74.6708
-74.6726
-74.6769
-74.6781
-74.6794
-74.6796
-74.681
-74.6823
-74.6823
-74.6798
-74.6781
-74.6764
-74.6739
-74.6699
-74.6653
-74.6603
-74.6562
-74.6544
-74.6578
-74.6636
-74.6672
-74.6684
-74.6683
-74.6685
-74.671
-74.671
-74.6681
-74.6667
-74.6636
-74.6628
-74.662
-74.6577
-74.6516
-74.6468
-74.6431
-74.642
-74.6422
-74.6468
-74.6525
-74.654
-74.6538
-74.6526
-74.6543
-74.6585
-74.6582
-74.6555
-74.6515
-74.6471
-74.6447
-74.645
-74.643
-74.6381
-74.6324
-74.6287
-74.628
-74.6285
-74.6308
-74.6331
-74.635
-74.6355
-74.6366
-74.6351
-74.6352
-74.6387
-74.6412
-74.6418
-74.6388
-74.6335
-74.6276
-74.6226
-74.6196
-74.6179
-74.6176
-74.616
-74.6131
-74.6134
-74.6144
-74.6145
-74.6147
-74.6157
-74.617
-74.6169
-74.6149
-74.6121
-74.6104
-74.6144
-74.6192
-74.6201
-74.6179
-74.6156
-74.6105
-74.6041
-74.5971
-74.5895
-74.5859
-74.5893
-74.5933
-74.5966
-74.5977
-74.5949
-74.5926
-74.5925
-74.5938
-74.5961
-74.5956
-74.5925
-74.588
-74.5823
-74.5787
-74.5843
-74.5908
-74.5929
-74.5908
-74.5888
-74.5856
-74.5808
-74.5752
-74.567
-74.5587
-74.5545
-74.5567
-74.5627
-74.5683
-74.5715
-74.5708
-74.5675
-74.5659
-74.5656
-74.5674
-74.5671
-74.5657
-74.5629
-74.5571
-74.5498
-74.5443
-74.5454
-74.5505
-74.5553
-74.5594
-74.5593
-74.5544
-74.5492
-74.5449
-74.5382
-74.5296
-74.5231
-74.5206
-74.5232
-74.5237
-74.5232
-74.5284
-74.5339
-74.5372
-74.5362
-74.5331
-74.5299
-74.5258
-74.5235
-74.5242
-74.5255
-74.5234
-74.516
-74.5102
-74.5056
-74.5029
-74.5075
-74.5144
-74.5166
-74.5157
-74.511
-74.5071
-74.504
-74.503
-74.497
-74.4855
-74.4738
-74.4665
-74.4692
-74.4746
-74.4767
-74.4783
-74.4788
-74.479
-74.4831
-74.4897
-74.4914
-74.4878
-74.4818
-74.4757
-74.4702
-74.467
-74.4655
-74.462
-74.4597
-74.4563
-74.4547
-74.4557
-74.4563
-74.4553
-74.457
-74.4584
-74.4599
-74.4601
-74.4562
-74.4527
-74.447
-74.4411
-74.433
-74.4234
-74.4167
-74.4142
-74.4093
-74.4025
-74.4006
-74.4033
-74.4087
-74.4124
-74.4102
-74.413
-74.4172
-74.4175
-74.4131
-74.4057
-74.3998
-74.3993
-74.3985
-74.4008
-74.4044
-74.4062
-74.4012
-74.3953
-74.3877
-74.381
-74.3749
-74.3704
-74.369
-74.3736
-74.3773
-74.3777
-74.3755
-74.3728
-74.3738
-74.372
-74.3659
-74.3648
-74.3657
-74.3637
-74.3582
-74.3535
-74.3482
-74.341
-74.3291
-74.3162
-74.3091
-74.3031
-74.301
-74.3025
-74.3022
-74.3038
-74.3074
-74.315
-74.3183
-74.317
-74.3163
-74.3108
-74.3066
-74.3021
-74.2925
-74.2814
-74.267
-74.2578
-74.2538
-74.2532
-74.2606
-74.2732
-74.2863
-74.292
-74.2896
-74.286
-74.283
-74.2799
-74.282
-74.2851
-74.2877
-74.2822
-74.2688
-74.2506
-74.2347
-74.222
-74.2104
-74.2051
-74.2026
-74.2051
-74.2102
-74.2174
-74.2218
-74.221
-74.2144
-74.2048
-74.2021
-74.2036
-74.2004
-74.1931
-74.1858
-74.1864
-74.187
-74.1846
-74.1777
-74.1702
-74.1635
-74.1609
-74.1606
-74.1655
-74.1681
-74.1622
-74.1497
-74.1384
-74.1296
-74.1177
-74.1036
-74.0939
-74.0942
-74.096
-74.0958
-74.0944
-74.1029
-74.1094
-74.1115
-74.1121
-74.1111
-74.107
-74.1021
-74.0967
-74.0858
-74.0691
-74.0513
-74.0356
-74.028
-74.0319
-74.0478
-74.0601
-74.0644
-74.0653
-74.0632
-74.056
-74.0588
-74.0767
-74.096
-74.1096
-74.1184
-74.1172
-74.1073
-74.0979
-74.0904
-74.0779
-74.0599
-74.0375
-74.0154
-73.9977
-73.9874
-73.9781
-73.9658
-73.9481
-73.9257
-73.9111
-73.9108
-73.909
-73.9038
-73.8974
-73.9049
-73.9262
-73.9411
-73.9477
-73.9525
-73.9581
-73.9632
-73.9641
-73.9628
-73.9577
-73.9483
-73.9331
-73.9168
-73.902
-73.8924
-73.8797
-73.8616
-73.8398
-73.8283
-73.8209
-73.8107
-73.8035
-73.8066
-73.8157
-73.8195
-73.8239
-73.8279
-73.8243
-73.8203
-73.8275
-73.8315
-73.8347
-73.8333
-73.8242
-73.8135
-73.8084
-73.8036
-73.7925
-73.7754
-73.7563
-73.7446
-73.7417
-73.7393
-73.73
-73.7152
-73.7019
-73.695
-73.69
-73.6819
-73.6744
-73.6711
-73.6672
-73.6568
-73.6404
-73.6196
-73.6011
-73.5891
-73.5781
-73.5705
-73.5663
-73.558
-73.5549
-73.5559
-73.5557
-73.5539
-73.556
-73.553
-73.5428
-73.533
-73.5217
-73.5057
-73.4877
-73.4738
-73.4647
-73.4547
-73.4398
-73.4213
-73.4126
-73.4076
-73.3974
-73.3816
-73.3638
-73.3505
-73.337
-73.3287
-73.3271
-73.3304
-73.3382
-73.349
-73.3549
-73.3588
-73.3556
-73.3473
-73.3414
-73.3319
-73.3263
-73.3283
-73.3256
-73.3159
-73.3075
-73.2991
-73.2862
-73.2739
-73.2722
-73.2802
-73.2888
-73.2939
-73.2907
-73.2871
-73.2825
-73.2724
-73.2572
-73.2383
-73.2167
-73.1933
-73.1685
-73.1493
-73.1352
-73.1189
-73.0994
-73.0773
-73.0536
-73.0286
-73.0027
-72.9783
-72.9639
-72.9564
-72.9533
-72.9457
-72.9328
-72.9159
-72.8962
-72.8746
-72.8517
-72.8279
-72.8035
-72.7855
-72.7757
-72.7641
-72.7489
-72.7308
-72.7107
-72.6892
-72.6667
-72.6437
-72.6203
-72.5966
-72.5728
-72.549
-72.5268
-72.5177
-72.5116
-72.5019
-72.4885
-72.4724
-72.4544
-72.4351
-72.415
-72.3944
-72.3735
-72.3523
-72.3311
-72.3098
-72.2885
-72.2673
-72.2462
-72.2252
-72.2043
-72.1836
-72.1631
-72.1427
-72.1225
-72.1025
-72.0827
-72.0631
-72.0437
-72.0245
-72.0055
-71.9867
-71.9681
-71.9498
-71.9316
-71.9136
-71.8958
-71.8783
-71.8609
-71.8438
-71.8268
-71.81
-71.7935
-71.7771
-71.7609
-71.7449
-71.7291
-71.7135
-71.6981
-71.6829
-71.6678
-71.6529
-71.6383
-71.6237
-71.6094
-71.5952
-71.5812
-71.5674
-71.5538
-71.5403
-71.527
-71.5138
-71.5008
-71.488
-71.4753
-71.4628
-71.4505
-71.4382
-71.4262
-71.4143
-71.4025
-71.3909
-71.3795
-71.3681
-71.357
-71.3459
-71.3351
-71.3243
-71.3137
-71.3032
-71.2929
-71.2827
-71.2726
-71.2627
-71.2529
-71.2432
-71.2336
-71.2242
-71.2149
-71.2057
-71.1966
-71.1877
-71.1788
-71.1701
-71.1615
-71.153
-71.1446
-71.1363
-71.1282
-71.1201
-71.1122
-71.1043
-71.0966
-71.089
-71.0814
-71.074
-71.0667
-71.0594
-71.0523
-71.0453
-71.0383
-71.0315
-71.0247
-71.018
-71.0114
-71.005
-70.9986
-70.9922
-70.986
-70.9799
-70.9738
-70.9679
-70.962
-70.9562
-70.9504
-70.9448
-70.9392
-70.9337
-70.9283
-70.923
-70.9177
-70.9125
-70.9074
-70.9023
-70.8974
-70.8925
-70.8876
-70.8829
-70.8782
-70.8736
-70.869
-70.8645
-70.8601
-70.8557
-70.8514
-70.8472
-70.843
-70.8389
-70.8348
-70.8308
-70.8269
-70.823
-70.8192
-70.8154
-70.8117
-70.808
-70.8044
-70.8009
-70.7974
-70.794
-70.7906
-70.7872
-70.784
-70.7807
-70.7775
-70.7744
-70.7713
-70.7683
-70.7653
-70.7623
-70.7594
-70.7566
-70.7538
-70.751
-70.7483
-70.7456
-70.743
-70.7404
-70.7378
-70.7353
-70.7329
-70.7304
-70.728
-70.7257
-70.7234
-70.7211
-70.7189
-70.7167
-70.7145
-70.7124
-70.7103
-70.7082
-70.7062
-70.7042
-70.7023
-70.7003
-70.6984
-70.6966
-70.6948
-70.693
-70.6912
-70.6895
-70.6878
-70.6861
-70.6845
-70.6829
-70.6813
-70.6797
-70.6782
-70.6767
-70.6752
-70.6738
-70.6724
-70.671
-70.6696
-70.6683
-70.667
-70.6657
-70.6644
-70.6632
-70.6619
-70.6607
-70.6596
-70.6584
-70.6573
-70.6562
-70.6551
-70.6541
-70.653
-70.652
-70.651
-70.65
-70.6491
-70.6481
-70.6472
-70.6463
-70.6454
-70.6446
-70.6437
-70.6429
-70.6421
-70.6413
-70.6405
-70.6398
-70.6391
-70.6383
-70.6376
-70.6369
-70.6363
-70.6356
-70.635
-70.6343
-70.6337
-70.6331
-70.6326
-70.632
-70.6314
-70.6309
-70.6304
-70.6299
-70.6294
-70.6289
-70.6284
-70.628
-70.6275
-70.6271
-70.6267
-70.6262
-70.6259
-70.6255
-70.6251
-70.6247
-70.6244
-70.624
-70.6237
-70.6234
-70.6231
-70.6228
-70.6225
-70.6222
-70.6219
-70.6217
-70.6214
-70.6212
-70.6209
-70.6207
-70.6205
-70.6203
-70.6201
-70.6199
-70.6197
-70.6196
-70.6194
-70.6192
-70.6191
-70.6189
-70.6188
-70.6187
-70.6186
-70.6184
-70.6183
-70.6182
-70.6181
-70.6181
-70.618
-70.6179
-70.6178
-70.6178
-70.6177
-70.6177
-70.6176
-70.6176
-70.6176
-70.6175
-70.6175
-70.6175
-70.6175
-70.6175
-70.6175
-70.6175
-70.6175
-70.6175
-70.6175
-70.6175
-70.6176
-70.6176
-70.6176
-70.6177
-70.6177
-70.6178
-70.6178
-70.6179
-70.6179
-70.618
-70.6181
-70.6181
-70.6182
-70.6183
-70.6184
-70.6185
-70.6185
-70.6186
-70.6187
-70.6188
-70.6189
-70.619
-70.6191
-70.6192
-70.6193
-70.6195
-70.6196
-70.6197
-70.6198
-70.6199
-70.6201
-70.6202
-70.6203
-70.6204
-70.6206
-70.6207
-70.6209
-70.621
-70.6211
-70.6213
-70.6214
-70.6216
-70.6217
-70.6219
-70.622
-70.6222
-70.6223
-70.6225
-70.6226
-70.6228
-70.623
-70.6231
-70.6233
-70.6234
-70.6236
-70.6238
-70.6239
-70.6241
-70.6243
-70.6244
-70.6246
-70.6248
-70.625
-70.6251
-70.6253
-70.6255
-70.6257
-70.6258
-70.626
-70.6262
-70.6264
-70.6265
-70.6267
-70.6269
-70.6271
-70.6273
-70.6274
-70.6276
-70.6278
-70.628
-70.6282
-70.6284
-70.6285
-70.6287
-70.6289
-70.6291
-70.6293
-70.6295
-70.6296
-70.6298
-70.63
-70.6302
-70.6304
-70.6306
-70.6307
-70.6309
-70.6311
-70.6313
-70.6315
-70.6317
-70.6319
-70.632
-70.6322
-70.6324
-70.6326
-70.6328
-70.633
-70.6331
-70.6333
-70.6335
-70.6337
-70.6339
-70.634
-70.6342
-70.6344
-70.6346
-70.6348
-70.635
-70.6351
-70.6353
-70.6355
-70.6357
-70.6358
-70.636
-70.6362
-70.6364
-70.6366
-70.6367
-70.6369
-70.6371
-70.6373
-70.6374
-70.6376
-70.6378
-70.6379
-70.6381
-70.6383
-70.6385
-70.6386
-70.6388
-70.639
-70.6391
-70.6393
-70.6395
-70.6396
-70.6398
-70.64
-70.6401
-70.6403
-70.6405
-70.6406
-70.6408
-70.641
-70.6411
-70.6413
-70.6414
-70.6416
-70.6418
-70.6419
-70.6421
-70.6422
-70.6424
-70.6425
-70.6427
-70.6428
-70.643
-70.6431
-70.6433
-70.6435
-70.6436
-70.6438
-70.6439
-70.644
-70.6442
-70.6443
-70.6445
-70.6446

