-70
-70.1661
-70.23
-70.2566
-70.2695
-70.2773
-70.283
-70.2879
-70.2925
-70.297
-70.3014
-70.3057
-70.31
-70.3142
-70.3185
-70.3226
-70.3268
-70.3309
-70.335
-70.3391
-70.3431
-70.3471
-70.351
-70.3549
-70.3588
-70.3626
-70.3664
-70.3701
-70.3738
-70.3775
-70.3811
-70.3847
-70.3883
-70.3918
-70.3953
-70.3987
-70.4021
-70.4055
-70.4088
-70.4121
-70.4154
-70.4186
-70.4218
-70.4249
-70.428
-70.4311
-70.4341
-70.4372
-70.4401
-70.4431
-70.446
-70.4489
-70.4517
-70.4545
-70.4573
-70.4601
-70.4628
-70.4655
-70.4682
-70.4708
-70.4734
-70.476
-70.4785
-70.481
-70.4835
-70.486
-70.4884
-70.4908
-70.4932
-70.4955
-70.4978
-70.5001
-70.5024
-70.5046
-70.5068
-70.509
-70.5112
-70.5133
-70.5154
-70.5175
-70.5196
-70.5216
-70.5236
-70.5256
-70.5276
-70.5295
-70.5315
-70.5334
-70.5352
-70.5371
-70.5389
-70.5407
-70.5425
-70.5443
-70.5461
-70.5478
-70.5495
-70.5512
-70.5528
-70.5545
-70.5561
-70.5577
-70.5593
-70.5609
-70.5624
-70.5639
-70.5655
-70.5669
-70.5684
-70.5699
-70.5713
-70.5727
-70.5741
-70.5755
-70.5769
-70.5782
-70.5796
-70.5809
-70.5822
-70.5835
-70.5848
-70.586
-70.5873
-70.5885
-70.5897
-70.5909
-70.5921
-70.5932
-70.5944
-70.5955
-70.5966
-70.5977
-70.5988
-70.5999
-70.601
-70.602
-70.603
-70.6041
-70.6051
-70.6061
-70.6071
-70.608
-70.609
-70.6099
-70.6109
-70.6118
-70.6127
-70.6136
-70.6145
-70.6154
-70.6162
-70.6171
-70.6179
-70.6187
-70.6196
-70.6204
-70.6212
-70.622
-70.6227
-70.6235
-70.6242
-70.625
-70.6257
-70.6265
-70.6272
-70.6279
-70.6286
-70.6293
-70.6299
-70.6306
-70.6313
-70.6319
-70.6325
-70.6332
-70.6338
-70.6344
-70.635
-70.6356
-70.6362
-70.6368
-70.6374
-70.6379
-70.6385
-70.639
-70.6396
-70.6401
-70.6406
-70.6411
-70.6417
-70.6422
-70.6427
-70.6431
-70.6436
-70.6441
-70.6446
-70.645
-70.6455
-70.6459
-70.6464
-70.6468
-70.6472
-70.6476
-70.6481
-70.6485
-70.6489
-70.6493
-70.6497
-70.65
-70.6504
-70.6508
-70.6512
-70.6515
-70.6519
-70.6522
-70.6526
-70.6529
-70.6533
-70.6536
-70.6539
-70.6542
-70.6545
-70.6549
-70.6552
-70.6555
-70.6558
-70.656
-70.6563
-70.6566
-70.6569
-70.6572
-70.6574
-70.6577
-70.658
-70.6582
-70.6585
-70.6587
-70.6589
-70.6592
-70.6594
-70.6597
-70.6599
-70.6601
-70.6603
-70.6605
-70.6607
-70.661
-70.6612
-70.6614
-70.6616
-70.6617
-70.6619
-70.6621
-70.6623
-70.6625
-70.6627
-70.6628
-70.663
-70.6632
-70.6633
-70.6635
-70.6637
-70.6638
-70.664
-70.6641
-70.6643
-70.6644
-70.6646
-70.6647
-70.6648
-70.665
-70.6651
-70.6652
-70.6653
-70.6655
-70.6656
-70.6657
-70.6658
-70.6659
-70.666
-70.6662
-70.6663
-70.6664
-70.6665
-70.6666
-70.6667
-70.6668
-70.6669
-70.667
-70.667
-70.6671
-70.6672
-70.6673
-70.6674
-70.6675
-70.6675
-70.6676
-70.6677
-70.6678
-70.6678
-70.6679
-70.668
-70.668
-70.6681
-70.6682
-70.6682
-70.6683
-70.6683
-70.6684
-70.6685
-70.6685
-70.6686
-70.6686
-70.6687
-70.6687
-70.6688
-70.6688
-70.6688
-70.6689
-70.6689
-70.669
-70.669
-70.669
-70.6691
-70.6691
-70.6691
-70.6692
-70.6692
-70.6692
-70.6693
-70.6693
-70.6693
-70.6694
-70.6694
-70.6694
-70.6694
-70.6694
-70.6695
-70.6695
-70.6695
-70.6695
-70.6695
-70.6696
-70.6696
-70.6696
-70.6696
-70.6696
-70.6696
-70.6696
-70.6697
-70.6697
-70.6697
-70.6697
-70.6697
-70.6697
-70.6697
-70.6697
-70.6697
-70.6697
-70.6697
-70.6697
-70.6697
-70.6697
-70.6697
-70.6697
-70.6697
-70.6697
-70.6697
-70.6697
-70.6697
-70.6697
-70.6697
-70.6697
-70.6697
-70.6697
-70.6697
-70.6697
-70.6697
-70.6697
-70.6697
-70.6697
-70.6697
-70.6697
-70.6697
-70.6696
-70.6696
-70.6696
-70.6696
-70.6696
-70.6696
-70.6696
-70.6696
-70.6696
-70.6695
-70.6695
-70.6695
-70.6695
-70.6695
-70.6695
-70.6695
-70.6695
-70.6694
-70.6694
-70.6694
-70.6694
-70.6694
-70.6694
-70.6693
-70.6693
-70.6693
-70.6693
-70.6693
-70.6693
-70.6693
-70.6692
-70.6692
-70.6692
-70.6692
-70.6692
-70.6691
-70.6691
-70.6691
-70.6691
-70.6691
-70.6691
-70.669
-70.669
-70.669
-70.669
-70.669
-70.6689
-70.6689
-70.6689
-70.6689
-70.6689
-70.6688
-70.6688
-70.6688
-70.6688
-70.6688
-70.6687
-70.6687
-70.6687
-70.6687
-70.6686
-70.6686
-70.6686
-70.6686
-70.6686
-70.6685
-70.6685
-70.6685
-70.6685
-70.6685
-70.6684
-70.6684
-70.6684
-70.6684
-70.6684
-70.6683
-70.6683
-70.6683
-70.6683
-70.6682
-70.6682
-70.6682
-70.6682
-70.6682
-70.6681
-70.6681
-70.6681
-70.6681
-70.6681
-70.6745
-70.8365
-71.4855
-72.3937
-73.1814
-73.7004
-71.1754
-55.416
-51.5655
-49.6682
-47.5142
-40.868
3.57263
-31.0877
-63.7302
-68.9556
-68.0284
-66.9864
-65.9205
-64.8496
-63.7915
-62.7649
-61.7865
-60.8687
-59.8378
-58.8901
-58.1014
-57.4159
-56.8158
-56.2933
-55.84
-55.4111
-55.0507
-54.7538
-54.5093
-54.3093
-54.1468
-53.9994
-53.8714
-53.7723
-53.6962
-53.6379
-53.5936
-53.5606
-53.53
-53.4943
-53.4693
-53.4534
-53.4439
-53.4387
-53.4366
-53.4369
-53.4391
-53.4282
-53.4159
-53.4103
-53.4092
-53.4108
-53.414
-53.4182
-53.4231
-53.4285
-53.4344
-53.4406
-53.4333
-53.4182
-53.4114
-53.4099
-53.4113
-53.4142
-53.4178
-53.4219
-53.4263
-53.4309
-53.4356
-53.4405
-53.4451
-53.4492
-53.4526
-53.4556
-53.456
-53.4244
-53.4057
-53.3974
-53.3931
-53.3892
-53.383
-53.3703
-53.3335
-53.0241
-52.6331
-52.6779
-52.8116
-52.933
-53.0229
-53.0844
-53.1255
-53.154
-53.1762
-53.1963
-53.2174
-53.2418
-53.272
-53.3107
-53.3608
-53.424
-53.4999
-53.5037
-53.4826
-53.4743
-53.4732
-53.4768
-53.4838
-53.4934
-53.505
-53.5188
-53.5346
-53.5527
-53.5731
-53.5958
-53.621
-53.6489
-53.6797
-53.7136
-53.751
-53.792
-53.837
-53.8862
-53.9399
-53.9984
-54.0621
-54.1312
-54.2063
-54.2874
-54.375
-54.4696
-54.5717
-54.6819
-54.8006
-54.9285
-55.0663
-55.2145
-54.967
-53.6524
-53.3109
-53.2528
-53.2725
-53.3114
-53.3523
-53.3909
-53.4263
-53.4589
-53.4892
-53.5179
-53.5455
-53.5726
-53.5997
-53.6272
-53.6556
-53.6851
-53.7163
-53.7494
-53.7848
-53.8232
-53.8664
-53.9127
-53.9619
-54.0146
-54.071
-54.1318
-54.1971
-54.2673
-54.3426
-54.4284
-54.5256
-54.6288
-54.7364
-54.8494
-54.9691
-55.0964
-55.2315
-55.3749
-55.5263
-55.6892
-55.8706
-55.3999
-53.5656
-53.1495
-53.0966
-53.1355
-53.1927
-53.2482
-53.2973
-53.34
-53.3775
-53.4111
-53.4415
-53.4693
-53.495
-53.5195
-53.5433
-53.567
-53.5909
-53.6155
-53.641
-53.6694
-53.7005
-53.7348
-53.7708
-53.8086
-53.8487
-53.8915
-53.9375
-53.987
-54.0403
-54.0976
-54.1634
-54.2362
-54.3179
-54.4044
-54.4941
-54.5878
-54.6867
-54.7912
-54.902
-55.0197
-55.1444
-55.2813
-55.4357
-55.5982
-55.7779
-55.9619
-56.1468
-56.3345
-56.5262
-56.7218
-56.9217
-57.1258
-57.334
-54.1506
-53.036
-52.8479
-52.8866
-52.9767
-53.0682
-53.1484
-53.2153
-53.271
-53.3179
-53.3579
-53.3927
-53.4241
-53.4532
-53.4802
-53.5066
-53.5327
-53.5583
-53.5838
-53.6097
-53.6365
-53.6646
-53.6943
-53.7262
-53.7606
-53.801
-53.845
-53.8914
-53.9448
-54.0029
-54.0636
-54.1277
-54.1959
-54.2686
-54.3462
-54.435
-54.5336
-54.6366
-54.7443
-54.8575
-54.9837
-55.1264
-55.2744
-55.4264
-53.8663
-53.2638
-53.1553
-53.1708
-53.2143
-53.2596
-53.3006
-53.3363
-53.3674
-53.395
-53.4204
-53.4436
-53.4655
-53.4897
-53.5143
-53.5408
-53.5669
-53.5924
-53.6191
-53.652
-53.6922
-53.7426
-53.8055
-53.8926
-53.997
-54.1032
-54.1979
-54.2867
-54.3779
-54.4779
-54.6028
-54.7767
-55.0003
-55.2495
-55.4996
-55.7324
-55.9506
-56.1688
-56.3976
-56.6494
-56.9351
-57.2759
-57.6646
-58.0647
-58.4682
-58.8668
-59.2594
-59.6529
-60.0556
-60.4774
-60.9268
-61.4161
-61.9507
-62.4931
-63.0343
-63.5663
-64.0777
-64.5689
-65.0455
-65.5129
-65.9795
-66.4625
-66.9661
-67.473
-67.96
-68.4234
-68.8579
-69.257
-69.6227
-69.9643
-70.2826
-70.5959
-70.9148
-71.2309
-71.5358
-71.8153
-72.0699
-72.3005
-72.5051
-72.687
-72.8498
-72.9966
-73.1399
-73.2843
-73.4232
-73.5567
-73.6779
-73.7845
-73.8799
-73.9636
-74.0369
-74.099
-74.1528
-74.2056
-74.2598
-74.3121
-74.3627
-74.4099
-74.4502
-74.4848
-74.5151
-74.5401
-74.5599
-74.5751
-74.5905
-74.6077
-74.6255
-74.6438
-74.6628
-74.68
-74.6934
-74.704
-74.7122
-74.7181
-74.721
-74.7227
-74.7256
-74.7303
-74.7353
-74.7415
-74.7485
-74.7542
-74.7585
-74.7613
-74.7621
-74.7621
-74.7605
-74.7599
-74.7595
-74.7603
-74.7617
-74.7634
-74.7668
-74.7696
-74.771
-74.7715
-74.771
-74.7691
-74.7663
-74.7645
-74.7631
-74.7614
-74.7597
-74.7581
-74.7586
-74.7613
-74.763
-74.763
-74.7624
-74.7619
-74.7607
-74.7587
-74.7575
-74.7566
-74.7555
-74.7534
-74.7505
-74.7491
-74.7511
-74.7529
-74.753
-74.7507
-74.7487
-74.7483
-74.7472
-74.7451
-74.7429
-74.7419
-74.74
-74.7379
-74.7356
-74.7352
-74.7367
-74.7385
-74.7386
-74.7371
-74.7363
-74.7362
-74.7371
-74.7357
-74.7333
-74.7311
-74.7282
-74.7264
-74.7244
-74.7228
-74.7222
-74.7226
-74.7217
-74.7216
-74.7201
-74.7198
-74.7197
-74.7203
-74.7202
-74.7181
-74.7158
-74.7125
-74.7098
-74.7075
-74.7078
-74.7078
-74.7085
-74.7094
-74.7087
-74.707
-74.7072
-74.7077
-74.7072
-74.7082
-74.709
-74.7066
-74.7003
-74.6953
-74.6916
-74.6892
-74.6885
-74.69
-74.6912
-74.6924
-74.6923
-74.69
-74.6866
-74.6874
-74.6898
-74.6917
-74.6932
-74.6931
-74.6887
-74.6811
-74.6756
-74.6732
-74.6714
-74.6711
-74.6743
-74.6771
-74.6804
-74.681
-74.6787
-74.6749
-74.6731
-74.6743
-74.6742
-74.6739
-74.6736
-74.6708
-74.6659
-74.6598
-74.6542
-74.6533
-74.6523
-74.6509
-74.6519
-74.6541
-74.6582
-74.6609
-74.6623
-74.6612
-74.6588
-74.6566
-74.656
-74.6542
-74.6507
-74.6485
-74.6454
-74.6421
-74.6397
-74.6373
-74.635
-74.6336
-74.6337
-74.6376
-74.6388
-74.6386
-74.6411
-74.6449
-74.6456
-74.6427
-74.6382
-74.6346
-74.6326
-74.6309
-74.6262
-74.6196
-74.6159
-74.615
-74.6148
-74.6154
-74.6139
-74.6093
-74.6081
-74.6101
-74.6153
-74.6173
-74.6193
-74.6209
-74.6198
-74.6201
-74.618
-74.6139
-74.6104
-74.6091
-74.6085
-74.6038
-74.597
-74.5903
-74.588
-74.5877
-74.5872
-74.5865
-74.5869
-74.5884
-74.5889
-74.5877
-74.5896
-74.5941
-74.5958
-74.5972
-74.5977
-74.594
-74.5871
-74.58
-74.576
-74.5773
-74.5805
-74.5799
-74.5772
-74.571
-74.563
-74.5565
-74.5559
-74.557
-74.5573
-74.5593
-74.5588
-74.5547
-74.5528
-74.5522
-74.5539
-74.5598
-74.5631
-74.5641
-74.5666
-74.5663
-74.5612
-74.5537
-74.5465
-74.5378
-74.5349
-74.539
-74.5425
-74.5413
-74.537
-74.5313
-74.5276
-74.5266
-74.5244
-74.5249
-74.5256
-74.5255
-74.5246
-74.5194
-74.5126
-74.5108
-74.5123
-74.5155
-74.5193
-74.519
-74.5189
-74.5184
-74.5201
-74.5207
-74.5168
-74.5107
-74.5053
-74.5038
-74.5003
-74.4942
-74.4899
-74.4861
-74.4816
-74.479
-74.4812
-74.487
-74.4922
-74.4913
-74.4853
-74.4766
-74.4719
-74.4744
-74.4737
-74.4709
-74.472
-74.4728
-74.4699
-74.4649
-74.4616
-74.4644
-74.4662
-74.4673
-74.4664
-74.4617
-74.4567
-74.4553
-74.4561
-74.4533
-74.4511
-74.4512
-74.4484
-74.4395
-74.4292
-74.4234
-74.42
-74.4164
-74.4162
-74.4186
-74.4212
-74.4205
-74.4225
-74.4228
-74.4206
-74.4134
-74.4021
-74.4017
-74.4087
-74.4138
-74.4156
-74.4143
-74.4105
-74.4041
-74.4006
-74.4001
-74.4042
-74.4063
-74.4029
-74.3944
-74.387
-74.3764
-74.365
-74.358
-74.3596
-74.3704
-74.3767
-74.3772
-74.3741
-74.3673
-74.3553
-74.3439
-74.3311
-74.3199
-74.3125
-74.3114
-74.3193
-74.3295
-74.3363
-74.3393
-74.3399
-74.3368
-74.3309
-74.3257
-74.3191
-74.3155
-74.3193
-74.3253
-74.3262
-74.3215
-74.3185
-74.3164
-74.3157
-74.3161
-74.3171
-74.3233
-74.3327
-74.3377
-74.3366
-74.3346
-74.3281
-74.3156
-74.3031
-74.2938
-74.2853
-74.2743
-74.2626
-74.2546
-74.254
-74.2544
-74.2534
-74.2534
-74.2537
-74.2502
-74.2399
-74.2283
-74.2145
-74.2031
-74.1908
-74.176
-74.16
-74.1481
-74.1415
-74.1474
-74.1601
-74.1723
-74.1812
-74.1922
-74.1971
-74.1953
-74.1922
-74.1936
-74.2004
-74.2047
-74.2019
-74.1955
-74.1857
-74.177
-74.1715
-74.1687
-74.1629
-74.1571
-74.156
-74.1573
-74.159
-74.1652
-74.1735
-74.1808
-74.1896
-74.1956
-74.2
-74.2014
-74.1978
-74.1954
-74.1915
-74.1868
-74.1791
-74.1651
-74.146
-74.1315
-74.1256
-74.1229
-74.1202
-74.1136
-74.1038
-74.0938
-74.082
-74.0707
-74.0611
-74.0589
-74.052
-74.0424
-74.0345
-74.0247
-74.013
-73.9971
-73.9764
-73.952
-73.9282
-73.9097
-73.8951
-73.882
-73.8704
-73.8662
-73.8592
-73.8467
-73.8483
-73.855
-73.8618
-73.8747
-73.8863
-73.9028
-73.9199
-73.9378
-73.9531
-73.9618
-73.9634
-73.9621
-73.9611
-73.9639
-73.9725
-73.98
-73.9823
-73.9775
-73.9653
-73.9509
-73.9347
-73.92
-73.9138
-73.9175
-73.9186
-73.9185
-73.9242
-73.9299
-73.9276
-73.9264
-73.9297
-73.9311
-73.9269
-73.9152
-73.9005
-73.8897
-73.882
-73.8751
-73.875
-73.8765
-73.8707
-73.8627
-73.8577
-73.8538
-73.852
-73.8491
-73.8483
-73.843
-73.8345
-73.8282
-73.8237
-73.8207
-73.8118
-73.8015
-73.8001
-73.8016
-73.8146
-73.8281
-73.8315
-73.8303
-73.83
-73.8321
-73.8357
-73.8399
-73.8422
-73.8468
-73.8462
-73.8373
-73.8218
-73.8016
-73.7782
-73.7523
-73.7248
-73.6982
-73.6799
-73.6674
-73.657
-73.6423
-73.6227
-73.5995
-73.5736
-73.5464
-73.5246
-73.5039
-73.4808
-73.4553
-73.4279
-73.4047
-73.3854
-73.3642
-73.3404
-73.3144
-73.288
-73.273
-73.2734
-73.2809
-73.293
-73.2981
-73.2938
-73.2832
-73.2772
-73.2773
-73.2733
-73.2629
-73.2472
-73.2278
-73.21
-73.1977
-73.1865
-73.1796
-73.1693
-73.1657
-73.1697
-73.1681
-73.1593
-73.1452
-73.1355
-73.1285
-73.1263
-73.1286
-73.1402
-73.1567
-73.1647
-73.1629
-73.1536
-73.1435
-73.148
-73.1754
-73.2035
-73.2184
-73.221
-73.2148
-73.2031
-73.1956
-73.1876
-73.1751
-73.1588
-73.1481
-73.1471
-73.1458
-73.1382
-73.1251
-73.1078
-73.0877
-73.0655
-73.042
-73.0175
-72.9923
-72.9665
-72.9404
-72.914
-72.8875
-72.8608
-72.8342
-72.8075
-72.7842
-72.7721
-72.7606
-72.7458
-72.7279
-72.7079
-72.6864
-72.6639
-72.6409
-72.6175
-72.5938
-72.57
-72.5462
-72.5223
-72.4986
-72.4749
-72.4514
-72.4359
-72.4303
-72.4231
-72.412
-72.3977
-72.3813
-72.3633
-72.3444
-72.3248
-72.3049
-72.2847
-72.2643
-72.2439
-72.2235
-72.2032
-72.1829
-72.1627
-72.1427
-72.1228
-72.103
-72.0835
-72.064
-72.0448
-72.0258
-72.0069
-71.9883
-71.9698
-71.9516
-71.9433
-71.9474
-71.9493
-71.9463
-71.9392
-71.9294
-71.9176
-71.9045
-71.8906
-71.8761
-71.8613
-71.8461
-71.8309
-71.8155
-71.8001
-71.7847
-71.7694
-71.7541
-71.7389
-71.7238
-71.7089
-71.694
-71.6793
-71.6647
-71.6503
-71.636
-71.6218
-71.6078
-71.594
-71.5803
-71.5668
-71.5534
-71.5401
-71.5271
-71.5141
-71.5014
-71.4888
-71.4763
-71.464
-71.4518
-71.4398
-71.4279
-71.4162
-71.4046
-71.3931
-71.3818
-71.3706
-71.3596
-71.3487
-71.338
-71.3274
-71.3169
-71.3065
-71.2963
-71.2862
-71.2763
-71.2665
-71.2568
-71.2472
-71.2377
-71.2284
-71.2192
-71.2101
-71.2011
-71.1923
-71.1835
-71.1749
-71.1664
-71.158
-71.1497
-71.1415
-71.1334
-71.1254
-71.1175
-71.1097
-71.1021
-71.0945
-71.087
-71.0797
-71.0724
-71.0652
-71.0581
-71.0512
-71.0443
-71.0375
-71.0308
-71.0241
-71.0176
-71.0112
-71.0048
-70.9985
-70.9923
-70.9862
-70.9802
-70.9743
-70.9684
-70.9627
-70.957
-70.9514
-70.9458
-70.9404
-70.935
-70.9297
-70.9244
-70.9192
-70.9142
-70.9091
-70.9042
-70.8993
-70.8945
-70.8897
-70.8851
-70.8804
-70.8759
-70.8714
-70.867
-70.8626
-70.8583
-70.8541
-70.8499
-70.8458
-70.8418
-70.8378
-70.8339
-70.83
-70.8262
-70.8224
-70.8187
-70.815
-70.8114
-70.8079
-70.8044
-70.801
-70.7976
-70.7942
-70.7909
-70.7877
-70.7845
-70.7814
-70.7783
-70.7752
-70.7722
-70.7693
-70.7664
-70.7635
-70.7607
-70.7579
-70.7552
-70.7525
-70.7498
-70.7472
-70.7447
-70.7421
-70.7397
-70.7372
-70.7348
-70.7324
-70.7301
-70.7278
-70.7256
-70.7233
-70.7212
-70.719
-70.7169
-70.7148
-70.7128
-70.7108
-70.7088
-70.7069
-70.705
-70.7031
-70.7012
-70.6994
-70.6976
-70.6959
-70.6942
-70.6925
-70.6908
-70.6892
-70.6876
-70.686
-70.6844
-70.6829
-70.6814
-70.68
-70.6785
-70.6771
-70.6757
-70.6743
-70.673
-70.6717
-70.6704
-70.6691
-70.6679
-70.6667
-70.6655
-70.6643
-70.6631
-70.662
-70.6609
-70.6598
-70.6588
-70.6577
-70.6567
-70.6557
-70.6547
-70.6537
-70.6528
-70.6519
-70.651
-70.6501
-70.6492
-70.6484
-70.6475
-70.6467
-70.6459
-70.6451
-70.6444
-70.6436
-70.6429
-70.6422
-70.6415
-70.6408
-70.6401
-70.6395
-70.6388
-70.6382
-70.6376
-70.637
-70.6364
-70.6359
-70.6353
-70.6348
-70.6342
-70.6337
-70.6332
-70.6327
-70.6323
-70.6318
-70.6314
-70.6309
-70.6305
-70.6301
-70.6297
-70.6293
-70.6289
-70.6285
-70.6282
-70.6278
-70.6275
-70.6272
-70.6268
-70.6265
-70.6262
-70.626
-70.6257
-70.6254
-70.6251
-70.6249
-70.6247
-70.6244
-70.6242
-70.624
-70.6238
-70.6236
-70.6234
-70.6232
-70.623
-70.6229
-70.6227
-70.6225
-70.6224
-70.6223
-70.6221
-70.622
-70.6219
-70.6218
-70.6217
-70.6216
-70.6215
-70.6214
-70.6213
-70.6212
-70.6212
-70.6211
-70.621
-70.621
-70.621
-70.6209
-70.6209
-70.6208
-70.6208
-70.6208
-70.6208
-70.6208
-70.6208
-70.6208
-70.6208
-70.6208
-70.6208
-70.6208
-70.6208
-70.6209
-70.6209
-70.6209
-70.621
-70.621
-70.6211
-70.6211
-70.6212
-70.6212
-70.6213
-70.6213
-70.6214
-70.6215
-70.6215
-70.6216
-70.6217
-70.6218
-70.6219
-70.6219
-70.622
-70.6221
-70.6222
-70.6223
-70.6224
-70.6225
-70.6226
-70.6227
-70.6228
-70.623
-70.6231
-70.6232
-70.6233
-70.6234
-70.6235
-70.6237
-70.6238
-70.6239
-70.6241
-70.6242
-70.6243
-70.6244
-70.6246
-70.6247
-70.6249
-70.625
-70.6251
-70.6253
-70.6254
-70.6256
-70.6257
-70.6259
-70.626
-70.6262
-70.6263
-70.6265
-70.6266
-70.6268
-70.6269
-70.6271
-70.6273
-70.6274
-70.6276
-70.6277
-70.6279
-70.6281
-70.6282
-70.6284
-70.6286
-70.6287
-70.6289
-70.629
-70.6292
-70.6294
-70.6295
-70.6297
-70.6299
-70.6301
-70.6302
-70.6304
-70.6306
-70.6307
-70.6309
-70.6311
-70.6312
-70.6314
-70.6316
-70.6318
-70.6319
-70.6321
-70.6323
-70.6324
-70.6326
-70.6328
-70.633
-70.6331
-70.6333
-70.6335
-70.6336
-70.6338
-70.634
-70.6341
-70.6343
-70.6345
-70.6347
-70.6348
-70.635
-70.6352
-70.6353
-70.6355
-70.6357
-70.6359
-70.636
-70.6362
-70.6364
-70.6365
-70.6367
-70.6369
-70.637
-70.6372
-70.6374
-70.6375
-70.6377
-70.6379
-70.638
-70.6382
-70.6384
-70.6385
-70.6387
-70.6388
-70.639
-70.6392
-70.6393
-70.6395
-70.6397
-70.6398
-70.64
-70.6401
-70.6403
-70.6405
-70.6406
-70.6408
-70.6409
-70.6411
-70.6412
-70.6414
-70.6415
-70.6417
-70.6418
-70.642
-70.6422
-70.6423
-70.6425
-70.6426
-70.6428
-70.6429
-70.6431
-70.6432
-70.6433
-70.6435
-70.6436
-70.6438
-70.6439
-70.6441
-70.6442
-70.6444
-70.6445
-70.6446
-70.6448
-70.6449
-70.6451
-70.6452
-70.6453
-70.6455
-70.6456
-70.6458
-70.6459
-70.646
-70.6462
-70.6463
-70.6464
-70.6466

