-70
-70.1661
-70.23
-70.2566
-70.2695
-70.2773
-70.283
-70.2879
-70.2925
-70.297
-70.3014
-70.3057
-70.31
-70.3142
-70.3185
-70.3226
-70.3268
-70.3309
-70.335
-70.3391
-70.3431
-70.3471
-70.351
-70.3549
-70.3588
-70.3626
-70.3664
-70.3701
-70.3738
-70.3775
-70.3811
-70.3847
-70.3883
-70.3918
-70.3953
-70.3987
-70.4021
-70.4055
-70.4088
-70.4121
-70.4154
-70.4186
-70.4218
-70.4249
-70.428
-70.4311
-70.4341
-70.4372
-70.4401
-70.4431
-70.446
-70.4489
-70.4517
-70.4545
-70.4573
-70.4601
-70.4628
-70.4655
-70.4682
-70.4708
-70.4734
-70.476
-70.4785
-70.481
-70.4835
-70.486
-70.4884
-70.4908
-70.4932
-70.4955
-70.4978
-70.5001
-70.5024
-70.5046
-70.5068
-70.509
-70.5112
-70.5133
-70.5154
-70.5175
-70.5196
-70.5216
-70.5236
-70.5256
-70.5276
-70.5295
-70.5315
-70.5334
-70.5352
-70.5371
-70.5389
-70.5407
-70.5425
-70.5443
-70.5461
-70.5478
-70.5495
-70.5512
-70.5528
-70.5545
-70.5561
-70.5577
-70.5593
-70.5609
-70.5624
-70.5639
-70.5655
-70.5669
-70.5684
-70.5699
-70.5713
-70.5727
-70.5741
-70.5755
-70.5769
-70.5782
-70.5796
-70.5809
-70.5822
-70.5835
-70.5848
-70.586
-70.5873
-70.5885
-70.5897
-70.5909
-70.5921
-70.5932
-70.5944
-70.5955
-70.5966
-70.5977
-70.5988
-70.5999
-70.601
-70.602
-70.603
-70.6041
-70.6051
-70.6061
-70.6071
-70.608
-70.609
-70.6099
-70.6109
-70.6118
-70.6127
-70.6136
-70.6145
-70.6154
-70.6162
-70.6171
-70.6179
-70.6187
-70.6196
-70.6204
-70.6212
-70.622
-70.6227
-70.6235
-70.6242
-70.625
-70.6257
-70.6265
-70.6272
-70.6279
-70.6286
-70.6293
-70.6299
-70.6306
-70.6313
-70.6319
-70.6325
-70.6332
-70.6338
-70.6344
-70.635
-70.6356
-70.6362
-70.6368
-70.6374
-70.6379
-70.6385
-70.639
-70.6396
-70.6401
-70.6406
-70.6411
-70.6417
-70.6422
-70.6427
-70.6431
-70.6436
-70.6441
-70.6446
-70.645
-70.6455
-70.6459
-70.6464
-70.6468
-70.6472
-70.6476
-70.6481
-70.6485
-70.6489
-70.6493
-70.6497
-70.65
-70.6504
-70.6508
-70.6512
-70.6515
-70.6519
-70.6522
-70.6526
-70.6529
-70.6533
-70.6536
-70.6539
-70.6542
-70.6545
-70.6549
-70.6552
-70.6555
-70.6558
-70.656
-70.6563
-70.6566
-70.6569
-70.6572
-70.6574
-70.6577
-70.658
-70.6582
-70.6585
-70.6587
-70.6589
-70.6592
-70.6594
-70.6597
-70.6599
-70.6601
-70.6603
-70.6605
-70.6607
-70.661
-70.6612
-70.6614
-70.6616
-70.6617
-70.6619
-70.6621
-70.6623
-70.6625
-70.6627
-70.6628
-70.663
-70.6632
-70.6633
-70.6635
-70.6637
-70.6638
-70.664
-70.6641
-70.6643
-70.6644
-70.6646
-70.6647
-70.6648
-70.665
-70.6651
-70.6652
-70.6653
-70.6655
-70.6656
-70.6657
-70.6658
-70.6659
-70.666
-70.6662
-70.6663
-70.6664
-70.6665
-70.6666
-70.6667
-70.6668
-70.6669
-70.667
-70.667
-70.6671
-70.6672
-70.6673
-70.6674
-70.6675
-70.6675
-70.6676
-70.6677
-70.6678
-70.6678
-70.6679
-70.668
-70.668
-70.6681
-70.6682
-70.6682
-70.6683
-70.6683
-70.6684
-70.6685
-70.6685
-70.6686
-70.6686
-70.6687
-70.6687
-70.6688
-70.6688
-70.6688
-70.6689
-70.6689
-70.669
-70.669
-70.669
-70.6691
-70.6691
-70.6691
-70.6692
-70.6692
-70.6692
-70.6693
-70.6693
-70.6693
-70.6694
-70.6694
-70.6694
-70.6694
-70.6694
-70.6695
-70.6695
-70.6695
-70.6695
-70.6695
-70.6696
-70.6696
-70.6696
-70.6696
-70.6696
-70.6696
-70.6696
-70.6697
-70.6697
-70.6697
-70.6697
-70.6697
-70.6697
-70.6697
-70.6697
-70.6697
-70.6697
-70.6697
-70.6697
-70.6697
-70.6697
-70.6697
-70.6697
-70.6697
-70.6697
-70.6697
-70.6697
-70.6697
-70.6697
-70.6697
-70.6697
-70.6697
-70.6697
-70.6697
-70.6697
-70.6697
-70.6697
-70.6697
-70.6697
-70.6697
-70.6697
-70.6697
-70.6696
-70.6696
-70.6696
-70.6696
-70.6696
-70.6696
-70.6696
-70.6696
-70.6696
-70.6695
-70.6695
-70.6695
-70.6695
-70.6695
-70.6695
-70.6695
-70.6695
-70.6694
-70.6694
-70.6694
-70.6694
-70.6694
-70.6694
-70.6693
-70.6693
-70.6693
-70.6693
-70.6693
-70.6693
-70.6693
-70.6692
-70.6692
-70.6692
-70.6692
-70.6692
-70.6691
-70.6691
-70.6691
-70.6691
-70.6691
-70.6691
-70.669
-70.669
-70.669
-70.669
-70.669
-70.6689
-70.6689
-70.6689
-70.6689
-70.6689
-70.6688
-70.6688
-70.6688
-70.6688
-70.6688
-70.6687
-70.6687
-70.6687
-70.6687
-70.6686
-70.6686
-70.6686
-70.6686
-70.6686
-70.6685
-70.6685
-70.6685
-70.6685
-70.6685
-70.6684
-70.6684
-70.6684
-70.6684
-70.6684
-70.6683
-70.6683
-70.6683
-70.6683
-70.6682
-70.6682
-70.6682
-70.6682
-70.6682
-70.6681
-70.6681
-70.6681
-70.6681
-70.6681
-70.6703
-70.9681
-71.8677
-72.768
-70.6778
-55.197
-51.4221
-49.5106
-47.2311
-39.2132
-1.62101
-33.1392
-65.3988
-68.7915
-67.8248
-66.7662
-65.6848
-64.5992
-63.5272
-62.4858
-61.4903
-60.5549
-59.6659
-58.7527
-57.9669
-57.2875
-56.6931
-56.1749
-55.7258
-55.3307
-54.9825
-54.691
-54.45
-54.2519
-54.0898
-53.9553
-53.8371
-53.7402
-53.6644
-53.6054
-53.5598
-53.5248
-53.4979
-53.4719
-53.4486
-53.4322
-53.4212
-53.4141
-53.4099
-53.4078
-53.4073
-53.4057
-53.3995
-53.3939
-53.3915
-53.3914
-53.3927
-53.3948
-53.3974
-53.4005
-53.4038
-53.4074
-53.4081
-53.4041
-53.3984
-53.396
-53.3959
-53.3971
-53.3991
-53.4014
-53.404
-53.4068
-53.4096
-53.4126
-53.4156
-53.4187
-53.4219
-53.425
-53.4255
-53.4154
-53.408
-53.4006
-53.3969
-53.3954
-53.3947
-53.3939
-53.3924
-53.3894
-53.3829
-53.3664
-53.2654
-52.9398
-52.924
-53.0025
-53.0825
-53.1439
-53.1863
-53.2146
-53.2342
-53.249
-53.2621
-53.2753
-53.2903
-53.3087
-53.3465
-53.3983
-53.4209
-53.4318
-53.4353
-53.4359
-53.4368
-53.4387
-53.4421
-53.4469
-53.4531
-53.4604
-53.4688
-53.4785
-53.4895
-53.5019
-53.5157
-53.5311
-53.548
-53.5668
-53.5875
-53.6102
-53.6351
-53.6624
-53.6923
-53.7251
-53.761
-53.8003
-53.8433
-53.8901
-53.9411
-53.9966
-54.0569
-54.1224
-54.1935
-54.2703
-53.6938
-53.4659
-53.4083
-53.4053
-53.4059
-53.3917
-53.3915
-53.3994
-53.4105
-53.4225
-53.4348
-53.447
-53.4591
-53.4711
-53.4833
-53.4958
-53.5086
-53.522
-53.5362
-53.5511
-53.5671
-53.5842
-53.6029
-53.6239
-53.6465
-53.6705
-53.6964
-53.7244
-53.7549
-53.788
-53.8239
-53.8629
-53.9053
-53.9531
-54.0051
-54.0607
-54.1203
-54.1843
-54.2531
-54.3268
-54.41
-54.5031
-53.8419
-53.4276
-53.3319
-53.3266
-53.3458
-53.3705
-53.3709
-53.3693
-53.3759
-53.3863
-53.3975
-53.4089
-53.4201
-53.431
-53.4414
-53.4516
-53.4616
-53.4718
-53.4822
-53.4935
-53.5054
-53.518
-53.5319
-53.5472
-53.5638
-53.5813
-53.5999
-53.6197
-53.641
-53.6643
-53.691
-53.7202
-53.7519
-53.7879
-53.8267
-53.8705
-53.9175
-53.9669
-54.0196
-54.0759
-54.137
-54.2072
-54.2825
-54.3627
-54.453
-54.5486
-54.6505
-54.7646
-54.8839
-55.0078
-55.1374
-53.9492
-53.3326
-53.2106
-53.2154
-53.2509
-53.2904
-53.3269
-53.3593
-53.3751
-53.3686
-53.3713
-53.3794
-53.3894
-53.4
-53.4104
-53.4203
-53.4302
-53.44
-53.4496
-53.4591
-53.4694
-53.4802
-53.4913
-53.5028
-53.5152
-53.5293
-53.5445
-53.5605
-53.5788
-53.5988
-53.62
-53.6426
-53.6671
-53.6958
-53.7272
-53.7627
-53.8016
-53.8427
-53.8868
-53.9375
-53.9925
-53.8752
-53.4981
-53.3912
-53.3714
-53.3777
-53.3917
-53.4071
-53.4221
-53.4365
-53.4251
-53.4131
-53.4107
-53.4132
-53.4179
-53.4236
-53.4299
-53.4369
-53.4444
-53.4525
-53.4609
-53.4695
-53.4791
-53.49
-53.5025
-53.5155
-53.529
-53.5433
-53.5588
-53.5766
-53.5998
-53.6319
-53.6724
-53.7327
-53.8044
-53.8757
-53.9439
-54.0095
-54.0743
-54.1529
-54.2718
-54.4171
-54.581
-54.7602
-54.937
-55.1056
-55.2704
-55.4384
-55.6144
-55.821
-56.0799
-56.3693
-56.6701
-56.9916
-57.3187
-57.6457
-57.9754
-58.313
-58.6604
-59.0294
-59.454
-59.9193
-60.3959
-60.8895
-61.3953
-61.8905
-62.3754
-62.8538
-63.3271
-63.8024
-64.3086
-64.8493
-65.3873
-65.916
-66.4377
-66.9416
-67.4134
-67.8558
-68.2739
-68.6708
-69.0612
-69.4641
-69.8642
-70.2417
-70.5996
-70.9363
-71.2482
-71.5281
-71.7788
-72.0064
-72.215
-72.4176
-72.622
-72.8191
-72.9997
-73.168
-73.3215
-73.4603
-73.5817
-73.6861
-73.7771
-73.8598
-73.9399
-74.0218
-74.101
-74.1723
-74.2377
-74.2961
-74.3485
-74.3936
-74.4306
-74.4603
-74.4865
-74.513
-74.5414
-74.5705
-74.5974
-74.6215
-74.6439
-74.6625
-74.6792
-74.6924
-74.7011
-74.7067
-74.7119
-74.7187
-74.7287
-74.739
-74.7481
-74.756
-74.7635
-74.7689
-74.7739
-74.7768
-74.777
-74.7756
-74.774
-74.7751
-74.7788
-74.7838
-74.7879
-74.7913
-74.7941
-74.7951
-74.7953
-74.7953
-74.7941
-74.7911
-74.7877
-74.7862
-74.7866
-74.7883
-74.7908
-74.7925
-74.7939
-74.7945
-74.7932
-74.7914
-74.7908
-74.7895
-74.7873
-74.7853
-74.7847
-74.7844
-74.7852
-74.7857
-74.7862
-74.7867
-74.7862
-74.7843
-74.7818
-74.7809
-74.7799
-74.7783
-74.777
-74.7753
-74.7748
-74.7749
-74.7748
-74.7749
-74.7752
-74.7747
-74.7738
-74.7721
-74.7711
-74.7699
-74.7693
-74.7691
-74.7684
-74.7662
-74.765
-74.7651
-74.7643
-74.7639
-74.764
-74.763
-74.7606
-74.76
-74.7586
-74.7558
-74.7551
-74.7566
-74.7571
-74.7557
-74.7541
-74.753
-74.7532
-74.7528
-74.7518
-74.7523
-74.7511
-74.7486
-74.7476
-74.7454
-74.7427
-74.7425
-74.7447
-74.7458
-74.7449
-74.7439
-74.7421
-74.7397
-74.7392
-74.7399
-74.7392
-74.74
-74.7392
-74.7345
-74.7307
-74.7293
-74.7284
-74.728
-74.7303
-74.7326
-74.7325
-74.7323
-74.7302
-74.7275
-74.7255
-74.7251
-74.7246
-74.7262
-74.7271
-74.7236
-74.7174
-74.7147
-74.7157
-74.7167
-74.7147
-74.7137
-74.7146
-74.7173
-74.7185
-74.7164
-74.714
-74.7127
-74.7129
-74.7123
-74.7119
-74.7124
-74.7099
-74.7048
-74.7005
-74.7004
-74.7013
-74.7027
-74.7007
-74.6983
-74.6975
-74.6981
-74.6996
-74.6989
-74.6964
-74.6949
-74.6969
-74.6986
-74.696
-74.693
-74.6927
-74.6929
-74.6886
-74.6831
-74.6822
-74.6826
-74.6835
-74.6837
-74.6826
-74.6805
-74.6792
-74.6809
-74.6824
-74.6811
-74.6795
-74.6811
-74.6824
-74.6824
-74.6799
-74.6772
-74.675
-74.6736
-74.6722
-74.6679
-74.6638
-74.6623
-74.662
-74.6613
-74.6601
-74.6579
-74.6553
-74.655
-74.6557
-74.6567
-74.6591
-74.6611
-74.661
-74.6587
-74.6552
-74.6544
-74.6545
-74.653
-74.6518
-74.6513
-74.6484
-74.6437
-74.6421
-74.6423
-74.6412
-74.6393
-74.6375
-74.636
-74.6329
-74.6323
-74.6333
-74.6344
-74.6352
-74.6359
-74.6395
-74.6421
-74.6414
-74.6375
-74.6356
-74.6342
-74.6308
-74.6312
-74.6294
-74.6259
-74.6224
-74.6171
-74.6122
-74.6079
-74.6068
-74.6084
-74.6086
-74.6025
-74.595
-74.5962
-74.6018
-74.6036
-74.6016
-74.5988
-74.5986
-74.6007
-74.6041
-74.6067
-74.6084
-74.6065
-74.6042
-74.6013
-74.5976
-74.596
-74.5916
-74.5869
-74.5866
-74.5857
-74.583
-74.5792
-74.5764
-74.5748
-74.5746
-74.5752
-74.5731
-74.5704
-74.5691
-74.567
-74.5623
-74.5622
-74.5637
-74.566
-74.5653
-74.5671
-74.5699
-74.5724
-74.575
-74.5761
-74.5775
-74.5797
-74.5774
-74.5695
-74.5605
-74.5572
-74.5558
-74.554
-74.5506
-74.5443
-74.5358
-74.5306
-74.5237
-74.5177
-74.5156
-74.5183
-74.519
-74.5178
-74.5167
-74.5122
-74.5066
-74.5033
-74.5013
-74.5006
-74.5016
-74.5027
-74.5074
-74.5118
-74.5123
-74.5122
-74.5102
-74.5096
-74.5159
-74.5245
-74.5282
-74.5263
-74.5186
-74.5129
-74.5126
-74.5111
-74.5051
-74.4976
-74.4877
-74.4796
-74.4778
-74.4751
-74.4715
-74.4667
-74.461
-74.4529
-74.4463
-74.4471
-74.4478
-74.4452
-74.4407
-74.4364
-74.4329
-74.428
-74.4292
-74.432
-74.4325
-74.4371
-74.4408
-74.4404
-74.4406
-74.4418
-74.4443
-74.4464
-74.45
-74.454
-74.4583
-74.4636
-74.467
-74.4692
-74.4715
-74.475
-74.475
-74.4693
-74.4608
-74.45
-74.4401
-74.4307
-74.4257
-74.4219
-74.4151
-74.41
-74.4015
-74.3919
-74.3821
-74.3714
-74.3626
-74.3515
-74.3397
-74.333
-74.3367
-74.3428
-74.3422
-74.3342
-74.3232
-74.3161
-74.3133
-74.3137
-74.3172
-74.3205
-74.3249
-74.3266
-74.321
-74.3152
-74.3161
-74.3171
-74.3159
-74.3143
-74.3121
-74.3142
-74.3189
-74.3208
-74.3173
-74.32
-74.3301
-74.342
-74.3551
-74.3618
-74.3627
-74.36
-74.3591
-74.3587
-74.3555
-74.3475
-74.3382
-74.3267
-74.3161
-74.3123
-74.3084
-74.2992
-74.289
-74.2777
-74.2641
-74.2468
-74.2308
-74.2177
-74.2111
-74.2106
-74.2096
-74.2031
-74.1919
-74.1803
-74.1695
-74.1608
-74.152
-74.1441
-74.1458
-74.1533
-74.1615
-74.1629
-74.1641
-74.1714
-74.1743
-74.1709
-74.1629
-74.1562
-74.1469
-74.1395
-74.1388
-74.1373
-74.1346
-74.1362
-74.1379
-74.1359
-74.1264
-74.1127
-74.1038
-74.0988
-74.0945
-74.0961
-74.0974
-74.092
-74.084
-74.0782
-74.0778
-74.0766
-74.0812
-74.1056
-74.1404
-74.1671
-74.1857
-74.2024
-74.2109
-74.2102
-74.2035
-74.1904
-74.1764
-74.168
-74.1645
-74.1617
-74.1565
-74.1445
-74.1286
-74.1211
-74.1206
-74.1231
-74.1196
-74.1089
-74.0964
-74.0862
-74.0737
-74.0608
-74.0481
-74.0319
-74.0151
-73.9975
-73.9847
-73.9737
-73.9585
-73.9382
-73.9139
-73.8873
-73.8712
-73.8734
-73.8831
-73.8951
-73.9034
-73.9017
-73.8942
-73.8886
-73.8844
-73.8781
-73.8736
-73.8636
-73.8522
-73.8443
-73.8372
-73.8321
-73.8229
-73.8145
-73.8068
-73.8037
-73.8032
-73.8052
-73.8101
-73.8206
-73.8479
-73.8738
-73.896
-73.9203
-73.9397
-73.9484
-73.9497
-73.9425
-73.9285
-73.9095
-73.8918
-73.8787
-73.8635
-73.8468
-73.8303
-73.814
-73.7976
-73.7775
-73.7572
-73.7407
-73.732
-73.722
-73.7064
-73.6859
-73.6619
-73.6402
-73.6281
-73.6143
-73.5957
-73.5734
-73.5545
-73.5365
-73.5154
-73.4913
-73.4762
-73.4762
-73.476
-73.4862
-73.4961
-73.5027
-73.5029
-73.5018
-73.5054
-73.5028
-73.4956
-73.4963
-73.4942
-73.4892
-73.4847
-73.4818
-73.4743
-73.4608
-73.4441
-73.4314
-73.4208
-73.4125
-73.4002
-73.3896
-73.3793
-73.3646
-73.3508
-73.347
-73.3431
-73.347
-73.3538
-73.3661
-73.3882
-73.4154
-73.4331
-73.4378
-73.4355
-73.433
-73.4259
-73.4205
-73.4128
-73.3998
-73.3823
-73.3638
-73.3538
-73.3585
-73.3705
-73.3749
-73.3698
-73.3577
-73.3412
-73.3335
-73.3324
-73.3264
-73.3158
-73.3086
-73.2988
-73.2841
-73.2654
-73.2439
-73.2203
-73.1952
-73.1692
-73.1424
-73.1151
-73.0874
-73.0594
-73.0313
-73.0031
-72.9748
-72.9466
-72.9184
-72.8903
-72.8624
-72.8346
-72.8069
-72.7795
-72.7531
-72.7415
-72.7448
-72.7455
-72.7394
-72.7278
-72.7122
-72.6941
-72.6741
-72.6529
-72.6309
-72.6083
-72.5854
-72.5622
-72.5389
-72.5155
-72.4921
-72.4687
-72.4454
-72.4223
-72.3992
-72.3763
-72.3536
-72.3311
-72.3088
-72.2867
-72.2647
-72.243
-72.2215
-72.2003
-72.1792
-72.1584
-72.1378
-72.1174
-72.0972
-72.0773
-72.0575
-72.038
-72.0188
-71.9997
-71.9809
-71.9622
-71.9438
-71.9256
-71.9077
-71.8899
-71.8723
-71.855
-71.8378
-71.8209
-71.8041
-71.7876
-71.7712
-71.755
-71.7391
-71.7233
-71.7077
-71.6923
-71.6771
-71.6621
-71.6473
-71.6326
-71.6181
-71.6038
-71.5897
-71.5757
-71.5619
-71.5483
-71.5349
-71.5216
-71.5084
-71.4955
-71.4827
-71.47
-71.4576
-71.4452
-71.4331
-71.421
-71.4092
-71.3975
-71.3859
-71.3744
-71.3632
-71.352
-71.341
-71.3302
-71.3195
-71.3089
-71.2984
-71.2881
-71.278
-71.2679
-71.258
-71.2482
-71.2386
-71.2291
-71.2197
-71.2104
-71.2012
-71.1922
-71.1833
-71.1745
-71.1658
-71.1572
-71.1487
-71.1404
-71.1321
-71.124
-71.116
-71.1081
-71.1002
-71.0925
-71.0849
-71.0774
-71.07
-71.0627
-71.0555
-71.0484
-71.0414
-71.0345
-71.0276
-71.0209
-71.0143
-71.0077
-71.0013
-70.9949
-70.9886
-70.9824
-70.9763
-70.9703
-70.9643
-70.9585
-70.9527
-70.947
-70.9413
-70.9358
-70.9303
-70.9249
-70.9196
-70.9144
-70.9092
-70.9041
-70.8991
-70.8942
-70.8893
-70.8845
-70.8797
-70.8751
-70.8705
-70.8659
-70.8615
-70.8571
-70.8527
-70.8484
-70.8442
-70.8401
-70.836
-70.8319
-70.828
-70.824
-70.8202
-70.8164
-70.8126
-70.809
-70.8053
-70.8018
-70.7982
-70.7948
-70.7913
-70.788
-70.7847
-70.7814
-70.7782
-70.775
-70.7719
-70.7688
-70.7658
-70.7629
-70.7599
-70.757
-70.7542
-70.7514
-70.7487
-70.746
-70.7433
-70.7407
-70.7381
-70.7356
-70.7331
-70.7307
-70.7282
-70.7259
-70.7235
-70.7212
-70.719
-70.7168
-70.7146
-70.7124
-70.7103
-70.7082
-70.7062
-70.7042
-70.7022
-70.7003
-70.6984
-70.6965
-70.6947
-70.6929
-70.6911
-70.6893
-70.6876
-70.686
-70.6843
-70.6827
-70.6811
-70.6795
-70.678
-70.6765
-70.675
-70.6735
-70.6721
-70.6707
-70.6693
-70.668
-70.6666
-70.6653
-70.6641
-70.6628
-70.6616
-70.6604
-70.6592
-70.658
-70.6569
-70.6558
-70.6547
-70.6536
-70.6526
-70.6516
-70.6506
-70.6496
-70.6486
-70.6477
-70.6467
-70.6458
-70.6449
-70.6441
-70.6432
-70.6424
-70.6416
-70.6408
-70.64
-70.6393
-70.6385
-70.6378
-70.6371
-70.6364
-70.6357
-70.6351
-70.6344
-70.6338
-70.6332
-70.6326
-70.632
-70.6314
-70.6309
-70.6303
-70.6298
-70.6293
-70.6288
-70.6283
-70.6278
-70.6274
-70.6269
-70.6265
-70.626
-70.6256
-70.6252
-70.6248
-70.6245
-70.6241
-70.6237
-70.6234
-70.6231
-70.6227
-70.6224
-70.6221
-70.6218
-70.6216
-70.6213
-70.621
-70.6208
-70.6205
-70.6203
-70.6201
-70.6199
-70.6197
-70.6195
-70.6193
-70.6191
-70.6189
-70.6187
-70.6186
-70.6184
-70.6183
-70.6182
-70.618
-70.6179
-70.6178
-70.6177
-70.6176
-70.6175
-70.6174
-70.6173
-70.6173
-70.6172
-70.6171
-70.6171
-70.617
-70.617
-70.617
-70.6169
-70.6169
-70.6169
-70.6169
-70.6169
-70.6168
-70.6168
-70.6169
-70.6169
-70.6169
-70.6169
-70.6169
-70.617
-70.617
-70.617
-70.6171
-70.6171
-70.6172
-70.6172
-70.6173
-70.6173
-70.6174
-70.6175
-70.6175
-70.6176
-70.6177
-70.6178
-70.6179
-70.618
-70.618
-70.6181
-70.6182
-70.6183
-70.6184
-70.6186
-70.6187
-70.6188
-70.6189
-70.619
-70.6191
-70.6192
-70.6194
-70.6195
-70.6196
-70.6198
-70.6199
-70.62
-70.6202
-70.6203
-70.6204
-70.6206
-70.6207
-70.6209
-70.621
-70.6212
-70.6213
-70.6215
-70.6216
-70.6218
-70.622
-70.6221
-70.6223
-70.6224
-70.6226
-70.6228
-70.6229
-70.6231
-70.6233
-70.6234
-70.6236
-70.6238
-70.624
-70.6241
-70.6243
-70.6245
-70.6247
-70.6248
-70.625
-70.6252
-70.6254
-70.6255
-70.6257
-70.6259
-70.6261
-70.6263
-70.6264
-70.6266
-70.6268
-70.627
-70.6272
-70.6274
-70.6276
-70.6277
-70.6279
-70.6281
-70.6283
-70.6285
-70.6287
-70.6289
-70.629
-70.6292
-70.6294
-70.6296
-70.6298
-70.63
-70.6302
-70.6303
-70.6305
-70.6307
-70.6309
-70.6311
-70.6313
-70.6315
-70.6317
-70.6318
-70.632
-70.6322
-70.6324
-70.6326
-70.6328
-70.633
-70.6331
-70.6333
-70.6335
-70.6337
-70.6339
-70.6341
-70.6342
-70.6344
-70.6346
-70.6348
-70.635
-70.6352
-70.6353
-70.6355
-70.6357
-70.6359
-70.636
-70.6362
-70.6364
-70.6366
-70.6368
-70.6369
-70.6371
-70.6373
-70.6375
-70.6376
-70.6378
-70.638
-70.6382
-70.6383
-70.6385
-70.6387
-70.6388
-70.639
-70.6392
-70.6394
-70.6395
-70.6397
-70.6399
-70.64
-70.6402
-70.6404
-70.6405
-70.6407
-70.6408
-70.641
-70.6412
-70.6413
-70.6415
-70.6417
-70.6418
-70.642
-70.6421
-70.6423
-70.6424
-70.6426
-70.6427
-70.6429
-70.6431
-70.6432
-70.6434
-70.6435
-70.6437
-70.6438
-70.644
-70.6441
-70.6443
-70.6444
-70.6446

