-70
-70.1661
-70.23
-70.2566
-70.2695
-70.2773
-70.283
-70.2879
-70.2925
-70.297
-70.3014
-70.3057
-70.31
-70.3142
-70.3185
-70.3226
-70.3268
-70.3309
-70.335
-70.3391
-70.3431
-70.3471
-70.351
-70.3549
-70.3588
-70.3626
-70.3664
-70.3701
-70.3738
-70.3775
-70.3811
-70.3847
-70.3883
-70.3918
-70.3953
-70.3987
-70.4021
-70.4055
-70.4088
-70.4121
-70.4154
-70.4186
-70.4218
-70.4249
-70.428
-70.4311
-70.4341
-70.4372
-70.4401
-70.4431
-70.446
-70.4489
-70.4517
-70.4545
-70.4573
-70.4601
-70.4628
-70.4655
-70.4682
-70.4708
-70.4734
-70.476
-70.4785
-70.481
-70.4835
-70.486
-70.4884
-70.4908
-70.4932
-70.4955
-70.4978
-70.5001
-70.5024
-70.5046
-70.5068
-70.509
-70.5112
-70.5133
-70.5154
-70.5175
-70.5196
-70.5216
-70.5236
-70.5256
-70.5276
-70.5295
-70.5315
-70.5334
-70.5352
-70.5371
-70.5389
-70.5407
-70.5425
-70.5443
-70.5461
-70.5478
-70.5495
-70.5512
-70.5528
-70.5545
-70.5561
-70.5577
-70.5593
-70.5609
-70.5624
-70.5639
-70.5655
-70.5669
-70.5684
-70.5699
-70.5713
-70.5727
-70.5741
-70.5755
-70.5769
-70.5782
-70.5796
-70.5809
-70.5822
-70.5835
-70.5848
-70.586
-70.5873
-70.5885
-70.5897
-70.5909
-70.5921
-70.5932
-70.5944
-70.5955
-70.5966
-70.5977
-70.5988
-70.5999
-70.601
-70.602
-70.603
-70.6041
-70.6051
-70.6061
-70.6071
-70.608
-70.609
-70.6099
-70.6109
-70.6118
-70.6127
-70.6136
-70.6145
-70.6154
-70.6162
-70.6171
-70.6179
-70.6187
-70.6196
-70.6204
-70.6212
-70.622
-70.6227
-70.6235
-70.6242
-70.625
-70.6257
-70.6265
-70.6272
-70.6279
-70.6286
-70.6293
-70.6299
-70.6306
-70.6313
-70.6319
-70.6325
-70.6332
-70.6338
-70.6344
-70.635
-70.6356
-70.6362
-70.6368
-70.6374
-70.6379
-70.6385
-70.639
-70.6396
-70.6401
-70.6406
-70.6411
-70.6417
-70.6422
-70.6427
-70.6431
-70.6436
-70.6441
-70.6446
-70.645
-70.6455
-70.6459
-70.6464
-70.6468
-70.6472
-70.6476
-70.6481
-70.6485
-70.6489
-70.6493
-70.6497
-70.65
-70.6504
-70.6508
-70.6512
-70.6515
-70.6519
-70.6522
-70.6526
-70.6529
-70.6533
-70.6536
-70.6539
-70.6542
-70.6545
-70.6549
-70.6552
-70.6555
-70.6558
-70.656
-70.6563
-70.6566
-70.6569
-70.6572
-70.6574
-70.6577
-70.658
-70.6582
-70.6585
-70.6587
-70.6589
-70.6592
-70.6594
-70.6597
-70.6599
-70.6601
-70.6603
-70.6605
-70.6607
-70.661
-70.6612
-70.6614
-70.6616
-70.6617
-70.6619
-70.6621
-70.6623
-70.6625
-70.6627
-70.6628
-70.663
-70.6632
-70.6633
-70.6635
-70.6637
-70.6638
-70.664
-70.6641
-70.6643
-70.6644
-70.6646
-70.6647
-70.6648
-70.665
-70.6651
-70.6652
-70.6653
-70.6655
-70.6656
-70.6657
-70.6658
-70.6659
-70.666
-70.6662
-70.6663
-70.6664
-70.6665
-70.6666
-70.6667
-70.6668
-70.6669
-70.667
-70.667
-70.6671
-70.6672
-70.6673
-70.6674
-70.6675
-70.6675
-70.6676
-70.6677
-70.6678
-70.6678
-70.6679
-70.668
-70.668
-70.6681
-70.6682
-70.6682
-70.6683
-70.6683
-70.6684
-70.6685
-70.6685
-70.6686
-70.6686
-70.6687
-70.6687
-70.6688
-70.6688
-70.6688
-70.6689
-70.6689
-70.669
-70.669
-70.669
-70.6691
-70.6691
-70.6691
-70.6692
-70.6692
-70.6692
-70.6693
-70.6693
-70.6693
-70.6694
-70.6694
-70.6694
-70.6694
-70.6694
-70.6695
-70.6695
-70.6695
-70.6695
-70.6695
-70.6696
-70.6696
-70.6696
-70.6696
-70.6696
-70.6696
-70.6696
-70.6697
-70.6697
-70.6697
-70.6697
-70.6697
-70.6697
-70.6697
-70.6697
-70.6697
-70.6697
-70.6697
-70.6697
-70.6697
-70.6697
-70.6697
-70.6697
-70.6697
-70.6697
-70.6697
-70.6697
-70.6697
-70.6697
-70.6697
-70.6697
-70.6697
-70.6697
-70.6697
-70.6697
-70.6697
-70.6697
-70.6697
-70.6697
-70.6697
-70.6697
-70.6697
-70.6696
-70.6696
-70.6696
-70.6696
-70.6696
-70.6696
-70.6696
-70.6696
-70.6696
-70.6695
-70.6695
-70.6695
-70.6695
-70.6695
-70.6695
-70.6695
-70.6695
-70.6694
-70.6694
-70.6694
-70.6694
-70.6694
-70.6694
-70.6693
-70.6693
-70.6693
-70.6693
-70.6693
-70.6693
-70.6693
-70.6692
-70.6692
-70.6692
-70.6692
-70.6692
-70.6691
-70.6691
-70.6691
-70.6691
-70.6691
-70.6691
-70.669
-70.669
-70.669
-70.669
-70.669
-70.6689
-70.6689
-70.6689
-70.6689
-70.6689
-70.6688
-70.6688
-70.6688
-70.6688
-70.6688
-70.6687
-70.6687
-70.6687
-70.6687
-70.6686
-70.6686
-70.6686
-70.6686
-70.6686
-70.6685
-70.6685
-70.6685
-70.6685
-70.6685
-70.6684
-70.6684
-70.6684
-70.6684
-70.6684
-70.6683
-70.6683
-70.6683
-70.6683
-70.6682
-70.6682
-70.6682
-70.6682
-70.6682
-70.6681
-70.6681
-70.6681
-70.6681
-70.6681
-70.6789
-70.8872
-71.542
-72.436
-73.2337
-73.782
-74.0684
-71.3725
-55.4492
-51.5572
-49.6202
-47.3365
-39.323
-1.57271
-33.0484
-65.5679
-68.9648
-68.0112
-66.9681
-65.9019
-64.8311
-63.7748
-62.7508
-61.774
-60.8572
-59.769
-58.8606
-58.0851
-57.4049
-56.8078
-56.2874
-55.825
-55.3969
-55.0421
-54.7485
-54.5059
-54.3072
-54.1456
-53.9938
-53.8675
-53.7698
-53.6946
-53.637
-53.5932
-53.5606
-53.5264
-53.4914
-53.4676
-53.4525
-53.4435
-53.4386
-53.4368
-53.4373
-53.439
-53.425
-53.414
-53.4094
-53.4089
-53.4108
-53.4142
-53.4186
-53.4236
-53.4291
-53.4351
-53.4414
-53.4315
-53.4169
-53.4107
-53.4096
-53.4112
-53.4142
-53.4179
-53.422
-53.4265
-53.4311
-53.4358
-53.4407
-53.4452
-53.4491
-53.4525
-53.4552
-53.4554
-53.4236
-53.4047
-53.3964
-53.3919
-53.3875
-53.3805
-53.3652
-53.3142
-52.8845
-52.6354
-52.7175
-52.8507
-52.9637
-53.0454
-53.1007
-53.1376
-53.1637
-53.1847
-53.2045
-53.2257
-53.2508
-53.2821
-53.3224
-53.3743
-53.4393
-53.5164
-53.5401
-53.4949
-53.477
-53.4726
-53.4751
-53.4816
-53.4907
-53.5021
-53.5156
-53.5311
-53.5488
-53.5687
-53.5909
-53.6156
-53.6428
-53.6728
-53.7059
-53.7423
-53.7822
-53.826
-53.8739
-53.9261
-53.9831
-54.045
-54.1123
-54.1854
-54.2645
-54.3498
-54.442
-54.5415
-54.649
-54.7647
-54.8894
-55.0237
-55.1683
-55.3234
-54.6135
-53.5346
-53.2743
-53.2407
-53.2685
-53.3103
-53.3526
-53.3918
-53.4275
-53.4603
-53.4912
-53.5207
-53.5489
-53.5766
-53.6041
-53.6321
-53.6609
-53.6909
-53.7226
-53.7562
-53.7927
-53.8327
-53.8754
-53.9209
-53.9698
-54.0223
-54.0789
-54.1399
-54.2056
-54.2761
-54.3517
-54.4357
-54.5271
-54.6239
-54.7267
-54.8359
-54.9524
-55.0767
-55.2117
-55.3664
-55.5288
-55.6959
-55.8767
-55.0801
-53.4868
-53.136
-53.0995
-53.1418
-53.199
-53.2539
-53.3024
-53.3445
-53.381
-53.4135
-53.4431
-53.4701
-53.4953
-53.5193
-53.5428
-53.5666
-53.5915
-53.617
-53.6431
-53.6704
-53.6993
-53.7322
-53.7676
-53.805
-53.8447
-53.8871
-53.9351
-53.9883
-54.0446
-54.104
-54.1674
-54.235
-54.308
-54.3921
-54.4822
-54.5761
-54.6746
-54.785
-54.9062
-55.0321
-55.1626
-55.2988
-55.4411
-55.5894
-55.7444
-55.9199
-56.1087
-56.2998
-56.4985
-56.7176
-56.9387
-57.1573
-54.1316
-53.0646
-52.8834
-52.9185
-53.0026
-53.0885
-53.1644
-53.228
-53.2815
-53.3271
-53.366
-53.3999
-53.4299
-53.4572
-53.4826
-53.5069
-53.5304
-53.5539
-53.5778
-53.6043
-53.6338
-53.6651
-53.6972
-53.7306
-53.766
-53.8039
-53.8446
-53.8885
-53.9359
-53.9872
-54.049
-54.1216
-54.1969
-54.2746
-54.3556
-54.4412
-54.5323
-54.6295
-54.7331
-54.8435
-53.6201
-53.2964
-53.2429
-53.2588
-53.2902
-53.3223
-53.3516
-53.3778
-53.4011
-53.4222
-53.4416
-53.4599
-53.4781
-53.4967
-53.5152
-53.5353
-53.5582
-53.5821
-53.6062
-53.6311
-53.6572
-53.6852
-53.7157
-53.7563
-53.8223
-53.9203
-54.0303
-54.1549
-54.2841
-54.4043
-54.5163
-54.6268
-54.7547
-54.9277
-55.1939
-55.491
-55.7895
-56.0818
-56.36
-56.6275
-56.8916
-57.1617
-57.4642
-57.8249
-58.2694
-58.764
-59.25
-59.7246
-60.1814
-60.6256
-61.0642
-61.5061
-61.9669
-62.4633
-63.0023
-63.5773
-64.1474
-64.6964
-65.2214
-65.7186
-66.1915
-66.646
-67.0912
-67.5385
-68.0001
-68.4706
-68.936
-69.3687
-69.7698
-70.1383
-70.4725
-70.777
-71.0587
-71.3252
-71.5901
-71.8538
-72.1139
-72.3591
-72.5785
-72.777
-72.954
-73.1091
-73.2466
-73.3693
-73.4843
-73.5981
-73.711
-73.821
-73.9227
-74.0101
-74.0878
-74.1565
-74.2153
-74.2646
-74.3067
-74.3464
-74.387
-74.4295
-74.4725
-74.5123
-74.5455
-74.5725
-74.5972
-74.6176
-74.6331
-74.6445
-74.655
-74.6665
-74.6806
-74.6964
-74.7115
-74.7246
-74.7339
-74.7407
-74.7477
-74.7524
-74.7546
-74.7558
-74.7574
-74.7611
-74.7664
-74.773
-74.7788
-74.7828
-74.7848
-74.785
-74.7856
-74.7855
-74.7835
-74.7813
-74.7798
-74.7811
-74.7832
-74.7867
-74.7894
-74.7912
-74.7912
-74.7898
-74.788
-74.7865
-74.7843
-74.7822
-74.7803
-74.781
-74.7828
-74.7843
-74.7862
-74.7866
-74.7861
-74.7836
-74.781
-74.778
-74.7749
-74.7714
-74.7698
-74.7699
-74.7721
-74.7746
-74.7758
-74.7774
-74.7775
-74.7761
-74.7729
-74.77
-74.767
-74.764
-74.7609
-74.7582
-74.7592
-74.7606
-74.7625
-74.7638
-74.7653
-74.7671
-74.766
-74.7634
-74.7599
-74.7556
-74.7519
-74.7491
-74.7468
-74.7456
-74.7464
-74.7489
-74.7505
-74.7506
-74.7517
-74.7545
-74.7543
-74.7526
-74.7491
-74.7442
-74.7391
-74.7353
-74.7335
-74.7344
-74.7346
-74.7347
-74.737
-74.7391
-74.7381
-74.7382
-74.7409
-74.7425
-74.7413
-74.7365
-74.7306
-74.7255
-74.7203
-74.7183
-74.722
-74.7224
-74.7216
-74.7231
-74.725
-74.7243
-74.7222
-74.7216
-74.7229
-74.7241
-74.7238
-74.7204
-74.7151
-74.7108
-74.7068
-74.706
-74.7091
-74.7115
-74.7127
-74.713
-74.713
-74.712
-74.71
-74.7086
-74.7087
-74.7075
-74.7061
-74.7044
-74.7019
-74.6973
-74.6953
-74.694
-74.6925
-74.6921
-74.6947
-74.6979
-74.6974
-74.6951
-74.6935
-74.6924
-74.6893
-74.6871
-74.6868
-74.687
-74.6858
-74.6837
-74.6808
-74.6815
-74.684
-74.6848
-74.6832
-74.6796
-74.6793
-74.6847
-74.6858
-74.6849
-74.6822
-74.6778
-74.6731
-74.6697
-74.6682
-74.668
-74.6685
-74.6667
-74.6642
-74.6603
-74.6595
-74.6616
-74.6625
-74.6616
-74.6577
-74.6552
-74.6571
-74.6628
-74.6665
-74.6655
-74.6608
-74.6537
-74.6464
-74.6416
-74.6418
-74.6454
-74.6485
-74.6487
-74.6474
-74.6481
-74.6466
-74.6448
-74.6438
-74.642
-74.6378
-74.6351
-74.6362
-74.6392
-74.6427
-74.6471
-74.6479
-74.644
-74.6384
-74.6295
-74.621
-74.6165
-74.6161
-74.6221
-74.6273
-74.6289
-74.6296
-74.6275
-74.6223
-74.616
-74.6126
-74.6097
-74.606
-74.6034
-74.6008
-74.6002
-74.6019
-74.6062
-74.6118
-74.6149
-74.6144
-74.6122
-74.6068
-74.6002
-74.5953
-74.5936
-74.5945
-74.5972
-74.6037
-74.6091
-74.6099
-74.6063
-74.6007
-74.5936
-74.5858
-74.5802
-74.5789
-74.5766
-74.5725
-74.5693
-74.5658
-74.5634
-74.5686
-74.5729
-74.5739
-74.5749
-74.5786
-74.5798
-74.5779
-74.575
-74.5708
-74.5661
-74.5636
-74.5657
-74.5698
-74.5725
-74.5753
-74.5766
-74.5737
-74.5687
-74.5615
-74.555
-74.5498
-74.5442
-74.5355
-74.5251
-74.5175
-74.5127
-74.511
-74.5115
-74.5114
-74.5107
-74.5123
-74.518
-74.528
-74.5367
-74.5376
-74.5351
-74.5332
-74.5306
-74.5291
-74.5283
-74.5294
-74.5313
-74.5363
-74.5426
-74.5422
-74.5352
-74.5274
-74.5269
-74.5247
-74.5208
-74.514
-74.5041
-74.49
-74.4781
-74.4715
-74.4686
-74.4624
-74.4534
-74.4498
-74.4491
-74.4482
-74.4443
-74.4441
-74.4505
-74.4598
-74.467
-74.4689
-74.4669
-74.4639
-74.4623
-74.4599
-74.4612
-74.4676
-74.474
-74.48
-74.485
-74.492
-74.4976
-74.4997
-74.4957
-74.487
-74.4791
-74.4714
-74.4607
-74.4527
-74.4507
-74.4441
-74.4341
-74.4211
-74.4096
-74.4043
-74.401
-74.397
-74.3935
-74.3936
-74.3945
-74.3919
-74.3845
-74.3734
-74.3598
-74.3476
-74.3435
-74.3485
-74.3561
-74.3679
-74.3769
-74.3822
-74.3807
-74.3795
-74.3814
-74.3826
-74.3876
-74.3931
-74.3997
-74.4049
-74.4055
-74.4043
-74.408
-74.4135
-74.4149
-74.4142
-74.4092
-74.402
-74.3948
-74.3882
-74.3815
-74.3725
-74.3606
-74.3468
-74.3308
-74.3149
-74.3074
-74.3082
-74.3105
-74.3115
-74.3156
-74.3194
-74.3186
-74.316
-74.3157
-74.3099
-74.2966
-74.2784
-74.2597
-74.2434
-74.2254
-74.2113
-74.2044
-74.1982
-74.1933
-74.1941
-74.1948
-74.1906
-74.1914
-74.2026
-74.2148
-74.2264
-74.2339
-74.2406
-74.2533
-74.2673
-74.2762
-74.2788
-74.2739
-74.2634
-74.2511
-74.243
-74.2391
-74.2431
-74.2528
-74.261
-74.267
-74.2697
-74.2714
-74.2707
-74.2664
-74.259
-74.2503
-74.2378
-74.2291
-74.2208
-74.209
-74.1934
-74.1747
-74.1581
-74.1476
-74.1513
-74.1577
-74.1631
-74.1662
-74.167
-74.1641
-74.1608
-74.1614
-74.1569
-74.1521
-74.1525
-74.1528
-74.1485
-74.1371
-74.1212
-74.1036
-74.0824
-74.0634
-74.0458
-74.0266
-74.0108
-74.0021
-73.9955
-73.9867
-73.9762
-73.9631
-73.9496
-73.9443
-73.9414
-73.938
-73.938
-73.9464
-73.9522
-73.9601
-73.9706
-73.9745
-73.9757
-73.982
-73.984
-73.9805
-73.9778
-73.9846
-73.9965
-74.0013
-74.0029
-74.0075
-74.0144
-74.0155
-74.0154
-74.0134
-74.0139
-74.0187
-74.0252
-74.0336
-74.0418
-74.047
-74.0501
-74.0473
-74.0469
-74.0501
-74.0455
-74.0338
-74.0203
-74.0071
-73.9958
-73.9863
-73.9865
-73.9836
-73.9729
-73.9556
-73.9381
-73.9325
-73.9278
-73.9186
-73.9068
-73.8903
-73.8772
-73.8745
-73.8795
-73.8879
-73.8935
-73.9004
-73.9106
-73.9127
-73.9117
-73.9121
-73.9153
-73.9198
-73.9258
-73.9275
-73.9231
-73.9151
-73.9022
-73.8918
-73.8814
-73.866
-73.8477
-73.8304
-73.8102
-73.7867
-73.7627
-73.7452
-73.7331
-73.7222
-73.7095
-73.7021
-73.6999
-73.6927
-73.6788
-73.6631
-73.6481
-73.6296
-73.6074
-73.5824
-73.561
-73.5417
-73.52
-73.4954
-73.4687
-73.4406
-73.4113
-73.3819
-73.3598
-73.3397
-73.3253
-73.3232
-73.3312
-73.3472
-73.3569
-73.3635
-73.3624
-73.3605
-73.3559
-73.3517
-73.3462
-73.3464
-73.3556
-73.3648
-73.3736
-73.3826
-73.3851
-73.3865
-73.3834
-73.3736
-73.3584
-73.3409
-73.3369
-73.3368
-73.3381
-73.3336
-73.3224
-73.3061
-73.2862
-73.2708
-73.258
-73.2419
-73.2286
-73.2181
-73.2043
-73.1956
-73.1958
-73.1932
-73.1841
-73.1694
-73.1508
-73.1296
-73.1064
-73.0819
-73.0565
-73.0304
-73.0038
-72.9789
-72.9641
-72.9504
-72.9335
-72.9138
-72.8919
-72.8686
-72.8443
-72.8194
-72.7941
-72.7686
-72.7429
-72.7172
-72.6916
-72.6759
-72.6666
-72.6548
-72.6395
-72.6273
-72.6233
-72.6169
-72.606
-72.5914
-72.5743
-72.5554
-72.5353
-72.5144
-72.4929
-72.4711
-72.4491
-72.427
-72.4047
-72.3825
-72.3604
-72.3383
-72.3163
-72.2945
-72.2728
-72.2513
-72.2299
-72.2088
-72.1878
-72.167
-72.1465
-72.1261
-72.1059
-72.086
-72.0754
-72.0765
-72.0786
-72.0914
-72.102
-72.1053
-72.1024
-72.0952
-72.0849
-72.0726
-72.0588
-72.0441
-72.0287
-72.0127
-71.9964
-71.9799
-71.9632
-71.9464
-71.9296
-71.9128
-71.8961
-71.8794
-71.8628
-71.8463
-71.8299
-71.8137
-71.7975
-71.7816
-71.7657
-71.7501
-71.7346
-71.7192
-71.704
-71.689
-71.6741
-71.6594
-71.6449
-71.6305
-71.6163
-71.6023
-71.5884
-71.5747
-71.5611
-71.5477
-71.5345
-71.5214
-71.5085
-71.4958
-71.4832
-71.4707
-71.4584
-71.4463
-71.4343
-71.4224
-71.4107
-71.3991
-71.3877
-71.3764
-71.3653
-71.3543
-71.3434
-71.3327
-71.3221
-71.3117
-71.3014
-71.2912
-71.2811
-71.2712
-71.2614
-71.2518
-71.2422
-71.2328
-71.2235
-71.2143
-71.2053
-71.1963
-71.1875
-71.1788
-71.1702
-71.1617
-71.1533
-71.145
-71.1369
-71.1288
-71.1209
-71.113
-71.1053
-71.0977
-71.0901
-71.0827
-71.0754
-71.0681
-71.061
-71.0539
-71.047
-71.0401
-71.0333
-71.0266
-71.0201
-71.0136
-71.0071
-71.0008
-70.9946
-70.9884
-70.9823
-70.9764
-70.9705
-70.9646
-70.9589
-70.9532
-70.9476
-70.9421
-70.9367
-70.9313
-70.926
-70.9208
-70.9157
-70.9106
-70.9056
-70.9007
-70.8958
-70.8911
-70.8863
-70.8817
-70.8771
-70.8726
-70.8681
-70.8637
-70.8594
-70.8551
-70.8509
-70.8468
-70.8427
-70.8387
-70.8347
-70.8308
-70.8269
-70.8231
-70.8194
-70.8157
-70.8121
-70.8085
-70.805
-70.8015
-70.7981
-70.7947
-70.7914
-70.7882
-70.7849
-70.7818
-70.7787
-70.7756
-70.7726
-70.7696
-70.7666
-70.7638
-70.7609
-70.7581
-70.7554
-70.7527
-70.75
-70.7474
-70.7448
-70.7422
-70.7397
-70.7373
-70.7348
-70.7324
-70.7301
-70.7278
-70.7255
-70.7233
-70.7211
-70.7189
-70.7168
-70.7147
-70.7126
-70.7106
-70.7086
-70.7067
-70.7048
-70.7029
-70.701
-70.6992
-70.6974
-70.6956
-70.6939
-70.6922
-70.6905
-70.6889
-70.6872
-70.6856
-70.6841
-70.6826
-70.6811
-70.6796
-70.6781
-70.6767
-70.6753
-70.6739
-70.6726
-70.6712
-70.6699
-70.6687
-70.6674
-70.6662
-70.665
-70.6638
-70.6626
-70.6615
-70.6604
-70.6593
-70.6582
-70.6572
-70.6561
-70.6551
-70.6541
-70.6532
-70.6522
-70.6513
-70.6504
-70.6495
-70.6486
-70.6478
-70.6469
-70.6461
-70.6453
-70.6445
-70.6437
-70.643
-70.6423
-70.6415
-70.6408
-70.6402
-70.6395
-70.6388
-70.6382
-70.6376
-70.6369
-70.6364
-70.6358
-70.6352
-70.6346
-70.6341
-70.6336
-70.6331
-70.6326
-70.6321
-70.6316
-70.6311
-70.6307
-70.6302
-70.6298
-70.6294
-70.629
-70.6286
-70.6282
-70.6279
-70.6275
-70.6272
-70.6268
-70.6265
-70.6262
-70.6259
-70.6256
-70.6253
-70.625
-70.6247
-70.6245
-70.6242
-70.624
-70.6237
-70.6235
-70.6233
-70.6231
-70.6229
-70.6227
-70.6225
-70.6223
-70.6222
-70.622
-70.6219
-70.6217
-70.6216
-70.6215
-70.6213
-70.6212
-70.6211
-70.621
-70.6209
-70.6208
-70.6207
-70.6206
-70.6206
-70.6205
-70.6205
-70.6204
-70.6203
-70.6203
-70.6203
-70.6202
-70.6202
-70.6202
-70.6202
-70.6201
-70.6201
-70.6201
-70.6201
-70.6201
-70.6202
-70.6202
-70.6202
-70.6202
-70.6202
-70.6203
-70.6203
-70.6203
-70.6204
-70.6204
-70.6205
-70.6205
-70.6206
-70.6207
-70.6207
-70.6208
-70.6209
-70.6209
-70.621
-70.6211
-70.6212
-70.6213
-70.6214
-70.6215
-70.6215
-70.6216
-70.6217
-70.6218
-70.622
-70.6221
-70.6222
-70.6223
-70.6224
-70.6225
-70.6226
-70.6228
-70.6229
-70.623
-70.6231
-70.6233
-70.6234
-70.6235
-70.6237
-70.6238
-70.6239
-70.6241
-70.6242
-70.6243
-70.6245
-70.6246
-70.6248
-70.6249
-70.6251
-70.6252
-70.6254
-70.6255
-70.6257
-70.6258
-70.626
-70.6262
-70.6263
-70.6265
-70.6266
-70.6268
-70.6269
-70.6271
-70.6273
-70.6274
-70.6276
-70.6278
-70.6279
-70.6281
-70.6283
-70.6284
-70.6286
-70.6288
-70.6289
-70.6291
-70.6293
-70.6295
-70.6296
-70.6298
-70.63
-70.6301
-70.6303
-70.6305
-70.6307
-70.6308
-70.631
-70.6312
-70.6313
-70.6315
-70.6317
-70.6319
-70.632
-70.6322
-70.6324
-70.6326
-70.6327
-70.6329
-70.6331
-70.6333
-70.6334
-70.6336
-70.6338
-70.634
-70.6341
-70.6343
-70.6345
-70.6346
-70.6348
-70.635
-70.6352
-70.6353
-70.6355
-70.6357
-70.6359
-70.636
-70.6362
-70.6364
-70.6365
-70.6367
-70.6369
-70.637
-70.6372
-70.6374
-70.6375
-70.6377
-70.6379
-70.638
-70.6382
-70.6384
-70.6385
-70.6387
-70.6389
-70.639
-70.6392
-70.6394
-70.6395
-70.6397
-70.6398
-70.64
-70.6402
-70.6403
-70.6405
-70.6406
-70.6408
-70.641
-70.6411
-70.6413
-70.6414
-70.6416
-70.6417
-70.6419
-70.642
-70.6422
-70.6424
-70.6425
-70.6427
-70.6428
-70.643
-70.6431
-70.6433
-70.6434
-70.6435
-70.6437
-70.6438
-70.644
-70.6441
-70.6443
-70.6444
-70.6446
-70.6447
-70.6448
-70.645
-70.6451
-70.6453
-70.6454
-70.6455
-70.6457
-70.6458
-70.646
-70.6461

