-70
-70.1661
-70.23
-70.2566
-70.2695
-70.2773
-70.283
-70.2879
-70.2925
-70.297
-70.3014
-70.3057
-70.31
-70.3142
-70.3185
-70.3226
-70.3268
-70.3309
-70.335
-70.3391
-70.3431
-70.3471
-70.351
-70.3549
-70.3588
-70.3626
-70.3664
-70.3701
-70.3738
-70.3775
-70.3811
-70.3847
-70.3883
-70.3918
-70.3953
-70.3987
-70.4021
-70.4055
-70.4088
-70.4121
-70.4154
-70.4186
-70.4218
-70.4249
-70.428
-70.4311
-70.4341
-70.4372
-70.4401
-70.4431
-70.446
-70.4489
-70.4517
-70.4545
-70.4573
-70.4601
-70.4628
-70.4655
-70.4682
-70.4708
-70.4734
-70.476
-70.4785
-70.481
-70.4835
-70.486
-70.4884
-70.4908
-70.4932
-70.4955
-70.4978
-70.5001
-70.5024
-70.5046
-70.5068
-70.509
-70.5112
-70.5133
-70.5154
-70.5175
-70.5196
-70.5216
-70.5236
-70.5256
-70.5276
-70.5295
-70.5315
-70.5334
-70.5352
-70.5371
-70.5389
-70.5407
-70.5425
-70.5443
-70.5461
-70.5478
-70.5495
-70.5512
-70.5528
-70.5545
-70.5561
-70.5577
-70.5593
-70.5609
-70.5624
-70.5639
-70.5655
-70.5669
-70.5684
-70.5699
-70.5713
-70.5727
-70.5741
-70.5755
-70.5769
-70.5782
-70.5796
-70.5809
-70.5822
-70.5835
-70.5848
-70.586
-70.5873
-70.5885
-70.5897
-70.5909
-70.5921
-70.5932
-70.5944
-70.5955
-70.5966
-70.5977
-70.5988
-70.5999
-70.601
-70.602
-70.603
-70.6041
-70.6051
-70.6061
-70.6071
-70.608
-70.609
-70.6099
-70.6109
-70.6118
-70.6127
-70.6136
-70.6145
-70.6154
-70.6162
-70.6171
-70.6179
-70.6187
-70.6196
-70.6204
-70.6212
-70.622
-70.6227
-70.6235
-70.6242
-70.625
-70.6257
-70.6265
-70.6272
-70.6279
-70.6286
-70.6293
-70.6299
-70.6306
-70.6313
-70.6319
-70.6325
-70.6332
-70.6338
-70.6344
-70.635
-70.6356
-70.6362
-70.6368
-70.6374
-70.6379
-70.6385
-70.639
-70.6396
-70.6401
-70.6406
-70.6411
-70.6417
-70.6422
-70.6427
-70.6431
-70.6436
-70.6441
-70.6446
-70.645
-70.6455
-70.6459
-70.6464
-70.6468
-70.6472
-70.6476
-70.6481
-70.6485
-70.6489
-70.6493
-70.6497
-70.65
-70.6504
-70.6508
-70.6512
-70.6515
-70.6519
-70.6522
-70.6526
-70.6529
-70.6533
-70.6536
-70.6539
-70.6542
-70.6545
-70.6549
-70.6552
-70.6555
-70.6558
-70.656
-70.6563
-70.6566
-70.6569
-70.6572
-70.6574
-70.6577
-70.658
-70.6582
-70.6585
-70.6587
-70.6589
-70.6592
-70.6594
-70.6597
-70.6599
-70.6601
-70.6603
-70.6605
-70.6607
-70.661
-70.6612
-70.6614
-70.6616
-70.6617
-70.6619
-70.6621
-70.6623
-70.6625
-70.6627
-70.6628
-70.663
-70.6632
-70.6633
-70.6635
-70.6637
-70.6638
-70.664
-70.6641
-70.6643
-70.6644
-70.6646
-70.6647
-70.6648
-70.665
-70.6651
-70.6652
-70.6653
-70.6655
-70.6656
-70.6657
-70.6658
-70.6659
-70.666
-70.6662
-70.6663
-70.6664
-70.6665
-70.6666
-70.6667
-70.6668
-70.6669
-70.667
-70.667
-70.6671
-70.6672
-70.6673
-70.6674
-70.6675
-70.6675
-70.6676
-70.6677
-70.6678
-70.6678
-70.6679
-70.668
-70.668
-70.6681
-70.6682
-70.6682
-70.6683
-70.6683
-70.6684
-70.6685
-70.6685
-70.6686
-70.6686
-70.6687
-70.6687
-70.6688
-70.6688
-70.6688
-70.6689
-70.6689
-70.669
-70.669
-70.669
-70.6691
-70.6691
-70.6691
-70.6692
-70.6692
-70.6692
-70.6693
-70.6693
-70.6693
-70.6694
-70.6694
-70.6694
-70.6694
-70.6694
-70.6695
-70.6695
-70.6695
-70.6695
-70.6695
-70.6696
-70.6696
-70.6696
-70.6696
-70.6696
-70.6696
-70.6696
-70.6697
-70.6697
-70.6697
-70.6697
-70.6697
-70.6697
-70.6697
-70.6697
-70.6697
-70.6697
-70.6697
-70.6697
-70.6697
-70.6697
-70.6697
-70.6697
-70.6697
-70.6697
-70.6697
-70.6697
-70.6697
-70.6697
-70.6697
-70.6697
-70.6697
-70.6697
-70.6697
-70.6697
-70.6697
-70.6697
-70.6697
-70.6697
-70.6697
-70.6697
-70.6697
-70.6696
-70.6696
-70.6696
-70.6696
-70.6696
-70.6696
-70.6696
-70.6696
-70.6696
-70.6695
-70.6695
-70.6695
-70.6695
-70.6695
-70.6695
-70.6695
-70.6695
-70.6694
-70.6694
-70.6694
-70.6694
-70.6694
-70.6694
-70.6693
-70.6693
-70.6693
-70.6693
-70.6693
-70.6693
-70.6693
-70.6692
-70.6692
-70.6692
-70.6692
-70.6692
-70.6691
-70.6691
-70.6691
-70.6691
-70.6691
-70.6691
-70.669
-70.669
-70.669
-70.669
-70.669
-70.6689
-70.6689
-70.6689
-70.6689
-70.6689
-70.6688
-70.6688
-70.6688
-70.6688
-70.6688
-70.6687
-70.6687
-70.6687
-70.6687
-70.6686
-70.6686
-70.6686
-70.6686
-70.6686
-70.6685
-70.6685
-70.6685
-70.6685
-70.6685
-70.6684
-70.6684
-70.6684
-70.6684
-70.6684
-70.6683
-70.6683
-70.6683
-70.6683
-70.6682
-70.6682
-70.6682
-70.6682
-70.6682
-70.6681
-70.6681
-70.6681
-70.6681
-70.6681
-70.6763
-70.9779
-71.7726
-72.6696
-73.4206
-62.0087
-53.3111
-50.7762
-49.0078
-46.4089
-32.0162
-12.2244
-38.9049
-67.9144
-68.645
-67.6474
-66.5949
-65.526
-64.4588
-63.4109
-62.3993
-61.4409
-60.4789
-59.4325
-58.5763
-57.8366
-57.1871
-56.6181
-56.1241
-55.667
-55.266
-54.9352
-54.6614
-54.4358
-54.2516
-54.0936
-53.9485
-53.8341
-53.7459
-53.6781
-53.6261
-53.5869
-53.5531
-53.5131
-53.4842
-53.4654
-53.4538
-53.4471
-53.4441
-53.4437
-53.4454
-53.4319
-53.4196
-53.4141
-53.4131
-53.4148
-53.4181
-53.4225
-53.4277
-53.4335
-53.4398
-53.4423
-53.4256
-53.4157
-53.4126
-53.4132
-53.4159
-53.4196
-53.424
-53.4288
-53.4338
-53.4392
-53.4447
-53.4504
-53.4563
-53.4624
-53.4687
-53.4468
-53.4222
-53.4117
-53.4082
-53.4077
-53.4081
-53.4086
-53.4085
-53.407
-53.4035
-53.3963
-53.3819
-53.3483
-53.2016
-52.3612
-52.1859
-52.3618
-52.5726
-52.7412
-52.8604
-52.9405
-52.9948
-53.0346
-53.0681
-53.1901
-53.3819
-53.4425
-53.4565
-53.4577
-53.4577
-53.4599
-53.4653
-53.4737
-53.4851
-53.4992
-53.5162
-53.5367
-53.5602
-53.5864
-53.6153
-53.6473
-53.6827
-53.7218
-53.7652
-53.813
-53.8656
-53.9234
-53.9867
-54.056
-54.1315
-54.2138
-54.3028
-54.3991
-54.5032
-54.6157
-54.7372
-54.8681
-55.0094
-53.955
-53.4361
-53.3177
-53.3134
-53.3407
-53.3751
-53.4094
-53.442
-53.4726
-53.5017
-53.5298
-53.5573
-53.5847
-53.6126
-53.6412
-53.6709
-53.7021
-53.7354
-53.7708
-53.8089
-53.8512
-53.8966
-53.9449
-53.9965
-54.0519
-54.1116
-54.1758
-54.246
-54.3242
-54.4077
-54.4985
-54.5961
-54.6994
-54.8089
-54.9256
-55.05
-55.1828
-55.3248
-55.4809
-55.6469
-54.9614
-53.5153
-53.1857
-53.1473
-53.1835
-53.235
-53.2855
-53.3305
-53.3702
-53.4055
-53.4371
-53.4659
-53.4932
-53.5192
-53.5443
-53.5693
-53.5953
-53.6217
-53.6487
-53.6777
-53.709
-53.7419
-53.7769
-53.816
-53.8583
-53.9031
-53.953
-54.0071
-54.0642
-54.1248
-54.1916
-54.2659
-54.3442
-54.4265
-54.5156
-54.6158
-54.7225
-54.8408
-54.9654
-55.0947
-55.2296
-55.3725
-55.5323
-55.6999
-55.8715
-56.048
-56.2365
-56.4464
-56.6757
-56.9076
-53.9376
-53.0817
-52.9425
-52.9805
-53.0581
-53.1361
-53.2042
-53.2617
-53.3103
-53.353
-53.3905
-53.4235
-53.453
-53.4801
-53.5056
-53.5306
-53.5564
-53.5822
-53.6082
-53.6348
-53.6629
-53.6956
-53.7321
-53.7699
-53.8093
-53.8509
-53.8953
-53.943
-53.998
-54.0586
-54.1224
-54.1898
-54.2623
-54.3455
-54.4368
-54.5389
-54.6451
-54.7548
-54.8693
-54.99
-55.1186
-55.2665
-55.424
-55.5958
-55.7771
-55.9627
-56.1669
-54.616
-53.3164
-53.057
-53.0515
-53.1069
-53.1706
-53.2292
-53.2806
-53.3245
-53.3621
-53.3951
-53.4251
-53.4524
-53.4776
-53.5014
-53.5245
-53.5475
-53.5709
-53.5964
-53.6239
-53.6539
-53.6849
-53.7173
-53.7528
-53.7935
-53.8415
-53.8927
-53.9509
-54.0138
-54.0787
-54.1508
-54.2389
-54.3454
-54.4802
-54.6487
-54.8477
-55.0765
-55.3082
-55.5279
-55.7347
-55.9681
-56.3009
-56.7605
-57.3278
-57.8842
-58.3985
-58.8594
-59.2792
-59.6834
-60.0943
-60.5324
-61.0263
-61.6032
-62.2302
-62.843
-63.4209
-63.9598
-64.4694
-64.9566
-65.4311
-65.9104
-66.4027
-66.9128
-67.4312
-67.9396
-68.4161
-68.8566
-69.2621
-69.6356
-69.9837
-70.3142
-70.6398
-70.9618
-71.2774
-71.5831
-71.8649
-72.1206
-72.3476
-72.5494
-72.7302
-72.8935
-73.0486
-73.199
-73.3448
-73.4858
-73.6194
-73.7391
-73.846
-73.9376
-74.0158
-74.0844
-74.1445
-74.2017
-74.2579
-74.3129
-74.3673
-74.4183
-74.4637
-74.5031
-74.5356
-74.5612
-74.5827
-74.6008
-74.6179
-74.6365
-74.6559
-74.6769
-74.6967
-74.7143
-74.7289
-74.7399
-74.7469
-74.751
-74.7542
-74.7567
-74.76
-74.7655
-74.7729
-74.7821
-74.7898
-74.7964
-74.8013
-74.8034
-74.8031
-74.801
-74.7986
-74.7974
-74.7975
-74.7991
-74.8028
-74.8076
-74.8108
-74.8136
-74.8149
-74.8142
-74.8115
-74.8077
-74.8031
-74.8007
-74.7999
-74.8009
-74.803
-74.8068
-74.8095
-74.8107
-74.8114
-74.8106
-74.8084
-74.8047
-74.8
-74.7962
-74.7944
-74.7945
-74.7948
-74.7968
-74.7995
-74.8009
-74.8009
-74.801
-74.7999
-74.7975
-74.7942
-74.7893
-74.7863
-74.785
-74.7852
-74.7858
-74.7877
-74.7904
-74.7911
-74.7912
-74.7907
-74.7899
-74.7884
-74.7847
-74.7797
-74.7753
-74.7732
-74.7725
-74.7722
-74.7743
-74.7777
-74.7803
-74.7812
-74.7814
-74.7798
-74.7782
-74.7771
-74.7736
-74.7685
-74.765
-74.7628
-74.7612
-74.7598
-74.7617
-74.7659
-74.7694
-74.7707
-74.7703
-74.7692
-74.766
-74.7633
-74.7619
-74.7585
-74.7548
-74.752
-74.7507
-74.7481
-74.747
-74.7501
-74.7552
-74.7597
-74.7611
-74.7602
-74.7595
-74.7568
-74.7518
-74.7484
-74.7464
-74.7445
-74.742
-74.7389
-74.7354
-74.7325
-74.7336
-74.7371
-74.7425
-74.7456
-74.7461
-74.7467
-74.7473
-74.7444
-74.7395
-74.7345
-74.7319
-74.7321
-74.7305
-74.7283
-74.7253
-74.7213
-74.7203
-74.7228
-74.7264
-74.7309
-74.7322
-74.7332
-74.7353
-74.7356
-74.7326
-74.7263
-74.7193
-74.716
-74.7144
-74.7127
-74.7126
-74.7112
-74.7084
-74.7071
-74.7058
-74.7071
-74.7105
-74.7131
-74.7148
-74.7175
-74.7207
-74.7223
-74.7196
-74.7134
-74.7073
-74.703
-74.6994
-74.6973
-74.6973
-74.6971
-74.6965
-74.6958
-74.693
-74.69
-74.6904
-74.6965
-74.6999
-74.6995
-74.7006
-74.7027
-74.7025
-74.6997
-74.6959
-74.6922
-74.6878
-74.6809
-74.6761
-74.6754
-74.6787
-74.6801
-74.678
-74.6751
-74.6719
-74.6709
-74.6732
-74.6783
-74.681
-74.6806
-74.6797
-74.6812
-74.6814
-74.6823
-74.6814
-74.6775
-74.6724
-74.6662
-74.6602
-74.6568
-74.6593
-74.6624
-74.6619
-74.6585
-74.6555
-74.6518
-74.6497
-74.6505
-74.6549
-74.6617
-74.6635
-74.6605
-74.6571
-74.6576
-74.6589
-74.659
-74.6566
-74.6527
-74.6475
-74.64
-74.6339
-74.6306
-74.632
-74.6366
-74.6384
-74.636
-74.6327
-74.6309
-74.6291
-74.629
-74.631
-74.6341
-74.6374
-74.6398
-74.6408
-74.6378
-74.6308
-74.6285
-74.6297
-74.6277
-74.6233
-74.6201
-74.6163
-74.6105
-74.6058
-74.6036
-74.6058
-74.608
-74.6082
-74.6065
-74.604
-74.602
-74.5997
-74.5992
-74.5997
-74.6011
-74.6019
-74.6044
-74.6084
-74.6127
-74.615
-74.6132
-74.6072
-74.5988
-74.5946
-74.5948
-74.5925
-74.5881
-74.5836
-74.5783
-74.5713
-74.5668
-74.5646
-74.5656
-74.5665
-74.5681
-74.5707
-74.5691
-74.5667
-74.5653
-74.5639
-74.5637
-74.5659
-74.5684
-74.5684
-74.5664
-74.565
-74.5701
-74.5743
-74.5786
-74.5825
-74.582
-74.5755
-74.5645
-74.553
-74.5476
-74.5448
-74.5394
-74.5341
-74.5266
-74.5175
-74.5104
-74.5064
-74.5044
-74.5056
-74.5083
-74.509
-74.5131
-74.516
-74.5152
-74.5124
-74.515
-74.5193
-74.5179
-74.5137
-74.5085
-74.5048
-74.4999
-74.4969
-74.4982
-74.506
-74.5151
-74.5217
-74.5274
-74.5344
-74.5386
-74.5364
-74.5271
-74.5151
-74.5033
-74.4945
-74.4886
-74.4841
-74.4772
-74.466
-74.455
-74.4465
-74.4391
-74.4342
-74.433
-74.4329
-74.4335
-74.4331
-74.4366
-74.4444
-74.4493
-74.4564
-74.4626
-74.4651
-74.4652
-74.4592
-74.4506
-74.4415
-74.4364
-74.4399
-74.4404
-74.4375
-74.4363
-74.4333
-74.4316
-74.4302
-74.4296
-74.4323
-74.4389
-74.4516
-74.4622
-74.4684
-74.4687
-74.4608
-74.4484
-74.4347
-74.4224
-74.4092
-74.3996
-74.3931
-74.3879
-74.3829
-74.3779
-74.3702
-74.36
-74.3533
-74.3508
-74.3481
-74.3477
-74.3527
-74.3546
-74.3505
-74.3495
-74.3525
-74.3529
-74.3497
-74.3426
-74.3345
-74.3307
-74.3318
-74.327
-74.3149
-74.3015
-74.2909
-74.2803
-74.2829
-74.2979
-74.3056
-74.3064
-74.3023
-74.2987
-74.2993
-74.3005
-74.3022
-74.3042
-74.3081
-74.3083
-74.3024
-74.2943
-74.2953
-74.3015
-74.3047
-74.3059
-74.308
-74.3138
-74.3141
-74.3102
-74.3004
-74.2843
-74.2699
-74.2601
-74.249
-74.2425
-74.2412
-74.2403
-74.2441
-74.2491
-74.2541
-74.2551
-74.2487
-74.2444
-74.2425
-74.2427
-74.2445
-74.2427
-74.2386
-74.2304
-74.2194
-74.2045
-74.1915
-74.1867
-74.1786
-74.1708
-74.1668
-74.1669
-74.1619
-74.1492
-74.1308
-74.1181
-74.1095
-74.0997
-74.0938
-74.0839
-74.0749
-74.068
-74.0593
-74.0445
-74.0258
-74.0153
-74.03
-74.053
-74.0701
-74.0747
-74.0695
-74.0672
-74.0682
-74.068
-74.0729
-74.0843
-74.0981
-74.1035
-74.1007
-74.0914
-74.0864
-74.0865
-74.0823
-74.0742
-74.0612
-74.0465
-74.0313
-74.0294
-74.0324
-74.0385
-74.0511
-74.0578
-74.0607
-74.0589
-74.0529
-74.0467
-74.0358
-74.0205
-74.0129
-74.015
-74.0179
-74.0181
-74.0211
-74.0305
-74.0374
-74.0448
-74.0486
-74.0502
-74.0453
-74.0366
-74.0249
-74.0161
-74.021
-74.0307
-74.0371
-74.0396
-74.0344
-74.0215
-74.0084
-73.9997
-74.0018
-74.0074
-74.0105
-74.011
-74.0127
-74.0125
-74.005
-73.9903
-73.9707
-73.9563
-73.948
-73.9353
-73.9172
-73.9
-73.8865
-73.8704
-73.8498
-73.8275
-73.8075
-73.7853
-73.7628
-73.7432
-73.732
-73.7277
-73.7237
-73.7173
-73.7088
-73.7024
-73.696
-73.6894
-73.6777
-73.6679
-73.6622
-73.6542
-73.6509
-73.6458
-73.6342
-73.6181
-73.615
-73.6155
-73.6159
-73.6261
-73.6302
-73.6247
-73.6122
-73.6008
-73.5875
-73.5699
-73.5486
-73.5245
-73.4998
-73.4842
-73.4743
-73.4608
-73.4426
-73.4206
-73.396
-73.3696
-73.343
-73.3237
-73.3054
-73.2903
-73.2866
-73.2922
-73.2939
-73.2977
-73.314
-73.3338
-73.3429
-73.3468
-73.3561
-73.3692
-73.3845
-73.3902
-73.3862
-73.375
-73.3587
-73.339
-73.3169
-73.2929
-73.2718
-73.2568
-73.2403
-73.2257
-73.2149
-73.2009
-73.1872
-73.1845
-73.1843
-73.178
-73.1656
-73.1626
-73.1664
-73.1642
-73.1549
-73.1402
-73.1217
-73.1007
-73.0778
-73.0537
-73.0286
-73.0028
-72.9766
-72.95
-72.9232
-72.8963
-72.8693
-72.8423
-72.8153
-72.7884
-72.7615
-72.7348
-72.7083
-72.6819
-72.6558
-72.6298
-72.604
-72.5785
-72.5532
-72.5281
-72.5032
-72.4786
-72.4543
-72.4302
-72.4063
-72.3827
-72.3594
-72.3363
-72.3134
-72.2909
-72.2685
-72.2464
-72.2246
-72.203
-72.1817
-72.1606
-72.1397
-72.1191
-72.1061
-72.1063
-72.1052
-72.0996
-72.0901
-72.078
-72.064
-72.0488
-72.0328
-72.0163
-71.9994
-71.9824
-71.9652
-71.9479
-71.9307
-71.9135
-71.8963
-71.8793
-71.8624
-71.8455
-71.8289
-71.8123
-71.7959
-71.7797
-71.7637
-71.749
-71.7515
-71.7595
-71.7628
-71.761
-71.7554
-71.7472
-71.7372
-71.726
-71.714
-71.7014
-71.6885
-71.6753
-71.6619
-71.6485
-71.635
-71.6215
-71.608
-71.5946
-71.5812
-71.568
-71.5548
-71.5417
-71.5288
-71.516
-71.5033
-71.4907
-71.4783
-71.466
-71.4538
-71.4418
-71.4299
-71.4181
-71.4065
-71.395
-71.3836
-71.3724
-71.3614
-71.3504
-71.3396
-71.3289
-71.3184
-71.308
-71.2977
-71.2876
-71.2776
-71.2677
-71.2579
-71.2483
-71.2388
-71.2294
-71.2201
-71.211
-71.202
-71.193
-71.1842
-71.1756
-71.167
-71.1585
-71.1502
-71.1419
-71.1338
-71.1258
-71.1178
-71.11
-71.1023
-71.0947
-71.0872
-71.0798
-71.0725
-71.0652
-71.0581
-71.0511
-71.0442
-71.0373
-71.0306
-71.0239
-71.0173
-71.0109
-71.0045
-70.9982
-70.992
-70.9858
-70.9798
-70.9738
-70.9679
-70.9621
-70.9564
-70.9507
-70.9452
-70.9397
-70.9343
-70.9289
-70.9237
-70.9185
-70.9133
-70.9083
-70.9033
-70.8984
-70.8936
-70.8888
-70.8841
-70.8795
-70.8749
-70.8704
-70.866
-70.8616
-70.8573
-70.853
-70.8488
-70.8447
-70.8406
-70.8366
-70.8327
-70.8288
-70.825
-70.8212
-70.8175
-70.8138
-70.8102
-70.8066
-70.8031
-70.7997
-70.7963
-70.7929
-70.7896
-70.7864
-70.7832
-70.78
-70.7769
-70.7739
-70.7708
-70.7679
-70.765
-70.7621
-70.7593
-70.7565
-70.7537
-70.751
-70.7484
-70.7458
-70.7432
-70.7407
-70.7382
-70.7357
-70.7333
-70.731
-70.7286
-70.7263
-70.7241
-70.7218
-70.7197
-70.7175
-70.7154
-70.7133
-70.7113
-70.7093
-70.7073
-70.7053
-70.7034
-70.7015
-70.6997
-70.6979
-70.6961
-70.6943
-70.6926
-70.6909
-70.6893
-70.6876
-70.686
-70.6845
-70.6829
-70.6814
-70.6799
-70.6784
-70.677
-70.6756
-70.6742
-70.6728
-70.6715
-70.6702
-70.6689
-70.6676
-70.6664
-70.6651
-70.6639
-70.6628
-70.6616
-70.6605
-70.6594
-70.6583
-70.6572
-70.6562
-70.6552
-70.6542
-70.6532
-70.6522
-70.6513
-70.6504
-70.6495
-70.6486
-70.6477
-70.6469
-70.6461
-70.6452
-70.6444
-70.6437
-70.6429
-70.6422
-70.6414
-70.6407
-70.64
-70.6394
-70.6387
-70.638
-70.6374
-70.6368
-70.6362
-70.6356
-70.635
-70.6345
-70.6339
-70.6334
-70.6329
-70.6324
-70.6319
-70.6314
-70.6309
-70.6305
-70.63
-70.6296
-70.6292
-70.6288
-70.6284
-70.628
-70.6276
-70.6272
-70.6269
-70.6265
-70.6262
-70.6259
-70.6256
-70.6253
-70.625
-70.6247
-70.6244
-70.6242
-70.6239
-70.6237
-70.6234
-70.6232
-70.623
-70.6228
-70.6226
-70.6224
-70.6222
-70.622
-70.6218
-70.6217
-70.6215
-70.6214
-70.6212
-70.6211
-70.621
-70.6209
-70.6208
-70.6206
-70.6205
-70.6205
-70.6204
-70.6203
-70.6202
-70.6201
-70.6201
-70.62
-70.62
-70.6199
-70.6199
-70.6199
-70.6198
-70.6198
-70.6198
-70.6198
-70.6198
-70.6198
-70.6198
-70.6198
-70.6198
-70.6198
-70.6198
-70.6198
-70.6199
-70.6199
-70.6199
-70.62
-70.62
-70.6201
-70.6201
-70.6202
-70.6202
-70.6203
-70.6204
-70.6204
-70.6205
-70.6206
-70.6206
-70.6207
-70.6208
-70.6209
-70.621
-70.6211
-70.6212
-70.6213
-70.6214
-70.6215
-70.6216
-70.6217
-70.6218
-70.6219
-70.622
-70.6221
-70.6223
-70.6224
-70.6225
-70.6226
-70.6228
-70.6229
-70.623
-70.6232
-70.6233
-70.6234
-70.6236
-70.6237
-70.6238
-70.624
-70.6241
-70.6243
-70.6244
-70.6246
-70.6247
-70.6249
-70.625
-70.6252
-70.6253
-70.6255
-70.6257
-70.6258
-70.626
-70.6261
-70.6263
-70.6265
-70.6266
-70.6268
-70.6269
-70.6271
-70.6273
-70.6274
-70.6276
-70.6278
-70.6279
-70.6281
-70.6283
-70.6285
-70.6286
-70.6288
-70.629
-70.6291
-70.6293
-70.6295
-70.6297
-70.6298
-70.63
-70.6302
-70.6303
-70.6305
-70.6307
-70.6309
-70.631
-70.6312
-70.6314
-70.6316
-70.6317
-70.6319
-70.6321
-70.6323
-70.6325
-70.6326
-70.6328
-70.633
-70.6332
-70.6333
-70.6335
-70.6337
-70.6339
-70.634
-70.6342
-70.6344
-70.6346
-70.6347
-70.6349
-70.6351
-70.6352
-70.6354
-70.6356
-70.6358
-70.6359
-70.6361
-70.6363
-70.6364
-70.6366
-70.6368
-70.637
-70.6371
-70.6373
-70.6375
-70.6376
-70.6378
-70.638
-70.6381
-70.6383
-70.6385
-70.6386
-70.6388
-70.639
-70.6391
-70.6393
-70.6395
-70.6396
-70.6398
-70.6399
-70.6401
-70.6403
-70.6404
-70.6406
-70.6407
-70.6409
-70.6411
-70.6412
-70.6414
-70.6415
-70.6417
-70.6418
-70.642
-70.6421
-70.6423
-70.6425
-70.6426
-70.6428
-70.6429
-70.6431
-70.6432
-70.6434
-70.6435
-70.6437
-70.6438
-70.6439
-70.6441
-70.6442
-70.6444
-70.6445
-70.6447
-70.6448
-70.6449

