-70
-70.1661
-70.23
-70.2566
-70.2695
-70.2773
-70.283
-70.2879
-70.2925
-70.297
-70.3014
-70.3057
-70.31
-70.3142
-70.3185
-70.3226
-70.3268
-70.3309
-70.335
-70.3391
-70.3431
-70.3471
-70.351
-70.3549
-70.3588
-70.3626
-70.3664
-70.3701
-70.3738
-70.3775
-70.3811
-70.3847
-70.3883
-70.3918
-70.3953
-70.3987
-70.4021
-70.4055
-70.4088
-70.4121
-70.4154
-70.4186
-70.4218
-70.4249
-70.428
-70.4311
-70.4341
-70.4372
-70.4401
-70.4431
-70.446
-70.4489
-70.4517
-70.4545
-70.4573
-70.4601
-70.4628
-70.4655
-70.4682
-70.4708
-70.4734
-70.476
-70.4785
-70.481
-70.4835
-70.486
-70.4884
-70.4908
-70.4932
-70.4955
-70.4978
-70.5001
-70.5024
-70.5046
-70.5068
-70.509
-70.5112
-70.5133
-70.5154
-70.5175
-70.5196
-70.5216
-70.5236
-70.5256
-70.5276
-70.5295
-70.5315
-70.5334
-70.5352
-70.5371
-70.5389
-70.5407
-70.5425
-70.5443
-70.5461
-70.5478
-70.5495
-70.5512
-70.5528
-70.5545
-70.5561
-70.5577
-70.5593
-70.5609
-70.5624
-70.5639
-70.5655
-70.5669
-70.5684
-70.5699
-70.5713
-70.5727
-70.5741
-70.5755
-70.5769
-70.5782
-70.5796
-70.5809
-70.5822
-70.5835
-70.5848
-70.586
-70.5873
-70.5885
-70.5897
-70.5909
-70.5921
-70.5932
-70.5944
-70.5955
-70.5966
-70.5977
-70.5988
-70.5999
-70.601
-70.602
-70.603
-70.6041
-70.6051
-70.6061
-70.6071
-70.608
-70.609
-70.6099
-70.6109
-70.6118
-70.6127
-70.6136
-70.6145
-70.6154
-70.6162
-70.6171
-70.6179
-70.6187
-70.6196
-70.6204
-70.6212
-70.622
-70.6227
-70.6235
-70.6242
-70.625
-70.6257
-70.6265
-70.6272
-70.6279
-70.6286
-70.6293
-70.6299
-70.6306
-70.6313
-70.6319
-70.6325
-70.6332
-70.6338
-70.6344
-70.635
-70.6356
-70.6362
-70.6368
-70.6374
-70.6379
-70.6385
-70.639
-70.6396
-70.6401
-70.6406
-70.6411
-70.6417
-70.6422
-70.6427
-70.6431
-70.6436
-70.6441
-70.6446
-70.645
-70.6455
-70.6459
-70.6464
-70.6468
-70.6472
-70.6476
-70.6481
-70.6485
-70.6489
-70.6493
-70.6497
-70.65
-70.6504
-70.6508
-70.6512
-70.6515
-70.6519
-70.6522
-70.6526
-70.6529
-70.6533
-70.6536
-70.6539
-70.6542
-70.6545
-70.6549
-70.6552
-70.6555
-70.6558
-70.656
-70.6563
-70.6566
-70.6569
-70.6572
-70.6574
-70.6577
-70.658
-70.6582
-70.6585
-70.6587
-70.6589
-70.6592
-70.6594
-70.6597
-70.6599
-70.6601
-70.6603
-70.6605
-70.6607
-70.661
-70.6612
-70.6614
-70.6616
-70.6617
-70.6619
-70.6621
-70.6623
-70.6625
-70.6627
-70.6628
-70.663
-70.6632
-70.6633
-70.6635
-70.6637
-70.6638
-70.664
-70.6641
-70.6643
-70.6644
-70.6646
-70.6647
-70.6648
-70.665
-70.6651
-70.6652
-70.6653
-70.6655
-70.6656
-70.6657
-70.6658
-70.6659
-70.666
-70.6662
-70.6663
-70.6664
-70.6665
-70.6666
-70.6667
-70.6668
-70.6669
-70.667
-70.667
-70.6671
-70.6672
-70.6673
-70.6674
-70.6675
-70.6675
-70.6676
-70.6677
-70.6678
-70.6678
-70.6679
-70.668
-70.668
-70.6681
-70.6682
-70.6682
-70.6683
-70.6683
-70.6684
-70.6685
-70.6685
-70.6686
-70.6686
-70.6687
-70.6687
-70.6688
-70.6688
-70.6688
-70.6689
-70.6689
-70.669
-70.669
-70.669
-70.6691
-70.6691
-70.6691
-70.6692
-70.6692
-70.6692
-70.6693
-70.6693
-70.6693
-70.6694
-70.6694
-70.6694
-70.6694
-70.6694
-70.6695
-70.6695
-70.6695
-70.6695
-70.6695
-70.6696
-70.6696
-70.6696
-70.6696
-70.6696
-70.6696
-70.6696
-70.6697
-70.6697
-70.6697
-70.6697
-70.6697
-70.6697
-70.6697
-70.6697
-70.6697
-70.6697
-70.6697
-70.6697
-70.6697
-70.6697
-70.6697
-70.6697
-70.6697
-70.6697
-70.6697
-70.6697
-70.6697
-70.6697
-70.6697
-70.6697
-70.6697
-70.6697
-70.6697
-70.6697
-70.6697
-70.6697
-70.6697
-70.6697
-70.6697
-70.6697
-70.6697
-70.6696
-70.6696
-70.6696
-70.6696
-70.6696
-70.6696
-70.6696
-70.6696
-70.6696
-70.6695
-70.6695
-70.6695
-70.6695
-70.6695
-70.6695
-70.6695
-70.6695
-70.6694
-70.6694
-70.6694
-70.6694
-70.6694
-70.6694
-70.6693
-70.6693
-70.6693
-70.6693
-70.6693
-70.6693
-70.6693
-70.6692
-70.6692
-70.6692
-70.6692
-70.6692
-70.6691
-70.6691
-70.6691
-70.6691
-70.6691
-70.6691
-70.669
-70.669
-70.669
-70.669
-70.669
-70.6689
-70.6689
-70.6689
-70.6689
-70.6689
-70.6688
-70.6688
-70.6688
-70.6688
-70.6688
-70.6687
-70.6687
-70.6687
-70.6687
-70.6686
-70.6686
-70.6686
-70.6686
-70.6686
-70.6685
-70.6685
-70.6685
-70.6685
-70.6685
-70.6684
-70.6684
-70.6684
-70.6684
-70.6684
-70.6683
-70.6683
-70.6683
-70.6683
-70.6682
-70.6682
-70.6682
-70.6682
-70.6682
-70.6681
-70.6681
-70.6681
-70.6681
-70.6681
-70.6776
-70.8603
-71.5174
-72.4646
-73.2702
-73.8046
-74.0845
-60.6202
-52.9585
-50.5545
-48.6722
-45.3419
-10.6367
-20.2046
-47.1433
-68.9413
-68.5223
-67.5038
-66.447
-65.3764
-64.3101
-63.267
-62.2642
-61.3011
-60.1968
-59.268
-58.4587
-57.7411
-57.1069
-56.5501
-56.0499
-55.5919
-55.2103
-54.8926
-54.6278
-54.4091
-54.2303
-54.0641
-53.9255
-53.8173
-53.7334
-53.6685
-53.6187
-53.5811
-53.5447
-53.5056
-53.4784
-53.4609
-53.45
-53.4438
-53.4409
-53.4406
-53.4423
-53.4363
-53.4209
-53.4127
-53.4102
-53.411
-53.4138
-53.4178
-53.4226
-53.4279
-53.4338
-53.4401
-53.4468
-53.4432
-53.4235
-53.4136
-53.4108
-53.4116
-53.4143
-53.4178
-53.4219
-53.4263
-53.4309
-53.4357
-53.4405
-53.4448
-53.4485
-53.4517
-53.4542
-53.4557
-53.4557
-53.4534
-53.4175
-53.3953
-53.384
-53.3743
-53.3567
-53.2821
-52.8414
-52.754
-52.8529
-52.9662
-53.0554
-53.1178
-53.1592
-53.1869
-53.2071
-53.224
-53.2405
-53.2588
-53.2807
-53.3085
-53.3443
-53.3904
-53.4474
-53.514
-53.5886
-53.6702
-53.7586
-53.8552
-53.9631
-53.9785
-53.6014
-53.4772
-53.447
-53.4472
-53.4581
-53.4731
-53.4902
-53.5088
-53.5286
-53.5497
-53.5723
-53.5965
-53.6226
-53.6506
-53.6809
-53.7138
-53.7495
-53.7884
-53.8307
-53.8766
-53.9266
-53.9809
-54.0398
-54.1037
-54.1729
-54.2479
-54.3286
-54.4157
-54.5097
-54.6111
-54.7203
-54.8378
-54.9643
-55.1004
-55.2465
-55.4029
-55.5693
-55.7463
-55.9343
-53.8249
-53.2546
-53.1532
-53.1751
-53.2263
-53.28
-53.3292
-53.3731
-53.412
-53.447
-53.479
-53.509
-53.538
-53.5662
-53.594
-53.6219
-53.6505
-53.6801
-53.7111
-53.744
-53.7791
-53.8166
-53.8578
-53.9032
-53.9515
-54.0031
-54.0583
-54.1192
-54.1891
-54.2633
-54.3408
-54.4227
-54.5099
-54.6059
-54.7114
-54.8224
-54.9392
-55.063
-55.2016
-55.3503
-55.5042
-55.6637
-55.8297
-56.0028
-56.1885
-56.3926
-56.6026
-54.0855
-53.154
-52.9898
-53.0158
-53.0854
-53.1575
-53.2214
-53.2758
-53.3221
-53.3624
-53.3978
-53.4291
-53.4577
-53.4848
-53.5104
-53.5349
-53.559
-53.5832
-53.6078
-53.6333
-53.6601
-53.6903
-53.723
-53.758
-53.7975
-53.8392
-53.883
-53.9295
-53.9791
-54.0323
-54.0894
-54.1507
-54.2166
-54.2913
-54.3754
-54.4698
-54.571
-54.675
-54.7826
-54.895
-55.0135
-55.1385
-55.2703
-55.4088
-55.5536
-55.7063
-55.884
-56.0889
-56.2982
-56.5038
-56.7074
-56.9112
-57.1169
-57.3254
-57.5368
-57.7505
-57.966
-58.1828
-58.402
-58.6757
-54.3558
-52.8803
-52.6289
-52.6795
-52.8014
-52.926
-53.0347
-53.1252
-53.1993
-53.2603
-53.3127
-53.3581
-53.3974
-53.4322
-53.4638
-53.4931
-53.5211
-53.5484
-53.5757
-53.6033
-53.6319
-53.6637
-53.6999
-53.7386
-53.7786
-53.8205
-53.8651
-53.9128
-53.9641
-54.0195
-54.0792
-54.1437
-54.2134
-54.2945
-54.3831
-54.4833
-54.5904
-54.7011
-54.8163
-54.9375
-55.066
-55.2022
-55.3464
-55.4983
-55.6884
-56.0662
-56.6432
-57.2365
-57.7916
-58.3052
-58.7696
-59.1796
-59.59
-60.1061
-60.7926
-61.7514
-62.7619
-63.5795
-64.2157
-64.7657
-65.2765
-65.7607
-66.2372
-66.7588
-67.3219
-67.9499
-68.5491
-69.0679
-67.2819
-54.8651
-52.0956
-51.4537
-51.4627
-51.7482
-52.1127
-52.445
-52.7113
-52.918
-53.0787
-53.2059
-53.3089
-53.3961
-53.4729
-53.5434
-53.6107
-53.6771
-53.7457
-53.8157
-53.8861
-53.9564
-54.029
-54.1056
-54.1871
-54.2742
-54.3695
-54.4753
-54.5941
-54.7289
-54.8736
-55.0239
-55.1786
-55.3414
-55.5174
-55.7056
-55.9073
-56.1302
-56.3772
-56.6508
-56.9565
-57.2777
-57.6041
-57.9345
-58.2704
-58.6276
-59.0007
-59.3885
-59.8025
-60.243
-60.7125
-61.2154
-61.7399
-62.2535
-62.7523
-63.2418
-63.7277
-64.2193
-64.7053
-65.1959
-65.6872
-66.1838
-66.6906
-67.2048
-67.7039
-68.1649
-68.5914
-68.99
-69.367
-69.7281
-70.0752
-70.4073
-70.724
-71.0315
-71.3355
-71.6309
-71.9045
-72.1476
-72.3619
-72.555
-72.7313
-72.8925
-73.044
-73.184
-73.3154
-73.4401
-73.5623
-73.6806
-73.7904
-73.8864
-73.9675
-74.0381
-74.1012
-74.1577
-74.2097
-74.2564
-74.2998
-74.3407
-74.3804
-74.4209
-74.4616
-74.4976
-74.5266
-74.5491
-74.5681
-74.5838
-74.5981
-74.6102
-74.6201
-74.6312
-74.6414
-74.6526
-74.6664
-74.6815
-74.6953
-74.7053
-74.7125
-74.717
-74.72
-74.7216
-74.7224
-74.7221
-74.7222
-74.7236
-74.7247
-74.7298
-74.736
-74.743
-74.7484
-74.7503
-74.751
-74.7497
-74.748
-74.7455
-74.7422
-74.739
-74.7369
-74.7352
-74.7348
-74.738
-74.7432
-74.7478
-74.7527
-74.755
-74.7546
-74.7531
-74.7501
-74.7468
-74.742
-74.7376
-74.7337
-74.7317
-74.73
-74.7291
-74.7315
-74.7357
-74.7392
-74.7428
-74.7452
-74.7433
-74.7409
-74.7385
-74.7341
-74.7297
-74.7247
-74.7211
-74.719
-74.7176
-74.7166
-74.716
-74.7194
-74.7245
-74.7298
-74.7347
-74.736
-74.7333
-74.7296
-74.7275
-74.7225
-74.7175
-74.7134
-74.7089
-74.7044
-74.7012
-74.6994
-74.6987
-74.6995
-74.7044
-74.7117
-74.7167
-74.72
-74.7197
-74.7166
-74.712
-74.7092
-74.7071
-74.7027
-74.6977
-74.6943
-74.689
-74.6847
-74.6828
-74.6803
-74.6796
-74.6843
-74.6928
-74.6997
-74.7045
-74.7067
-74.7071
-74.7042
-74.6987
-74.6934
-74.6919
-74.6876
-74.6794
-74.6749
-74.6711
-74.6657
-74.6637
-74.6618
-74.6593
-74.6602
-74.6678
-74.6768
-74.681
-74.6836
-74.6866
-74.6884
-74.6887
-74.6845
-74.6781
-74.6732
-74.6691
-74.6635
-74.6562
-74.6496
-74.6462
-74.6437
-74.6422
-74.6425
-74.6417
-74.6422
-74.6458
-74.6536
-74.659
-74.6604
-74.664
-74.6684
-74.6698
-74.6695
-74.6655
-74.6578
-74.649
-74.6423
-74.6383
-74.634
-74.6259
-74.6197
-74.6194
-74.6212
-74.6212
-74.6209
-74.6209
-74.6223
-74.6261
-74.6315
-74.6362
-74.6387
-74.6429
-74.6449
-74.6445
-74.6446
-74.6434
-74.6383
-74.6287
-74.617
-74.6082
-74.6049
-74.6028
-74.5991
-74.5946
-74.5922
-74.594
-74.5955
-74.596
-74.5947
-74.5951
-74.5977
-74.6019
-74.6067
-74.6076
-74.6088
-74.6108
-74.6123
-74.6122
-74.6091
-74.6062
-74.6041
-74.6
-74.5927
-74.5826
-74.5731
-74.5688
-74.5679
-74.5687
-74.5703
-74.5675
-74.5635
-74.5623
-74.565
-74.5667
-74.5662
-74.5649
-74.5666
-74.5713
-74.5764
-74.5799
-74.5819
-74.584
-74.5848
-74.5833
-74.5793
-74.5752
-74.569
-74.5621
-74.5569
-74.5501
-74.5426
-74.535
-74.5287
-74.5222
-74.5211
-74.5254
-74.5279
-74.5256
-74.5273
-74.5279
-74.5255
-74.5241
-74.5232
-74.5217
-74.5202
-74.522
-74.5227
-74.5242
-74.5301
-74.5396
-74.5443
-74.5454
-74.5407
-74.5333
-74.5274
-74.5233
-74.5177
-74.5087
-74.5019
-74.4959
-74.4893
-74.4801
-74.471
-74.4644
-74.4602
-74.4588
-74.4608
-74.4654
-74.4697
-74.4712
-74.4707
-74.4719
-74.4716
-74.4718
-74.4685
-74.4657
-74.4612
-74.4596
-74.4625
-74.466
-74.466
-74.4735
-74.4855
-74.4937
-74.4995
-74.5025
-74.5003
-74.4934
-74.4864
-74.4777
-74.4701
-74.4623
-74.4565
-74.4515
-74.4419
-74.4277
-74.4148
-74.4074
-74.4074
-74.4075
-74.4039
-74.399
-74.397
-74.3925
-74.3857
-74.3778
-74.3729
-74.3732
-74.3747
-74.3785
-74.3808
-74.3871
-74.3937
-74.3976
-74.3961
-74.3867
-74.3766
-74.3698
-74.3744
-74.3829
-74.3895
-74.3979
-74.4091
-74.4175
-74.4185
-74.4175
-74.4159
-74.4105
-74.4055
-74.3994
-74.3939
-74.3896
-74.3802
-74.3697
-74.361
-74.3498
-74.3361
-74.3233
-74.3142
-74.3093
-74.3055
-74.303
-74.3002
-74.2993
-74.2979
-74.3002
-74.3002
-74.2921
-74.2794
-74.2641
-74.2462
-74.2285
-74.211
-74.193
-74.1796
-74.1768
-74.1837
-74.19
-74.1994
-74.215
-74.2348
-74.2482
-74.2524
-74.2508
-74.2486
-74.2519
-74.2563
-74.2633
-74.2776
-74.2882
-74.2896
-74.288
-74.2853
-74.2862
-74.2919
-74.2943
-74.2921
-74.2927
-74.2943
-74.2902
-74.2797
-74.2663
-74.255
-74.2457
-74.2405
-74.2409
-74.2374
-74.2317
-74.2247
-74.2183
-74.2119
-74.2014
-74.1856
-74.1702
-74.158
-74.1518
-74.1488
-74.1416
-74.1341
-74.127
-74.1182
-74.1173
-74.1184
-74.1159
-74.1153
-74.1112
-74.1019
-74.0886
-74.0703
-74.0478
-74.0254
-74.0062
-73.9872
-73.9688
-73.9475
-73.9233
-73.9007
-73.8784
-73.8615
-73.8596
-73.8639
-73.8766
-73.8926
-73.9054
-73.9158
-73.9293
-73.9401
-73.9513
-73.9706
-73.9856
-73.9918
-73.9904
-73.9959
-74.0122
-74.0347
-74.0569
-74.0805
-74.0993
-74.112
-74.1221
-74.1261
-74.124
-74.1148
-74.1046
-74.0936
-74.0817
-74.0824
-74.0867
-74.0879
-74.0843
-74.0801
-74.076
-74.0724
-74.0664
-74.055
-74.0464
-74.0393
-74.0352
-74.0386
-74.043
-74.0485
-74.0511
-74.0456
-74.0323
-74.0134
-73.9935
-73.9735
-73.9592
-73.9562
-73.9499
-73.9409
-73.927
-73.9077
-73.8868
-73.8672
-73.845
-73.8214
-73.8101
-73.8146
-73.8293
-73.8445
-73.8494
-73.846
-73.8436
-73.8383
-73.8317
-73.8252
-73.8232
-73.8251
-73.8214
-73.814
-73.8098
-73.8007
-73.7854
-73.7652
-73.7416
-73.7155
-73.6881
-73.6653
-73.6434
-73.6191
-73.5937
-73.573
-73.5531
-73.5372
-73.5206
-73.5138
-73.5078
-73.4959
-73.4784
-73.4588
-73.4469
-73.4394
-73.4276
-73.4127
-73.4011
-73.3868
-73.3684
-73.3504
-73.3366
-73.3203
-73.3004
-73.2776
-73.2528
-73.2265
-73.1993
-73.1713
-73.1429
-73.1142
-73.0852
-73.0619
-73.0532
-73.0507
-73.0522
-73.0495
-73.0493
-73.0465
-73.0376
-73.0236
-73.014
-73.0067
-72.9955
-72.98
-72.9622
-72.9629
-72.9782
-72.9881
-72.993
-73.0087
-73.0248
-73.0474
-73.0642
-73.0698
-73.0662
-73.0561
-73.0416
-73.0285
-73.0213
-73.0117
-73.0075
-73.0133
-73.0166
-73.0125
-73.0021
-72.9871
-72.9738
-72.9664
-72.9614
-72.9606
-72.9553
-72.9444
-72.9292
-72.911
-72.8906
-72.8688
-72.85
-72.8406
-72.8302
-72.8161
-72.7987
-72.7791
-72.7579
-72.7356
-72.7126
-72.6906
-72.6801
-72.6719
-72.6601
-72.6449
-72.6271
-72.6075
-72.5868
-72.5653
-72.5432
-72.5209
-72.4983
-72.4756
-72.4529
-72.4302
-72.4076
-72.3851
-72.3626
-72.3404
-72.3183
-72.2963
-72.2746
-72.253
-72.2316
-72.2104
-72.1895
-72.1692
-72.1629
-72.1628
-72.1593
-72.1514
-72.1403
-72.1268
-72.1229
-72.1277
-72.1288
-72.1247
-72.1166
-72.1055
-72.0925
-72.0781
-72.0629
-72.0469
-72.0306
-72.0139
-71.9971
-71.9801
-71.9631
-71.946
-71.929
-71.9121
-71.8952
-71.8785
-71.8618
-71.8474
-71.8501
-71.8563
-71.8578
-71.8544
-71.8475
-71.8381
-71.8271
-71.8149
-71.802
-71.7886
-71.7748
-71.7608
-71.7466
-71.7324
-71.7181
-71.7038
-71.6896
-71.6754
-71.6613
-71.6473
-71.6334
-71.6196
-71.6059
-71.5924
-71.579
-71.5657
-71.5526
-71.5396
-71.5267
-71.514
-71.5014
-71.489
-71.4767
-71.4645
-71.4525
-71.4407
-71.4289
-71.4173
-71.4059
-71.3946
-71.3834
-71.3724
-71.3615
-71.3507
-71.3401
-71.3296
-71.3192
-71.309
-71.2988
-71.2889
-71.279
-71.2693
-71.2597
-71.2502
-71.2408
-71.2316
-71.2225
-71.2135
-71.2046
-71.1958
-71.1871
-71.1786
-71.1701
-71.1618
-71.1535
-71.1454
-71.1374
-71.1295
-71.1217
-71.114
-71.1064
-71.0988
-71.0914
-71.0841
-71.0769
-71.0698
-71.0627
-71.0558
-71.049
-71.0422
-71.0355
-71.029
-71.0225
-71.0161
-71.0098
-71.0035
-70.9974
-70.9913
-70.9853
-70.9794
-70.9736
-70.9679
-70.9622
-70.9566
-70.9511
-70.9457
-70.9403
-70.935
-70.9298
-70.9246
-70.9196
-70.9146
-70.9096
-70.9048
-70.9
-70.8952
-70.8906
-70.886
-70.8814
-70.877
-70.8726
-70.8682
-70.8639
-70.8597
-70.8556
-70.8514
-70.8474
-70.8434
-70.8395
-70.8356
-70.8318
-70.828
-70.8243
-70.8207
-70.8171
-70.8135
-70.8101
-70.8066
-70.8032
-70.7999
-70.7966
-70.7934
-70.7902
-70.787
-70.7839
-70.7809
-70.7779
-70.7749
-70.772
-70.7691
-70.7663
-70.7635
-70.7608
-70.7581
-70.7554
-70.7528
-70.7502
-70.7477
-70.7452
-70.7427
-70.7403
-70.7379
-70.7356
-70.7333
-70.731
-70.7288
-70.7266
-70.7244
-70.7223
-70.7202
-70.7182
-70.7161
-70.7141
-70.7122
-70.7103
-70.7084
-70.7065
-70.7047
-70.7029
-70.7011
-70.6994
-70.6977
-70.696
-70.6943
-70.6927
-70.6911
-70.6895
-70.688
-70.6865
-70.685
-70.6835
-70.6821
-70.6807
-70.6793
-70.678
-70.6766
-70.6753
-70.674
-70.6728
-70.6715
-70.6703
-70.6691
-70.6679
-70.6668
-70.6657
-70.6645
-70.6635
-70.6624
-70.6613
-70.6603
-70.6593
-70.6583
-70.6574
-70.6564
-70.6555
-70.6546
-70.6537
-70.6528
-70.652
-70.6511
-70.6503
-70.6495
-70.6487
-70.6479
-70.6472
-70.6465
-70.6457
-70.645
-70.6443
-70.6437
-70.643
-70.6424
-70.6417
-70.6411
-70.6405
-70.6399
-70.6393
-70.6388
-70.6382
-70.6377
-70.6372
-70.6367
-70.6362
-70.6357
-70.6352
-70.6348
-70.6343
-70.6339
-70.6335
-70.633
-70.6326
-70.6322
-70.6319
-70.6315
-70.6311
-70.6308
-70.6304
-70.6301
-70.6298
-70.6295
-70.6292
-70.6289
-70.6286
-70.6283
-70.6281
-70.6278
-70.6276
-70.6273
-70.6271
-70.6269
-70.6267
-70.6265
-70.6263
-70.6261
-70.6259
-70.6257
-70.6256
-70.6254
-70.6253
-70.6251
-70.625
-70.6248
-70.6247
-70.6246
-70.6245
-70.6244
-70.6243
-70.6242
-70.6241
-70.624
-70.6239
-70.6239
-70.6238
-70.6237
-70.6237
-70.6236
-70.6236
-70.6236
-70.6235
-70.6235
-70.6235
-70.6235
-70.6234
-70.6234
-70.6234
-70.6234
-70.6234
-70.6234
-70.6234
-70.6235
-70.6235
-70.6235
-70.6235
-70.6236
-70.6236
-70.6236
-70.6237
-70.6237
-70.6238
-70.6238
-70.6239
-70.6239
-70.624
-70.6241
-70.6241
-70.6242
-70.6243
-70.6243
-70.6244
-70.6245
-70.6246
-70.6247
-70.6248
-70.6248
-70.6249
-70.625
-70.6251
-70.6252
-70.6253
-70.6254
-70.6255
-70.6257
-70.6258
-70.6259
-70.626
-70.6261
-70.6262
-70.6263
-70.6265
-70.6266
-70.6267
-70.6268
-70.627
-70.6271
-70.6272
-70.6274
-70.6275
-70.6276
-70.6278
-70.6279
-70.628
-70.6282
-70.6283
-70.6285
-70.6286
-70.6287
-70.6289
-70.629
-70.6292
-70.6293
-70.6295
-70.6296
-70.6298
-70.6299
-70.6301
-70.6302
-70.6304
-70.6305
-70.6307
-70.6308
-70.631
-70.6312
-70.6313
-70.6315
-70.6316
-70.6318
-70.6319
-70.6321
-70.6323
-70.6324
-70.6326
-70.6327
-70.6329
-70.6331
-70.6332
-70.6334
-70.6335
-70.6337
-70.6339
-70.634
-70.6342
-70.6343
-70.6345
-70.6347
-70.6348
-70.635
-70.6351
-70.6353
-70.6355
-70.6356
-70.6358
-70.6359
-70.6361
-70.6363
-70.6364
-70.6366
-70.6367
-70.6369
-70.6371
-70.6372
-70.6374
-70.6375
-70.6377
-70.6379
-70.638
-70.6382
-70.6383
-70.6385
-70.6387
-70.6388
-70.639
-70.6391
-70.6393
-70.6394
-70.6396
-70.6397
-70.6399
-70.6401
-70.6402
-70.6404
-70.6405
-70.6407
-70.6408
-70.641
-70.6411
-70.6413
-70.6414
-70.6416
-70.6417
-70.6419
-70.642
-70.6422
-70.6423
-70.6425
-70.6426
-70.6427
-70.6429
-70.643
-70.6432
-70.6433
-70.6435
-70.6436
-70.6438
-70.6439
-70.644
-70.6442
-70.6443
-70.6445
-70.6446
-70.6447
-70.6449
-70.645
-70.6451

