-70
-70.1661
-70.23
-70.2566
-70.2695
-70.2773
-70.283
-70.2879
-70.2925
-70.297
-70.3014
-70.3057
-70.31
-70.3142
-70.3185
-70.3226
-70.3268
-70.3309
-70.335
-70.3391
-70.3431
-70.3471
-70.351
-70.3549
-70.3588
-70.3626
-70.3664
-70.3701
-70.3738
-70.3775
-70.3811
-70.3847
-70.3883
-70.3918
-70.3953
-70.3987
-70.4021
-70.4055
-70.4088
-70.4121
-70.4154
-70.4186
-70.4218
-70.4249
-70.428
-70.4311
-70.4341
-70.4372
-70.4401
-70.4431
-70.446
-70.4489
-70.4517
-70.4545
-70.4573
-70.4601
-70.4628
-70.4655
-70.4682
-70.4708
-70.4734
-70.476
-70.4785
-70.481
-70.4835
-70.486
-70.4884
-70.4908
-70.4932
-70.4955
-70.4978
-70.5001
-70.5024
-70.5046
-70.5068
-70.509
-70.5112
-70.5133
-70.5154
-70.5175
-70.5196
-70.5216
-70.5236
-70.5256
-70.5276
-70.5295
-70.5315
-70.5334
-70.5352
-70.5371
-70.5389
-70.5407
-70.5425
-70.5443
-70.5461
-70.5478
-70.5495
-70.5512
-70.5528
-70.5545
-70.5561
-70.5577
-70.5593
-70.5609
-70.5624
-70.5639
-70.5655
-70.5669
-70.5684
-70.5699
-70.5713
-70.5727
-70.5741
-70.5755
-70.5769
-70.5782
-70.5796
-70.5809
-70.5822
-70.5835
-70.5848
-70.586
-70.5873
-70.5885
-70.5897
-70.5909
-70.5921
-70.5932
-70.5944
-70.5955
-70.5966
-70.5977
-70.5988
-70.5999
-70.601
-70.602
-70.603
-70.6041
-70.6051
-70.6061
-70.6071
-70.608
-70.609
-70.6099
-70.6109
-70.6118
-70.6127
-70.6136
-70.6145
-70.6154
-70.6162
-70.6171
-70.6179
-70.6187
-70.6196
-70.6204
-70.6212
-70.622
-70.6227
-70.6235
-70.6242
-70.625
-70.6257
-70.6265
-70.6272
-70.6279
-70.6286
-70.6293
-70.6299
-70.6306
-70.6313
-70.6319
-70.6325
-70.6332
-70.6338
-70.6344
-70.635
-70.6356
-70.6362
-70.6368
-70.6374
-70.6379
-70.6385
-70.639
-70.6396
-70.6401
-70.6406
-70.6411
-70.6417
-70.6422
-70.6427
-70.6431
-70.6436
-70.6441
-70.6446
-70.645
-70.6455
-70.6459
-70.6464
-70.6468
-70.6472
-70.6476
-70.6481
-70.6485
-70.6489
-70.6493
-70.6497
-70.65
-70.6504
-70.6508
-70.6512
-70.6515
-70.6519
-70.6522
-70.6526
-70.6529
-70.6533
-70.6536
-70.6539
-70.6542
-70.6545
-70.6549
-70.6552
-70.6555
-70.6558
-70.656
-70.6563
-70.6566
-70.6569
-70.6572
-70.6574
-70.6577
-70.658
-70.6582
-70.6585
-70.6587
-70.6589
-70.6592
-70.6594
-70.6597
-70.6599
-70.6601
-70.6603
-70.6605
-70.6607
-70.661
-70.6612
-70.6614
-70.6616
-70.6617
-70.6619
-70.6621
-70.6623
-70.6625
-70.6627
-70.6628
-70.663
-70.6632
-70.6633
-70.6635
-70.6637
-70.6638
-70.664
-70.6641
-70.6643
-70.6644
-70.6646
-70.6647
-70.6648
-70.665
-70.6651
-70.6652
-70.6653
-70.6655
-70.6656
-70.6657
-70.6658
-70.6659
-70.666
-70.6662
-70.6663
-70.6664
-70.6665
-70.6666
-70.6667
-70.6668
-70.6669
-70.667
-70.667
-70.6671
-70.6672
-70.6673
-70.6674
-70.6675
-70.6675
-70.6676
-70.6677
-70.6678
-70.6678
-70.6679
-70.668
-70.668
-70.6681
-70.6682
-70.6682
-70.6683
-70.6683
-70.6684
-70.6685
-70.6685
-70.6686
-70.6686
-70.6687
-70.6687
-70.6688
-70.6688
-70.6688
-70.6689
-70.6689
-70.669
-70.669
-70.669
-70.6691
-70.6691
-70.6691
-70.6692
-70.6692
-70.6692
-70.6693
-70.6693
-70.6693
-70.6694
-70.6694
-70.6694
-70.6694
-70.6694
-70.6695
-70.6695
-70.6695
-70.6695
-70.6695
-70.6696
-70.6696
-70.6696
-70.6696
-70.6696
-70.6696
-70.6696
-70.6697
-70.6697
-70.6697
-70.6697
-70.6697
-70.6697
-70.6697
-70.6697
-70.6697
-70.6697
-70.6697
-70.6697
-70.6697
-70.6697
-70.6697
-70.6697
-70.6697
-70.6697
-70.6697
-70.6697
-70.6697
-70.6697
-70.6697
-70.6697
-70.6697
-70.6697
-70.6697
-70.6697
-70.6697
-70.6697
-70.6697
-70.6697
-70.6697
-70.6697
-70.6697
-70.6696
-70.6696
-70.6696
-70.6696
-70.6696
-70.6696
-70.6696
-70.6696
-70.6696
-70.6695
-70.6695
-70.6695
-70.6695
-70.6695
-70.6695
-70.6695
-70.6695
-70.6694
-70.6694
-70.6694
-70.6694
-70.6694
-70.6694
-70.6693
-70.6693
-70.6693
-70.6693
-70.6693
-70.6693
-70.6693
-70.6692
-70.6692
-70.6692
-70.6692
-70.6692
-70.6691
-70.6691
-70.6691
-70.6691
-70.6691
-70.6691
-70.669
-70.669
-70.669
-70.669
-70.669
-70.6689
-70.6689
-70.6689
-70.6689
-70.6689
-70.6688
-70.6688
-70.6688
-70.6688
-70.6688
-70.6687
-70.6687
-70.6687
-70.6687
-70.6686
-70.6686
-70.6686
-70.6686
-70.6686
-70.6685
-70.6685
-70.6685
-70.6685
-70.6685
-70.6684
-70.6684
-70.6684
-70.6684
-70.6684
-70.6683
-70.6683
-70.6683
-70.6683
-70.6682
-70.6682
-70.6682
-70.6682
-70.6682
-70.6681
-70.6681
-70.6681
-70.6681
-70.6681
-70.6737
-70.8993
-71.6899
-72.65
-73.381
-73.8445
-58.0096
-52.3227
-50.22
-48.3361
-44.5275
3.48013
-23.2446
-51.8427
-68.9904
-68.3421
-67.3144
-66.2541
-65.1831
-64.1194
-63.0808
-62.0852
-61.1475
-60.2592
-59.199
-58.3443
-57.6216
-56.9933
-56.446
-55.9725
-55.5484
-55.1607
-54.8417
-54.58
-54.3661
-54.1922
-54.0504
-53.9141
-53.8032
-53.7185
-53.654
-53.6051
-53.5684
-53.5416
-53.51
-53.479
-53.4587
-53.4462
-53.4392
-53.4359
-53.4353
-53.4367
-53.4398
-53.4271
-53.4154
-53.4105
-53.4099
-53.4118
-53.4153
-53.4197
-53.4247
-53.4303
-53.4363
-53.4426
-53.4399
-53.4223
-53.4134
-53.411
-53.4119
-53.4145
-53.418
-53.422
-53.4263
-53.4309
-53.4356
-53.4404
-53.445
-53.4489
-53.4523
-53.4552
-53.4572
-53.4501
-53.4173
-53.4007
-53.393
-53.3879
-53.3815
-53.3688
-53.3315
-53.0091
-52.6738
-52.7275
-52.8547
-52.9676
-53.0505
-53.107
-53.1446
-53.1707
-53.1913
-53.2101
-53.23
-53.2531
-53.2818
-53.3185
-53.3661
-53.426
-53.4977
-53.5793
-53.6691
-53.5624
-53.4937
-53.4728
-53.4702
-53.4751
-53.4838
-53.4951
-53.5085
-53.5239
-53.5413
-53.5607
-53.5822
-53.606
-53.6321
-53.6608
-53.6923
-53.7268
-53.7647
-53.8062
-53.8515
-53.9009
-53.9548
-54.0133
-54.077
-54.1462
-54.2211
-54.302
-54.3893
-54.4836
-54.5855
-54.6952
-54.8134
-54.9408
-55.0779
-55.2253
-55.3832
-55.5516
-53.8118
-53.3138
-53.2195
-53.2342
-53.2762
-53.3217
-53.3644
-53.4032
-53.4383
-53.4704
-53.5004
-53.5288
-53.5563
-53.584
-53.6125
-53.6414
-53.6711
-53.7033
-53.7375
-53.7735
-53.8115
-53.852
-53.8955
-53.9425
-53.995
-54.0514
-54.1151
-54.1854
-54.2609
-54.3399
-54.4231
-54.5115
-54.6057
-54.7062
-54.8163
-54.9369
-55.0674
-55.21
-55.3651
-55.5273
-55.6945
-55.8679
-56.0485
-55.8884
-53.6571
-53.1392
-53.0654
-53.1039
-53.1658
-53.2267
-53.2806
-53.3271
-53.3672
-53.4024
-53.4336
-53.462
-53.4887
-53.5148
-53.5409
-53.5667
-53.5934
-53.6206
-53.6482
-53.6767
-53.7067
-53.7386
-53.7726
-53.8094
-53.8515
-53.8998
-53.9515
-54.0081
-54.0695
-54.1337
-54.2012
-54.2726
-54.3484
-54.4292
-54.5156
-54.6095
-54.721
-54.8449
-54.9724
-55.1127
-55.2608
-55.4121
-55.5672
-55.7275
-55.894
-56.0671
-56.2472
-56.4357
-56.6633
-56.907
-57.1462
-57.4001
-57.6589
-57.2781
-53.6656
-52.8934
-52.793
-52.8605
-52.9621
-53.0595
-53.144
-53.2149
-53.2739
-53.3237
-53.3669
-53.4045
-53.4379
-53.4682
-53.4965
-53.5234
-53.5497
-53.5759
-53.6028
-53.6334
-53.6665
-53.7001
-53.7366
-53.7764
-53.8182
-53.8621
-53.9088
-53.9589
-54.013
-54.0787
-54.1518
-54.2275
-54.3061
-54.3888
-54.4783
-54.5809
-54.6897
-54.8031
-54.9221
-55.0495
-54.1963
-53.397
-53.2255
-53.2162
-53.2473
-53.2854
-53.3215
-53.3538
-53.3829
-53.4091
-53.4327
-53.4547
-53.4769
-53.4986
-53.5196
-53.5404
-53.5615
-53.5832
-53.6063
-53.6371
-53.6765
-53.7255
-53.7906
-53.866
-53.9457
-54.0279
-54.1071
-54.1844
-54.2745
-54.3973
-54.5753
-54.802
-55.0249
-55.2311
-55.4267
-55.6191
-55.8123
-56.0141
-56.2482
-56.5472
-56.8989
-57.2725
-57.6419
-58.0011
-58.3575
-58.7201
-59.0885
-59.4652
-59.8741
-60.3296
-60.8326
-61.3658
-61.8951
-62.4134
-62.918
-63.4123
-63.8957
-64.3676
-64.8402
-65.3358
-65.8547
-66.3924
-66.9202
-67.42
-67.888
-68.3225
-68.7303
-69.111
-69.4681
-69.8227
-70.1836
-70.5434
-70.8964
-71.224
-71.5211
-71.7883
-72.0263
-72.241
-72.4343
-72.6122
-72.7855
-72.9558
-73.1232
-73.2854
-73.4327
-73.5633
-73.678
-73.7782
-73.8661
-73.9423
-74.0118
-74.0783
-74.1433
-74.2074
-74.2705
-74.3283
-74.3781
-74.4214
-74.4568
-74.4857
-74.5094
-74.5314
-74.5527
-74.5739
-74.5962
-74.6198
-74.6438
-74.6648
-74.6811
-74.694
-74.7028
-74.7081
-74.7126
-74.7174
-74.7225
-74.729
-74.7357
-74.744
-74.7525
-74.7598
-74.7645
-74.7671
-74.7675
-74.7662
-74.7655
-74.766
-74.7674
-74.7702
-74.7723
-74.7753
-74.779
-74.7822
-74.784
-74.7836
-74.7812
-74.7788
-74.7768
-74.7742
-74.7727
-74.7731
-74.7732
-74.7729
-74.7742
-74.7761
-74.7772
-74.7775
-74.7762
-74.7738
-74.7724
-74.7715
-74.7698
-74.7692
-74.7693
-74.7686
-74.7677
-74.7676
-74.7685
-74.7685
-74.7675
-74.7657
-74.7626
-74.7599
-74.7579
-74.7572
-74.7564
-74.756
-74.7546
-74.7534
-74.7533
-74.7539
-74.7557
-74.7557
-74.7547
-74.7535
-74.7523
-74.7493
-74.7478
-74.7478
-74.7488
-74.7473
-74.7445
-74.7427
-74.7418
-74.741
-74.7415
-74.7413
-74.7394
-74.7386
-74.7372
-74.7339
-74.7314
-74.7316
-74.733
-74.7338
-74.7319
-74.7285
-74.7275
-74.7267
-74.7269
-74.7286
-74.7296
-74.7288
-74.7288
-74.7267
-74.7233
-74.7215
-74.7224
-74.7232
-74.7226
-74.72
-74.7161
-74.7121
-74.7095
-74.7084
-74.7088
-74.7112
-74.7126
-74.7124
-74.7103
-74.7071
-74.7049
-74.7061
-74.7086
-74.7089
-74.7071
-74.7051
-74.7021
-74.6982
-74.6948
-74.693
-74.6932
-74.6946
-74.6987
-74.7022
-74.701
-74.6978
-74.6955
-74.6944
-74.6958
-74.6959
-74.6945
-74.6914
-74.6872
-74.6827
-74.6792
-74.6755
-74.6728
-74.6706
-74.6719
-74.6756
-74.6786
-74.6795
-74.679
-74.679
-74.6789
-74.6804
-74.6805
-74.6788
-74.6776
-74.676
-74.6724
-74.6674
-74.6626
-74.6592
-74.6568
-74.6536
-74.6533
-74.6575
-74.662
-74.6635
-74.661
-74.6621
-74.664
-74.6665
-74.6676
-74.664
-74.6596
-74.6577
-74.656
-74.6529
-74.6475
-74.6417
-74.6354
-74.6306
-74.6284
-74.6288
-74.6321
-74.6334
-74.6327
-74.635
-74.6365
-74.6372
-74.6408
-74.6453
-74.6484
-74.6465
-74.6395
-74.6355
-74.6368
-74.6375
-74.633
-74.6275
-74.6219
-74.6138
-74.6066
-74.6049
-74.6063
-74.6095
-74.6117
-74.6124
-74.611
-74.6121
-74.6127
-74.6151
-74.6218
-74.626
-74.624
-74.62
-74.6165
-74.6117
-74.6083
-74.6079
-74.6074
-74.6028
-74.5955
-74.5879
-74.5808
-74.5776
-74.5758
-74.5742
-74.5735
-74.5777
-74.5784
-74.579
-74.5802
-74.584
-74.5867
-74.5887
-74.5921
-74.5956
-74.5963
-74.5904
-74.5825
-74.5768
-74.5755
-74.5759
-74.5734
-74.5703
-74.5683
-74.5649
-74.5604
-74.5568
-74.5523
-74.5496
-74.5469
-74.5429
-74.5404
-74.5411
-74.5421
-74.5445
-74.5457
-74.5498
-74.5563
-74.5604
-74.5624
-74.5631
-74.5621
-74.5572
-74.5495
-74.5422
-74.5395
-74.5388
-74.535
-74.5295
-74.5211
-74.5128
-74.5097
-74.5148
-74.5195
-74.5191
-74.5134
-74.5057
-74.5031
-74.4975
-74.4939
-74.493
-74.4939
-74.4948
-74.4964
-74.4996
-74.5076
-74.5161
-74.5221
-74.5254
-74.5238
-74.519
-74.5156
-74.5087
-74.498
-74.4906
-74.4872
-74.4829
-74.4784
-74.4728
-74.4656
-74.46
-74.4552
-74.4509
-74.449
-74.4469
-74.4479
-74.4531
-74.4559
-74.4535
-74.4505
-74.4477
-74.4483
-74.4489
-74.4458
-74.4447
-74.4485
-74.4559
-74.4631
-74.4665
-74.4661
-74.463
-74.4625
-74.4667
-74.4678
-74.4618
-74.4492
-74.44
-74.4316
-74.4244
-74.4204
-74.415
-74.4071
-74.3998
-74.3926
-74.3858
-74.3852
-74.385
-74.3827
-74.3775
-74.3713
-74.3635
-74.3568
-74.3563
-74.3584
-74.3598
-74.3552
-74.3492
-74.3529
-74.3621
-74.3687
-74.3777
-74.382
-74.3833
-74.3868
-74.3927
-74.3962
-74.3973
-74.3963
-74.3973
-74.3944
-74.39
-74.3856
-74.3796
-74.373
-74.3644
-74.3556
-74.3468
-74.3337
-74.3229
-74.318
-74.3191
-74.3182
-74.3166
-74.3122
-74.3014
-74.2932
-74.2881
-74.2837
-74.2804
-74.2742
-74.267
-74.262
-74.261
-74.2621
-74.2625
-74.2578
-74.2472
-74.2384
-74.233
-74.2264
-74.2172
-74.2103
-74.2037
-74.1976
-74.2006
-74.2139
-74.2284
-74.2432
-74.2565
-74.2674
-74.2751
-74.2797
-74.2853
-74.2934
-74.301
-74.3068
-74.3066
-74.2981
-74.287
-74.2783
-74.27
-74.2591
-74.2453
-74.2295
-74.2145
-74.1994
-74.1877
-74.1769
-74.1615
-74.1429
-74.1314
-74.1307
-74.1342
-74.1397
-74.1439
-74.1506
-74.1632
-74.169
-74.169
-74.1636
-74.1563
-74.1467
-74.1345
-74.1205
-74.1055
-74.0889
-74.0713
-74.0522
-74.0421
-74.0384
-74.0304
-74.0279
-74.0287
-74.0308
-74.033
-74.0326
-74.0336
-74.0336
-74.0347
-74.0322
-74.0225
-74.0124
-74.0056
-73.9947
-73.9818
-73.9652
-73.9481
-73.9375
-73.9411
-73.9579
-73.9909
-74.0219
-74.0427
-74.0577
-74.0677
-74.0705
-74.0675
-74.0606
-74.0545
-74.0528
-74.0622
-74.0765
-74.0889
-74.095
-74.092
-74.0908
-74.086
-74.0761
-74.0714
-74.0653
-74.0558
-74.041
-74.0264
-74.0138
-74.0013
-73.9846
-73.9632
-73.9384
-73.9112
-73.8867
-73.8663
-73.8467
-73.8241
-73.7982
-73.781
-73.7905
-73.8156
-73.8371
-73.8476
-73.8494
-73.8529
-73.8621
-73.8752
-73.883
-73.8951
-73.9047
-73.9038
-73.894
-73.8777
-73.857
-73.8332
-73.8073
-73.7872
-73.7791
-73.7835
-73.7963
-73.8092
-73.8158
-73.8177
-73.8164
-73.8099
-73.8041
-73.7977
-73.7855
-73.7679
-73.7461
-73.7214
-73.6982
-73.6777
-73.6552
-73.6306
-73.6101
-73.5907
-73.575
-73.558
-73.5434
-73.5287
-73.5166
-73.5048
-73.4952
-73.4819
-73.4638
-73.4428
-73.4265
-73.416
-73.4093
-73.405
-73.4073
-73.4122
-73.4212
-73.429
-73.4345
-73.4381
-73.4556
-73.4775
-73.4878
-73.4865
-73.477
-73.4637
-73.4535
-73.4473
-73.4397
-73.4268
-73.4164
-73.4164
-73.4198
-73.4173
-73.4083
-73.4011
-73.3912
-73.3764
-73.3574
-73.3354
-73.3114
-73.2913
-73.2929
-73.3184
-73.3459
-73.36
-73.3615
-73.3539
-73.3448
-73.3373
-73.3356
-73.35
-73.3609
-73.3693
-73.3695
-73.3617
-73.3478
-73.3298
-73.3088
-73.2857
-73.2612
-73.2354
-73.2106
-73.1947
-73.1898
-73.1935
-73.1927
-73.1845
-73.1705
-73.1523
-73.1331
-73.124
-73.1233
-73.1191
-73.1154
-73.1125
-73.1043
-73.0989
-73.0944
-73.0849
-73.0705
-73.0525
-73.0319
-73.0096
-72.986
-72.9615
-72.9364
-72.9108
-72.8849
-72.8588
-72.8326
-72.8063
-72.78
-72.7538
-72.7276
-72.7016
-72.679
-72.6683
-72.6655
-72.668
-72.6657
-72.6573
-72.6444
-72.6283
-72.61
-72.5903
-72.5696
-72.5483
-72.5264
-72.5043
-72.4819
-72.4595
-72.437
-72.4145
-72.3938
-72.3869
-72.3828
-72.375
-72.3633
-72.3488
-72.3324
-72.3147
-72.2962
-72.2771
-72.2576
-72.238
-72.2182
-72.1983
-72.1785
-72.1587
-72.1389
-72.1193
-72.0998
-72.0805
-72.0613
-72.0422
-72.0233
-72.0046
-71.9861
-71.9678
-71.9496
-71.9317
-71.9139
-71.8963
-71.8789
-71.8617
-71.8447
-71.8279
-71.8113
-71.7949
-71.7787
-71.7626
-71.7467
-71.7311
-71.7156
-71.7003
-71.6851
-71.6702
-71.6554
-71.6408
-71.6264
-71.6122
-71.5981
-71.5842
-71.5705
-71.5569
-71.5435
-71.5302
-71.5172
-71.5042
-71.4915
-71.4789
-71.4664
-71.4541
-71.442
-71.43
-71.4182
-71.4065
-71.3949
-71.3835
-71.3723
-71.3611
-71.3501
-71.3393
-71.3286
-71.318
-71.3076
-71.2973
-71.2872
-71.2771
-71.2672
-71.2575
-71.2478
-71.2383
-71.2289
-71.2196
-71.2104
-71.2014
-71.1925
-71.1837
-71.175
-71.1664
-71.1579
-71.1496
-71.1413
-71.1332
-71.1252
-71.1172
-71.1094
-71.1017
-71.0941
-71.0866
-71.0791
-71.0718
-71.0646
-71.0575
-71.0504
-71.0435
-71.0367
-71.0299
-71.0233
-71.0167
-71.0102
-71.0038
-70.9975
-70.9913
-70.9852
-70.9791
-70.9731
-70.9672
-70.9614
-70.9557
-70.9501
-70.9445
-70.939
-70.9336
-70.9283
-70.923
-70.9178
-70.9127
-70.9076
-70.9026
-70.8977
-70.8929
-70.8881
-70.8834
-70.8788
-70.8742
-70.8697
-70.8653
-70.8609
-70.8566
-70.8524
-70.8482
-70.844
-70.84
-70.836
-70.832
-70.8281
-70.8243
-70.8205
-70.8168
-70.8131
-70.8095
-70.806
-70.8025
-70.799
-70.7956
-70.7923
-70.789
-70.7857
-70.7825
-70.7794
-70.7763
-70.7732
-70.7702
-70.7672
-70.7643
-70.7615
-70.7586
-70.7559
-70.7531
-70.7504
-70.7478
-70.7452
-70.7426
-70.7401
-70.7376
-70.7351
-70.7327
-70.7303
-70.728
-70.7257
-70.7235
-70.7212
-70.7191
-70.7169
-70.7148
-70.7127
-70.7107
-70.7087
-70.7067
-70.7048
-70.7028
-70.701
-70.6991
-70.6973
-70.6955
-70.6938
-70.6921
-70.6904
-70.6887
-70.6871
-70.6855
-70.6839
-70.6824
-70.6808
-70.6793
-70.6779
-70.6764
-70.675
-70.6736
-70.6723
-70.6709
-70.6696
-70.6683
-70.6671
-70.6658
-70.6646
-70.6634
-70.6623
-70.6611
-70.66
-70.6589
-70.6578
-70.6568
-70.6557
-70.6547
-70.6537
-70.6527
-70.6518
-70.6508
-70.6499
-70.649
-70.6481
-70.6473
-70.6464
-70.6456
-70.6448
-70.644
-70.6432
-70.6425
-70.6417
-70.641
-70.6403
-70.6396
-70.6389
-70.6383
-70.6376
-70.637
-70.6364
-70.6358
-70.6352
-70.6346
-70.634
-70.6335
-70.633
-70.6325
-70.6319
-70.6315
-70.631
-70.6305
-70.6301
-70.6296
-70.6292
-70.6288
-70.6284
-70.628
-70.6276
-70.6272
-70.6269
-70.6265
-70.6262
-70.6258
-70.6255
-70.6252
-70.6249
-70.6246
-70.6243
-70.6241
-70.6238
-70.6236
-70.6233
-70.6231
-70.6229
-70.6226
-70.6224
-70.6222
-70.622
-70.6219
-70.6217
-70.6215
-70.6214
-70.6212
-70.6211
-70.6209
-70.6208
-70.6207
-70.6206
-70.6204
-70.6203
-70.6202
-70.6202
-70.6201
-70.62
-70.6199
-70.6199
-70.6198
-70.6197
-70.6197
-70.6196
-70.6196
-70.6196
-70.6196
-70.6195
-70.6195
-70.6195
-70.6195
-70.6195
-70.6195
-70.6195
-70.6195
-70.6195
-70.6196
-70.6196
-70.6196
-70.6196
-70.6197
-70.6197
-70.6198
-70.6198
-70.6199
-70.6199
-70.62
-70.62
-70.6201
-70.6202
-70.6203
-70.6203
-70.6204
-70.6205
-70.6206
-70.6207
-70.6208
-70.6209
-70.621
-70.6211
-70.6212
-70.6213
-70.6214
-70.6215
-70.6216
-70.6217
-70.6218
-70.6219
-70.6221
-70.6222
-70.6223
-70.6224
-70.6226
-70.6227
-70.6228
-70.623
-70.6231
-70.6232
-70.6234
-70.6235
-70.6237
-70.6238
-70.624
-70.6241
-70.6243
-70.6244
-70.6246
-70.6247
-70.6249
-70.625
-70.6252
-70.6253
-70.6255
-70.6256
-70.6258
-70.626
-70.6261
-70.6263
-70.6265
-70.6266
-70.6268
-70.627
-70.6271
-70.6273
-70.6275
-70.6276
-70.6278
-70.628
-70.6281
-70.6283
-70.6285
-70.6287
-70.6288
-70.629
-70.6292
-70.6293
-70.6295
-70.6297
-70.6299
-70.63
-70.6302
-70.6304
-70.6306
-70.6307
-70.6309
-70.6311
-70.6313
-70.6315
-70.6316
-70.6318
-70.632
-70.6322
-70.6323
-70.6325
-70.6327
-70.6329
-70.633
-70.6332
-70.6334
-70.6336
-70.6337
-70.6339
-70.6341
-70.6343
-70.6344
-70.6346
-70.6348
-70.635
-70.6351
-70.6353
-70.6355
-70.6357
-70.6358
-70.636
-70.6362
-70.6364
-70.6365
-70.6367
-70.6369
-70.637
-70.6372
-70.6374
-70.6375
-70.6377
-70.6379
-70.6381
-70.6382
-70.6384
-70.6386
-70.6387
-70.6389
-70.639
-70.6392
-70.6394
-70.6395
-70.6397
-70.6399
-70.64
-70.6402
-70.6404
-70.6405
-70.6407
-70.6408
-70.641
-70.6411
-70.6413
-70.6415
-70.6416
-70.6418
-70.6419
-70.6421
-70.6422
-70.6424
-70.6425
-70.6427
-70.6428
-70.643
-70.6431
-70.6433
-70.6434
-70.6436
-70.6437
-70.6439
-70.644
-70.6442
-70.6443
-70.6445
-70.6446
-70.6447

