-70
-70.2123
-70.2926
-70.3252
-70.3404
-70.3491
-70.3555
-70.3609
-70.3659
-70.3708
-70.3757
-70.3805
-70.3853
-70.39
-70.3948
-70.3995
-70.4042
-70.4088
-70.4134
-70.4179
-70.4224
-70.4269
-70.4313
-70.4357
-70.44
-70.4443
-70.4485
-70.4527
-70.4569
-70.461
-70.465
-70.469
-70.473
-70.4769
-70.4808
-70.4846
-70.4884
-70.4921
-70.4958
-70.4995
-70.5031
-70.5067
-70.5102
-70.5137
-70.5172
-70.5206
-70.524
-70.5273
-70.5306
-70.5339
-70.5371
-70.5403
-70.5434
-70.5465
-70.5496
-70.5526
-70.5556
-70.5586
-70.5615
-70.5644
-70.5673
-70.5701
-70.5729
-70.5757
-70.5784
-70.5811
-70.5838
-70.5864
-70.589
-70.5916
-70.5941
-70.5966
-70.5991
-70.6016
-70.604
-70.6064
-70.6087
-70.6111
-70.6134
-70.6157
-70.6179
-70.6201
-70.6223
-70.6245
-70.6266
-70.6287
-70.6308
-70.6329
-70.6349
-70.6369
-70.6389
-70.6409
-70.6428
-70.6448
-70.6466
-70.6485
-70.6503
-70.6522
-70.654
-70.6557
-70.6575
-70.6592
-70.6609
-70.6626
-70.6643
-70.6659
-70.6675
-70.6691
-70.6707
-70.6723
-70.6738
-70.6754
-70.6769
-70.6783
-70.6798
-70.6812
-70.6827
-70.6841
-70.6855
-70.6868
-70.6882
-70.6895
-70.6908
-70.6921
-70.6934
-70.6947
-70.6959
-70.6972
-70.6984
-70.6996
-70.7008
-70.702
-70.7031
-70.7042
-70.7054
-70.7065
-70.7076
-70.7087
-70.7097
-70.7108
-70.7118
-70.7128
-70.7138
-70.7148
-70.7158
-70.7168
-70.7177
-70.7187
-70.7196
-70.7205
-70.7214
-70.7223
-70.7232
-70.7241
-70.7249
-70.7258
-70.7266
-70.7274
-70.7282
-70.729
-70.7298
-70.7306
-70.7314
-70.7321
-70.7329
-70.7336
-70.7343
-70.735
-70.7357
-70.7364
-70.7371
-70.7378
-70.7384
-70.7391
-70.7397
-70.7404
-70.741
-70.7416
-70.7422
-70.7428
-70.7434
-70.744
-70.7446
-70.7451
-70.7457
-70.7462
-70.7468
-70.7473
-70.7478
-70.7484
-70.7489
-70.7494
-70.7499
-70.7504
-70.7508
-70.7513
-70.7518
-70.7522
-70.7527
-70.7531
-70.7536
-70.754
-70.7544
-70.7549
-70.7553
-70.7557
-70.7561
-70.7565
-70.7569
-70.7573
-70.7576
-70.758
-70.7584
-70.7587
-70.7591
-70.7594
-70.7598
-70.7601
-70.7605
-70.7608
-70.7611
-70.7614
-70.7617
-70.7621
-70.7624
-70.7627
-70.763
-70.7632
-70.7635
-70.7638
-70.7641
-70.7644
-70.7646
-70.7649
-70.7651
-70.7654
-70.7656
-70.7659
-70.7661
-70.7664
-70.7666
-70.7668
-70.7671
-70.7673
-70.7675
-70.7677
-70.7679
-70.7681
-70.7684
-70.7686
-70.7688
-70.769
-70.7691
-70.7693
-70.7695
-70.7697
-70.7699
-70.7701
-70.7702
-70.7704
-70.7706
-70.7707
-70.7709
-70.7711
-70.7712
-70.7714
-70.7715
-70.7717
-70.7718
-70.772
-70.7721
-70.7722
-70.7724
-70.7725
-70.7726
-70.7728
-70.7729
-70.773
-70.7731
-70.7733
-70.7734
-70.7735
-70.7736
-70.7737
-70.7738
-70.7739
-70.774
-70.7741
-70.7742
-70.7743
-70.7744
-70.7745
-70.7746
-70.7747
-70.7748
-70.7749
-70.775
-70.7751
-70.7751
-70.7752
-70.7753
-70.7754
-70.7755
-70.7755
-70.7756
-70.7757
-70.7758
-70.7758
-70.7759
-70.776
-70.776
-70.7761
-70.7762
-70.7762
-70.7763
-70.7763
-70.7764
-70.7765
-70.7765
-70.7766
-70.7766
-70.7767
-70.7767
-70.7768
-70.7768
-70.7769
-70.7769
-70.777
-70.777
-70.7771
-70.7771
-70.7771
-70.7772
-70.7772
-70.7773
-70.7773
-70.7773
-70.7774
-70.7774
-70.7774
-70.7775
-70.7775
-70.7775
-70.7776
-70.7776
-70.7776
-70.7777
-70.7777
-70.7777
-70.7777
-70.7778
-70.7778
-70.7778
-70.7778
-70.7779
-70.7779
-70.7779
-70.7779
-70.778
-70.778
-70.778
-70.778
-70.778
-70.7781
-70.7781
-70.7781
-70.7781
-70.7781
-70.7781
-70.7782
-70.7782
-70.7782
-70.7782
-70.7782
-70.7782
-70.7782
-70.7783
-70.7783
-70.7783
-70.7783
-70.7783
-70.7783
-70.7783
-70.7783
-70.7783
-70.7783
-70.7784
-70.7784
-70.7784
-70.7784
-70.7784
-70.7784
-70.7784
-70.7784
-70.7784
-70.7784
-70.7784
-70.7784
-70.7784
-70.7784
-70.7784
-70.7784
-70.7784
-70.7784
-70.7784
-70.7785
-70.7785
-70.7785
-70.7785
-70.7785
-70.7785
-70.7785
-70.7785
-70.7785
-70.7785
-70.7785
-70.7785
-70.7785
-70.7785
-70.7785
-70.7785
-70.7785
-70.7785
-70.7785
-70.7785
-70.7785
-70.7785
-70.7785
-70.7785
-70.7785
-70.7785
-70.7785
-70.7785
-70.7785
-70.7785
-70.7785
-70.7784
-70.7784
-70.7784
-70.7784
-70.7784
-70.7784
-70.7784
-70.7784
-70.7784
-70.7784
-70.7784
-70.7784
-70.7784
-70.7784
-70.7784
-70.7784
-70.7784
-70.7784
-70.7784
-70.7784
-70.7784
-70.7784
-70.7784
-70.7784
-70.7784
-70.7784
-70.7784
-70.7784
-70.7784
-70.7783
-70.7783
-70.7783
-70.7783
-70.7783
-70.7783
-70.7783
-70.7836
-70.9998
-71.754
-72.7194
-73.4589
-73.9333
-74.1749
-74.2879
-74.3412
-74.3673
-74.3883
-74.4272
-74.491
-74.5572
-74.6118
-74.648
-74.6646
-74.6684
-74.665
-74.6578
-74.6519
-74.6581
-74.6817
-74.7121
-74.7398
-74.7582
-74.7633
-74.7596
-74.7509
-74.7395
-74.7267
-74.7122
-74.6961
-74.6786
-74.6604
-74.641
-74.6199
-74.5972
-74.5731
-74.5477
-74.5212
-74.4936
-74.4651
-74.4356
-74.4053
-74.3743
-74.3425
-74.3102
-74.2773
-74.244
-74.2102
-74.1761
-74.1418
-74.1072
-74.0725
-74.0376
-74.0027
-73.9677
-73.9327
-73.8978
-73.8629
-73.8282
-73.7935
-73.7591
-73.7247
-73.6906
-73.6567
-73.623
-73.5895
-73.5563
-73.5233
-73.4906
-73.4582
-73.426
-73.3941
-73.3626
-73.3313
-73.3003
-73.2695
-73.2391
-73.209
-73.1792
-73.1496
-73.1204
-73.0914
-73.0628
-73.0344
-73.0064
-72.9786
-72.9511
-72.9239
-72.897
-72.8703
-72.844
-72.8179
-72.7921
-72.7666
-72.7414
-72.7164
-72.6917
-72.6673
-72.6431
-72.6192
-72.5956
-72.5722
-72.5491
-72.5262
-72.5036
-72.4813
-72.4592
-72.4373
-72.4157
-72.3944
-72.3733
-72.3524
-72.3318
-72.3114
-72.2913
-72.2714
-72.2517
-72.2323
-72.213
-72.194
-72.1752
-72.1567
-72.1383
-72.1202
-72.1023
-72.0846
-72.0671
-72.0498
-72.0327
-72.0158
-71.9991
-71.9826
-71.9662
-71.9501
-71.9342
-71.9185
-71.9029
-71.8876
-71.8724
-71.8574
-71.8426
-71.828
-71.8135
-71.7992
-71.7851
-71.7711
-71.7574
-71.7438
-71.7303
-71.7171
-71.7039
-71.691
-71.6782
-71.6656
-71.6531
-71.6407
-71.6298
-71.6362
-71.6478
-71.6547
-71.6564
-71.6543
-71.6495
-71.6429
-71.6351
-71.6264
-71.6172
-71.615
-71.6197
-71.6224
-71.6216
-71.6178
-71.6121
-71.605
-71.597
-71.5883
-71.5792
-71.5709
-71.5723
-71.5758
-71.5765
-71.574
-71.5694
-71.5631
-71.5559
-71.5479
-71.5394
-71.5306
-71.5236
-71.5268
-71.5312
-71.5325
-71.5306
-71.5265
-71.5209
-71.5142
-71.5068
-71.4989
-71.4907
-71.483
-71.4854
-71.4912
-71.494
-71.4935
-71.4905
-71.4858
-71.4799
-71.4732
-71.4659
-71.4583
-71.4504
-71.4475
-71.4539
-71.4592
-71.4609
-71.4597
-71.4563
-71.4515
-71.4456
-71.4392
-71.4322
-71.4249
-71.4174
-71.4177
-71.4251
-71.4304
-71.432
-71.4309
-71.4276
-71.4231
-71.4176
-71.4114
-71.4048
-71.3979
-71.3907
-71.3889
-71.3966
-71.4033
-71.4062
-71.406
-71.4037
-71.3998
-71.3948
-71.3892
-71.3831
-71.3766
-71.3698
-71.3633
-71.3672
-71.376
-71.3818
-71.3839
-71.3832
-71.3805
-71.3766
-71.3717
-71.3662
-71.3603
-71.354
-71.3475
-71.3424
-71.3489
-71.3578
-71.3633
-71.3651
-71.3643
-71.3617
-71.3579
-71.3532
-71.3479
-71.345
-71.352
-71.3594
-71.3633
-71.364
-71.3625
-71.3595
-71.3553
-71.3505
-71.3451
-71.3393
-71.3397
-71.3483
-71.3552
-71.3584
-71.3587
-71.3569
-71.3537
-71.3495
-71.3446
-71.3392
-71.3335
-71.3279
-71.3493
-71.407
-71.4608
-71.4985
-71.5227
-71.5373
-71.5454
-71.5768
-71.6747
-71.8642
-72.1271
-72.4148
-72.6576
-72.824
-72.9291
-72.9943
-73.0461
-73.1352
-73.314
-73.5602
-73.8158
-74.0263
-74.1651
-74.2421
-74.2807
-74.3026
-74.3281
-74.3852
-74.4587
-74.5349
-74.5984
-74.6452
-74.6725
-74.684
-74.6849
-74.6815
-74.6815
-74.691
-74.7069
-74.7254
-74.7429
-74.7567
-74.7662
-74.7687
-74.7643
-74.756
-74.7487
-74.7461
-74.7495
-74.7569
-74.7662
-74.7749
-74.7809
-74.7831
-74.7801
-74.7724
-74.7629
-74.756
-74.7536
-74.7566
-74.7632
-74.7703
-74.7769
-74.7809
-74.7815
-74.7775
-74.7699
-74.7616
-74.7556
-74.7529
-74.7552
-74.7603
-74.7663
-74.7718
-74.7754
-74.7761
-74.7733
-74.7671
-74.7607
-74.7555
-74.7523
-74.7535
-74.757
-74.7613
-74.766
-74.7692
-74.7704
-74.7681
-74.7633
-74.7578
-74.7535
-74.7497
-74.7496
-74.7516
-74.7549
-74.7586
-74.762
-74.7637
-74.7639
-74.761
-74.7568
-74.7533
-74.7498
-74.7474
-74.7482
-74.7493
-74.7503
-74.7523
-74.7546
-74.7555
-74.7549
-74.7537
-74.7503
-74.748
-74.7465
-74.7449
-74.7458
-74.747
-74.7472
-74.7473
-74.7477
-74.7489
-74.7482
-74.7471
-74.7463
-74.744
-74.7423
-74.7411
-74.7404
-74.7416
-74.7414
-74.7413
-74.74
-74.7396
-74.7397
-74.7403
-74.7403
-74.7397
-74.7397
-74.7388
-74.7371
-74.7371
-74.7388
-74.7383
-74.7371
-74.7348
-74.7334
-74.732
-74.7322
-74.7326
-74.7307
-74.7313
-74.7332
-74.7318
-74.7299
-74.7305
-74.7328
-74.7322
-74.7301
-74.7274
-74.7255
-74.7255
-74.7259
-74.7253
-74.7241
-74.7254
-74.7276
-74.7271
-74.7254
-74.7244
-74.7266
-74.7272
-74.7256
-74.7215
-74.7172
-74.7161
-74.7163
-74.7158
-74.7146
-74.7154
-74.7176
-74.7179
-74.7182
-74.7166
-74.718
-74.7201
-74.7202
-74.7189
-74.7149
-74.7121
-74.7104
-74.7087
-74.7073
-74.7075
-74.7082
-74.7089
-74.7092
-74.7093
-74.7083
-74.709
-74.7122
-74.7126
-74.7095
-74.7058
-74.7043
-74.7026
-74.7002
-74.6974
-74.6964
-74.6977
-74.6989
-74.6976
-74.6962
-74.6969
-74.6969
-74.699
-74.7034
-74.7055
-74.704
-74.7012
-74.6981
-74.6942
-74.6926
-74.6904
-74.6875
-74.6883
-74.6908
-74.6912
-74.6887
-74.6849
-74.6809
-74.6804
-74.6839
-74.6892
-74.6919
-74.6922
-74.693
-74.6905
-74.6848
-74.6796
-74.6769
-74.6742
-74.674
-74.6769
-74.6788
-74.6786
-74.6776
-74.6756
-74.6692
-74.6654
-74.667
-74.6715
-74.6774
-74.6818
-74.6846
-74.6828
-74.6775
-74.6725
-74.6682
-74.6639
-74.6618
-74.6612
-74.6621
-74.6647
-74.6644
-74.665
-74.6629
-74.6582
-74.652
-74.6482
-74.6468
-74.6503
-74.6577
-74.6639
-74.6674
-74.6659
-74.6591
-74.6541
-74.6516
-74.6484
-74.6481
-74.648
-74.6456
-74.642
-74.6415
-74.6436
-74.6469
-74.6471
-74.6437
-74.6392
-74.6369
-74.6343
-74.6339
-74.6405
-74.6458
-74.6473
-74.6462
-74.6431
-74.638
-74.634
-74.6314
-74.6328
-74.6333
-74.6326
-74.6294
-74.6241
-74.6205
-74.6195
-74.6204
-74.6194
-74.6177
-74.6155
-74.6157
-74.6177
-74.6174
-74.6179
-74.6185
-74.6194
-74.6187
-74.617
-74.6162
-74.613
-74.6068
-74.6022
-74.6054
-74.6086
-74.6084
-74.6062
-74.6021
-74.6
-74.5995
-74.5955
-74.5918
-74.5896
-74.5881
-74.587
-74.5863
-74.5901
-74.5957
-74.5987
-74.5997
-74.6002
-74.6008
-74.5966
-74.5902
-74.5859
-74.5839
-74.5821
-74.577
-74.5744
-74.5766
-74.5795
-74.579
-74.5759
-74.5727
-74.568
-74.5664
-74.5658
-74.56
-74.5557
-74.5532
-74.5512
-74.5506
-74.5512
-74.5525
-74.5561
-74.5568
-74.5582
-74.5603
-74.5606
-74.5585
-74.562
-74.5618
-74.5548
-74.5458
-74.5397
-74.536
-74.5343
-74.5351
-74.5349
-74.5341
-74.5344
-74.5362
-74.5359
-74.5314
-74.5261
-74.5223
-74.5178
-74.5123
-74.5082
-74.5041
-74.4998
-74.4976
-74.4968
-74.5004
-74.503
-74.5049
-74.5108
-74.5159
-74.517
-74.5119
-74.5076
-74.5077
-74.51
-74.5132
-74.511
-74.507
-74.5035
-74.5005
-74.497
-74.4961
-74.4944
-74.4875
-74.4799
-74.4789
-74.4798
-74.4808
-74.4811
-74.4801
-74.476
-74.4736
-74.4695
-74.464
-74.457
-74.4501
-74.4425
-74.436
-74.435
-74.4364
-74.4361
-74.4376
-74.4368
-74.4358
-74.434
-74.4311
-74.4307
-74.4342
-74.4377
-74.4385
-74.4383
-74.4362
-74.4339
-74.4345
-74.4374
-74.4374
-74.4333
-74.4282
-74.4259
-74.4259
-74.4245
-74.4233
-74.4201
-74.4103
-74.3991
-74.3947
-74.3924
-74.385
-74.3787
-74.378
-74.3805
-74.3875
-74.3904
-74.3913
-74.3908
-74.3843
-74.3722
-74.3639
-74.3587
-74.3523
-74.3452
-74.3402
-74.3378
-74.3382
-74.3386
-74.3361
-74.3304
-74.3256
-74.3216
-74.3153
-74.313
-74.3178
-74.3204
-74.3162
-74.3108
-74.3076
-74.303
-74.3017
-74.3041
-74.3078
-74.3099
-74.3151
-74.3247
-74.3329
-74.3346
-74.3335
-74.3309
-74.3302
-74.3294
-74.3237
-74.3175
-74.3081
-74.2962
-74.287
-74.279
-74.2676
-74.2549
-74.2448
-74.2347
-74.2273
-74.228
-74.239
-74.2471
-74.2464
-74.2407
-74.2351
-74.2329
-74.2361
-74.2374
-74.2331
-74.2281
-74.2211
-74.2157
-74.2133
-74.2148
-74.2107
-74.206
-74.2014
-74.197
-74.1911
-74.1841
-74.175
-74.1603
-74.1515
-74.1535
-74.1531
-74.1469
-74.1351
-74.1195
-74.1056
-74.0979
-74.0949
-74.1006
-74.1042
-74.1064
-74.1085
-74.1071
-74.1013
-74.0952
-74.0899
-74.0893
-74.0924
-74.1014
-74.1152
-74.1266
-74.1333
-74.142
-74.1531
-74.1662
-74.175
-74.1733
-74.1629
-74.1494
-74.1352
-74.1231
-74.1117
-74.1057
-74.1042
-74.1022
-74.1004
-74.0992
-74.0975
-74.0934
-74.0871
-74.084
-74.0803
-74.0709
-74.0624
-74.0534
-74.045
-74.0344
-74.0288
-74.0225
-74.014
-74.0106
-74.0076
-73.9991
-73.9882
-73.9779
-73.9692
-73.9601
-73.9466
-73.932
-73.9242
-73.9176
-73.9166
-73.9147
-73.909
-73.9112
-73.9174
-73.9181
-73.9146
-73.9073
-73.9006
-73.8925
-73.8836
-73.8705
-73.8537
-73.838
-73.8277
-73.826
-73.8298
-73.8434
-73.8598
-73.8712
-73.8728
-73.8696
-73.8622
-73.8537
-73.8493
-73.8463
-73.8415
-73.8321
-73.8219
-73.8078
-73.7997
-73.7983
-73.7915
-73.7777
-73.7588
-73.7361
-73.7144
-73.6952
-73.674
-73.6556
-73.6375
-73.6189
-73.6091
-73.5993
-73.5844
-73.5647
-73.5466
-73.5401
-73.5386
-73.5387
-73.5504
-73.5582
-73.5725
-73.5902
-73.6086
-73.6173
-73.6152
-73.605
-73.5918
-73.5867
-73.5846
-73.5943
-73.6107
-73.6177
-73.6187
-73.6158
-73.6062
-73.5908
-73.5719
-73.5568
-73.5415
-73.5228
-73.5012
-73.4839
-73.4688
-73.4582
-73.446
-73.4331
-73.4227
-73.4145
-73.4073
-73.4042
-73.4063
-73.4033
-73.3998
-73.3949
-73.3936
-73.3977
-73.396
-73.387
-73.3723
-73.3536
-73.3338
-73.3203
-73.3063
-73.2888
-73.2682
-73.2454
-73.221
-73.1955
-73.1693
-73.1451
-73.1353
-73.1324
-73.133
-73.1326
-73.1258
-73.1132
-73.0964
-73.0767
-73.0551
-73.037
-73.0346
-73.0355
-73.0305
-73.0196
-73.0079
-73.0024
-72.9942
-72.9816
-72.9652
-72.9483
-72.9401
-72.9317
-72.9192
-72.9062
-72.9011
-72.8944
-72.8831
-72.868
-72.8502
-72.8305
-72.8095
-72.7876
-72.7651
-72.7422
-72.7191
-72.6957
-72.6723
-72.6488
-72.6255
-72.614
-72.6216
-72.6289
-72.6288
-72.6222
-72.611
-72.5979
-72.6064
-72.6218
-72.6293
-72.6286
-72.6217
-72.6107
-72.5967
-72.5807
-72.5633
-72.5449
-72.5259
-72.5063
-72.4863
-72.4661
-72.4457
-72.4253
-72.4048
-72.3843
-72.3639
-72.3436
-72.3234
-72.3033
-72.2833
-72.2635
-72.2439
-72.2244
-72.2051
-72.186
-72.167
-72.1483
-72.1297
-72.1114
-72.0933
-72.0753
-72.0576
-72.04
-72.0226
-72.0055
-71.9885
-71.9718
-71.9552
-71.9388
-71.9227
-71.9067
-71.8909
-71.8753
-71.8599
-71.8447
-71.8296
-71.8148
-71.8001
-71.7856
-71.7713
-71.7572
-71.7432
-71.7294
-71.7158
-71.7024
-71.6891
-71.676
-71.663
-71.6503
-71.6376
-71.6252
-71.6129
-71.6007
-71.5887
-71.5769
-71.5652
-71.5537
-71.5423
-71.531
-71.5199
-71.509
-71.4981
-71.4875
-71.4769
-71.4665
-71.4562
-71.4461
-71.4361
-71.4262
-71.4165
-71.4069
-71.3974
-71.388
-71.3788
-71.3697
-71.3607
-71.3518
-71.343
-71.3344
-71.3259
-71.3175
-71.3092
-71.301
-71.293
-71.285
-71.2772
-71.2694
-71.2618
-71.2542
-71.2468
-71.2395
-71.2323
-71.2251
-71.2181
-71.2112
-71.2043
-71.1976
-71.1909
-71.1844
-71.1779
-71.1715
-71.1652
-71.159
-71.1529
-71.1468
-71.1409
-71.135
-71.1292
-71.1235
-71.1179
-71.1123
-71.1069
-71.1015
-71.0962
-71.0909
-71.0857
-71.0806
-71.0756
-71.0707
-71.0658
-71.061
-71.0562
-71.0516
-71.0469
-71.0424
-71.0379
-71.0335
-71.0292
-71.0249
-71.0206
-71.0165
-71.0124
-71.0083
-71.0044
-71.0004
-70.9966
-70.9927
-70.989
-70.9853
-70.9816
-70.978
-70.9745
-70.971
-70.9676
-70.9642
-70.9609
-70.9576
-70.9543
-70.9511
-70.948
-70.9449
-70.9419
-70.9389
-70.9359
-70.933
-70.9301
-70.9273
-70.9245
-70.9218
-70.9191
-70.9164
-70.9138
-70.9113
-70.9087
-70.9062
-70.9038
-70.9014
-70.899
-70.8966
-70.8943
-70.8921
-70.8898
-70.8876
-70.8854
-70.8833
-70.8812
-70.8792
-70.8771
-70.8751
-70.8732
-70.8712
-70.8693
-70.8674
-70.8656
-70.8638
-70.862
-70.8602
-70.8585
-70.8568
-70.8551
-70.8535
-70.8519
-70.8503
-70.8487
-70.8472
-70.8456
-70.8442
-70.8427
-70.8413
-70.8398
-70.8384
-70.8371
-70.8357
-70.8344
-70.8331
-70.8318
-70.8306
-70.8293
-70.8281
-70.8269
-70.8257
-70.8246
-70.8235
-70.8223
-70.8212
-70.8202
-70.8191
-70.8181
-70.817
-70.816
-70.8151
-70.8141
-70.8131
-70.8122
-70.8113
-70.8104
-70.8095
-70.8086
-70.8078
-70.8069
-70.8061
-70.8053
-70.8045
-70.8037
-70.803
-70.8022
-70.8015
-70.8008
-70.8001
-70.7994
-70.7987
-70.798
-70.7974
-70.7967
-70.7961
-70.7955
-70.7949
-70.7943
-70.7937
-70.7931
-70.7925
-70.792
-70.7914
-70.7909
-70.7904
-70.7899
-70.7894
-70.7889
-70.7884
-70.788
-70.7875
-70.787
-70.7866
-70.7862
-70.7857
-70.7853
-70.7849
-70.7845
-70.7841
-70.7838
-70.7834
-70.783
-70.7827
-70.7823
-70.782
-70.7816
-70.7813
-70.781
-70.7807
-70.7804
-70.7801
-70.7798
-70.7795
-70.7792
-70.7789
-70.7787
-70.7784
-70.7782
-70.7779
-70.7777
-70.7774
-70.7772
-70.777
-70.7768
-70.7765
-70.7763
-70.7761
-70.7759
-70.7757
-70.7756
-70.7754
-70.7752
-70.775
-70.7748
-70.7747
-70.7745
-70.7744
-70.7742
-70.7741
-70.7739
-70.7738
-70.7736
-70.7735
-70.7734
-70.7733
-70.7731
-70.773
-70.7729
-70.7728
-70.7727
-70.7726
-70.7725
-70.7724
-70.7723
-70.7722
-70.7721
-70.772
-70.7719
-70.7719
-70.7718
-70.7717
-70.7716
-70.7716
-70.7715
-70.7715
-70.7714
-70.7713
-70.7713
-70.7712
-70.7712
-70.7711
-70.7711
-70.771
-70.771
-70.771
-70.7709
-70.7709
-70.7708
-70.7708
-70.7708
-70.7708
-70.7707
-70.7707
-70.7707
-70.7707
-70.7706
-70.7706
-70.7706
-70.7706
-70.7706
-70.7706
-70.7706
-70.7705
-70.7705
-70.7705
-70.7705
-70.7705
-70.7705
-70.7705
-70.7705
-70.7705
-70.7705
-70.7705
-70.7705
-70.7705
-70.7705
-70.7705
-70.7706
-70.7706
-70.7706
-70.7706
-70.7706
-70.7706
-70.7706
-70.7706
-70.7707
-70.7707
-70.7707
-70.7707
-70.7707
-70.7707
-70.7708
-70.7708
-70.7708
-70.7708
-70.7708
-70.7709
-70.7709
-70.7709
-70.7709
-70.771
-70.771
-70.771
-70.771
-70.7711
-70.7711
-70.7711
-70.7711
-70.7712
-70.7712
-70.7712
-70.7713
-70.7713
-70.7713
-70.7713
-70.7714
-70.7714
-70.7714
-70.7715
-70.7715
-70.7715
-70.7716
-70.7716
-70.7716
-70.7717
-70.7717
-70.7717
-70.7718
-70.7718
-70.7718
-70.7719
-70.7719
-70.7719
-70.772
-70.772
-70.772
-70.7721
-70.7721
-70.7721
-70.7722
-70.7722
-70.7722
-70.7723
-70.7723
-70.7723
-70.7724
-70.7724
-70.7724
-70.7725
-70.7725
-70.7725
-70.7726
-70.7726
-70.7727
-70.7727
-70.7727
-70.7728
-70.7728
-70.7728
-70.7729
-70.7729
-70.7729
-70.773
-70.773
-70.773
-70.7731
-70.7731
-70.7731
-70.7732
-70.7732
-70.7732
-70.7733
-70.7733
-70.7733
-70.7734
-70.7734
-70.7734

