-70
-70.1661
-70.23
-70.2566
-70.2695
-70.2773
-70.283
-70.2879
-70.2925
-70.297
-70.3014
-70.3057
-70.31
-70.3142
-70.3185
-70.3226
-70.3268
-70.3309
-70.335
-70.3391
-70.3431
-70.3471
-70.351
-70.3549
-70.3588
-70.3626
-70.3664
-70.3701
-70.3738
-70.3775
-70.3811
-70.3847
-70.3883
-70.3918
-70.3953
-70.3987
-70.4021
-70.4055
-70.4088
-70.4121
-70.4154
-70.4186
-70.4218
-70.4249
-70.428
-70.4311
-70.4341
-70.4372
-70.4401
-70.4431
-70.446
-70.4489
-70.4517
-70.4545
-70.4573
-70.4601
-70.4628
-70.4655
-70.4682
-70.4708
-70.4734
-70.476
-70.4785
-70.481
-70.4835
-70.486
-70.4884
-70.4908
-70.4932
-70.4955
-70.4978
-70.5001
-70.5024
-70.5046
-70.5068
-70.509
-70.5112
-70.5133
-70.5154
-70.5175
-70.5196
-70.5216
-70.5236
-70.5256
-70.5276
-70.5295
-70.5315
-70.5334
-70.5352
-70.5371
-70.5389
-70.5407
-70.5425
-70.5443
-70.5461
-70.5478
-70.5495
-70.5512
-70.5528
-70.5545
-70.5561
-70.5577
-70.5593
-70.5609
-70.5624
-70.5639
-70.5655
-70.5669
-70.5684
-70.5699
-70.5713
-70.5727
-70.5741
-70.5755
-70.5769
-70.5782
-70.5796
-70.5809
-70.5822
-70.5835
-70.5848
-70.586
-70.5873
-70.5885
-70.5897
-70.5909
-70.5921
-70.5932
-70.5944
-70.5955
-70.5966
-70.5977
-70.5988
-70.5999
-70.601
-70.602
-70.603
-70.6041
-70.6051
-70.6061
-70.6071
-70.608
-70.609
-70.6099
-70.6109
-70.6118
-70.6127
-70.6136
-70.6145
-70.6154
-70.6162
-70.6171
-70.6179
-70.6187
-70.6196
-70.6204
-70.6212
-70.622
-70.6227
-70.6235
-70.6242
-70.625
-70.6257
-70.6265
-70.6272
-70.6279
-70.6286
-70.6293
-70.6299
-70.6306
-70.6313
-70.6319
-70.6325
-70.6332
-70.6338
-70.6344
-70.635
-70.6356
-70.6362
-70.6368
-70.6374
-70.6379
-70.6385
-70.639
-70.6396
-70.6401
-70.6406
-70.6411
-70.6417
-70.6422
-70.6427
-70.6431
-70.6436
-70.6441
-70.6446
-70.645
-70.6455
-70.6459
-70.6464
-70.6468
-70.6472
-70.6476
-70.6481
-70.6485
-70.6489
-70.6493
-70.6497
-70.65
-70.6504
-70.6508
-70.6512
-70.6515
-70.6519
-70.6522
-70.6526
-70.6529
-70.6533
-70.6536
-70.6539
-70.6542
-70.6545
-70.6549
-70.6552
-70.6555
-70.6558
-70.656
-70.6563
-70.6566
-70.6569
-70.6572
-70.6574
-70.6577
-70.658
-70.6582
-70.6585
-70.6587
-70.6589
-70.6592
-70.6594
-70.6597
-70.6599
-70.6601
-70.6603
-70.6605
-70.6607
-70.661
-70.6612
-70.6614
-70.6616
-70.6617
-70.6619
-70.6621
-70.6623
-70.6625
-70.6627
-70.6628
-70.663
-70.6632
-70.6633
-70.6635
-70.6637
-70.6638
-70.664
-70.6641
-70.6643
-70.6644
-70.6646
-70.6647
-70.6648
-70.665
-70.6651
-70.6652
-70.6653
-70.6655
-70.6656
-70.6657
-70.6658
-70.6659
-70.666
-70.6662
-70.6663
-70.6664
-70.6665
-70.6666
-70.6667
-70.6668
-70.6669
-70.667
-70.667
-70.6671
-70.6672
-70.6673
-70.6674
-70.6675
-70.6675
-70.6676
-70.6677
-70.6678
-70.6678
-70.6679
-70.668
-70.668
-70.6681
-70.6682
-70.6682
-70.6683
-70.6683
-70.6684
-70.6685
-70.6685
-70.6686
-70.6686
-70.6687
-70.6687
-70.6688
-70.6688
-70.6688
-70.6689
-70.6689
-70.669
-70.669
-70.669
-70.6691
-70.6691
-70.6691
-70.6692
-70.6692
-70.6692
-70.6693
-70.6693
-70.6693
-70.6694
-70.6694
-70.6694
-70.6694
-70.6694
-70.6695
-70.6695
-70.6695
-70.6695
-70.6695
-70.6696
-70.6696
-70.6696
-70.6696
-70.6696
-70.6696
-70.6696
-70.6697
-70.6697
-70.6697
-70.6697
-70.6697
-70.6697
-70.6697
-70.6697
-70.6697
-70.6697
-70.6697
-70.6697
-70.6697
-70.6697
-70.6697
-70.6697
-70.6697
-70.6697
-70.6697
-70.6697
-70.6697
-70.6697
-70.6697
-70.6697
-70.6697
-70.6697
-70.6697
-70.6697
-70.6697
-70.6697
-70.6697
-70.6697
-70.6697
-70.6697
-70.6697
-70.6696
-70.6696
-70.6696
-70.6696
-70.6696
-70.6696
-70.6696
-70.6696
-70.6696
-70.6695
-70.6695
-70.6695
-70.6695
-70.6695
-70.6695
-70.6695
-70.6695
-70.6694
-70.6694
-70.6694
-70.6694
-70.6694
-70.6694
-70.6693
-70.6693
-70.6693
-70.6693
-70.6693
-70.6693
-70.6693
-70.6692
-70.6692
-70.6692
-70.6692
-70.6692
-70.6691
-70.6691
-70.6691
-70.6691
-70.6691
-70.6691
-70.669
-70.669
-70.669
-70.669
-70.669
-70.6689
-70.6689
-70.6689
-70.6689
-70.6689
-70.6688
-70.6688
-70.6688
-70.6688
-70.6688
-70.6687
-70.6687
-70.6687
-70.6687
-70.6686
-70.6686
-70.6686
-70.6686
-70.6686
-70.6685
-70.6685
-70.6685
-70.6685
-70.6685
-70.6684
-70.6684
-70.6684
-70.6684
-70.6684
-70.6683
-70.6683
-70.6683
-70.6683
-70.6682
-70.6682
-70.6682
-70.6682
-70.6682
-70.6681
-70.6681
-70.6681
-70.6681
-70.6681
-70.6747
-70.8525
-71.5418
-72.5731
-73.4214
-60.3948
-52.8212
-50.4353
-48.4956
-44.8424
-1.55544
-22.1501
-50.0041
-68.8823
-68.2918
-67.2478
-66.1673
-65.0729
-63.9826
-62.9139
-61.8831
-60.9042
-59.988
-59.1166
-58.315
-57.5991
-56.9578
-56.397
-55.9102
-55.4887
-55.1239
-54.8134
-54.5498
-54.329
-54.1473
-53.9978
-53.8729
-53.7705
-53.6877
-53.62
-53.5664
-53.5245
-53.4922
-53.4659
-53.4446
-53.4283
-53.415
-53.405
-53.3981
-53.3934
-53.3905
-53.3884
-53.3856
-53.3839
-53.3825
-53.3813
-53.381
-53.3814
-53.3825
-53.384
-53.3858
-53.3877
-53.3884
-53.3882
-53.3879
-53.3876
-53.3876
-53.3877
-53.3883
-53.3894
-53.3907
-53.3922
-53.3938
-53.3954
-53.3971
-53.3988
-53.4004
-53.3997
-53.3991
-53.3988
-53.3965
-53.3944
-53.3935
-53.393
-53.3921
-53.3914
-53.3905
-53.3891
-53.3862
-53.3791
-53.3388
-53.1828
-53.1708
-53.2073
-53.2449
-53.2738
-53.294
-53.3076
-53.317
-53.3241
-53.3468
-53.3651
-53.3755
-53.382
-53.3875
-53.3957
-53.4024
-53.407
-53.4103
-53.4132
-53.4164
-53.418
-53.4189
-53.4207
-53.4234
-53.4268
-53.4309
-53.4356
-53.4411
-53.4473
-53.4543
-53.462
-53.4706
-53.48
-53.4905
-53.502
-53.5146
-53.5285
-53.5437
-53.5603
-53.5784
-53.5982
-53.5788
-53.5091
-53.4778
-53.4687
-53.4698
-53.4758
-53.4835
-53.4639
-53.4502
-53.4463
-53.443
-53.4338
-53.4304
-53.4313
-53.4347
-53.4394
-53.4356
-53.4317
-53.4312
-53.4332
-53.4365
-53.4408
-53.4458
-53.4513
-53.4574
-53.4639
-53.471
-53.4786
-53.4871
-53.4965
-53.5066
-53.5175
-53.5291
-53.5418
-53.5555
-53.5704
-53.5865
-53.6042
-53.6235
-53.5719
-53.4856
-53.4527
-53.4442
-53.4457
-53.4514
-53.4592
-53.4682
-53.4716
-53.4484
-53.436
-53.4329
-53.4347
-53.4388
-53.4401
-53.4306
-53.4259
-53.4254
-53.4273
-53.4306
-53.4343
-53.4287
-53.4244
-53.4237
-53.425
-53.4275
-53.4308
-53.4347
-53.4389
-53.4437
-53.4488
-53.4543
-53.4605
-53.4678
-53.4758
-53.4842
-53.4931
-53.5027
-53.513
-53.5242
-53.5363
-53.5495
-53.5638
-53.5796
-53.5987
-53.6205
-53.5423
-53.4588
-53.4305
-53.4243
-53.4265
-53.432
-53.4389
-53.4465
-53.4546
-53.4633
-53.4736
-53.4606
-53.4373
-53.4278
-53.4259
-53.4276
-53.4311
-53.4355
-53.4406
-53.4463
-53.4523
-53.4408
-53.4291
-53.4248
-53.4246
-53.4266
-53.4297
-53.4335
-53.4374
-53.4287
-53.4222
-53.4201
-53.4206
-53.4225
-53.4258
-53.4299
-53.4343
-53.4389
-53.4438
-53.4491
-53.4549
-53.4611
-53.4676
-53.4741
-53.481
-53.4884
-53.4971
-53.5079
-53.5197
-53.5316
-53.5436
-53.556
-53.5196
-53.4473
-53.4207
-53.4135
-53.4137
-53.4174
-53.4206
-53.4121
-53.4069
-53.4013
-53.3988
-53.3985
-53.3992
-53.4
-53.4006
-53.4009
-53.4012
-53.4
-53.3964
-53.3925
-53.3866
-53.3719
-53.2724
-53.0842
-53.0824
-53.1332
-53.1838
-53.2242
-53.2562
-53.2778
-53.2933
-53.3068
-53.3192
-53.3332
-53.3481
-53.3692
-53.4062
-53.457
-53.5129
-53.5668
-53.6207
-53.6772
-53.7334
-53.793
-53.867
-53.9669
-54.0839
-54.1985
-54.3043
-54.4051
-54.5077
-54.617
-54.7362
-54.8661
-55.0167
-55.1875
-55.3757
-55.5751
-55.7804
-55.9955
-56.2223
-56.4636
-56.7213
-56.9978
-57.3001
-57.6296
-57.9817
-58.3546
-58.7381
-59.1332
-59.5412
-59.961
-60.3932
-60.8406
-61.3093
-61.8002
-62.3081
-62.8331
-63.3607
-63.879
-64.3894
-64.8931
-65.3879
-65.8756
-66.3594
-66.846
-67.3323
-67.8138
-68.287
-68.7361
-69.1556
-69.5489
-69.9187
-70.2669
-70.595
-70.9084
-71.21
-71.4993
-71.7775
-72.0413
-72.2834
-72.5013
-72.6981
-72.8784
-73.0426
-73.1924
-73.3322
-73.4623
-73.5859
-73.7031
-73.8132
-73.9135
-74.0015
-74.0784
-74.1461
-74.207
-74.2611
-74.3113
-74.3573
-74.4002
-74.4426
-74.4845
-74.5229
-74.5566
-74.5843
-74.6071
-74.6265
-74.643
-74.6581
-74.6719
-74.6839
-74.6959
-74.7097
-74.7244
-74.7377
-74.7491
-74.7573
-74.7629
-74.7665
-74.7688
-74.7724
-74.7756
-74.7769
-74.7784
-74.783
-74.7889
-74.7949
-74.7993
-74.8027
-74.8039
-74.8028
-74.8011
-74.7997
-74.7994
-74.7972
-74.7944
-74.7938
-74.796
-74.7995
-74.8029
-74.8051
-74.8076
-74.8076
-74.8057
-74.8029
-74.8015
-74.7994
-74.7961
-74.7923
-74.7906
-74.7921
-74.7941
-74.7968
-74.7986
-74.7999
-74.8006
-74.7987
-74.7951
-74.7931
-74.7905
-74.7864
-74.7826
-74.7789
-74.779
-74.7819
-74.7846
-74.7878
-74.7899
-74.7904
-74.7919
-74.7898
-74.7874
-74.785
-74.781
-74.7764
-74.7717
-74.768
-74.7673
-74.7696
-74.7724
-74.7753
-74.777
-74.7773
-74.7775
-74.7775
-74.7766
-74.7746
-74.7711
-74.7659
-74.7611
-74.7574
-74.7544
-74.7553
-74.7591
-74.7627
-74.766
-74.7677
-74.7689
-74.7681
-74.7667
-74.7665
-74.765
-74.7613
-74.7567
-74.7498
-74.7438
-74.7405
-74.7397
-74.7406
-74.7458
-74.7497
-74.7525
-74.7545
-74.7561
-74.7551
-74.7535
-74.7531
-74.7519
-74.7483
-74.7429
-74.7371
-74.7318
-74.7277
-74.7273
-74.7286
-74.7323
-74.7371
-74.7407
-74.7432
-74.7443
-74.7458
-74.7447
-74.7429
-74.7405
-74.7386
-74.7341
-74.7254
-74.7177
-74.7148
-74.7111
-74.7083
-74.7099
-74.7134
-74.7185
-74.7232
-74.7263
-74.7281
-74.7288
-74.7306
-74.7312
-74.7297
-74.7281
-74.7247
-74.7189
-74.7122
-74.7046
-74.6988
-74.6958
-74.695
-74.6973
-74.6974
-74.6998
-74.7068
-74.7133
-74.7147
-74.7138
-74.7134
-74.7146
-74.7149
-74.7141
-74.7132
-74.7091
-74.7018
-74.6937
-74.6865
-74.6804
-74.6763
-74.6749
-74.6747
-74.675
-74.6753
-74.6776
-74.6831
-74.6914
-74.6969
-74.6965
-74.6953
-74.6951
-74.6963
-74.6982
-74.698
-74.6952
-74.6892
-74.6808
-74.6718
-74.6666
-74.666
-74.6651
-74.6617
-74.6589
-74.6604
-74.6607
-74.6587
-74.6589
-74.6637
-74.6691
-74.6731
-74.6733
-74.6739
-74.6739
-74.6757
-74.6763
-74.676
-74.6733
-74.6671
-74.6571
-74.6483
-74.6418
-74.6399
-74.6406
-74.6399
-74.6378
-74.6363
-74.637
-74.6362
-74.6325
-74.63
-74.6314
-74.6357
-74.641
-74.6441
-74.6448
-74.6448
-74.6495
-74.6542
-74.6561
-74.6539
-74.6474
-74.6404
-74.6337
-74.6259
-74.6202
-74.6185
-74.6175
-74.6161
-74.617
-74.6189
-74.6174
-74.616
-74.6148
-74.6114
-74.6084
-74.603
-74.5994
-74.6011
-74.6081
-74.6123
-74.6166
-74.6179
-74.6156
-74.615
-74.6144
-74.6157
-74.6162
-74.6123
-74.6056
-74.598
-74.5906
-74.5851
-74.5805
-74.5776
-74.5812
-74.5831
-74.5797
-74.5756
-74.573
-74.5725
-74.5749
-74.5759
-74.5731
-74.5672
-74.5574
-74.5529
-74.5534
-74.5586
-74.5673
-74.5785
-74.5888
-74.5909
-74.5855
-74.5766
-74.5708
-74.5692
-74.5687
-74.5662
-74.5622
-74.5558
-74.5492
-74.5455
-74.5428
-74.5414
-74.5389
-74.537
-74.5354
-74.5334
-74.5294
-74.5243
-74.521
-74.5198
-74.5219
-74.5268
-74.5278
-74.5237
-74.5195
-74.516
-74.51
-74.5076
-74.5081
-74.5178
-74.53
-74.5396
-74.543
-74.5435
-74.5432
-74.5361
-74.5271
-74.5187
-74.5127
-74.5081
-74.5037
-74.4967
-74.4885
-74.4826
-74.4774
-74.4757
-74.4791
-74.4818
-74.4817
-74.4799
-74.4776
-74.4699
-74.4556
-74.4423
-74.4348
-74.4311
-74.4306
-74.4337
-74.4349
-74.4353
-74.4379
-74.438
-74.4394
-74.4402
-74.4362
-74.4275
-74.4246
-74.4293
-74.4379
-74.4479
-74.4595
-74.4683
-74.4759
-74.4787
-74.4765
-74.4685
-74.461
-74.4503
-74.4393
-74.435
-74.4284
-74.4209
-74.4165
-74.4143
-74.4129
-74.4103
-74.4053
-74.4021
-74.3973
-74.3876
-74.375
-74.3703
-74.3678
-74.3617
-74.3607
-74.3658
-74.3672
-74.3601
-74.3475
-74.3374
-74.3285
-74.3234
-74.3206
-74.3178
-74.3098
-74.2977
-74.2871
-74.2892
-74.2999
-74.3056
-74.3067
-74.3059
-74.3063
-74.3072
-74.309
-74.3141
-74.324
-74.335
-74.3437
-74.3456
-74.3461
-74.3561
-74.3672
-74.3728
-74.3733
-74.3692
-74.3662
-74.3594
-74.348
-74.3332
-74.3189
-74.3124
-74.3094
-74.3081
-74.3068
-74.3018
-74.2943
-74.2914
-74.2886
-74.2867
-74.2817
-74.2732
-74.2645
-74.259
-74.2515
-74.2392
-74.2305
-74.2216
-74.2101
-74.2013
-74.189
-74.1836
-74.1874
-74.1905
-74.1872
-74.1755
-74.1578
-74.1398
-74.1255
-74.1201
-74.1156
-74.1086
-74.1051
-74.1018
-74.095
-74.0875
-74.0787
-74.0694
-74.0599
-74.0528
-74.0514
-74.0568
-74.0603
-74.0625
-74.0654
-74.067
-74.0716
-74.0733
-74.0688
-74.0672
-74.0691
-74.0766
-74.0842
-74.0891
-74.0886
-74.0888
-74.0943
-74.0993
-74.1063
-74.1152
-74.1222
-74.1251
-74.1319
-74.1431
-74.1575
-74.1761
-74.1878
-74.1906
-74.1846
-74.1777
-74.1666
-74.151
-74.1406
-74.1342
-74.1297
-74.1283
-74.1327
-74.1351
-74.1312
-74.1195
-74.1045
-74.0874
-74.0664
-74.045
-74.0342
-74.0278
-74.0236
-74.0167
-74.0069
-73.9913
-73.9768
-73.9686
-73.9617
-73.9562
-73.9505
-73.9521
-73.9623
-73.9668
-73.9686
-73.9717
-73.9743
-73.9727
-73.9666
-73.962
-73.9577
-73.9491
-73.9385
-73.9258
-73.9118
-73.8934
-73.871
-73.8456
-73.8179
-73.793
-73.7777
-73.7702
-73.7768
-73.7854
-73.7848
-73.775
-73.7584
-73.7372
-73.7136
-73.6966
-73.6843
-73.6685
-73.6541
-73.6387
-73.621
-73.606
-73.5933
-73.581
-73.5647
-73.5518
-73.5444
-73.5389
-73.5462
-73.5521
-73.5575
-73.5642
-73.5695
-73.5678
-73.5582
-73.5459
-73.535
-73.5218
-73.5147
-73.5108
-73.502
-73.4943
-73.4842
-73.469
-73.4504
-73.4363
-73.4215
-73.4051
-73.3951
-73.3904
-73.3817
-73.3721
-73.3636
-73.3518
-73.344
-73.3422
-73.3452
-73.347
-73.3492
-73.3452
-73.3383
-73.3328
-73.3226
-73.3074
-73.2882
-73.2663
-73.2448
-73.2306
-73.2155
-73.1971
-73.1757
-73.1521
-73.127
-73.1012
-73.0837
-73.0715
-73.0663
-73.0592
-73.056
-73.0523
-73.0429
-73.0285
-73.0103
-72.9896
-72.9671
-72.951
-72.9437
-72.9441
-72.9411
-72.9319
-72.9178
-72.9001
-72.88
-72.8583
-72.8354
-72.8125
-72.8002
-72.7908
-72.7782
-72.762
-72.7432
-72.7226
-72.7007
-72.6825
-72.6748
-72.6698
-72.6725
-72.6722
-72.6658
-72.6543
-72.6393
-72.6218
-72.6028
-72.5931
-72.5891
-72.5817
-72.5701
-72.5552
-72.538
-72.5192
-72.4994
-72.4788
-72.4578
-72.4364
-72.4148
-72.3931
-72.3714
-72.3497
-72.328
-72.3064
-72.2848
-72.2635
-72.2422
-72.2211
-72.2002
-72.1795
-72.1589
-72.1386
-72.1184
-72.0985
-72.0787
-72.0592
-72.0398
-72.0207
-72.0017
-71.983
-71.9645
-71.9462
-71.9281
-71.9102
-71.8925
-71.875
-71.8577
-71.8406
-71.8237
-71.807
-71.7905
-71.7742
-71.7581
-71.7422
-71.7265
-71.711
-71.6956
-71.6804
-71.6654
-71.6506
-71.636
-71.6216
-71.6073
-71.5932
-71.5793
-71.5655
-71.5519
-71.5385
-71.5252
-71.5121
-71.4992
-71.4864
-71.4738
-71.4613
-71.449
-71.4369
-71.4248
-71.413
-71.4013
-71.3897
-71.3783
-71.367
-71.3559
-71.3449
-71.3341
-71.3234
-71.3128
-71.3024
-71.2921
-71.2819
-71.2719
-71.262
-71.2522
-71.2426
-71.233
-71.2236
-71.2144
-71.2052
-71.1962
-71.1873
-71.1784
-71.1698
-71.1612
-71.1527
-71.1444
-71.1361
-71.128
-71.12
-71.1121
-71.1042
-71.0965
-71.0889
-71.0814
-71.074
-71.0667
-71.0595
-71.0524
-71.0454
-71.0384
-71.0316
-71.0249
-71.0182
-71.0117
-71.0052
-70.9988
-70.9925
-70.9863
-70.9802
-70.9741
-70.9682
-70.9623
-70.9565
-70.9508
-70.9452
-70.9396
-70.9342
-70.9288
-70.9234
-70.9182
-70.913
-70.9079
-70.9029
-70.8979
-70.893
-70.8882
-70.8835
-70.8788
-70.8742
-70.8696
-70.8651
-70.8607
-70.8564
-70.8521
-70.8478
-70.8437
-70.8396
-70.8355
-70.8315
-70.8276
-70.8237
-70.8199
-70.8162
-70.8124
-70.8088
-70.8052
-70.8017
-70.7982
-70.7948
-70.7914
-70.7881
-70.7848
-70.7815
-70.7784
-70.7752
-70.7722
-70.7691
-70.7661
-70.7632
-70.7603
-70.7574
-70.7546
-70.7519
-70.7492
-70.7465
-70.7439
-70.7413
-70.7387
-70.7362
-70.7337
-70.7313
-70.7289
-70.7266
-70.7243
-70.722
-70.7198
-70.7176
-70.7154
-70.7133
-70.7112
-70.7091
-70.7071
-70.7051
-70.7032
-70.7012
-70.6994
-70.6975
-70.6957
-70.6939
-70.6921
-70.6904
-70.6887
-70.687
-70.6854
-70.6838
-70.6822
-70.6806
-70.6791
-70.6776
-70.6761
-70.6747
-70.6733
-70.6719
-70.6705
-70.6692
-70.6679
-70.6666
-70.6653
-70.6641
-70.6628
-70.6616
-70.6605
-70.6593
-70.6582
-70.6571
-70.656
-70.6549
-70.6539
-70.6529
-70.6519
-70.6509
-70.6499
-70.649
-70.6481
-70.6472
-70.6463
-70.6454
-70.6446
-70.6438
-70.643
-70.6422
-70.6414
-70.6406
-70.6399
-70.6392
-70.6385
-70.6378
-70.6371
-70.6364
-70.6358
-70.6352
-70.6346
-70.634
-70.6334
-70.6328
-70.6323
-70.6317
-70.6312
-70.6307
-70.6302
-70.6297
-70.6292
-70.6288
-70.6283
-70.6279
-70.6274
-70.627
-70.6266
-70.6262
-70.6259
-70.6255
-70.6251
-70.6248
-70.6245
-70.6241
-70.6238
-70.6235
-70.6232
-70.6229
-70.6227
-70.6224
-70.6221
-70.6219
-70.6217
-70.6214
-70.6212
-70.621
-70.6208
-70.6206
-70.6204
-70.6202
-70.6201
-70.6199
-70.6198
-70.6196
-70.6195
-70.6193
-70.6192
-70.6191
-70.619
-70.6189
-70.6188
-70.6187
-70.6186
-70.6185
-70.6185
-70.6184
-70.6183
-70.6183
-70.6182
-70.6182
-70.6182
-70.6181
-70.6181
-70.6181
-70.6181
-70.6181
-70.6181
-70.6181
-70.6181
-70.6181
-70.6181
-70.6181
-70.6181
-70.6182
-70.6182
-70.6182
-70.6183
-70.6183
-70.6184
-70.6184
-70.6185
-70.6185
-70.6186
-70.6187
-70.6187
-70.6188
-70.6189
-70.619
-70.6191
-70.6191
-70.6192
-70.6193
-70.6194
-70.6195
-70.6196
-70.6197
-70.6198
-70.6199
-70.6201
-70.6202
-70.6203
-70.6204
-70.6205
-70.6206
-70.6208
-70.6209
-70.621
-70.6212
-70.6213
-70.6214
-70.6216
-70.6217
-70.6219
-70.622
-70.6221
-70.6223
-70.6224
-70.6226
-70.6227
-70.6229
-70.623
-70.6232
-70.6234
-70.6235
-70.6237
-70.6238
-70.624
-70.6242
-70.6243
-70.6245
-70.6247
-70.6248
-70.625
-70.6252
-70.6253
-70.6255
-70.6257
-70.6258
-70.626
-70.6262
-70.6264
-70.6265
-70.6267
-70.6269
-70.6271
-70.6272
-70.6274
-70.6276
-70.6278
-70.628
-70.6281
-70.6283
-70.6285
-70.6287
-70.6289
-70.629
-70.6292
-70.6294
-70.6296
-70.6298
-70.6299
-70.6301
-70.6303
-70.6305
-70.6307
-70.6309
-70.631
-70.6312
-70.6314
-70.6316
-70.6318
-70.6319
-70.6321
-70.6323
-70.6325
-70.6327
-70.6329
-70.633
-70.6332
-70.6334
-70.6336
-70.6338
-70.6339
-70.6341
-70.6343
-70.6345
-70.6347
-70.6348
-70.635
-70.6352
-70.6354
-70.6355
-70.6357
-70.6359
-70.6361
-70.6363
-70.6364
-70.6366
-70.6368
-70.6369
-70.6371
-70.6373
-70.6375
-70.6376
-70.6378
-70.638
-70.6382
-70.6383
-70.6385
-70.6387
-70.6388
-70.639
-70.6392
-70.6393
-70.6395
-70.6397
-70.6398
-70.64
-70.6402
-70.6403
-70.6405
-70.6406
-70.6408
-70.641
-70.6411
-70.6413
-70.6414
-70.6416
-70.6418
-70.6419
-70.6421
-70.6422
-70.6424
-70.6425
-70.6427
-70.6428
-70.643
-70.6432
-70.6433
-70.6435
-70.6436
-70.6438
-70.6439
-70.644
-70.6442
-70.6443

