-70
-70.2123
-70.2926
-70.3252
-70.3404
-70.3491
-70.3555
-70.3609
-70.3659
-70.3708
-70.3757
-70.3805
-70.3853
-70.39
-70.3948
-70.3995
-70.4042
-70.4088
-70.4134
-70.4179
-70.4224
-70.4269
-70.4313
-70.4357
-70.44
-70.4443
-70.4485
-70.4527
-70.4569
-70.461
-70.465
-70.469
-70.473
-70.4769
-70.4808
-70.4846
-70.4884
-70.4921
-70.4958
-70.4995
-70.5031
-70.5067
-70.5102
-70.5137
-70.5172
-70.5206
-70.524
-70.5273
-70.5306
-70.5339
-70.5371
-70.5403
-70.5434
-70.5465
-70.5496
-70.5526
-70.5556
-70.5586
-70.5615
-70.5644
-70.5673
-70.5701
-70.5729
-70.5757
-70.5784
-70.5811
-70.5838
-70.5864
-70.589
-70.5916
-70.5941
-70.5966
-70.5991
-70.6016
-70.604
-70.6064
-70.6087
-70.6111
-70.6134
-70.6157
-70.6179
-70.6201
-70.6223
-70.6245
-70.6266
-70.6287
-70.6308
-70.6329
-70.6349
-70.6369
-70.6389
-70.6409
-70.6428
-70.6448
-70.6466
-70.6485
-70.6503
-70.6522
-70.654
-70.6557
-70.6575
-70.6592
-70.6609
-70.6626
-70.6643
-70.6659
-70.6675
-70.6691
-70.6707
-70.6723
-70.6738
-70.6754
-70.6769
-70.6783
-70.6798
-70.6812
-70.6827
-70.6841
-70.6855
-70.6868
-70.6882
-70.6895
-70.6908
-70.6921
-70.6934
-70.6947
-70.6959
-70.6972
-70.6984
-70.6996
-70.7008
-70.702
-70.7031
-70.7042
-70.7054
-70.7065
-70.7076
-70.7087
-70.7097
-70.7108
-70.7118
-70.7128
-70.7138
-70.7148
-70.7158
-70.7168
-70.7177
-70.7187
-70.7196
-70.7205
-70.7214
-70.7223
-70.7232
-70.7241
-70.7249
-70.7258
-70.7266
-70.7274
-70.7282
-70.729
-70.7298
-70.7306
-70.7314
-70.7321
-70.7329
-70.7336
-70.7343
-70.735
-70.7357
-70.7364
-70.7371
-70.7378
-70.7384
-70.7391
-70.7397
-70.7404
-70.741
-70.7416
-70.7422
-70.7428
-70.7434
-70.744
-70.7446
-70.7451
-70.7457
-70.7462
-70.7468
-70.7473
-70.7478
-70.7484
-70.7489
-70.7494
-70.7499
-70.7504
-70.7508
-70.7513
-70.7518
-70.7522
-70.7527
-70.7531
-70.7536
-70.754
-70.7544
-70.7549
-70.7553
-70.7557
-70.7561
-70.7565
-70.7569
-70.7573
-70.7576
-70.758
-70.7584
-70.7587
-70.7591
-70.7594
-70.7598
-70.7601
-70.7605
-70.7608
-70.7611
-70.7614
-70.7617
-70.7621
-70.7624
-70.7627
-70.763
-70.7632
-70.7635
-70.7638
-70.7641
-70.7644
-70.7646
-70.7649
-70.7651
-70.7654
-70.7656
-70.7659
-70.7661
-70.7664
-70.7666
-70.7668
-70.7671
-70.7673
-70.7675
-70.7677
-70.7679
-70.7681
-70.7684
-70.7686
-70.7688
-70.769
-70.7691
-70.7693
-70.7695
-70.7697
-70.7699
-70.7701
-70.7702
-70.7704
-70.7706
-70.7707
-70.7709
-70.7711
-70.7712
-70.7714
-70.7715
-70.7717
-70.7718
-70.772
-70.7721
-70.7722
-70.7724
-70.7725
-70.7726
-70.7728
-70.7729
-70.773
-70.7731
-70.7733
-70.7734
-70.7735
-70.7736
-70.7737
-70.7738
-70.7739
-70.774
-70.7741
-70.7742
-70.7743
-70.7744
-70.7745
-70.7746
-70.7747
-70.7748
-70.7749
-70.775
-70.7751
-70.7751
-70.7752
-70.7753
-70.7754
-70.7755
-70.7755
-70.7756
-70.7757
-70.7758
-70.7758
-70.7759
-70.776
-70.776
-70.7761
-70.7762
-70.7762
-70.7763
-70.7763
-70.7764
-70.7765
-70.7765
-70.7766
-70.7766
-70.7767
-70.7767
-70.7768
-70.7768
-70.7769
-70.7769
-70.777
-70.777
-70.7771
-70.7771
-70.7771
-70.7772
-70.7772
-70.7773
-70.7773
-70.7773
-70.7774
-70.7774
-70.7774
-70.7775
-70.7775
-70.7775
-70.7776
-70.7776
-70.7776
-70.7777
-70.7777
-70.7777
-70.7777
-70.7778
-70.7778
-70.7778
-70.7778
-70.7779
-70.7779
-70.7779
-70.7779
-70.778
-70.778
-70.778
-70.778
-70.778
-70.7781
-70.7781
-70.7781
-70.7781
-70.7781
-70.7781
-70.7782
-70.7782
-70.7782
-70.7782
-70.7782
-70.7782
-70.7782
-70.7783
-70.7783
-70.7783
-70.7783
-70.7783
-70.7783
-70.7783
-70.7783
-70.7783
-70.7783
-70.7784
-70.7784
-70.7784
-70.7784
-70.7784
-70.7784
-70.7784
-70.7784
-70.7784
-70.7784
-70.7784
-70.7784
-70.7784
-70.7784
-70.7784
-70.7784
-70.7784
-70.7784
-70.7784
-70.7785
-70.7785
-70.7785
-70.7785
-70.7785
-70.7785
-70.7785
-70.7785
-70.7785
-70.7785
-70.7785
-70.7785
-70.7785
-70.7785
-70.7785
-70.7785
-70.7785
-70.7785
-70.7785
-70.7785
-70.7785
-70.7785
-70.7785
-70.7785
-70.7785
-70.7785
-70.7785
-70.7785
-70.7785
-70.7785
-70.7785
-70.7784
-70.7784
-70.7784
-70.7784
-70.7784
-70.7784
-70.7784
-70.7784
-70.7784
-70.7784
-70.7784
-70.7784
-70.7784
-70.7784
-70.7784
-70.7784
-70.7784
-70.7784
-70.7784
-70.7784
-70.7784
-70.7784
-70.7784
-70.7784
-70.7784
-70.7784
-70.7784
-70.7784
-70.7784
-70.7783
-70.7783
-70.7783
-70.7783
-70.7783
-70.7783
-70.7783
-70.783
-70.9483
-71.7002
-72.6921
-73.4624
-73.928
-68.5935
-54.881
-51.3141
-48.9365
-43.012
-4.46184
-43.8057
-70.5469
-69.7262
-68.4844
-67.1677
-65.8107
-64.4499
-63.1218
-61.8606
-60.6954
-59.6481
-58.7284
-57.7269
-56.8891
-56.2512
-55.7476
-55.3492
-55.0376
-54.7914
-54.564
-54.3965
-54.28
-54.1996
-54.1444
-54.1073
-54.0653
-54.0304
-54.0102
-54.0004
-53.997
-53.9977
-54.0013
-53.9981
-53.9861
-53.9809
-53.9811
-53.9844
-53.9894
-53.9954
-54.002
-54.009
-53.9996
-53.9907
-53.9882
-53.9895
-53.993
-53.9975
-54.0026
-54.0082
-54.014
-54.0201
-54.0265
-54.0161
-54.0013
-53.9953
-53.9945
-53.9964
-53.9995
-54.0033
-54.0074
-54.0117
-54.0162
-54.0208
-54.0255
-54.0302
-54.0343
-54.0379
-54.0409
-54.0387
-54.0047
-53.9868
-53.9797
-53.9764
-53.9735
-53.9684
-53.9573
-53.9258
-53.6444
-53.2652
-53.3553
-53.4983
-53.6046
-53.6717
-53.7114
-53.7341
-53.7469
-53.7549
-53.7618
-53.7701
-53.7817
-53.7985
-53.8226
-53.8567
-53.904
-53.9666
-54.0231
-54.0367
-54.0384
-54.0394
-54.0423
-54.0479
-54.0564
-54.0674
-54.0806
-54.0958
-54.1131
-54.1327
-54.1546
-54.179
-54.2061
-54.2358
-54.2684
-54.3042
-54.3435
-54.3866
-54.4337
-54.4852
-54.5412
-54.6023
-54.6686
-54.7407
-54.8189
-54.9039
-54.9963
-55.0966
-55.2051
-55.3223
-55.4481
-55.5829
-55.7274
-55.2504
-54.083
-53.8178
-53.8032
-53.8496
-53.9039
-53.9531
-53.9953
-54.0314
-54.0628
-54.0911
-54.1173
-54.1423
-54.1669
-54.1916
-54.2169
-54.243
-54.271
-54.3018
-54.3346
-54.3693
-54.4064
-54.4464
-54.4894
-54.5357
-54.5858
-54.64
-54.6986
-54.7644
-54.8394
-54.921
-55.0068
-55.0976
-55.1943
-55.2975
-55.4074
-55.5241
-55.6482
-55.7825
-55.9343
-56.0983
-56.268
-56.4435
-55.5957
-53.9523
-53.6286
-53.6342
-53.7111
-53.791
-53.8588
-53.9142
-53.9589
-53.9953
-54.0257
-54.0521
-54.0756
-54.0974
-54.1184
-54.1391
-54.1599
-54.1821
-54.2076
-54.2341
-54.2614
-54.29
-54.3204
-54.353
-54.388
-54.4259
-54.4667
-54.5108
-54.559
-54.6181
-54.683
-54.7499
-54.8197
-54.8936
-54.9727
-55.0573
-55.1478
-55.2445
-55.3475
-55.4565
-55.5805
-55.7271
-55.8795
-56.0325
-56.1885
-56.3495
-56.5162
-56.6883
-56.8661
-57.0496
-57.2387
-57.4352
-57.6576
-57.9069
-54.3702
-53.4316
-53.3452
-53.4556
-53.5887
-53.7019
-53.7903
-53.8586
-53.9117
-53.9539
-53.9888
-54.0187
-54.0454
-54.0693
-54.0915
-54.1126
-54.1335
-54.1548
-54.1767
-54.1998
-54.2242
-54.2502
-54.2794
-54.3128
-54.3494
-54.3906
-54.4339
-54.4792
-54.5274
-54.5791
-54.6347
-54.6945
-54.7621
-54.839
-54.9248
-55.0192
-55.1173
-55.2194
-55.3268
-55.44
-55.5594
-55.6858
-55.8193
-55.9672
-54.2391
-53.7396
-53.6873
-53.7385
-53.8036
-53.8611
-53.908
-53.9458
-53.9765
-54.0022
-54.0243
-54.0445
-54.064
-54.0834
-54.1024
-54.1211
-54.1401
-54.16
-54.181
-54.2039
-54.2367
-54.288
-54.3589
-54.4394
-54.5273
-54.6107
-54.6877
-54.762
-54.8387
-54.9343
-55.0704
-55.2796
-55.5284
-55.7708
-55.9944
-56.1962
-56.3926
-56.5932
-56.8081
-57.0604
-57.3504
-57.7033
-58.1119
-58.5211
-58.9102
-59.2831
-59.6534
-60.0294
-60.4158
-60.8255
-61.2692
-61.7571
-62.3051
-62.8596
-63.3887
-63.8925
-64.3758
-64.8441
-65.3037
-65.7634
-66.2298
-66.7039
-67.2049
-67.725
-68.216
-68.6627
-69.0697
-69.4447
-69.7941
-70.1248
-70.4433
-70.7562
-71.0615
-71.376
-71.6877
-71.969
-72.2131
-72.425
-72.613
-72.7823
-72.9378
-73.0838
-73.2254
-73.3603
-73.5004
-73.6405
-73.7657
-73.8696
-73.9557
-74.0282
-74.0919
-74.1488
-74.2012
-74.2525
-74.3008
-74.3521
-74.4074
-74.4588
-74.5011
-74.5325
-74.5559
-74.5747
-74.5911
-74.6058
-74.6209
-74.6352
-74.6514
-74.6717
-74.6944
-74.7149
-74.7295
-74.7372
-74.7411
-74.7426
-74.743
-74.744
-74.7458
-74.748
-74.7529
-74.761
-74.7713
-74.782
-74.7891
-74.7915
-74.7903
-74.7871
-74.7828
-74.78
-74.7781
-74.7767
-74.7774
-74.7805
-74.7859
-74.7919
-74.7972
-74.7991
-74.7982
-74.7944
-74.789
-74.7836
-74.7793
-74.7765
-74.7754
-74.776
-74.779
-74.7825
-74.7862
-74.7901
-74.7922
-74.7916
-74.7883
-74.7836
-74.7784
-74.7737
-74.7703
-74.7683
-74.7675
-74.7693
-74.7715
-74.7735
-74.7754
-74.7783
-74.7784
-74.7763
-74.7741
-74.7703
-74.7662
-74.7619
-74.7587
-74.7569
-74.7572
-74.7598
-74.7617
-74.7627
-74.7644
-74.7661
-74.766
-74.7653
-74.763
-74.7595
-74.7559
-74.7516
-74.7472
-74.7452
-74.745
-74.7462
-74.7472
-74.7482
-74.7491
-74.7497
-74.7515
-74.752
-74.7517
-74.7491
-74.7465
-74.743
-74.7393
-74.7362
-74.736
-74.7355
-74.7356
-74.7372
-74.7385
-74.7372
-74.7359
-74.7368
-74.7382
-74.7373
-74.7358
-74.7342
-74.7306
-74.7278
-74.725
-74.7235
-74.7222
-74.7206
-74.7227
-74.7252
-74.7246
-74.7232
-74.7222
-74.7227
-74.7241
-74.723
-74.7209
-74.7202
-74.7187
-74.7171
-74.7143
-74.7128
-74.7134
-74.7113
-74.7093
-74.7104
-74.7108
-74.7108
-74.7091
-74.7076
-74.707
-74.7067
-74.7067
-74.7056
-74.7034
-74.7023
-74.7008
-74.6982
-74.6964
-74.698
-74.6987
-74.6971
-74.6951
-74.695
-74.6971
-74.6981
-74.6962
-74.6929
-74.6893
-74.6888
-74.6899
-74.6903
-74.6885
-74.6858
-74.6865
-74.6862
-74.6818
-74.6808
-74.6831
-74.6823
-74.6788
-74.678
-74.681
-74.6833
-74.6833
-74.6811
-74.6768
-74.6735
-74.6706
-74.6676
-74.6674
-74.6663
-74.6662
-74.6662
-74.6658
-74.6642
-74.6627
-74.6648
-74.6649
-74.6613
-74.6594
-74.6616
-74.6648
-74.6655
-74.6669
-74.6658
-74.6626
-74.6581
-74.6538
-74.6484
-74.6438
-74.6437
-74.6454
-74.6454
-74.6451
-74.6436
-74.6413
-74.6403
-74.6424
-74.6437
-74.6434
-74.6408
-74.6402
-74.6433
-74.6451
-74.6461
-74.6462
-74.6456
-74.6424
-74.6378
-74.6309
-74.6247
-74.6186
-74.6148
-74.6144
-74.6161
-74.6185
-74.6169
-74.6161
-74.6158
-74.6121
-74.6123
-74.6168
-74.6205
-74.6214
-74.6217
-74.6212
-74.6213
-74.6191
-74.6195
-74.6209
-74.6212
-74.618
-74.6118
-74.6053
-74.5988
-74.5913
-74.5851
-74.5812
-74.5791
-74.5803
-74.5845
-74.5885
-74.5892
-74.5837
-74.5766
-74.5785
-74.5829
-74.5875
-74.5937
-74.5962
-74.594
-74.5904
-74.591
-74.5916
-74.5895
-74.588
-74.5878
-74.5868
-74.5842
-74.5786
-74.5711
-74.5609
-74.5503
-74.5448
-74.5413
-74.5387
-74.538
-74.5409
-74.5436
-74.5433
-74.5444
-74.5458
-74.5466
-74.5457
-74.5481
-74.5523
-74.5561
-74.555
-74.5516
-74.5484
-74.5456
-74.5451
-74.5511
-74.5555
-74.554
-74.5538
-74.5516
-74.5464
-74.5394
-74.5303
-74.5209
-74.5121
-74.5047
-74.5008
-74.4977
-74.4939
-74.4884
-74.4833
-74.4832
-74.4847
-74.4841
-74.4857
-74.4882
-74.4909
-74.4913
-74.4933
-74.5016
-74.5068
-74.5044
-74.5029
-74.5016
-74.4987
-74.4921
-74.4901
-74.4896
-74.4938
-74.4996
-74.5018
-74.5006
-74.4958
-74.492
-74.4906
-74.4845
-74.4785
-74.4715
-74.4612
-74.452
-74.4467
-74.4418
-74.4336
-74.427
-74.4246
-74.4254
-74.4284
-74.4302
-74.4296
-74.4267
-74.4221
-74.4152
-74.4035
-74.3989
-74.4025
-74.4056
-74.4104
-74.4189
-74.4272
-74.4317
-74.4322
-74.4301
-74.4238
-74.4204
-74.4201
-74.4199
-74.4231
-74.4217
-74.417
-74.4186
-74.4213
-74.4216
-74.4158
-74.4079
-74.398
-74.3869
-74.3842
-74.3817
-74.3778
-74.3771
-74.3786
-74.3745
-74.3668
-74.3628
-74.3592
-74.3591
-74.3542
-74.3472
-74.3438
-74.3433
-74.3468
-74.3477
-74.3442
-74.3366
-74.3235
-74.311
-74.3004
-74.2869
-74.2764
-74.2702
-74.2662
-74.2615
-74.2605
-74.2647
-74.2704
-74.2821
-74.2932
-74.3013
-74.3085
-74.3112
-74.3093
-74.3022
-74.298
-74.2955
-74.29
-74.284
-74.2772
-74.2741
-74.2744
-74.2715
-74.2714
-74.2751
-74.2794
-74.2785
-74.2708
-74.258
-74.2511
-74.2452
-74.2384
-74.2387
-74.2459
-74.2526
-74.2523
-74.2442
-74.2329
-74.225
-74.2205
-74.2213
-74.2263
-74.2254
-74.2156
-74.1996
-74.1903
-74.1942
-74.1996
-74.2021
-74.202
-74.1966
-74.1858
-74.1789
-74.1776
-74.1749
-74.1667
-74.1524
-74.1377
-74.1223
-74.1027
-74.0793
-74.0587
-74.047
-74.0412
-74.0388
-74.0389
-74.0384
-74.0338
-74.0271
-74.0205
-74.0268
-74.0382
-74.0461
-74.0541
-74.0606
-74.0641
-74.0628
-74.0636
-74.0665
-74.0688
-74.0668
-74.0608
-74.0537
-74.0578
-74.0602
-74.0637
-74.0659
-74.0679
-74.0666
-74.0614
-74.0517
-74.0429
-74.0324
-74.0281
-74.0327
-74.0349
-74.0404
-74.0431
-74.0416
-74.0413
-74.0495
-74.0525
-74.0501
-74.0441
-74.0332
-74.0282
-74.0259
-74.0295
-74.035
-74.0344
-74.0333
-74.0416
-74.0489
-74.0464
-74.0356
-74.0299
-74.0244
-74.0162
-74.0089
-73.9973
-73.9881
-73.983
-73.9729
-73.9608
-73.9497
-73.9434
-73.937
-73.926
-73.9193
-73.9153
-73.9106
-73.9007
-73.8847
-73.8659
-73.857
-73.8564
-73.8502
-73.8368
-73.8211
-73.8054
-73.7862
-73.7693
-73.7581
-73.7497
-73.7571
-73.7651
-73.7683
-73.7628
-73.7498
-73.7314
-73.7116
-73.6947
-73.6792
-73.6649
-73.6473
-73.6358
-73.6343
-73.6305
-73.6197
-73.6031
-73.5822
-73.5587
-73.5453
-73.5367
-73.5258
-73.5167
-73.5041
-73.4918
-73.4803
-73.4707
-73.4607
-73.4496
-73.4406
-73.4344
-73.4269
-73.4211
-73.4136
-73.4044
-73.3969
-73.3907
-73.393
-73.3939
-73.3949
-73.3901
-73.3786
-73.3628
-73.3512
-73.3395
-73.3239
-73.3063
-73.2951
-73.2911
-73.2857
-73.2746
-73.2586
-73.2424
-73.2327
-73.2296
-73.2243
-73.2206
-73.2182
-73.219
-73.2188
-73.2263
-73.2334
-73.2366
-73.2394
-73.2399
-73.2413
-73.2449
-73.2455
-73.2405
-73.2465
-73.2529
-73.2513
-73.2425
-73.2285
-73.2108
-73.1905
-73.1685
-73.1451
-73.1208
-73.0958
-73.0703
-73.0444
-73.0183
-72.992
-72.9655
-72.9391
-72.9126
-72.8862
-72.8598
-72.8336
-72.8076
-72.7816
-72.7559
-72.7318
-72.7198
-72.7103
-72.6977
-72.6846
-72.6921
-72.7037
-72.7077
-72.7039
-72.6945
-72.6812
-72.6653
-72.6477
-72.6287
-72.6089
-72.5885
-72.5676
-72.5465
-72.5251
-72.5037
-72.4822
-72.4607
-72.4393
-72.4179
-72.3967
-72.3755
-72.3546
-72.3338
-72.3131
-72.2927
-72.2724
-72.2524
-72.2325
-72.2128
-72.1934
-72.1741
-72.1551
-72.1362
-72.1176
-72.0992
-72.081
-72.063
-72.0452
-72.0277
-72.0103
-71.9931
-71.9762
-71.9594
-71.9428
-71.9265
-71.9103
-71.8944
-71.8786
-71.863
-71.8477
-71.8325
-71.8175
-71.8026
-71.788
-71.7736
-71.7593
-71.7452
-71.7313
-71.7175
-71.704
-71.6906
-71.6773
-71.6643
-71.6514
-71.6387
-71.6261
-71.6137
-71.6014
-71.5894
-71.5774
-71.5656
-71.554
-71.5425
-71.5312
-71.52
-71.509
-71.4981
-71.4873
-71.4767
-71.4662
-71.4559
-71.4457
-71.4356
-71.4257
-71.4158
-71.4062
-71.3966
-71.3872
-71.3779
-71.3687
-71.3597
-71.3507
-71.3419
-71.3332
-71.3247
-71.3162
-71.3079
-71.2997
-71.2916
-71.2836
-71.2757
-71.2679
-71.2602
-71.2527
-71.2452
-71.2378
-71.2306
-71.2234
-71.2163
-71.2094
-71.2025
-71.1957
-71.1891
-71.1825
-71.176
-71.1696
-71.1632
-71.157
-71.1509
-71.1448
-71.1388
-71.1329
-71.1271
-71.1214
-71.1158
-71.1102
-71.1047
-71.0993
-71.094
-71.0887
-71.0835
-71.0784
-71.0734
-71.0684
-71.0635
-71.0587
-71.054
-71.0493
-71.0447
-71.0401
-71.0356
-71.0312
-71.0269
-71.0226
-71.0183
-71.0142
-71.0101
-71.006
-71.002
-70.9981
-70.9942
-70.9904
-70.9867
-70.983
-70.9793
-70.9757
-70.9722
-70.9687
-70.9653
-70.9619
-70.9586
-70.9553
-70.952
-70.9489
-70.9457
-70.9426
-70.9396
-70.9366
-70.9336
-70.9307
-70.9279
-70.9251
-70.9223
-70.9196
-70.9169
-70.9142
-70.9116
-70.909
-70.9065
-70.904
-70.9016
-70.8992
-70.8968
-70.8945
-70.8922
-70.8899
-70.8877
-70.8855
-70.8833
-70.8812
-70.8791
-70.8771
-70.875
-70.8731
-70.8711
-70.8692
-70.8673
-70.8654
-70.8636
-70.8618
-70.86
-70.8582
-70.8565
-70.8548
-70.8532
-70.8515
-70.8499
-70.8484
-70.8468
-70.8453
-70.8438
-70.8423
-70.8408
-70.8394
-70.838
-70.8366
-70.8353
-70.8339
-70.8326
-70.8313
-70.83
-70.8288
-70.8276
-70.8264
-70.8252
-70.824
-70.8229
-70.8218
-70.8207
-70.8196
-70.8185
-70.8175
-70.8164
-70.8154
-70.8144
-70.8135
-70.8125
-70.8116
-70.8106
-70.8097
-70.8089
-70.808
-70.8071
-70.8063
-70.8055
-70.8046
-70.8038
-70.8031
-70.8023
-70.8015
-70.8008
-70.8001
-70.7994
-70.7987
-70.798
-70.7973
-70.7967
-70.796
-70.7954
-70.7948
-70.7942
-70.7936
-70.793
-70.7924
-70.7918
-70.7913
-70.7907
-70.7902
-70.7897
-70.7892
-70.7887
-70.7882
-70.7877
-70.7873
-70.7868
-70.7863
-70.7859
-70.7855
-70.785
-70.7846
-70.7842
-70.7838
-70.7834
-70.7831
-70.7827
-70.7823
-70.782
-70.7816
-70.7813
-70.781
-70.7806
-70.7803
-70.78
-70.7797
-70.7794
-70.7791
-70.7788
-70.7786
-70.7783
-70.778
-70.7778
-70.7775
-70.7773
-70.777
-70.7768
-70.7766
-70.7763
-70.7761
-70.7759
-70.7757
-70.7755
-70.7753
-70.7751
-70.7749
-70.7748
-70.7746
-70.7744
-70.7742
-70.7741
-70.7739
-70.7738
-70.7736
-70.7735
-70.7733
-70.7732
-70.7731
-70.7729
-70.7728
-70.7727
-70.7726
-70.7725
-70.7724
-70.7722
-70.7721
-70.772
-70.7719
-70.7719
-70.7718
-70.7717
-70.7716
-70.7715
-70.7714
-70.7714
-70.7713
-70.7712
-70.7711
-70.7711
-70.771
-70.771
-70.7709
-70.7709
-70.7708
-70.7708
-70.7707
-70.7707
-70.7706
-70.7706
-70.7705
-70.7705
-70.7705
-70.7704
-70.7704
-70.7704
-70.7703
-70.7703
-70.7703
-70.7703
-70.7703
-70.7702
-70.7702
-70.7702
-70.7702
-70.7702
-70.7702
-70.7702
-70.7702
-70.7702
-70.7701
-70.7701
-70.7701
-70.7701
-70.7701
-70.7701
-70.7701
-70.7702
-70.7702
-70.7702
-70.7702
-70.7702
-70.7702
-70.7702
-70.7702
-70.7702
-70.7702
-70.7702
-70.7703
-70.7703
-70.7703
-70.7703
-70.7703
-70.7704
-70.7704
-70.7704
-70.7704
-70.7704
-70.7705
-70.7705
-70.7705
-70.7705
-70.7706
-70.7706
-70.7706
-70.7706
-70.7707
-70.7707
-70.7707
-70.7707
-70.7708
-70.7708
-70.7708
-70.7709
-70.7709
-70.7709
-70.7709
-70.771
-70.771
-70.771
-70.7711
-70.7711
-70.7711
-70.7712
-70.7712
-70.7712
-70.7713
-70.7713
-70.7713
-70.7714
-70.7714
-70.7714
-70.7715
-70.7715
-70.7715
-70.7716
-70.7716
-70.7717
-70.7717
-70.7717
-70.7718
-70.7718
-70.7718
-70.7719
-70.7719
-70.7719
-70.772
-70.772
-70.7721
-70.7721
-70.7721
-70.7722
-70.7722
-70.7722
-70.7723
-70.7723
-70.7723
-70.7724
-70.7724
-70.7725
-70.7725
-70.7725
-70.7726
-70.7726
-70.7726
-70.7727
-70.7727
-70.7727
-70.7728
-70.7728
-70.7729
-70.7729
-70.7729
-70.773
-70.773
-70.773
-70.7731
-70.7731
-70.7731
-70.7732
-70.7732
-70.7732
-70.7733
-70.7733
-70.7733
-70.7734
-70.7734
-70.7734
-70.7735
-70.7735
-70.7735
-70.7736
-70.7736
-70.7736
-70.7737
-70.7737
-70.7737
-70.7738
-70.7738
-70.7738
-70.7739
-70.7739
-70.7739
-70.774

