-70
-70.1661
-70.23
-70.2566
-70.2695
-70.2773
-70.283
-70.2879
-70.2925
-70.297
-70.3014
-70.3057
-70.31
-70.3142
-70.3185
-70.3226
-70.3268
-70.3309
-70.335
-70.3391
-70.3431
-70.3471
-70.351
-70.3549
-70.3588
-70.3626
-70.3664
-70.3701
-70.3738
-70.3775
-70.3811
-70.3847
-70.3883
-70.3918
-70.3953
-70.3987
-70.4021
-70.4055
-70.4088
-70.4121
-70.4154
-70.4186
-70.4218
-70.4249
-70.428
-70.4311
-70.4341
-70.4372
-70.4401
-70.4431
-70.446
-70.4489
-70.4517
-70.4545
-70.4573
-70.4601
-70.4628
-70.4655
-70.4682
-70.4708
-70.4734
-70.476
-70.4785
-70.481
-70.4835
-70.486
-70.4884
-70.4908
-70.4932
-70.4955
-70.4978
-70.5001
-70.5024
-70.5046
-70.5068
-70.509
-70.5112
-70.5133
-70.5154
-70.5175
-70.5196
-70.5216
-70.5236
-70.5256
-70.5276
-70.5295
-70.5315
-70.5334
-70.5352
-70.5371
-70.5389
-70.5407
-70.5425
-70.5443
-70.5461
-70.5478
-70.5495
-70.5512
-70.5528
-70.5545
-70.5561
-70.5577
-70.5593
-70.5609
-70.5624
-70.5639
-70.5655
-70.5669
-70.5684
-70.5699
-70.5713
-70.5727
-70.5741
-70.5755
-70.5769
-70.5782
-70.5796
-70.5809
-70.5822
-70.5835
-70.5848
-70.586
-70.5873
-70.5885
-70.5897
-70.5909
-70.5921
-70.5932
-70.5944
-70.5955
-70.5966
-70.5977
-70.5988
-70.5999
-70.601
-70.602
-70.603
-70.6041
-70.6051
-70.6061
-70.6071
-70.608
-70.609
-70.6099
-70.6109
-70.6118
-70.6127
-70.6136
-70.6145
-70.6154
-70.6162
-70.6171
-70.6179
-70.6187
-70.6196
-70.6204
-70.6212
-70.622
-70.6227
-70.6235
-70.6242
-70.625
-70.6257
-70.6265
-70.6272
-70.6279
-70.6286
-70.6293
-70.6299
-70.6306
-70.6313
-70.6319
-70.6325
-70.6332
-70.6338
-70.6344
-70.635
-70.6356
-70.6362
-70.6368
-70.6374
-70.6379
-70.6385
-70.639
-70.6396
-70.6401
-70.6406
-70.6411
-70.6417
-70.6422
-70.6427
-70.6431
-70.6436
-70.6441
-70.6446
-70.645
-70.6455
-70.6459
-70.6464
-70.6468
-70.6472
-70.6476
-70.6481
-70.6485
-70.6489
-70.6493
-70.6497
-70.65
-70.6504
-70.6508
-70.6512
-70.6515
-70.6519
-70.6522
-70.6526
-70.6529
-70.6533
-70.6536
-70.6539
-70.6542
-70.6545
-70.6549
-70.6552
-70.6555
-70.6558
-70.656
-70.6563
-70.6566
-70.6569
-70.6572
-70.6574
-70.6577
-70.658
-70.6582
-70.6585
-70.6587
-70.6589
-70.6592
-70.6594
-70.6597
-70.6599
-70.6601
-70.6603
-70.6605
-70.6607
-70.661
-70.6612
-70.6614
-70.6616
-70.6617
-70.6619
-70.6621
-70.6623
-70.6625
-70.6627
-70.6628
-70.663
-70.6632
-70.6633
-70.6635
-70.6637
-70.6638
-70.664
-70.6641
-70.6643
-70.6644
-70.6646
-70.6647
-70.6648
-70.665
-70.6651
-70.6652
-70.6653
-70.6655
-70.6656
-70.6657
-70.6658
-70.6659
-70.666
-70.6662
-70.6663
-70.6664
-70.6665
-70.6666
-70.6667
-70.6668
-70.6669
-70.667
-70.667
-70.6671
-70.6672
-70.6673
-70.6674
-70.6675
-70.6675
-70.6676
-70.6677
-70.6678
-70.6678
-70.6679
-70.668
-70.668
-70.6681
-70.6682
-70.6682
-70.6683
-70.6683
-70.6684
-70.6685
-70.6685
-70.6686
-70.6686
-70.6687
-70.6687
-70.6688
-70.6688
-70.6688
-70.6689
-70.6689
-70.669
-70.669
-70.669
-70.6691
-70.6691
-70.6691
-70.6692
-70.6692
-70.6692
-70.6693
-70.6693
-70.6693
-70.6694
-70.6694
-70.6694
-70.6694
-70.6694
-70.6695
-70.6695
-70.6695
-70.6695
-70.6695
-70.6696
-70.6696
-70.6696
-70.6696
-70.6696
-70.6696
-70.6696
-70.6697
-70.6697
-70.6697
-70.6697
-70.6697
-70.6697
-70.6697
-70.6697
-70.6697
-70.6697
-70.6697
-70.6697
-70.6697
-70.6697
-70.6697
-70.6697
-70.6697
-70.6697
-70.6697
-70.6697
-70.6697
-70.6697
-70.6697
-70.6697
-70.6697
-70.6697
-70.6697
-70.6697
-70.6697
-70.6697
-70.6697
-70.6697
-70.6697
-70.6697
-70.6697
-70.6696
-70.6696
-70.6696
-70.6696
-70.6696
-70.6696
-70.6696
-70.6696
-70.6696
-70.6695
-70.6695
-70.6695
-70.6695
-70.6695
-70.6695
-70.6695
-70.6695
-70.6694
-70.6694
-70.6694
-70.6694
-70.6694
-70.6694
-70.6693
-70.6693
-70.6693
-70.6693
-70.6693
-70.6693
-70.6693
-70.6692
-70.6692
-70.6692
-70.6692
-70.6692
-70.6691
-70.6691
-70.6691
-70.6691
-70.6691
-70.6691
-70.669
-70.669
-70.669
-70.669
-70.669
-70.6689
-70.6689
-70.6689
-70.6689
-70.6689
-70.6688
-70.6688
-70.6688
-70.6688
-70.6688
-70.6687
-70.6687
-70.6687
-70.6687
-70.6686
-70.6686
-70.6686
-70.6686
-70.6686
-70.6685
-70.6685
-70.6685
-70.6685
-70.6685
-70.6684
-70.6684
-70.6684
-70.6684
-70.6684
-70.6683
-70.6683
-70.6683
-70.6683
-70.6682
-70.6682
-70.6682
-70.6682
-70.6682
-70.6681
-70.6681
-70.6681
-70.6681
-70.6681
-70.6722
-70.9368
-71.7687
-72.7083
-73.4441
-73.9094
-68.5823
-54.8012
-51.3526
-49.4833
-47.179
-38.5855
-3.3179
-33.8315
-66.0205
-68.8901
-67.9281
-66.8828
-65.816
-64.746
-63.6911
-62.6696
-61.6973
-60.77
-59.6733
-58.7481
-57.9738
-57.2979
-56.7044
-56.1864
-55.7321
-55.3317
-54.9899
-54.6966
-54.4534
-54.2539
-54.0906
-53.9509
-53.8363
-53.7449
-53.6724
-53.6102
-53.5608
-53.5232
-53.4921
-53.4666
-53.4481
-53.4352
-53.4265
-53.421
-53.4179
-53.4167
-53.411
-53.4005
-53.3943
-53.392
-53.392
-53.3933
-53.3956
-53.3984
-53.4017
-53.4052
-53.4091
-53.4132
-53.4104
-53.4059
-53.4045
-53.4051
-53.407
-53.4096
-53.4085
-53.4044
-53.4028
-53.4031
-53.4046
-53.4066
-53.409
-53.4115
-53.4138
-53.4158
-53.4167
-53.409
-53.4034
-53.4005
-53.3988
-53.3971
-53.3946
-53.39
-53.3809
-53.3581
-53.2185
-52.7806
-52.7608
-52.8671
-52.9753
-53.0585
-53.1164
-53.1549
-53.1813
-53.2012
-53.2187
-53.2364
-53.2566
-53.2811
-53.3124
-53.353
-53.4047
-53.4509
-53.4613
-53.4634
-53.4654
-53.4693
-53.4756
-53.4845
-53.4955
-53.4847
-53.4667
-53.4594
-53.459
-53.4626
-53.4687
-53.4766
-53.4861
-53.497
-53.5093
-53.5229
-53.538
-53.5545
-53.5727
-53.5926
-53.6143
-53.6381
-53.664
-53.6922
-53.7231
-53.7569
-53.7939
-53.8342
-53.8781
-53.9259
-53.9779
-54.0344
-54.0957
-53.8795
-53.5419
-53.438
-53.4168
-53.4228
-53.4377
-53.4556
-53.4742
-53.4931
-53.5122
-53.5315
-53.5512
-53.5714
-53.5925
-53.6146
-53.6379
-53.6629
-53.6907
-53.7207
-53.7528
-53.7871
-53.824
-53.8638
-53.9069
-53.9534
-54.0037
-54.0582
-54.1187
-54.1852
-54.2599
-54.3407
-54.4255
-54.5151
-54.6104
-54.7119
-54.8202
-54.9359
-55.0603
-55.1986
-55.3497
-55.5252
-55.7085
-55.894
-54.8154
-53.4335
-53.1351
-53.1109
-53.1552
-53.2117
-53.2655
-53.3137
-53.356
-53.3928
-53.4252
-53.4545
-53.4814
-53.5067
-53.5311
-53.5551
-53.5792
-53.6053
-53.6347
-53.665
-53.6958
-53.7279
-53.7619
-53.798
-53.8368
-53.8785
-53.9233
-53.9716
-54.0275
-54.096
-54.1692
-54.2441
-54.3215
-54.4028
-54.489
-54.5806
-54.6782
-54.7822
-54.8928
-55.0153
-55.164
-55.3325
-55.5016
-55.6705
-55.8422
-56.0185
-56.2009
-56.3899
-56.5852
-56.7863
-56.9956
-57.2291
-57.4957
-53.9916
-53.0044
-52.846
-52.8923
-52.9841
-53.0759
-53.1398
-53.1821
-53.2227
-53.2601
-53.2931
-53.3218
-53.347
-53.3688
-53.3879
-53.4048
-53.4202
-53.4345
-53.448
-53.4612
-53.4742
-53.4878
-53.5023
-53.5174
-53.5342
-53.5529
-53.5725
-53.5927
-53.614
-53.6367
-53.6612
-53.688
-53.7191
-53.7528
-53.7917
-53.8366
-53.8838
-53.9331
-53.9853
-53.9932
-53.5437
-53.4012
-53.371
-53.3744
-53.3871
-53.4026
-53.4186
-53.434
-53.4486
-53.4627
-53.4767
-53.4907
-53.5051
-53.5203
-53.5371
-53.5547
-53.5731
-53.595
-53.6195
-53.6449
-53.6714
-53.6997
-53.7303
-53.7634
-53.8028
-53.8753
-53.9972
-54.1372
-54.2717
-54.4155
-54.5543
-54.6838
-54.8143
-54.9654
-55.1619
-55.4374
-55.7684
-56.0955
-56.3948
-56.6784
-56.9562
-57.2375
-57.5277
-57.8435
-58.2075
-58.6481
-59.1446
-59.6454
-60.1286
-60.5894
-61.0422
-61.4933
-61.9537
-62.4256
-62.9276
-63.4633
-64.0363
-64.6113
-65.1628
-65.6787
-66.1686
-66.637
-67.0867
-67.5202
-67.9572
-68.3984
-68.8455
-69.2941
-69.7209
-70.1076
-70.4536
-70.7705
-71.062
-71.3297
-71.5823
-71.8335
-72.0787
-72.3208
-72.5527
-72.7661
-72.9519
-73.1124
-73.2547
-73.3824
-73.4961
-73.6024
-73.7062
-73.8063
-73.9062
-74.0017
-74.0895
-74.1634
-74.2257
-74.2784
-74.3239
-74.363
-74.3994
-74.4352
-74.4699
-74.5069
-74.5431
-74.5781
-74.607
-74.6293
-74.6463
-74.6588
-74.6693
-74.6788
-74.688
-74.698
-74.7101
-74.7244
-74.7385
-74.7525
-74.762
-74.7676
-74.7706
-74.7716
-74.7726
-74.7726
-74.7734
-74.7747
-74.779
-74.7842
-74.7895
-74.7963
-74.8002
-74.8006
-74.7998
-74.7984
-74.7966
-74.7944
-74.7928
-74.7913
-74.7925
-74.7954
-74.7979
-74.8008
-74.8042
-74.8043
-74.8029
-74.8017
-74.7993
-74.7953
-74.7922
-74.7894
-74.7878
-74.7889
-74.7913
-74.7916
-74.7915
-74.7938
-74.795
-74.7954
-74.7942
-74.792
-74.7887
-74.7861
-74.7836
-74.782
-74.7828
-74.785
-74.7847
-74.7819
-74.7807
-74.7823
-74.7839
-74.7835
-74.781
-74.7775
-74.7747
-74.7723
-74.7704
-74.7703
-74.7728
-74.7751
-74.774
-74.7708
-74.7693
-74.7714
-74.7741
-74.7743
-74.7714
-74.7673
-74.7648
-74.763
-74.7619
-74.7608
-74.7624
-74.7648
-74.764
-74.76
-74.7555
-74.7541
-74.7562
-74.7582
-74.7572
-74.7537
-74.7521
-74.751
-74.7493
-74.7489
-74.7505
-74.7539
-74.7575
-74.7565
-74.7528
-74.7484
-74.7453
-74.7443
-74.7452
-74.7449
-74.7426
-74.7416
-74.7406
-74.7372
-74.7334
-74.7335
-74.7362
-74.7411
-74.743
-74.7416
-74.7384
-74.7347
-74.7303
-74.7272
-74.7249
-74.7254
-74.7283
-74.7301
-74.7289
-74.7267
-74.723
-74.7218
-74.7237
-74.7285
-74.7338
-74.7346
-74.733
-74.7305
-74.7257
-74.7191
-74.7131
-74.708
-74.7063
-74.7104
-74.7131
-74.7115
-74.7081
-74.7016
-74.6993
-74.7012
-74.7054
-74.7128
-74.7183
-74.7204
-74.7184
-74.7156
-74.7113
-74.7048
-74.698
-74.6927
-74.6906
-74.6927
-74.6977
-74.6984
-74.696
-74.6907
-74.6855
-74.6852
-74.6882
-74.6943
-74.7035
-74.7094
-74.7101
-74.707
-74.7021
-74.6949
-74.6871
-74.6781
-74.6722
-74.6713
-74.6706
-74.6686
-74.6681
-74.6698
-74.6673
-74.6626
-74.6612
-74.6615
-74.6661
-74.6762
-74.6858
-74.6915
-74.693
-74.693
-74.6888
-74.6816
-74.6747
-74.6671
-74.6607
-74.6567
-74.654
-74.652
-74.6473
-74.6442
-74.6453
-74.6455
-74.6425
-74.6413
-74.6443
-74.6531
-74.6615
-74.6663
-74.67
-74.6723
-74.6709
-74.6656
-74.6615
-74.6576
-74.6528
-74.646
-74.6402
-74.633
-74.6258
-74.6202
-74.6164
-74.6116
-74.6093
-74.6059
-74.6034
-74.6033
-74.608
-74.6192
-74.6289
-74.6407
-74.6477
-74.6486
-74.6495
-74.6498
-74.6461
-74.6393
-74.6341
-74.6294
-74.6267
-74.6259
-74.6234
-74.6167
-74.6078
-74.5974
-74.586
-74.5787
-74.5786
-74.5791
-74.5758
-74.5722
-74.5719
-74.5788
-74.5884
-74.5974
-74.6082
-74.6186
-74.6236
-74.6253
-74.6249
-74.6209
-74.6123
-74.6041
-74.5965
-74.5912
-74.5873
-74.5847
-74.583
-74.5832
-74.5804
-74.5735
-74.564
-74.5523
-74.5394
-74.5286
-74.5222
-74.5218
-74.5235
-74.5289
-74.535
-74.5388
-74.5435
-74.5513
-74.5617
-74.5728
-74.5818
-74.5873
-74.5871
-74.585
-74.583
-74.5803
-74.5752
-74.5679
-74.5561
-74.548
-74.5459
-74.5462
-74.5453
-74.5425
-74.5382
-74.5306
-74.5227
-74.512
-74.498
-74.487
-74.4831
-74.4796
-74.4802
-74.4844
-74.4874
-74.4878
-74.4895
-74.49
-74.4884
-74.492
-74.4966
-74.5046
-74.516
-74.5242
-74.5315
-74.5337
-74.5309
-74.5273
-74.5282
-74.5313
-74.5291
-74.522
-74.5146
-74.5048
-74.4963
-74.4907
-74.4851
-74.4782
-74.4725
-74.4682
-74.4602
-74.4505
-74.4394
-74.4272
-74.4184
-74.4187
-74.42
-74.4218
-74.4242
-74.4226
-74.4224
-74.4227
-74.4225
-74.4206
-74.4152
-74.4089
-74.4051
-74.4073
-74.4111
-74.4148
-74.4208
-74.4278
-74.4297
-74.4316
-74.4382
-74.44
-74.4436
-74.4505
-74.4578
-74.4615
-74.4635
-74.459
-74.4489
-74.4407
-74.4336
-74.4278
-74.4251
-74.4219
-74.4127
-74.4011
-74.3851
-74.3669
-74.3519
-74.3443
-74.3409
-74.3411
-74.3413
-74.3424
-74.3437
-74.3429
-74.3374
-74.332
-74.3261
-74.3276
-74.3323
-74.3292
-74.321
-74.3131
-74.3035
-74.29
-74.275
-74.2699
-74.267
-74.2634
-74.2661
-74.2749
-74.2874
-74.2986
-74.3073
-74.3162
-74.3186
-74.3135
-74.3102
-74.3065
-74.3051
-74.3039
-74.303
-74.3034
-74.3082
-74.3149
-74.3238
-74.3343
-74.3437
-74.3448
-74.3374
-74.3296
-74.3208
-74.3071
-74.292
-74.2828
-74.2808
-74.2836
-74.2826
-74.2761
-74.2669
-74.2585
-74.2515
-74.2417
-74.2291
-74.2167
-74.2019
-74.1888
-74.1811
-74.1781
-74.1693
-74.1584
-74.1604
-74.1635
-74.1669
-74.1661
-74.159
-74.1448
-74.127
-74.1091
-74.0923
-74.0769
-74.0684
-74.0598
-74.052
-74.0458
-74.0401
-74.0355
-74.034
-74.0271
-74.0167
-74.0023
-73.9895
-73.9934
-74.0141
-74.0378
-74.0551
-74.0648
-74.073
-74.0825
-74.0927
-74.1101
-74.1269
-74.1325
-74.1329
-74.128
-74.1271
-74.1264
-74.1218
-74.1152
-74.1084
-74.1024
-74.0972
-74.0913
-74.085
-74.0776
-74.0708
-74.0658
-74.0758
-74.0896
-74.1004
-74.1145
-74.1242
-74.1265
-74.1241
-74.1186
-74.1076
-74.0945
-74.0776
-74.0628
-74.0608
-74.0654
-74.0644
-74.0602
-74.0571
-74.0514
-74.0415
-74.0258
-74.0117
-74.004
-74.0019
-73.9969
-73.9905
-73.987
-73.983
-73.9722
-73.9564
-73.9404
-73.9211
-73.9015
-73.8819
-73.8624
-73.8573
-73.8672
-73.8809
-73.8917
-73.8926
-73.886
-73.8764
-73.8614
-73.8415
-73.8183
-73.7974
-73.7769
-73.7554
-73.7458
-73.7399
-73.7282
-73.7105
-73.6885
-73.6633
-73.636
-73.6096
-73.5894
-73.5792
-73.5711
-73.5607
-73.5574
-73.5517
-73.5394
-73.5215
-73.4997
-73.4757
-73.4569
-73.4389
-73.4179
-73.3947
-73.3823
-73.3852
-73.3926
-73.3931
-73.3851
-73.3706
-73.3515
-73.3294
-73.3082
-73.2975
-73.2943
-73.294
-73.3052
-73.3333
-73.3527
-73.3586
-73.3544
-73.35
-73.3485
-73.3544
-73.3571
-73.3518
-73.3399
-73.332
-73.3324
-73.3286
-73.3181
-73.3024
-73.2839
-73.271
-73.2578
-73.246
-73.2449
-73.2558
-73.2693
-73.281
-73.2873
-73.287
-73.2873
-73.2824
-73.2715
-73.2634
-73.2621
-73.2605
-73.2526
-73.239
-73.2212
-73.2004
-73.1841
-73.1822
-73.1874
-73.1903
-73.1941
-73.1938
-73.1863
-73.1785
-73.1819
-73.1943
-73.2012
-73.2053
-73.2074
-73.2042
-73.2053
-73.2116
-73.2126
-73.2059
-73.1934
-73.1765
-73.1567
-73.1348
-73.1114
-73.0869
-73.0616
-73.0357
-73.0093
-72.9826
-72.9558
-72.9377
-72.925
-72.913
-72.908
-72.9009
-72.8888
-72.8726
-72.8536
-72.8327
-72.8104
-72.7872
-72.7634
-72.7391
-72.7146
-72.6899
-72.6711
-72.6627
-72.6532
-72.6399
-72.6234
-72.6048
-72.5846
-72.5712
-72.5665
-72.5596
-72.5485
-72.534
-72.5171
-72.4985
-72.4788
-72.4585
-72.4376
-72.4164
-72.395
-72.3735
-72.3519
-72.3304
-72.309
-72.2876
-72.2663
-72.2452
-72.2242
-72.2033
-72.1827
-72.1622
-72.1419
-72.1218
-72.1019
-72.0822
-72.0627
-72.0434
-72.0243
-72.0054
-71.9867
-71.9683
-71.95
-71.9319
-71.9141
-71.8964
-71.879
-71.8617
-71.8447
-71.8278
-71.8111
-71.7947
-71.7784
-71.7623
-71.7464
-71.7307
-71.7152
-71.6999
-71.6848
-71.6698
-71.655
-71.6404
-71.626
-71.6117
-71.5976
-71.5837
-71.57
-71.5564
-71.543
-71.5297
-71.5166
-71.5037
-71.491
-71.4783
-71.4659
-71.4536
-71.4414
-71.4294
-71.4176
-71.4059
-71.3943
-71.3829
-71.3717
-71.3605
-71.3496
-71.3387
-71.328
-71.3174
-71.307
-71.2967
-71.2865
-71.2765
-71.2666
-71.2568
-71.2472
-71.2377
-71.2283
-71.219
-71.2098
-71.2008
-71.1919
-71.1831
-71.1744
-71.1658
-71.1573
-71.1489
-71.1407
-71.1326
-71.1245
-71.1166
-71.1088
-71.1011
-71.0934
-71.0859
-71.0785
-71.0712
-71.064
-71.0568
-71.0498
-71.0429
-71.036
-71.0293
-71.0226
-71.0161
-71.0096
-71.0032
-70.9969
-70.9907
-70.9845
-70.9785
-70.9725
-70.9666
-70.9608
-70.9551
-70.9494
-70.9439
-70.9384
-70.933
-70.9276
-70.9224
-70.9172
-70.9121
-70.907
-70.902
-70.8971
-70.8923
-70.8875
-70.8828
-70.8782
-70.8736
-70.8691
-70.8647
-70.8603
-70.856
-70.8518
-70.8476
-70.8435
-70.8394
-70.8354
-70.8314
-70.8276
-70.8237
-70.8199
-70.8162
-70.8126
-70.809
-70.8054
-70.8019
-70.7984
-70.7951
-70.7917
-70.7884
-70.7852
-70.782
-70.7788
-70.7757
-70.7727
-70.7697
-70.7667
-70.7638
-70.7609
-70.7581
-70.7553
-70.7526
-70.7499
-70.7472
-70.7446
-70.7421
-70.7395
-70.7371
-70.7346
-70.7322
-70.7298
-70.7275
-70.7252
-70.723
-70.7207
-70.7186
-70.7164
-70.7143
-70.7122
-70.7102
-70.7082
-70.7062
-70.7043
-70.7024
-70.7005
-70.6987
-70.6968
-70.6951
-70.6933
-70.6916
-70.6899
-70.6883
-70.6866
-70.685
-70.6835
-70.6819
-70.6804
-70.6789
-70.6774
-70.676
-70.6746
-70.6732
-70.6719
-70.6705
-70.6692
-70.6679
-70.6667
-70.6654
-70.6642
-70.663
-70.6619
-70.6607
-70.6596
-70.6585
-70.6574
-70.6564
-70.6553
-70.6543
-70.6533
-70.6523
-70.6514
-70.6504
-70.6495
-70.6486
-70.6477
-70.6469
-70.646
-70.6452
-70.6444
-70.6436
-70.6429
-70.6421
-70.6414
-70.6406
-70.6399
-70.6392
-70.6386
-70.6379
-70.6373
-70.6366
-70.636
-70.6354
-70.6348
-70.6343
-70.6337
-70.6332
-70.6326
-70.6321
-70.6316
-70.6311
-70.6307
-70.6302
-70.6297
-70.6293
-70.6289
-70.6285
-70.6281
-70.6277
-70.6273
-70.6269
-70.6266
-70.6262
-70.6259
-70.6255
-70.6252
-70.6249
-70.6246
-70.6243
-70.6241
-70.6238
-70.6235
-70.6233
-70.623
-70.6228
-70.6226
-70.6224
-70.6222
-70.622
-70.6218
-70.6216
-70.6214
-70.6213
-70.6211
-70.621
-70.6208
-70.6207
-70.6206
-70.6204
-70.6203
-70.6202
-70.6201
-70.62
-70.6199
-70.6198
-70.6198
-70.6197
-70.6196
-70.6196
-70.6195
-70.6195
-70.6194
-70.6194
-70.6194
-70.6193
-70.6193
-70.6193
-70.6193
-70.6193
-70.6193
-70.6193
-70.6193
-70.6193
-70.6193
-70.6194
-70.6194
-70.6194
-70.6195
-70.6195
-70.6195
-70.6196
-70.6196
-70.6197
-70.6197
-70.6198
-70.6199
-70.6199
-70.62
-70.6201
-70.6202
-70.6202
-70.6203
-70.6204
-70.6205
-70.6206
-70.6207
-70.6208
-70.6209
-70.621
-70.6211
-70.6212
-70.6213
-70.6214
-70.6216
-70.6217
-70.6218
-70.6219
-70.622
-70.6222
-70.6223
-70.6224
-70.6226
-70.6227
-70.6228
-70.623
-70.6231
-70.6232
-70.6234
-70.6235
-70.6237
-70.6238
-70.624
-70.6241
-70.6243
-70.6244
-70.6246
-70.6247
-70.6249
-70.625
-70.6252
-70.6254
-70.6255
-70.6257
-70.6258
-70.626
-70.6262
-70.6263
-70.6265
-70.6267
-70.6268
-70.627
-70.6272
-70.6273
-70.6275
-70.6277
-70.6279
-70.628
-70.6282
-70.6284
-70.6286
-70.6287
-70.6289
-70.6291
-70.6292
-70.6294
-70.6296
-70.6298
-70.63
-70.6301
-70.6303
-70.6305
-70.6307
-70.6308
-70.631
-70.6312
-70.6314
-70.6315
-70.6317
-70.6319
-70.6321
-70.6323
-70.6324
-70.6326
-70.6328
-70.633
-70.6331
-70.6333
-70.6335
-70.6337
-70.6338
-70.634
-70.6342
-70.6344
-70.6345
-70.6347
-70.6349
-70.6351
-70.6352
-70.6354
-70.6356
-70.6358
-70.6359
-70.6361
-70.6363
-70.6365
-70.6366
-70.6368
-70.637
-70.6371
-70.6373
-70.6375
-70.6377
-70.6378
-70.638
-70.6382
-70.6383
-70.6385
-70.6387
-70.6388
-70.639
-70.6392
-70.6393
-70.6395
-70.6397
-70.6398
-70.64
-70.6401
-70.6403
-70.6405
-70.6406
-70.6408
-70.6409
-70.6411
-70.6413
-70.6414
-70.6416
-70.6417
-70.6419
-70.642
-70.6422
-70.6423
-70.6425
-70.6426
-70.6428
-70.643
-70.6431
-70.6433

