-70
-70.1661
-70.23
-70.2566
-70.2695
-70.2773
-70.283
-70.2879
-70.2925
-70.297
-70.3014
-70.3057
-70.31
-70.3142
-70.3185
-70.3226
-70.3268
-70.3309
-70.335
-70.3391
-70.3431
-70.3471
-70.351
-70.3549
-70.3588
-70.3626
-70.3664
-70.3701
-70.3738
-70.3775
-70.3811
-70.3847
-70.3883
-70.3918
-70.3953
-70.3987
-70.4021
-70.4055
-70.4088
-70.4121
-70.4154
-70.4186
-70.4218
-70.4249
-70.428
-70.4311
-70.4341
-70.4372
-70.4401
-70.4431
-70.446
-70.4489
-70.4517
-70.4545
-70.4573
-70.4601
-70.4628
-70.4655
-70.4682
-70.4708
-70.4734
-70.476
-70.4785
-70.481
-70.4835
-70.486
-70.4884
-70.4908
-70.4932
-70.4955
-70.4978
-70.5001
-70.5024
-70.5046
-70.5068
-70.509
-70.5112
-70.5133
-70.5154
-70.5175
-70.5196
-70.5216
-70.5236
-70.5256
-70.5276
-70.5295
-70.5315
-70.5334
-70.5352
-70.5371
-70.5389
-70.5407
-70.5425
-70.5443
-70.5461
-70.5478
-70.5495
-70.5512
-70.5528
-70.5545
-70.5561
-70.5577
-70.5593
-70.5609
-70.5624
-70.5639
-70.5655
-70.5669
-70.5684
-70.5699
-70.5713
-70.5727
-70.5741
-70.5755
-70.5769
-70.5782
-70.5796
-70.5809
-70.5822
-70.5835
-70.5848
-70.586
-70.5873
-70.5885
-70.5897
-70.5909
-70.5921
-70.5932
-70.5944
-70.5955
-70.5966
-70.5977
-70.5988
-70.5999
-70.601
-70.602
-70.603
-70.6041
-70.6051
-70.6061
-70.6071
-70.608
-70.609
-70.6099
-70.6109
-70.6118
-70.6127
-70.6136
-70.6145
-70.6154
-70.6162
-70.6171
-70.6179
-70.6187
-70.6196
-70.6204
-70.6212
-70.622
-70.6227
-70.6235
-70.6242
-70.625
-70.6257
-70.6265
-70.6272
-70.6279
-70.6286
-70.6293
-70.6299
-70.6306
-70.6313
-70.6319
-70.6325
-70.6332
-70.6338
-70.6344
-70.635
-70.6356
-70.6362
-70.6368
-70.6374
-70.6379
-70.6385
-70.639
-70.6396
-70.6401
-70.6406
-70.6411
-70.6417
-70.6422
-70.6427
-70.6431
-70.6436
-70.6441
-70.6446
-70.645
-70.6455
-70.6459
-70.6464
-70.6468
-70.6472
-70.6476
-70.6481
-70.6485
-70.6489
-70.6493
-70.6497
-70.65
-70.6504
-70.6508
-70.6512
-70.6515
-70.6519
-70.6522
-70.6526
-70.6529
-70.6533
-70.6536
-70.6539
-70.6542
-70.6545
-70.6549
-70.6552
-70.6555
-70.6558
-70.656
-70.6563
-70.6566
-70.6569
-70.6572
-70.6574
-70.6577
-70.658
-70.6582
-70.6585
-70.6587
-70.6589
-70.6592
-70.6594
-70.6597
-70.6599
-70.6601
-70.6603
-70.6605
-70.6607
-70.661
-70.6612
-70.6614
-70.6616
-70.6617
-70.6619
-70.6621
-70.6623
-70.6625
-70.6627
-70.6628
-70.663
-70.6632
-70.6633
-70.6635
-70.6637
-70.6638
-70.664
-70.6641
-70.6643
-70.6644
-70.6646
-70.6647
-70.6648
-70.665
-70.6651
-70.6652
-70.6653
-70.6655
-70.6656
-70.6657
-70.6658
-70.6659
-70.666
-70.6662
-70.6663
-70.6664
-70.6665
-70.6666
-70.6667
-70.6668
-70.6669
-70.667
-70.667
-70.6671
-70.6672
-70.6673
-70.6674
-70.6675
-70.6675
-70.6676
-70.6677
-70.6678
-70.6678
-70.6679
-70.668
-70.668
-70.6681
-70.6682
-70.6682
-70.6683
-70.6683
-70.6684
-70.6685
-70.6685
-70.6686
-70.6686
-70.6687
-70.6687
-70.6688
-70.6688
-70.6688
-70.6689
-70.6689
-70.669
-70.669
-70.669
-70.6691
-70.6691
-70.6691
-70.6692
-70.6692
-70.6692
-70.6693
-70.6693
-70.6693
-70.6694
-70.6694
-70.6694
-70.6694
-70.6694
-70.6695
-70.6695
-70.6695
-70.6695
-70.6695
-70.6696
-70.6696
-70.6696
-70.6696
-70.6696
-70.6696
-70.6696
-70.6697
-70.6697
-70.6697
-70.6697
-70.6697
-70.6697
-70.6697
-70.6697
-70.6697
-70.6697
-70.6697
-70.6697
-70.6697
-70.6697
-70.6697
-70.6697
-70.6697
-70.6697
-70.6697
-70.6697
-70.6697
-70.6697
-70.6697
-70.6697
-70.6697
-70.6697
-70.6697
-70.6697
-70.6697
-70.6697
-70.6697
-70.6697
-70.6697
-70.6697
-70.6697
-70.6696
-70.6696
-70.6696
-70.6696
-70.6696
-70.6696
-70.6696
-70.6696
-70.6696
-70.6695
-70.6695
-70.6695
-70.6695
-70.6695
-70.6695
-70.6695
-70.6695
-70.6694
-70.6694
-70.6694
-70.6694
-70.6694
-70.6694
-70.6693
-70.6693
-70.6693
-70.6693
-70.6693
-70.6693
-70.6693
-70.6692
-70.6692
-70.6692
-70.6692
-70.6692
-70.6691
-70.6691
-70.6691
-70.6691
-70.6691
-70.6691
-70.669
-70.669
-70.669
-70.669
-70.669
-70.6689
-70.6689
-70.6689
-70.6689
-70.6689
-70.6688
-70.6688
-70.6688
-70.6688
-70.6688
-70.6687
-70.6687
-70.6687
-70.6687
-70.6686
-70.6686
-70.6686
-70.6686
-70.6686
-70.6685
-70.6685
-70.6685
-70.6685
-60.5174
-52.9591
-50.6203
-48.906
-46.3659
-32.7919
-11.5473
-38.4813
-67.6358
-68.5153
-67.5084
-66.4437
-65.3623
-64.2824
-63.2214
-62.1955
-61.2191
-60.3035
-59.4573
-58.6858
-57.9938
-57.4163
-56.9827
-56.6441
-56.3598
-56.0616
-55.1694
-54.7014
-54.4217
-54.2264
-54.0804
-53.9688
-53.8846
-53.8227
-53.7783
-53.7479
-53.7286
-53.7192
-53.7183
-53.7249
-53.7388
-53.7613
-53.7625
-53.5776
-53.4878
-53.4569
-53.4513
-53.4568
-53.4676
-53.4604
-53.4341
-53.4234
-53.4232
-53.4284
-53.4364
-53.4438
-53.4309
-53.4227
-53.4215
-53.4246
-53.4299
-53.4366
-53.4441
-53.4374
-53.4282
-53.4251
-53.4262
-53.4297
-53.4345
-53.4401
-53.4463
-53.4512
-53.4386
-53.4299
-53.4272
-53.428
-53.4309
-53.4348
-53.4395
-53.4447
-53.4504
-53.4564
-53.4628
-53.4489
-53.4338
-53.4274
-53.4262
-53.4276
-53.4304
-53.4339
-53.438
-53.4424
-53.4471
-53.4521
-53.4572
-53.4626
-53.4681
-53.4739
-53.4792
-53.4817
-53.4435
-53.4212
-53.4123
-53.4091
-53.4079
-53.4069
-53.405
-53.4011
-53.3933
-53.3769
-53.3325
-52.9894
-52.4142
-52.4405
-52.6085
-52.7686
-52.8896
-52.9735
-53.0301
-53.0697
-53.1006
-53.1284
-53.1571
-53.1901
-53.2307
-53.2825
-53.36
-53.4504
-53.4755
-53.4809
-53.4826
-53.4852
-53.49
-53.4977
-53.5084
-53.5216
-53.5371
-53.5549
-53.5753
-53.5984
-53.6242
-53.653
-53.6849
-53.7203
-53.7594
-53.8025
-53.8499
-53.9019
-53.9588
-54.0208
-54.0883
-54.1617
-54.2414
-54.3274
-54.4203
-54.5207
-54.6292
-54.7461
-54.8721
-55.008
-55.1543
-55.3115
-55.4796
-53.8181
-53.3334
-53.2395
-53.2522
-53.292
-53.3357
-53.3772
-53.4151
-53.4498
-53.4819
-53.5122
-53.5412
-53.5694
-53.5975
-53.6259
-53.655
-53.6851
-53.7168
-53.7504
-53.7872
-53.8278
-53.8709
-53.9168
-53.9658
-54.0184
-54.0749
-54.1358
-54.2015
-54.272
-54.3483
-54.4379
-54.5356
-54.6374
-54.7441
-54.8568
-54.9766
-55.1042
-55.2466
-55.4039
-55.5669
-55.7449
-55.94
-56.1398
-53.7771
-53.1837
-53.0871
-53.1169
-53.1747
-53.2334
-53.2859
-53.3315
-53.372
-53.4078
-53.4397
-53.4687
-53.4955
-53.521
-53.5458
-53.5712
-53.5971
-53.6233
-53.6507
-53.6814
-53.7148
-53.7496
-53.7861
-53.8247
-53.8658
-53.9104
-53.9612
-54.0158
-54.0736
-54.1356
-54.2065
-54.2868
-54.3714
-54.4591
-54.5509
-54.6478
-54.7516
-54.8694
-54.9948
-55.1253
-55.2616
-55.4126
-55.5786
-55.7607
-55.9469
-56.1348
-56.3263
-56.5226
-56.7364
-56.9646
-57.1934
-57.4226
-54.44
-53.0966
-52.8539
-52.8791
-52.9675
-53.0606
-53.1432
-53.2125
-53.2709
-53.3202
-53.3624
-53.399
-53.4315
-53.462
-53.4905
-53.518
-53.5456
-53.5727
-53.5998
-53.6275
-53.6581
-53.6901
-53.7235
-53.7587
-53.7963
-53.8382
-53.8856
-53.9358
-53.9916
-54.0537
-54.1227
-54.1969
-54.2741
-54.3548
-54.4402
-54.5346
-54.6404
-54.7515
-54.8747
-55.0077
-53.8167
-53.3238
-53.2287
-53.2369
-53.2698
-53.3056
-53.339
-53.3692
-53.3961
-53.4208
-53.4434
-53.4645
-53.4854
-53.5058
-53.5259
-53.546
-53.5667
-53.5882
-53.6123
-53.6416
-53.6732
-53.7071
-53.7423
-53.7797
-53.8263
-53.8782
-53.9407
-54.0271
-54.1311
-54.2631
-54.4149
-54.5679
-54.7132
-54.8584
-55.0227
-55.2227
-55.4826
-55.8367
-56.2184
-56.567
-56.8886
-57.1933
-57.4968
-57.8107
-58.1664
-58.5631
-59.017
-59.5386
-60.0729
-60.5744
-61.0556
-61.5257
-61.9908
-62.4598
-62.9444
-63.4428
-63.965
-64.5246
-65.0995
-65.6434
-66.154
-66.6392
-67.0997
-67.5427
-67.9741
-68.3958
-68.816
-69.2373
-69.6658
-70.0694
-70.4323
-70.762
-71.0631
-71.3391
-71.5961
-71.8375
-72.0683
-72.2922
-72.5148
-72.7336
-72.9296
-73.0994
-73.2494
-73.3818
-73.5008
-73.6087
-73.7073
-73.8007
-73.8916
-73.9832
-74.0724
-74.1513
-74.2168
-74.2727
-74.3205
-74.3629
-74.4008
-74.4347
-74.4672
-74.4997
-74.5337
-74.5682
-74.5991
-74.6234
-74.6414
-74.6561
-74.6684
-74.6786
-74.6872
-74.696
-74.7058
-74.7176
-74.731
-74.7446
-74.7559
-74.7631
-74.7668
-74.769
-74.7702
-74.77
-74.7704
-74.7712
-74.7741
-74.7791
-74.7848
-74.7911
-74.7954
-74.7965
-74.7957
-74.7938
-74.7913
-74.7882
-74.7866
-74.785
-74.7873
-74.7909
-74.7941
-74.7979
-74.8006
-74.8005
-74.7988
-74.7957
-74.7914
-74.7867
-74.7837
-74.7819
-74.782
-74.7843
-74.7859
-74.7882
-74.7913
-74.7924
-74.7912
-74.7885
-74.7851
-74.7816
-74.7781
-74.7749
-74.7742
-74.7758
-74.778
-74.7788
-74.7795
-74.7815
-74.7831
-74.7816
-74.7775
-74.7734
-74.7697
-74.7659
-74.7615
-74.7597
-74.7615
-74.7643
-74.7666
-74.767
-74.7679
-74.7708
-74.7733
-74.7711
-74.7662
-74.7616
-74.7584
-74.755
-74.7509
-74.7508
-74.7511
-74.7519
-74.7541
-74.7553
-74.7553
-74.7573
-74.7596
-74.7591
-74.7542
-74.7482
-74.7444
-74.7407
-74.7375
-74.7376
-74.7402
-74.7398
-74.739
-74.741
-74.7424
-74.7451
-74.7478
-74.7495
-74.7497
-74.7457
-74.7388
-74.7334
-74.7279
-74.7235
-74.7245
-74.727
-74.7264
-74.7236
-74.7227
-74.7248
-74.7268
-74.7292
-74.7321
-74.7348
-74.7358
-74.7316
-74.7258
-74.7194
-74.7138
-74.7113
-74.7127
-74.7144
-74.7137
-74.7097
-74.709
-74.712
-74.714
-74.7154
-74.7162
-74.7193
-74.7219
-74.7219
-74.7191
-74.7123
-74.7029
-74.6964
-74.6954
-74.6958
-74.6972
-74.6954
-74.6902
-74.6872
-74.6917
-74.6956
-74.6971
-74.6973
-74.6988
-74.7028
-74.7057
-74.708
-74.7056
-74.6993
-74.6924
-74.6866
-74.6833
-74.6812
-74.6801
-74.6803
-74.6774
-74.6726
-74.6728
-74.6758
-74.6795
-74.6804
-74.6791
-74.6779
-74.6811
-74.6857
-74.687
-74.6845
-74.6824
-74.6798
-74.6745
-74.6689
-74.664
-74.6619
-74.6583
-74.6549
-74.652
-74.6489
-74.6515
-74.6552
-74.6578
-74.6593
-74.6598
-74.6585
-74.6612
-74.6634
-74.6646
-74.6641
-74.6664
-74.667
-74.6641
-74.6591
-74.6526
-74.649
-74.6469
-74.6431
-74.6366
-74.6294
-74.6235
-74.6238
-74.6269
-74.6299
-74.6309
-74.6298
-74.6288
-74.6297
-74.6316
-74.6344
-74.6352
-74.6358
-74.6398
-74.6446
-74.6438
-74.6395
-74.6347
-74.6307
-74.6281
-74.6235
-74.6191
-74.6144
-74.6051
-74.5945
-74.5939
-74.5983
-74.603
-74.604
-74.6029
-74.6018
-74.6018
-74.5996
-74.5973
-74.5993
-74.6053
-74.6115
-74.6144
-74.6158
-74.6166
-74.6168
-74.6157
-74.6123
-74.6084
-74.6055
-74.5992
-74.5914
-74.5825
-74.571
-74.5597
-74.5541
-74.5558
-74.5598
-74.5653
-74.5681
-74.5686
-74.5671
-74.5628
-74.556
-74.5502
-74.5533
-74.5593
-74.5648
-74.5712
-74.5781
-74.5803
-74.5807
-74.5814
-74.5802
-74.5785
-74.5788
-74.5768
-74.5713
-74.5658
-74.5577
-74.5467
-74.535
-74.5233
-74.5112
-74.5102
-74.5174
-74.5228
-74.5281
-74.5318
-74.5308
-74.527
-74.523
-74.5189
-74.5152
-74.5116
-74.509
-74.5078
-74.5101
-74.5188
-74.5276
-74.5307
-74.5304
-74.532
-74.5375
-74.5417
-74.5429
-74.5386
-74.5305
-74.521
-74.5129
-74.5058
-74.496
-74.4856
-74.4721
-74.4565
-74.4445
-74.4407
-74.4462
-74.4543
-74.4632
-74.4716
-74.4748
-74.4715
-74.4683
-74.4656
-74.4665
-74.4669
-74.4649
-74.46
-74.4552
-74.4524
-74.4513
-74.4499
-74.4526
-74.4574
-74.46
-74.4598
-74.4613
-74.4653
-74.4662
-74.4702
-74.4767
-74.4775
-74.471
-74.463
-74.4529
-74.4406
-74.4275
-74.4143
-74.3977
-74.3866
-74.3805
-74.3737
-74.3658
-74.3641
-74.3745
-74.3856
-74.3943
-74.3998
-74.4047
-74.4077
-74.4091
-74.4079
-74.4082
-74.4069
-74.4044
-74.4009
-74.3944
-74.3868
-74.3799
-74.3769
-74.3739
-74.3733
-74.3724
-74.3712
-74.3666
-74.3618
-74.3607
-74.3652
-74.371
-74.3729
-74.3752
-74.3752
-74.372
-74.364
-74.3582
-74.3521
-74.3527
-74.3542
-74.3525
-74.348
-74.3373
-74.3232
-74.3077
-74.29
-74.2705
-74.2526
-74.2402
-74.2283
-74.2152
-74.2047
-74.2039
-74.2209
-74.2404
-74.253
-74.2614
-74.2685
-74.2776
-74.2881
-74.2963
-74.2973
-74.2963
-74.2965
-74.2963
-74.2919
-74.2847
-74.2735
-74.2608
-74.2582
-74.2565
-74.2544
-74.2484
-74.2371
-74.2231
-74.2066
-74.1901
-74.1842
-74.1822
-74.1806
-74.1774
-74.1835
-74.1901
-74.1972
-74.201
-74.2081
-74.2163
-74.2212
-74.2198
-74.2128
-74.2043
-74.1943
-74.1821
-74.1763
-74.1723
-74.1688
-74.1664
-74.1642
-74.1597
-74.1517
-74.1411
-74.1264
-74.1101
-74.0904
-74.0669
-74.0478
-74.0385
-74.0306
-74.0269
-74.0304
-74.0305
-74.0259
-74.0199
-74.0114
-73.9969
-73.9832
-73.9832
-73.9975
-74.0244
-74.0466
-74.0606
-74.0679
-74.0706
-74.0694
-74.0673
-74.0685
-74.0694
-74.069
-74.0769
-74.0836
-74.09
-74.1036
-74.1136
-74.1149
-74.1132
-74.1086
-74.0987
-74.0868
-74.0801
-74.0708
-74.0589
-74.0431
-74.03
-74.0166
-74.0026
-73.9881
-73.9766
-73.9668
-73.953
-73.9405
-73.931
-73.92
-73.9099
-73.9054
-73.9027
-73.907
-73.9126
-73.9191
-73.9215
-73.9188
-73.918
-73.9151
-73.9051
-73.8907
-73.8851
-73.8859
-73.8885
-73.8957
-73.898
-73.8988
-73.8967
-73.8879
-73.8834
-73.8814
-73.8816
-73.8836
-73.8862
-73.8927
-73.9002
-73.9024
-73.8957
-73.8816
-73.8623
-73.8393
-73.8138
-73.7863
-73.7607
-73.739
-73.7215
-73.7027
-73.6803
-73.6549
-73.6303
-73.6178
-73.6116
-73.606
-73.5982
-73.5857
-73.5824
-73.5851
-73.5811
-73.5703
-73.5628
-73.5584
-73.5489
-73.5335
-73.515
-73.5038
-73.4969
-73.4883
-73.4836
-73.4867
-73.5009
-73.5118
-73.5121
-73.5035
-73.4885
-73.4732
-73.4686
-73.4619
-73.4494
-73.4318
-73.4111
-73.3952
-73.3864
-73.3872
-73.3842
-73.3818
-73.3829
-73.3807
-73.3715
-73.3565
-73.3434
-73.3396
-73.3351
-73.3306
-73.3258
-73.3154
-73.2998
-73.2863
-73.2774
-73.2877
-73.3215
-73.3561
-73.3861
-73.4104
-73.4216
-73.4212
-73.4126
-73.4022
-73.3942
-73.387
-73.3902
-73.3899
-73.3822
-73.3684
-73.3502
-73.329
-73.3057
-73.2808
-73.2547
-73.2279
-73.2004
-73.1724
-73.1442
-73.1235
-73.1076
-73.0896
-73.0688
-73.0578
-73.0595
-73.0574
-73.0486
-73.0391
-73.034
-73.0253
-73.0118
-72.9944
-72.9743
-72.9524
-72.9291
-72.905
-72.8802
-72.855
-72.8294
-72.8037
-72.7778
-72.752
-72.7261
-72.7003
-72.6745
-72.6489
-72.6234
-72.5981
-72.573
-72.548
-72.5233
-72.4988
-72.4744
-72.453
-72.4454
-72.4395
-72.4299
-72.4167
-72.4009
-72.3832
-72.3683
-72.3661
-72.3638
-72.3569
-72.3461
-72.3323
-72.3165
-72.2993
-72.2813
-72.2626
-72.2436
-72.2243
-72.2048
-72.1852
-72.1656
-72.146
-72.1265
-72.107
-72.0877
-72.0685
-72.0494
-72.0305
-72.0118
-71.9932
-71.9748
-71.9566
-71.9385
-71.9207
-71.9062
-71.9087
-71.9131
-71.9128
-71.9078
-71.8995
-71.8889
-71.8768
-71.8636
-71.8498
-71.8355
-71.8209
-71.806
-71.7911
-71.7761
-71.7611
-71.7461
-71.7311
-71.7162
-71.7015
-71.6868
-71.6722
-71.6578
-71.6435
-71.6293
-71.6153
-71.6014
-71.5877
-71.5741
-71.5606
-71.5473
-71.5342
-71.5212
-71.5084
-71.4957
-71.4831
-71.4707
-71.4585
-71.4464
-71.4344
-71.4226
-71.411
-71.3994
-71.3881
-71.3768
-71.3657
-71.3548
-71.3439
-71.3332
-71.3227
-71.3123
-71.302
-71.2918
-71.2818
-71.2719
-71.2621
-71.2525
-71.243
-71.2336
-71.2243
-71.2151
-71.2061
-71.1972
-71.1884
-71.1797
-71.1711
-71.1626
-71.1543
-71.146
-71.1379
-71.1298
-71.1219
-71.1141
-71.1063
-71.0987
-71.0912
-71.0838
-71.0764
-71.0692
-71.0621
-71.055
-71.0481
-71.0412
-71.0345
-71.0278
-71.0212
-71.0147
-71.0083
-71.002
-70.9958
-70.9896
-70.9836
-70.9776
-70.9717
-70.9659
-70.9601
-70.9545
-70.9489
-70.9434
-70.938
-70.9326
-70.9273
-70.9221
-70.917
-70.9119
-70.9069
-70.902
-70.8972
-70.8924
-70.8877
-70.883
-70.8784
-70.8739
-70.8694
-70.8651
-70.8607
-70.8565
-70.8523
-70.8481
-70.844
-70.84
-70.836
-70.8321
-70.8283
-70.8245
-70.8207
-70.8171
-70.8134
-70.8099
-70.8063
-70.8029
-70.7995
-70.7961
-70.7928
-70.7895
-70.7863
-70.7831
-70.78
-70.7769
-70.7739
-70.7709
-70.768
-70.7651
-70.7623
-70.7595
-70.7567
-70.754
-70.7513
-70.7487
-70.7461
-70.7435
-70.741
-70.7386
-70.7361
-70.7338
-70.7314
-70.7291
-70.7268
-70.7246
-70.7224
-70.7202
-70.7181
-70.716
-70.7139
-70.7119
-70.7099
-70.7079
-70.706
-70.7041
-70.7023
-70.7004
-70.6986
-70.6969
-70.6951
-70.6934
-70.6917
-70.6901
-70.6885
-70.6869
-70.6853
-70.6838
-70.6823
-70.6808
-70.6793
-70.6779
-70.6765
-70.6751
-70.6737
-70.6724
-70.6711
-70.6698
-70.6686
-70.6673
-70.6661
-70.6649
-70.6638
-70.6626
-70.6615
-70.6604
-70.6593
-70.6583
-70.6573
-70.6562
-70.6552
-70.6543
-70.6533
-70.6524
-70.6515
-70.6506
-70.6497
-70.6488
-70.648
-70.6472
-70.6463
-70.6456
-70.6448
-70.644
-70.6433
-70.6426
-70.6419
-70.6412
-70.6405
-70.6398
-70.6392
-70.6385
-70.6379
-70.6373
-70.6367
-70.6362
-70.6356
-70.6351
-70.6345
-70.634
-70.6335
-70.633
-70.6325
-70.6321
-70.6316
-70.6312
-70.6307
-70.6303
-70.6299
-70.6295
-70.6291
-70.6287
-70.6284
-70.628
-70.6277
-70.6273
-70.627
-70.6267
-70.6264
-70.6261
-70.6258
-70.6256
-70.6253
-70.625
-70.6248
-70.6246
-70.6243
-70.6241
-70.6239
-70.6237
-70.6235
-70.6233
-70.6231
-70.623
-70.6228
-70.6226
-70.6225
-70.6223
-70.6222
-70.6221
-70.622
-70.6218
-70.6217
-70.6216
-70.6215
-70.6214
-70.6214
-70.6213
-70.6212
-70.6211
-70.6211
-70.621
-70.621
-70.6209
-70.6209
-70.6209
-70.6208
-70.6208
-70.6208
-70.6208
-70.6208
-70.6208
-70.6208
-70.6208
-70.6208
-70.6208
-70.6208
-70.6209
-70.6209
-70.6209
-70.6209
-70.621
-70.621
-70.6211
-70.6211
-70.6212
-70.6212
-70.6213
-70.6214
-70.6214
-70.6215
-70.6216
-70.6216
-70.6217
-70.6218
-70.6219
-70.622
-70.6221
-70.6222
-70.6223
-70.6224
-70.6225
-70.6226
-70.6227
-70.6228
-70.6229
-70.623
-70.6231
-70.6232
-70.6234
-70.6235
-70.6236
-70.6237
-70.6239
-70.624
-70.6241
-70.6242
-70.6244
-70.6245
-70.6246
-70.6248
-70.6249
-70.6251
-70.6252
-70.6254
-70.6255
-70.6256
-70.6258
-70.6259
-70.6261
-70.6262
-70.6264
-70.6266
-70.6267
-70.6269
-70.627
-70.6272
-70.6273
-70.6275
-70.6277
-70.6278
-70.628
-70.6281
-70.6283
-70.6285
-70.6286
-70.6288
-70.629
-70.6291
-70.6293
-70.6295
-70.6296
-70.6298
-70.63
-70.6301
-70.6303
-70.6305
-70.6306
-70.6308
-70.631
-70.6311
-70.6313
-70.6315
-70.6317
-70.6318
-70.632
-70.6322
-70.6323
-70.6325
-70.6327
-70.6329
-70.633
-70.6332
-70.6334
-70.6335
-70.6337
-70.6339
-70.6341
-70.6342
-70.6344
-70.6346
-70.6347
-70.6349
-70.6351
-70.6353
-70.6354
-70.6356
-70.6358
-70.6359
-70.6361
-70.6363
-70.6364
-70.6366
-70.6368
-70.6369
-70.6371
-70.6373
-70.6374
-70.6376
-70.6378
-70.6379
-70.6381
-70.6383
-70.6384
-70.6386
-70.6388
-70.6389
-70.6391
-70.6392
-70.6394
-70.6396
-70.6397
-70.6399
-70.64
-70.6402
-70.6404
-70.6405
-70.6407
-70.6408
-70.641
-70.6411
-70.6413
-70.6415
-70.6416
-70.6418
-70.6419
-70.6421
-70.6422
-70.6424
-70.6425
-70.6427
-70.6428
-70.643
-70.6431
-70.6433
-70.6434
-70.6436
-70.6437
-70.6439
-70.644

