-70
-70.1661
-70.23
-70.2566
-70.2695
-70.2773
-70.283
-70.2879
-70.2925
-70.297
-70.3014
-70.3057
-70.31
-70.3142
-70.3185
-70.3226
-70.3268
-70.3309
-70.335
-70.3391
-70.3431
-70.3471
-70.351
-70.3549
-70.3588
-70.3626
-70.3664
-70.3701
-70.3738
-70.3775
-70.3811
-70.3847
-70.3883
-70.3918
-70.3953
-70.3987
-70.4021
-70.4055
-70.4088
-70.4121
-70.4154
-70.4186
-70.4218
-70.4249
-70.428
-70.4311
-70.4341
-70.4372
-70.4401
-70.4431
-70.446
-70.4489
-70.4517
-70.4545
-70.4573
-70.4601
-70.4628
-70.4655
-70.4682
-70.4708
-70.4734
-70.476
-70.4785
-70.481
-70.4835
-70.486
-70.4884
-70.4908
-70.4932
-70.4955
-70.4978
-70.5001
-70.5024
-70.5046
-70.5068
-70.509
-70.5112
-70.5133
-70.5154
-70.5175
-70.5196
-70.5216
-70.5236
-70.5256
-70.5276
-70.5295
-70.5315
-70.5334
-70.5352
-70.5371
-70.5389
-70.5407
-70.5425
-70.5443
-70.5461
-70.5478
-70.5495
-70.5512
-70.5528
-70.5545
-70.5561
-70.5577
-70.5593
-70.5609
-70.5624
-70.5639
-70.5655
-70.5669
-70.5684
-70.5699
-70.5713
-70.5727
-70.5741
-70.5755
-70.5769
-70.5782
-70.5796
-70.5809
-70.5822
-70.5835
-70.5848
-70.586
-70.5873
-70.5885
-70.5897
-70.5909
-70.5921
-70.5932
-70.5944
-70.5955
-70.5966
-70.5977
-70.5988
-70.5999
-70.601
-70.602
-70.603
-70.6041
-70.6051
-70.6061
-70.6071
-70.608
-70.609
-70.6099
-70.6109
-70.6118
-70.6127
-70.6136
-70.6145
-70.6154
-70.6162
-70.6171
-70.6179
-70.6187
-70.6196
-70.6204
-70.6212
-70.622
-70.6227
-70.6235
-70.6242
-70.625
-70.6257
-70.6265
-70.6272
-70.6279
-70.6286
-70.6293
-70.6299
-70.6306
-70.6313
-70.6319
-70.6325
-70.6332
-70.6338
-70.6344
-70.635
-70.6356
-70.6362
-70.6368
-70.6374
-70.6379
-70.6385
-70.639
-70.6396
-70.6401
-70.6406
-70.6411
-70.6417
-70.6422
-70.6427
-70.6431
-70.6436
-70.6441
-70.6446
-70.645
-70.6455
-70.6459
-70.6464
-70.6468
-70.6472
-70.6476
-70.6481
-70.6485
-70.6489
-70.6493
-70.6497
-70.65
-70.6504
-70.6508
-70.6512
-70.6515
-70.6519
-70.6522
-70.6526
-70.6529
-70.6533
-70.6536
-70.6539
-70.6542
-70.6545
-70.6549
-70.6552
-70.6555
-70.6558
-70.656
-70.6563
-70.6566
-70.6569
-70.6572
-70.6574
-70.6577
-70.658
-70.6582
-70.6585
-70.6587
-70.6589
-70.6592
-70.6594
-70.6597
-70.6599
-70.6601
-70.6603
-70.6605
-70.6607
-70.661
-70.6612
-70.6614
-70.6616
-70.6617
-70.6619
-70.6621
-70.6623
-70.6625
-70.6627
-70.6628
-70.663
-70.6632
-70.6633
-70.6635
-70.6637
-70.6638
-70.664
-70.6641
-70.6643
-70.6644
-70.6646
-70.6647
-70.6648
-70.665
-70.6651
-70.6652
-70.6653
-70.6655
-70.6656
-70.6657
-70.6658
-70.6659
-70.666
-70.6662
-70.6663
-70.6664
-70.6665
-70.6666
-70.6667
-70.6668
-70.6669
-70.667
-70.667
-70.6671
-70.6672
-70.6673
-70.6674
-70.6675
-70.6675
-70.6676
-70.6677
-70.6678
-70.6678
-70.6679
-70.668
-70.668
-70.6681
-70.6682
-70.6682
-70.6683
-70.6683
-70.6684
-70.6685
-70.6685
-70.6686
-70.6686
-70.6687
-70.6687
-70.6688
-70.6688
-70.6688
-70.6689
-70.6689
-70.669
-70.669
-70.669
-70.6691
-70.6691
-70.6691
-70.6692
-70.6692
-70.6692
-70.6693
-70.6693
-70.6693
-70.6694
-70.6694
-70.6694
-70.6694
-70.6694
-70.6695
-70.6695
-70.6695
-70.6695
-70.6695
-70.6696
-70.6696
-70.6696
-70.6696
-70.6696
-70.6696
-70.6696
-70.6697
-70.6697
-70.6697
-70.6697
-70.6697
-70.6697
-70.6697
-70.6697
-70.6697
-70.6697
-70.6697
-70.6697
-70.6697
-70.6697
-70.6697
-70.6697
-70.6697
-70.6697
-70.6697
-70.6697
-70.6697
-70.6697
-70.6697
-70.6697
-70.6697
-70.6697
-70.6697
-70.6697
-70.6697
-70.6697
-70.6697
-70.6697
-70.6697
-70.6697
-70.6697
-70.6696
-70.6696
-70.6696
-70.6696
-70.6696
-70.6696
-70.6696
-70.6696
-70.6696
-70.6695
-70.6695
-70.6695
-70.6695
-70.6695
-70.6695
-70.6695
-70.6695
-70.6694
-70.6694
-70.6694
-70.6694
-70.6694
-70.6694
-70.6693
-70.6693
-70.6693
-70.6693
-70.6693
-70.6693
-70.6693
-70.6692
-70.6692
-70.6692
-70.6692
-70.6692
-70.6691
-70.6691
-70.6691
-70.6691
-70.6691
-70.6691
-70.669
-70.669
-70.669
-70.669
-70.669
-70.6689
-70.6689
-70.6689
-70.6689
-70.6689
-70.6688
-70.6688
-70.6688
-70.6688
-70.6688
-70.6687
-70.6687
-70.6687
-70.6687
-70.6686
-70.6686
-70.6686
-70.6686
-70.6686
-70.6685
-70.6685
-70.6685
-70.6685
-70.6685
-70.6684
-70.6684
-70.6684
-70.6684
-70.6684
-70.6683
-70.6683
-70.6683
-70.6683
-70.6682
-70.6682
-70.6682
-70.6682
-70.6682
-70.6681
-70.6681
-70.6681
-70.6681
-70.6681
-70.6695
-70.8581
-71.6681
-72.664
-73.4298
-59.0777
-52.6119
-50.4219
-48.6399
-45.5811
-18.8037
-18.3483
-44.7237
-68.6676
-68.4613
-67.4447
-66.3875
-65.3175
-64.2528
-63.2107
-62.2078
-61.2606
-60.3811
-59.3754
-58.4396
-57.664
-57.0116
-56.4482
-55.961
-55.5406
-55.1687
-54.8524
-54.5834
-54.3569
-54.1724
-54.0223
-53.8966
-53.7916
-53.708
-53.6424
-53.5905
-53.5451
-53.5099
-53.4832
-53.4595
-53.4419
-53.4299
-53.422
-53.4172
-53.4146
-53.4139
-53.4144
-53.4065
-53.3975
-53.3932
-53.3922
-53.393
-53.395
-53.3976
-53.4007
-53.4041
-53.4079
-53.4118
-53.4152
-53.4102
-53.4066
-53.4058
-53.4068
-53.4089
-53.4117
-53.4089
-53.4052
-53.404
-53.4045
-53.406
-53.4081
-53.4104
-53.4127
-53.4149
-53.4168
-53.4175
-53.4094
-53.4036
-53.4005
-53.3984
-53.3963
-53.3931
-53.3872
-53.3746
-53.3349
-52.9956
-52.7605
-52.8215
-52.9317
-53.0268
-53.0962
-53.1432
-53.1745
-53.1967
-53.2146
-53.2314
-53.2493
-53.2704
-53.2968
-53.3307
-53.3746
-53.4295
-53.495
-53.4855
-53.4723
-53.4679
-53.469
-53.474
-53.482
-53.4922
-53.4758
-53.4613
-53.4564
-53.4572
-53.4615
-53.468
-53.4762
-53.4859
-53.4968
-53.5091
-53.5227
-53.5377
-53.5542
-53.5722
-53.592
-53.6135
-53.6371
-53.6627
-53.6907
-53.7213
-53.7548
-53.7914
-53.8313
-53.8748
-53.9222
-53.9737
-54.0297
-54.0904
-54.1563
-53.9733
-53.5609
-53.4337
-53.4069
-53.4124
-53.4283
-53.4472
-53.4669
-53.4866
-53.5062
-53.5259
-53.5458
-53.5662
-53.5872
-53.6092
-53.6324
-53.657
-53.6833
-53.7115
-53.7419
-53.7757
-53.8135
-53.8539
-53.897
-53.9434
-53.9933
-54.0472
-54.1053
-54.1681
-54.2357
-54.3089
-54.3906
-54.4782
-54.5711
-54.6699
-54.7751
-54.8874
-55.0073
-55.1363
-55.2854
-55.4445
-55.613
-55.7922
-55.9765
-54.0115
-53.2431
-53.1011
-53.1177
-53.1711
-53.228
-53.2798
-53.3249
-53.3644
-53.3991
-53.43
-53.4578
-53.4836
-53.508
-53.5315
-53.5549
-53.5794
-53.6046
-53.6304
-53.6583
-53.6884
-53.7198
-53.753
-53.7884
-53.8262
-53.8669
-53.9112
-53.9621
-54.0171
-54.0751
-54.1382
-54.2099
-54.2856
-54.3648
-54.4482
-54.5367
-54.6308
-54.7316
-54.8475
-54.9719
-55.1008
-55.2349
-55.3816
-55.5441
-55.7107
-55.8802
-56.0539
-56.233
-56.418
-56.6183
-56.8384
-57.0597
-57.2798
-55.3868
-53.2937
-52.8785
-52.86
-52.922
-52.9996
-53.0759
-53.1427
-53.1985
-53.2447
-53.283
-53.3149
-53.3418
-53.3648
-53.3853
-53.4035
-53.4199
-53.435
-53.4493
-53.4631
-53.4773
-53.4921
-53.5071
-53.5225
-53.5385
-53.5554
-53.5737
-53.5949
-53.6176
-53.6415
-53.667
-53.6964
-53.7291
-53.7638
-53.8008
-53.8407
-53.8837
-53.9303
-53.9809
-54.0401
-54.1059
-54.1752
-53.6578
-53.4036
-53.3469
-53.3463
-53.3607
-53.3784
-53.396
-53.4125
-53.428
-53.4428
-53.4575
-53.4726
-53.488
-53.5041
-53.5204
-53.537
-53.5544
-53.5727
-53.5924
-53.6149
-53.6446
-53.696
-53.7587
-53.836
-53.9258
-54.0256
-54.12
-54.2062
-54.2934
-54.3879
-54.524
-54.7334
-54.9748
-55.2322
-55.4665
-55.6836
-55.8936
-56.1066
-56.3296
-56.5807
-56.8718
-57.2294
-57.6325
-58.0451
-58.4423
-58.8297
-59.2169
-59.6093
-60.0153
-60.4475
-60.9063
-61.4092
-61.9493
-62.4993
-63.0357
-63.5527
-64.0546
-64.5433
-65.0244
-65.5084
-65.9923
-66.4852
-66.9963
-67.5113
-68.0058
-68.4609
-68.8827
-69.2743
-69.6404
-69.9898
-70.3237
-70.6456
-70.9657
-71.2847
-71.5925
-71.874
-72.1221
-72.3434
-72.5417
-72.7221
-72.8888
-73.0428
-73.1888
-73.3325
-73.4738
-73.6093
-73.7317
-73.8357
-73.9244
-74.0023
-74.0724
-74.1356
-74.1922
-74.2454
-74.2988
-74.3521
-74.4037
-74.451
-74.491
-74.5227
-74.5486
-74.5715
-74.5918
-74.6094
-74.6253
-74.6426
-74.661
-74.6803
-74.6987
-74.715
-74.7279
-74.7361
-74.7417
-74.7469
-74.7509
-74.7528
-74.7556
-74.7611
-74.7677
-74.775
-74.7821
-74.7875
-74.792
-74.7939
-74.7934
-74.7931
-74.7924
-74.79
-74.7889
-74.791
-74.794
-74.7973
-74.8004
-74.8021
-74.8027
-74.8033
-74.802
-74.8003
-74.798
-74.7948
-74.7921
-74.7927
-74.7945
-74.7963
-74.7975
-74.7984
-74.798
-74.7971
-74.7962
-74.7952
-74.7937
-74.791
-74.7877
-74.7866
-74.7878
-74.789
-74.7896
-74.7899
-74.7893
-74.7885
-74.7868
-74.7847
-74.7837
-74.7837
-74.7822
-74.779
-74.7764
-74.7777
-74.7798
-74.7802
-74.7801
-74.7795
-74.7781
-74.7767
-74.7747
-74.7723
-74.771
-74.7707
-74.769
-74.7669
-74.7656
-74.7668
-74.7697
-74.7702
-74.7698
-74.7688
-74.7675
-74.7662
-74.7653
-74.7633
-74.7607
-74.7579
-74.7557
-74.7537
-74.7533
-74.7544
-74.7563
-74.7583
-74.7584
-74.7581
-74.7568
-74.7546
-74.7527
-74.7524
-74.7515
-74.7491
-74.7455
-74.7411
-74.7379
-74.7385
-74.741
-74.7443
-74.7466
-74.7469
-74.7475
-74.7473
-74.7458
-74.7438
-74.742
-74.7404
-74.7392
-74.7364
-74.7322
-74.7266
-74.7206
-74.7212
-74.7255
-74.7304
-74.7329
-74.7327
-74.7306
-74.7303
-74.7311
-74.7303
-74.7298
-74.7288
-74.7268
-74.725
-74.723
-74.7184
-74.7118
-74.7068
-74.706
-74.7105
-74.7174
-74.7209
-74.7205
-74.7174
-74.7169
-74.7172
-74.7179
-74.7176
-74.7166
-74.7147
-74.7121
-74.7089
-74.7057
-74.7011
-74.6948
-74.6912
-74.689
-74.6908
-74.6951
-74.6987
-74.6994
-74.6984
-74.6973
-74.6979
-74.6996
-74.7002
-74.6999
-74.7004
-74.7007
-74.6982
-74.6942
-74.6908
-74.6863
-74.6817
-74.68
-74.6802
-74.6796
-74.6787
-74.6781
-74.6778
-74.6779
-74.6786
-74.6807
-74.683
-74.6841
-74.6828
-74.6799
-74.6788
-74.6805
-74.6804
-74.6768
-74.6714
-74.6635
-74.6606
-74.6605
-74.6596
-74.66
-74.6601
-74.6579
-74.6533
-74.6489
-74.646
-74.6476
-74.6516
-74.6572
-74.6605
-74.6609
-74.6591
-74.659
-74.6592
-74.6606
-74.6607
-74.6577
-74.6537
-74.6493
-74.6455
-74.6436
-74.6435
-74.6438
-74.6431
-74.6434
-74.6399
-74.6335
-74.6262
-74.622
-74.6179
-74.62
-74.6253
-74.63
-74.6332
-74.6345
-74.6338
-74.6349
-74.6352
-74.6335
-74.6299
-74.6245
-74.6196
-74.616
-74.6145
-74.6141
-74.6127
-74.6137
-74.6141
-74.6149
-74.6141
-74.612
-74.6072
-74.6002
-74.5911
-74.5836
-74.579
-74.5789
-74.5803
-74.5847
-74.5902
-74.5956
-74.5986
-74.6016
-74.6046
-74.6058
-74.6052
-74.6024
-74.597
-74.5914
-74.5877
-74.5852
-74.5841
-74.5824
-74.5828
-74.585
-74.5886
-74.5911
-74.5892
-74.5869
-74.5814
-74.5724
-74.5635
-74.5554
-74.5447
-74.5341
-74.5296
-74.5302
-74.5337
-74.5374
-74.5453
-74.5527
-74.558
-74.5621
-74.5646
-74.5635
-74.5594
-74.5513
-74.5474
-74.5463
-74.5448
-74.5421
-74.5367
-74.5338
-74.5316
-74.5283
-74.5292
-74.5349
-74.54
-74.5418
-74.5441
-74.5411
-74.5335
-74.5241
-74.511
-74.5008
-74.4933
-74.4841
-74.4737
-74.467
-74.4632
-74.4606
-74.4675
-74.4784
-74.4878
-74.4911
-74.4908
-74.4918
-74.4952
-74.4982
-74.4969
-74.4933
-74.4907
-74.4902
-74.4897
-74.4899
-74.4912
-74.4929
-74.4922
-74.4872
-74.4826
-74.4833
-74.4848
-74.4846
-74.4863
-74.4866
-74.4845
-74.4778
-74.4683
-74.4574
-74.447
-74.4397
-74.4365
-74.435
-74.431
-74.4248
-74.4156
-74.4109
-74.4071
-74.4012
-74.3975
-74.4018
-74.4072
-74.4083
-74.4079
-74.4101
-74.4099
-74.4046
-74.4005
-74.3956
-74.3935
-74.3981
-74.4003
-74.4019
-74.4051
-74.4088
-74.4093
-74.4074
-74.4021
-74.3996
-74.4005
-74.4027
-74.404
-74.4054
-74.4128
-74.4198
-74.4214
-74.4197
-74.4114
-74.3986
-74.3848
-74.3733
-74.3628
-74.3515
-74.3384
-74.3264
-74.3132
-74.3009
-74.2868
-74.2762
-74.2719
-74.2705
-74.2705
-74.2751
-74.2822
-74.2888
-74.2951
-74.2991
-74.2971
-74.2881
-74.2819
-74.2828
-74.2841
-74.2811
-74.2763
-74.2688
-74.2583
-74.2427
-74.2265
-74.2226
-74.2307
-74.2417
-74.249
-74.2529
-74.2553
-74.2579
-74.2574
-74.2554
-74.2546
-74.2545
-74.2538
-74.2497
-74.2528
-74.2615
-74.265
-74.2658
-74.2665
-74.2675
-74.2768
-74.2842
-74.2831
-74.2756
-74.2697
-74.2685
-74.2706
-74.269
-74.2592
-74.2438
-74.2307
-74.2177
-74.2046
-74.1935
-74.1838
-74.1725
-74.159
-74.145
-74.1304
-74.1117
-74.0887
-74.0632
-74.0402
-74.0196
-73.9987
-73.9906
-74.0015
-74.0148
-74.0246
-74.0373
-74.0553
-74.0712
-74.0883
-74.1033
-74.108
-74.105
-74.0943
-74.0774
-74.0591
-74.0451
-74.0369
-74.0335
-74.0312
-74.0312
-74.0355
-74.0409
-74.043
-74.0433
-74.045
-74.0476
-74.0516
-74.0538
-74.0518
-74.0439
-74.0338
-74.0243
-74.0177
-74.0076
-73.9978
-73.993
-73.9962
-73.9956
-73.9922
-74.0004
-74.0128
-74.0274
-74.0443
-74.0531
-74.0571
-74.0558
-74.0499
-74.0412
-74.0294
-74.0182
-74.0075
-73.9972
-73.9864
-73.9749
-73.964
-73.9504
-73.9319
-73.9156
-73.9222
-73.9355
-73.9442
-73.9468
-73.9417
-73.9411
-73.9398
-73.9371
-73.9334
-73.925
-73.9222
-73.9266
-73.935
-73.941
-73.9417
-73.9341
-73.9194
-73.9041
-73.8985
-73.8906
-73.8764
-73.8599
-73.8434
-73.8234
-73.7998
-73.7752
-73.755
-73.7441
-73.7342
-73.7191
-73.6989
-73.675
-73.6486
-73.6215
-73.6012
-73.5905
-73.5833
-73.5711
-73.5547
-73.5413
-73.5318
-73.5208
-73.5049
-73.4845
-73.4612
-73.4423
-73.4248
-73.4044
-73.3821
-73.3669
-73.3717
-73.3842
-73.3952
-73.4016
-73.4042
-73.3989
-73.3867
-73.3695
-73.3488
-73.3296
-73.3212
-73.3162
-73.3213
-73.3415
-73.3593
-73.3652
-73.3609
-73.3493
-73.3364
-73.3438
-73.352
-73.3557
-73.3699
-73.3846
-73.389
-73.3839
-73.3719
-73.3551
-73.3349
-73.3124
-73.2882
-73.2627
-73.2363
-73.2091
-73.1832
-73.1659
-73.1493
-73.1316
-73.1207
-73.1089
-73.0929
-73.0735
-73.0515
-73.0278
-73.0029
-72.9772
-72.9561
-72.9435
-72.9297
-72.9126
-72.9015
-72.8991
-72.9017
-72.8991
-72.8901
-72.8761
-72.8587
-72.839
-72.8176
-72.7951
-72.7719
-72.748
-72.7238
-72.6994
-72.6847
-72.676
-72.6648
-72.6499
-72.6323
-72.6128
-72.592
-72.5703
-72.5481
-72.5256
-72.5028
-72.4799
-72.457
-72.4341
-72.4113
-72.3885
-72.3659
-72.3434
-72.3211
-72.299
-72.277
-72.2553
-72.2337
-72.2123
-72.1912
-72.1703
-72.1496
-72.1291
-72.1088
-72.0887
-72.0689
-72.0493
-72.0299
-72.0107
-71.9918
-71.973
-71.9545
-71.9362
-71.9181
-71.9002
-71.8825
-71.865
-71.8477
-71.8306
-71.8138
-71.7971
-71.7806
-71.7643
-71.7483
-71.7324
-71.7167
-71.7012
-71.6859
-71.6707
-71.6558
-71.641
-71.6264
-71.612
-71.5977
-71.5837
-71.5698
-71.5561
-71.5425
-71.5291
-71.5159
-71.5029
-71.49
-71.4772
-71.4646
-71.4522
-71.44
-71.4278
-71.4159
-71.4041
-71.3924
-71.3809
-71.3695
-71.3583
-71.3472
-71.3363
-71.3255
-71.3148
-71.3043
-71.2939
-71.2836
-71.2735
-71.2635
-71.2537
-71.244
-71.2344
-71.2249
-71.2155
-71.2063
-71.1972
-71.1882
-71.1793
-71.1706
-71.1619
-71.1534
-71.145
-71.1367
-71.1285
-71.1204
-71.1124
-71.1045
-71.0967
-71.0891
-71.0815
-71.0741
-71.0667
-71.0594
-71.0523
-71.0452
-71.0382
-71.0313
-71.0245
-71.0179
-71.0112
-71.0047
-70.9983
-70.992
-70.9857
-70.9796
-70.9735
-70.9675
-70.9616
-70.9557
-70.95
-70.9443
-70.9387
-70.9332
-70.9278
-70.9224
-70.9172
-70.9119
-70.9068
-70.9018
-70.8968
-70.8918
-70.887
-70.8822
-70.8775
-70.8729
-70.8683
-70.8638
-70.8593
-70.855
-70.8506
-70.8464
-70.8422
-70.8381
-70.834
-70.83
-70.826
-70.8222
-70.8183
-70.8145
-70.8108
-70.8072
-70.8036
-70.8
-70.7965
-70.7931
-70.7897
-70.7863
-70.783
-70.7798
-70.7766
-70.7734
-70.7704
-70.7673
-70.7643
-70.7614
-70.7585
-70.7556
-70.7528
-70.75
-70.7473
-70.7446
-70.742
-70.7394
-70.7368
-70.7343
-70.7318
-70.7294
-70.727
-70.7246
-70.7223
-70.72
-70.7178
-70.7156
-70.7134
-70.7113
-70.7092
-70.7071
-70.7051
-70.7031
-70.7012
-70.6993
-70.6974
-70.6955
-70.6937
-70.6919
-70.6901
-70.6884
-70.6867
-70.685
-70.6834
-70.6818
-70.6802
-70.6786
-70.6771
-70.6756
-70.6741
-70.6727
-70.6713
-70.6699
-70.6685
-70.6672
-70.6659
-70.6646
-70.6633
-70.6621
-70.6609
-70.6597
-70.6585
-70.6573
-70.6562
-70.6551
-70.654
-70.653
-70.6519
-70.6509
-70.6499
-70.649
-70.648
-70.6471
-70.6462
-70.6453
-70.6444
-70.6435
-70.6427
-70.6419
-70.6411
-70.6403
-70.6395
-70.6388
-70.638
-70.6373
-70.6366
-70.6359
-70.6353
-70.6346
-70.634
-70.6333
-70.6327
-70.6321
-70.6316
-70.631
-70.6305
-70.6299
-70.6294
-70.6289
-70.6284
-70.6279
-70.6275
-70.627
-70.6266
-70.6261
-70.6257
-70.6253
-70.6249
-70.6245
-70.6242
-70.6238
-70.6234
-70.6231
-70.6228
-70.6225
-70.6222
-70.6219
-70.6216
-70.6213
-70.621
-70.6208
-70.6205
-70.6203
-70.6201
-70.6198
-70.6196
-70.6194
-70.6192
-70.619
-70.6189
-70.6187
-70.6185
-70.6184
-70.6182
-70.6181
-70.618
-70.6178
-70.6177
-70.6176
-70.6175
-70.6174
-70.6173
-70.6173
-70.6172
-70.6171
-70.617
-70.617
-70.6169
-70.6169
-70.6169
-70.6168
-70.6168
-70.6168
-70.6168
-70.6167
-70.6167
-70.6167
-70.6167
-70.6167
-70.6168
-70.6168
-70.6168
-70.6168
-70.6169
-70.6169
-70.6169
-70.617
-70.617
-70.6171
-70.6171
-70.6172
-70.6173
-70.6173
-70.6174
-70.6175
-70.6175
-70.6176
-70.6177
-70.6178
-70.6179
-70.618
-70.6181
-70.6182
-70.6183
-70.6184
-70.6185
-70.6186
-70.6187
-70.6188
-70.619
-70.6191
-70.6192
-70.6193
-70.6195
-70.6196
-70.6197
-70.6199
-70.62
-70.6201
-70.6203
-70.6204
-70.6206
-70.6207
-70.6209
-70.621
-70.6212
-70.6213
-70.6215
-70.6216
-70.6218
-70.6219
-70.6221
-70.6223
-70.6224
-70.6226
-70.6228
-70.6229
-70.6231
-70.6233
-70.6234
-70.6236
-70.6238
-70.624
-70.6241
-70.6243
-70.6245
-70.6247
-70.6248
-70.625
-70.6252
-70.6254
-70.6256
-70.6257
-70.6259
-70.6261
-70.6263
-70.6265
-70.6266
-70.6268
-70.627
-70.6272
-70.6274
-70.6276
-70.6278
-70.6279
-70.6281
-70.6283
-70.6285
-70.6287
-70.6289
-70.6291
-70.6292
-70.6294
-70.6296
-70.6298
-70.63
-70.6302
-70.6304
-70.6306
-70.6307
-70.6309
-70.6311
-70.6313
-70.6315
-70.6317
-70.6319
-70.6321
-70.6322
-70.6324
-70.6326
-70.6328
-70.633
-70.6332
-70.6334
-70.6335
-70.6337
-70.6339
-70.6341
-70.6343
-70.6345
-70.6346
-70.6348
-70.635
-70.6352
-70.6354
-70.6355
-70.6357
-70.6359
-70.6361
-70.6363
-70.6364
-70.6366
-70.6368
-70.637
-70.6372
-70.6373
-70.6375
-70.6377
-70.6378
-70.638
-70.6382
-70.6384
-70.6385
-70.6387
-70.6389
-70.6391
-70.6392
-70.6394
-70.6396
-70.6397
-70.6399
-70.6401
-70.6402
-70.6404
-70.6406
-70.6407
-70.6409
-70.641
-70.6412
-70.6414
-70.6415
-70.6417
-70.6418
-70.642
-70.6422
-70.6423
-70.6425
-70.6426
-70.6428
-70.6429
-70.6431
-70.6432
-70.6434
-70.6436
-70.6437
-70.6439
-70.644
-70.6441
-70.6443
-70.6444
-70.6446
-70.6447
-70.6449
-70.645
-70.6452
-70.6453
-70.6455
-70.6456

