-70
-70.1661
-70.23
-70.2566
-70.2695
-70.2773
-70.283
-70.2879
-70.2925
-70.297
-70.3014
-70.3057
-70.31
-70.3142
-70.3185
-70.3226
-70.3268
-70.3309
-70.335
-70.3391
-70.3431
-70.3471
-70.351
-70.3549
-70.3588
-70.3626
-70.3664
-70.3701
-70.3738
-70.3775
-70.3811
-70.3847
-70.3883
-70.3918
-70.3953
-70.3987
-70.4021
-70.4055
-70.4088
-70.4121
-70.4154
-70.4186
-70.4218
-70.4249
-70.428
-70.4311
-70.4341
-70.4372
-70.4401
-70.4431
-70.446
-70.4489
-70.4517
-70.4545
-70.4573
-70.4601
-70.4628
-70.4655
-70.4682
-70.4708
-70.4734
-70.476
-70.4785
-70.481
-70.4835
-70.486
-70.4884
-70.4908
-70.4932
-70.4955
-70.4978
-70.5001
-70.5024
-70.5046
-70.5068
-70.509
-70.5112
-70.5133
-70.5154
-70.5175
-70.5196
-70.5216
-70.5236
-70.5256
-70.5276
-70.5295
-70.5315
-70.5334
-70.5352
-70.5371
-70.5389
-70.5407
-70.5425
-70.5443
-70.5461
-70.5478
-70.5495
-70.5512
-70.5528
-70.5545
-70.5561
-70.5577
-70.5593
-70.5609
-70.5624
-70.5639
-70.5655
-70.5669
-70.5684
-70.5699
-70.5713
-70.5727
-70.5741
-70.5755
-70.5769
-70.5782
-70.5796
-70.5809
-70.5822
-70.5835
-70.5848
-70.586
-70.5873
-70.5885
-70.5897
-70.5909
-70.5921
-70.5932
-70.5944
-70.5955
-70.5966
-70.5977
-70.5988
-70.5999
-70.601
-70.602
-70.603
-70.6041
-70.6051
-70.6061
-70.6071
-70.608
-70.609
-70.6099
-70.6109
-70.6118
-70.6127
-70.6136
-70.6145
-70.6154
-70.6162
-70.6171
-70.6179
-70.6187
-70.6196
-70.6204
-70.6212
-70.622
-70.6227
-70.6235
-70.6242
-70.625
-70.6257
-70.6265
-70.6272
-70.6279
-70.6286
-70.6293
-70.6299
-70.6306
-70.6313
-70.6319
-70.6325
-70.6332
-70.6338
-70.6344
-70.635
-70.6356
-70.6362
-70.6368
-70.6374
-70.6379
-70.6385
-70.639
-70.6396
-70.6401
-70.6406
-70.6411
-70.6417
-70.6422
-70.6427
-70.6431
-70.6436
-70.6441
-70.6446
-70.645
-70.6455
-70.6459
-70.6464
-70.6468
-70.6472
-70.6476
-70.6481
-70.6485
-70.6489
-70.6493
-70.6497
-70.65
-70.6504
-70.6508
-70.6512
-70.6515
-70.6519
-70.6522
-70.6526
-70.6529
-70.6533
-70.6536
-70.6539
-70.6542
-70.6545
-70.6549
-70.6552
-70.6555
-70.6558
-70.656
-70.6563
-70.6566
-70.6569
-70.6572
-70.6574
-70.6577
-70.658
-70.6582
-70.6585
-70.6587
-70.6589
-70.6592
-70.6594
-70.6597
-70.6599
-70.6601
-70.6603
-70.6605
-70.6607
-70.661
-70.6612
-70.6614
-70.6616
-70.6617
-70.6619
-70.6621
-70.6623
-70.6625
-70.6627
-70.6628
-70.663
-70.6632
-70.6633
-70.6635
-70.6637
-70.6638
-70.664
-70.6641
-70.6643
-70.6644
-70.6646
-70.6647
-70.6648
-70.665
-70.6651
-70.6652
-70.6653
-70.6655
-70.6656
-70.6657
-70.6658
-70.6659
-70.666
-70.6662
-70.6663
-70.6664
-70.6665
-70.6666
-70.6667
-70.6668
-70.6669
-70.667
-70.667
-70.6671
-70.6672
-70.6673
-70.6674
-70.6675
-70.6675
-70.6676
-70.6677
-70.6678
-70.6678
-70.6679
-70.668
-70.668
-70.6681
-70.6682
-70.6682
-70.6683
-70.6683
-70.6684
-70.6685
-70.6685
-70.6686
-70.6686
-70.6687
-70.6687
-70.6688
-70.6688
-70.6688
-70.6689
-70.6689
-70.669
-70.669
-70.669
-70.6691
-70.6691
-70.6691
-70.6692
-70.6692
-70.6692
-70.6693
-70.6693
-70.6693
-70.6694
-70.6694
-70.6694
-70.6694
-70.6694
-70.6695
-70.6695
-70.6695
-70.6695
-70.6695
-70.6696
-70.6696
-70.6696
-70.6696
-70.6696
-70.6696
-70.6696
-70.6697
-70.6697
-70.6697
-70.6697
-70.6697
-70.6697
-70.6697
-70.6697
-70.6697
-70.6697
-70.6697
-70.6697
-70.6697
-70.6697
-70.6697
-70.6697
-70.6697
-70.6697
-70.6697
-70.6697
-70.6697
-70.6697
-70.6697
-70.6697
-70.6697
-70.6697
-70.6697
-70.6697
-70.6697
-70.6697
-70.6697
-70.6697
-70.6697
-70.6697
-70.6697
-70.6696
-70.6696
-70.6696
-70.6696
-70.6696
-70.6696
-70.6696
-70.6696
-70.6696
-70.6695
-70.6695
-70.6695
-70.6695
-70.6695
-70.6695
-70.6695
-70.6695
-70.6694
-70.6694
-70.6694
-70.6694
-70.6694
-70.6694
-70.6693
-70.6693
-70.6693
-70.6693
-70.6693
-70.6693
-70.6693
-70.6692
-70.6692
-70.6692
-70.6692
-70.6692
-70.6691
-70.6691
-70.6691
-70.6691
-70.6691
-70.6691
-70.669
-70.669
-70.669
-70.669
-70.669
-70.6689
-70.6689
-70.6689
-70.6689
-70.6689
-70.6688
-70.6688
-70.6688
-70.6688
-70.6688
-70.6687
-70.6687
-70.6687
-70.6687
-70.6686
-70.6686
-70.6686
-70.6686
-70.6686
-70.6685
-70.6685
-70.6685
-70.6685
-70.6685
-70.6684
-70.6684
-70.6684
-70.6684
-70.6684
-70.6683
-70.6683
-70.6683
-70.6683
-70.6682
-70.6682
-70.6682
-70.6682
-70.6682
-70.6681
-70.6681
-70.6681
-70.6681
-70.6681
-70.6757
-71.0553
-71.9872
-72.9124
-73.6008
-74.0253
-56.1771
-51.7674
-49.7093
-47.4127
-39.8147
-0.0853827
-32.4475
-64.9762
-68.8628
-67.8989
-66.8364
-65.7486
-64.6538
-63.57
-62.5144
-61.5026
-60.5477
-59.6564
-58.8069
-58.0296
-57.3383
-56.7302
-56.2001
-55.74
-55.3426
-54.999
-54.7052
-54.4578
-54.2532
-54.085
-53.9464
-53.8312
-53.7357
-53.6584
-53.5964
-53.5478
-53.51
-53.4808
-53.4574
-53.4376
-53.4219
-53.4098
-53.4011
-53.3951
-53.3912
-53.3889
-53.3878
-53.3863
-53.3834
-53.3816
-53.3805
-53.3803
-53.381
-53.3822
-53.3837
-53.3855
-53.3875
-53.3897
-53.3917
-53.3895
-53.3879
-53.3874
-53.3872
-53.3877
-53.3888
-53.3901
-53.3916
-53.3931
-53.3947
-53.3964
-53.398
-53.3997
-53.4012
-53.4026
-53.4038
-53.403
-53.3987
-53.3943
-53.3922
-53.3908
-53.3896
-53.3883
-53.3862
-53.3815
-53.3608
-53.2332
-53.2054
-53.2333
-53.2655
-53.291
-53.309
-53.3211
-53.3293
-53.3354
-53.3406
-53.3456
-53.3512
-53.3579
-53.3663
-53.3772
-53.3913
-53.4071
-53.4173
-53.4239
-53.4246
-53.4219
-53.4203
-53.4208
-53.4203
-53.4198
-53.4206
-53.4226
-53.4255
-53.4291
-53.4333
-53.4382
-53.4437
-53.4499
-53.4567
-53.4642
-53.4725
-53.4816
-53.4916
-53.5025
-53.5145
-53.5275
-53.5418
-53.5574
-53.5745
-53.5931
-53.6134
-53.6356
-53.6597
-53.6861
-53.7149
-53.7464
-53.7023
-53.5388
-53.4743
-53.4563
-53.4537
-53.4333
-53.4217
-53.4106
-53.4079
-53.4105
-53.4124
-53.4115
-53.4129
-53.4159
-53.4199
-53.4244
-53.4292
-53.4343
-53.4397
-53.4452
-53.4511
-53.4574
-53.4644
-53.4719
-53.4799
-53.4884
-53.4976
-53.5075
-53.5182
-53.5299
-53.5434
-53.558
-53.574
-53.5917
-53.6105
-53.6308
-53.6526
-53.6762
-53.7019
-53.7299
-53.7612
-53.7963
-53.8123
-53.5498
-53.4459
-53.4183
-53.4169
-53.4245
-53.4351
-53.4251
-53.4145
-53.4121
-53.4058
-53.4041
-53.406
-53.4097
-53.4115
-53.4101
-53.4104
-53.4122
-53.4148
-53.418
-53.4216
-53.4255
-53.4296
-53.4342
-53.439
-53.4441
-53.4494
-53.4551
-53.4612
-53.4678
-53.475
-53.4834
-53.4925
-53.5022
-53.5131
-53.5254
-53.5384
-53.5523
-53.5673
-53.5835
-53.6011
-53.6202
-53.6421
-53.6671
-53.6936
-53.7221
-53.755
-53.7915
-53.8302
-53.8713
-53.9153
-53.9218
-53.5301
-53.4045
-53.3779
-53.3807
-53.3918
-53.4048
-53.4184
-53.4317
-53.4444
-53.4466
-53.425
-53.4156
-53.4144
-53.4165
-53.4113
-53.4085
-53.4089
-53.411
-53.4141
-53.418
-53.4157
-53.4133
-53.413
-53.4142
-53.4163
-53.4188
-53.4216
-53.4249
-53.4284
-53.432
-53.4358
-53.4401
-53.445
-53.4501
-53.4552
-53.4605
-53.4661
-53.4727
-53.4798
-53.4868
-53.4939
-53.4662
-53.4319
-53.4184
-53.4147
-53.4149
-53.4164
-53.4181
-53.4203
-53.4224
-53.4237
-53.424
-53.4228
-53.4189
-53.4034
-53.3921
-53.3817
-53.3633
-53.2933
-53.144
-53.1859
-53.2472
-53.2905
-53.3174
-53.3335
-53.3434
-53.3505
-53.3556
-53.3614
-53.3754
-53.3954
-53.4164
-53.4338
-53.4497
-53.465
-53.481
-53.5018
-53.5315
-53.5696
-53.6105
-53.6484
-53.683
-53.7161
-53.75
-53.7864
-53.8263
-53.8725
-53.9267
-53.9879
-54.0554
-54.1275
-54.2036
-54.284
-54.3697
-54.4621
-54.5628
-54.6739
-54.7986
-54.937
-55.0908
-55.2575
-55.4333
-55.6199
-55.8168
-56.0258
-56.2486
-56.4879
-56.7508
-57.0383
-57.3515
-57.6903
-58.0424
-58.4043
-58.7777
-59.162
-59.558
-59.9659
-60.3963
-60.8555
-61.345
-61.8558
-62.3799
-62.9015
-63.4141
-63.9186
-64.4162
-64.9054
-65.3875
-65.8764
-66.3699
-66.8734
-67.3758
-67.8632
-68.3294
-68.7643
-69.1734
-69.5567
-69.9171
-70.2571
-70.5852
-70.9026
-71.2128
-71.5127
-71.794
-72.052
-72.2875
-72.4989
-72.6898
-72.8623
-73.0202
-73.169
-73.3099
-73.4437
-73.5735
-73.6948
-73.8051
-73.9028
-73.9897
-74.0647
-74.1308
-74.1891
-74.2422
-74.2928
-74.3402
-74.3869
-74.4316
-74.4732
-74.5109
-74.5425
-74.5694
-74.592
-74.6109
-74.6271
-74.6424
-74.6573
-74.6711
-74.6869
-74.7021
-74.7161
-74.7297
-74.7405
-74.7477
-74.7527
-74.7562
-74.7587
-74.7615
-74.7643
-74.767
-74.7708
-74.7763
-74.7811
-74.7867
-74.7917
-74.7947
-74.7952
-74.7943
-74.7927
-74.7909
-74.7909
-74.791
-74.7908
-74.7921
-74.7947
-74.7959
-74.7988
-74.8014
-74.8025
-74.8009
-74.7983
-74.7951
-74.7917
-74.7894
-74.7893
-74.7881
-74.7878
-74.789
-74.7912
-74.7923
-74.7946
-74.796
-74.7954
-74.7933
-74.7907
-74.788
-74.7841
-74.7824
-74.7817
-74.7804
-74.7802
-74.7809
-74.7822
-74.7832
-74.7849
-74.7861
-74.7857
-74.7831
-74.7805
-74.7773
-74.7736
-74.7717
-74.77
-74.7679
-74.768
-74.7687
-74.7692
-74.7709
-74.7724
-74.7738
-74.7758
-74.7761
-74.7738
-74.7703
-74.7655
-74.7636
-74.7634
-74.7616
-74.758
-74.7553
-74.7549
-74.7557
-74.7557
-74.7575
-74.7597
-74.7623
-74.7642
-74.7644
-74.7613
-74.7554
-74.751
-74.7503
-74.7511
-74.7501
-74.7472
-74.7438
-74.7409
-74.7405
-74.7406
-74.7419
-74.7447
-74.7478
-74.7506
-74.7529
-74.753
-74.749
-74.7437
-74.7412
-74.7396
-74.7383
-74.7367
-74.7336
-74.7308
-74.7266
-74.7237
-74.7225
-74.7252
-74.7287
-74.7309
-74.7323
-74.7344
-74.7363
-74.7363
-74.7346
-74.732
-74.7308
-74.7288
-74.7256
-74.7231
-74.7198
-74.7157
-74.7107
-74.7074
-74.7073
-74.7063
-74.708
-74.7122
-74.7154
-74.7164
-74.7172
-74.7193
-74.7212
-74.7214
-74.7207
-74.7186
-74.7171
-74.7134
-74.7077
-74.7038
-74.6999
-74.695
-74.6922
-74.6913
-74.6892
-74.6856
-74.6855
-74.6884
-74.6929
-74.6951
-74.6969
-74.6998
-74.7017
-74.7036
-74.7056
-74.7063
-74.7036
-74.6986
-74.6943
-74.6905
-74.685
-74.6808
-74.6772
-74.6734
-74.6723
-74.67
-74.665
-74.6619
-74.6637
-74.6646
-74.6664
-74.6721
-74.6773
-74.6803
-74.683
-74.6844
-74.6857
-74.6856
-74.6831
-74.679
-74.6744
-74.6728
-74.6697
-74.6641
-74.6573
-74.6529
-74.6524
-74.6486
-74.6427
-74.6392
-74.636
-74.6376
-74.6407
-74.6433
-74.6465
-74.6493
-74.6498
-74.6534
-74.6571
-74.6604
-74.662
-74.6595
-74.6574
-74.6572
-74.6523
-74.6463
-74.6441
-74.6429
-74.6374
-74.6291
-74.6224
-74.6198
-74.6191
-74.6159
-74.6111
-74.6063
-74.6058
-74.6132
-74.6177
-74.6195
-74.618
-74.6157
-74.6164
-74.6181
-74.6191
-74.6233
-74.6299
-74.632
-74.6302
-74.6253
-74.6194
-74.6182
-74.6178
-74.6155
-74.61
-74.6014
-74.5917
-74.5859
-74.5862
-74.5845
-74.5808
-74.5779
-74.5772
-74.5787
-74.5777
-74.5763
-74.579
-74.5818
-74.5817
-74.5811
-74.5811
-74.5821
-74.5839
-74.5852
-74.5908
-74.597
-74.5972
-74.5935
-74.5914
-74.5889
-74.5828
-74.5752
-74.5688
-74.5635
-74.5578
-74.5505
-74.543
-74.5379
-74.5351
-74.5371
-74.5395
-74.5403
-74.5376
-74.5327
-74.5277
-74.5252
-74.5244
-74.5232
-74.5222
-74.527
-74.5297
-74.5295
-74.5322
-74.5394
-74.542
-74.5396
-74.5397
-74.5439
-74.5472
-74.5467
-74.5451
-74.5403
-74.5353
-74.5332
-74.5309
-74.524
-74.5152
-74.5047
-74.4909
-74.4797
-74.4732
-74.471
-74.4679
-74.4669
-74.4671
-74.4692
-74.4726
-74.471
-74.4688
-74.4702
-74.4693
-74.4635
-74.4551
-74.4455
-74.435
-74.4292
-74.4315
-74.4382
-74.4517
-74.4671
-74.4759
-74.4821
-74.4854
-74.4859
-74.4848
-74.4834
-74.4858
-74.4884
-74.4886
-74.4839
-74.4794
-74.4763
-74.474
-74.4706
-74.4631
-74.4524
-74.4418
-74.4317
-74.4231
-74.4154
-74.4071
-74.3954
-74.3838
-74.3758
-74.3739
-74.3731
-74.3755
-74.3785
-74.3772
-74.378
-74.3791
-74.3801
-74.3771
-74.372
-74.3671
-74.3595
-74.3499
-74.3354
-74.3217
-74.3154
-74.3102
-74.3069
-74.3112
-74.3179
-74.3209
-74.3207
-74.3229
-74.3286
-74.3421
-74.3542
-74.3652
-74.3788
-74.3886
-74.3882
-74.3866
-74.3867
-74.3872
-74.3854
-74.3793
-74.371
-74.3686
-74.3648
-74.3582
-74.3502
-74.3469
-74.346
-74.3435
-74.3439
-74.3378
-74.3241
-74.3073
-74.2962
-74.2889
-74.2831
-74.2743
-74.2637
-74.248
-74.2333
-74.2271
-74.2175
-74.2084
-74.2035
-74.2018
-74.1985
-74.1919
-74.1898
-74.1895
-74.1887
-74.1965
-74.206
-74.2129
-74.2135
-74.2053
-74.1925
-74.1836
-74.1749
-74.1644
-74.1491
-74.1287
-74.1046
-74.0795
-74.0569
-74.0465
-74.0514
-74.0608
-74.0736
-74.0958
-74.1168
-74.1318
-74.1346
-74.1359
-74.1412
-74.1446
-74.148
-74.1507
-74.158
-74.1714
-74.1826
-74.1874
-74.1882
-74.1831
-74.1829
-74.1902
-74.1951
-74.1949
-74.1909
-74.183
-74.1733
-74.1697
-74.1665
-74.1588
-74.1474
-74.1373
-74.1245
-74.1077
-74.094
-74.0936
-74.093
-74.0898
-74.0883
-74.0887
-74.0832
-74.0786
-74.0744
-74.0695
-74.0705
-74.0719
-74.0717
-74.0689
-74.0684
-74.0703
-74.0654
-74.055
-74.0415
-74.0231
-74.0016
-73.9816
-73.9652
-73.9552
-73.9485
-73.9468
-73.9453
-73.9415
-73.9347
-73.9288
-73.9278
-73.9294
-73.9339
-73.9353
-73.9291
-73.9154
-73.8968
-73.8831
-73.8745
-73.8639
-73.8496
-73.8356
-73.8227
-73.8078
-73.7883
-73.7661
-73.749
-73.7374
-73.728
-73.7142
-73.6952
-73.6722
-73.6464
-73.6203
-73.6068
-73.6103
-73.6321
-73.6478
-73.6543
-73.655
-73.6521
-73.6478
-73.6537
-73.6637
-73.674
-73.6831
-73.6912
-73.6932
-73.6865
-73.6728
-73.6576
-73.6504
-73.6448
-73.6388
-73.6318
-73.6233
-73.6112
-73.6006
-73.5865
-73.5678
-73.5456
-73.5208
-73.4942
-73.4662
-73.4447
-73.4351
-73.4235
-73.4107
-73.4042
-73.4029
-73.412
-73.4245
-73.4298
-73.4278
-73.4301
-73.4372
-73.4541
-73.4703
-73.4823
-73.4869
-73.4823
-73.4706
-73.4538
-73.44
-73.4275
-73.4114
-73.3917
-73.3691
-73.3507
-73.3554
-73.3696
-73.3751
-73.3764
-73.3751
-73.3675
-73.3621
-73.3545
-73.3417
-73.3242
-73.3035
-73.2804
-73.2557
-73.2298
-73.2029
-73.1755
-73.1475
-73.1193
-73.0908
-73.0622
-73.0335
-73.0047
-72.976
-72.9474
-72.9189
-72.8905
-72.8623
-72.8342
-72.8064
-72.7787
-72.7546
-72.7422
-72.7306
-72.7156
-72.6976
-72.6774
-72.6558
-72.6332
-72.6101
-72.5866
-72.5628
-72.539
-72.5152
-72.4914
-72.4676
-72.444
-72.4205
-72.3972
-72.3741
-72.3511
-72.3284
-72.3059
-72.2864
-72.2818
-72.279
-72.2723
-72.2738
-72.28
-72.2809
-72.276
-72.2667
-72.2543
-72.2399
-72.224
-72.2072
-72.1897
-72.1717
-72.1534
-72.1349
-72.1162
-72.0975
-72.0787
-72.06
-72.0414
-72.0228
-72.0044
-71.9861
-71.9679
-71.95
-71.9461
-71.951
-71.9524
-71.9488
-71.9413
-71.9312
-71.9192
-71.906
-71.8919
-71.8774
-71.8624
-71.8472
-71.8319
-71.8164
-71.801
-71.7855
-71.7701
-71.7548
-71.7395
-71.7244
-71.7093
-71.6944
-71.6796
-71.665
-71.6505
-71.6361
-71.6219
-71.6079
-71.594
-71.5802
-71.5666
-71.5532
-71.5399
-71.5268
-71.5138
-71.501
-71.4883
-71.4758
-71.4634
-71.4512
-71.4391
-71.4272
-71.4154
-71.4037
-71.3923
-71.3809
-71.3697
-71.3586
-71.3477
-71.3369
-71.3262
-71.3157
-71.3053
-71.2951
-71.285
-71.275
-71.2651
-71.2554
-71.2458
-71.2363
-71.2269
-71.2177
-71.2086
-71.1996
-71.1907
-71.1819
-71.1732
-71.1647
-71.1563
-71.1479
-71.1397
-71.1316
-71.1236
-71.1157
-71.1079
-71.1002
-71.0926
-71.0852
-71.0778
-71.0705
-71.0633
-71.0562
-71.0492
-71.0423
-71.0355
-71.0287
-71.0221
-71.0155
-71.0091
-71.0027
-70.9964
-70.9902
-70.9841
-70.9781
-70.9722
-70.9663
-70.9605
-70.9548
-70.9492
-70.9436
-70.9382
-70.9328
-70.9274
-70.9222
-70.917
-70.9119
-70.9069
-70.9019
-70.897
-70.8922
-70.8875
-70.8828
-70.8782
-70.8736
-70.8691
-70.8647
-70.8604
-70.8561
-70.8518
-70.8477
-70.8435
-70.8395
-70.8355
-70.8316
-70.8277
-70.8239
-70.8201
-70.8164
-70.8127
-70.8091
-70.8056
-70.8021
-70.7987
-70.7953
-70.7919
-70.7887
-70.7854
-70.7822
-70.7791
-70.776
-70.773
-70.77
-70.767
-70.7641
-70.7612
-70.7584
-70.7557
-70.7529
-70.7502
-70.7476
-70.745
-70.7424
-70.7399
-70.7374
-70.735
-70.7326
-70.7302
-70.7279
-70.7256
-70.7234
-70.7212
-70.719
-70.7168
-70.7147
-70.7127
-70.7106
-70.7086
-70.7067
-70.7047
-70.7028
-70.701
-70.6991
-70.6973
-70.6955
-70.6938
-70.6921
-70.6904
-70.6887
-70.6871
-70.6855
-70.684
-70.6824
-70.6809
-70.6794
-70.6779
-70.6765
-70.6751
-70.6737
-70.6724
-70.671
-70.6697
-70.6684
-70.6672
-70.666
-70.6647
-70.6636
-70.6624
-70.6612
-70.6601
-70.659
-70.6579
-70.6569
-70.6559
-70.6548
-70.6538
-70.6529
-70.6519
-70.651
-70.6501
-70.6492
-70.6483
-70.6474
-70.6466
-70.6458
-70.645
-70.6442
-70.6434
-70.6426
-70.6419
-70.6412
-70.6405
-70.6398
-70.6391
-70.6384
-70.6378
-70.6372
-70.6366
-70.636
-70.6354
-70.6348
-70.6342
-70.6337
-70.6332
-70.6327
-70.6322
-70.6317
-70.6312
-70.6307
-70.6303
-70.6298
-70.6294
-70.629
-70.6286
-70.6282
-70.6278
-70.6274
-70.6271
-70.6267
-70.6264
-70.6261
-70.6257
-70.6254
-70.6251
-70.6248
-70.6246
-70.6243
-70.624
-70.6238
-70.6235
-70.6233
-70.6231
-70.6229
-70.6227
-70.6225
-70.6223
-70.6221
-70.6219
-70.6217
-70.6216
-70.6214
-70.6213
-70.6212
-70.621
-70.6209
-70.6208
-70.6207
-70.6206
-70.6205
-70.6204
-70.6203
-70.6202
-70.6201
-70.6201
-70.62
-70.62
-70.6199
-70.6199
-70.6198
-70.6198
-70.6198
-70.6198
-70.6197
-70.6197
-70.6197
-70.6197
-70.6197
-70.6197
-70.6197
-70.6198
-70.6198
-70.6198
-70.6198
-70.6199
-70.6199
-70.6199
-70.62
-70.62
-70.6201
-70.6201
-70.6202
-70.6203
-70.6203
-70.6204
-70.6205
-70.6205
-70.6206
-70.6207
-70.6208
-70.6209
-70.621
-70.6211
-70.6212
-70.6213
-70.6214
-70.6215
-70.6216
-70.6217
-70.6218
-70.6219
-70.622
-70.6221
-70.6223
-70.6224
-70.6225
-70.6226
-70.6228
-70.6229
-70.623
-70.6232
-70.6233
-70.6234
-70.6236
-70.6237
-70.6239
-70.624
-70.6241
-70.6243
-70.6244
-70.6246
-70.6247
-70.6249
-70.625
-70.6252
-70.6253
-70.6255
-70.6257
-70.6258
-70.626
-70.6261
-70.6263
-70.6265
-70.6266
-70.6268
-70.627
-70.6271
-70.6273
-70.6275
-70.6276
-70.6278
-70.628
-70.6281
-70.6283
-70.6285
-70.6286
-70.6288
-70.629
-70.6292
-70.6293
-70.6295
-70.6297
-70.6298
-70.63
-70.6302
-70.6304
-70.6305
-70.6307
-70.6309
-70.6311
-70.6312
-70.6314
-70.6316
-70.6318
-70.6319
-70.6321
-70.6323
-70.6325
-70.6327
-70.6328
-70.633
-70.6332
-70.6334
-70.6335
-70.6337
-70.6339
-70.6341
-70.6342
-70.6344
-70.6346
-70.6348
-70.6349
-70.6351
-70.6353
-70.6354
-70.6356
-70.6358
-70.636
-70.6361
-70.6363
-70.6365
-70.6366
-70.6368
-70.637
-70.6372
-70.6373
-70.6375
-70.6377
-70.6378
-70.638
-70.6382
-70.6383
-70.6385
-70.6387
-70.6388
-70.639
-70.6392
-70.6393
-70.6395
-70.6396
-70.6398
-70.64
-70.6401
-70.6403
-70.6405
-70.6406
-70.6408
-70.6409
-70.6411
-70.6412
-70.6414
-70.6416
-70.6417
-70.6419
-70.642
-70.6422
-70.6423
-70.6425
-70.6426
-70.6428
-70.6429
-70.6431
-70.6432
-70.6434

