-70
-70.1661
-70.23
-70.2566
-70.2695
-70.2773
-70.283
-70.2879
-70.2925
-70.297
-70.3014
-70.3057
-70.31
-70.3142
-70.3185
-70.3226
-70.3268
-70.3309
-70.335
-70.3391
-70.3431
-70.3471
-70.351
-70.3549
-70.3588
-70.3626
-70.3664
-70.3701
-70.3738
-70.3775
-70.3811
-70.3847
-70.3883
-70.3918
-70.3953
-70.3987
-70.4021
-70.4055
-70.4088
-70.4121
-70.4154
-70.4186
-70.4218
-70.4249
-70.428
-70.4311
-70.4341
-70.4372
-70.4401
-70.4431
-70.446
-70.4489
-70.4517
-70.4545
-70.4573
-70.4601
-70.4628
-70.4655
-70.4682
-70.4708
-70.4734
-70.476
-70.4785
-70.481
-70.4835
-70.486
-70.4884
-70.4908
-70.4932
-70.4955
-70.4978
-70.5001
-70.5024
-70.5046
-70.5068
-70.509
-70.5112
-70.5133
-70.5154
-70.5175
-70.5196
-70.5216
-70.5236
-70.5256
-70.5276
-70.5295
-70.5315
-70.5334
-70.5352
-70.5371
-70.5389
-70.5407
-70.5425
-70.5443
-70.5461
-70.5478
-70.5495
-70.5512
-70.5528
-70.5545
-70.5561
-70.5577
-70.5593
-70.5609
-70.5624
-70.5639
-70.5655
-70.5669
-70.5684
-70.5699
-70.5713
-70.5727
-70.5741
-70.5755
-70.5769
-70.5782
-70.5796
-70.5809
-70.5822
-70.5835
-70.5848
-70.586
-70.5873
-70.5885
-70.5897
-70.5909
-70.5921
-70.5932
-70.5944
-70.5955
-70.5966
-70.5977
-70.5988
-70.5999
-70.601
-70.602
-70.603
-70.6041
-70.6051
-70.6061
-70.6071
-70.608
-70.609
-70.6099
-70.6109
-70.6118
-70.6127
-70.6136
-70.6145
-70.6154
-70.6162
-70.6171
-70.6179
-70.6187
-70.6196
-70.6204
-70.6212
-70.622
-70.6227
-70.6235
-70.6242
-70.625
-70.6257
-70.6265
-70.6272
-70.6279
-70.6286
-70.6293
-70.6299
-70.6306
-70.6313
-70.6319
-70.6325
-70.6332
-70.6338
-70.6344
-70.635
-70.6356
-70.6362
-70.6368
-70.6374
-70.6379
-70.6385
-70.639
-70.6396
-70.6401
-70.6406
-70.6411
-70.6417
-70.6422
-70.6427
-70.6431
-70.6436
-70.6441
-70.6446
-70.645
-70.6455
-70.6459
-70.6464
-70.6468
-70.6472
-70.6476
-70.6481
-70.6485
-70.6489
-70.6493
-70.6497
-70.65
-70.6504
-70.6508
-70.6512
-70.6515
-70.6519
-70.6522
-70.6526
-70.6529
-70.6533
-70.6536
-70.6539
-70.6542
-70.6545
-70.6549
-70.6552
-70.6555
-70.6558
-70.656
-70.6563
-70.6566
-70.6569
-70.6572
-70.6574
-70.6577
-70.658
-70.6582
-70.6585
-70.6587
-70.6589
-70.6592
-70.6594
-70.6597
-70.6599
-70.6601
-70.6603
-70.6605
-70.6607
-70.661
-70.6612
-70.6614
-70.6616
-70.6617
-70.6619
-70.6621
-70.6623
-70.6625
-70.6627
-70.6628
-70.663
-70.6632
-70.6633
-70.6635
-70.6637
-70.6638
-70.664
-70.6641
-70.6643
-70.6644
-70.6646
-70.6647
-70.6648
-70.665
-70.6651
-70.6652
-70.6653
-70.6655
-70.6656
-70.6657
-70.6658
-70.6659
-70.666
-70.6662
-70.6663
-70.6664
-70.6665
-70.6666
-70.6667
-70.6668
-70.6669
-70.667
-70.667
-70.6671
-70.6672
-70.6673
-70.6674
-70.6675
-70.6675
-70.6676
-70.6677
-70.6678
-70.6678
-70.6679
-70.668
-70.668
-70.6681
-70.6682
-70.6682
-70.6683
-70.6683
-70.6684
-70.6685
-70.6685
-70.6686
-70.6686
-70.6687
-70.6687
-70.6688
-70.6688
-70.6688
-70.6689
-70.6689
-70.669
-70.669
-70.669
-70.6691
-70.6691
-70.6691
-70.6692
-70.6692
-70.6692
-70.6693
-70.6693
-70.6693
-70.6694
-70.6694
-70.6694
-70.6694
-70.6694
-70.6695
-70.6695
-70.6695
-70.6695
-70.6695
-70.6696
-70.6696
-70.6696
-70.6696
-70.6696
-70.6696
-70.6696
-70.6697
-70.6697
-70.6697
-70.6697
-70.6697
-70.6697
-70.6697
-70.6697
-70.6697
-70.6697
-70.6697
-70.6697
-70.6697
-70.6697
-70.6697
-70.6697
-70.6697
-70.6697
-70.6697
-70.6697
-70.6697
-70.6697
-70.6697
-70.6697
-70.6697
-70.6697
-70.6697
-70.6697
-70.6697
-70.6697
-70.6697
-70.6697
-70.6697
-70.6697
-70.6697
-70.6696
-70.6696
-70.6696
-70.6696
-70.6696
-70.6696
-70.6696
-70.6696
-70.6696
-70.6695
-70.6695
-70.6695
-70.6695
-70.6695
-70.6695
-70.6695
-70.6695
-70.6694
-70.6694
-70.6694
-70.6694
-70.6694
-70.6694
-70.6693
-70.6693
-70.6693
-70.6693
-70.6693
-70.6693
-70.6693
-70.6692
-70.6692
-70.6692
-70.6692
-70.6692
-70.6691
-70.6691
-70.6691
-70.6691
-70.6691
-70.6691
-70.669
-70.669
-70.669
-70.669
-70.669
-70.6689
-70.6689
-70.6689
-70.6689
-70.6689
-70.6688
-70.6688
-70.6688
-70.6688
-70.6688
-70.6687
-70.6687
-70.6687
-70.6687
-70.6686
-70.6686
-70.6686
-70.6686
-70.6686
-70.6685
-70.6685
-70.6685
-70.6685
-70.6685
-70.6684
-70.6684
-70.6684
-70.6684
-70.6684
-70.6683
-70.6683
-70.6683
-70.6683
-70.6682
-70.6682
-70.6682
-70.6682
-70.6682
-70.6681
-70.6681
-70.6681
-70.6681
-70.6681
-70.6787
-70.9999
-71.8402
-72.7245
-61.7304
-53.2601
-50.7754
-49.0541
-46.622
-35.0738
-9.14515
-36.9112
-67.2679
-68.6495
-67.6617
-66.6101
-65.5415
-64.4744
-63.4265
-62.4143
-61.4533
-60.5572
-59.7348
-58.7181
-57.88
-57.1986
-56.6168
-56.1161
-55.6859
-55.3071
-54.9538
-54.6651
-54.4319
-54.2435
-54.0916
-53.9687
-53.8492
-53.7504
-53.676
-53.6202
-53.5788
-53.5484
-53.5266
-53.5007
-53.472
-53.4533
-53.4426
-53.4371
-53.4351
-53.4356
-53.4381
-53.4419
-53.4312
-53.4188
-53.4134
-53.4126
-53.4146
-53.4183
-53.4229
-53.4282
-53.434
-53.4403
-53.447
-53.4467
-53.4276
-53.4174
-53.4142
-53.4149
-53.4175
-53.4212
-53.4254
-53.43
-53.4349
-53.44
-53.4452
-53.4506
-53.4562
-53.4617
-53.4665
-53.4706
-53.4687
-53.4304
-53.4102
-53.4021
-53.3988
-53.3966
-53.3937
-53.3881
-53.3764
-53.3468
-53.1713
-52.5703
-52.5324
-52.6752
-52.8232
-52.9377
-53.0175
-53.0711
-53.1078
-53.1353
-53.159
-53.183
-53.21
-53.2429
-53.2847
-53.3388
-53.4076
-53.4915
-53.5204
-53.4936
-53.4817
-53.4784
-53.4803
-53.4861
-53.4947
-53.5056
-53.5188
-53.5341
-53.5517
-53.5716
-53.5939
-53.6188
-53.6464
-53.6768
-53.7104
-53.7474
-53.7882
-53.8329
-53.8817
-53.9351
-53.9933
-54.0566
-54.1254
-54.2
-54.2808
-54.368
-54.4621
-54.5638
-54.6736
-54.7918
-54.9191
-55.0564
-55.204
-55.3624
-55.5313
-54.1724
-53.3976
-53.229
-53.2242
-53.2623
-53.3083
-53.3527
-53.3932
-53.4299
-53.4634
-53.4945
-53.5239
-53.5522
-53.58
-53.6078
-53.636
-53.6654
-53.6973
-53.7309
-53.7663
-53.8038
-53.8438
-53.8866
-53.9327
-53.9823
-54.0358
-54.0934
-54.159
-54.2341
-54.3132
-54.3957
-54.4829
-54.5757
-54.6745
-54.78
-54.8965
-55.0284
-55.1687
-55.3267
-55.4932
-55.6632
-55.8381
-56.0196
-56.2089
-54.2294
-53.2546
-53.0675
-53.0783
-53.1364
-53.2002
-53.2579
-53.308
-53.3511
-53.3886
-53.4218
-53.4516
-53.4793
-53.5059
-53.5315
-53.5571
-53.5844
-53.6119
-53.6396
-53.6681
-53.6978
-53.7292
-53.7628
-53.7999
-53.8414
-53.8855
-53.9332
-53.9891
-54.0505
-54.1144
-54.1812
-54.2517
-54.3264
-54.4059
-54.4935
-54.5922
-54.6963
-54.8052
-54.9279
-55.0679
-55.2163
-55.3674
-55.5217
-55.6808
-55.8459
-56.018
-56.2113
-56.416
-56.6229
-56.8355
-57.0693
-57.32
-57.5823
-57.8391
-55.2331
-53.1988
-52.8035
-52.7985
-52.8901
-52.9948
-53.0893
-53.1692
-53.2357
-53.2915
-53.3393
-53.3806
-53.4168
-53.4492
-53.4788
-53.5068
-53.5349
-53.5628
-53.5905
-53.6184
-53.6483
-53.6806
-53.7149
-53.7531
-53.7935
-53.8358
-53.8813
-53.9331
-53.9885
-54.0469
-54.1103
-54.1823
-54.2608
-54.3474
-54.4378
-54.5323
-54.6318
-54.7381
-54.8594
-54.9896
-55.1251
-55.2682
-55.4294
-55.6077
-55.7964
-55.9868
-55.1096
-53.4539
-53.1012
-53.0687
-53.1155
-53.1762
-53.233
-53.2827
-53.3259
-53.3649
-53.3996
-53.4301
-53.4577
-53.4834
-53.5098
-53.5394
-53.5791
-53.6267
-53.6747
-53.723
-53.771
-53.8191
-53.8696
-53.9277
-54.0081
-54.1284
-54.2708
-54.4207
-54.561
-54.691
-54.818
-54.9482
-55.0857
-55.2391
-55.4296
-55.6658
-55.9281
-56.202
-56.4734
-56.7411
-57.0141
-57.2977
-57.5984
-57.9292
-58.2909
-58.6898
-59.1203
-59.5733
-60.0275
-60.4742
-60.9219
-61.3757
-61.8352
-62.3095
-62.8027
-63.3208
-63.8607
-64.4127
-64.9607
-65.4822
-65.9751
-66.4498
-66.9065
-67.3518
-67.7912
-68.2298
-68.6736
-69.1157
-69.5438
-69.9455
-70.3092
-70.6374
-70.9389
-71.2186
-71.4812
-71.7319
-71.9758
-72.2152
-72.4468
-72.6633
-72.8608
-73.0343
-73.1861
-73.3211
-73.4441
-73.5556
-73.6597
-73.76
-73.858
-73.9523
-74.0397
-74.1192
-74.1874
-74.2452
-74.2953
-74.3389
-74.3776
-74.412
-74.4462
-74.4812
-74.5163
-74.5502
-74.5807
-74.6078
-74.6288
-74.6457
-74.6592
-74.6702
-74.6787
-74.687
-74.6966
-74.7089
-74.7216
-74.7342
-74.745
-74.7538
-74.7599
-74.7633
-74.7653
-74.7663
-74.7657
-74.7662
-74.7685
-74.7735
-74.7791
-74.7844
-74.7886
-74.7912
-74.7934
-74.7934
-74.7917
-74.7898
-74.7861
-74.7838
-74.7833
-74.7847
-74.7876
-74.7898
-74.7923
-74.7935
-74.794
-74.7951
-74.7938
-74.7915
-74.7888
-74.7841
-74.7817
-74.7817
-74.7826
-74.7842
-74.7855
-74.7864
-74.7869
-74.7871
-74.787
-74.7862
-74.7842
-74.7799
-74.7755
-74.7717
-74.7713
-74.7723
-74.7737
-74.7746
-74.776
-74.7771
-74.7776
-74.7772
-74.7762
-74.7759
-74.773
-74.7678
-74.763
-74.7616
-74.7618
-74.7621
-74.7629
-74.7634
-74.7653
-74.7665
-74.7674
-74.7669
-74.7648
-74.7629
-74.7606
-74.756
-74.75
-74.748
-74.7496
-74.7512
-74.7516
-74.7504
-74.7517
-74.7544
-74.7553
-74.7563
-74.7565
-74.7549
-74.7507
-74.7463
-74.7422
-74.737
-74.7361
-74.7372
-74.7392
-74.7407
-74.7394
-74.7383
-74.7408
-74.7416
-74.7424
-74.743
-74.7432
-74.7411
-74.7361
-74.7286
-74.7231
-74.7218
-74.7241
-74.7247
-74.7252
-74.7264
-74.727
-74.726
-74.7271
-74.7289
-74.7298
-74.7303
-74.7312
-74.7307
-74.7275
-74.7204
-74.7113
-74.7064
-74.7081
-74.7097
-74.7105
-74.7108
-74.7125
-74.7115
-74.7104
-74.7111
-74.7137
-74.7141
-74.7143
-74.7148
-74.7155
-74.714
-74.7091
-74.7011
-74.694
-74.6905
-74.6912
-74.6922
-74.6945
-74.6944
-74.6955
-74.6945
-74.6936
-74.6953
-74.6987
-74.7004
-74.7009
-74.7012
-74.7003
-74.6997
-74.6975
-74.6916
-74.684
-74.6784
-74.6752
-74.6726
-74.6751
-74.6776
-74.677
-74.6758
-74.6741
-74.6727
-74.672
-74.6726
-74.6767
-74.6804
-74.6833
-74.6833
-74.6816
-74.6798
-74.6769
-74.6732
-74.668
-74.6635
-74.659
-74.6556
-74.6535
-74.6522
-74.6518
-74.6527
-74.6545
-74.6566
-74.655
-74.6519
-74.65
-74.6525
-74.6568
-74.6611
-74.6645
-74.6646
-74.6612
-74.6572
-74.6548
-74.654
-74.6521
-74.6486
-74.6432
-74.6392
-74.6373
-74.6311
-74.6238
-74.6187
-74.6184
-74.6248
-74.6285
-74.6254
-74.6211
-74.6215
-74.6257
-74.6284
-74.6289
-74.63
-74.6308
-74.631
-74.63
-74.6299
-74.6287
-74.6314
-74.6336
-74.6303
-74.6236
-74.6179
-74.6139
-74.6071
-74.6003
-74.5927
-74.586
-74.5847
-74.588
-74.5905
-74.5895
-74.5902
-74.5923
-74.5952
-74.5988
-74.6
-74.5977
-74.5968
-74.5964
-74.5957
-74.5952
-74.5974
-74.6025
-74.6071
-74.6088
-74.6077
-74.6024
-74.5968
-74.5941
-74.5882
-74.579
-74.5707
-74.5634
-74.555
-74.5446
-74.5386
-74.5385
-74.5422
-74.5456
-74.5441
-74.5435
-74.5441
-74.5466
-74.5461
-74.5445
-74.5428
-74.545
-74.5478
-74.5518
-74.554
-74.5564
-74.5593
-74.5629
-74.564
-74.5633
-74.5627
-74.5636
-74.5644
-74.5629
-74.5564
-74.5482
-74.5372
-74.5257
-74.518
-74.5081
-74.4961
-74.4898
-74.4899
-74.4893
-74.4868
-74.4849
-74.4835
-74.4862
-74.4864
-74.4857
-74.4884
-74.487
-74.4833
-74.4815
-74.4842
-74.4898
-74.497
-74.504
-74.5066
-74.5086
-74.5119
-74.5124
-74.5124
-74.5122
-74.5111
-74.5112
-74.513
-74.5172
-74.5191
-74.5162
-74.5071
-74.4929
-74.4762
-74.4591
-74.4449
-74.4334
-74.4281
-74.4287
-74.4322
-74.4338
-74.4325
-74.4252
-74.4158
-74.4055
-74.3959
-74.3906
-74.3884
-74.388
-74.3938
-74.4034
-74.4068
-74.4048
-74.4027
-74.4038
-74.4097
-74.4129
-74.4151
-74.4163
-74.4156
-74.4138
-74.4144
-74.4151
-74.4157
-74.4161
-74.4153
-74.4197
-74.4295
-74.4359
-74.4372
-74.4324
-74.4316
-74.4307
-74.4225
-74.4076
-74.3908
-74.3771
-74.3653
-74.357
-74.3475
-74.3362
-74.3255
-74.3164
-74.3152
-74.3214
-74.3269
-74.3255
-74.3204
-74.3129
-74.3038
-74.2928
-74.2826
-74.2727
-74.2665
-74.2661
-74.2674
-74.2686
-74.2778
-74.2874
-74.293
-74.293
-74.2883
-74.2817
-74.2786
-74.2842
-74.2914
-74.2958
-74.2987
-74.3018
-74.3022
-74.2985
-74.2931
-74.2894
-74.287
-74.2794
-74.2742
-74.2728
-74.2743
-74.278
-74.2799
-74.2849
-74.2983
-74.3067
-74.3087
-74.3062
-74.2967
-74.2836
-74.2711
-74.2567
-74.2419
-74.2331
-74.2278
-74.2221
-74.2174
-74.2104
-74.201
-74.1895
-74.1775
-74.17
-74.1698
-74.1679
-74.1658
-74.1667
-74.1657
-74.1611
-74.1572
-74.147
-74.1316
-74.1144
-74.095
-74.0752
-74.0561
-74.0394
-74.0324
-74.0253
-74.0163
-74.0088
-74.0077
-74.0077
-74.0086
-74.0128
-74.0262
-74.0451
-74.0648
-74.0806
-74.0882
-74.0858
-74.0788
-74.0716
-74.0708
-74.0731
-74.0754
-74.0799
-74.0882
-74.0915
-74.0876
-74.0818
-74.0776
-74.0718
-74.0662
-74.062
-74.0664
-74.0693
-74.0633
-74.0511
-74.0408
-74.0402
-74.0512
-74.0649
-74.0717
-74.0693
-74.0659
-74.062
-74.0565
-74.0505
-74.0432
-74.0388
-74.0397
-74.0392
-74.0313
-74.0193
-74.0081
-73.9991
-73.9931
-73.9893
-73.9914
-73.9919
-73.9855
-73.9753
-73.971
-73.9639
-73.9535
-73.9428
-73.9363
-73.9341
-73.9296
-73.9265
-73.9255
-73.9188
-73.914
-73.9133
-73.9109
-73.9025
-73.8935
-73.8884
-73.8822
-73.8745
-73.8646
-73.8529
-73.8382
-73.8344
-73.8297
-73.8188
-73.8073
-73.7969
-73.7845
-73.7682
-73.7532
-73.7355
-73.721
-73.7116
-73.6982
-73.6796
-73.6578
-73.6396
-73.6258
-73.6121
-73.594
-73.5746
-73.5584
-73.5399
-73.5192
-73.5027
-73.4848
-73.4635
-73.4402
-73.4221
-73.4041
-73.384
-73.3689
-73.3533
-73.334
-73.3138
-73.3027
-73.3138
-73.3438
-73.3698
-73.3955
-73.4094
-73.411
-73.4036
-73.3899
-73.3722
-73.3586
-73.3463
-73.3388
-73.3438
-73.3516
-73.3588
-73.3599
-73.3529
-73.3406
-73.3363
-73.3456
-73.3503
-73.346
-73.3346
-73.3181
-73.2981
-73.2757
-73.2515
-73.226
-73.1996
-73.1725
-73.146
-73.131
-73.1266
-73.1196
-73.1149
-73.1219
-73.1317
-73.1425
-73.1522
-73.1535
-73.1468
-73.134
-73.1172
-73.0974
-73.0783
-73.067
-73.055
-73.0392
-73.0205
-73.0087
-72.9993
-72.9863
-72.9694
-72.9558
-72.9478
-72.9369
-72.9219
-72.9037
-72.8831
-72.861
-72.8444
-72.8352
-72.8261
-72.8244
-72.8207
-72.8116
-72.798
-72.781
-72.7617
-72.7409
-72.7191
-72.6964
-72.6733
-72.6498
-72.6261
-72.6038
-72.5939
-72.5864
-72.5755
-72.561
-72.5439
-72.5251
-72.5051
-72.4843
-72.463
-72.4417
-72.4327
-72.4289
-72.4218
-72.4106
-72.3964
-72.38
-72.3623
-72.3436
-72.3242
-72.3045
-72.2845
-72.2643
-72.244
-72.2238
-72.2035
-72.1834
-72.1633
-72.1433
-72.1235
-72.1038
-72.0843
-72.065
-72.0458
-72.0268
-72.008
-71.9894
-71.9709
-71.9527
-71.9465
-71.9509
-71.9524
-71.949
-71.9416
-71.9316
-71.9196
-71.9065
-71.8925
-71.878
-71.8631
-71.8479
-71.8326
-71.8172
-71.8018
-71.7864
-71.7711
-71.7558
-71.7406
-71.7255
-71.7105
-71.6957
-71.6809
-71.6664
-71.6519
-71.6376
-71.6235
-71.6095
-71.5956
-71.5819
-71.5684
-71.555
-71.5418
-71.5287
-71.5158
-71.503
-71.4904
-71.4779
-71.4656
-71.4534
-71.4413
-71.4295
-71.4177
-71.4061
-71.3947
-71.3834
-71.3722
-71.3612
-71.3503
-71.3395
-71.3289
-71.3184
-71.308
-71.2978
-71.2877
-71.2778
-71.2679
-71.2582
-71.2487
-71.2392
-71.2299
-71.2206
-71.2115
-71.2026
-71.1937
-71.1849
-71.1763
-71.1678
-71.1594
-71.1511
-71.1429
-71.1348
-71.1268
-71.1189
-71.1111
-71.1034
-71.0959
-71.0884
-71.081
-71.0737
-71.0666
-71.0595
-71.0525
-71.0456
-71.0388
-71.0321
-71.0254
-71.0189
-71.0124
-71.0061
-70.9998
-70.9936
-70.9875
-70.9815
-70.9755
-70.9697
-70.9639
-70.9582
-70.9526
-70.947
-70.9416
-70.9362
-70.9308
-70.9256
-70.9204
-70.9153
-70.9103
-70.9053
-70.9004
-70.8956
-70.8909
-70.8862
-70.8816
-70.877
-70.8725
-70.8681
-70.8637
-70.8594
-70.8552
-70.851
-70.8469
-70.8428
-70.8388
-70.8349
-70.831
-70.8272
-70.8234
-70.8197
-70.8161
-70.8124
-70.8089
-70.8054
-70.8019
-70.7986
-70.7952
-70.7919
-70.7887
-70.7855
-70.7823
-70.7792
-70.7762
-70.7732
-70.7702
-70.7673
-70.7644
-70.7616
-70.7588
-70.7561
-70.7534
-70.7507
-70.7481
-70.7455
-70.743
-70.7405
-70.7381
-70.7357
-70.7333
-70.7309
-70.7286
-70.7264
-70.7242
-70.722
-70.7198
-70.7177
-70.7156
-70.7136
-70.7116
-70.7096
-70.7076
-70.7057
-70.7038
-70.702
-70.7002
-70.6984
-70.6966
-70.6949
-70.6932
-70.6915
-70.6899
-70.6883
-70.6867
-70.6851
-70.6836
-70.6821
-70.6806
-70.6792
-70.6778
-70.6764
-70.675
-70.6737
-70.6723
-70.671
-70.6698
-70.6685
-70.6673
-70.6661
-70.6649
-70.6638
-70.6626
-70.6615
-70.6604
-70.6594
-70.6583
-70.6573
-70.6563
-70.6553
-70.6543
-70.6534
-70.6524
-70.6515
-70.6506
-70.6498
-70.6489
-70.6481
-70.6472
-70.6464
-70.6457
-70.6449
-70.6441
-70.6434
-70.6427
-70.642
-70.6413
-70.6406
-70.64
-70.6393
-70.6387
-70.6381
-70.6375
-70.6369
-70.6363
-70.6358
-70.6352
-70.6347
-70.6342
-70.6337
-70.6332
-70.6327
-70.6323
-70.6318
-70.6314
-70.6309
-70.6305
-70.6301
-70.6297
-70.6293
-70.629
-70.6286
-70.6282
-70.6279
-70.6276
-70.6272
-70.6269
-70.6266
-70.6263
-70.6261
-70.6258
-70.6255
-70.6253
-70.625
-70.6248
-70.6246
-70.6243
-70.6241
-70.6239
-70.6237
-70.6236
-70.6234
-70.6232
-70.623
-70.6229
-70.6227
-70.6226
-70.6225
-70.6223
-70.6222
-70.6221
-70.622
-70.6219
-70.6218
-70.6217
-70.6216
-70.6215
-70.6215
-70.6214
-70.6213
-70.6213
-70.6212
-70.6212
-70.6212
-70.6211
-70.6211
-70.6211
-70.6211
-70.6211
-70.621
-70.621
-70.621
-70.6211
-70.6211
-70.6211
-70.6211
-70.6211
-70.6211
-70.6212
-70.6212
-70.6213
-70.6213
-70.6213
-70.6214
-70.6214
-70.6215
-70.6216
-70.6216
-70.6217
-70.6218
-70.6218
-70.6219
-70.622
-70.6221
-70.6222
-70.6222
-70.6223
-70.6224
-70.6225
-70.6226
-70.6227
-70.6228
-70.6229
-70.623
-70.6231
-70.6233
-70.6234
-70.6235
-70.6236
-70.6237
-70.6239
-70.624
-70.6241
-70.6242
-70.6244
-70.6245
-70.6246
-70.6248
-70.6249
-70.625
-70.6252
-70.6253
-70.6255
-70.6256
-70.6257
-70.6259
-70.626
-70.6262
-70.6263
-70.6265
-70.6266
-70.6268
-70.6269
-70.6271
-70.6273
-70.6274
-70.6276
-70.6277
-70.6279
-70.628
-70.6282
-70.6284
-70.6285
-70.6287
-70.6289
-70.629
-70.6292
-70.6293
-70.6295
-70.6297
-70.6298
-70.63
-70.6302
-70.6303
-70.6305
-70.6307
-70.6308
-70.631
-70.6312
-70.6314
-70.6315
-70.6317
-70.6319
-70.632
-70.6322
-70.6324
-70.6325
-70.6327
-70.6329
-70.6331
-70.6332
-70.6334
-70.6336
-70.6337
-70.6339
-70.6341
-70.6342
-70.6344
-70.6346
-70.6348
-70.6349
-70.6351
-70.6353
-70.6354
-70.6356
-70.6358
-70.6359
-70.6361
-70.6363
-70.6364
-70.6366
-70.6368
-70.6369
-70.6371
-70.6373
-70.6374
-70.6376
-70.6378
-70.6379
-70.6381
-70.6383
-70.6384
-70.6386
-70.6388
-70.6389
-70.6391
-70.6392
-70.6394
-70.6396
-70.6397
-70.6399
-70.64
-70.6402
-70.6404
-70.6405
-70.6407
-70.6408
-70.641
-70.6411
-70.6413
-70.6414
-70.6416
-70.6418
-70.6419
-70.6421
-70.6422
-70.6424
-70.6425
-70.6427
-70.6428
-70.643
-70.6431
-70.6433
-70.6434
-70.6435

