-70
-70.1661
-70.23
-70.2566
-70.2695
-70.2773
-70.283
-70.2879
-70.2925
-70.297
-70.3014
-70.3057
-70.31
-70.3142
-70.3185
-70.3226
-70.3268
-70.3309
-70.335
-70.3391
-70.3431
-70.3471
-70.351
-70.3549
-70.3588
-70.3626
-70.3664
-70.3701
-70.3738
-70.3775
-70.3811
-70.3847
-70.3883
-70.3918
-70.3953
-70.3987
-70.4021
-70.4055
-70.4088
-70.4121
-70.4154
-70.4186
-70.4218
-70.4249
-70.428
-70.4311
-70.4341
-70.4372
-70.4401
-70.4431
-70.446
-70.4489
-70.4517
-70.4545
-70.4573
-70.4601
-70.4628
-70.4655
-70.4682
-70.4708
-70.4734
-70.476
-70.4785
-70.481
-70.4835
-70.486
-70.4884
-70.4908
-70.4932
-70.4955
-70.4978
-70.5001
-70.5024
-70.5046
-70.5068
-70.509
-70.5112
-70.5133
-70.5154
-70.5175
-70.5196
-70.5216
-70.5236
-70.5256
-70.5276
-70.5295
-70.5315
-70.5334
-70.5352
-70.5371
-70.5389
-70.5407
-70.5425
-70.5443
-70.5461
-70.5478
-70.5495
-70.5512
-70.5528
-70.5545
-70.5561
-70.5577
-70.5593
-70.5609
-70.5624
-70.5639
-70.5655
-70.5669
-70.5684
-70.5699
-70.5713
-70.5727
-70.5741
-70.5755
-70.5769
-70.5782
-70.5796
-70.5809
-70.5822
-70.5835
-70.5848
-70.586
-70.5873
-70.5885
-70.5897
-70.5909
-70.5921
-70.5932
-70.5944
-70.5955
-70.5966
-70.5977
-70.5988
-70.5999
-70.601
-70.602
-70.603
-70.6041
-70.6051
-70.6061
-70.6071
-70.608
-70.609
-70.6099
-70.6109
-70.6118
-70.6127
-70.6136
-70.6145
-70.6154
-70.6162
-70.6171
-70.6179
-70.6187
-70.6196
-70.6204
-70.6212
-70.622
-70.6227
-70.6235
-70.6242
-70.625
-70.6257
-70.6265
-70.6272
-70.6279
-70.6286
-70.6293
-70.6299
-70.6306
-70.6313
-70.6319
-70.6325
-70.6332
-70.6338
-70.6344
-70.635
-70.6356
-70.6362
-70.6368
-70.6374
-70.6379
-70.6385
-70.639
-70.6396
-70.6401
-70.6406
-70.6411
-70.6417
-70.6422
-70.6427
-70.6431
-70.6436
-70.6441
-70.6446
-70.645
-70.6455
-70.6459
-70.6464
-70.6468
-70.6472
-70.6476
-70.6481
-70.6485
-70.6489
-70.6493
-70.6497
-70.65
-70.6504
-70.6508
-70.6512
-70.6515
-70.6519
-70.6522
-70.6526
-70.6529
-70.6533
-70.6536
-70.6539
-70.6542
-70.6545
-70.6549
-70.6552
-70.6555
-70.6558
-70.656
-70.6563
-70.6566
-70.6569
-70.6572
-70.6574
-70.6577
-70.658
-70.6582
-70.6585
-70.6587
-70.6589
-70.6592
-70.6594
-70.6597
-70.6599
-70.6601
-70.6603
-70.6605
-70.6607
-70.661
-70.6612
-70.6614
-70.6616
-70.6617
-70.6619
-70.6621
-70.6623
-70.6625
-70.6627
-70.6628
-70.663
-70.6632
-70.6633
-70.6635
-70.6637
-70.6638
-70.664
-70.6641
-70.6643
-70.6644
-70.6646
-70.6647
-70.6648
-70.665
-70.6651
-70.6652
-70.6653
-70.6655
-70.6656
-70.6657
-70.6658
-70.6659
-70.666
-70.6662
-70.6663
-70.6664
-70.6665
-70.6666
-70.6667
-70.6668
-70.6669
-70.667
-70.667
-70.6671
-70.6672
-70.6673
-70.6674
-70.6675
-70.6675
-70.6676
-70.6677
-70.6678
-70.6678
-70.6679
-70.668
-70.668
-70.6681
-70.6682
-70.6682
-70.6683
-70.6683
-70.6684
-70.6685
-70.6685
-70.6686
-70.6686
-70.6687
-70.6687
-70.6688
-70.6688
-70.6688
-70.6689
-70.6689
-70.669
-70.669
-70.669
-70.6691
-70.6691
-70.6691
-70.6692
-70.6692
-70.6692
-70.6693
-70.6693
-70.6693
-70.6694
-70.6694
-70.6694
-70.6694
-70.6694
-70.6695
-70.6695
-70.6695
-70.6695
-70.6695
-70.6696
-70.6696
-70.6696
-70.6696
-70.6696
-70.6696
-70.6696
-70.6697
-70.6697
-70.6697
-70.6697
-70.6697
-70.6697
-70.6697
-70.6697
-70.6697
-70.6697
-70.6697
-70.6697
-70.6697
-70.6697
-70.6697
-70.6697
-70.6697
-70.6697
-70.6697
-70.6697
-70.6697
-70.6697
-70.6697
-70.6697
-70.6697
-70.6697
-70.6697
-70.6697
-70.6697
-70.6697
-70.6697
-70.6697
-70.6697
-70.6697
-70.6697
-70.6696
-70.6696
-70.6696
-70.6696
-70.6696
-70.6696
-70.6696
-70.6696
-70.6696
-70.6695
-70.6695
-70.6695
-70.6695
-70.6695
-70.6695
-70.6695
-70.6695
-70.6694
-70.6694
-70.6694
-70.6694
-70.6694
-70.6694
-70.6693
-70.6693
-70.6693
-70.6693
-70.6693
-70.6693
-70.6693
-70.6692
-70.6692
-70.6692
-70.6692
-70.6692
-70.6691
-70.6691
-70.6691
-70.6691
-70.6691
-70.6691
-70.669
-70.669
-70.669
-70.669
-70.669
-70.6689
-70.6689
-70.6689
-70.6689
-70.6689
-70.6688
-70.6688
-70.6688
-70.6688
-70.6688
-70.6687
-70.6687
-70.6687
-70.6687
-70.6686
-70.6686
-70.6686
-70.6686
-70.6686
-70.6685
-70.6685
-70.6685
-70.6685
-70.6685
-70.6684
-70.6684
-70.6684
-70.6684
-70.6684
-70.6683
-70.6683
-70.6683
-70.6683
-70.6682
-70.6682
-70.6682
-70.6682
-70.6682
-70.6681
-70.6681
-70.6681
-70.6681
-70.6681
-70.669
-70.8183
-71.4983
-72.4006
-73.1857
-73.7227
-74.0114
-58.0454
-52.3202
-50.1946
-48.2522
-44.0904
9.31818
-24.731
-54.419
-69.0622
-68.3267
-67.2968
-66.2358
-65.1644
-64.1007
-63.0637
-62.07
-61.133
-60.1117
-59.1322
-58.3175
-57.608
-56.9854
-56.4413
-55.9682
-55.5216
-55.1452
-54.8341
-54.5766
-54.3651
-54.1926
-54.0372
-53.9024
-53.7974
-53.7164
-53.654
-53.6063
-53.5705
-53.5342
-53.4978
-53.4727
-53.4566
-53.4466
-53.4409
-53.4384
-53.4383
-53.4372
-53.4225
-53.413
-53.4093
-53.4093
-53.4114
-53.4148
-53.4192
-53.4241
-53.4296
-53.4356
-53.4316
-53.4172
-53.4103
-53.4087
-53.41
-53.4128
-53.4164
-53.4205
-53.4249
-53.4295
-53.4343
-53.4392
-53.4441
-53.4487
-53.4527
-53.4547
-53.4268
-53.4095
-53.4022
-53.3991
-53.3973
-53.395
-53.3908
-53.3825
-53.3639
-53.2999
-52.7786
-52.5159
-52.6149
-52.7683
-52.8977
-52.9911
-53.0544
-53.097
-53.1274
-53.1518
-53.175
-53.1999
-53.2295
-53.2664
-53.3686
-53.4347
-53.4552
-53.4621
-53.4664
-53.4714
-53.4783
-53.4876
-53.4995
-53.5141
-53.531
-53.55
-53.5715
-53.5955
-53.6223
-53.6521
-53.685
-53.7214
-53.7617
-53.806
-53.8548
-53.9082
-53.9667
-54.0305
-54.0999
-54.1754
-54.2572
-54.3455
-54.441
-54.5441
-54.6555
-54.7756
-54.905
-54.9026
-53.7157
-53.3733
-53.3056
-53.3158
-53.3467
-53.3815
-53.4153
-53.4471
-53.4769
-53.5052
-53.5326
-53.5595
-53.5864
-53.6136
-53.6417
-53.6708
-53.7014
-53.7337
-53.7683
-53.8052
-53.8449
-53.8876
-53.9336
-53.9832
-54.0367
-54.0945
-54.1567
-54.2239
-54.2959
-54.3733
-54.4566
-54.5462
-54.6423
-54.7453
-54.8556
-54.9751
-55.1157
-55.2733
-55.4355
-55.6013
-54.2728
-53.3617
-53.1709
-53.1664
-53.2081
-53.2572
-53.3035
-53.3453
-53.3821
-53.4145
-53.4437
-53.4703
-53.4953
-53.5191
-53.5425
-53.5657
-53.5893
-53.6152
-53.6431
-53.6718
-53.7017
-53.7332
-53.7667
-53.8027
-53.8413
-53.8829
-53.9278
-53.9769
-54.0353
-54.1002
-54.1678
-54.2384
-54.3126
-54.3914
-54.4753
-54.5649
-54.6604
-54.7621
-54.8716
-55.0011
-55.147
-55.2964
-55.4481
-55.6035
-55.7641
-55.9307
-56.1037
-56.2836
-56.4699
-55.7736
-53.5062
-53.0254
-52.9746
-53.0295
-53.104
-53.174
-53.2341
-53.2849
-53.3281
-53.3651
-53.3974
-53.4261
-53.4533
-53.4799
-53.5049
-53.5289
-53.5523
-53.5759
-53.5999
-53.6249
-53.6511
-53.6789
-53.7086
-53.7405
-53.7784
-53.8234
-53.8707
-53.9197
-53.9712
-54.026
-54.0846
-54.1476
-54.2152
-54.2877
-54.3652
-54.4483
-54.5402
-54.6545
-54.7797
-54.9063
-55.0357
-55.1698
-55.3099
-55.4563
-55.6093
-55.769
-55.9371
-53.9375
-53.1991
-53.0716
-53.0944
-53.1504
-53.2078
-53.2589
-53.3028
-53.3404
-53.373
-53.4016
-53.4282
-53.4539
-53.4778
-53.5004
-53.5223
-53.5442
-53.5663
-53.5893
-53.6133
-53.6387
-53.6658
-53.6949
-53.7303
-53.7771
-53.826
-53.8752
-53.9262
-53.9811
-54.0542
-54.1682
-54.3235
-54.4901
-54.6854
-54.8786
-55.0593
-55.239
-55.4237
-55.6249
-55.8938
-56.2347
-56.698
-57.2089
-57.6945
-58.1139
-58.4947
-58.8615
-59.2284
-59.6226
-60.0814
-60.6094
-61.2018
-61.8096
-62.3949
-62.9289
-63.429
-63.9086
-64.3788
-64.8577
-65.3721
-65.9085
-66.4578
-67.0036
-67.5242
-67.9998
-68.4368
-68.8426
-69.2196
-69.5796
-69.9378
-70.2961
-70.6454
-70.9892
-71.3192
-71.6149
-71.8755
-72.1062
-72.3126
-72.4998
-72.6776
-72.8523
-73.0212
-73.1847
-73.3443
-73.4933
-73.6209
-73.7291
-73.8216
-73.9023
-73.974
-74.0432
-74.1105
-74.1741
-74.2356
-74.298
-74.3579
-74.4072
-74.4461
-74.478
-74.5051
-74.5286
-74.5518
-74.5741
-74.5948
-74.6157
-74.6384
-74.6629
-74.6834
-74.6969
-74.7057
-74.7116
-74.7161
-74.7213
-74.727
-74.732
-74.7374
-74.7446
-74.7556
-74.7679
-74.7753
-74.7775
-74.7771
-74.7758
-74.7742
-74.7744
-74.7742
-74.7736
-74.774
-74.7756
-74.7808
-74.7883
-74.7917
-74.7908
-74.7881
-74.7847
-74.782
-74.7815
-74.7806
-74.779
-74.778
-74.7771
-74.7789
-74.7842
-74.7883
-74.7877
-74.7849
-74.7811
-74.7775
-74.7757
-74.7735
-74.7711
-74.7693
-74.767
-74.7657
-74.7671
-74.7718
-74.7754
-74.7759
-74.7734
-74.7708
-74.7681
-74.7667
-74.7643
-74.7622
-74.7602
-74.7576
-74.7558
-74.7547
-74.7581
-74.7623
-74.7629
-74.76
-74.7561
-74.7548
-74.7532
-74.7506
-74.7487
-74.747
-74.7437
-74.7429
-74.7425
-74.7427
-74.7475
-74.7506
-74.7503
-74.7479
-74.7437
-74.7434
-74.7426
-74.7397
-74.7377
-74.7359
-74.7317
-74.7302
-74.7293
-74.7271
-74.7285
-74.7324
-74.7337
-74.732
-74.7282
-74.7274
-74.7267
-74.7263
-74.7259
-74.7246
-74.7219
-74.7194
-74.7196
-74.7182
-74.7152
-74.715
-74.7194
-74.7214
-74.7194
-74.7156
-74.7158
-74.7148
-74.7132
-74.7137
-74.7121
-74.7073
-74.703
-74.7019
-74.7012
-74.698
-74.6945
-74.6962
-74.7012
-74.7033
-74.7003
-74.6989
-74.7001
-74.7011
-74.7017
-74.7013
-74.7006
-74.6976
-74.6937
-74.6905
-74.6871
-74.6842
-74.6806
-74.6801
-74.683
-74.6868
-74.6874
-74.6862
-74.6864
-74.6854
-74.6835
-74.683
-74.6835
-74.6811
-74.6776
-74.6746
-74.672
-74.6672
-74.6626
-74.6589
-74.657
-74.6588
-74.6625
-74.6645
-74.6684
-74.6723
-74.6741
-74.6749
-74.6728
-74.6703
-74.6703
-74.6689
-74.6644
-74.6583
-74.6554
-74.6529
-74.6479
-74.6436
-74.6402
-74.6376
-74.6379
-74.6405
-74.6439
-74.6486
-74.6517
-74.6544
-74.6547
-74.6538
-74.6513
-74.6464
-74.6434
-74.6412
-74.6351
-74.6303
-74.6276
-74.6252
-74.6222
-74.6179
-74.6142
-74.6111
-74.6105
-74.6141
-74.6209
-74.6305
-74.6369
-74.6412
-74.6412
-74.6386
-74.6371
-74.636
-74.6309
-74.6229
-74.6149
-74.6113
-74.6076
-74.6064
-74.6058
-74.6022
-74.5954
-74.59
-74.5864
-74.5826
-74.5809
-74.5857
-74.5952
-74.6023
-74.6064
-74.6107
-74.6139
-74.6129
-74.607
-74.6039
-74.6017
-74.5982
-74.5913
-74.58
-74.5705
-74.5705
-74.5749
-74.5754
-74.5713
-74.5654
-74.5581
-74.5496
-74.5449
-74.5467
-74.5527
-74.5649
-74.5742
-74.5818
-74.5884
-74.5914
-74.5914
-74.5875
-74.5816
-74.5787
-74.5761
-74.5704
-74.5649
-74.5589
-74.5524
-74.5488
-74.5415
-74.5373
-74.5379
-74.5399
-74.5386
-74.5322
-74.5222
-74.5121
-74.5055
-74.5021
-74.5083
-74.5171
-74.5276
-74.5375
-74.5433
-74.5484
-74.5518
-74.5505
-74.5458
-74.5371
-74.5308
-74.5267
-74.5218
-74.5145
-74.5083
-74.5077
-74.5091
-74.5076
-74.5007
-74.4936
-74.4899
-74.4887
-74.4866
-74.4828
-74.4765
-74.468
-74.4592
-74.4528
-74.4512
-74.4576
-74.468
-74.4761
-74.4861
-74.4954
-74.4998
-74.5059
-74.5141
-74.5149
-74.5108
-74.5036
-74.4965
-74.4899
-74.4819
-74.4749
-74.4681
-74.4624
-74.4579
-74.455
-74.4561
-74.4556
-74.4531
-74.4531
-74.4515
-74.4452
-74.4339
-74.4203
-74.4084
-74.4013
-74.3968
-74.394
-74.3921
-74.3951
-74.3972
-74.3996
-74.4062
-74.4125
-74.417
-74.421
-74.4264
-74.4313
-74.4345
-74.4354
-74.4356
-74.4341
-74.4277
-74.4214
-74.414
-74.4088
-74.4056
-74.4012
-74.397
-74.3954
-74.3915
-74.3867
-74.3828
-74.3762
-74.3669
-74.3582
-74.357
-74.3561
-74.3541
-74.3488
-74.3418
-74.3366
-74.3278
-74.3201
-74.3132
-74.3017
-74.2915
-74.288
-74.2848
-74.2875
-74.291
-74.2906
-74.2953
-74.3089
-74.3192
-74.3213
-74.3245
-74.3299
-74.3354
-74.3395
-74.3418
-74.3425
-74.3422
-74.3385
-74.3322
-74.3262
-74.322
-74.3183
-74.3148
-74.31
-74.3058
-74.3022
-74.2961
-74.2912
-74.2875
-74.2823
-74.2867
-74.2908
-74.2864
-74.2775
-74.2648
-74.2529
-74.2488
-74.2443
-74.239
-74.2338
-74.2269
-74.2168
-74.2105
-74.2105
-74.2055
-74.1963
-74.1904
-74.1869
-74.1794
-74.1681
-74.1624
-74.1606
-74.1574
-74.152
-74.1508
-74.1502
-74.1435
-74.1336
-74.1315
-74.1368
-74.1459
-74.1581
-74.1668
-74.1712
-74.1777
-74.1939
-74.211
-74.2211
-74.2215
-74.219
-74.2131
-74.2057
-74.2008
-74.2024
-74.202
-74.1995
-74.1914
-74.1812
-74.1692
-74.1569
-74.1435
-74.1337
-74.1232
-74.1073
-74.0972
-74.0946
-74.0924
-74.091
-74.0924
-74.0957
-74.0973
-74.0915
-74.0803
-74.0712
-74.0659
-74.0565
-74.0497
-74.0429
-74.0354
-74.0263
-74.0172
-74.0081
-73.9973
-73.9815
-73.9629
-73.9481
-73.9374
-73.924
-73.9118
-73.9079
-73.9055
-73.8986
-73.8849
-73.8692
-73.8718
-73.8807
-73.8872
-73.8889
-73.8823
-73.8752
-73.8758
-73.8777
-73.8754
-73.8701
-73.8691
-73.8649
-73.8559
-73.8487
-73.8422
-73.8328
-73.8191
-73.8144
-73.8224
-73.8399
-73.8596
-73.8727
-73.8819
-73.8889
-73.8955
-73.904
-73.9144
-73.9226
-73.93
-73.9366
-73.938
-73.9351
-73.9348
-73.9322
-73.9271
-73.9232
-73.9183
-73.911
-73.9119
-73.9133
-73.9084
-73.9054
-73.8981
-73.887
-73.8741
-73.8587
-73.8539
-73.8615
-73.8679
-73.866
-73.8605
-73.8532
-73.8584
-73.8672
-73.8713
-73.8689
-73.8586
-73.842
-73.8213
-73.803
-73.7889
-73.7774
-73.7715
-73.7617
-73.7506
-73.7374
-73.7195
-73.6975
-73.6808
-73.6772
-73.6704
-73.657
-73.6381
-73.6154
-73.5919
-73.5754
-73.5638
-73.549
-73.538
-73.5401
-73.5418
-73.5484
-73.5502
-73.5433
-73.5295
-73.5108
-73.4886
-73.4641
-73.4436
-73.4428
-73.4515
-73.4529
-73.4454
-73.4312
-73.4123
-73.3902
-73.3659
-73.3399
-73.3129
-73.285
-73.2582
-73.2394
-73.2212
-73.2066
-73.195
-73.1825
-73.1748
-73.1701
-73.1772
-73.1806
-73.1844
-73.184
-73.1765
-73.1664
-73.1602
-73.1507
-73.1365
-73.1184
-73.1002
-73.0891
-73.0768
-73.0608
-73.0415
-73.0199
-72.9967
-72.9723
-72.9471
-72.9214
-72.8967
-72.8835
-72.8825
-72.8805
-72.8724
-72.8591
-72.8485
-72.8433
-72.8355
-72.8337
-72.8355
-72.8416
-72.8426
-72.8467
-72.8496
-72.846
-72.8364
-72.8225
-72.8055
-72.7865
-72.7659
-72.7443
-72.722
-72.699
-72.6757
-72.6521
-72.6283
-72.6044
-72.5805
-72.5565
-72.5326
-72.5088
-72.4851
-72.4616
-72.4381
-72.4149
-72.3918
-72.3689
-72.3462
-72.3238
-72.3015
-72.2795
-72.2576
-72.236
-72.2146
-72.1964
-72.1933
-72.1921
-72.1868
-72.1773
-72.1649
-72.1595
-72.1638
-72.1651
-72.161
-72.1527
-72.1415
-72.1282
-72.1135
-72.0979
-72.0816
-72.0648
-72.0478
-72.0305
-72.0131
-71.9957
-71.9783
-71.9608
-71.9435
-71.9262
-71.909
-71.892
-71.875
-71.8582
-71.8416
-71.8251
-71.8088
-71.7926
-71.7766
-71.7607
-71.7451
-71.7295
-71.7142
-71.699
-71.684
-71.6692
-71.6546
-71.6401
-71.6258
-71.6116
-71.5976
-71.5838
-71.5702
-71.5567
-71.5433
-71.5302
-71.5172
-71.5043
-71.4916
-71.4791
-71.4667
-71.4544
-71.4423
-71.4304
-71.4186
-71.407
-71.3955
-71.3841
-71.3729
-71.3618
-71.3509
-71.3401
-71.3294
-71.3189
-71.3085
-71.2982
-71.2881
-71.2781
-71.2683
-71.2585
-71.2489
-71.2394
-71.2301
-71.2208
-71.2117
-71.2027
-71.1938
-71.185
-71.1763
-71.1678
-71.1593
-71.151
-71.1428
-71.1347
-71.1267
-71.1187
-71.1109
-71.1032
-71.0957
-71.0882
-71.0808
-71.0735
-71.0663
-71.0592
-71.0521
-71.0452
-71.0384
-71.0317
-71.025
-71.0185
-71.012
-71.0056
-70.9993
-70.9931
-70.987
-70.981
-70.975
-70.9691
-70.9633
-70.9576
-70.952
-70.9464
-70.9409
-70.9355
-70.9302
-70.9249
-70.9198
-70.9146
-70.9096
-70.9046
-70.8997
-70.8949
-70.8901
-70.8854
-70.8808
-70.8762
-70.8718
-70.8673
-70.8629
-70.8586
-70.8544
-70.8502
-70.8461
-70.842
-70.838
-70.8341
-70.8302
-70.8264
-70.8226
-70.8189
-70.8152
-70.8116
-70.808
-70.8045
-70.8011
-70.7977
-70.7943
-70.791
-70.7878
-70.7846
-70.7814
-70.7783
-70.7753
-70.7722
-70.7693
-70.7664
-70.7635
-70.7607
-70.7579
-70.7551
-70.7524
-70.7498
-70.7472
-70.7446
-70.7421
-70.7396
-70.7371
-70.7347
-70.7323
-70.73
-70.7277
-70.7254
-70.7232
-70.721
-70.7189
-70.7168
-70.7147
-70.7126
-70.7106
-70.7086
-70.7067
-70.7048
-70.7029
-70.701
-70.6992
-70.6974
-70.6957
-70.6939
-70.6923
-70.6906
-70.6889
-70.6873
-70.6858
-70.6842
-70.6827
-70.6812
-70.6797
-70.6783
-70.6768
-70.6754
-70.6741
-70.6727
-70.6714
-70.6701
-70.6689
-70.6676
-70.6664
-70.6652
-70.664
-70.6629
-70.6617
-70.6606
-70.6595
-70.6585
-70.6574
-70.6564
-70.6554
-70.6544
-70.6534
-70.6525
-70.6516
-70.6506
-70.6498
-70.6489
-70.648
-70.6472
-70.6464
-70.6456
-70.6448
-70.644
-70.6433
-70.6426
-70.6418
-70.6411
-70.6405
-70.6398
-70.6391
-70.6385
-70.6379
-70.6373
-70.6367
-70.6361
-70.6355
-70.635
-70.6344
-70.6339
-70.6334
-70.6329
-70.6324
-70.6319
-70.6315
-70.631
-70.6306
-70.6302
-70.6297
-70.6293
-70.6289
-70.6286
-70.6282
-70.6278
-70.6275
-70.6272
-70.6268
-70.6265
-70.6262
-70.6259
-70.6256
-70.6253
-70.6251
-70.6248
-70.6246
-70.6243
-70.6241
-70.6239
-70.6237
-70.6234
-70.6232
-70.6231
-70.6229
-70.6227
-70.6225
-70.6224
-70.6222
-70.6221
-70.6219
-70.6218
-70.6217
-70.6216
-70.6214
-70.6213
-70.6212
-70.6212
-70.6211
-70.621
-70.6209
-70.6209
-70.6208
-70.6207
-70.6207
-70.6206
-70.6206
-70.6206
-70.6205
-70.6205
-70.6205
-70.6205
-70.6205
-70.6205
-70.6205
-70.6205
-70.6205
-70.6205
-70.6205
-70.6205
-70.6206
-70.6206
-70.6206
-70.6207
-70.6207
-70.6208
-70.6208
-70.6209
-70.6209
-70.621
-70.621
-70.6211
-70.6212
-70.6213
-70.6213
-70.6214
-70.6215
-70.6216
-70.6217
-70.6218
-70.6219
-70.622
-70.622
-70.6222
-70.6223
-70.6224
-70.6225
-70.6226
-70.6227
-70.6228
-70.6229
-70.623
-70.6232
-70.6233
-70.6234
-70.6235
-70.6237
-70.6238
-70.6239
-70.6241
-70.6242
-70.6243
-70.6245
-70.6246
-70.6248
-70.6249
-70.6251
-70.6252
-70.6253
-70.6255
-70.6256
-70.6258
-70.6259
-70.6261
-70.6263
-70.6264
-70.6266
-70.6267
-70.6269
-70.627
-70.6272
-70.6274
-70.6275
-70.6277
-70.6279
-70.628
-70.6282
-70.6283
-70.6285
-70.6287
-70.6288
-70.629
-70.6292
-70.6293
-70.6295
-70.6297
-70.6299
-70.63
-70.6302
-70.6304
-70.6305
-70.6307
-70.6309
-70.6311
-70.6312
-70.6314
-70.6316
-70.6317
-70.6319
-70.6321
-70.6323
-70.6324
-70.6326
-70.6328
-70.6329
-70.6331
-70.6333
-70.6335
-70.6336
-70.6338
-70.634
-70.6342
-70.6343
-70.6345
-70.6347
-70.6348
-70.635
-70.6352
-70.6354
-70.6355
-70.6357
-70.6359
-70.636
-70.6362
-70.6364
-70.6365
-70.6367
-70.6369
-70.6371
-70.6372
-70.6374
-70.6376
-70.6377
-70.6379
-70.6381
-70.6382
-70.6384
-70.6385
-70.6387
-70.6389
-70.639
-70.6392
-70.6394
-70.6395
-70.6397
-70.6398
-70.64
-70.6402
-70.6403
-70.6405
-70.6406
-70.6408
-70.641
-70.6411
-70.6413
-70.6414
-70.6416
-70.6417
-70.6419
-70.642
-70.6422
-70.6423
-70.6425
-70.6426
-70.6428
-70.6429
-70.6431
-70.6432
-70.6434
-70.6435
-70.6437
-70.6438
-70.644
-70.6441
-70.6443
-70.6444
-70.6445
-70.6447
-70.6448
-70.645
-70.6451
-70.6452
-70.6454
-70.6455
-70.6457
-70.6458
-70.6459
-70.6461

