-70
-70.1661
-70.23
-70.2566
-70.2695
-70.2773
-70.283
-70.2879
-70.2925
-70.297
-70.3014
-70.3057
-70.31
-70.3142
-70.3185
-70.3226
-70.3268
-70.3309
-70.335
-70.3391
-70.3431
-70.3471
-70.351
-70.3549
-70.3588
-70.3626
-70.3664
-70.3701
-70.3738
-70.3775
-70.3811
-70.3847
-70.3883
-70.3918
-70.3953
-70.3987
-70.4021
-70.4055
-70.4088
-70.4121
-70.4154
-70.4186
-70.4218
-70.4249
-70.428
-70.4311
-70.4341
-70.4372
-70.4401
-70.4431
-70.446
-70.4489
-70.4517
-70.4545
-70.4573
-70.4601
-70.4628
-70.4655
-70.4682
-70.4708
-70.4734
-70.476
-70.4785
-70.481
-70.4835
-70.486
-70.4884
-70.4908
-70.4932
-70.4955
-70.4978
-70.5001
-70.5024
-70.5046
-70.5068
-70.509
-70.5112
-70.5133
-70.5154
-70.5175
-70.5196
-70.5216
-70.5236
-70.5256
-70.5276
-70.5295
-70.5315
-70.5334
-70.5352
-70.5371
-70.5389
-70.5407
-70.5425
-70.5443
-70.5461
-70.5478
-70.5495
-70.5512
-70.5528
-70.5545
-70.5561
-70.5577
-70.5593
-70.5609
-70.5624
-70.5639
-70.5655
-70.5669
-70.5684
-70.5699
-70.5713
-70.5727
-70.5741
-70.5755
-70.5769
-70.5782
-70.5796
-70.5809
-70.5822
-70.5835
-70.5848
-70.586
-70.5873
-70.5885
-70.5897
-70.5909
-70.5921
-70.5932
-70.5944
-70.5955
-70.5966
-70.5977
-70.5988
-70.5999
-70.601
-70.602
-70.603
-70.6041
-70.6051
-70.6061
-70.6071
-70.608
-70.609
-70.6099
-70.6109
-70.6118
-70.6127
-70.6136
-70.6145
-70.6154
-70.6162
-70.6171
-70.6179
-70.6187
-70.6196
-70.6204
-70.6212
-70.622
-70.6227
-70.6235
-70.6242
-70.625
-70.6257
-70.6265
-70.6272
-70.6279
-70.6286
-70.6293
-70.6299
-70.6306
-70.6313
-70.6319
-70.6325
-70.6332
-70.6338
-70.6344
-70.635
-70.6356
-70.6362
-70.6368
-70.6374
-70.6379
-70.6385
-70.639
-70.6396
-70.6401
-70.6406
-70.6411
-70.6417
-70.6422
-70.6427
-70.6431
-70.6436
-70.6441
-70.6446
-70.645
-70.6455
-70.6459
-70.6464
-70.6468
-70.6472
-70.6476
-70.6481
-70.6485
-70.6489
-70.6493
-70.6497
-70.65
-70.6504
-70.6508
-70.6512
-70.6515
-70.6519
-70.6522
-70.6526
-70.6529
-70.6533
-70.6536
-70.6539
-70.6542
-70.6545
-70.6549
-70.6552
-70.6555
-70.6558
-70.656
-70.6563
-70.6566
-70.6569
-70.6572
-70.6574
-70.6577
-70.658
-70.6582
-70.6585
-70.6587
-70.6589
-70.6592
-70.6594
-70.6597
-70.6599
-70.6601
-70.6603
-70.6605
-70.6607
-70.661
-70.6612
-70.6614
-70.6616
-70.6617
-70.6619
-70.6621
-70.6623
-70.6625
-70.6627
-70.6628
-70.663
-70.6632
-70.6633
-70.6635
-70.6637
-70.6638
-70.664
-70.6641
-70.6643
-70.6644
-70.6646
-70.6647
-70.6648
-70.665
-70.6651
-70.6652
-70.6653
-70.6655
-70.6656
-70.6657
-70.6658
-70.6659
-70.666
-70.6662
-70.6663
-70.6664
-70.6665
-70.6666
-70.6667
-70.6668
-70.6669
-70.667
-70.667
-70.6671
-70.6672
-70.6673
-70.6674
-70.6675
-70.6675
-70.6676
-70.6677
-70.6678
-70.6678
-70.6679
-70.668
-70.668
-70.6681
-70.6682
-70.6682
-70.6683
-70.6683
-70.6684
-70.6685
-70.6685
-70.6686
-70.6686
-70.6687
-70.6687
-70.6688
-70.6688
-70.6688
-70.6689
-70.6689
-70.669
-70.669
-70.669
-70.6691
-70.6691
-70.6691
-70.6692
-70.6692
-70.6692
-70.6693
-70.6693
-70.6693
-70.6694
-70.6694
-70.6694
-70.6694
-70.6694
-70.6695
-70.6695
-70.6695
-70.6695
-70.6695
-70.6696
-70.6696
-70.6696
-70.6696
-70.6696
-70.6696
-70.6696
-70.6697
-70.6697
-70.6697
-70.6697
-70.6697
-70.6697
-70.6697
-70.6697
-70.6697
-70.6697
-70.6697
-70.6697
-70.6697
-70.6697
-70.6697
-70.6697
-70.6697
-70.6697
-70.6697
-70.6697
-70.6697
-70.6697
-70.6697
-70.6697
-70.6697
-70.6697
-70.6697
-70.6697
-70.6697
-70.6697
-70.6697
-70.6697
-70.6697
-70.6697
-70.6697
-70.6696
-70.6696
-70.6696
-70.6696
-70.6696
-70.6696
-70.6696
-70.6696
-70.6696
-70.6695
-70.6695
-70.6695
-70.6695
-70.6695
-70.6695
-70.6695
-70.6695
-70.6694
-70.6694
-70.6694
-70.6694
-70.6694
-70.6694
-70.6693
-70.6693
-70.6693
-70.6693
-70.6693
-70.6693
-70.6693
-70.6692
-70.6692
-70.6692
-70.6692
-70.6692
-70.6691
-70.6691
-70.6691
-70.6691
-70.6691
-70.6691
-70.669
-70.669
-70.669
-70.669
-70.669
-70.6689
-70.6689
-70.6689
-70.6689
-70.6689
-70.6688
-70.6688
-70.6688
-70.6688
-70.6688
-70.6687
-70.6687
-70.6687
-70.6687
-70.6686
-70.6686
-70.6686
-70.6686
-70.6686
-70.6685
-70.6685
-70.6685
-70.6685
-70.6685
-70.6684
-70.6684
-70.6684
-70.6684
-70.6684
-70.6683
-70.6683
-70.6683
-70.6683
-70.6682
-70.6682
-70.6682
-70.6682
-70.6682
-70.6681
-70.6681
-70.6681
-70.6681
-70.6681
-70.6768
-71.0167
-71.9129
-72.8545
-73.5836
-74.0183
-57.0463
-52.0617
-50.0466
-48.1006
-43.6755
11.1846
-25.7951
-56.198
-69.028
-68.2466
-67.2141
-66.1523
-65.0817
-64.0202
-62.9855
-61.9956
-61.0639
-60.1273
-59.0973
-58.2673
-57.5575
-56.9387
-56.3995
-55.9333
-55.5019
-55.1244
-54.8141
-54.5589
-54.3501
-54.1803
-54.0365
-53.901
-53.7945
-53.7131
-53.651
-53.6039
-53.5687
-53.5413
-53.5043
-53.4762
-53.4582
-53.4475
-53.4416
-53.4391
-53.4392
-53.4413
-53.436
-53.4214
-53.4138
-53.4116
-53.4126
-53.4156
-53.4198
-53.4247
-53.4303
-53.4364
-53.4429
-53.4406
-53.4234
-53.4147
-53.4123
-53.4134
-53.4162
-53.42
-53.4243
-53.429
-53.434
-53.4392
-53.4445
-53.45
-53.4556
-53.4614
-53.4667
-53.4713
-53.4377
-53.415
-53.4058
-53.4024
-53.4011
-53.4
-53.3978
-53.3932
-53.384
-53.3631
-53.2921
-52.712
-52.4112
-52.5203
-52.6919
-52.8371
-52.9422
-53.0134
-53.0613
-53.0956
-53.1233
-53.1493
-53.1774
-53.2105
-53.2518
-53.305
-53.4163
-53.4607
-53.4722
-53.4756
-53.4784
-53.4829
-53.4898
-53.4996
-53.5121
-53.527
-53.5442
-53.5638
-53.5859
-53.6108
-53.6385
-53.6693
-53.7034
-53.7412
-53.7828
-53.8287
-53.8791
-53.9342
-53.9944
-54.0599
-54.1313
-54.2088
-54.2926
-54.3831
-54.4809
-54.5866
-54.7006
-54.8235
-54.956
-55.0987
-55.2522
-54.4065
-53.501
-53.2849
-53.2608
-53.289
-53.3289
-53.3692
-53.4067
-53.4413
-53.4733
-53.5033
-53.5321
-53.5606
-53.5892
-53.6178
-53.647
-53.677
-53.7083
-53.7415
-53.7768
-53.8146
-53.8569
-53.9033
-53.9536
-54.007
-54.0638
-54.1246
-54.1897
-54.2595
-54.3366
-54.4225
-54.5156
-54.616
-54.7245
-54.8407
-54.9628
-55.0918
-55.2283
-55.3729
-55.5274
-55.6967
-55.8749
-55.0928
-53.5005
-53.1461
-53.1078
-53.1494
-53.2064
-53.261
-53.3093
-53.3518
-53.3891
-53.4222
-53.4526
-53.4806
-53.5071
-53.5331
-53.5585
-53.5836
-53.6089
-53.635
-53.6634
-53.6937
-53.7254
-53.7607
-53.7987
-53.8389
-53.884
-53.9327
-53.984
-54.0385
-54.0966
-54.1624
-54.2343
-54.3097
-54.3914
-54.4827
-54.5787
-54.6797
-54.7933
-54.9143
-55.04
-55.1712
-55.313
-55.4704
-55.6332
-55.7998
-55.9802
-56.1759
-56.3751
-56.5766
-56.7947
-57.0264
-55.7145
-53.4159
-52.9427
-52.9036
-52.9715
-53.0581
-53.1387
-53.2078
-53.2657
-53.3145
-53.3562
-53.3932
-53.426
-53.4555
-53.4834
-53.5104
-53.5364
-53.5618
-53.5873
-53.6147
-53.6438
-53.6737
-53.7048
-53.738
-53.776
-53.8174
-53.8617
-53.912
-53.9655
-54.0217
-54.0812
-54.1452
-54.2193
-54.2991
-54.3824
-54.4754
-54.579
-54.694
-54.8135
-54.9367
-55.0653
-55.2027
-55.3576
-55.5197
-55.6858
-53.692
-53.2021
-53.1264
-53.1547
-53.2047
-53.2544
-53.2986
-53.3372
-53.3712
-53.4011
-53.4278
-53.4521
-53.4749
-53.4966
-53.5183
-53.5423
-53.5667
-53.5911
-53.6161
-53.6437
-53.6734
-53.7046
-53.7376
-53.7734
-53.8255
-53.9166
-54.0308
-54.1688
-54.3295
-54.4805
-54.6211
-54.7517
-54.883
-55.0196
-55.2167
-55.5078
-55.8449
-56.183
-56.5041
-56.8034
-57.0914
-57.3811
-57.6827
-58.0084
-58.3899
-58.8553
-59.343
-59.8387
-60.3212
-60.7901
-61.2513
-61.709
-62.1714
-62.6469
-63.1403
-63.68
-64.2397
-64.8047
-65.3468
-65.8654
-66.3573
-66.8266
-67.2767
-67.7183
-68.1438
-68.5799
-69.0207
-69.4538
-69.8636
-70.24
-70.5861
-70.901
-71.1888
-71.4574
-71.7059
-71.9424
-72.1813
-72.4151
-72.6386
-72.841
-73.0207
-73.1805
-73.3212
-73.4463
-73.5596
-73.6609
-73.7577
-73.8562
-73.9522
-74.0435
-74.1239
-74.1941
-74.2547
-74.3071
-74.3529
-74.3928
-74.4267
-74.4593
-74.4949
-74.5301
-74.5645
-74.5951
-74.6205
-74.6417
-74.6593
-74.6742
-74.6865
-74.6955
-74.7028
-74.713
-74.7255
-74.7378
-74.7503
-74.7612
-74.7691
-74.7746
-74.7786
-74.7819
-74.7837
-74.7832
-74.7831
-74.7864
-74.791
-74.7953
-74.8001
-74.8046
-74.8075
-74.8078
-74.8073
-74.8072
-74.8056
-74.8028
-74.801
-74.8022
-74.8045
-74.8059
-74.8077
-74.8092
-74.8111
-74.8114
-74.8093
-74.8072
-74.8053
-74.8031
-74.8009
-74.8011
-74.8027
-74.8033
-74.8036
-74.8037
-74.8036
-74.8048
-74.8044
-74.8015
-74.798
-74.7951
-74.7941
-74.7931
-74.7941
-74.7954
-74.7955
-74.7953
-74.7947
-74.7936
-74.7941
-74.7954
-74.7941
-74.7903
-74.7857
-74.7831
-74.7825
-74.7843
-74.7863
-74.7867
-74.7873
-74.7869
-74.7851
-74.7832
-74.7833
-74.7845
-74.7836
-74.7794
-74.7741
-74.7704
-74.7681
-74.7708
-74.7742
-74.7748
-74.7764
-74.7766
-74.7758
-74.7746
-74.7737
-74.7731
-74.7739
-74.7719
-74.7676
-74.7628
-74.7581
-74.7571
-74.7596
-74.7623
-74.7635
-74.7658
-74.7667
-74.7667
-74.7652
-74.7634
-74.7612
-74.7599
-74.7593
-74.7569
-74.7526
-74.7468
-74.744
-74.7454
-74.7464
-74.746
-74.7487
-74.7532
-74.7567
-74.7569
-74.7545
-74.7534
-74.7509
-74.7479
-74.747
-74.7461
-74.7427
-74.7384
-74.7344
-74.7337
-74.7336
-74.7329
-74.7316
-74.7358
-74.7421
-74.745
-74.7437
-74.74
-74.7386
-74.7371
-74.7335
-74.731
-74.7306
-74.7296
-74.7266
-74.7236
-74.7203
-74.7178
-74.7171
-74.7158
-74.7169
-74.7224
-74.7277
-74.7307
-74.7292
-74.7262
-74.7262
-74.725
-74.7206
-74.7177
-74.716
-74.7158
-74.7152
-74.7132
-74.7109
-74.706
-74.702
-74.7015
-74.7014
-74.704
-74.7089
-74.7105
-74.7104
-74.7089
-74.707
-74.7077
-74.7087
-74.706
-74.7016
-74.6965
-74.6948
-74.6961
-74.6983
-74.6975
-74.694
-74.6903
-74.6866
-74.6831
-74.6834
-74.6861
-74.6889
-74.6903
-74.69
-74.6897
-74.6884
-74.6874
-74.6887
-74.6909
-74.6898
-74.6839
-74.6776
-74.6754
-74.6744
-74.6778
-74.6805
-74.68
-74.6784
-74.6755
-74.6732
-74.6678
-74.6624
-74.6629
-74.6683
-74.6716
-74.6721
-74.6694
-74.6643
-74.6614
-74.6597
-74.6602
-74.6616
-74.6587
-74.6543
-74.6527
-74.6513
-74.6513
-74.6522
-74.6541
-74.6585
-74.6607
-74.6597
-74.6565
-74.6495
-74.6405
-74.6345
-74.637
-74.642
-74.6473
-74.6475
-74.644
-74.6384
-74.6338
-74.6293
-74.6268
-74.625
-74.6251
-74.6251
-74.6253
-74.6232
-74.6227
-74.6238
-74.6259
-74.6301
-74.6354
-74.6386
-74.6387
-74.6357
-74.6308
-74.625
-74.6184
-74.6128
-74.6112
-74.6135
-74.6157
-74.615
-74.6146
-74.6134
-74.6075
-74.6015
-74.5959
-74.5904
-74.584
-74.5813
-74.5825
-74.5835
-74.5812
-74.5811
-74.5842
-74.5899
-74.5939
-74.5962
-74.6002
-74.6025
-74.6018
-74.6
-74.5986
-74.5961
-74.5896
-74.5806
-74.5734
-74.5695
-74.5709
-74.5741
-74.5759
-74.5763
-74.5725
-74.5656
-74.5591
-74.5573
-74.5537
-74.5478
-74.542
-74.5365
-74.5305
-74.529
-74.5274
-74.5286
-74.5346
-74.5371
-74.5398
-74.5421
-74.545
-74.5485
-74.55
-74.5501
-74.5493
-74.5462
-74.5439
-74.5434
-74.5413
-74.5369
-74.5345
-74.5304
-74.5268
-74.5281
-74.5335
-74.5355
-74.5322
-74.5277
-74.5247
-74.519
-74.5166
-74.5122
-74.5036
-74.4918
-74.4863
-74.4851
-74.4841
-74.4814
-74.4762
-74.4691
-74.4679
-74.4738
-74.4804
-74.4854
-74.4886
-74.4882
-74.4842
-74.482
-74.4808
-74.4812
-74.4843
-74.4827
-74.4756
-74.4685
-74.4649
-74.4647
-74.4648
-74.4613
-74.4551
-74.4474
-74.4441
-74.4478
-74.4554
-74.4628
-74.4659
-74.4668
-74.4642
-74.4566
-74.4471
-74.4404
-74.4329
-74.425
-74.4189
-74.4126
-74.4094
-74.406
-74.3997
-74.3933
-74.3857
-74.3799
-74.3835
-74.3874
-74.3885
-74.3932
-74.3983
-74.4005
-74.4008
-74.4022
-74.4037
-74.4016
-74.3971
-74.3922
-74.3872
-74.3809
-74.3739
-74.3654
-74.3538
-74.3409
-74.3337
-74.3315
-74.3317
-74.3363
-74.3415
-74.3386
-74.3295
-74.3227
-74.3282
-74.3297
-74.3264
-74.3192
-74.3134
-74.3199
-74.3294
-74.3379
-74.3399
-74.3369
-74.3322
-74.3277
-74.3235
-74.3255
-74.3243
-74.3173
-74.3062
-74.2942
-74.2857
-74.2796
-74.2711
-74.2659
-74.2613
-74.2588
-74.2569
-74.2575
-74.2574
-74.2568
-74.2512
-74.242
-74.2359
-74.2355
-74.2391
-74.2409
-74.2376
-74.2406
-74.2512
-74.2597
-74.2619
-74.2591
-74.2547
-74.2487
-74.2394
-74.2279
-74.2179
-74.2088
-74.1972
-74.1848
-74.1756
-74.1661
-74.1599
-74.1553
-74.1478
-74.1386
-74.1345
-74.1289
-74.1266
-74.1194
-74.1075
-74.1007
-74.1061
-74.1167
-74.1262
-74.1317
-74.1326
-74.131
-74.1251
-74.1133
-74.1057
-74.1047
-74.1047
-74.1089
-74.1166
-74.1287
-74.137
-74.1399
-74.1378
-74.1336
-74.1297
-74.1206
-74.1094
-74.1014
-74.1004
-74.1006
-74.0994
-74.0952
-74.0856
-74.074
-74.0661
-74.0709
-74.0768
-74.0746
-74.0689
-74.0635
-74.0626
-74.0668
-74.0728
-74.0733
-74.0696
-74.0608
-74.0456
-74.0266
-74.0178
-74.0127
-74.0015
-73.9864
-73.9755
-73.9678
-73.964
-73.9576
-73.9529
-73.9516
-73.9478
-73.9414
-73.9442
-73.948
-73.9454
-73.9346
-73.919
-73.9163
-73.9356
-73.9558
-73.9634
-73.9632
-73.9562
-73.9422
-73.927
-73.9151
-73.907
-73.9048
-73.8993
-73.8867
-73.8686
-73.8515
-73.8329
-73.8134
-73.7953
-73.779
-73.7623
-73.7417
-73.7184
-73.6983
-73.6819
-73.6664
-73.653
-73.6382
-73.6223
-73.6079
-73.5901
-73.571
-73.5686
-73.5848
-73.6022
-73.6156
-73.6258
-73.6267
-73.6204
-73.6136
-73.6022
-73.5855
-73.5649
-73.5467
-73.5394
-73.5377
-73.5351
-73.5324
-73.5329
-73.5344
-73.541
-73.5465
-73.5494
-73.5471
-73.5374
-73.5277
-73.5174
-73.5135
-73.5195
-73.5218
-73.5181
-73.5282
-73.5374
-73.5373
-73.5354
-73.5294
-73.5171
-73.5025
-73.491
-73.486
-73.4861
-73.4809
-73.4755
-73.4677
-73.4544
-73.4363
-73.4204
-73.4069
-73.3902
-73.3705
-73.3556
-73.3411
-73.323
-73.3017
-73.2779
-73.2524
-73.2257
-73.1982
-73.1701
-73.1416
-73.1128
-73.0839
-73.0548
-73.0258
-72.9968
-72.9741
-72.9594
-72.9509
-72.9458
-72.9364
-72.922
-72.9039
-72.8833
-72.861
-72.8375
-72.8132
-72.7885
-72.7633
-72.738
-72.7126
-72.6871
-72.6616
-72.6362
-72.6108
-72.5857
-72.5606
-72.5357
-72.511
-72.4865
-72.4623
-72.4382
-72.4144
-72.3907
-72.3674
-72.3442
-72.3213
-72.3005
-72.2943
-72.2913
-72.2844
-72.2736
-72.2598
-72.2441
-72.227
-72.2091
-72.1906
-72.1718
-72.1528
-72.1355
-72.1335
-72.1346
-72.1314
-72.1237
-72.1128
-72.0996
-72.085
-72.0693
-72.053
-72.0362
-72.0191
-72.0018
-71.9845
-71.9671
-71.9497
-71.9323
-71.915
-71.8978
-71.8839
-71.887
-71.8921
-71.8922
-71.8877
-71.8797
-71.8695
-71.8577
-71.8448
-71.8312
-71.8171
-71.8027
-71.7881
-71.7734
-71.7585
-71.7437
-71.7289
-71.7141
-71.6994
-71.6848
-71.6703
-71.6559
-71.6416
-71.6274
-71.6134
-71.5995
-71.5858
-71.5722
-71.5587
-71.5454
-71.5323
-71.5192
-71.5064
-71.4937
-71.4811
-71.4687
-71.4564
-71.4443
-71.4323
-71.4205
-71.4088
-71.3973
-71.3859
-71.3746
-71.3635
-71.3525
-71.3416
-71.3309
-71.3204
-71.3099
-71.2996
-71.2894
-71.2794
-71.2695
-71.2597
-71.25
-71.2405
-71.2311
-71.2218
-71.2126
-71.2036
-71.1946
-71.1858
-71.1771
-71.1685
-71.16
-71.1517
-71.1434
-71.1352
-71.1272
-71.1193
-71.1114
-71.1037
-71.0961
-71.0885
-71.0811
-71.0738
-71.0665
-71.0594
-71.0523
-71.0454
-71.0385
-71.0318
-71.0251
-71.0185
-71.012
-71.0056
-70.9993
-70.9931
-70.9869
-70.9809
-70.9749
-70.969
-70.9631
-70.9574
-70.9518
-70.9462
-70.9407
-70.9352
-70.9299
-70.9246
-70.9194
-70.9143
-70.9092
-70.9042
-70.8993
-70.8945
-70.8897
-70.885
-70.8803
-70.8757
-70.8712
-70.8668
-70.8624
-70.8581
-70.8538
-70.8496
-70.8455
-70.8414
-70.8374
-70.8334
-70.8295
-70.8257
-70.8219
-70.8181
-70.8145
-70.8108
-70.8073
-70.8038
-70.8003
-70.7969
-70.7935
-70.7902
-70.787
-70.7838
-70.7806
-70.7775
-70.7744
-70.7714
-70.7684
-70.7655
-70.7626
-70.7598
-70.757
-70.7542
-70.7515
-70.7489
-70.7463
-70.7437
-70.7411
-70.7386
-70.7362
-70.7338
-70.7314
-70.7291
-70.7267
-70.7245
-70.7223
-70.7201
-70.7179
-70.7158
-70.7137
-70.7116
-70.7096
-70.7077
-70.7057
-70.7038
-70.7019
-70.7
-70.6982
-70.6964
-70.6947
-70.693
-70.6913
-70.6896
-70.6879
-70.6863
-70.6848
-70.6832
-70.6817
-70.6802
-70.6787
-70.6773
-70.6758
-70.6744
-70.6731
-70.6717
-70.6704
-70.6691
-70.6678
-70.6666
-70.6654
-70.6642
-70.663
-70.6619
-70.6607
-70.6596
-70.6585
-70.6575
-70.6564
-70.6554
-70.6544
-70.6534
-70.6524
-70.6515
-70.6506
-70.6497
-70.6488
-70.6479
-70.6471
-70.6462
-70.6454
-70.6446
-70.6438
-70.6431
-70.6423
-70.6416
-70.6409
-70.6402
-70.6395
-70.6388
-70.6382
-70.6375
-70.6369
-70.6363
-70.6357
-70.6351
-70.6346
-70.634
-70.6335
-70.633
-70.6325
-70.632
-70.6315
-70.631
-70.6306
-70.6301
-70.6297
-70.6293
-70.6288
-70.6284
-70.6281
-70.6277
-70.6273
-70.627
-70.6266
-70.6263
-70.626
-70.6256
-70.6253
-70.6251
-70.6248
-70.6245
-70.6242
-70.624
-70.6237
-70.6235
-70.6233
-70.623
-70.6228
-70.6226
-70.6224
-70.6222
-70.6221
-70.6219
-70.6217
-70.6216
-70.6214
-70.6213
-70.6211
-70.621
-70.6209
-70.6208
-70.6207
-70.6206
-70.6205
-70.6204
-70.6203
-70.6202
-70.6202
-70.6201
-70.6201
-70.62
-70.62
-70.6199
-70.6199
-70.6199
-70.6198
-70.6198
-70.6198
-70.6198
-70.6198
-70.6198
-70.6198
-70.6198
-70.6198
-70.6198
-70.6198
-70.6199
-70.6199
-70.6199
-70.62
-70.62
-70.6201
-70.6201
-70.6202
-70.6202
-70.6203
-70.6204
-70.6204
-70.6205
-70.6206
-70.6206
-70.6207
-70.6208
-70.6209
-70.621
-70.6211
-70.6212
-70.6213
-70.6214
-70.6215
-70.6216
-70.6217
-70.6218
-70.6219
-70.622
-70.6221
-70.6223
-70.6224
-70.6225
-70.6226
-70.6228
-70.6229
-70.623
-70.6231
-70.6233
-70.6234
-70.6236
-70.6237
-70.6238
-70.624
-70.6241
-70.6243
-70.6244
-70.6246
-70.6247
-70.6249
-70.625
-70.6252
-70.6253
-70.6255
-70.6256
-70.6258
-70.626
-70.6261
-70.6263
-70.6264
-70.6266
-70.6268
-70.6269
-70.6271
-70.6273
-70.6274
-70.6276
-70.6278
-70.6279
-70.6281
-70.6283
-70.6284
-70.6286
-70.6288
-70.6289
-70.6291
-70.6293
-70.6295
-70.6296
-70.6298
-70.63
-70.6302
-70.6303
-70.6305
-70.6307
-70.6309
-70.631
-70.6312
-70.6314
-70.6316
-70.6317
-70.6319
-70.6321
-70.6323
-70.6324
-70.6326
-70.6328
-70.633
-70.6331
-70.6333
-70.6335
-70.6337
-70.6338
-70.634
-70.6342
-70.6344
-70.6345
-70.6347
-70.6349
-70.635
-70.6352
-70.6354
-70.6356
-70.6357
-70.6359
-70.6361
-70.6363
-70.6364
-70.6366
-70.6368
-70.6369
-70.6371
-70.6373
-70.6374
-70.6376
-70.6378
-70.6379
-70.6381
-70.6383
-70.6384
-70.6386
-70.6388
-70.6389
-70.6391
-70.6393
-70.6394
-70.6396
-70.6398
-70.6399
-70.6401
-70.6402
-70.6404
-70.6406
-70.6407
-70.6409
-70.641
-70.6412
-70.6414
-70.6415
-70.6417
-70.6418
-70.642
-70.6421
-70.6423
-70.6424
-70.6426
-70.6427
-70.6429
-70.643
-70.6432
-70.6433
-70.6435
-70.6436
-70.6438
-70.6439
-70.6441
-70.6442

