-70
-70.2123
-70.2926
-70.3252
-70.3404
-70.3491
-70.3555
-70.3609
-70.3659
-70.3708
-70.3757
-70.3805
-70.3853
-70.39
-70.3948
-70.3995
-70.4042
-70.4088
-70.4134
-70.4179
-70.4224
-70.4269
-70.4313
-70.4357
-70.44
-70.4443
-70.4485
-70.4527
-70.4569
-70.461
-70.465
-70.469
-70.473
-70.4769
-70.4808
-70.4846
-70.4884
-70.4921
-70.4958
-70.4995
-70.5031
-70.5067
-70.5102
-70.5137
-70.5172
-70.5206
-70.524
-70.5273
-70.5306
-70.5339
-70.5371
-70.5403
-70.5434
-70.5465
-70.5496
-70.5526
-70.5556
-70.5586
-70.5615
-70.5644
-70.5673
-70.5701
-70.5729
-70.5757
-70.5784
-70.5811
-70.5838
-70.5864
-70.589
-70.5916
-70.5941
-70.5966
-70.5991
-70.6016
-70.604
-70.6064
-70.6087
-70.6111
-70.6134
-70.6157
-70.6179
-70.6201
-70.6223
-70.6245
-70.6266
-70.6287
-70.6308
-70.6329
-70.6349
-70.6369
-70.6389
-70.6409
-70.6428
-70.6448
-70.6466
-70.6485
-70.6503
-70.6522
-70.654
-70.6557
-70.6575
-70.6592
-70.6609
-70.6626
-70.6643
-70.6659
-70.6675
-70.6691
-70.6707
-70.6723
-70.6738
-70.6754
-70.6769
-70.6783
-70.6798
-70.6812
-70.6827
-70.6841
-70.6855
-70.6868
-70.6882
-70.6895
-70.6908
-70.6921
-70.6934
-70.6947
-70.6959
-70.6972
-70.6984
-70.6996
-70.7008
-70.702
-70.7031
-70.7042
-70.7054
-70.7065
-70.7076
-70.7087
-70.7097
-70.7108
-70.7118
-70.7128
-70.7138
-70.7148
-70.7158
-70.7168
-70.7177
-70.7187
-70.7196
-70.7205
-70.7214
-70.7223
-70.7232
-70.7241
-70.7249
-70.7258
-70.7266
-70.7274
-70.7282
-70.729
-70.7298
-70.7306
-70.7314
-70.7321
-70.7329
-70.7336
-70.7343
-70.735
-70.7357
-70.7364
-70.7371
-70.7378
-70.7384
-70.7391
-70.7397
-70.7404
-70.741
-70.7416
-70.7422
-70.7428
-70.7434
-70.744
-70.7446
-70.7451
-70.7457
-70.7462
-70.7468
-70.7473
-70.7478
-70.7484
-70.7489
-70.7494
-70.7499
-70.7504
-70.7508
-70.7513
-70.7518
-70.7522
-70.7527
-70.7531
-70.7536
-70.754
-70.7544
-70.7549
-70.7553
-70.7557
-70.7561
-70.7565
-70.7569
-70.7573
-70.7576
-70.758
-70.7584
-70.7587
-70.7591
-70.7594
-70.7598
-70.7601
-70.7605
-70.7608
-70.7611
-70.7614
-70.7617
-70.7621
-70.7624
-70.7627
-70.763
-70.7632
-70.7635
-70.7638
-70.7641
-70.7644
-70.7646
-70.7649
-70.7651
-70.7654
-70.7656
-70.7659
-70.7661
-70.7664
-70.7666
-70.7668
-70.7671
-70.7673
-70.7675
-70.7677
-70.7679
-70.7681
-70.7684
-70.7686
-70.7688
-70.769
-70.7691
-70.7693
-70.7695
-70.7697
-70.7699
-70.7701
-70.7702
-70.7704
-70.7706
-70.7707
-70.7709
-70.7711
-70.7712
-70.7714
-70.7715
-70.7717
-70.7718
-70.772
-70.7721
-70.7722
-70.7724
-70.7725
-70.7726
-70.7728
-70.7729
-70.773
-70.7731
-70.7733
-70.7734
-70.7735
-70.7736
-70.7737
-70.7738
-70.7739
-70.774
-70.7741
-70.7742
-70.7743
-70.7744
-70.7745
-70.7746
-70.7747
-70.7748
-70.7749
-70.775
-70.7751
-70.7751
-70.7752
-70.7753
-70.7754
-70.7755
-70.7755
-70.7756
-70.7757
-70.7758
-70.7758
-70.7759
-70.776
-70.776
-70.7761
-70.7762
-70.7762
-70.7763
-70.7763
-70.7764
-70.7765
-70.7765
-70.7766
-70.7766
-70.7767
-70.7767
-70.7768
-70.7768
-70.7769
-70.7769
-70.777
-70.777
-70.7771
-70.7771
-70.7771
-70.7772
-70.7772
-70.7773
-70.7773
-70.7773
-70.7774
-70.7774
-70.7774
-70.7775
-70.7775
-70.7775
-70.7776
-70.7776
-70.7776
-70.7777
-70.7777
-70.7777
-70.7777
-70.7778
-70.7778
-70.7778
-70.7778
-70.7779
-70.7779
-70.7779
-70.7779
-70.778
-70.778
-70.778
-70.778
-70.778
-70.7781
-70.7781
-70.7781
-70.7781
-70.7781
-70.7781
-70.7782
-70.7782
-70.7782
-70.7782
-70.7782
-70.7782
-70.7782
-70.7783
-70.7783
-70.7783
-70.7783
-70.7783
-70.7783
-70.7783
-70.7783
-70.7783
-70.7783
-70.7784
-70.7784
-70.7784
-70.7784
-70.7784
-70.7784
-70.7784
-70.7784
-70.7784
-70.7784
-70.7784
-70.7784
-70.7784
-70.7784
-70.7784
-70.7784
-70.7784
-70.7784
-70.7784
-70.7785
-70.7785
-70.7785
-70.7785
-70.7785
-70.7785
-70.7785
-70.7785
-70.7785
-70.7785
-70.7785
-70.7785
-70.7785
-70.7785
-70.7785
-70.7785
-70.7785
-70.7785
-70.7785
-70.7785
-70.7785
-70.7785
-70.7785
-70.7785
-70.7785
-70.7785
-70.7785
-70.7785
-70.7785
-70.7785
-70.7785
-70.7784
-70.7784
-70.7784
-70.7784
-70.7784
-70.7784
-70.7784
-70.7784
-70.7784
-70.7784
-70.7784
-70.7784
-70.7784
-70.7784
-70.7784
-70.7784
-70.7784
-70.7784
-70.7784
-70.7784
-70.7784
-70.7784
-70.7784
-70.7784
-70.7784
-70.7784
-70.7784
-70.7784
-70.7784
-70.7783
-70.7783
-70.7783
-70.7783
-70.7783
-70.7783
-70.7783
-70.7839
-70.9586
-71.6022
-72.4608
-73.2321
-73.7661
-68.5086
-54.8417
-51.1956
-48.6322
-40.5899
-12.6189
-50.3309
-70.5381
-69.5287
-68.2567
-66.9086
-65.5232
-64.1364
-62.7848
-61.5017
-60.3142
-59.2417
-58.2901
-57.4536
-56.7448
-56.1396
-55.639
-55.2409
-54.9267
-54.6786
-54.4873
-54.3433
-54.2326
-54.15
-54.0889
-54.0449
-54.0132
-53.9916
-53.9763
-53.9647
-53.9577
-53.9541
-53.9527
-53.9507
-53.9498
-53.9501
-53.9498
-53.9503
-53.9518
-53.9539
-53.9564
-53.9589
-53.9603
-53.962
-53.9634
-53.9632
-53.9634
-53.9636
-53.9645
-53.966
-53.9677
-53.9697
-53.9717
-53.9725
-53.9731
-53.9738
-53.9734
-53.9725
-53.9725
-53.9731
-53.9742
-53.9754
-53.9768
-53.9782
-53.9797
-53.981
-53.9822
-53.9833
-53.9842
-53.9849
-53.9832
-53.9798
-53.9769
-53.9734
-53.9698
-53.9663
-53.9617
-53.9419
-53.8381
-53.838
-53.8681
-53.8927
-53.9088
-53.9185
-53.9242
-53.9274
-53.9294
-53.9308
-53.9322
-53.9341
-53.9368
-53.9407
-53.9463
-53.9541
-53.9648
-53.9785
-53.9949
-54.0128
-54.0134
-54.0118
-54.0054
-54.0023
-54.003
-54.002
-54.0003
-54.0008
-54.0031
-54.0066
-54.011
-54.0161
-54.0219
-54.0284
-54.0356
-54.0436
-54.0523
-54.062
-54.0725
-54.084
-54.0967
-54.1105
-54.1256
-54.1421
-54.1602
-54.1799
-54.2014
-54.2247
-54.2501
-54.2777
-54.3078
-54.3406
-54.3764
-54.4153
-54.4576
-54.5035
-54.5237
-54.163
-54.0115
-53.9547
-53.9491
-53.96
-53.9746
-53.9846
-53.9854
-53.9885
-53.9937
-53.9998
-54.0062
-54.0127
-54.0192
-54.0258
-54.0326
-54.039
-54.0268
-54.0173
-54.0142
-54.0151
-54.0181
-54.0223
-54.0274
-54.033
-54.0393
-54.0466
-54.0545
-54.0629
-54.0719
-54.0816
-54.092
-54.1034
-54.116
-54.1307
-54.1466
-54.164
-54.1831
-54.2035
-54.2251
-54.2484
-54.2736
-54.3009
-54.3305
-54.1516
-54.0031
-53.9593
-53.956
-53.9641
-53.9743
-53.9842
-53.9932
-53.9975
-53.994
-53.9932
-53.9949
-53.998
-54.0018
-54.0061
-54.0107
-54.0154
-54.0204
-54.0257
-54.0314
-54.0374
-54.0441
-54.0518
-54.06
-54.0689
-54.0791
-54.09
-54.1017
-54.1142
-54.1278
-54.1425
-54.1584
-54.1762
-54.1969
-54.2192
-54.2428
-54.2697
-54.2996
-54.3313
-54.3649
-54.401
-54.4399
-54.482
-54.5275
-54.5801
-54.6391
-54.7011
-54.7668
-54.843
-54.9254
-55.0113
-55.1017
-55.1975
-55.2991
-54.5496
-53.8702
-53.7591
-53.7805
-53.8254
-53.8675
-53.9022
-53.9298
-53.9516
-53.9691
-53.9836
-53.9958
-53.9934
-53.9885
-53.9884
-53.9911
-53.9949
-53.9991
-54.0039
-54.0091
-54.0145
-54.0201
-54.026
-54.0323
-54.039
-54.0469
-54.0555
-54.0646
-54.0745
-54.086
-54.0986
-54.1119
-54.1262
-54.1416
-54.1585
-54.1769
-54.1987
-54.223
-54.2486
-54.2761
-54.3083
-54.3437
-54.1112
-53.9988
-53.9737
-53.9611
-53.9598
-53.9653
-53.9731
-53.981
-53.9823
-53.9829
-53.9852
-53.9885
-53.9922
-53.996
-54.0004
-54.005
-54.0097
-54.015
-54.0237
-54.0363
-54.0528
-54.069
-54.0839
-54.0982
-54.1127
-54.1277
-54.1441
-54.1673
-54.199
-54.2413
-54.2888
-54.3354
-54.3792
-54.4212
-54.4643
-54.5111
-54.5646
-54.6312
-54.7101
-54.8014
-54.8998
-55.0026
-55.1065
-55.2137
-55.3268
-55.4483
-55.5823
-55.7364
-55.9112
-56.1048
-56.3181
-56.545
-56.7769
-57.0145
-57.2609
-57.5198
-57.7965
-58.0978
-58.4287
-58.7922
-59.1817
-59.5964
-60.0201
-60.4407
-60.8609
-61.2813
-61.7076
-62.1498
-62.6188
-63.1164
-63.631
-64.1601
-64.6952
-65.2156
-65.7101
-66.1812
-66.6295
-67.065
-67.4951
-67.931
-68.3739
-68.81
-69.2387
-69.6515
-70.0362
-70.3893
-70.7096
-71.0002
-71.2697
-71.5234
-71.7686
-72.0114
-72.2452
-72.4685
-72.6769
-72.8678
-73.0396
-73.1905
-73.3226
-73.4413
-73.5486
-73.6486
-73.7463
-73.8424
-73.9337
-74.0192
-74.096
-74.1649
-74.2254
-74.2751
-74.3175
-74.3561
-74.3898
-74.4222
-74.4543
-74.4869
-74.5189
-74.5485
-74.5747
-74.5971
-74.6167
-74.6313
-74.643
-74.6534
-74.6621
-74.6713
-74.6805
-74.69
-74.7
-74.7094
-74.7186
-74.7258
-74.7312
-74.7352
-74.7379
-74.7396
-74.74
-74.7412
-74.7433
-74.7455
-74.7485
-74.7513
-74.7532
-74.7569
-74.7593
-74.7593
-74.7593
-74.7598
-74.7584
-74.7559
-74.7556
-74.7551
-74.7547
-74.7561
-74.7567
-74.7553
-74.756
-74.7574
-74.7558
-74.7551
-74.7545
-74.7539
-74.7518
-74.7509
-74.7505
-74.7491
-74.7498
-74.7509
-74.7499
-74.748
-74.7474
-74.7464
-74.7446
-74.7432
-74.7425
-74.7406
-74.7405
-74.7407
-74.7394
-74.7378
-74.7386
-74.7402
-74.7388
-74.7355
-74.7331
-74.7323
-74.7326
-74.7299
-74.7279
-74.7276
-74.7268
-74.7288
-74.7294
-74.7274
-74.7271
-74.7272
-74.728
-74.7264
-74.7225
-74.7174
-74.7171
-74.7186
-74.7163
-74.7123
-74.7114
-74.7124
-74.7147
-74.715
-74.7134
-74.7128
-74.7128
-74.7141
-74.7137
-74.7116
-74.707
-74.7037
-74.7029
-74.7025
-74.7009
-74.6991
-74.6976
-74.699
-74.7025
-74.7006
-74.6973
-74.6971
-74.6966
-74.6973
-74.6996
-74.6983
-74.6951
-74.6929
-74.6884
-74.6863
-74.6862
-74.686
-74.6844
-74.6811
-74.6828
-74.6849
-74.6833
-74.6798
-74.6793
-74.6788
-74.6795
-74.6813
-74.6827
-74.6845
-74.6821
-74.6758
-74.6705
-74.6709
-74.6719
-74.6719
-74.6701
-74.6683
-74.6673
-74.6654
-74.6617
-74.6597
-74.6593
-74.658
-74.6582
-74.6607
-74.6644
-74.6671
-74.6683
-74.6645
-74.6587
-74.6531
-74.6499
-74.6517
-74.6533
-74.6544
-74.6547
-74.6525
-74.6482
-74.642
-74.637
-74.6358
-74.6364
-74.6354
-74.6343
-74.6397
-74.6459
-74.6489
-74.6484
-74.645
-74.6411
-74.6369
-74.632
-74.6294
-74.6293
-74.6325
-74.6348
-74.6358
-74.6337
-74.6264
-74.6186
-74.6135
-74.6117
-74.613
-74.6136
-74.6137
-74.6157
-74.6188
-74.6202
-74.6221
-74.6225
-74.6198
-74.6161
-74.6101
-74.6064
-74.6073
-74.607
-74.6077
-74.609
-74.6074
-74.6086
-74.606
-74.5983
-74.5901
-74.5875
-74.5886
-74.589
-74.5886
-74.59
-74.592
-74.5961
-74.5962
-74.5916
-74.5885
-74.5864
-74.5843
-74.5816
-74.5773
-74.5748
-74.577
-74.578
-74.5785
-74.579
-74.5802
-74.5791
-74.5735
-74.5683
-74.5643
-74.5613
-74.5594
-74.5605
-74.5612
-74.5647
-74.5654
-74.5628
-74.5627
-74.564
-74.5638
-74.5592
-74.5544
-74.5534
-74.5496
-74.5441
-74.5381
-74.5343
-74.5297
-74.5272
-74.5322
-74.5378
-74.5377
-74.5347
-74.5362
-74.5373
-74.5346
-74.5301
-74.5265
-74.5245
-74.5202
-74.519
-74.524
-74.5302
-74.5347
-74.533
-74.5279
-74.5212
-74.5174
-74.5171
-74.5154
-74.5129
-74.5097
-74.5057
-74.5022
-74.4984
-74.4951
-74.4907
-74.481
-74.4709
-74.4699
-74.474
-74.4743
-74.4734
-74.4762
-74.4778
-74.4781
-74.4773
-74.4763
-74.4747
-74.4755
-74.479
-74.4813
-74.483
-74.4817
-74.4788
-74.4784
-74.4762
-74.4735
-74.4701
-74.4665
-74.4661
-74.4654
-74.4642
-74.4602
-74.4541
-74.4494
-74.4483
-74.4496
-74.4499
-74.4447
-74.4345
-74.4228
-74.4088
-74.4013
-74.4029
-74.4048
-74.4023
-74.3989
-74.401
-74.4002
-74.3972
-74.3984
-74.3972
-74.3923
-74.3912
-74.3981
-74.401
-74.4005
-74.4036
-74.4093
-74.4138
-74.413
-74.4068
-74.4004
-74.3942
-74.3887
-74.3835
-74.3822
-74.3828
-74.3863
-74.3907
-74.3965
-74.3983
-74.3944
-74.3834
-74.3728
-74.3677
-74.3674
-74.3675
-74.3609
-74.3504
-74.34
-74.3303
-74.3228
-74.3162
-74.3101
-74.3031
-74.2946
-74.2834
-74.2826
-74.2904
-74.2951
-74.2954
-74.2894
-74.2781
-74.2696
-74.2691
-74.2716
-74.2738
-74.2754
-74.2816
-74.2873
-74.2904
-74.2899
-74.2895
-74.2865
-74.2833
-74.2777
-74.2722
-74.2673
-74.2648
-74.2624
-74.2619
-74.2599
-74.2588
-74.2614
-74.267
-74.2717
-74.2803
-74.2893
-74.2945
-74.2929
-74.2896
-74.2837
-74.2755
-74.266
-74.256
-74.2436
-74.2309
-74.224
-74.2205
-74.2155
-74.2111
-74.204
-74.193
-74.1853
-74.1783
-74.1703
-74.1626
-74.1568
-74.1522
-74.1488
-74.1429
-74.1408
-74.1414
-74.1452
-74.1439
-74.1385
-74.1303
-74.1184
-74.1075
-74.0998
-74.094
-74.0922
-74.0924
-74.0888
-74.0851
-74.0861
-74.0811
-74.0705
-74.0568
-74.0456
-74.0401
-74.0363
-74.0284
-74.0211
-74.0184
-74.0169
-74.0212
-74.0279
-74.0366
-74.0478
-74.0496
-74.0465
-74.0437
-74.0461
-74.0472
-74.0459
-74.0502
-74.0531
-74.0493
-74.0443
-74.0437
-74.0445
-74.0458
-74.0519
-74.0705
-74.0866
-74.0982
-74.1062
-74.1083
-74.1074
-74.1016
-74.0924
-74.0806
-74.0669
-74.049
-74.0304
-74.0135
-74.0005
-73.9919
-73.9849
-73.9762
-73.9658
-73.9517
-73.9354
-73.9282
-73.9212
-73.9172
-73.9116
-73.9027
-73.8915
-73.8822
-73.8725
-73.8656
-73.8681
-73.8713
-73.8705
-73.8653
-73.8533
-73.8386
-73.8239
-73.8256
-73.8476
-73.8699
-73.8836
-73.8859
-73.8832
-73.8741
-73.8595
-73.8461
-73.8363
-73.8286
-73.817
-73.8022
-73.7936
-73.7862
-73.7805
-73.7732
-73.7628
-73.7524
-73.7431
-73.7337
-73.7251
-73.7172
-73.7049
-73.693
-73.6795
-73.6616
-73.6399
-73.6167
-73.5982
-73.5789
-73.5566
-73.5318
-73.5052
-73.4787
-73.4599
-73.4486
-73.4417
-73.4423
-73.4545
-73.4755
-73.4929
-73.5054
-73.5089
-73.5035
-73.4977
-73.4899
-73.4779
-73.4685
-73.457
-73.4411
-73.4215
-73.3992
-73.3749
-73.3493
-73.3226
-73.2959
-73.2815
-73.2851
-73.288
-73.2981
-73.3064
-73.3101
-73.321
-73.3319
-73.3426
-73.3509
-73.3508
-73.3428
-73.3294
-73.3195
-73.3099
-73.3019
-73.31
-73.3283
-73.3407
-73.3424
-73.3385
-73.338
-73.3484
-73.3559
-73.3615
-73.3728
-73.3772
-73.3727
-73.3673
-73.3619
-73.3517
-73.3366
-73.318
-73.2968
-73.2739
-73.2539
-73.2404
-73.2253
-73.2069
-73.186
-73.1719
-73.1604
-73.1541
-73.148
-73.137
-73.1214
-73.1026
-73.0841
-73.0742
-73.0732
-73.0783
-73.0835
-73.0814
-73.0725
-73.0586
-73.0413
-73.0216
-73.0002
-72.9777
-72.9544
-72.9304
-72.9061
-72.8814
-72.8566
-72.8317
-72.8068
-72.7915
-72.7822
-72.7705
-72.7553
-72.7375
-72.7179
-72.6971
-72.6755
-72.6535
-72.6311
-72.6085
-72.5859
-72.5632
-72.5406
-72.518
-72.4956
-72.4733
-72.4511
-72.4292
-72.4074
-72.3859
-72.3762
-72.374
-72.3689
-72.3597
-72.3473
-72.3327
-72.3167
-72.2998
-72.2822
-72.2643
-72.2461
-72.2277
-72.2093
-72.1909
-72.1725
-72.1543
-72.1361
-72.118
-72.1
-72.0822
-72.0646
-72.0471
-72.0298
-72.0126
-71.9957
-71.9789
-71.9623
-71.9459
-71.9296
-71.9136
-71.8977
-71.8821
-71.8666
-71.8513
-71.8361
-71.8212
-71.8064
-71.7918
-71.7774
-71.7632
-71.7491
-71.7353
-71.7215
-71.708
-71.6946
-71.6814
-71.6684
-71.6555
-71.6428
-71.6302
-71.6178
-71.6056
-71.5935
-71.5816
-71.5698
-71.5582
-71.5467
-71.5354
-71.5242
-71.5132
-71.5023
-71.4915
-71.4809
-71.4704
-71.4601
-71.4499
-71.4398
-71.4299
-71.42
-71.4104
-71.4008
-71.3914
-71.3821
-71.3729
-71.3638
-71.3549
-71.3461
-71.3374
-71.3288
-71.3203
-71.312
-71.3037
-71.2956
-71.2876
-71.2797
-71.2719
-71.2642
-71.2567
-71.2492
-71.2418
-71.2345
-71.2273
-71.2203
-71.2133
-71.2064
-71.1996
-71.1929
-71.1863
-71.1798
-71.1734
-71.167
-71.1608
-71.1546
-71.1485
-71.1425
-71.1366
-71.1308
-71.1251
-71.1194
-71.1138
-71.1083
-71.1029
-71.0975
-71.0923
-71.0871
-71.0819
-71.0769
-71.0719
-71.067
-71.0621
-71.0574
-71.0527
-71.048
-71.0434
-71.0389
-71.0345
-71.0301
-71.0258
-71.0216
-71.0174
-71.0133
-71.0092
-71.0052
-71.0012
-70.9973
-70.9935
-70.9897
-70.986
-70.9823
-70.9787
-70.9752
-70.9717
-70.9682
-70.9648
-70.9614
-70.9581
-70.9549
-70.9517
-70.9485
-70.9454
-70.9424
-70.9393
-70.9364
-70.9334
-70.9306
-70.9277
-70.9249
-70.9222
-70.9195
-70.9168
-70.9142
-70.9116
-70.909
-70.9065
-70.9041
-70.9016
-70.8992
-70.8969
-70.8946
-70.8923
-70.89
-70.8878
-70.8856
-70.8835
-70.8814
-70.8793
-70.8773
-70.8753
-70.8733
-70.8714
-70.8694
-70.8676
-70.8657
-70.8639
-70.8621
-70.8603
-70.8586
-70.8569
-70.8552
-70.8535
-70.8519
-70.8503
-70.8487
-70.8472
-70.8457
-70.8442
-70.8427
-70.8413
-70.8398
-70.8384
-70.8371
-70.8357
-70.8344
-70.8331
-70.8318
-70.8305
-70.8293
-70.8281
-70.8269
-70.8257
-70.8245
-70.8234
-70.8223
-70.8212
-70.8201
-70.819
-70.818
-70.817
-70.816
-70.815
-70.814
-70.8131
-70.8121
-70.8112
-70.8103
-70.8094
-70.8085
-70.8077
-70.8068
-70.806
-70.8052
-70.8044
-70.8036
-70.8029
-70.8021
-70.8014
-70.8007
-70.7999
-70.7992
-70.7986
-70.7979
-70.7972
-70.7966
-70.796
-70.7953
-70.7947
-70.7941
-70.7935
-70.793
-70.7924
-70.7918
-70.7913
-70.7908
-70.7903
-70.7897
-70.7892
-70.7888
-70.7883
-70.7878
-70.7873
-70.7869
-70.7865
-70.786
-70.7856
-70.7852
-70.7848
-70.7844
-70.784
-70.7836
-70.7832
-70.7829
-70.7825
-70.7822
-70.7818
-70.7815
-70.7812
-70.7808
-70.7805
-70.7802
-70.7799
-70.7796
-70.7793
-70.7791
-70.7788
-70.7785
-70.7783
-70.778
-70.7778
-70.7775
-70.7773
-70.7771
-70.7768
-70.7766
-70.7764
-70.7762
-70.776
-70.7758
-70.7756
-70.7754
-70.7752
-70.775
-70.7749
-70.7747
-70.7745
-70.7744
-70.7742
-70.7741
-70.7739
-70.7738
-70.7736
-70.7735
-70.7734
-70.7732
-70.7731
-70.773
-70.7729
-70.7728
-70.7727
-70.7726
-70.7725
-70.7724
-70.7723
-70.7722
-70.7721
-70.772
-70.7719
-70.7718
-70.7717
-70.7717
-70.7716
-70.7715
-70.7715
-70.7714
-70.7713
-70.7713
-70.7712
-70.7712
-70.7711
-70.7711
-70.771
-70.771
-70.7709
-70.7709
-70.7708
-70.7708
-70.7708
-70.7707
-70.7707
-70.7707
-70.7706
-70.7706
-70.7706
-70.7706
-70.7706
-70.7705
-70.7705
-70.7705
-70.7705
-70.7705
-70.7705
-70.7705
-70.7704
-70.7704
-70.7704
-70.7704
-70.7704
-70.7704
-70.7704
-70.7704
-70.7704
-70.7704
-70.7704
-70.7704
-70.7704
-70.7705
-70.7705
-70.7705
-70.7705
-70.7705
-70.7705
-70.7705
-70.7705
-70.7705
-70.7706
-70.7706
-70.7706
-70.7706
-70.7706
-70.7706
-70.7707
-70.7707
-70.7707
-70.7707
-70.7707
-70.7708
-70.7708
-70.7708
-70.7708
-70.7709
-70.7709
-70.7709
-70.7709
-70.771
-70.771
-70.771
-70.7711
-70.7711
-70.7711
-70.7711
-70.7712
-70.7712
-70.7712
-70.7713
-70.7713
-70.7713
-70.7714
-70.7714
-70.7714
-70.7714
-70.7715
-70.7715
-70.7715
-70.7716
-70.7716
-70.7716
-70.7717
-70.7717
-70.7717
-70.7718
-70.7718
-70.7718
-70.7719
-70.7719
-70.7719
-70.772
-70.772
-70.7721
-70.7721
-70.7721
-70.7722
-70.7722
-70.7722
-70.7723
-70.7723
-70.7723
-70.7724
-70.7724
-70.7724
-70.7725
-70.7725
-70.7725
-70.7726
-70.7726
-70.7726
-70.7727
-70.7727
-70.7728
-70.7728
-70.7728
-70.7729
-70.7729
-70.7729
-70.773
-70.773
-70.773
-70.7731
-70.7731
-70.7731
-70.7732
-70.7732
-70.7732
-70.7733
-70.7733
-70.7733
-70.7734
-70.7734
-70.7734
-70.7735
-70.7735
-70.7735
-70.7736
-70.7736
-70.7736
-70.7737
-70.7737
-70.7737
-70.7738
-70.7738
-70.7738
-70.7738

