-70
-70.1661
-70.23
-70.2566
-70.2695
-70.2773
-70.283
-70.2879
-70.2925
-70.297
-70.3014
-70.3057
-70.31
-70.3142
-70.3185
-70.3226
-70.3268
-70.3309
-70.335
-70.3391
-70.3431
-70.3471
-70.351
-70.3549
-70.3588
-70.3626
-70.3664
-70.3701
-70.3738
-70.3775
-70.3811
-70.3847
-70.3883
-70.3918
-70.3953
-70.3987
-70.4021
-70.4055
-70.4088
-70.4121
-70.4154
-70.4186
-70.4218
-70.4249
-70.428
-70.4311
-70.4341
-70.4372
-70.4401
-70.4431
-70.446
-70.4489
-70.4517
-70.4545
-70.4573
-70.4601
-70.4628
-70.4655
-70.4682
-70.4708
-70.4734
-70.476
-70.4785
-70.481
-70.4835
-70.486
-70.4884
-70.4908
-70.4932
-70.4955
-70.4978
-70.5001
-70.5024
-70.5046
-70.5068
-70.509
-70.5112
-70.5133
-70.5154
-70.5175
-70.5196
-70.5216
-70.5236
-70.5256
-70.5276
-70.5295
-70.5315
-70.5334
-70.5352
-70.5371
-70.5389
-70.5407
-70.5425
-70.5443
-70.5461
-70.5478
-70.5495
-70.5512
-70.5528
-70.5545
-70.5561
-70.5577
-70.5593
-70.5609
-70.5624
-70.5639
-70.5655
-70.5669
-70.5684
-70.5699
-70.5713
-70.5727
-70.5741
-70.5755
-70.5769
-70.5782
-70.5796
-70.5809
-70.5822
-70.5835
-70.5848
-70.586
-70.5873
-70.5885
-70.5897
-70.5909
-70.5921
-70.5932
-70.5944
-70.5955
-70.5966
-70.5977
-70.5988
-70.5999
-70.601
-70.602
-70.603
-70.6041
-70.6051
-70.6061
-70.6071
-70.608
-70.609
-70.6099
-70.6109
-70.6118
-70.6127
-70.6136
-70.6145
-70.6154
-70.6162
-70.6171
-70.6179
-70.6187
-70.6196
-70.6204
-70.6212
-70.622
-70.6227
-70.6235
-70.6242
-70.625
-70.6257
-70.6265
-70.6272
-70.6279
-70.6286
-70.6293
-70.6299
-70.6306
-70.6313
-70.6319
-70.6325
-70.6332
-70.6338
-70.6344
-70.635
-70.6356
-70.6362
-70.6368
-70.6374
-70.6379
-70.6385
-70.639
-70.6396
-70.6401
-70.6406
-70.6411
-70.6417
-70.6422
-70.6427
-70.6431
-70.6436
-70.6441
-70.6446
-70.645
-70.6455
-70.6459
-70.6464
-70.6468
-70.6472
-70.6476
-70.6481
-70.6485
-70.6489
-70.6493
-70.6497
-70.65
-70.6504
-70.6508
-70.6512
-70.6515
-70.6519
-70.6522
-70.6526
-70.6529
-70.6533
-70.6536
-70.6539
-70.6542
-70.6545
-70.6549
-70.6552
-70.6555
-70.6558
-70.656
-70.6563
-70.6566
-70.6569
-70.6572
-70.6574
-70.6577
-70.658
-70.6582
-70.6585
-70.6587
-70.6589
-70.6592
-70.6594
-70.6597
-70.6599
-70.6601
-70.6603
-70.6605
-70.6607
-70.661
-70.6612
-70.6614
-70.6616
-70.6617
-70.6619
-70.6621
-70.6623
-70.6625
-70.6627
-70.6628
-70.663
-70.6632
-70.6633
-70.6635
-70.6637
-70.6638
-70.664
-70.6641
-70.6643
-70.6644
-70.6646
-70.6647
-70.6648
-70.665
-70.6651
-70.6652
-70.6653
-70.6655
-70.6656
-70.6657
-70.6658
-70.6659
-70.666
-70.6662
-70.6663
-70.6664
-70.6665
-70.6666
-70.6667
-70.6668
-70.6669
-70.667
-70.667
-70.6671
-70.6672
-70.6673
-70.6674
-70.6675
-70.6675
-70.6676
-70.6677
-70.6678
-70.6678
-70.6679
-70.668
-70.668
-70.6681
-70.6682
-70.6682
-70.6683
-70.6683
-70.6684
-70.6685
-70.6685
-70.6686
-70.6686
-70.6687
-70.6687
-70.6688
-70.6688
-70.6688
-70.6689
-70.6689
-70.669
-70.669
-70.669
-70.6691
-70.6691
-70.6691
-70.6692
-70.6692
-70.6692
-70.6693
-70.6693
-70.6693
-70.6694
-70.6694
-70.6694
-70.6694
-70.6694
-70.6695
-70.6695
-70.6695
-70.6695
-70.6695
-70.6696
-70.6696
-70.6696
-70.6696
-70.6696
-70.6696
-70.6696
-70.6697
-70.6697
-70.6697
-70.6697
-70.6697
-70.6697
-70.6697
-70.6697
-70.6697
-70.6697
-70.6697
-70.6697
-70.6697
-70.6697
-70.6697
-70.6697
-70.6697
-70.6697
-70.6697
-70.6697
-70.6697
-70.6697
-70.6697
-70.6697
-70.6697
-70.6697
-70.6697
-70.6697
-70.6697
-70.6697
-70.6697
-70.6697
-70.6697
-70.6697
-70.6697
-70.6696
-70.6696
-70.6696
-70.6696
-70.6696
-70.6696
-70.6696
-70.6696
-70.6696
-70.6695
-70.6695
-70.6695
-70.6695
-70.6695
-70.6695
-70.6695
-70.6695
-70.6694
-70.6694
-70.6694
-70.6694
-70.6694
-70.6694
-70.6693
-70.6693
-70.6693
-70.6693
-70.6693
-70.6693
-70.6693
-70.6692
-70.6692
-70.6692
-70.6692
-70.6692
-70.6691
-70.6691
-70.6691
-70.6691
-70.6691
-70.6691
-70.669
-70.669
-70.669
-70.669
-70.669
-70.6689
-70.6689
-70.6689
-70.6689
-70.6689
-70.6688
-70.6688
-70.6688
-70.6688
-70.6688
-70.6687
-70.6687
-70.6687
-70.6687
-70.6686
-70.6686
-70.6686
-70.6686
-70.6686
-70.6685
-70.6685
-70.6685
-70.6685
-70.6685
-70.6684
-70.6684
-70.6684
-70.6684
-70.6684
-70.6683
-70.6683
-70.6683
-70.6683
-70.6682
-70.6682
-70.6682
-70.6682
-70.6682
-70.6681
-70.6681
-70.6681
-70.6681
-70.6681
-70.6684
-70.8814
-71.6799
-72.6634
-73.4449
-73.9503
-74.2102
-74.3309
-62.3071
-53.3419
-50.7161
-48.7834
-45.4395
-10.6617
-20.0873
-46.9924
-69.0262
-68.6074
-67.5918
-66.537
-65.4671
-64.4012
-63.3575
-62.3518
-61.3983
-60.5079
-59.4918
-58.5644
-57.8048
-57.1507
-56.5813
-56.0884
-55.6592
-55.2544
-54.9176
-54.6414
-54.4155
-54.2315
-54.0825
-53.9459
-53.8272
-53.7359
-53.6666
-53.6139
-53.5744
-53.5454
-53.5161
-53.4831
-53.4608
-53.447
-53.439
-53.4351
-53.4341
-53.4352
-53.438
-53.4256
-53.4142
-53.4094
-53.4088
-53.4108
-53.4143
-53.4187
-53.4239
-53.4295
-53.4355
-53.442
-53.4277
-53.4154
-53.4106
-53.4103
-53.4123
-53.4156
-53.4195
-53.4238
-53.4284
-53.4332
-53.4381
-53.4431
-53.4483
-53.4529
-53.4569
-53.4603
-53.4406
-53.4149
-53.4035
-53.3988
-53.3963
-53.3936
-53.3891
-53.3802
-53.3596
-53.2774
-52.7135
-52.5441
-52.6588
-52.8069
-52.9275
-53.0134
-53.0713
-53.1105
-53.1387
-53.162
-53.1845
-53.2092
-53.2387
-53.2757
-53.3236
-53.3851
-53.4482
-53.4676
-53.4718
-53.4737
-53.4768
-53.4823
-53.4906
-53.5013
-53.5143
-53.5294
-53.5468
-53.5665
-53.5887
-53.6136
-53.6412
-53.6717
-53.7055
-53.7427
-53.7838
-53.829
-53.8785
-53.9326
-53.9916
-54.0558
-54.1257
-54.2016
-54.2837
-54.3722
-54.4679
-54.5713
-54.6829
-54.8031
-54.9326
-55.0722
-55.2224
-54.5667
-53.5442
-53.2935
-53.2596
-53.2851
-53.3244
-53.3646
-53.4022
-53.4368
-53.4688
-53.4987
-53.5275
-53.556
-53.5841
-53.6122
-53.6407
-53.6701
-53.7008
-53.7333
-53.7679
-53.8065
-53.8483
-53.8938
-53.9425
-53.9943
-54.0495
-54.1088
-54.1724
-54.2408
-54.314
-54.3946
-54.483
-54.5782
-54.6823
-54.7927
-54.9091
-55.0326
-55.1638
-55.3032
-55.4508
-55.6069
-55.7788
-55.6565
-53.6543
-53.1792
-53.1092
-53.1422
-53.1972
-53.2517
-53.3003
-53.3426
-53.3796
-53.4127
-53.4426
-53.4699
-53.4961
-53.5211
-53.5454
-53.5694
-53.5935
-53.6183
-53.6441
-53.6711
-53.7014
-53.7342
-53.7687
-53.8067
-53.849
-53.8938
-53.9412
-53.9916
-54.0456
-54.1035
-54.1657
-54.2346
-54.3126
-54.395
-54.4812
-54.577
-54.6831
-54.7934
-54.9081
-55.0283
-55.1549
-55.2883
-55.4283
-55.5835
-55.7546
-55.9293
-56.1067
-56.2938
-56.503
-56.7155
-56.4426
-53.6193
-53.0075
-52.9296
-52.9835
-53.0637
-53.1409
-53.2071
-53.2627
-53.3094
-53.3498
-53.3851
-53.4162
-53.4441
-53.4696
-53.4936
-53.5168
-53.5396
-53.5639
-53.5893
-53.6151
-53.6417
-53.6695
-53.7004
-53.7355
-53.7725
-53.8115
-53.8531
-53.8976
-53.9455
-53.9976
-54.0592
-54.1261
-54.1962
-54.2721
-54.3587
-54.45
-54.5449
-54.6445
-54.7496
-54.8633
-54.9943
-53.8972
-53.3307
-53.2193
-53.2244
-53.2573
-53.2941
-53.328
-53.3578
-53.3841
-53.4079
-53.43
-53.4503
-53.4694
-53.4878
-53.506
-53.5242
-53.5429
-53.5634
-53.5859
-53.6103
-53.6389
-53.6706
-53.704
-53.7387
-53.7752
-53.8154
-53.8852
-53.9977
-54.1301
-54.2833
-54.4468
-54.6038
-54.7469
-54.8854
-55.0531
-55.2824
-55.604
-55.9665
-56.3223
-56.6551
-56.9714
-57.274
-57.5743
-57.8828
-58.2208
-58.6211
-59.0936
-59.6091
-60.1272
-60.6176
-61.0935
-61.5644
-62.0296
-62.4937
-62.9737
-63.4897
-64.035
-64.6033
-65.1679
-65.7006
-66.2054
-66.6886
-67.1498
-67.5906
-68.0171
-68.4435
-68.8749
-69.3087
-69.7342
-70.1287
-70.4866
-70.8135
-71.1135
-71.3883
-71.6406
-71.8799
-72.114
-72.3439
-72.5695
-72.7831
-72.9728
-73.1398
-73.2874
-73.4184
-73.5351
-73.6405
-73.7393
-73.8353
-73.9291
-74.0209
-74.1072
-74.1814
-74.2448
-74.299
-74.3457
-74.3862
-74.4227
-74.4569
-74.4907
-74.5247
-74.5592
-74.5929
-74.6213
-74.6439
-74.662
-74.6762
-74.6875
-74.6976
-74.7063
-74.7158
-74.727
-74.7393
-74.7521
-74.7649
-74.7739
-74.78
-74.7837
-74.7855
-74.7864
-74.7872
-74.7878
-74.7905
-74.7948
-74.7999
-74.8052
-74.8112
-74.814
-74.8145
-74.8134
-74.8118
-74.8096
-74.8071
-74.8048
-74.8051
-74.8072
-74.8104
-74.8132
-74.8169
-74.8187
-74.8175
-74.8158
-74.8139
-74.8116
-74.8083
-74.8051
-74.804
-74.805
-74.8071
-74.8086
-74.8098
-74.8123
-74.8121
-74.8094
-74.8081
-74.8063
-74.803
-74.7992
-74.7959
-74.7954
-74.7974
-74.7999
-74.8009
-74.8011
-74.8025
-74.8033
-74.8009
-74.799
-74.7979
-74.7958
-74.7921
-74.7876
-74.7848
-74.7858
-74.7892
-74.791
-74.7916
-74.7913
-74.7924
-74.7929
-74.7908
-74.7876
-74.786
-74.7849
-74.7816
-74.7769
-74.7742
-74.7744
-74.7778
-74.7805
-74.7815
-74.7817
-74.7817
-74.7834
-74.7824
-74.7788
-74.7753
-74.7736
-74.7722
-74.7683
-74.7655
-74.7634
-74.7637
-74.7658
-74.7686
-74.7708
-74.7719
-74.7722
-74.7734
-74.7722
-74.7686
-74.7648
-74.7621
-74.7588
-74.7562
-74.755
-74.7536
-74.753
-74.7532
-74.7545
-74.7563
-74.7589
-74.761
-74.7607
-74.7611
-74.7607
-74.7574
-74.7539
-74.749
-74.7437
-74.7419
-74.7422
-74.7421
-74.7434
-74.7432
-74.7422
-74.7429
-74.7452
-74.7481
-74.7493
-74.749
-74.7493
-74.7478
-74.7455
-74.741
-74.7345
-74.7287
-74.7255
-74.7272
-74.7296
-74.731
-74.7317
-74.73
-74.7285
-74.7288
-74.7305
-74.731
-74.7319
-74.7331
-74.7346
-74.7353
-74.7317
-74.7259
-74.7196
-74.7158
-74.7133
-74.7129
-74.7141
-74.7169
-74.7183
-74.7182
-74.7186
-74.7175
-74.7173
-74.7171
-74.7175
-74.7165
-74.7146
-74.717
-74.7178
-74.7151
-74.7099
-74.7062
-74.702
-74.6994
-74.6984
-74.6965
-74.6974
-74.6991
-74.6997
-74.6989
-74.6979
-74.6987
-74.7005
-74.6997
-74.6969
-74.6956
-74.6945
-74.694
-74.6937
-74.6935
-74.6952
-74.6939
-74.6904
-74.6854
-74.6824
-74.6803
-74.6812
-74.683
-74.6838
-74.6845
-74.6826
-74.6804
-74.6799
-74.684
-74.6858
-74.6843
-74.6808
-74.6772
-74.6749
-74.6726
-74.6708
-74.6692
-74.6679
-74.6674
-74.6649
-74.6623
-74.6611
-74.6602
-74.6597
-74.6619
-74.6627
-74.6608
-74.6582
-74.655
-74.6533
-74.6539
-74.657
-74.6599
-74.6594
-74.6581
-74.6568
-74.6545
-74.6493
-74.642
-74.6384
-74.638
-74.635
-74.6317
-74.6311
-74.6318
-74.6311
-74.6328
-74.6353
-74.6398
-74.6429
-74.6435
-74.6418
-74.6386
-74.6332
-74.6298
-74.6312
-74.6346
-74.6382
-74.6399
-74.6394
-74.6378
-74.6343
-74.6292
-74.622
-74.6145
-74.6086
-74.6033
-74.5994
-74.595
-74.594
-74.5942
-74.5929
-74.5932
-74.5944
-74.5975
-74.6017
-74.6051
-74.6061
-74.6035
-74.6012
-74.6018
-74.602
-74.5998
-74.5978
-74.5994
-74.6025
-74.6032
-74.6034
-74.6003
-74.5943
-74.5889
-74.5851
-74.581
-74.5769
-74.5724
-74.5664
-74.5577
-74.5481
-74.5399
-74.5378
-74.5405
-74.5411
-74.5425
-74.5457
-74.5464
-74.5494
-74.5522
-74.5528
-74.5539
-74.555
-74.5527
-74.5549
-74.5608
-74.5622
-74.5628
-74.5652
-74.5661
-74.5654
-74.564
-74.5595
-74.5577
-74.5546
-74.5499
-74.5431
-74.5366
-74.5323
-74.531
-74.5287
-74.5284
-74.5256
-74.5184
-74.5081
-74.4991
-74.4943
-74.4907
-74.488
-74.4856
-74.4822
-74.4779
-74.4742
-74.4758
-74.4832
-74.4881
-74.4917
-74.4961
-74.499
-74.4981
-74.4949
-74.4978
-74.5028
-74.5082
-74.5081
-74.5025
-74.4947
-74.4926
-74.4972
-74.4984
-74.4969
-74.4911
-74.4843
-74.4777
-74.4699
-74.4627
-74.4566
-74.4499
-74.4449
-74.4412
-74.4392
-74.4337
-74.4258
-74.4228
-74.4202
-74.4207
-74.421
-74.4215
-74.4156
-74.4084
-74.4032
-74.3957
-74.3896
-74.388
-74.3902
-74.3904
-74.3918
-74.3959
-74.3996
-74.3986
-74.3963
-74.3965
-74.3963
-74.3938
-74.3901
-74.3892
-74.3904
-74.3923
-74.3913
-74.3874
-74.3801
-74.3718
-74.3701
-74.3729
-74.38
-74.3868
-74.3898
-74.3902
-74.3915
-74.3894
-74.3838
-74.3783
-74.3703
-74.36
-74.351
-74.3445
-74.3391
-74.3297
-74.3184
-74.311
-74.307
-74.3039
-74.3022
-74.303
-74.3025
-74.2989
-74.2928
-74.2866
-74.2806
-74.2745
-74.275
-74.2746
-74.2735
-74.2656
-74.2542
-74.248
-74.2469
-74.2493
-74.2507
-74.2528
-74.2602
-74.2714
-74.285
-74.2968
-74.2995
-74.2943
-74.2854
-74.2737
-74.2629
-74.2561
-74.2498
-74.2395
-74.2232
-74.2075
-74.193
-74.1789
-74.1663
-74.161
-74.1613
-74.1602
-74.1616
-74.1633
-74.1566
-74.1441
-74.1285
-74.1132
-74.1048
-74.1102
-74.1267
-74.1505
-74.1774
-74.1964
-74.204
-74.2065
-74.2088
-74.2102
-74.2057
-74.1964
-74.1942
-74.201
-74.2093
-74.2089
-74.2016
-74.1905
-74.1831
-74.1804
-74.1724
-74.1574
-74.1372
-74.1187
-74.1025
-74.089
-74.0796
-74.0737
-74.0699
-74.0666
-74.0574
-74.0426
-74.0361
-74.0346
-74.0341
-74.0316
-74.027
-74.0258
-74.0196
-74.0145
-74.0128
-74.015
-74.0172
-74.0125
-74.0003
-73.9889
-73.9775
-73.963
-73.9491
-73.9391
-73.931
-73.9301
-73.9334
-73.9404
-73.9456
-73.9457
-73.9541
-73.9674
-73.982
-74.0067
-74.0333
-74.0523
-74.0612
-74.0646
-74.0667
-74.0674
-74.0615
-74.0517
-74.0414
-74.0295
-74.017
-74.0005
-73.9797
-73.9553
-73.9291
-73.9084
-73.8915
-73.8757
-73.8594
-73.8442
-73.8263
-73.8083
-73.7905
-73.7692
-73.7445
-73.7175
-73.7029
-73.7032
-73.6999
-73.6888
-73.6726
-73.658
-73.6447
-73.6322
-73.6156
-73.6
-73.5892
-73.5873
-73.5892
-73.5896
-73.5857
-73.5746
-73.5578
-73.5368
-73.518
-73.509
-73.5135
-73.5189
-73.5224
-73.5189
-73.5152
-73.5145
-73.5099
-73.4985
-73.4817
-73.461
-73.4376
-73.4127
-73.3955
-73.3872
-73.379
-73.3769
-73.3771
-73.3775
-73.3751
-73.3659
-73.3524
-73.357
-73.3851
-73.4113
-73.4274
-73.4309
-73.4248
-73.4175
-73.4108
-73.4121
-73.4155
-73.418
-73.4186
-73.4196
-73.4161
-73.4197
-73.432
-73.4403
-73.446
-73.4437
-73.4339
-73.4185
-73.3991
-73.3771
-73.3531
-73.3326
-73.3171
-73.2996
-73.279
-73.2558
-73.2308
-73.208
-73.1926
-73.1763
-73.1567
-73.1345
-73.1104
-73.0849
-73.0586
-73.0316
-73.0043
-72.9767
-72.949
-72.9213
-72.9032
-72.9013
-72.9002
-72.8931
-72.8804
-72.8636
-72.8442
-72.8228
-72.8002
-72.7767
-72.7527
-72.7282
-72.7036
-72.6787
-72.6538
-72.6289
-72.604
-72.5792
-72.5545
-72.53
-72.5056
-72.4908
-72.4846
-72.4762
-72.4639
-72.4486
-72.4312
-72.4123
-72.3926
-72.3723
-72.3555
-72.3522
-72.3492
-72.3419
-72.3306
-72.3166
-72.3006
-72.2833
-72.2651
-72.2464
-72.2273
-72.208
-72.1885
-72.1689
-72.1494
-72.1298
-72.1104
-72.091
-72.0718
-72.0526
-72.0337
-72.0148
-71.9962
-71.9777
-71.9594
-71.9413
-71.9233
-71.9056
-71.888
-71.8706
-71.8534
-71.8364
-71.8196
-71.803
-71.7866
-71.7703
-71.7543
-71.7384
-71.7227
-71.7073
-71.6919
-71.6768
-71.6619
-71.6471
-71.6325
-71.6181
-71.6038
-71.5898
-71.5759
-71.5621
-71.5486
-71.5352
-71.5219
-71.5089
-71.496
-71.4832
-71.4706
-71.4582
-71.4459
-71.4338
-71.4218
-71.41
-71.3983
-71.3867
-71.3753
-71.3641
-71.353
-71.342
-71.3312
-71.3205
-71.31
-71.2996
-71.2893
-71.2792
-71.2691
-71.2593
-71.2495
-71.2399
-71.2304
-71.221
-71.2118
-71.2026
-71.1936
-71.1847
-71.1759
-71.1673
-71.1587
-71.1503
-71.1419
-71.1337
-71.1256
-71.1176
-71.1097
-71.1019
-71.0942
-71.0866
-71.0791
-71.0717
-71.0644
-71.0572
-71.0501
-71.0431
-71.0362
-71.0294
-71.0227
-71.0161
-71.0095
-71.0031
-70.9967
-70.9905
-70.9843
-70.9782
-70.9721
-70.9662
-70.9603
-70.9546
-70.9489
-70.9433
-70.9377
-70.9323
-70.9269
-70.9216
-70.9163
-70.9112
-70.9061
-70.9011
-70.8961
-70.8913
-70.8865
-70.8817
-70.8771
-70.8725
-70.8679
-70.8634
-70.859
-70.8547
-70.8504
-70.8462
-70.8421
-70.838
-70.8339
-70.83
-70.826
-70.8222
-70.8184
-70.8146
-70.811
-70.8073
-70.8037
-70.8002
-70.7967
-70.7933
-70.79
-70.7866
-70.7834
-70.7802
-70.777
-70.7739
-70.7708
-70.7678
-70.7648
-70.7619
-70.759
-70.7562
-70.7534
-70.7506
-70.7479
-70.7453
-70.7426
-70.7401
-70.7375
-70.735
-70.7326
-70.7301
-70.7278
-70.7254
-70.7231
-70.7209
-70.7186
-70.7165
-70.7143
-70.7122
-70.7101
-70.7081
-70.706
-70.7041
-70.7021
-70.7002
-70.6983
-70.6965
-70.6947
-70.6929
-70.6911
-70.6894
-70.6877
-70.6861
-70.6844
-70.6828
-70.6813
-70.6797
-70.6782
-70.6767
-70.6752
-70.6738
-70.6724
-70.671
-70.6697
-70.6683
-70.667
-70.6657
-70.6645
-70.6632
-70.662
-70.6608
-70.6597
-70.6585
-70.6574
-70.6563
-70.6552
-70.6542
-70.6532
-70.6521
-70.6511
-70.6502
-70.6492
-70.6483
-70.6474
-70.6465
-70.6456
-70.6448
-70.6439
-70.6431
-70.6423
-70.6415
-70.6407
-70.64
-70.6393
-70.6385
-70.6378
-70.6372
-70.6365
-70.6358
-70.6352
-70.6346
-70.634
-70.6334
-70.6328
-70.6322
-70.6317
-70.6312
-70.6306
-70.6301
-70.6296
-70.6292
-70.6287
-70.6282
-70.6278
-70.6274
-70.6269
-70.6265
-70.6261
-70.6257
-70.6254
-70.625
-70.6247
-70.6243
-70.624
-70.6237
-70.6234
-70.6231
-70.6228
-70.6225
-70.6222
-70.622
-70.6217
-70.6215
-70.6212
-70.621
-70.6208
-70.6206
-70.6204
-70.6202
-70.62
-70.6199
-70.6197
-70.6195
-70.6194
-70.6192
-70.6191
-70.619
-70.6189
-70.6187
-70.6186
-70.6185
-70.6184
-70.6184
-70.6183
-70.6182
-70.6181
-70.6181
-70.618
-70.618
-70.6179
-70.6179
-70.6179
-70.6178
-70.6178
-70.6178
-70.6178
-70.6178
-70.6178
-70.6178
-70.6178
-70.6178
-70.6178
-70.6178
-70.6179
-70.6179
-70.6179
-70.618
-70.618
-70.6181
-70.6181
-70.6182
-70.6182
-70.6183
-70.6184
-70.6184
-70.6185
-70.6186
-70.6187
-70.6187
-70.6188
-70.6189
-70.619
-70.6191
-70.6192
-70.6193
-70.6194
-70.6195
-70.6196
-70.6197
-70.6199
-70.62
-70.6201
-70.6202
-70.6203
-70.6205
-70.6206
-70.6207
-70.6209
-70.621
-70.6211
-70.6213
-70.6214
-70.6215
-70.6217
-70.6218
-70.622
-70.6221
-70.6223
-70.6224
-70.6226
-70.6227
-70.6229
-70.623
-70.6232
-70.6234
-70.6235
-70.6237
-70.6239
-70.624
-70.6242
-70.6244
-70.6245
-70.6247
-70.6249
-70.625
-70.6252
-70.6254
-70.6255
-70.6257
-70.6259
-70.6261
-70.6262
-70.6264
-70.6266
-70.6268
-70.627
-70.6271
-70.6273
-70.6275
-70.6277
-70.6278
-70.628
-70.6282
-70.6284
-70.6286
-70.6288
-70.6289
-70.6291
-70.6293
-70.6295
-70.6297
-70.6298
-70.63
-70.6302
-70.6304
-70.6306
-70.6308
-70.6309
-70.6311
-70.6313
-70.6315
-70.6317
-70.6319
-70.632
-70.6322
-70.6324
-70.6326
-70.6328
-70.633
-70.6331
-70.6333
-70.6335
-70.6337
-70.6339
-70.634
-70.6342
-70.6344
-70.6346
-70.6348
-70.6349
-70.6351
-70.6353
-70.6355
-70.6357
-70.6358
-70.636
-70.6362
-70.6364
-70.6365
-70.6367
-70.6369
-70.6371
-70.6372
-70.6374
-70.6376
-70.6378
-70.6379
-70.6381
-70.6383
-70.6384
-70.6386
-70.6388
-70.639
-70.6391
-70.6393
-70.6395
-70.6396
-70.6398
-70.64
-70.6401
-70.6403
-70.6404
-70.6406
-70.6408
-70.6409
-70.6411
-70.6413
-70.6414
-70.6416
-70.6417
-70.6419
-70.642
-70.6422
-70.6424
-70.6425
-70.6427
-70.6428
-70.643
-70.6431

