-70
-70.1661
-70.23
-70.2566
-70.2695
-70.2773
-70.283
-70.2879
-70.2925
-70.297
-70.3014
-70.3057
-70.31
-70.3142
-70.3185
-70.3226
-70.3268
-70.3309
-70.335
-70.3391
-70.3431
-70.3471
-70.351
-70.3549
-70.3588
-70.3626
-70.3664
-70.3701
-70.3738
-70.3775
-70.3811
-70.3847
-70.3883
-70.3918
-70.3953
-70.3987
-70.4021
-70.4055
-70.4088
-70.4121
-70.4154
-70.4186
-70.4218
-70.4249
-70.428
-70.4311
-70.4341
-70.4372
-70.4401
-70.4431
-70.446
-70.4489
-70.4517
-70.4545
-70.4573
-70.4601
-70.4628
-70.4655
-70.4682
-70.4708
-70.4734
-70.476
-70.4785
-70.481
-70.4835
-70.486
-70.4884
-70.4908
-70.4932
-70.4955
-70.4978
-70.5001
-70.5024
-70.5046
-70.5068
-70.509
-70.5112
-70.5133
-70.5154
-70.5175
-70.5196
-70.5216
-70.5236
-70.5256
-70.5276
-70.5295
-70.5315
-70.5334
-70.5352
-70.5371
-70.5389
-70.5407
-70.5425
-70.5443
-70.5461
-70.5478
-70.5495
-70.5512
-70.5528
-70.5545
-70.5561
-70.5577
-70.5593
-70.5609
-70.5624
-70.5639
-70.5655
-70.5669
-70.5684
-70.5699
-70.5713
-70.5727
-70.5741
-70.5755
-70.5769
-70.5782
-70.5796
-70.5809
-70.5822
-70.5835
-70.5848
-70.586
-70.5873
-70.5885
-70.5897
-70.5909
-70.5921
-70.5932
-70.5944
-70.5955
-70.5966
-70.5977
-70.5988
-70.5999
-70.601
-70.602
-70.603
-70.6041
-70.6051
-70.6061
-70.6071
-70.608
-70.609
-70.6099
-70.6109
-70.6118
-70.6127
-70.6136
-70.6145
-70.6154
-70.6162
-70.6171
-70.6179
-70.6187
-70.6196
-70.6204
-70.6212
-70.622
-70.6227
-70.6235
-70.6242
-70.625
-70.6257
-70.6265
-70.6272
-70.6279
-70.6286
-70.6293
-70.6299
-70.6306
-70.6313
-70.6319
-70.6325
-70.6332
-70.6338
-70.6344
-70.635
-70.6356
-70.6362
-70.6368
-70.6374
-70.6379
-70.6385
-70.639
-70.6396
-70.6401
-70.6406
-70.6411
-70.6417
-70.6422
-70.6427
-70.6431
-70.6436
-70.6441
-70.6446
-70.645
-70.6455
-70.6459
-70.6464
-70.6468
-70.6472
-70.6476
-70.6481
-70.6485
-70.6489
-70.6493
-70.6497
-70.65
-70.6504
-70.6508
-70.6512
-70.6515
-70.6519
-70.6522
-70.6526
-70.6529
-70.6533
-70.6536
-70.6539
-70.6542
-70.6545
-70.6549
-70.6552
-70.6555
-70.6558
-70.656
-70.6563
-70.6566
-70.6569
-70.6572
-70.6574
-70.6577
-70.658
-70.6582
-70.6585
-70.6587
-70.6589
-70.6592
-70.6594
-70.6597
-70.6599
-70.6601
-70.6603
-70.6605
-70.6607
-70.661
-70.6612
-70.6614
-70.6616
-70.6617
-70.6619
-70.6621
-70.6623
-70.6625
-70.6627
-70.6628
-70.663
-70.6632
-70.6633
-70.6635
-70.6637
-70.6638
-70.664
-70.6641
-70.6643
-70.6644
-70.6646
-70.6647
-70.6648
-70.665
-70.6651
-70.6652
-70.6653
-70.6655
-70.6656
-70.6657
-70.6658
-70.6659
-70.666
-70.6662
-70.6663
-70.6664
-70.6665
-70.6666
-70.6667
-70.6668
-70.6669
-70.667
-70.667
-70.6671
-70.6672
-70.6673
-70.6674
-70.6675
-70.6675
-70.6676
-70.6677
-70.6678
-70.6678
-70.6679
-70.668
-70.668
-70.6681
-70.6682
-70.6682
-70.6683
-70.6683
-70.6684
-70.6685
-70.6685
-70.6686
-70.6686
-70.6687
-70.6687
-70.6688
-70.6688
-70.6688
-70.6689
-70.6689
-70.669
-70.669
-70.669
-70.6691
-70.6691
-70.6691
-70.6692
-70.6692
-70.6692
-70.6693
-70.6693
-70.6693
-70.6694
-70.6694
-70.6694
-70.6694
-70.6694
-70.6695
-70.6695
-70.6695
-70.6695
-70.6695
-70.6696
-70.6696
-70.6696
-70.6696
-70.6696
-70.6696
-70.6696
-70.6697
-70.6697
-70.6697
-70.6697
-70.6697
-70.6697
-70.6697
-70.6697
-70.6697
-70.6697
-70.6697
-70.6697
-70.6697
-70.6697
-70.6697
-70.6697
-70.6697
-70.6697
-70.6697
-70.6697
-70.6697
-70.6697
-70.6697
-70.6697
-70.6697
-70.6697
-70.6697
-70.6697
-70.6697
-70.6697
-70.6697
-70.6697
-70.6697
-70.6697
-70.6697
-70.6696
-70.6696
-70.6696
-70.6696
-70.6696
-70.6696
-70.6696
-70.6696
-70.6696
-70.6695
-70.6695
-70.6695
-70.6695
-70.6695
-70.6695
-70.6695
-70.6695
-70.6694
-70.6694
-70.6694
-70.6694
-70.6694
-70.6694
-70.6693
-70.6693
-70.6693
-70.6693
-70.6693
-70.6693
-70.6693
-70.6692
-70.6692
-70.6692
-70.6692
-70.6692
-70.6691
-70.6691
-70.6691
-70.6691
-70.6691
-70.6691
-70.669
-70.669
-70.669
-70.669
-70.669
-70.6689
-70.6689
-70.6689
-70.6689
-70.6689
-70.6688
-70.6688
-70.6688
-70.6688
-70.6688
-70.6687
-70.6687
-70.6687
-70.6687
-70.6686
-70.6686
-70.6686
-70.6686
-70.6686
-70.6685
-70.6685
-70.6685
-70.6685
-70.6685
-70.6684
-70.6684
-70.6684
-70.6684
-70.6684
-70.6683
-70.6683
-70.6683
-70.6683
-70.6682
-70.6682
-70.6682
-70.6682
-70.6682
-70.6681
-70.6681
-70.6681
-70.6681
-70.6681
-70.6722
-70.8837
-71.6538
-72.5862
-73.3253
-73.8149
-74.0808
-74.2116
-56.9538
-51.9
-49.7705
-47.3993
-39.1186
-2.24367
-33.2593
-65.7784
-68.965
-67.9989
-66.9447
-65.8652
-64.7784
-63.7033
-62.6569
-61.6544
-60.7088
-59.8136
-58.8768
-58.0825
-57.3915
-56.7848
-56.2546
-55.7942
-55.3872
-55.0298
-54.7309
-54.4827
-54.2782
-54.1105
-53.9711
-53.8478
-53.7484
-53.6704
-53.6095
-53.5621
-53.5257
-53.4973
-53.4689
-53.4458
-53.4297
-53.4187
-53.4115
-53.4071
-53.4047
-53.4039
-53.4007
-53.394
-53.3897
-53.3881
-53.3884
-53.3898
-53.3919
-53.3944
-53.3973
-53.4005
-53.4037
-53.4015
-53.3984
-53.3945
-53.393
-53.3933
-53.3947
-53.3966
-53.3988
-53.4012
-53.4037
-53.4063
-53.4088
-53.4111
-53.4131
-53.4149
-53.413
-53.4054
-53.4006
-53.3979
-53.3938
-53.3897
-53.3861
-53.381
-53.3689
-53.2941
-53.0639
-53.0586
-53.1174
-53.1749
-53.2182
-53.248
-53.268
-53.2817
-53.2921
-53.3012
-53.3104
-53.3209
-53.3336
-53.3499
-53.3711
-53.4018
-53.4209
-53.4308
-53.4381
-53.4452
-53.4533
-53.4629
-53.4563
-53.4493
-53.4476
-53.4496
-53.4541
-53.4603
-53.4681
-53.4771
-53.4875
-53.499
-53.512
-53.5262
-53.542
-53.5593
-53.5783
-53.5991
-53.6219
-53.6467
-53.6738
-53.7034
-53.7358
-53.7713
-53.81
-53.8523
-53.8983
-53.9484
-54.0029
-53.7103
-53.5042
-53.4429
-53.4328
-53.4406
-53.4547
-53.471
-53.4883
-53.5061
-53.5244
-53.4901
-53.4571
-53.4456
-53.4452
-53.4499
-53.4572
-53.4659
-53.4754
-53.4857
-53.4966
-53.5083
-53.5207
-53.5339
-53.5481
-53.5633
-53.5797
-53.5982
-53.6187
-53.6405
-53.6638
-53.689
-53.7162
-53.7458
-53.778
-53.813
-53.8511
-53.893
-53.9401
-53.9908
-54.0449
-54.103
-53.6102
-53.4272
-53.3836
-53.3832
-53.3956
-53.4115
-53.4282
-53.4447
-53.4606
-53.4762
-53.4915
-53.5069
-53.5225
-53.5062
-53.4542
-53.4328
-53.4275
-53.4295
-53.4346
-53.4409
-53.448
-53.4557
-53.4637
-53.4723
-53.4813
-53.4909
-53.5012
-53.5122
-53.5248
-53.5387
-53.5533
-53.5689
-53.5857
-53.6037
-53.6233
-53.6444
-53.6674
-53.6924
-53.7196
-53.7507
-53.7865
-53.8247
-53.8652
-53.9085
-53.9549
-54.0049
-54.0588
-54.1167
-53.8688
-53.4607
-53.3576
-53.3438
-53.3547
-53.3714
-53.3883
-53.4039
-53.418
-53.4309
-53.4428
-53.4541
-53.4647
-53.4748
-53.4845
-53.4949
-53.5057
-53.516
-53.5255
-53.5342
-53.4691
-53.4194
-53.4031
-53.399
-53.3988
-53.3993
-53.399
-53.3971
-53.3928
-53.3828
-53.359
-53.2746
-52.6527
-52.3087
-52.4018
-52.5797
-52.7371
-52.854
-52.9349
-52.9912
-53.0352
-53.0759
-53.114
-53.1534
-53.1988
-53.2552
-53.3269
-53.4172
-53.4841
-53.4957
-53.4946
-53.493
-53.4939
-53.4984
-53.5061
-53.5165
-53.5292
-53.5444
-53.562
-53.5823
-53.6052
-53.6309
-53.6596
-53.6914
-53.7267
-53.7657
-53.8092
-53.8573
-53.9106
-53.7889
-53.5536
-53.4731
-53.454
-53.4571
-53.4688
-53.485
-53.5038
-53.5244
-53.5468
-53.5704
-53.5947
-53.6197
-53.6456
-53.673
-53.7034
-53.7399
-53.7826
-53.8314
-53.8855
-53.9424
-54.0003
-54.0605
-54.1244
-54.1933
-54.2689
-54.3585
-54.4616
-54.5748
-54.6979
-54.8286
-54.9656
-55.1096
-55.2619
-55.4245
-55.6022
-55.801
-56.0279
-56.2739
-56.5379
-56.8175
-57.1087
-57.409
-57.7176
-58.0367
-58.3726
-58.7329
-59.1374
-59.577
-60.0334
-60.5043
-60.9819
-61.4599
-61.9322
-62.3979
-62.8628
-63.3355
-63.8295
-64.3594
-64.9045
-65.4444
-65.9741
-66.4846
-66.9695
-67.4265
-67.856
-68.2634
-68.661
-69.0603
-69.4643
-69.8634
-70.2446
-70.6022
-70.9342
-71.2359
-71.5081
-71.7547
-71.9795
-72.1911
-72.397
-72.5969
-72.7904
-72.9742
-73.1425
-73.2961
-73.4313
-73.5502
-73.654
-73.7449
-73.8277
-73.908
-73.985
-74.059
-74.1305
-74.1981
-74.2595
-74.3146
-74.3602
-74.3987
-74.4312
-74.458
-74.4835
-74.5095
-74.5335
-74.5574
-74.5817
-74.6048
-74.6262
-74.6452
-74.6594
-74.6697
-74.678
-74.6841
-74.6898
-74.6965
-74.7028
-74.7098
-74.7183
-74.7267
-74.7344
-74.7415
-74.7473
-74.7495
-74.7502
-74.7505
-74.75
-74.7506
-74.7509
-74.7508
-74.7526
-74.7552
-74.7583
-74.7609
-74.7631
-74.7656
-74.7658
-74.7641
-74.7622
-74.7609
-74.7611
-74.76
-74.7581
-74.7576
-74.7585
-74.7595
-74.7608
-74.7613
-74.7619
-74.7628
-74.7623
-74.7597
-74.7569
-74.7561
-74.7547
-74.7521
-74.7503
-74.7503
-74.7496
-74.7495
-74.7509
-74.751
-74.7515
-74.752
-74.7526
-74.7507
-74.7484
-74.7476
-74.7457
-74.7429
-74.7412
-74.741
-74.7409
-74.7398
-74.7397
-74.7401
-74.7402
-74.7406
-74.7403
-74.739
-74.737
-74.736
-74.7341
-74.7306
-74.7283
-74.7274
-74.7279
-74.7278
-74.7282
-74.7277
-74.7274
-74.7284
-74.7286
-74.7285
-74.7273
-74.7259
-74.7255
-74.7236
-74.7189
-74.7155
-74.7145
-74.7148
-74.7162
-74.7173
-74.7179
-74.7171
-74.7157
-74.7155
-74.7152
-74.7128
-74.7107
-74.7106
-74.7107
-74.7082
-74.7027
-74.6985
-74.6973
-74.6981
-74.7013
-74.7029
-74.7036
-74.7054
-74.7049
-74.7036
-74.7028
-74.7026
-74.7005
-74.6984
-74.697
-74.6959
-74.6921
-74.687
-74.6821
-74.6805
-74.6833
-74.6872
-74.6884
-74.6888
-74.6912
-74.6917
-74.6897
-74.6866
-74.685
-74.6844
-74.6843
-74.6832
-74.6816
-74.6782
-74.6721
-74.6645
-74.6608
-74.6611
-74.6628
-74.6659
-74.6682
-74.67
-74.6726
-74.6753
-74.6761
-74.6749
-74.672
-74.6691
-74.6681
-74.6681
-74.6694
-74.6686
-74.665
-74.6582
-74.6502
-74.6453
-74.6411
-74.6402
-74.6429
-74.6453
-74.6481
-74.6499
-74.6522
-74.6545
-74.655
-74.654
-74.6517
-74.6501
-74.6475
-74.6451
-74.6449
-74.6457
-74.6453
-74.6435
-74.6386
-74.6316
-74.6248
-74.6177
-74.6128
-74.6137
-74.6197
-74.6241
-74.6234
-74.622
-74.6243
-74.6277
-74.6309
-74.6318
-74.6327
-74.632
-74.6283
-74.626
-74.6246
-74.6225
-74.6225
-74.6218
-74.6187
-74.6163
-74.6118
-74.6041
-74.5948
-74.5891
-74.5896
-74.5917
-74.5964
-74.597
-74.5945
-74.5934
-74.5931
-74.5953
-74.5979
-74.5985
-74.5973
-74.5992
-74.5995
-74.5997
-74.5994
-74.596
-74.5918
-74.5888
-74.586
-74.5816
-74.5795
-74.5777
-74.5732
-74.5695
-74.567
-74.5638
-74.5602
-74.5595
-74.5576
-74.5549
-74.5527
-74.5536
-74.5574
-74.5605
-74.5625
-74.5637
-74.5635
-74.5612
-74.5645
-74.5668
-74.568
-74.5684
-74.5659
-74.5599
-74.5523
-74.5453
-74.5434
-74.5438
-74.54
-74.5344
-74.5363
-74.5383
-74.537
-74.5347
-74.5318
-74.5258
-74.5196
-74.5142
-74.5091
-74.5036
-74.5019
-74.5099
-74.5186
-74.5227
-74.5243
-74.5274
-74.5277
-74.5251
-74.5216
-74.5224
-74.5219
-74.52
-74.5137
-74.5028
-74.4936
-74.486
-74.4792
-74.4762
-74.4773
-74.4805
-74.4816
-74.4803
-74.4778
-74.4799
-74.4838
-74.4845
-74.4787
-74.4704
-74.4641
-74.4574
-74.4535
-74.4519
-74.4483
-74.4466
-74.4486
-74.4552
-74.4634
-74.4695
-74.4737
-74.4773
-74.4773
-74.4712
-74.4658
-74.4601
-74.4563
-74.4522
-74.449
-74.4481
-74.444
-74.4347
-74.4221
-74.411
-74.4059
-74.4008
-74.3974
-74.3966
-74.395
-74.3965
-74.3962
-74.3927
-74.3898
-74.3869
-74.3895
-74.3954
-74.3977
-74.3995
-74.3985
-74.3934
-74.3882
-74.3867
-74.3901
-74.3943
-74.3974
-74.3986
-74.3974
-74.3955
-74.3978
-74.3987
-74.3979
-74.3949
-74.3933
-74.39
-74.3871
-74.383
-74.3799
-74.3768
-74.3699
-74.3637
-74.3567
-74.3475
-74.3399
-74.3343
-74.3301
-74.3263
-74.3194
-74.3131
-74.3094
-74.3109
-74.3093
-74.3061
-74.3002
-74.2879
-74.2725
-74.2571
-74.2457
-74.24
-74.2388
-74.2402
-74.2431
-74.2417
-74.238
-74.2304
-74.2315
-74.2464
-74.2561
-74.2673
-74.2769
-74.2806
-74.2847
-74.2847
-74.2834
-74.2883
-74.2917
-74.2915
-74.2889
-74.283
-74.2733
-74.2653
-74.2601
-74.2537
-74.2467
-74.2417
-74.2388
-74.2389
-74.2379
-74.2355
-74.234
-74.229
-74.2215
-74.2107
-74.2003
-74.1949
-74.1886
-74.1851
-74.1837
-74.1801
-74.1761
-74.1766
-74.1774
-74.1726
-74.1646
-74.1575
-74.1478
-74.135
-74.123
-74.1103
-74.1046
-74.1033
-74.102
-74.0983
-74.0878
-74.0725
-74.0557
-74.0406
-74.0266
-74.0135
-74.005
-74.0115
-74.0216
-74.0292
-74.0313
-74.0247
-74.0126
-74.0091
-74.0176
-74.0245
-74.0329
-74.0466
-74.0564
-74.0592
-74.0608
-74.0664
-74.0765
-74.0803
-74.0759
-74.0736
-74.0728
-74.0659
-74.0613
-74.0641
-74.0648
-74.0701
-74.0761
-74.0763
-74.0776
-74.0736
-74.0647
-74.0553
-74.0465
-74.0388
-74.0342
-74.0351
-74.0338
-74.0353
-74.0314
-74.0227
-74.0149
-74.0027
-73.9899
-73.9831
-73.9731
-73.9607
-73.9509
-73.9376
-73.9294
-73.928
-73.9281
-73.9233
-73.9156
-73.9021
-73.8834
-73.865
-73.8489
-73.8389
-73.8364
-73.8379
-73.8413
-73.8424
-73.841
-73.8379
-73.8329
-73.84
-73.8526
-73.8603
-73.8592
-73.8512
-73.8424
-73.8339
-73.821
-73.8033
-73.7869
-73.7724
-73.7595
-73.7487
-73.7435
-73.739
-73.7282
-73.7153
-73.708
-73.7046
-73.7051
-73.705
-73.6989
-73.6857
-73.6671
-73.6448
-73.6197
-73.5976
-73.5782
-73.5566
-73.5322
-73.5134
-73.5041
-73.4919
-73.479
-73.4751
-73.4784
-73.4755
-73.4649
-73.4484
-73.428
-73.4134
-73.4076
-73.4106
-73.4189
-73.4261
-73.431
-73.4359
-73.4392
-73.4452
-73.4556
-73.4641
-73.4635
-73.46
-73.4549
-73.4442
-73.4282
-73.4085
-73.386
-73.3621
-73.3448
-73.3287
-73.3106
-73.3053
-73.309
-73.3214
-73.3274
-73.3238
-73.3128
-73.3022
-73.3032
-73.3015
-73.2928
-73.2784
-73.2599
-73.2388
-73.2238
-73.211
-73.1949
-73.1754
-73.1533
-73.1405
-73.1402
-73.1362
-73.1258
-73.1136
-73.1163
-73.1193
-73.1151
-73.1042
-73.0885
-73.0695
-73.0481
-73.0255
-73.0109
-72.9996
-72.992
-72.9985
-73.0038
-73.0011
-72.9957
-73.0056
-73.0139
-73.0137
-73.006
-72.9929
-72.9762
-72.9569
-72.9358
-72.9134
-72.89
-72.8659
-72.8414
-72.8165
-72.7913
-72.766
-72.7406
-72.7152
-72.6898
-72.6644
-72.6392
-72.614
-72.589
-72.5641
-72.5395
-72.515
-72.4907
-72.473
-72.4667
-72.4595
-72.4483
-72.4339
-72.4172
-72.3989
-72.3796
-72.3597
-72.3394
-72.3188
-72.298
-72.2772
-72.2564
-72.2357
-72.215
-72.1944
-72.1814
-72.1813
-72.1801
-72.1741
-72.1643
-72.1518
-72.1374
-72.1217
-72.1053
-72.0883
-72.0709
-72.0533
-72.0356
-72.0178
-72
-71.9822
-71.9645
-71.9469
-71.9294
-71.912
-71.8948
-71.8777
-71.8607
-71.8439
-71.8273
-71.8108
-71.7946
-71.7784
-71.7625
-71.7467
-71.7311
-71.7157
-71.7004
-71.6854
-71.6705
-71.6557
-71.6412
-71.6268
-71.6126
-71.5985
-71.5847
-71.5709
-71.5574
-71.544
-71.5308
-71.5177
-71.5048
-71.4921
-71.4795
-71.467
-71.4548
-71.4426
-71.4306
-71.4188
-71.4071
-71.3956
-71.3842
-71.3729
-71.3618
-71.3508
-71.34
-71.3293
-71.3187
-71.3083
-71.298
-71.2879
-71.2778
-71.2679
-71.2582
-71.2485
-71.239
-71.2296
-71.2203
-71.2112
-71.2021
-71.1932
-71.1844
-71.1757
-71.1672
-71.1587
-71.1503
-71.1421
-71.1339
-71.1259
-71.118
-71.1102
-71.1024
-71.0948
-71.0873
-71.0799
-71.0726
-71.0654
-71.0582
-71.0512
-71.0443
-71.0374
-71.0307
-71.024
-71.0174
-71.011
-71.0046
-70.9983
-70.992
-70.9859
-70.9799
-70.9739
-70.968
-70.9622
-70.9565
-70.9508
-70.9452
-70.9398
-70.9343
-70.929
-70.9237
-70.9185
-70.9134
-70.9084
-70.9034
-70.8985
-70.8936
-70.8889
-70.8842
-70.8795
-70.875
-70.8705
-70.866
-70.8616
-70.8573
-70.8531
-70.8489
-70.8448
-70.8407
-70.8367
-70.8327
-70.8288
-70.825
-70.8212
-70.8175
-70.8138
-70.8102
-70.8067
-70.8032
-70.7997
-70.7963
-70.7929
-70.7896
-70.7864
-70.7832
-70.78
-70.7769
-70.7739
-70.7709
-70.7679
-70.765
-70.7621
-70.7593
-70.7565
-70.7538
-70.7511
-70.7484
-70.7458
-70.7432
-70.7407
-70.7382
-70.7357
-70.7333
-70.731
-70.7286
-70.7263
-70.7241
-70.7218
-70.7197
-70.7175
-70.7154
-70.7133
-70.7113
-70.7093
-70.7073
-70.7053
-70.7034
-70.7016
-70.6997
-70.6979
-70.6961
-70.6943
-70.6926
-70.6909
-70.6893
-70.6876
-70.686
-70.6845
-70.6829
-70.6814
-70.6799
-70.6784
-70.677
-70.6756
-70.6742
-70.6728
-70.6715
-70.6702
-70.6689
-70.6676
-70.6664
-70.6651
-70.6639
-70.6628
-70.6616
-70.6605
-70.6594
-70.6583
-70.6572
-70.6562
-70.6552
-70.6542
-70.6532
-70.6522
-70.6513
-70.6504
-70.6495
-70.6486
-70.6477
-70.6469
-70.646
-70.6452
-70.6444
-70.6437
-70.6429
-70.6422
-70.6414
-70.6407
-70.64
-70.6393
-70.6387
-70.638
-70.6374
-70.6368
-70.6362
-70.6356
-70.635
-70.6345
-70.6339
-70.6334
-70.6329
-70.6323
-70.6319
-70.6314
-70.6309
-70.6304
-70.63
-70.6296
-70.6291
-70.6287
-70.6283
-70.628
-70.6276
-70.6272
-70.6269
-70.6265
-70.6262
-70.6259
-70.6256
-70.6253
-70.625
-70.6247
-70.6244
-70.6242
-70.6239
-70.6237
-70.6234
-70.6232
-70.623
-70.6228
-70.6226
-70.6224
-70.6222
-70.622
-70.6218
-70.6217
-70.6215
-70.6214
-70.6212
-70.6211
-70.621
-70.6209
-70.6207
-70.6206
-70.6205
-70.6204
-70.6204
-70.6203
-70.6202
-70.6201
-70.6201
-70.62
-70.62
-70.6199
-70.6199
-70.6198
-70.6198
-70.6198
-70.6198
-70.6198
-70.6198
-70.6198
-70.6198
-70.6198
-70.6198
-70.6198
-70.6198
-70.6198
-70.6199
-70.6199
-70.6199
-70.62
-70.62
-70.62
-70.6201
-70.6202
-70.6202
-70.6203
-70.6203
-70.6204
-70.6205
-70.6206
-70.6206
-70.6207
-70.6208
-70.6209
-70.621
-70.6211
-70.6212
-70.6213
-70.6214
-70.6215
-70.6216
-70.6217
-70.6218
-70.6219
-70.622
-70.6221
-70.6223
-70.6224
-70.6225
-70.6226
-70.6228
-70.6229
-70.623
-70.6231
-70.6233
-70.6234
-70.6236
-70.6237
-70.6238
-70.624
-70.6241
-70.6243
-70.6244
-70.6246
-70.6247
-70.6249
-70.625
-70.6252
-70.6253
-70.6255
-70.6256
-70.6258
-70.626
-70.6261
-70.6263
-70.6264
-70.6266
-70.6268
-70.6269
-70.6271
-70.6273
-70.6274
-70.6276
-70.6278
-70.6279
-70.6281
-70.6283
-70.6284
-70.6286
-70.6288
-70.629
-70.6291
-70.6293
-70.6295
-70.6296
-70.6298
-70.63
-70.6302
-70.6303
-70.6305
-70.6307
-70.6309
-70.631
-70.6312
-70.6314
-70.6316
-70.6317
-70.6319
-70.6321
-70.6323
-70.6324
-70.6326
-70.6328
-70.633
-70.6331
-70.6333
-70.6335
-70.6337
-70.6338
-70.634
-70.6342
-70.6344
-70.6345
-70.6347
-70.6349
-70.6351
-70.6352
-70.6354
-70.6356
-70.6358
-70.6359
-70.6361
-70.6363
-70.6364
-70.6366
-70.6368
-70.637
-70.6371
-70.6373
-70.6375
-70.6376
-70.6378
-70.638
-70.6381
-70.6383
-70.6385
-70.6386
-70.6388
-70.639
-70.6391
-70.6393
-70.6395
-70.6396
-70.6398
-70.6399
-70.6401
-70.6403
-70.6404
-70.6406
-70.6407
-70.6409
-70.6411
-70.6412
-70.6414
-70.6415
-70.6417
-70.6418
-70.642
-70.6421
-70.6423
-70.6424
-70.6426
-70.6428
-70.6429
-70.6431
-70.6432
-70.6434
-70.6435
-70.6436
-70.6438
-70.6439
-70.6441
-70.6442
-70.6444
-70.6445
-70.6447

