-70
-70.1661
-70.23
-70.2566
-70.2695
-70.2773
-70.283
-70.2879
-70.2925
-70.297
-70.3014
-70.3057
-70.31
-70.3142
-70.3185
-70.3226
-70.3268
-70.3309
-70.335
-70.3391
-70.3431
-70.3471
-70.351
-70.3549
-70.3588
-70.3626
-70.3664
-70.3701
-70.3738
-70.3775
-70.3811
-70.3847
-70.3883
-70.3918
-70.3953
-70.3987
-70.4021
-70.4055
-70.4088
-70.4121
-70.4154
-70.4186
-70.4218
-70.4249
-70.428
-70.4311
-70.4341
-70.4372
-70.4401
-70.4431
-70.446
-70.4489
-70.4517
-70.4545
-70.4573
-70.4601
-70.4628
-70.4655
-70.4682
-70.4708
-70.4734
-70.476
-70.4785
-70.481
-70.4835
-70.486
-70.4884
-70.4908
-70.4932
-70.4955
-70.4978
-70.5001
-70.5024
-70.5046
-70.5068
-70.509
-70.5112
-70.5133
-70.5154
-70.5175
-70.5196
-70.5216
-70.5236
-70.5256
-70.5276
-70.5295
-70.5315
-70.5334
-70.5352
-70.5371
-70.5389
-70.5407
-70.5425
-70.5443
-70.5461
-70.5478
-70.5495
-70.5512
-70.5528
-70.5545
-70.5561
-70.5577
-70.5593
-70.5609
-70.5624
-70.5639
-70.5655
-70.5669
-70.5684
-70.5699
-70.5713
-70.5727
-70.5741
-70.5755
-70.5769
-70.5782
-70.5796
-70.5809
-70.5822
-70.5835
-70.5848
-70.586
-70.5873
-70.5885
-70.5897
-70.5909
-70.5921
-70.5932
-70.5944
-70.5955
-70.5966
-70.5977
-70.5988
-70.5999
-70.601
-70.602
-70.603
-70.6041
-70.6051
-70.6061
-70.6071
-70.608
-70.609
-70.6099
-70.6109
-70.6118
-70.6127
-70.6136
-70.6145
-70.6154
-70.6162
-70.6171
-70.6179
-70.6187
-70.6196
-70.6204
-70.6212
-70.622
-70.6227
-70.6235
-70.6242
-70.625
-70.6257
-70.6265
-70.6272
-70.6279
-70.6286
-70.6293
-70.6299
-70.6306
-70.6313
-70.6319
-70.6325
-70.6332
-70.6338
-70.6344
-70.635
-70.6356
-70.6362
-70.6368
-70.6374
-70.6379
-70.6385
-70.639
-70.6396
-70.6401
-70.6406
-70.6411
-70.6417
-70.6422
-70.6427
-70.6431
-70.6436
-70.6441
-70.6446
-70.645
-70.6455
-70.6459
-70.6464
-70.6468
-70.6472
-70.6476
-70.6481
-70.6485
-70.6489
-70.6493
-70.6497
-70.65
-70.6504
-70.6508
-70.6512
-70.6515
-70.6519
-70.6522
-70.6526
-70.6529
-70.6533
-70.6536
-70.6539
-70.6542
-70.6545
-70.6549
-70.6552
-70.6555
-70.6558
-70.656
-70.6563
-70.6566
-70.6569
-70.6572
-70.6574
-70.6577
-70.658
-70.6582
-70.6585
-70.6587
-70.6589
-70.6592
-70.6594
-70.6597
-70.6599
-70.6601
-70.6603
-70.6605
-70.6607
-70.661
-70.6612
-70.6614
-70.6616
-70.6617
-70.6619
-70.6621
-70.6623
-70.6625
-70.6627
-70.6628
-70.663
-70.6632
-70.6633
-70.6635
-70.6637
-70.6638
-70.664
-70.6641
-70.6643
-70.6644
-70.6646
-70.6647
-70.6648
-70.665
-70.6651
-70.6652
-70.6653
-70.6655
-70.6656
-70.6657
-70.6658
-70.6659
-70.666
-70.6662
-70.6663
-70.6664
-70.6665
-70.6666
-70.6667
-70.6668
-70.6669
-70.667
-70.667
-70.6671
-70.6672
-70.6673
-70.6674
-70.6675
-70.6675
-70.6676
-70.6677
-70.6678
-70.6678
-70.6679
-70.668
-70.668
-70.6681
-70.6682
-70.6682
-70.6683
-70.6683
-70.6684
-70.6685
-70.6685
-70.6686
-70.6686
-70.6687
-70.6687
-70.6688
-70.6688
-70.6688
-70.6689
-70.6689
-70.669
-70.669
-70.669
-70.6691
-70.6691
-70.6691
-70.6692
-70.6692
-70.6692
-70.6693
-70.6693
-70.6693
-70.6694
-70.6694
-70.6694
-70.6694
-70.6694
-70.6695
-70.6695
-70.6695
-70.6695
-70.6695
-70.6696
-70.6696
-70.6696
-70.6696
-70.6696
-70.6696
-70.6696
-70.6697
-70.6697
-70.6697
-70.6697
-70.6697
-70.6697
-70.6697
-70.6697
-70.6697
-70.6697
-70.6697
-70.6697
-70.6697
-70.6697
-70.6697
-70.6697
-70.6697
-70.6697
-70.6697
-70.6697
-70.6697
-70.6697
-70.6697
-70.6697
-70.6697
-70.6697
-70.6697
-70.6697
-70.6697
-70.6697
-70.6697
-70.6697
-70.6697
-70.6697
-70.6697
-70.6696
-70.6696
-70.6696
-70.6696
-70.6696
-70.6696
-70.6696
-70.6696
-70.6696
-70.6695
-70.6695
-70.6695
-70.6695
-70.6695
-70.6695
-70.6695
-70.6695
-70.6694
-70.6694
-70.6694
-70.6694
-70.6694
-70.6694
-70.6693
-70.6693
-70.6693
-70.6693
-70.6693
-70.6693
-70.6693
-70.6692
-70.6692
-70.6692
-70.6692
-70.6692
-70.6691
-70.6691
-70.6691
-70.6691
-70.6691
-70.6691
-70.669
-70.669
-70.669
-70.669
-70.669
-70.6689
-70.6689
-70.6689
-70.6689
-70.6689
-70.6688
-70.6688
-70.6688
-70.6688
-70.6688
-70.6687
-70.6687
-70.6687
-70.6687
-70.6686
-70.6686
-70.6686
-70.6686
-70.6686
-70.6685
-70.6685
-70.6685
-70.6685
-70.6685
-70.6684
-70.6684
-70.6684
-70.6684
-70.6684
-70.6683
-70.6683
-70.6683
-70.6683
-70.6682
-70.6682
-70.6682
-70.6682
-70.6682
-70.6681
-70.6681
-70.6681
-70.6681
-70.6681
-70.6763
-70.9711
-71.7393
-72.6154
-73.3508
-73.8461
-74.1077
-57.9148
-52.1683
-49.9846
-47.797
-41.7542
6.84732
-29.801
-62.3639
-69.0198
-68.1046
-67.0548
-65.9772
-64.8905
-63.8129
-62.7623
-61.7546
-60.7986
-59.8267
-58.9346
-58.1514
-57.4583
-56.8463
-56.3098
-55.839
-55.4198
-55.0614
-54.7603
-54.509
-54.3012
-54.1307
-53.9842
-53.859
-53.7589
-53.68
-53.6181
-53.5699
-53.5327
-53.502
-53.4716
-53.4486
-53.4326
-53.4217
-53.4145
-53.4101
-53.4077
-53.4069
-53.4035
-53.3953
-53.3908
-53.3893
-53.3897
-53.3912
-53.3934
-53.3961
-53.3991
-53.4025
-53.406
-53.4079
-53.4025
-53.3963
-53.3939
-53.3939
-53.3951
-53.3971
-53.3994
-53.4019
-53.4045
-53.4072
-53.4099
-53.4127
-53.4153
-53.4175
-53.4195
-53.4211
-53.4133
-53.405
-53.4004
-53.3948
-53.3906
-53.3873
-53.3832
-53.3747
-53.3425
-53.1096
-53.0339
-53.0834
-53.1463
-53.1968
-53.2324
-53.2564
-53.2726
-53.2844
-53.2941
-53.3036
-53.3139
-53.3261
-53.3416
-53.3616
-53.3874
-53.4195
-53.4397
-53.4437
-53.4466
-53.4508
-53.4569
-53.465
-53.4728
-53.4602
-53.4519
-53.4502
-53.4525
-53.4573
-53.4641
-53.4723
-53.4818
-53.4925
-53.5045
-53.5178
-53.5325
-53.5486
-53.5662
-53.5856
-53.6067
-53.6297
-53.6549
-53.6823
-53.7123
-53.7451
-53.781
-53.8202
-53.8629
-53.9093
-53.9599
-54.0149
-54.0746
-53.9242
-53.5613
-53.445
-53.4192
-53.4234
-53.4375
-53.4549
-53.4733
-53.492
-53.5109
-53.5301
-53.4858
-53.4534
-53.4428
-53.4429
-53.448
-53.4555
-53.4642
-53.4738
-53.484
-53.4949
-53.5065
-53.5187
-53.5318
-53.5459
-53.561
-53.5772
-53.5947
-53.6137
-53.6343
-53.6565
-53.6807
-53.7089
-53.7398
-53.7729
-53.8083
-53.8464
-53.8876
-53.9322
-53.9804
-54.0325
-54.0889
-54.0278
-53.5483
-53.4027
-53.3727
-53.3773
-53.3918
-53.4086
-53.4255
-53.4418
-53.4575
-53.4728
-53.4884
-53.5042
-53.5201
-53.5364
-53.5532
-53.499
-53.4473
-53.4291
-53.4258
-53.4285
-53.4338
-53.4407
-53.4483
-53.4563
-53.4647
-53.4735
-53.4827
-53.4925
-53.503
-53.5142
-53.5262
-53.5392
-53.5544
-53.5711
-53.5888
-53.6076
-53.6278
-53.6496
-53.6732
-53.6988
-53.7267
-53.757
-53.79
-53.8278
-53.8715
-53.918
-53.9669
-54.0189
-54.0746
-54.1342
-54.0383
-53.5026
-53.3595
-53.3349
-53.3427
-53.3588
-53.3758
-53.3915
-53.4056
-53.418
-53.429
-53.4388
-53.4474
-53.4551
-53.4616
-53.467
-53.471
-53.4744
-53.477
-53.4765
-53.4712
-53.4589
-53.4354
-53.3908
-53.2975
-53.2361
-52.9274
-52.7853
-52.9084
-53.0392
-53.1342
-53.1949
-53.232
-53.2551
-53.2707
-53.2828
-53.2942
-53.3065
-53.3213
-53.3401
-53.3663
-53.4001
-53.4404
-53.4866
-53.5382
-53.5071
-53.4765
-53.4668
-53.4673
-53.4728
-53.4813
-53.4922
-53.5051
-53.5199
-53.5364
-53.5548
-53.5753
-53.5979
-53.6228
-53.6502
-53.6809
-53.7147
-53.7514
-53.7917
-53.8359
-53.8839
-53.9359
-53.9925
-54.054
-54.1216
-54.2016
-54.2947
-54.4017
-54.5142
-54.6276
-54.745
-54.8693
-55.005
-55.1606
-55.3492
-55.5774
-55.8228
-56.0722
-56.32
-56.5691
-56.8259
-57.0964
-57.3926
-57.7373
-58.1221
-58.5411
-58.9694
-59.3969
-59.0009
-54.008
-52.8809
-52.7018
-52.7696
-52.8967
-53.0253
-53.1401
-53.2381
-53.3213
-53.3932
-53.4563
-53.513
-53.5652
-53.6149
-53.6644
-53.7151
-53.7686
-53.8255
-53.8844
-53.9459
-54.0102
-54.077
-54.1472
-54.2223
-54.3049
-54.3977
-54.5025
-54.6205
-54.7503
-54.8866
-55.0327
-55.1878
-55.3501
-55.5203
-55.7027
-55.9047
-56.1297
-56.3804
-56.6568
-56.9536
-57.2594
-57.5798
-57.9151
-58.2574
-58.6093
-58.9761
-59.3691
-59.7912
-60.2411
-60.7177
-61.2143
-61.7129
-62.2088
-62.7103
-63.2095
-63.6995
-64.1831
-64.67
-65.1708
-65.6796
-66.1923
-66.7014
-67.1998
-67.6752
-68.1248
-68.555
-68.9639
-69.3489
-69.7105
-70.0621
-70.4037
-70.7336
-71.0513
-71.3492
-71.6283
-71.8845
-72.1175
-72.3312
-72.5297
-72.7122
-72.8791
-73.0374
-73.187
-73.3281
-73.4596
-73.5789
-73.6876
-73.7866
-73.8739
-73.9518
-74.0231
-74.0879
-74.147
-74.2034
-74.2565
-74.3053
-74.3509
-74.3915
-74.4274
-74.4597
-74.4881
-74.5123
-74.5344
-74.5542
-74.5724
-74.5895
-74.6076
-74.6246
-74.641
-74.6555
-74.6666
-74.6757
-74.6834
-74.6897
-74.6945
-74.6992
-74.7033
-74.7055
-74.7091
-74.7141
-74.7201
-74.7275
-74.7347
-74.7382
-74.7397
-74.7406
-74.7409
-74.7409
-74.74
-74.7399
-74.7389
-74.737
-74.7373
-74.7379
-74.7406
-74.7459
-74.7509
-74.7527
-74.7519
-74.7506
-74.748
-74.7455
-74.7432
-74.7407
-74.7387
-74.736
-74.7349
-74.7334
-74.7335
-74.7367
-74.7414
-74.7455
-74.7467
-74.7461
-74.7452
-74.7428
-74.7394
-74.7373
-74.7337
-74.7301
-74.7283
-74.727
-74.7236
-74.723
-74.7258
-74.7282
-74.7308
-74.7325
-74.7318
-74.7322
-74.7326
-74.7306
-74.7276
-74.7249
-74.7199
-74.7166
-74.7156
-74.7142
-74.7109
-74.71
-74.7133
-74.7149
-74.717
-74.7173
-74.7166
-74.7166
-74.7184
-74.7203
-74.7194
-74.7155
-74.7116
-74.7073
-74.704
-74.7027
-74.7007
-74.6986
-74.6967
-74.6974
-74.6977
-74.6978
-74.6988
-74.6983
-74.697
-74.6982
-74.7016
-74.7041
-74.7024
-74.6982
-74.6956
-74.6926
-74.6898
-74.6884
-74.6869
-74.6853
-74.6858
-74.6844
-74.6823
-74.6824
-74.6809
-74.6804
-74.6811
-74.6811
-74.684
-74.6854
-74.6844
-74.683
-74.6812
-74.6788
-74.6775
-74.675
-74.6712
-74.6692
-74.6669
-74.667
-74.6676
-74.6652
-74.6615
-74.6597
-74.66
-74.6589
-74.6586
-74.6607
-74.6636
-74.6643
-74.6624
-74.6598
-74.6573
-74.6563
-74.6564
-74.6583
-74.6574
-74.6542
-74.6506
-74.6498
-74.6504
-74.6503
-74.6495
-74.6457
-74.6408
-74.6391
-74.6407
-74.6425
-74.6413
-74.6387
-74.6396
-74.6397
-74.638
-74.6375
-74.6353
-74.6297
-74.6251
-74.626
-74.6288
-74.628
-74.6243
-74.6222
-74.6241
-74.6258
-74.6252
-74.6242
-74.622
-74.6183
-74.6159
-74.615
-74.618
-74.6193
-74.615
-74.6098
-74.6095
-74.6073
-74.6052
-74.6046
-74.6041
-74.6049
-74.604
-74.5993
-74.5951
-74.5934
-74.5947
-74.5955
-74.5953
-74.5957
-74.5974
-74.5996
-74.5992
-74.5966
-74.5948
-74.5964
-74.596
-74.5933
-74.5899
-74.5873
-74.5844
-74.5815
-74.5802
-74.5785
-74.5723
-74.5648
-74.5628
-74.5637
-74.565
-74.5636
-74.5583
-74.5536
-74.5526
-74.5507
-74.5469
-74.5468
-74.5488
-74.5506
-74.5538
-74.555
-74.5579
-74.5587
-74.5594
-74.5621
-74.562
-74.5592
-74.557
-74.5534
-74.5497
-74.5438
-74.5379
-74.5383
-74.5404
-74.5355
-74.5265
-74.5216
-74.5191
-74.5173
-74.5159
-74.5158
-74.5108
-74.5031
-74.5017
-74.5035
-74.5032
-74.5012
-74.4984
-74.4994
-74.4995
-74.5014
-74.5055
-74.5078
-74.5093
-74.5109
-74.5093
-74.5107
-74.5117
-74.5105
-74.508
-74.5085
-74.5105
-74.5089
-74.5015
-74.4925
-74.4863
-74.4818
-74.4807
-74.4811
-74.4781
-74.4758
-74.4744
-74.4714
-74.4667
-74.4573
-74.4444
-74.4362
-74.4307
-74.4269
-74.4223
-74.4144
-74.4069
-74.4066
-74.4118
-74.4197
-74.4302
-74.4394
-74.4426
-74.4388
-74.4349
-74.4299
-74.4204
-74.4148
-74.4176
-74.423
-74.4256
-74.4293
-74.4335
-74.4326
-74.431
-74.4329
-74.4358
-74.4319
-74.4221
-74.412
-74.4076
-74.4055
-74.404
-74.4075
-74.4101
-74.4086
-74.4069
-74.4024
-74.3953
-74.3866
-74.3763
-74.3637
-74.3525
-74.3456
-74.34
-74.3289
-74.3128
-74.3002
-74.291
-74.2868
-74.2875
-74.2943
-74.3102
-74.3247
-74.3304
-74.3306
-74.3302
-74.3274
-74.3217
-74.3168
-74.3111
-74.3043
-74.2979
-74.2917
-74.2877
-74.2861
-74.2978
-74.3094
-74.3149
-74.3198
-74.3237
-74.3303
-74.3358
-74.3368
-74.3324
-74.3247
-74.3186
-74.3131
-74.3113
-74.3067
-74.3004
-74.2982
-74.297
-74.2953
-74.2971
-74.2985
-74.2943
-74.2877
-74.2823
-74.2729
-74.2598
-74.2473
-74.2336
-74.2225
-74.2199
-74.216
-74.2082
-74.199
-74.1856
-74.173
-74.1643
-74.1579
-74.1562
-74.1532
-74.1489
-74.145
-74.1432
-74.1466
-74.1502
-74.1516
-74.1461
-74.1342
-74.1231
-74.1156
-74.11
-74.1077
-74.1083
-74.1057
-74.0998
-74.0925
-74.0837
-74.0755
-74.0686
-74.0651
-74.0661
-74.0734
-74.0764
-74.0793
-74.0861
-74.0943
-74.1023
-74.108
-74.116
-74.1291
-74.1412
-74.1478
-74.1476
-74.1453
-74.1456
-74.1451
-74.1395
-74.1355
-74.1305
-74.1228
-74.1158
-74.1125
-74.1189
-74.1213
-74.1144
-74.1093
-74.1082
-74.1068
-74.1051
-74.1008
-74.0945
-74.0825
-74.0675
-74.0516
-74.0385
-74.0264
-74.013
-73.9957
-73.988
-73.9847
-73.9752
-73.9601
-73.9443
-73.9295
-73.9271
-73.9322
-73.9385
-73.9388
-73.9392
-73.9436
-73.9409
-73.9307
-73.9234
-73.9191
-73.91
-73.8994
-73.8913
-73.884
-73.8717
-73.854
-73.841
-73.8297
-73.8229
-73.8201
-73.8276
-73.8347
-73.8359
-73.8336
-73.8436
-73.8551
-73.8643
-73.865
-73.8565
-73.8411
-73.8209
-73.7975
-73.7744
-73.7542
-73.735
-73.7179
-73.698
-73.6746
-73.6538
-73.6412
-73.628
-73.6204
-73.6146
-73.603
-73.5857
-73.5642
-73.543
-73.5306
-73.528
-73.5304
-73.5269
-73.5158
-73.4988
-73.4778
-73.4539
-73.4281
-73.411
-73.4071
-73.4061
-73.4004
-73.3999
-73.4113
-73.4314
-73.4448
-73.4526
-73.4546
-73.4484
-73.4371
-73.4285
-73.4173
-73.4065
-73.4084
-73.4239
-73.4417
-73.4563
-73.4664
-73.4725
-73.4701
-73.46
-73.4444
-73.425
-73.4073
-73.4106
-73.424
-73.4302
-73.4301
-73.4313
-73.451
-73.4885
-73.519
-73.5334
-73.5346
-73.5316
-73.5343
-73.5334
-73.5252
-73.511
-73.4926
-73.4782
-73.4644
-73.4471
-73.432
-73.419
-73.4027
-73.3837
-73.3701
-73.3561
-73.3383
-73.3171
-73.2935
-73.2681
-73.2415
-73.217
-73.2101
-73.2055
-73.2003
-73.2063
-73.2099
-73.2054
-73.194
-73.1776
-73.1647
-73.1554
-73.1426
-73.1257
-73.1057
-73.0835
-73.0598
-73.0349
-73.0167
-73.0044
-72.9899
-72.972
-72.9514
-72.9289
-72.9052
-72.8806
-72.8554
-72.8299
-72.8042
-72.7783
-72.7523
-72.7264
-72.7005
-72.6748
-72.6491
-72.6236
-72.5982
-72.5731
-72.5481
-72.5233
-72.4988
-72.4744
-72.4503
-72.4265
-72.408
-72.4025
-72.3968
-72.3871
-72.3739
-72.3582
-72.3408
-72.3251
-72.3233
-72.3225
-72.3172
-72.3075
-72.2947
-72.2797
-72.2633
-72.2458
-72.2277
-72.2092
-72.1904
-72.1714
-72.1522
-72.1331
-72.1139
-72.0948
-72.0758
-72.0568
-72.038
-72.0193
-72.0008
-71.9824
-71.9642
-71.9462
-71.9283
-71.9106
-71.8931
-71.8758
-71.8586
-71.8417
-71.8249
-71.8083
-71.7919
-71.7757
-71.7596
-71.7438
-71.7281
-71.7127
-71.6974
-71.6822
-71.6673
-71.6525
-71.6379
-71.6235
-71.6093
-71.5952
-71.5813
-71.5676
-71.554
-71.5406
-71.5274
-71.5143
-71.5014
-71.4887
-71.4761
-71.4636
-71.4513
-71.4392
-71.4272
-71.4154
-71.4037
-71.3921
-71.3807
-71.3695
-71.3583
-71.3474
-71.3365
-71.3258
-71.3153
-71.3049
-71.2946
-71.2844
-71.2744
-71.2645
-71.2547
-71.2451
-71.2356
-71.2262
-71.2169
-71.2078
-71.1987
-71.1898
-71.181
-71.1723
-71.1638
-71.1553
-71.147
-71.1387
-71.1306
-71.1226
-71.1146
-71.1068
-71.0991
-71.0915
-71.084
-71.0766
-71.0693
-71.0621
-71.055
-71.0479
-71.041
-71.0342
-71.0274
-71.0208
-71.0142
-71.0078
-71.0014
-70.9951
-70.9889
-70.9828
-70.9767
-70.9708
-70.9649
-70.9591
-70.9534
-70.9477
-70.9422
-70.9367
-70.9313
-70.926
-70.9207
-70.9155
-70.9104
-70.9054
-70.9004
-70.8955
-70.8907
-70.8859
-70.8812
-70.8766
-70.8721
-70.8676
-70.8631
-70.8588
-70.8545
-70.8502
-70.8461
-70.842
-70.8379
-70.8339
-70.83
-70.8261
-70.8223
-70.8185
-70.8148
-70.8111
-70.8075
-70.804
-70.8005
-70.7971
-70.7937
-70.7903
-70.787
-70.7838
-70.7806
-70.7775
-70.7744
-70.7714
-70.7684
-70.7654
-70.7625
-70.7596
-70.7568
-70.7541
-70.7513
-70.7486
-70.746
-70.7434
-70.7408
-70.7383
-70.7359
-70.7334
-70.731
-70.7287
-70.7263
-70.7241
-70.7218
-70.7196
-70.7174
-70.7153
-70.7132
-70.7111
-70.7091
-70.7071
-70.7051
-70.7032
-70.7013
-70.6994
-70.6976
-70.6958
-70.694
-70.6923
-70.6906
-70.6889
-70.6872
-70.6856
-70.684
-70.6825
-70.6809
-70.6794
-70.6779
-70.6765
-70.6751
-70.6737
-70.6723
-70.6709
-70.6696
-70.6683
-70.667
-70.6658
-70.6645
-70.6633
-70.6621
-70.661
-70.6598
-70.6587
-70.6576
-70.6566
-70.6555
-70.6545
-70.6535
-70.6525
-70.6515
-70.6506
-70.6496
-70.6487
-70.6478
-70.647
-70.6461
-70.6453
-70.6445
-70.6437
-70.6429
-70.6421
-70.6414
-70.6406
-70.6399
-70.6392
-70.6385
-70.6379
-70.6372
-70.6366
-70.6359
-70.6353
-70.6347
-70.6342
-70.6336
-70.6331
-70.6325
-70.632
-70.6315
-70.631
-70.6305
-70.63
-70.6296
-70.6291
-70.6287
-70.6283
-70.6279
-70.6275
-70.6271
-70.6267
-70.6263
-70.626
-70.6256
-70.6253
-70.625
-70.6247
-70.6244
-70.6241
-70.6238
-70.6235
-70.6233
-70.623
-70.6228
-70.6225
-70.6223
-70.6221
-70.6219
-70.6217
-70.6215
-70.6213
-70.6211
-70.6209
-70.6208
-70.6206
-70.6205
-70.6203
-70.6202
-70.6201
-70.62
-70.6199
-70.6198
-70.6197
-70.6196
-70.6195
-70.6194
-70.6193
-70.6193
-70.6192
-70.6192
-70.6191
-70.6191
-70.619
-70.619
-70.619
-70.6189
-70.6189
-70.6189
-70.6189
-70.6189
-70.6189
-70.6189
-70.6189
-70.619
-70.619
-70.619
-70.619
-70.6191
-70.6191
-70.6191
-70.6192
-70.6192
-70.6193
-70.6194
-70.6194
-70.6195
-70.6195
-70.6196
-70.6197
-70.6198
-70.6199
-70.6199
-70.62
-70.6201
-70.6202
-70.6203
-70.6204
-70.6205
-70.6206
-70.6207
-70.6208
-70.6209
-70.621
-70.6212
-70.6213
-70.6214
-70.6215
-70.6216
-70.6218
-70.6219
-70.622
-70.6222
-70.6223
-70.6224
-70.6226
-70.6227
-70.6229
-70.623
-70.6231
-70.6233
-70.6234
-70.6236
-70.6237
-70.6239
-70.624
-70.6242
-70.6244
-70.6245
-70.6247
-70.6248
-70.625
-70.6252
-70.6253
-70.6255
-70.6256
-70.6258
-70.626
-70.6261
-70.6263
-70.6265
-70.6267
-70.6268
-70.627
-70.6272
-70.6273
-70.6275
-70.6277
-70.6279
-70.628
-70.6282
-70.6284
-70.6286
-70.6287
-70.6289
-70.6291
-70.6293
-70.6294
-70.6296
-70.6298
-70.63
-70.6301
-70.6303
-70.6305
-70.6307
-70.6309
-70.631
-70.6312
-70.6314
-70.6316
-70.6318
-70.6319
-70.6321
-70.6323
-70.6325
-70.6326
-70.6328
-70.633
-70.6332
-70.6334
-70.6335
-70.6337
-70.6339
-70.6341
-70.6342
-70.6344
-70.6346
-70.6348
-70.635
-70.6351
-70.6353
-70.6355
-70.6357
-70.6358
-70.636
-70.6362
-70.6364
-70.6365
-70.6367
-70.6369
-70.637
-70.6372
-70.6374
-70.6376
-70.6377
-70.6379
-70.6381
-70.6382
-70.6384
-70.6386
-70.6387
-70.6389
-70.6391
-70.6392
-70.6394
-70.6396
-70.6397
-70.6399
-70.6401
-70.6402
-70.6404
-70.6405
-70.6407
-70.6409
-70.641
-70.6412
-70.6413
-70.6415
-70.6416
-70.6418
-70.642
-70.6421
-70.6423
-70.6424
-70.6426
-70.6427
-70.6429
-70.643
-70.6432
-70.6433
-70.6435
-70.6436

