-70
-70.1661
-70.23
-70.2566
-70.2695
-70.2773
-70.283
-70.2879
-70.2925
-70.297
-70.3014
-70.3057
-70.31
-70.3142
-70.3185
-70.3226
-70.3268
-70.3309
-70.335
-70.3391
-70.3431
-70.3471
-70.351
-70.3549
-70.3588
-70.3626
-70.3664
-70.3701
-70.3738
-70.3775
-70.3811
-70.3847
-70.3883
-70.3918
-70.3953
-70.3987
-70.4021
-70.4055
-70.4088
-70.4121
-70.4154
-70.4186
-70.4218
-70.4249
-70.428
-70.4311
-70.4341
-70.4372
-70.4401
-70.4431
-70.446
-70.4489
-70.4517
-70.4545
-70.4573
-70.4601
-70.4628
-70.4655
-70.4682
-70.4708
-70.4734
-70.476
-70.4785
-70.481
-70.4835
-70.486
-70.4884
-70.4908
-70.4932
-70.4955
-70.4978
-70.5001
-70.5024
-70.5046
-70.5068
-70.509
-70.5112
-70.5133
-70.5154
-70.5175
-70.5196
-70.5216
-70.5236
-70.5256
-70.5276
-70.5295
-70.5315
-70.5334
-70.5352
-70.5371
-70.5389
-70.5407
-70.5425
-70.5443
-70.5461
-70.5478
-70.5495
-70.5512
-70.5528
-70.5545
-70.5561
-70.5577
-70.5593
-70.5609
-70.5624
-70.5639
-70.5655
-70.5669
-70.5684
-70.5699
-70.5713
-70.5727
-70.5741
-70.5755
-70.5769
-70.5782
-70.5796
-70.5809
-70.5822
-70.5835
-70.5848
-70.586
-70.5873
-70.5885
-70.5897
-70.5909
-70.5921
-70.5932
-70.5944
-70.5955
-70.5966
-70.5977
-70.5988
-70.5999
-70.601
-70.602
-70.603
-70.6041
-70.6051
-70.6061
-70.6071
-70.608
-70.609
-70.6099
-70.6109
-70.6118
-70.6127
-70.6136
-70.6145
-70.6154
-70.6162
-70.6171
-70.6179
-70.6187
-70.6196
-70.6204
-70.6212
-70.622
-70.6227
-70.6235
-70.6242
-70.625
-70.6257
-70.6265
-70.6272
-70.6279
-70.6286
-70.6293
-70.6299
-70.6306
-70.6313
-70.6319
-70.6325
-70.6332
-70.6338
-70.6344
-70.635
-70.6356
-70.6362
-70.6368
-70.6374
-70.6379
-70.6385
-70.639
-70.6396
-70.6401
-70.6406
-70.6411
-70.6417
-70.6422
-70.6427
-70.6431
-70.6436
-70.6441
-70.6446
-70.645
-70.6455
-70.6459
-70.6464
-70.6468
-70.6472
-70.6476
-70.6481
-70.6485
-70.6489
-70.6493
-70.6497
-70.65
-70.6504
-70.6508
-70.6512
-70.6515
-70.6519
-70.6522
-70.6526
-70.6529
-70.6533
-70.6536
-70.6539
-70.6542
-70.6545
-70.6549
-70.6552
-70.6555
-70.6558
-70.656
-70.6563
-70.6566
-70.6569
-70.6572
-70.6574
-70.6577
-70.658
-70.6582
-70.6585
-70.6587
-70.6589
-70.6592
-70.6594
-70.6597
-70.6599
-70.6601
-70.6603
-70.6605
-70.6607
-70.661
-70.6612
-70.6614
-70.6616
-70.6617
-70.6619
-70.6621
-70.6623
-70.6625
-70.6627
-70.6628
-70.663
-70.6632
-70.6633
-70.6635
-70.6637
-70.6638
-70.664
-70.6641
-70.6643
-70.6644
-70.6646
-70.6647
-70.6648
-70.665
-70.6651
-70.6652
-70.6653
-70.6655
-70.6656
-70.6657
-70.6658
-70.6659
-70.666
-70.6662
-70.6663
-70.6664
-70.6665
-70.6666
-70.6667
-70.6668
-70.6669
-70.667
-70.667
-70.6671
-70.6672
-70.6673
-70.6674
-70.6675
-70.6675
-70.6676
-70.6677
-70.6678
-70.6678
-70.6679
-70.668
-70.668
-70.6681
-70.6682
-70.6682
-70.6683
-70.6683
-70.6684
-70.6685
-70.6685
-70.6686
-70.6686
-70.6687
-70.6687
-70.6688
-70.6688
-70.6688
-70.6689
-70.6689
-70.669
-70.669
-70.669
-70.6691
-70.6691
-70.6691
-70.6692
-70.6692
-70.6692
-70.6693
-70.6693
-70.6693
-70.6694
-70.6694
-70.6694
-70.6694
-70.6694
-70.6695
-70.6695
-70.6695
-70.6695
-70.6695
-70.6696
-70.6696
-70.6696
-70.6696
-70.6696
-70.6696
-70.6696
-70.6697
-70.6697
-70.6697
-70.6697
-70.6697
-70.6697
-70.6697
-70.6697
-70.6697
-70.6697
-70.6697
-70.6697
-70.6697
-70.6697
-70.6697
-70.6697
-70.6697
-70.6697
-70.6697
-70.6697
-70.6697
-70.6697
-70.6697
-70.6697
-70.6697
-70.6697
-70.6697
-70.6697
-70.6697
-70.6697
-70.6697
-70.6697
-70.6697
-70.6697
-70.6697
-70.6696
-70.6696
-70.6696
-70.6696
-70.6696
-70.6696
-70.6696
-70.6696
-70.6696
-70.6695
-70.6695
-70.6695
-70.6695
-70.6695
-70.6695
-70.6695
-70.6695
-70.6694
-70.6694
-70.6694
-70.6694
-70.6694
-70.6694
-70.6693
-70.6693
-70.6693
-70.6693
-70.6693
-70.6693
-70.6693
-70.6692
-70.6692
-70.6692
-70.6692
-70.6692
-70.6691
-70.6691
-70.6691
-70.6691
-70.6691
-70.6691
-70.669
-70.669
-70.669
-70.669
-70.669
-70.6689
-70.6689
-70.6689
-70.6689
-70.6689
-70.6688
-70.6688
-70.6688
-70.6688
-70.6688
-70.6687
-70.6687
-70.6687
-70.6687
-70.6686
-70.6686
-70.6686
-70.6686
-70.6686
-70.6685
-70.6685
-70.6685
-70.6685
-70.6685
-70.6684
-70.6684
-70.6684
-70.6684
-70.6684
-70.6683
-70.6683
-70.6683
-70.6683
-70.6682
-70.6682
-70.6682
-70.6682
-70.6682
-70.6681
-70.6681
-70.6681
-70.6681
-70.6681
-70.6731
-70.9317
-71.7295
-72.7156
-73.5056
-74.0021
-74.2529
-64.1503
-53.7766
-50.9336
-49.0544
-46.2216
-27.2081
-15.1485
-41.2587
-68.5153
-68.7136
-67.7104
-66.6588
-65.59
-64.5219
-63.4736
-62.4626
-61.503
-60.6064
-59.5632
-58.645
-57.8824
-57.2216
-56.6449
-56.1447
-55.7051
-55.2935
-54.9526
-54.6721
-54.442
-54.2543
-54.1021
-53.9602
-53.8396
-53.7469
-53.6761
-53.6223
-53.5818
-53.5519
-53.5199
-53.4865
-53.464
-53.4502
-53.4422
-53.4382
-53.4372
-53.4383
-53.4412
-53.4282
-53.4163
-53.4112
-53.4106
-53.4125
-53.4161
-53.4206
-53.4259
-53.4316
-53.4379
-53.4445
-53.4367
-53.4205
-53.4132
-53.4117
-53.4132
-53.4162
-53.4201
-53.4244
-53.4291
-53.434
-53.4391
-53.4444
-53.4498
-53.4553
-53.4603
-53.4647
-53.4684
-53.4348
-53.4123
-53.4031
-53.3994
-53.3974
-53.3951
-53.391
-53.3826
-53.3636
-53.2985
-52.7663
-52.4935
-52.5945
-52.7518
-52.8847
-52.9807
-53.0457
-53.0895
-53.1208
-53.1459
-53.1697
-53.1953
-53.2255
-53.2633
-53.312
-53.3748
-53.4475
-53.4735
-53.4769
-53.477
-53.4785
-53.4824
-53.4893
-53.4989
-53.5107
-53.5248
-53.5411
-53.5598
-53.5809
-53.6046
-53.6309
-53.6602
-53.6925
-53.7282
-53.7676
-53.811
-53.8585
-53.9105
-53.9673
-54.0292
-54.0964
-54.1696
-54.2488
-54.3343
-54.4267
-54.5265
-54.6343
-54.7505
-54.8757
-55.0106
-55.1558
-55.3118
-54.4273
-53.4936
-53.2729
-53.2493
-53.2789
-53.3203
-53.3618
-53.4002
-53.4354
-53.4678
-53.4981
-53.5274
-53.5561
-53.5843
-53.6124
-53.641
-53.6705
-53.7012
-53.7338
-53.7684
-53.8054
-53.8454
-53.8896
-53.9369
-53.9875
-54.0418
-54.1002
-54.1663
-54.2385
-54.3147
-54.3953
-54.4812
-54.5753
-54.6781
-54.7869
-54.902
-55.0245
-55.1572
-55.3035
-55.4573
-55.6174
-55.7848
-55.96
-54.0111
-53.2448
-53.1025
-53.119
-53.1724
-53.2295
-53.2815
-53.3267
-53.366
-53.4004
-53.431
-53.459
-53.4856
-53.5108
-53.535
-53.5588
-53.5838
-53.6095
-53.6358
-53.663
-53.6916
-53.7219
-53.7543
-53.7912
-53.8317
-53.8745
-53.9199
-53.9713
-54.0277
-54.0871
-54.1499
-54.2168
-54.2879
-54.3637
-54.4449
-54.5385
-54.6401
-54.7457
-54.8598
-54.9878
-55.1211
-55.2586
-55.4012
-55.5492
-55.7033
-55.8637
-56.0306
-56.2155
-56.4188
-56.6239
-56.8416
-56.5655
-53.6238
-52.9888
-52.9081
-52.9644
-53.0478
-53.1276
-53.1961
-53.2535
-53.3024
-53.3441
-53.3805
-53.413
-53.4421
-53.4687
-53.4935
-53.5173
-53.5407
-53.5641
-53.588
-53.6127
-53.6386
-53.668
-53.7004
-53.737
-53.7761
-53.8168
-53.8597
-53.9054
-53.9544
-54.0073
-54.0642
-54.1255
-54.1957
-54.2798
-54.371
-54.4645
-54.5612
-54.6626
-54.7695
-54.8829
-55.0034
-55.1313
-55.2668
-55.41
-55.5817
-55.7787
-55.9755
-54.7867
-53.3724
-53.0831
-53.0672
-53.1173
-53.1773
-53.2326
-53.2804
-53.3218
-53.3588
-53.3923
-53.4221
-53.4488
-53.4734
-53.4966
-53.5197
-53.5446
-53.5707
-53.6075
-53.66
-53.7229
-53.7902
-53.8546
-53.917
-53.9791
-54.0432
-54.1152
-54.2275
-54.3841
-54.5812
-54.7972
-54.9939
-55.1686
-55.3363
-55.5061
-55.6866
-55.8902
-56.1372
-56.4321
-56.7536
-57.0921
-57.4269
-57.7545
-58.0864
-58.43
-58.7908
-59.1701
-59.5855
-60.0471
-60.5337
-61.0403
-61.5502
-62.0469
-62.5323
-63.0136
-63.4961
-63.9822
-64.4789
-65.0001
-65.5398
-66.0777
-66.6085
-67.1124
-67.5818
-68.0208
-68.4378
-68.8353
-69.2181
-69.6003
-69.9865
-70.3635
-70.7248
-71.0626
-71.3693
-71.6452
-71.8926
-72.1185
-72.3251
-72.5191
-72.709
-72.896
-73.0749
-73.2424
-73.3949
-73.5294
-73.6475
-73.7506
-73.8416
-73.922
-73.9965
-74.0694
-74.1419
-74.212
-74.2777
-74.3371
-74.3884
-74.4319
-74.4688
-74.4999
-74.5258
-74.5494
-74.5729
-74.5971
-74.6228
-74.6468
-74.6697
-74.6893
-74.7051
-74.7178
-74.7276
-74.734
-74.7388
-74.745
-74.7513
-74.7591
-74.7684
-74.7767
-74.7849
-74.7918
-74.7964
-74.7996
-74.8011
-74.8002
-74.7995
-74.8002
-74.8007
-74.8026
-74.806
-74.8093
-74.8125
-74.815
-74.8169
-74.8173
-74.8168
-74.8142
-74.8123
-74.8117
-74.8103
-74.8097
-74.8108
-74.8125
-74.8137
-74.8147
-74.8152
-74.8165
-74.8164
-74.8137
-74.8107
-74.8099
-74.8085
-74.8064
-74.806
-74.806
-74.8068
-74.8072
-74.8075
-74.8066
-74.8073
-74.8079
-74.8053
-74.8027
-74.8024
-74.8018
-74.7998
-74.7986
-74.798
-74.7988
-74.799
-74.7989
-74.7983
-74.798
-74.7987
-74.7977
-74.7948
-74.7936
-74.794
-74.7919
-74.7905
-74.7894
-74.7871
-74.7874
-74.7879
-74.7874
-74.7863
-74.7863
-74.7866
-74.7868
-74.7857
-74.7851
-74.7851
-74.784
-74.7832
-74.7813
-74.7793
-74.7775
-74.7772
-74.7776
-74.7777
-74.7776
-74.777
-74.7751
-74.7748
-74.7755
-74.7759
-74.7753
-74.7735
-74.7726
-74.7705
-74.7662
-74.7629
-74.7624
-74.7627
-74.7636
-74.765
-74.7657
-74.7648
-74.763
-74.7636
-74.7659
-74.7675
-74.7667
-74.7664
-74.7645
-74.7603
-74.7566
-74.7517
-74.7489
-74.749
-74.7512
-74.7537
-74.755
-74.7542
-74.7514
-74.751
-74.7528
-74.7549
-74.7549
-74.754
-74.7527
-74.7498
-74.7451
-74.7394
-74.7354
-74.7328
-74.7316
-74.7333
-74.7374
-74.7403
-74.7407
-74.7398
-74.7404
-74.7412
-74.7437
-74.7452
-74.7462
-74.7467
-74.7434
-74.7368
-74.7316
-74.7259
-74.7208
-74.7175
-74.7169
-74.7195
-74.7231
-74.7247
-74.7247
-74.7262
-74.7276
-74.7274
-74.7265
-74.7269
-74.7278
-74.7306
-74.7313
-74.7277
-74.7207
-74.7141
-74.7076
-74.7028
-74.6975
-74.694
-74.6978
-74.7014
-74.7048
-74.7053
-74.7066
-74.7094
-74.7117
-74.7136
-74.7146
-74.7143
-74.7157
-74.7169
-74.7175
-74.715
-74.7082
-74.703
-74.6981
-74.6901
-74.6841
-74.6812
-74.6801
-74.6813
-74.6821
-74.6835
-74.6851
-74.687
-74.6906
-74.6924
-74.6939
-74.6939
-74.6954
-74.6963
-74.6951
-74.6941
-74.6933
-74.689
-74.6842
-74.6791
-74.6739
-74.667
-74.6618
-74.6595
-74.6584
-74.6574
-74.6585
-74.6582
-74.6583
-74.6621
-74.6646
-74.6631
-74.6646
-74.6676
-74.6729
-74.6773
-74.679
-74.6783
-74.6749
-74.6719
-74.6687
-74.6641
-74.6587
-74.6538
-74.6504
-74.6462
-74.6411
-74.6398
-74.6409
-74.637
-74.6306
-74.6315
-74.6357
-74.6392
-74.641
-74.6411
-74.6395
-74.6362
-74.6365
-74.6417
-74.6467
-74.6508
-74.6527
-74.6519
-74.6473
-74.6421
-74.6379
-74.6313
-74.6247
-74.6186
-74.6118
-74.6074
-74.6052
-74.6028
-74.6015
-74.602
-74.5998
-74.5948
-74.592
-74.5935
-74.5996
-74.6042
-74.6064
-74.6069
-74.6057
-74.6038
-74.5991
-74.5971
-74.6042
-74.6147
-74.6219
-74.6258
-74.6242
-74.619
-74.6132
-74.6076
-74.6005
-74.5928
-74.5843
-74.5726
-74.5604
-74.5521
-74.552
-74.555
-74.5575
-74.5575
-74.5552
-74.5501
-74.5464
-74.5431
-74.5419
-74.5502
-74.5602
-74.5637
-74.5638
-74.5627
-74.5628
-74.5611
-74.5624
-74.5656
-74.5667
-74.5655
-74.57
-74.5772
-74.5847
-74.5882
-74.5854
-74.5783
-74.5709
-74.5648
-74.5557
-74.5465
-74.5372
-74.5247
-74.5122
-74.4983
-74.4883
-74.484
-74.4831
-74.4801
-74.4765
-74.4701
-74.4695
-74.4736
-74.4734
-74.473
-74.4727
-74.4707
-74.4714
-74.4794
-74.4896
-74.4945
-74.4986
-74.5003
-74.4966
-74.496
-74.4975
-74.5018
-74.5072
-74.5138
-74.5178
-74.5178
-74.5131
-74.513
-74.5168
-74.5157
-74.5095
-74.5024
-74.4965
-74.4902
-74.4852
-74.483
-74.479
-74.4698
-74.4558
-74.4426
-74.4307
-74.4182
-74.4085
-74.3995
-74.3884
-74.3782
-74.3689
-74.3661
-74.3655
-74.3613
-74.354
-74.3513
-74.3595
-74.3685
-74.3734
-74.371
-74.3634
-74.3577
-74.3538
-74.351
-74.3582
-74.3666
-74.3709
-74.3774
-74.3915
-74.4029
-74.4101
-74.4144
-74.4228
-74.4331
-74.4407
-74.4428
-74.4383
-74.4325
-74.425
-74.4129
-74.4029
-74.3941
-74.3923
-74.3992
-74.4094
-74.4136
-74.4121
-74.4063
-74.3974
-74.3861
-74.3743
-74.3584
-74.344
-74.3379
-74.3322
-74.3242
-74.3124
-74.2989
-74.2849
-74.2719
-74.259
-74.251
-74.2451
-74.2399
-74.234
-74.2302
-74.2254
-74.2152
-74.2045
-74.2007
-74.2004
-74.2023
-74.2054
-74.2073
-74.202
-74.1888
-74.1708
-74.1569
-74.1474
-74.1378
-74.1272
-74.1272
-74.1385
-74.1504
-74.1528
-74.1509
-74.1529
-74.1579
-74.1727
-74.1839
-74.1896
-74.2
-74.2154
-74.2282
-74.2411
-74.2504
-74.2515
-74.2495
-74.2506
-74.2546
-74.2605
-74.2661
-74.2717
-74.2728
-74.2686
-74.2593
-74.2504
-74.2392
-74.2271
-74.218
-74.2082
-74.1947
-74.1806
-74.165
-74.1591
-74.164
-74.1722
-74.1797
-74.1803
-74.1761
-74.1791
-74.1817
-74.1791
-74.1697
-74.1571
-74.1529
-74.1497
-74.1422
-74.1395
-74.1399
-74.1329
-74.1184
-74.0994
-74.0802
-74.0628
-74.0532
-74.0489
-74.0422
-74.0323
-74.0188
-74.0036
-73.9883
-73.9788
-73.9683
-73.9537
-73.9426
-73.9352
-73.9231
-73.9067
-73.8966
-73.9046
-73.9216
-73.9325
-73.9351
-73.9323
-73.9223
-73.9073
-73.8969
-73.8911
-73.8833
-73.876
-73.8669
-73.8541
-73.8407
-73.8233
-73.8017
-73.7808
-73.7624
-73.7538
-73.7497
-73.7405
-73.7249
-73.7043
-73.6852
-73.6668
-73.6488
-73.6396
-73.6283
-73.6116
-73.5905
-73.5725
-73.5683
-73.5663
-73.564
-73.5591
-73.5608
-73.5673
-73.5702
-73.5853
-73.6015
-73.6072
-73.6025
-73.5932
-73.588
-73.5832
-73.5735
-73.5648
-73.5531
-73.5465
-73.5586
-73.584
-73.5993
-73.6015
-73.5996
-73.604
-73.6091
-73.6093
-73.6125
-73.6124
-73.6103
-73.6204
-73.633
-73.643
-73.6548
-73.6681
-73.6796
-73.6912
-73.7066
-73.717
-73.7167
-73.7076
-73.6923
-73.6727
-73.6509
-73.6381
-73.6336
-73.6286
-73.6183
-73.6088
-73.5965
-73.5796
-73.5652
-73.5507
-73.5324
-73.5105
-73.486
-73.4596
-73.4318
-73.4032
-73.3738
-73.3488
-73.3297
-73.3092
-73.2877
-73.2728
-73.2637
-73.2566
-73.2447
-73.2279
-73.2074
-73.1887
-73.1759
-73.161
-73.1425
-73.1211
-73.0976
-73.0727
-73.0468
-73.0202
-72.9932
-72.9659
-72.9384
-72.9108
-72.8832
-72.8556
-72.8281
-72.8007
-72.7734
-72.7463
-72.7194
-72.6927
-72.6662
-72.6399
-72.6138
-72.588
-72.5624
-72.537
-72.5119
-72.4871
-72.4625
-72.4381
-72.4141
-72.3903
-72.3667
-72.3434
-72.3204
-72.2976
-72.2751
-72.2529
-72.2309
-72.2091
-72.1876
-72.1664
-72.1454
-72.1246
-72.1041
-72.0838
-72.0637
-72.0439
-72.0244
-72.005
-71.9859
-71.967
-71.9483
-71.9299
-71.9116
-71.8936
-71.8758
-71.8582
-71.8409
-71.8237
-71.8067
-71.79
-71.7734
-71.7571
-71.7409
-71.725
-71.7092
-71.6936
-71.6782
-71.663
-71.648
-71.6332
-71.6186
-71.6041
-71.5898
-71.5757
-71.5618
-71.548
-71.5344
-71.521
-71.5077
-71.4946
-71.4817
-71.4689
-71.4563
-71.4439
-71.4316
-71.4194
-71.4075
-71.3956
-71.3839
-71.3724
-71.361
-71.3498
-71.3387
-71.3277
-71.3169
-71.3062
-71.2957
-71.2853
-71.275
-71.2649
-71.2549
-71.2451
-71.2353
-71.2257
-71.2163
-71.2069
-71.1977
-71.1886
-71.1796
-71.1707
-71.1619
-71.1533
-71.1448
-71.1364
-71.1281
-71.1199
-71.1118
-71.1038
-71.096
-71.0882
-71.0806
-71.073
-71.0656
-71.0582
-71.051
-71.0438
-71.0367
-71.0298
-71.0229
-71.0162
-71.0095
-71.0029
-70.9964
-70.99
-70.9837
-70.9774
-70.9713
-70.9653
-70.9593
-70.9534
-70.9476
-70.9419
-70.9362
-70.9306
-70.9252
-70.9198
-70.9144
-70.9092
-70.904
-70.8989
-70.8938
-70.8889
-70.884
-70.8792
-70.8744
-70.8697
-70.8651
-70.8606
-70.8561
-70.8517
-70.8473
-70.843
-70.8388
-70.8347
-70.8306
-70.8265
-70.8225
-70.8186
-70.8148
-70.811
-70.8072
-70.8035
-70.7999
-70.7963
-70.7928
-70.7893
-70.7859
-70.7826
-70.7793
-70.776
-70.7728
-70.7696
-70.7665
-70.7635
-70.7604
-70.7575
-70.7546
-70.7517
-70.7489
-70.7461
-70.7434
-70.7407
-70.738
-70.7354
-70.7328
-70.7303
-70.7278
-70.7254
-70.723
-70.7206
-70.7183
-70.716
-70.7138
-70.7116
-70.7094
-70.7073
-70.7052
-70.7031
-70.7011
-70.6991
-70.6972
-70.6952
-70.6933
-70.6915
-70.6897
-70.6879
-70.6861
-70.6844
-70.6827
-70.681
-70.6794
-70.6778
-70.6762
-70.6747
-70.6731
-70.6716
-70.6702
-70.6687
-70.6673
-70.6659
-70.6646
-70.6633
-70.6619
-70.6607
-70.6594
-70.6582
-70.657
-70.6558
-70.6546
-70.6535
-70.6524
-70.6513
-70.6502
-70.6492
-70.6481
-70.6471
-70.6461
-70.6452
-70.6442
-70.6433
-70.6424
-70.6415
-70.6407
-70.6398
-70.639
-70.6382
-70.6374
-70.6366
-70.6359
-70.6351
-70.6344
-70.6337
-70.633
-70.6323
-70.6317
-70.6311
-70.6304
-70.6298
-70.6292
-70.6287
-70.6281
-70.6275
-70.627
-70.6265
-70.626
-70.6255
-70.625
-70.6245
-70.6241
-70.6237
-70.6232
-70.6228
-70.6224
-70.622
-70.6216
-70.6213
-70.6209
-70.6206
-70.6202
-70.6199
-70.6196
-70.6193
-70.619
-70.6187
-70.6185
-70.6182
-70.6179
-70.6177
-70.6175
-70.6173
-70.617
-70.6168
-70.6166
-70.6165
-70.6163
-70.6161
-70.6159
-70.6158
-70.6156
-70.6155
-70.6154
-70.6153
-70.6151
-70.615
-70.6149
-70.6148
-70.6148
-70.6147
-70.6146
-70.6145
-70.6145
-70.6144
-70.6144
-70.6143
-70.6143
-70.6143
-70.6142
-70.6142
-70.6142
-70.6142
-70.6142
-70.6142
-70.6142
-70.6142
-70.6142
-70.6143
-70.6143
-70.6143
-70.6144
-70.6144
-70.6145
-70.6145
-70.6146
-70.6146
-70.6147
-70.6148
-70.6148
-70.6149
-70.615
-70.6151
-70.6151
-70.6152
-70.6153
-70.6154
-70.6155
-70.6156
-70.6157
-70.6158
-70.616
-70.6161
-70.6162
-70.6163
-70.6164
-70.6166
-70.6167
-70.6168
-70.6169
-70.6171
-70.6172
-70.6174
-70.6175
-70.6176
-70.6178
-70.6179
-70.6181
-70.6182
-70.6184
-70.6186
-70.6187
-70.6189
-70.619
-70.6192
-70.6194
-70.6195
-70.6197
-70.6199
-70.62
-70.6202
-70.6204
-70.6206
-70.6207
-70.6209
-70.6211
-70.6213
-70.6215
-70.6216
-70.6218
-70.622
-70.6222
-70.6224
-70.6226
-70.6227
-70.6229
-70.6231
-70.6233
-70.6235
-70.6237
-70.6239
-70.6241
-70.6243
-70.6245
-70.6246
-70.6248
-70.625
-70.6252
-70.6254
-70.6256
-70.6258
-70.626
-70.6262
-70.6264
-70.6266
-70.6268
-70.627
-70.6272
-70.6274
-70.6276
-70.6278
-70.628
-70.6282
-70.6284
-70.6286
-70.6288
-70.629
-70.6292
-70.6294
-70.6296
-70.6298
-70.63
-70.6301
-70.6303
-70.6305
-70.6307
-70.6309
-70.6311
-70.6313
-70.6315
-70.6317
-70.6319
-70.6321
-70.6323
-70.6325
-70.6327
-70.6329
-70.6331
-70.6333
-70.6334
-70.6336
-70.6338
-70.634
-70.6342
-70.6344
-70.6346
-70.6348
-70.635
-70.6352
-70.6353
-70.6355
-70.6357
-70.6359
-70.6361
-70.6363
-70.6364
-70.6366
-70.6368
-70.637
-70.6372
-70.6374
-70.6375
-70.6377
-70.6379
-70.6381
-70.6382
-70.6384
-70.6386
-70.6388
-70.6389
-70.6391
-70.6393
-70.6395
-70.6396
-70.6398
-70.64
-70.6402
-70.6403
-70.6405
-70.6407
-70.6408
-70.641
-70.6412
-70.6413
-70.6415
-70.6416
-70.6418
-70.642
-70.6421
-70.6423
-70.6425
-70.6426
-70.6428
-70.6429
-70.6431
-70.6432
-70.6434
-70.6435
-70.6437
-70.6439

