-70
-70.1661
-70.23
-70.2566
-70.2695
-70.2773
-70.283
-70.2879
-70.2925
-70.297
-70.3014
-70.3057
-70.31
-70.3142
-70.3185
-70.3226
-70.3268
-70.3309
-70.335
-70.3391
-70.3431
-70.3471
-70.351
-70.3549
-70.3588
-70.3626
-70.3664
-70.3701
-70.3738
-70.3775
-70.3811
-70.3847
-70.3883
-70.3918
-70.3953
-70.3987
-70.4021
-70.4055
-70.4088
-70.4121
-70.4154
-70.4186
-70.4218
-70.4249
-70.428
-70.4311
-70.4341
-70.4372
-70.4401
-70.4431
-70.446
-70.4489
-70.4517
-70.4545
-70.4573
-70.4601
-70.4628
-70.4655
-70.4682
-70.4708
-70.4734
-70.476
-70.4785
-70.481
-70.4835
-70.486
-70.4884
-70.4908
-70.4932
-70.4955
-70.4978
-70.5001
-70.5024
-70.5046
-70.5068
-70.509
-70.5112
-70.5133
-70.5154
-70.5175
-70.5196
-70.5216
-70.5236
-70.5256
-70.5276
-70.5295
-70.5315
-70.5334
-70.5352
-70.5371
-70.5389
-70.5407
-70.5425
-70.5443
-70.5461
-70.5478
-70.5495
-70.5512
-70.5528
-70.5545
-70.5561
-70.5577
-70.5593
-70.5609
-70.5624
-70.5639
-70.5655
-70.5669
-70.5684
-70.5699
-70.5713
-70.5727
-70.5741
-70.5755
-70.5769
-70.5782
-70.5796
-70.5809
-70.5822
-70.5835
-70.5848
-70.586
-70.5873
-70.5885
-70.5897
-70.5909
-70.5921
-70.5932
-70.5944
-70.5955
-70.5966
-70.5977
-70.5988
-70.5999
-70.601
-70.602
-70.603
-70.6041
-70.6051
-70.6061
-70.6071
-70.608
-70.609
-70.6099
-70.6109
-70.6118
-70.6127
-70.6136
-70.6145
-70.6154
-70.6162
-70.6171
-70.6179
-70.6187
-70.6196
-70.6204
-70.6212
-70.622
-70.6227
-70.6235
-70.6242
-70.625
-70.6257
-70.6265
-70.6272
-70.6279
-70.6286
-70.6293
-70.6299
-70.6306
-70.6313
-70.6319
-70.6325
-70.6332
-70.6338
-70.6344
-70.635
-70.6356
-70.6362
-70.6368
-70.6374
-70.6379
-70.6385
-70.639
-70.6396
-70.6401
-70.6406
-70.6411
-70.6417
-70.6422
-70.6427
-70.6431
-70.6436
-70.6441
-70.6446
-70.645
-70.6455
-70.6459
-70.6464
-70.6468
-70.6472
-70.6476
-70.6481
-70.6485
-70.6489
-70.6493
-70.6497
-70.65
-70.6504
-70.6508
-70.6512
-70.6515
-70.6519
-70.6522
-70.6526
-70.6529
-70.6533
-70.6536
-70.6539
-70.6542
-70.6545
-70.6549
-70.6552
-70.6555
-70.6558
-70.656
-70.6563
-70.6566
-70.6569
-70.6572
-70.6574
-70.6577
-70.658
-70.6582
-70.6585
-70.6587
-70.6589
-70.6592
-70.6594
-70.6597
-70.6599
-70.6601
-70.6603
-70.6605
-70.6607
-70.661
-70.6612
-70.6614
-70.6616
-70.6617
-70.6619
-70.6621
-70.6623
-70.6625
-70.6627
-70.6628
-70.663
-70.6632
-70.6633
-70.6635
-70.6637
-70.6638
-70.664
-70.6641
-70.6643
-70.6644
-70.6646
-70.6647
-70.6648
-70.665
-70.6651
-70.6652
-70.6653
-70.6655
-70.6656
-70.6657
-70.6658
-70.6659
-70.666
-70.6662
-70.6663
-70.6664
-70.6665
-70.6666
-70.6667
-70.6668
-70.6669
-70.667
-70.667
-70.6671
-70.6672
-70.6673
-70.6674
-70.6675
-70.6675
-70.6676
-70.6677
-70.6678
-70.6678
-70.6679
-70.668
-70.668
-70.6681
-70.6682
-70.6682
-70.6683
-70.6683
-70.6684
-70.6685
-70.6685
-70.6686
-70.6686
-70.6687
-70.6687
-70.6688
-70.6688
-70.6688
-70.6689
-70.6689
-70.669
-70.669
-70.669
-70.6691
-70.6691
-70.6691
-70.6692
-70.6692
-70.6692
-70.6693
-70.6693
-70.6693
-70.6694
-70.6694
-70.6694
-70.6694
-70.6694
-70.6695
-70.6695
-70.6695
-70.6695
-70.6695
-70.6696
-70.6696
-70.6696
-70.6696
-70.6696
-70.6696
-70.6696
-70.6697
-70.6697
-70.6697
-70.6697
-70.6697
-70.6697
-70.6697
-70.6697
-70.6697
-70.6697
-70.6697
-70.6697
-70.6697
-70.6697
-70.6697
-70.6697
-70.6697
-70.6697
-70.6697
-70.6697
-70.6697
-70.6697
-70.6697
-70.6697
-70.6697
-70.6697
-70.6697
-70.6697
-70.6697
-70.6697
-70.6697
-70.6697
-70.6697
-70.6697
-70.6697
-70.6696
-70.6696
-70.6696
-70.6696
-70.6696
-70.6696
-70.6696
-70.6696
-70.6696
-70.6695
-70.6695
-70.6695
-70.6695
-70.6695
-70.6695
-70.6695
-70.6695
-70.6694
-70.6694
-70.6694
-70.6694
-70.6694
-70.6694
-70.6693
-70.6693
-70.6693
-70.6693
-70.6693
-70.6693
-70.6693
-70.6692
-70.6692
-70.6692
-70.6692
-70.6692
-70.6691
-70.6691
-70.6691
-70.6691
-70.6691
-70.6691
-70.669
-70.669
-70.669
-70.669
-70.669
-70.6689
-70.6689
-70.6689
-70.6689
-70.6689
-70.6688
-70.6688
-70.6688
-70.6688
-70.6688
-70.6687
-70.6687
-70.6687
-70.6687
-70.6686
-70.6686
-70.6686
-70.6686
-70.6686
-70.6685
-70.6685
-70.6685
-70.6685
-70.6685
-70.6684
-70.6684
-70.6684
-70.6684
-70.6684
-70.6683
-70.6683
-70.6683
-70.6683
-70.6682
-70.6682
-70.6682
-70.6682
-70.6682
-70.6681
-70.6681
-70.6681
-70.6681
-70.6681
-70.6763
-70.8713
-71.6233
-65.0245
-54.034
-51.1309
-49.4236
-47.382
-41.1484
5.12353
-30.5709
-62.8717
-68.7919
-67.8761
-66.8317
-65.7654
-64.6969
-63.6438
-62.6232
-61.6499
-60.7371
-59.8967
-58.9201
-58.0374
-57.3315
-56.7317
-56.2154
-55.7715
-55.3881
-55.0233
-54.7217
-54.4781
-54.2813
-54.1226
-53.9942
-53.875
-53.7706
-53.6916
-53.6324
-53.5883
-53.5558
-53.5325
-53.5093
-53.4787
-53.458
-53.4458
-53.4394
-53.4369
-53.4371
-53.4392
-53.443
-53.4363
-53.4222
-53.4154
-53.4139
-53.4155
-53.4189
-53.4234
-53.4287
-53.4345
-53.4409
-53.4476
-53.452
-53.4325
-53.42
-53.4157
-53.4158
-53.4181
-53.4217
-53.426
-53.4307
-53.4357
-53.4409
-53.4463
-53.4519
-53.4576
-53.4636
-53.4696
-53.4749
-53.4794
-53.441
-53.416
-53.406
-53.4024
-53.4009
-53.3996
-53.397
-53.3916
-53.3805
-53.3541
-53.2372
-52.567
-52.4286
-52.5691
-52.7363
-52.8703
-52.9652
-53.029
-53.0724
-53.1043
-53.131
-53.1571
-53.186
-53.2206
-53.2644
-53.3209
-53.3932
-53.4677
-53.4836
-53.4833
-53.4819
-53.4828
-53.4865
-53.4935
-53.5031
-53.515
-53.5292
-53.5457
-53.5646
-53.5861
-53.6101
-53.6369
-53.6666
-53.6994
-53.7358
-53.7758
-53.8199
-53.8681
-53.9209
-53.9785
-54.0413
-54.1096
-54.1837
-54.264
-54.3506
-54.4443
-54.5454
-54.6546
-54.7723
-54.899
-55.0357
-55.1827
-55.3406
-55.5092
-54.5054
-53.48
-53.2429
-53.2198
-53.2535
-53.2994
-53.3446
-53.3861
-53.4237
-53.4581
-53.4898
-53.5198
-53.5485
-53.5767
-53.6047
-53.6332
-53.6624
-53.6928
-53.7249
-53.7601
-53.7985
-53.8393
-53.8826
-53.9288
-53.9784
-54.0318
-54.0893
-54.1512
-54.218
-54.2904
-54.3708
-54.4568
-54.5481
-54.6452
-54.7487
-54.8591
-54.9771
-55.1031
-55.2372
-55.3797
-55.5357
-55.704
-55.879
-56.0604
-54.6102
-53.3476
-53.0874
-53.0779
-53.1299
-53.1911
-53.2477
-53.2974
-53.3404
-53.3777
-53.4103
-53.4395
-53.4662
-53.491
-53.5147
-53.5378
-53.5608
-53.584
-53.6091
-53.6357
-53.6632
-53.6919
-53.7223
-53.7547
-53.7895
-53.8269
-53.8672
-53.9106
-53.9574
-54.0097
-54.0696
-54.1333
-54.2001
-54.2707
-54.3453
-54.4248
-54.5094
-54.5997
-54.6956
-54.7975
-54.9057
-55.0284
-55.166
-55.3078
-55.4525
-55.6008
-55.7539
-55.9121
-56.0758
-56.245
-56.4196
-56.5988
-56.7819
-56.9843
-55.6462
-53.3697
-52.91
-52.8772
-52.9489
-53.0377
-53.1194
-53.1885
-53.2459
-53.2939
-53.3344
-53.369
-53.3995
-53.4265
-53.4506
-53.4726
-53.4929
-53.5123
-53.531
-53.549
-53.5667
-53.5841
-53.6012
-53.6179
-53.6352
-53.6554
-53.6748
-53.6921
-53.7071
-53.719
-53.7266
-53.7283
-53.7215
-53.7022
-53.6643
-53.5965
-53.4771
-53.2692
-52.8042
-50.684
-40.0383
-25.4547
-21.9422
-40.3438
-55.2761
-58.083
-58.2121
-59.5343
-58.9832
-58.2557
-57.5701
-56.9553
-56.4139
-55.9443
-55.5419
-55.2024
-54.919
-54.6853
-54.497
-54.3468
-54.2296
-54.1435
-54.0917
-54.0678
-54.0639
-54.0726
-54.0904
-54.1162
-54.1522
-54.1985
-54.2563
-54.3322
-54.4399
-54.5647
-54.6938
-54.8235
-54.9571
-55.0972
-55.2476
-55.4119
-55.5916
-55.7915
-56.0234
-56.2832
-56.5553
-56.8335
-57.1205
-57.4188
-57.731
-58.0612
-58.412
-58.7868
-59.1938
-59.6375
-60.0956
-60.5585
-61.0237
-61.4906
-61.9595
-62.4338
-62.9178
-63.4124
-63.9242
-64.4647
-65.0148
-65.5492
-66.0636
-66.5551
-67.0246
-67.4739
-67.9098
-68.3334
-68.7514
-69.1709
-69.5907
-69.9943
-70.3683
-70.7126
-71.0263
-71.3127
-71.5762
-71.8219
-72.0514
-72.274
-72.4915
-72.7035
-72.9013
-73.0799
-73.2386
-73.3796
-73.5039
-73.6152
-73.7153
-73.8068
-73.8951
-73.9813
-74.0659
-74.1449
-74.2155
-74.2764
-74.3292
-74.3743
-74.413
-74.4464
-74.4758
-74.5042
-74.5332
-74.5629
-74.5931
-74.621
-74.6449
-74.6632
-74.678
-74.6906
-74.7
-74.707
-74.7133
-74.7204
-74.7291
-74.7387
-74.7504
-74.7607
-74.769
-74.7737
-74.7758
-74.7784
-74.7797
-74.7794
-74.7786
-74.7791
-74.7816
-74.784
-74.7889
-74.7944
-74.7982
-74.7997
-74.7986
-74.7969
-74.796
-74.7951
-74.793
-74.7907
-74.7904
-74.7897
-74.79
-74.7933
-74.7963
-74.7979
-74.7976
-74.7955
-74.7928
-74.7908
-74.79
-74.7894
-74.788
-74.7871
-74.7853
-74.7844
-74.7863
-74.7886
-74.7894
-74.7896
-74.7878
-74.7849
-74.7819
-74.7794
-74.7784
-74.7785
-74.7781
-74.776
-74.7737
-74.7736
-74.7757
-74.7775
-74.7788
-74.7782
-74.7763
-74.7735
-74.7707
-74.7694
-74.768
-74.7679
-74.7676
-74.7658
-74.7634
-74.7628
-74.764
-74.7673
-74.7688
-74.7689
-74.7662
-74.7619
-74.7584
-74.7569
-74.7562
-74.7554
-74.7543
-74.7523
-74.7501
-74.7491
-74.7503
-74.7524
-74.7557
-74.7584
-74.7588
-74.7566
-74.7524
-74.7474
-74.7456
-74.7455
-74.7453
-74.7434
-74.74
-74.7355
-74.7347
-74.7371
-74.7401
-74.7425
-74.7445
-74.7462
-74.7459
-74.7438
-74.7389
-74.7347
-74.7316
-74.7309
-74.7305
-74.7287
-74.7251
-74.72
-74.7175
-74.7195
-74.7245
-74.7281
-74.7304
-74.7322
-74.7345
-74.7341
-74.732
-74.728
-74.7243
-74.7216
-74.7183
-74.7158
-74.7139
-74.7108
-74.7062
-74.7032
-74.7043
-74.7075
-74.711
-74.7127
-74.7143
-74.7169
-74.7185
-74.718
-74.7158
-74.7145
-74.7116
-74.7074
-74.7031
-74.6987
-74.6958
-74.6929
-74.6892
-74.686
-74.6858
-74.6869
-74.6905
-74.6932
-74.6957
-74.6983
-74.7007
-74.7036
-74.7041
-74.7034
-74.7024
-74.7008
-74.6962
-74.6902
-74.6847
-74.6798
-74.6762
-74.6741
-74.671
-74.6678
-74.6668
-74.6671
-74.669
-74.6713
-74.674
-74.6754
-74.6762
-74.6794
-74.6837
-74.6861
-74.6884
-74.6872
-74.682
-74.6745
-74.6667
-74.6632
-74.6604
-74.654
-74.6504
-74.6486
-74.6459
-74.6434
-74.6423
-74.6431
-74.6451
-74.648
-74.6486
-74.6496
-74.654
-74.6609
-74.6664
-74.6707
-74.6716
-74.6703
-74.666
-74.6602
-74.6549
-74.647
-74.6385
-74.6326
-74.6286
-74.6247
-74.6227
-74.6197
-74.6164
-74.6177
-74.6189
-74.6206
-74.6204
-74.6168
-74.6155
-74.6184
-74.6246
-74.6302
-74.6382
-74.645
-74.6461
-74.6438
-74.6426
-74.6393
-74.6338
-74.6261
-74.6188
-74.6114
-74.6018
-74.594
-74.5885
-74.5839
-74.5806
-74.5801
-74.5833
-74.5873
-74.5875
-74.5858
-74.5838
-74.586
-74.5873
-74.5901
-74.591
-74.5927
-74.5971
-74.604
-74.6119
-74.6184
-74.6199
-74.6169
-74.6134
-74.6089
-74.6018
-74.5935
-74.5846
-74.5746
-74.5643
-74.5556
-74.5524
-74.5504
-74.5458
-74.5385
-74.5345
-74.5377
-74.5434
-74.5446
-74.5432
-74.5447
-74.5469
-74.5498
-74.5515
-74.5556
-74.5581
-74.5588
-74.5612
-74.5637
-74.5659
-74.5657
-74.5643
-74.5643
-74.5646
-74.564
-74.563
-74.5576
-74.5501
-74.5415
-74.5329
-74.5214
-74.5089
-74.5012
-74.5008
-74.5034
-74.4989
-74.4892
-74.4782
-74.4754
-74.4752
-74.4769
-74.4797
-74.4819
-74.4822
-74.4835
-74.488
-74.4949
-74.5014
-74.5048
-74.5111
-74.5152
-74.5151
-74.5132
-74.5095
-74.5064
-74.5047
-74.5024
-74.5027
-74.5018
-74.4958
-74.4879
-74.4807
-74.4775
-74.4794
-74.479
-74.4768
-74.4711
-74.4657
-74.4608
-74.4559
-74.4528
-74.4464
-74.4348
-74.4216
-74.4094
-74.3979
-74.3918
-74.3933
-74.3984
-74.4032
-74.4074
-74.411
-74.4167
-74.4188
-74.4242
-74.4316
-74.4341
-74.4347
-74.435
-74.4345
-74.4326
-74.4307
-74.4252
-74.4196
-74.4192
-74.421
-74.4231
-74.426
-74.4289
-74.4258
-74.417
-74.4086
-74.4024
-74.3956
-74.3855
-74.3783
-74.3776
-74.3757
-74.3764
-74.3829
-74.3889
-74.3874
-74.379
-74.3651
-74.3542
-74.3473
-74.3373
-74.3238
-74.3074
-74.2882
-74.2685
-74.2633
-74.2667
-74.2763
-74.288
-74.2925
-74.2893
-74.286
-74.2838
-74.2841
-74.288
-74.2967
-74.3012
-74.304
-74.308
-74.3098
-74.3073
-74.3014
-74.3
-74.3067
-74.3087
-74.3043
-74.3003
-74.2931
-74.2857
-74.2754
-74.2637
-74.2538
-74.2481
-74.2571
-74.2615
-74.26
-74.2569
-74.2599
-74.2604
-74.2603
-74.2593
-74.2529
-74.2436
-74.2402
-74.2465
-74.2569
-74.259
-74.2564
-74.2497
-74.2385
-74.2276
-74.2158
-74.1998
-74.1867
-74.1745
-74.1613
-74.1523
-74.145
-74.1385
-74.1376
-74.1405
-74.1392
-74.1385
-74.1352
-74.1269
-74.118
-74.109
-74.098
-74.0875
-74.0765
-74.0697
-74.074
-74.0894
-74.1001
-74.1071
-74.1103
-74.1138
-74.1204
-74.1249
-74.1241
-74.1204
-74.1169
-74.1095
-74.1027
-74.1007
-74.0933
-74.0804
-74.0736
-74.0732
-74.0711
-74.0681
-74.065
-74.0577
-74.0509
-74.0558
-74.0678
-74.0756
-74.0791
-74.0743
-74.0655
-74.055
-74.0428
-74.0294
-74.0118
-73.9943
-73.9806
-73.9787
-73.9838
-73.9977
-74.0081
-74.0107
-74.0062
-73.998
-73.9899
-73.9838
-73.9787
-73.977
-73.9714
-73.9679
-73.9672
-73.9638
-73.9625
-73.9625
-73.9595
-73.9513
-73.941
-73.9275
-73.914
-73.9091
-73.9092
-73.9151
-73.917
-73.9105
-73.9015
-73.8883
-73.8771
-73.8727
-73.8688
-73.8708
-73.8754
-73.8769
-73.8725
-73.8605
-73.8426
-73.8216
-73.803
-73.7877
-73.7789
-73.7665
-73.7525
-73.745
-73.7364
-73.7271
-73.7134
-73.7083
-73.7115
-73.7152
-73.7161
-73.7135
-73.7073
-73.6952
-73.6891
-73.6972
-73.7147
-73.7243
-73.7224
-73.716
-73.7071
-73.693
-73.6797
-73.6654
-73.647
-73.6257
-73.6116
-73.6023
-73.589
-73.5707
-73.5521
-73.5429
-73.5338
-73.5195
-73.5004
-73.4777
-73.4526
-73.4259
-73.4044
-73.3877
-73.3862
-73.3938
-73.3944
-73.3928
-73.3886
-73.3782
-73.3623
-73.3426
-73.3279
-73.3251
-73.3294
-73.3277
-73.3184
-73.3032
-73.2839
-73.2624
-73.2476
-73.2411
-73.2354
-73.2308
-73.2267
-73.2171
-73.2022
-73.1883
-73.1983
-73.2096
-73.2148
-73.2192
-73.2169
-73.2074
-73.1927
-73.1742
-73.1532
-73.1303
-73.106
-73.0808
-73.0569
-73.0439
-73.0419
-73.0384
-73.029
-73.0144
-72.9961
-72.9753
-72.9527
-72.929
-72.9044
-72.8793
-72.8537
-72.8279
-72.802
-72.7759
-72.7498
-72.7238
-72.6978
-72.6719
-72.6462
-72.6206
-72.5952
-72.5699
-72.5449
-72.5201
-72.4955
-72.4711
-72.4469
-72.4295
-72.4337
-72.4454
-72.4506
-72.448
-72.4398
-72.4275
-72.4127
-72.396
-72.378
-72.3592
-72.3398
-72.32
-72.2998
-72.2796
-72.2592
-72.2388
-72.2184
-72.198
-72.1778
-72.1576
-72.1376
-72.1177
-72.0979
-72.0784
-72.0589
-72.0397
-72.0207
-72.0018
-71.9832
-71.9647
-71.9464
-71.9283
-71.9104
-71.8928
-71.8753
-71.8703
-71.8764
-71.8795
-71.8775
-71.8713
-71.8622
-71.8512
-71.839
-71.8258
-71.8121
-71.7979
-71.7835
-71.7689
-71.7542
-71.7395
-71.7248
-71.7101
-71.6955
-71.681
-71.6665
-71.6522
-71.6379
-71.6238
-71.6099
-71.596
-71.5823
-71.5688
-71.5554
-71.5421
-71.529
-71.516
-71.5032
-71.4906
-71.478
-71.4657
-71.4534
-71.4413
-71.4294
-71.4176
-71.406
-71.3945
-71.3831
-71.3719
-71.3608
-71.3498
-71.339
-71.3283
-71.3178
-71.3074
-71.2971
-71.287
-71.277
-71.2671
-71.2573
-71.2477
-71.2382
-71.2288
-71.2196
-71.2104
-71.2014
-71.1925
-71.1837
-71.175
-71.1665
-71.158
-71.1497
-71.1414
-71.1333
-71.1253
-71.1174
-71.1096
-71.1018
-71.0942
-71.0867
-71.0793
-71.072
-71.0648
-71.0577
-71.0507
-71.0438
-71.0369
-71.0302
-71.0235
-71.017
-71.0105
-71.0041
-70.9978
-70.9916
-70.9855
-70.9794
-70.9735
-70.9676
-70.9618
-70.9561
-70.9504
-70.9449
-70.9394
-70.934
-70.9286
-70.9234
-70.9182
-70.9131
-70.908
-70.9031
-70.8982
-70.8933
-70.8886
-70.8839
-70.8792
-70.8747
-70.8702
-70.8657
-70.8614
-70.8571
-70.8528
-70.8486
-70.8445
-70.8405
-70.8364
-70.8325
-70.8286
-70.8248
-70.821
-70.8173
-70.8136
-70.81
-70.8065
-70.803
-70.7995
-70.7961
-70.7928
-70.7895
-70.7862
-70.783
-70.7799
-70.7768
-70.7737
-70.7707
-70.7678
-70.7648
-70.762
-70.7592
-70.7564
-70.7536
-70.7509
-70.7483
-70.7457
-70.7431
-70.7406
-70.7381
-70.7356
-70.7332
-70.7309
-70.7285
-70.7262
-70.724
-70.7218
-70.7196
-70.7174
-70.7153
-70.7132
-70.7112
-70.7092
-70.7072
-70.7053
-70.7034
-70.7015
-70.6997
-70.6978
-70.6961
-70.6943
-70.6926
-70.6909
-70.6892
-70.6876
-70.686
-70.6844
-70.6829
-70.6814
-70.6799
-70.6784
-70.677
-70.6755
-70.6742
-70.6728
-70.6715
-70.6701
-70.6689
-70.6676
-70.6663
-70.6651
-70.6639
-70.6628
-70.6616
-70.6605
-70.6594
-70.6583
-70.6572
-70.6562
-70.6552
-70.6542
-70.6532
-70.6522
-70.6513
-70.6504
-70.6495
-70.6486
-70.6477
-70.6469
-70.6461
-70.6453
-70.6445
-70.6437
-70.6429
-70.6422
-70.6415
-70.6407
-70.6401
-70.6394
-70.6387
-70.6381
-70.6374
-70.6368
-70.6362
-70.6356
-70.635
-70.6345
-70.6339
-70.6334
-70.6329
-70.6324
-70.6319
-70.6314
-70.6309
-70.6305
-70.63
-70.6296
-70.6292
-70.6288
-70.6284
-70.628
-70.6276
-70.6273
-70.6269
-70.6266
-70.6262
-70.6259
-70.6256
-70.6253
-70.625
-70.6247
-70.6245
-70.6242
-70.6239
-70.6237
-70.6235
-70.6232
-70.623
-70.6228
-70.6226
-70.6224
-70.6222
-70.6221
-70.6219
-70.6217
-70.6216
-70.6214
-70.6213
-70.6211
-70.621
-70.6209
-70.6208
-70.6207
-70.6206
-70.6205
-70.6204
-70.6203
-70.6203
-70.6202
-70.6201
-70.6201
-70.62
-70.62
-70.6199
-70.6199
-70.6199
-70.6199
-70.6198
-70.6198
-70.6198
-70.6198
-70.6198
-70.6198
-70.6198
-70.6198
-70.6199
-70.6199
-70.6199
-70.6199
-70.62
-70.62
-70.6201
-70.6201
-70.6202
-70.6202
-70.6203
-70.6203
-70.6204
-70.6205
-70.6205
-70.6206
-70.6207
-70.6208
-70.6209
-70.6209
-70.621
-70.6211
-70.6212
-70.6213
-70.6214
-70.6215
-70.6216
-70.6217
-70.6218
-70.622
-70.6221
-70.6222
-70.6223
-70.6224
-70.6226
-70.6227
-70.6228
-70.6229
-70.6231
-70.6232
-70.6233
-70.6235
-70.6236
-70.6237
-70.6239
-70.624
-70.6242
-70.6243
-70.6245
-70.6246
-70.6248
-70.6249
-70.6251
-70.6252
-70.6254
-70.6255
-70.6257
-70.6258
-70.626
-70.6262
-70.6263
-70.6265
-70.6267
-70.6268
-70.627
-70.6271
-70.6273
-70.6275
-70.6276
-70.6278
-70.628
-70.6281
-70.6283
-70.6285
-70.6287
-70.6288
-70.629
-70.6292
-70.6293
-70.6295
-70.6297
-70.6299
-70.63
-70.6302
-70.6304
-70.6306
-70.6307
-70.6309
-70.6311
-70.6313
-70.6314
-70.6316
-70.6318
-70.632
-70.6321
-70.6323
-70.6325
-70.6327
-70.6328
-70.633
-70.6332
-70.6334
-70.6335
-70.6337
-70.6339
-70.6341
-70.6342
-70.6344
-70.6346
-70.6348
-70.6349
-70.6351
-70.6353
-70.6354
-70.6356
-70.6358
-70.636
-70.6361
-70.6363
-70.6365
-70.6366
-70.6368
-70.637
-70.6372
-70.6373
-70.6375
-70.6377
-70.6378
-70.638
-70.6382
-70.6383
-70.6385
-70.6387
-70.6388
-70.639
-70.6392
-70.6393
-70.6395
-70.6396
-70.6398
-70.64
-70.6401
-70.6403
-70.6405
-70.6406
-70.6408
-70.6409
-70.6411
-70.6412
-70.6414
-70.6416
-70.6417
-70.6419
-70.642
-70.6422
-70.6423
-70.6425
-70.6426
-70.6428
-70.6429
-70.6431
-70.6432
-70.6434
-70.6435
-70.6437
-70.6438
-70.644
-70.6441

