-70
-70.1661
-70.23
-70.2566
-70.2695
-70.2773
-70.283
-70.2879
-70.2925
-70.297
-70.3014
-70.3057
-70.31
-70.3142
-70.3185
-70.3226
-70.3268
-70.3309
-70.335
-70.3391
-70.3431
-70.3471
-70.351
-70.3549
-70.3588
-70.3626
-70.3664
-70.3701
-70.3738
-70.3775
-70.3811
-70.3847
-70.3883
-70.3918
-70.3953
-70.3987
-70.4021
-70.4055
-70.4088
-70.4121
-70.4154
-70.4186
-70.4218
-70.4249
-70.428
-70.4311
-70.4341
-70.4372
-70.4401
-70.4431
-70.446
-70.4489
-70.4517
-70.4545
-70.4573
-70.4601
-70.4628
-70.4655
-70.4682
-70.4708
-70.4734
-70.476
-70.4785
-70.481
-70.4835
-70.486
-70.4884
-70.4908
-70.4932
-70.4955
-70.4978
-70.5001
-70.5024
-70.5046
-70.5068
-70.509
-70.5112
-70.5133
-70.5154
-70.5175
-70.5196
-70.5216
-70.5236
-70.5256
-70.5276
-70.5295
-70.5315
-70.5334
-70.5352
-70.5371
-70.5389
-70.5407
-70.5425
-70.5443
-70.5461
-70.5478
-70.5495
-70.5512
-70.5528
-70.5545
-70.5561
-70.5577
-70.5593
-70.5609
-70.5624
-70.5639
-70.5655
-70.5669
-70.5684
-70.5699
-70.5713
-70.5727
-70.5741
-70.5755
-70.5769
-70.5782
-70.5796
-70.5809
-70.5822
-70.5835
-70.5848
-70.586
-70.5873
-70.5885
-70.5897
-70.5909
-70.5921
-70.5932
-70.5944
-70.5955
-70.5966
-70.5977
-70.5988
-70.5999
-70.601
-70.602
-70.603
-70.6041
-70.6051
-70.6061
-70.6071
-70.608
-70.609
-70.6099
-70.6109
-70.6118
-70.6127
-70.6136
-70.6145
-70.6154
-70.6162
-70.6171
-70.6179
-70.6187
-70.6196
-70.6204
-70.6212
-70.622
-70.6227
-70.6235
-70.6242
-70.625
-70.6257
-70.6265
-70.6272
-70.6279
-70.6286
-70.6293
-70.6299
-70.6306
-70.6313
-70.6319
-70.6325
-70.6332
-70.6338
-70.6344
-70.635
-70.6356
-70.6362
-70.6368
-70.6374
-70.6379
-70.6385
-70.639
-70.6396
-70.6401
-70.6406
-70.6411
-70.6417
-70.6422
-70.6427
-70.6431
-70.6436
-70.6441
-70.6446
-70.645
-70.6455
-70.6459
-70.6464
-70.6468
-70.6472
-70.6476
-70.6481
-70.6485
-70.6489
-70.6493
-70.6497
-70.65
-70.6504
-70.6508
-70.6512
-70.6515
-70.6519
-70.6522
-70.6526
-70.6529
-70.6533
-70.6536
-70.6539
-70.6542
-70.6545
-70.6549
-70.6552
-70.6555
-70.6558
-70.656
-70.6563
-70.6566
-70.6569
-70.6572
-70.6574
-70.6577
-70.658
-70.6582
-70.6585
-70.6587
-70.6589
-70.6592
-70.6594
-70.6597
-70.6599
-70.6601
-70.6603
-70.6605
-70.6607
-70.661
-70.6612
-70.6614
-70.6616
-70.6617
-70.6619
-70.6621
-70.6623
-70.6625
-70.6627
-70.6628
-70.663
-70.6632
-70.6633
-70.6635
-70.6637
-70.6638
-70.664
-70.6641
-70.6643
-70.6644
-70.6646
-70.6647
-70.6648
-70.665
-70.6651
-70.6652
-70.6653
-70.6655
-70.6656
-70.6657
-70.6658
-70.6659
-70.666
-70.6662
-70.6663
-70.6664
-70.6665
-70.6666
-70.6667
-70.6668
-70.6669
-70.667
-70.667
-70.6671
-70.6672
-70.6673
-70.6674
-70.6675
-70.6675
-70.6676
-70.6677
-70.6678
-70.6678
-70.6679
-70.668
-70.668
-70.6681
-70.6682
-70.6682
-70.6683
-70.6683
-70.6684
-70.6685
-70.6685
-70.6686
-70.6686
-70.6687
-70.6687
-70.6688
-70.6688
-70.6688
-70.6689
-70.6689
-70.669
-70.669
-70.669
-70.6691
-70.6691
-70.6691
-70.6692
-70.6692
-70.6692
-70.6693
-70.6693
-70.6693
-70.6694
-70.6694
-70.6694
-70.6694
-70.6694
-70.6695
-70.6695
-70.6695
-70.6695
-70.6695
-70.6696
-70.6696
-70.6696
-70.6696
-70.6696
-70.6696
-70.6696
-70.6697
-70.6697
-70.6697
-70.6697
-70.6697
-70.6697
-70.6697
-70.6697
-70.6697
-70.6697
-70.6697
-70.6697
-70.6697
-70.6697
-70.6697
-70.6697
-70.6697
-70.6697
-70.6697
-70.6697
-70.6697
-70.6697
-70.6697
-70.6697
-70.6697
-70.6697
-70.6697
-70.6697
-70.6697
-70.6697
-70.6697
-70.6697
-70.6697
-70.6697
-70.6697
-70.6696
-70.6696
-70.6696
-70.6696
-70.6696
-70.6696
-70.6696
-70.6696
-70.6696
-70.6695
-70.6695
-70.6695
-70.6695
-70.6695
-70.6695
-70.6695
-70.6695
-70.6694
-70.6694
-70.6694
-70.6694
-70.6694
-70.6694
-70.6693
-70.6693
-70.6693
-70.6693
-70.6693
-70.6693
-70.6693
-70.6692
-70.6692
-70.6692
-70.6692
-70.6692
-70.6691
-70.6691
-70.6691
-70.6691
-70.6691
-70.6691
-70.669
-70.669
-70.669
-70.669
-70.669
-70.6689
-70.6689
-70.6689
-70.6689
-70.6689
-70.6688
-70.6688
-70.6688
-70.6688
-70.6688
-70.6687
-70.6687
-70.6687
-70.6687
-70.6686
-70.6686
-70.6686
-70.6686
-70.6686
-70.6685
-70.6685
-70.6685
-70.6685
-70.6685
-70.6684
-70.6684
-70.6684
-70.6684
-70.6684
-70.6683
-70.6683
-70.6683
-70.6683
-70.6682
-70.6682
-70.6682
-70.6682
-70.6682
-70.6681
-70.6681
-70.6681
-70.6681
-70.6681
-70.6733
-70.8484
-71.479
-72.4423
-73.2654
-73.7896
-62.1166
-53.3235
-50.7449
-48.859
-45.8221
-21.2564
-17.5081
-43.685
-68.6406
-68.5112
-67.4858
-66.416
-65.3296
-64.2445
-63.1786
-62.1489
-61.1705
-60.2549
-59.4101
-58.5649
-57.778
-57.1
-56.5197
-56.0194
-55.5883
-55.2193
-54.8941
-54.6129
-54.3808
-54.1918
-54.0377
-53.9119
-53.8075
-53.7169
-53.6429
-53.5858
-53.5422
-53.5091
-53.4843
-53.4654
-53.4461
-53.4282
-53.416
-53.4083
-53.4037
-53.4014
-53.4007
-53.4012
-53.4019
-53.397
-53.3916
-53.3893
-53.3893
-53.3906
-53.3926
-53.3952
-53.398
-53.4011
-53.4044
-53.4079
-53.4081
-53.4002
-53.3957
-53.3946
-53.3951
-53.3966
-53.3985
-53.4007
-53.403
-53.4054
-53.4078
-53.4098
-53.4116
-53.4132
-53.4144
-53.4151
-53.415
-53.4137
-53.4016
-53.3909
-53.3849
-53.3788
-53.3645
-53.2478
-53.0951
-53.1168
-53.1706
-53.2177
-53.2519
-53.2751
-53.2906
-53.3014
-53.3098
-53.3174
-53.3254
-53.3345
-53.3459
-53.3605
-53.3794
-53.4034
-53.4323
-53.4655
-53.5023
-53.5424
-53.5862
-53.5728
-53.4986
-53.4517
-53.4325
-53.4283
-53.4305
-53.4356
-53.4423
-53.45
-53.4586
-53.468
-53.4784
-53.4896
-53.5019
-53.5152
-53.5297
-53.5455
-53.5627
-53.5814
-53.6018
-53.6241
-53.6483
-53.6747
-53.7035
-53.735
-53.7694
-53.807
-53.8479
-53.8925
-53.9411
-53.9938
-54.0511
-54.1132
-54.1806
-54.2534
-54.3318
-54.4164
-53.9456
-53.5025
-53.3848
-53.3483
-53.3357
-53.344
-53.3598
-53.377
-53.3937
-53.4094
-53.424
-53.4377
-53.4508
-53.4634
-53.476
-53.4888
-53.5022
-53.516
-53.5302
-53.5451
-53.5608
-53.5777
-53.5957
-53.6151
-53.636
-53.6589
-53.6846
-53.7124
-53.7423
-53.7745
-53.8094
-53.8472
-53.8882
-53.9326
-53.9806
-54.0326
-54.0908
-54.1551
-54.2235
-54.296
-54.3731
-54.4556
-54.5439
-54.6383
-53.8525
-53.3946
-53.2946
-53.2927
-53.3162
-53.3297
-53.335
-53.3466
-53.3606
-53.3747
-53.3879
-53.4001
-53.4113
-53.4217
-53.4319
-53.4419
-53.4517
-53.4613
-53.471
-53.481
-53.4914
-53.5023
-53.5139
-53.5263
-53.5395
-53.5543
-53.5714
-53.5895
-53.6087
-53.6293
-53.6514
-53.6752
-53.7011
-53.7292
-53.7599
-53.7931
-53.8292
-53.8711
-53.919
-53.9695
-54.0227
-54.0792
-54.1395
-54.2038
-54.267
-54.3302
-54.3954
-54.4633
-54.5339
-54.6148
-54.7057
-54.7952
-54.8819
-54.9666
-53.8346
-53.2859
-53.1848
-53.1946
-53.2289
-53.2645
-53.2957
-53.3217
-53.3428
-53.3452
-53.3489
-53.3549
-53.3604
-53.3639
-53.3639
-53.3569
-53.3274
-53.0722
-52.7647
-52.7865
-52.8895
-52.9895
-53.0651
-53.1173
-53.1527
-53.1783
-53.1992
-53.2189
-53.2399
-53.2644
-53.2949
-53.3337
-53.3835
-53.4479
-53.5229
-53.6051
-53.694
-53.7901
-53.8951
-54.0122
-54.0891
-53.639
-53.4848
-53.4464
-53.4449
-53.4558
-53.4677
-53.4475
-53.4371
-53.4371
-53.4428
-53.4514
-53.4615
-53.4727
-53.4846
-53.4973
-53.5109
-53.5256
-53.5416
-53.5605
-53.5834
-53.6082
-53.6336
-53.6599
-53.6875
-53.7171
-53.7502
-53.7891
-53.8346
-53.8894
-53.951
-54.0141
-54.0783
-54.1456
-54.2171
-54.294
-54.3791
-54.4787
-54.593
-54.7207
-54.8592
-55.0051
-55.1569
-55.3164
-55.4852
-55.6648
-55.858
-56.0765
-56.3255
-56.5973
-56.8881
-57.1942
-57.5072
-57.8276
-58.159
-58.502
-58.8586
-59.2493
-59.6794
-60.1328
-60.6094
-61.0993
-61.5934
-62.0779
-62.5569
-63.0323
-63.504
-63.983
-64.4962
-65.021
-65.55
-66.0795
-66.5971
-67.0934
-67.5564
-67.9911
-68.4004
-68.7902
-69.1747
-69.5648
-69.9444
-70.3111
-70.6655
-70.9977
-71.3041
-71.5806
-71.8275
-72.0496
-72.2551
-72.4526
-72.6473
-72.8317
-73.0031
-73.1684
-73.3201
-73.457
-73.5784
-73.6829
-73.7717
-73.8517
-73.9279
-74.0036
-74.0767
-74.142
-74.2053
-74.2673
-74.3215
-74.3682
-74.4081
-74.4403
-74.4664
-74.4898
-74.5134
-74.5385
-74.5626
-74.5827
-74.6042
-74.627
-74.6459
-74.6597
-74.6711
-74.6797
-74.6855
-74.6901
-74.6954
-74.7026
-74.7105
-74.7161
-74.723
-74.7333
-74.742
-74.7457
-74.747
-74.7486
-74.7489
-74.7485
-74.7479
-74.7473
-74.7489
-74.7494
-74.7492
-74.7538
-74.7603
-74.7642
-74.7636
-74.7614
-74.7601
-74.7593
-74.7592
-74.7578
-74.7553
-74.7544
-74.7534
-74.7513
-74.7538
-74.7587
-74.7624
-74.7624
-74.7589
-74.7557
-74.7541
-74.7535
-74.7522
-74.7495
-74.7466
-74.7449
-74.7431
-74.7423
-74.7456
-74.7491
-74.7522
-74.7514
-74.7488
-74.7458
-74.7441
-74.7439
-74.7423
-74.7403
-74.7376
-74.7357
-74.7325
-74.7316
-74.7354
-74.7388
-74.7402
-74.7397
-74.7384
-74.7352
-74.7318
-74.7305
-74.7289
-74.7268
-74.7253
-74.723
-74.7212
-74.7179
-74.7187
-74.7232
-74.7262
-74.7285
-74.7291
-74.7268
-74.7229
-74.7205
-74.7182
-74.7163
-74.7145
-74.7128
-74.7102
-74.7086
-74.7076
-74.7069
-74.7088
-74.7115
-74.715
-74.7173
-74.7162
-74.712
-74.708
-74.7042
-74.7009
-74.6985
-74.6973
-74.6948
-74.6925
-74.6907
-74.6912
-74.6923
-74.6937
-74.6969
-74.701
-74.7047
-74.7056
-74.7032
-74.699
-74.696
-74.6925
-74.6881
-74.6824
-74.6783
-74.6774
-74.6748
-74.6731
-74.6728
-74.6757
-74.6783
-74.6828
-74.6865
-74.6885
-74.6892
-74.6877
-74.6855
-74.683
-74.6801
-74.676
-74.6708
-74.6655
-74.6585
-74.6524
-74.6501
-74.6481
-74.6475
-74.652
-74.6563
-74.6619
-74.6694
-74.674
-74.6759
-74.674
-74.6727
-74.6735
-74.6711
-74.6662
-74.6613
-74.657
-74.6503
-74.6435
-74.636
-74.6279
-74.6232
-74.6226
-74.624
-74.6287
-74.6337
-74.6408
-74.6475
-74.6525
-74.6556
-74.6564
-74.6558
-74.6551
-74.6544
-74.6511
-74.6435
-74.6369
-74.6307
-74.6246
-74.6174
-74.6103
-74.6028
-74.5941
-74.5923
-74.5962
-74.6002
-74.604
-74.6083
-74.6132
-74.6203
-74.6278
-74.6346
-74.6396
-74.6431
-74.6427
-74.6387
-74.6318
-74.6262
-74.6205
-74.6115
-74.6016
-74.5938
-74.5874
-74.5806
-74.5742
-74.5671
-74.5642
-74.5675
-74.5716
-74.5754
-74.5785
-74.5817
-74.585
-74.5895
-74.5964
-74.6053
-74.6126
-74.6146
-74.6143
-74.6122
-74.6063
-74.6005
-74.5947
-74.5863
-74.5764
-74.566
-74.5558
-74.5467
-74.5383
-74.5337
-74.5326
-74.5338
-74.5353
-74.534
-74.5335
-74.5362
-74.5419
-74.5481
-74.5508
-74.5542
-74.5613
-74.5697
-74.5755
-74.5771
-74.5794
-74.5782
-74.5767
-74.5736
-74.5692
-74.5653
-74.5583
-74.5468
-74.5326
-74.5211
-74.5122
-74.5018
-74.4974
-74.4949
-74.4932
-74.4968
-74.5002
-74.4999
-74.4986
-74.4934
-74.49
-74.4943
-74.5015
-74.5065
-74.5129
-74.5228
-74.5307
-74.5366
-74.5404
-74.5393
-74.5352
-74.5287
-74.5215
-74.518
-74.5149
-74.5109
-74.5024
-74.4944
-74.4884
-74.4784
-74.4658
-74.4517
-74.4409
-74.4374
-74.4405
-74.4442
-74.4447
-74.4445
-74.4469
-74.4481
-74.4465
-74.4391
-74.427
-74.4202
-74.4176
-74.4243
-74.4374
-74.4514
-74.4632
-74.4744
-74.484
-74.4901
-74.4922
-74.4887
-74.4822
-74.4752
-74.4659
-74.454
-74.4444
-74.4399
-74.4317
-74.423
-74.4143
-74.4043
-74.3968
-74.3951
-74.3997
-74.3987
-74.3925
-74.3863
-74.3799
-74.3715
-74.3609
-74.3525
-74.3543
-74.3635
-74.368
-74.3664
-74.363
-74.3615
-74.3571
-74.3513
-74.347
-74.345
-74.3513
-74.3643
-74.3749
-74.3819
-74.3915
-74.4025
-74.4126
-74.4184
-74.4197
-74.4181
-74.4166
-74.4121
-74.4013
-74.3859
-74.3688
-74.358
-74.3492
-74.3389
-74.3309
-74.3235
-74.3195
-74.3171
-74.3144
-74.3071
-74.3
-74.2948
-74.2884
-74.2839
-74.2822
-74.28
-74.2748
-74.2683
-74.2603
-74.2497
-74.2389
-74.2266
-74.218
-74.2114
-74.204
-74.2005
-74.204
-74.207
-74.2072
-74.2076
-74.2065
-74.2124
-74.2192
-74.227
-74.2352
-74.243
-74.2498
-74.2566
-74.2578
-74.2575
-74.256
-74.253
-74.2519
-74.2549
-74.2635
-74.272
-74.2737
-74.2743
-74.2741
-74.2744
-74.2716
-74.2613
-74.2496
-74.2391
-74.2287
-74.2215
-74.2119
-74.2008
-74.1882
-74.176
-74.174
-74.1779
-74.1779
-74.1731
-74.1625
-74.1483
-74.131
-74.1187
-74.1096
-74.0961
-74.0808
-74.0721
-74.0637
-74.0534
-74.0447
-74.0411
-74.0349
-74.0243
-74.0147
-74.007
-74.002
-73.9957
-73.9966
-74.0004
-74.0056
-74.0124
-74.0121
-74.0095
-74.0026
-73.989
-73.973
-73.9676
-73.9677
-73.968
-73.9744
-73.985
-73.9952
-74.0004
-73.9993
-73.9997
-73.999
-73.9961
-73.9975
-74.0094
-74.0261
-74.0355
-74.0351
-74.0364
-74.0363
-74.0363
-74.0343
-74.0304
-74.029
-74.0223
-74.0166
-74.0212
-74.0317
-74.0429
-74.0508
-74.0561
-74.0532
-74.0455
-74.0383
-74.029
-74.0248
-74.0245
-74.0284
-74.0354
-74.0369
-74.0293
-74.0144
-73.9961
-73.9831
-73.9735
-73.9595
-73.9404
-73.9241
-73.9168
-73.9125
-73.9073
-73.8959
-73.8783
-73.8573
-73.8384
-73.829
-73.8268
-73.824
-73.8169
-73.8085
-73.8002
-73.7998
-73.8059
-73.8086
-73.8077
-73.8002
-73.7859
-73.7671
-73.7504
-73.7367
-73.7223
-73.7088
-73.7046
-73.7015
-73.6919
-73.6759
-73.6553
-73.6375
-73.6329
-73.6283
-73.6171
-73.6001
-73.5787
-73.5544
-73.528
-73.5034
-73.4838
-73.4688
-73.4551
-73.4444
-73.4329
-73.4172
-73.4047
-73.3936
-73.3861
-73.3876
-73.3916
-73.3902
-73.3887
-73.391
-73.4025
-73.4119
-73.4116
-73.4067
-73.402
-73.3923
-73.3782
-73.3678
-73.3576
-73.3536
-73.3673
-73.3825
-73.3871
-73.3819
-73.3697
-73.3526
-73.3321
-73.3093
-73.2848
-73.2652
-73.2569
-73.2598
-73.2603
-73.2532
-73.2398
-73.222
-73.201
-73.1779
-73.1532
-73.1276
-73.1011
-73.0741
-73.0539
-73.0397
-73.0235
-73.0042
-72.9892
-72.9899
-72.9908
-72.9878
-72.9884
-72.9849
-72.9808
-72.99
-72.9979
-73.007
-73.0115
-73.0082
-73.0002
-72.9977
-72.9929
-72.9828
-72.9682
-72.9518
-72.9438
-72.9363
-72.9245
-72.9088
-72.8967
-72.8908
-72.8819
-72.8685
-72.8517
-72.8324
-72.8113
-72.7891
-72.7661
-72.7426
-72.7186
-72.6944
-72.67
-72.6471
-72.6468
-72.6552
-72.6572
-72.652
-72.6414
-72.6269
-72.61
-72.5912
-72.5713
-72.5506
-72.5292
-72.5075
-72.4855
-72.4699
-72.4657
-72.4603
-72.4505
-72.4372
-72.4215
-72.404
-72.3854
-72.366
-72.3466
-72.3399
-72.3388
-72.3341
-72.3249
-72.3194
-72.3238
-72.3251
-72.3208
-72.3119
-72.2999
-72.2857
-72.2699
-72.2531
-72.2356
-72.2176
-72.1992
-72.1806
-72.1618
-72.143
-72.1241
-72.1053
-72.0865
-72.0677
-72.0491
-72.0306
-72.0122
-71.994
-71.9759
-71.958
-71.9402
-71.9226
-71.9052
-71.888
-71.8709
-71.854
-71.8373
-71.8208
-71.8044
-71.7883
-71.7723
-71.7565
-71.7409
-71.7254
-71.7102
-71.6951
-71.6802
-71.6654
-71.6509
-71.6365
-71.6223
-71.6082
-71.5943
-71.5806
-71.567
-71.5537
-71.5404
-71.5274
-71.5145
-71.5017
-71.4891
-71.4767
-71.4644
-71.4522
-71.4402
-71.4284
-71.4167
-71.4051
-71.3937
-71.3825
-71.3713
-71.3603
-71.3495
-71.3388
-71.3282
-71.3177
-71.3074
-71.2973
-71.2872
-71.2773
-71.2675
-71.2578
-71.2483
-71.2389
-71.2296
-71.2204
-71.2113
-71.2024
-71.1936
-71.1848
-71.1762
-71.1677
-71.1594
-71.1511
-71.1429
-71.1349
-71.1269
-71.1191
-71.1113
-71.1037
-71.0961
-71.0887
-71.0813
-71.0741
-71.0669
-71.0598
-71.0529
-71.046
-71.0392
-71.0325
-71.0259
-71.0194
-71.013
-71.0066
-71.0004
-70.9942
-70.9881
-70.9821
-70.9762
-70.9704
-70.9646
-70.9589
-70.9533
-70.9478
-70.9423
-70.937
-70.9316
-70.9264
-70.9213
-70.9162
-70.9112
-70.9062
-70.9013
-70.8965
-70.8918
-70.8871
-70.8825
-70.878
-70.8735
-70.8691
-70.8647
-70.8604
-70.8562
-70.852
-70.8479
-70.8439
-70.8399
-70.836
-70.8321
-70.8283
-70.8245
-70.8208
-70.8172
-70.8136
-70.81
-70.8065
-70.8031
-70.7997
-70.7964
-70.7931
-70.7898
-70.7866
-70.7835
-70.7804
-70.7773
-70.7743
-70.7714
-70.7685
-70.7656
-70.7628
-70.76
-70.7573
-70.7546
-70.7519
-70.7493
-70.7468
-70.7442
-70.7417
-70.7393
-70.7369
-70.7345
-70.7322
-70.7299
-70.7276
-70.7254
-70.7232
-70.7211
-70.7189
-70.7169
-70.7148
-70.7128
-70.7108
-70.7089
-70.707
-70.7051
-70.7032
-70.7014
-70.6996
-70.6979
-70.6961
-70.6944
-70.6928
-70.6911
-70.6895
-70.6879
-70.6864
-70.6848
-70.6833
-70.6819
-70.6804
-70.679
-70.6776
-70.6762
-70.6749
-70.6735
-70.6722
-70.671
-70.6697
-70.6685
-70.6673
-70.6661
-70.665
-70.6638
-70.6627
-70.6616
-70.6605
-70.6595
-70.6584
-70.6574
-70.6564
-70.6555
-70.6545
-70.6536
-70.6527
-70.6518
-70.6509
-70.65
-70.6492
-70.6484
-70.6476
-70.6468
-70.646
-70.6452
-70.6445
-70.6438
-70.6431
-70.6424
-70.6417
-70.641
-70.6404
-70.6398
-70.6392
-70.6386
-70.638
-70.6374
-70.6368
-70.6363
-70.6357
-70.6352
-70.6347
-70.6342
-70.6337
-70.6333
-70.6328
-70.6324
-70.6319
-70.6315
-70.6311
-70.6307
-70.6303
-70.6299
-70.6296
-70.6292
-70.6289
-70.6285
-70.6282
-70.6279
-70.6276
-70.6273
-70.627
-70.6267
-70.6265
-70.6262
-70.626
-70.6257
-70.6255
-70.6253
-70.625
-70.6248
-70.6246
-70.6244
-70.6243
-70.6241
-70.6239
-70.6238
-70.6236
-70.6235
-70.6233
-70.6232
-70.6231
-70.6229
-70.6228
-70.6227
-70.6226
-70.6225
-70.6224
-70.6224
-70.6223
-70.6222
-70.6221
-70.6221
-70.622
-70.622
-70.6219
-70.6219
-70.6219
-70.6218
-70.6218
-70.6218
-70.6218
-70.6218
-70.6218
-70.6218
-70.6218
-70.6218
-70.6218
-70.6218
-70.6219
-70.6219
-70.6219
-70.622
-70.622
-70.622
-70.6221
-70.6221
-70.6222
-70.6222
-70.6223
-70.6224
-70.6224
-70.6225
-70.6226
-70.6226
-70.6227
-70.6228
-70.6229
-70.623
-70.6231
-70.6231
-70.6232
-70.6233
-70.6234
-70.6235
-70.6236
-70.6237
-70.6239
-70.624
-70.6241
-70.6242
-70.6243
-70.6244
-70.6245
-70.6247
-70.6248
-70.6249
-70.625
-70.6252
-70.6253
-70.6254
-70.6256
-70.6257
-70.6258
-70.626
-70.6261
-70.6263
-70.6264
-70.6265
-70.6267
-70.6268
-70.627
-70.6271
-70.6273
-70.6274
-70.6276
-70.6277
-70.6279
-70.628
-70.6282
-70.6283
-70.6285
-70.6287
-70.6288
-70.629
-70.6291
-70.6293
-70.6295
-70.6296
-70.6298
-70.6299
-70.6301
-70.6303
-70.6304
-70.6306
-70.6308
-70.6309
-70.6311
-70.6312
-70.6314
-70.6316
-70.6317
-70.6319
-70.6321
-70.6322
-70.6324
-70.6326
-70.6327
-70.6329
-70.6331
-70.6332
-70.6334
-70.6336
-70.6338
-70.6339
-70.6341
-70.6343
-70.6344
-70.6346
-70.6348
-70.6349
-70.6351
-70.6353
-70.6354
-70.6356
-70.6358
-70.6359
-70.6361
-70.6363
-70.6364
-70.6366
-70.6368
-70.6369
-70.6371
-70.6372
-70.6374
-70.6376
-70.6377
-70.6379
-70.6381
-70.6382
-70.6384
-70.6385
-70.6387
-70.6389
-70.639
-70.6392
-70.6393
-70.6395
-70.6397
-70.6398
-70.64
-70.6401
-70.6403
-70.6405
-70.6406
-70.6408
-70.6409
-70.6411
-70.6412
-70.6414
-70.6415
-70.6417
-70.6418
-70.642
-70.6421
-70.6423
-70.6424
-70.6426
-70.6427
-70.6429
-70.643
-70.6432
-70.6433
-70.6435
-70.6436
-70.6438
-70.6439
-70.644
-70.6442
-70.6443

