-70
-70.2123
-70.2926
-70.3252
-70.3404
-70.3491
-70.3555
-70.3609
-70.3659
-70.3708
-70.3757
-70.3805
-70.3853
-70.39
-70.3948
-70.3995
-70.4042
-70.4088
-70.4134
-70.4179
-70.4224
-70.4269
-70.4313
-70.4357
-70.44
-70.4443
-70.4485
-70.4527
-70.4569
-70.461
-70.465
-70.469
-70.473
-70.4769
-70.4808
-70.4846
-70.4884
-70.4921
-70.4958
-70.4995
-70.5031
-70.5067
-70.5102
-70.5137
-70.5172
-70.5206
-70.524
-70.5273
-70.5306
-70.5339
-70.5371
-70.5403
-70.5434
-70.5465
-70.5496
-70.5526
-70.5556
-70.5586
-70.5615
-70.5644
-70.5673
-70.5701
-70.5729
-70.5757
-70.5784
-70.5811
-70.5838
-70.5864
-70.589
-70.5916
-70.5941
-70.5966
-70.5991
-70.6016
-70.604
-70.6064
-70.6087
-70.6111
-70.6134
-70.6157
-70.6179
-70.6201
-70.6223
-70.6245
-70.6266
-70.6287
-70.6308
-70.6329
-70.6349
-70.6369
-70.6389
-70.6409
-70.6428
-70.6448
-70.6466
-70.6485
-70.6503
-70.6522
-70.654
-70.6557
-70.6575
-70.6592
-70.6609
-70.6626
-70.6643
-70.6659
-70.6675
-70.6691
-70.6707
-70.6723
-70.6738
-70.6754
-70.6769
-70.6783
-70.6798
-70.6812
-70.6827
-70.6841
-70.6855
-70.6868
-70.6882
-70.6895
-70.6908
-70.6921
-70.6934
-70.6947
-70.6959
-70.6972
-70.6984
-70.6996
-70.7008
-70.702
-70.7031
-70.7042
-70.7054
-70.7065
-70.7076
-70.7087
-70.7097
-70.7108
-70.7118
-70.7128
-70.7138
-70.7148
-70.7158
-70.7168
-70.7177
-70.7187
-70.7196
-70.7205
-70.7214
-70.7223
-70.7232
-70.7241
-70.7249
-70.7258
-70.7266
-70.7274
-70.7282
-70.729
-70.7298
-70.7306
-70.7314
-70.7321
-70.7329
-70.7336
-70.7343
-70.735
-70.7357
-70.7364
-70.7371
-70.7378
-70.7384
-70.7391
-70.7397
-70.7404
-70.741
-70.7416
-70.7422
-70.7428
-70.7434
-70.744
-70.7446
-70.7451
-70.7457
-70.7462
-70.7468
-70.7473
-70.7478
-70.7484
-70.7489
-70.7494
-70.7499
-70.7504
-70.7508
-70.7513
-70.7518
-70.7522
-70.7527
-70.7531
-70.7536
-70.754
-70.7544
-70.7549
-70.7553
-70.7557
-70.7561
-70.7565
-70.7569
-70.7573
-70.7576
-70.758
-70.7584
-70.7587
-70.7591
-70.7594
-70.7598
-70.7601
-70.7605
-70.7608
-70.7611
-70.7614
-70.7617
-70.7621
-70.7624
-70.7627
-70.763
-70.7632
-70.7635
-70.7638
-70.7641
-70.7644
-70.7646
-70.7649
-70.7651
-70.7654
-70.7656
-70.7659
-70.7661
-70.7664
-70.7666
-70.7668
-70.7671
-70.7673
-70.7675
-70.7677
-70.7679
-70.7681
-70.7684
-70.7686
-70.7688
-70.769
-70.7691
-70.7693
-70.7695
-70.7697
-70.7699
-70.7701
-70.7702
-70.7704
-70.7706
-70.7707
-70.7709
-70.7711
-70.7712
-70.7714
-70.7715
-70.7717
-70.7718
-70.772
-70.7721
-70.7722
-70.7724
-70.7725
-70.7726
-70.7728
-70.7729
-70.773
-70.7731
-70.7733
-70.7734
-70.7735
-70.7736
-70.7737
-70.7738
-70.7739
-70.774
-70.7741
-70.7742
-70.7743
-70.7744
-70.7745
-70.7746
-70.7747
-70.7748
-70.7749
-70.775
-70.7751
-70.7751
-70.7752
-70.7753
-70.7754
-70.7755
-70.7755
-70.7756
-70.7757
-70.7758
-70.7758
-70.7759
-70.776
-70.776
-70.7761
-70.7762
-70.7762
-70.7763
-70.7763
-70.7764
-70.7765
-70.7765
-70.7766
-70.7766
-70.7767
-70.7767
-70.7768
-70.7768
-70.7769
-70.7769
-70.777
-70.777
-70.7771
-70.7771
-70.7771
-70.7772
-70.7772
-70.7773
-70.7773
-70.7773
-70.7774
-70.7774
-70.7774
-70.7775
-70.7775
-70.7775
-70.7776
-70.7776
-70.7776
-70.7777
-70.7777
-70.7777
-70.7777
-70.7778
-70.7778
-70.7778
-70.7778
-70.7779
-70.7779
-70.7779
-70.7779
-70.778
-70.778
-70.778
-70.778
-70.778
-70.7781
-70.7781
-70.7781
-70.7781
-70.7781
-70.7781
-70.7782
-70.7782
-70.7782
-70.7782
-70.7782
-70.7782
-70.7782
-70.7783
-70.7783
-70.7783
-70.7783
-70.7783
-70.7783
-70.7783
-70.7783
-70.7783
-70.7783
-70.7784
-70.7784
-70.7784
-70.7784
-70.7784
-70.7784
-70.7784
-70.7784
-70.7784
-70.7784
-70.7784
-70.7784
-70.7784
-70.7784
-70.7784
-70.7784
-70.7784
-70.7784
-70.7784
-70.7785
-70.7785
-70.7785
-70.7785
-70.7785
-70.7785
-70.7785
-70.7785
-70.7785
-70.7785
-70.7785
-70.7785
-70.7785
-70.7785
-70.7785
-70.7785
-70.7785
-70.7785
-70.7785
-70.7785
-70.7785
-70.7785
-70.7785
-70.7785
-70.7785
-70.7785
-70.7785
-70.7785
-70.7785
-70.7785
-70.7785
-70.7784
-70.7784
-70.7784
-70.7784
-70.7784
-70.7784
-70.7784
-70.7784
-70.7784
-70.7784
-70.7784
-70.7784
-70.7784
-70.7784
-70.7784
-70.7784
-70.7784
-70.7784
-70.7784
-70.7784
-70.7784
-70.7784
-70.7784
-70.7784
-70.7784
-70.7784
-70.7784
-70.7784
-70.7784
-70.7783
-70.7783
-70.7783
-70.7783
-70.7783
-70.7783
-70.7783
-70.779
-70.9098
-71.5535
-72.4605
-73.275
-73.803
-74.0794
-62.0314
-53.2193
-50.3635
-47.2371
-15.1081
-26.6874
-66.7789
-70.3044
-69.1157
-67.8152
-66.4542
-65.0672
-63.6911
-62.3618
-61.1112
-59.9643
-58.9369
-58.0354
-57.2073
-56.5146
-55.9523
-55.4968
-55.1338
-54.8466
-54.621
-54.4411
-54.3042
-54.2029
-54.1298
-54.0773
-54.0401
-54.0112
-53.9895
-53.9754
-53.967
-53.9626
-53.9589
-53.9569
-53.9551
-53.9527
-53.9522
-53.9534
-53.9556
-53.9584
-53.9616
-53.965
-53.9681
-53.9682
-53.9666
-53.9659
-53.9653
-53.966
-53.9676
-53.9697
-53.972
-53.9746
-53.9772
-53.9798
-53.9794
-53.9779
-53.976
-53.9757
-53.9765
-53.9778
-53.9795
-53.9813
-53.9832
-53.9852
-53.9873
-53.9894
-53.9912
-53.9928
-53.9942
-53.9954
-53.9931
-53.9857
-53.981
-53.9747
-53.9699
-53.967
-53.9636
-53.9553
-53.8866
-53.7632
-53.787
-53.8293
-53.8612
-53.8816
-53.8939
-53.901
-53.9051
-53.9077
-53.9098
-53.9122
-53.9155
-53.9202
-53.9269
-53.9365
-53.9498
-53.9677
-53.9894
-54.0011
-54.0065
-54.011
-54.0163
-54.0197
-54.0141
-54.0119
-54.0131
-54.0166
-54.0217
-54.0281
-54.0355
-54.044
-54.0536
-54.0642
-54.076
-54.089
-54.1033
-54.119
-54.1363
-54.1552
-54.1759
-54.1985
-54.2231
-54.2498
-54.279
-54.3108
-54.3455
-54.3832
-54.4244
-54.4691
-54.5178
-54.5707
-54.6281
-54.6904
-54.3848
-54.0653
-53.9821
-53.9762
-53.9927
-54.0143
-54.0361
-54.0305
-54.0106
-54.0057
-54.0091
-54.0161
-54.0245
-54.0335
-54.0427
-54.0523
-54.0622
-54.0726
-54.0788
-54.0466
-54.0274
-54.0213
-54.022
-54.0259
-54.0314
-54.038
-54.0452
-54.0531
-54.0617
-54.0708
-54.0807
-54.0914
-54.1029
-54.1155
-54.129
-54.1438
-54.1598
-54.1773
-54.1962
-54.2168
-54.2391
-54.2632
-54.2895
-54.179
-54.0414
-53.9999
-53.9943
-54.0004
-54.01
-54.0204
-54.0308
-54.0412
-54.0342
-54.0124
-54.0038
-54.0028
-54.0054
-54.0095
-54.0145
-54.0199
-54.0257
-54.0319
-54.0385
-54.0455
-54.053
-54.0611
-54.0699
-54.0793
-54.0896
-54.1008
-54.1129
-54.1261
-54.1405
-54.1561
-54.1731
-54.1916
-54.2117
-54.2334
-54.256
-54.2783
-54.3017
-54.3264
-54.3524
-54.3798
-54.408
-54.4366
-54.4654
-54.4937
-54.5209
-54.5462
-54.5685
-54.5865
-54.5985
-54.6013
-54.5908
-54.5611
-54.3637
-53.9235
-53.8366
-53.8344
-53.8365
-53.7393
-53.3133
-53.3403
-53.4823
-53.5981
-53.6737
-53.7199
-53.7937
-53.8969
-53.9389
-53.9518
-53.9541
-53.9537
-53.9535
-53.9552
-53.9595
-53.9672
-53.9787
-53.994
-54.0125
-54.0335
-54.0568
-54.0824
-54.1106
-54.1425
-54.1777
-54.2157
-54.2566
-54.3011
-54.3496
-54.4029
-54.4612
-54.5249
-54.5946
-54.6706
-54.7534
-54.8437
-54.9422
-55.0496
-54.9531
-54.1696
-53.9542
-53.9249
-53.9465
-53.9792
-54.0118
-54.0419
-54.0696
-54.0953
-54.12
-54.1442
-54.1686
-54.1879
-54.0968
-54.0464
-54.0318
-54.0326
-54.0397
-54.0496
-54.0608
-54.0742
-54.0899
-54.1086
-54.1288
-54.1501
-54.1711
-54.1922
-54.2145
-54.2389
-54.2682
-54.3071
-54.3524
-54.4018
-54.4524
-54.5035
-54.5554
-54.61
-54.6686
-54.7331
-54.8077
-54.8992
-55.0063
-55.1217
-55.2414
-55.3652
-55.494
-55.6291
-55.7727
-55.9295
-56.1054
-56.3078
-56.5377
-56.7836
-57.0403
-57.3049
-57.5793
-57.861
-58.1517
-58.4572
-58.789
-59.1565
-59.5621
-59.9994
-60.4465
-60.8982
-61.3483
-61.7976
-62.2414
-62.6834
-63.1334
-63.6049
-64.1085
-64.6395
-65.1809
-65.7063
-66.2132
-66.6942
-67.1514
-67.5819
-67.9911
-68.3878
-68.7854
-69.1905
-69.6021
-70.0023
-70.3738
-70.7163
-71.0286
-71.3111
-71.5681
-71.8025
-72.0193
-72.2275
-72.4335
-72.6402
-72.8387
-73.0199
-73.1817
-73.3251
-73.4515
-73.5619
-73.6609
-73.7489
-73.8285
-73.9077
-73.9883
-74.0684
-74.1419
-74.2077
-74.2649
-74.3131
-74.3551
-74.3897
-74.421
-74.447
-74.4698
-74.4956
-74.5242
-74.5528
-74.5783
-74.6015
-74.621
-74.6355
-74.6479
-74.6575
-74.6641
-74.6697
-74.6729
-74.6802
-74.6903
-74.7009
-74.7105
-74.7183
-74.7257
-74.7312
-74.7343
-74.736
-74.7361
-74.7345
-74.7317
-74.7316
-74.736
-74.7403
-74.7444
-74.7475
-74.7491
-74.7519
-74.7548
-74.7547
-74.7527
-74.751
-74.7466
-74.7411
-74.7408
-74.7449
-74.7473
-74.7492
-74.7502
-74.7504
-74.7509
-74.7525
-74.7529
-74.7509
-74.7482
-74.7439
-74.738
-74.7345
-74.7375
-74.7408
-74.7427
-74.7435
-74.7438
-74.7446
-74.7436
-74.7433
-74.743
-74.7426
-74.7391
-74.7332
-74.7276
-74.7248
-74.7273
-74.73
-74.7321
-74.7343
-74.7355
-74.7363
-74.7349
-74.7324
-74.7317
-74.7323
-74.7306
-74.7253
-74.7183
-74.7141
-74.7144
-74.7156
-74.7181
-74.7213
-74.7242
-74.7258
-74.726
-74.7245
-74.7216
-74.7209
-74.7211
-74.7186
-74.7146
-74.7084
-74.7022
-74.7016
-74.7027
-74.7035
-74.7064
-74.7108
-74.7136
-74.7133
-74.7131
-74.712
-74.7109
-74.7101
-74.7084
-74.7049
-74.7012
-74.6963
-74.6912
-74.689
-74.6887
-74.6899
-74.692
-74.6952
-74.6986
-74.7002
-74.6995
-74.6989
-74.6988
-74.699
-74.6978
-74.6942
-74.6904
-74.6855
-74.6825
-74.681
-74.6795
-74.6766
-74.6732
-74.6756
-74.6795
-74.6811
-74.6824
-74.6831
-74.6848
-74.6855
-74.6842
-74.6837
-74.6829
-74.6793
-74.6744
-74.6702
-74.6674
-74.6677
-74.6686
-74.6658
-74.6619
-74.6582
-74.6567
-74.6606
-74.663
-74.6645
-74.6661
-74.6674
-74.6683
-74.6673
-74.6668
-74.6658
-74.6644
-74.6596
-74.6536
-74.6514
-74.6515
-74.6525
-74.6528
-74.6505
-74.6458
-74.6412
-74.6382
-74.6377
-74.6391
-74.644
-74.647
-74.6465
-74.6462
-74.6464
-74.6465
-74.6477
-74.6469
-74.6445
-74.6398
-74.6338
-74.6293
-74.632
-74.6357
-74.6345
-74.63
-74.626
-74.6225
-74.6195
-74.6206
-74.6218
-74.6189
-74.6181
-74.6191
-74.6217
-74.6224
-74.6238
-74.6224
-74.6212
-74.6225
-74.6211
-74.6192
-74.6157
-74.6115
-74.6087
-74.6093
-74.6094
-74.6063
-74.6014
-74.5972
-74.5962
-74.5977
-74.5997
-74.6027
-74.6023
-74.5962
-74.5935
-74.5911
-74.5937
-74.5937
-74.5915
-74.5894
-74.587
-74.5881
-74.5904
-74.5882
-74.5892
-74.5905
-74.5885
-74.587
-74.5807
-74.5734
-74.5696
-74.5671
-74.563
-74.5642
-74.566
-74.5685
-74.5739
-74.578
-74.5767
-74.5709
-74.5672
-74.5691
-74.5678
-74.5635
-74.5565
-74.5505
-74.5462
-74.5425
-74.5399
-74.5408
-74.5452
-74.5494
-74.5526
-74.5525
-74.5553
-74.5546
-74.546
-74.5329
-74.5221
-74.5196
-74.5201
-74.5244
-74.5306
-74.533
-74.5336
-74.535
-74.5333
-74.5338
-74.5335
-74.5334
-74.5363
-74.538
-74.5354
-74.5306
-74.5209
-74.5077
-74.4961
-74.4878
-74.4841
-74.483
-74.4837
-74.4862
-74.4866
-74.4847
-74.4891
-74.4973
-74.5008
-74.5001
-74.4974
-74.4917
-74.4838
-74.4745
-74.4688
-74.4704
-74.4722
-74.4778
-74.4782
-74.4722
-74.4734
-74.4775
-74.482
-74.4862
-74.4858
-74.4831
-74.4824
-74.4824
-74.4816
-74.4797
-74.4763
-74.469
-74.4594
-74.4474
-74.4334
-74.4179
-74.4047
-74.4025
-74.4028
-74.3993
-74.398
-74.401
-74.4043
-74.4095
-74.4189
-74.4241
-74.4253
-74.4248
-74.4259
-74.4248
-74.4198
-74.4107
-74.4031
-74.3959
-74.3876
-74.39
-74.3915
-74.3864
-74.3874
-74.3982
-74.4072
-74.412
-74.414
-74.4121
-74.4095
-74.4056
-74.4026
-74.4015
-74.3981
-74.3958
-74.3956
-74.3964
-74.3924
-74.3846
-74.3719
-74.3576
-74.3415
-74.3273
-74.3195
-74.3093
-74.2998
-74.2943
-74.2931
-74.2888
-74.2878
-74.2931
-74.305
-74.3164
-74.3215
-74.3228
-74.32
-74.3158
-74.3106
-74.3014
-74.2945
-74.2887
-74.2817
-74.2761
-74.2709
-74.2653
-74.2589
-74.2542
-74.2585
-74.2641
-74.271
-74.2787
-74.285
-74.2905
-74.2951
-74.2986
-74.3055
-74.3095
-74.3087
-74.3003
-74.2852
-74.2714
-74.2635
-74.2566
-74.2568
-74.2597
-74.261
-74.2582
-74.2524
-74.2501
-74.248
-74.2405
-74.2288
-74.215
-74.2039
-74.1996
-74.199
-74.1928
-74.1791
-74.1616
-74.1491
-74.142
-74.1421
-74.1439
-74.1502
-74.1557
-74.159
-74.1618
-74.1659
-74.1619
-74.15
-74.1402
-74.1345
-74.1264
-74.1192
-74.1121
-74.1049
-74.0945
-74.0827
-74.0761
-74.0704
-74.067
-74.06
-74.0582
-74.0616
-74.0641
-74.0646
-74.0594
-74.0506
-74.0385
-74.0337
-74.0388
-74.0495
-74.0587
-74.0668
-74.0719
-74.0721
-74.0674
-74.0655
-74.0676
-74.0708
-74.0728
-74.078
-74.0895
-74.098
-74.0996
-74.0939
-74.092
-74.0928
-74.0863
-74.0748
-74.0686
-74.0648
-74.062
-74.0615
-74.061
-74.0562
-74.0444
-74.0339
-74.0235
-74.0136
-74.0079
-74
-73.9903
-73.9798
-73.9658
-73.956
-73.9508
-73.9493
-73.953
-73.957
-73.9564
-73.9507
-73.941
-73.9299
-73.9185
-73.9051
-73.8914
-73.8759
-73.8633
-73.8557
-73.8488
-73.8403
-73.8308
-73.8238
-73.8221
-73.8201
-73.8222
-73.8331
-73.8547
-73.8732
-73.8854
-73.8932
-73.9026
-73.9153
-73.9206
-73.9164
-73.9099
-73.9036
-73.8927
-73.8764
-73.8557
-73.832
-73.806
-73.7784
-73.7495
-73.7197
-73.6944
-73.6718
-73.6473
-73.6207
-73.5924
-73.5628
-73.5356
-73.5241
-73.5204
-73.5146
-73.5091
-73.501
-73.499
-73.4968
-73.4879
-73.473
-73.461
-73.4592
-73.4635
-73.4694
-73.4678
-73.4626
-73.4568
-73.4473
-73.4402
-73.4354
-73.4303
-73.4198
-73.4102
-73.4091
-73.408
-73.4077
-73.4035
-73.4043
-73.4073
-73.4035
-73.3928
-73.3769
-73.3574
-73.3377
-73.3303
-73.3274
-73.3285
-73.3473
-73.3695
-73.3801
-73.386
-73.3915
-73.396
-73.4034
-73.42
-73.4323
-73.4341
-73.4273
-73.4142
-73.397
-73.3768
-73.3575
-73.344
-73.3289
-73.3105
-73.2893
-73.266
-73.2414
-73.2157
-73.1893
-73.1624
-73.1352
-73.1077
-73.0801
-73.0597
-73.0458
-73.03
-73.0112
-72.9921
-72.982
-72.972
-72.9584
-72.9513
-72.9458
-72.9367
-72.9337
-72.9305
-72.9221
-72.909
-72.8925
-72.8736
-72.8532
-72.8316
-72.8092
-72.7863
-72.763
-72.7394
-72.7158
-72.6924
-72.6803
-72.6733
-72.6632
-72.6495
-72.633
-72.6147
-72.5952
-72.5748
-72.5539
-72.5326
-72.5112
-72.4897
-72.4681
-72.4465
-72.4251
-72.4037
-72.3824
-72.3613
-72.3404
-72.3196
-72.299
-72.2858
-72.2851
-72.2831
-72.2768
-72.2667
-72.254
-72.2396
-72.224
-72.2077
-72.1909
-72.1737
-72.1564
-72.139
-72.1215
-72.104
-72.0866
-72.0693
-72.052
-72.0349
-72.0179
-72.0011
-71.9844
-71.9678
-71.9514
-71.9352
-71.9192
-71.9033
-71.8876
-71.8721
-71.8567
-71.8416
-71.8266
-71.8118
-71.7971
-71.7827
-71.7684
-71.7543
-71.7403
-71.7266
-71.713
-71.6995
-71.6863
-71.6732
-71.6602
-71.6475
-71.6348
-71.6224
-71.6101
-71.5979
-71.586
-71.5741
-71.5624
-71.5509
-71.5395
-71.5283
-71.5172
-71.5062
-71.4954
-71.4847
-71.4742
-71.4638
-71.4535
-71.4434
-71.4334
-71.4235
-71.4138
-71.4042
-71.3947
-71.3854
-71.3761
-71.367
-71.358
-71.3492
-71.3404
-71.3318
-71.3233
-71.3149
-71.3066
-71.2984
-71.2904
-71.2824
-71.2746
-71.2669
-71.2593
-71.2517
-71.2443
-71.237
-71.2298
-71.2227
-71.2156
-71.2087
-71.2019
-71.1952
-71.1885
-71.182
-71.1755
-71.1691
-71.1629
-71.1567
-71.1505
-71.1445
-71.1386
-71.1327
-71.1269
-71.1213
-71.1156
-71.1101
-71.1046
-71.0993
-71.094
-71.0887
-71.0836
-71.0785
-71.0735
-71.0685
-71.0637
-71.0589
-71.0541
-71.0495
-71.0449
-71.0404
-71.0359
-71.0315
-71.0272
-71.0229
-71.0187
-71.0145
-71.0104
-71.0064
-71.0024
-70.9985
-70.9947
-70.9909
-70.9871
-70.9834
-70.9798
-70.9762
-70.9727
-70.9692
-70.9658
-70.9624
-70.9591
-70.9558
-70.9526
-70.9494
-70.9463
-70.9432
-70.9402
-70.9372
-70.9343
-70.9314
-70.9285
-70.9257
-70.923
-70.9202
-70.9175
-70.9149
-70.9123
-70.9097
-70.9072
-70.9047
-70.9023
-70.8999
-70.8975
-70.8952
-70.8929
-70.8906
-70.8884
-70.8862
-70.8841
-70.882
-70.8799
-70.8778
-70.8758
-70.8738
-70.8719
-70.8699
-70.868
-70.8662
-70.8643
-70.8625
-70.8608
-70.859
-70.8573
-70.8556
-70.8539
-70.8523
-70.8507
-70.8491
-70.8476
-70.846
-70.8445
-70.8431
-70.8416
-70.8402
-70.8388
-70.8374
-70.836
-70.8347
-70.8334
-70.8321
-70.8308
-70.8296
-70.8283
-70.8271
-70.8259
-70.8248
-70.8236
-70.8225
-70.8214
-70.8203
-70.8193
-70.8182
-70.8172
-70.8162
-70.8152
-70.8142
-70.8132
-70.8123
-70.8114
-70.8105
-70.8096
-70.8087
-70.8078
-70.807
-70.8062
-70.8053
-70.8045
-70.8038
-70.803
-70.8022
-70.8015
-70.8008
-70.8
-70.7993
-70.7987
-70.798
-70.7973
-70.7967
-70.796
-70.7954
-70.7948
-70.7942
-70.7936
-70.793
-70.7925
-70.7919
-70.7914
-70.7908
-70.7903
-70.7898
-70.7893
-70.7888
-70.7883
-70.7878
-70.7874
-70.7869
-70.7865
-70.7861
-70.7856
-70.7852
-70.7848
-70.7844
-70.784
-70.7836
-70.7833
-70.7829
-70.7825
-70.7822
-70.7818
-70.7815
-70.7812
-70.7808
-70.7805
-70.7802
-70.7799
-70.7796
-70.7793
-70.7791
-70.7788
-70.7785
-70.7783
-70.778
-70.7778
-70.7775
-70.7773
-70.777
-70.7768
-70.7766
-70.7764
-70.7762
-70.776
-70.7758
-70.7756
-70.7754
-70.7752
-70.775
-70.7748
-70.7747
-70.7745
-70.7743
-70.7742
-70.774
-70.7739
-70.7737
-70.7736
-70.7735
-70.7733
-70.7732
-70.7731
-70.773
-70.7728
-70.7727
-70.7726
-70.7725
-70.7724
-70.7723
-70.7722
-70.7721
-70.772
-70.7719
-70.7719
-70.7718
-70.7717
-70.7716
-70.7716
-70.7715
-70.7714
-70.7714
-70.7713
-70.7712
-70.7712
-70.7711
-70.7711
-70.771
-70.771
-70.7709
-70.7709
-70.7708
-70.7708
-70.7708
-70.7707
-70.7707
-70.7707
-70.7706
-70.7706
-70.7706
-70.7706
-70.7705
-70.7705
-70.7705
-70.7705
-70.7705
-70.7704
-70.7704
-70.7704
-70.7704
-70.7704
-70.7704
-70.7704
-70.7704
-70.7704
-70.7704
-70.7704
-70.7704
-70.7704
-70.7704
-70.7704
-70.7704
-70.7704
-70.7704
-70.7704
-70.7704
-70.7704
-70.7704
-70.7705
-70.7705
-70.7705
-70.7705
-70.7705
-70.7705
-70.7705
-70.7706
-70.7706
-70.7706
-70.7706
-70.7706
-70.7707
-70.7707
-70.7707
-70.7707
-70.7707
-70.7708
-70.7708
-70.7708
-70.7708
-70.7709
-70.7709
-70.7709
-70.771
-70.771
-70.771
-70.771
-70.7711
-70.7711
-70.7711
-70.7712
-70.7712
-70.7712
-70.7712
-70.7713
-70.7713
-70.7713
-70.7714
-70.7714
-70.7714
-70.7715
-70.7715
-70.7715
-70.7716
-70.7716
-70.7716
-70.7717
-70.7717
-70.7717
-70.7718
-70.7718
-70.7718
-70.7719
-70.7719
-70.7719
-70.772
-70.772
-70.7721
-70.7721
-70.7721
-70.7722
-70.7722
-70.7722
-70.7723
-70.7723
-70.7723
-70.7724
-70.7724
-70.7724
-70.7725
-70.7725
-70.7725
-70.7726
-70.7726
-70.7726
-70.7727
-70.7727
-70.7728
-70.7728
-70.7728
-70.7729
-70.7729
-70.7729
-70.773
-70.773
-70.773
-70.7731
-70.7731
-70.7731
-70.7732
-70.7732
-70.7732
-70.7733
-70.7733
-70.7733
-70.7734
-70.7734
-70.7734
-70.7735
-70.7735
-70.7735
-70.7736
-70.7736
-70.7736
-70.7737
-70.7737
-70.7737
-70.7738
-70.7738
-70.7738
-70.7739
-70.7739
-70.7739

