-70
-70.1661
-70.23
-70.2566
-70.2695
-70.2773
-70.283
-70.2879
-70.2925
-70.297
-70.3014
-70.3057
-70.31
-70.3142
-70.3185
-70.3226
-70.3268
-70.3309
-70.335
-70.3391
-70.3431
-70.3471
-70.351
-70.3549
-70.3588
-70.3626
-70.3664
-70.3701
-70.3738
-70.3775
-70.3811
-70.3847
-70.3883
-70.3918
-70.3953
-70.3987
-70.4021
-70.4055
-70.4088
-70.4121
-70.4154
-70.4186
-70.4218
-70.4249
-70.428
-70.4311
-70.4341
-70.4372
-70.4401
-70.4431
-70.446
-70.4489
-70.4517
-70.4545
-70.4573
-70.4601
-70.4628
-70.4655
-70.4682
-70.4708
-70.4734
-70.476
-70.4785
-70.481
-70.4835
-70.486
-70.4884
-70.4908
-70.4932
-70.4955
-70.4978
-70.5001
-70.5024
-70.5046
-70.5068
-70.509
-70.5112
-70.5133
-70.5154
-70.5175
-70.5196
-70.5216
-70.5236
-70.5256
-70.5276
-70.5295
-70.5315
-70.5334
-70.5352
-70.5371
-70.5389
-70.5407
-70.5425
-70.5443
-70.5461
-70.5478
-70.5495
-70.5512
-70.5528
-70.5545
-70.5561
-70.5577
-70.5593
-70.5609
-70.5624
-70.5639
-70.5655
-70.5669
-70.5684
-70.5699
-70.5713
-70.5727
-70.5741
-70.5755
-70.5769
-70.5782
-70.5796
-70.5809
-70.5822
-70.5835
-70.5848
-70.586
-70.5873
-70.5885
-70.5897
-70.5909
-70.5921
-70.5932
-70.5944
-70.5955
-70.5966
-70.5977
-70.5988
-70.5999
-70.601
-70.602
-70.603
-70.6041
-70.6051
-70.6061
-70.6071
-70.608
-70.609
-70.6099
-70.6109
-70.6118
-70.6127
-70.6136
-70.6145
-70.6154
-70.6162
-70.6171
-70.6179
-70.6187
-70.6196
-70.6204
-70.6212
-70.622
-70.6227
-70.6235
-70.6242
-70.625
-70.6257
-70.6265
-70.6272
-70.6279
-70.6286
-70.6293
-70.6299
-70.6306
-70.6313
-70.6319
-70.6325
-70.6332
-70.6338
-70.6344
-70.635
-70.6356
-70.6362
-70.6368
-70.6374
-70.6379
-70.6385
-70.639
-70.6396
-70.6401
-70.6406
-70.6411
-70.6417
-70.6422
-70.6427
-70.6431
-70.6436
-70.6441
-70.6446
-70.645
-70.6455
-70.6459
-70.6464
-70.6468
-70.6472
-70.6476
-70.6481
-70.6485
-70.6489
-70.6493
-70.6497
-70.65
-70.6504
-70.6508
-70.6512
-70.6515
-70.6519
-70.6522
-70.6526
-70.6529
-70.6533
-70.6536
-70.6539
-70.6542
-70.6545
-70.6549
-70.6552
-70.6555
-70.6558
-70.656
-70.6563
-70.6566
-70.6569
-70.6572
-70.6574
-70.6577
-70.658
-70.6582
-70.6585
-70.6587
-70.6589
-70.6592
-70.6594
-70.6597
-70.6599
-70.6601
-70.6603
-70.6605
-70.6607
-70.661
-70.6612
-70.6614
-70.6616
-70.6617
-70.6619
-70.6621
-70.6623
-70.6625
-70.6627
-70.6628
-70.663
-70.6632
-70.6633
-70.6635
-70.6637
-70.6638
-70.664
-70.6641
-70.6643
-70.6644
-70.6646
-70.6647
-70.6648
-70.665
-70.6651
-70.6652
-70.6653
-70.6655
-70.6656
-70.6657
-70.6658
-70.6659
-70.666
-70.6662
-70.6663
-70.6664
-70.6665
-70.6666
-70.6667
-70.6668
-70.6669
-70.667
-70.667
-70.6671
-70.6672
-70.6673
-70.6674
-70.6675
-70.6675
-70.6676
-70.6677
-70.6678
-70.6678
-70.6679
-70.668
-70.668
-70.6681
-70.6682
-70.6682
-70.6683
-70.6683
-70.6684
-70.6685
-70.6685
-70.6686
-70.6686
-70.6687
-70.6687
-70.6688
-70.6688
-70.6688
-70.6689
-70.6689
-70.669
-70.669
-70.669
-70.6691
-70.6691
-70.6691
-70.6692
-70.6692
-70.6692
-70.6693
-70.6693
-70.6693
-70.6694
-70.6694
-70.6694
-70.6694
-70.6694
-70.6695
-70.6695
-70.6695
-70.6695
-70.6695
-70.6696
-70.6696
-70.6696
-70.6696
-70.6696
-70.6696
-70.6696
-70.6697
-70.6697
-70.6697
-70.6697
-70.6697
-70.6697
-70.6697
-70.6697
-70.6697
-70.6697
-70.6697
-70.6697
-70.6697
-70.6697
-70.6697
-70.6697
-70.6697
-70.6697
-70.6697
-70.6697
-70.6697
-70.6697
-70.6697
-70.6697
-70.6697
-70.6697
-70.6697
-70.6697
-70.6697
-70.6697
-70.6697
-70.6697
-70.6697
-70.6697
-70.6697
-70.6696
-70.6696
-70.6696
-70.6696
-70.6696
-70.6696
-70.6696
-70.6696
-70.6696
-70.6695
-70.6695
-70.6695
-70.6695
-70.6695
-70.6695
-70.6695
-70.6695
-70.6694
-70.6694
-70.6694
-70.6694
-70.6694
-70.6694
-70.6693
-70.6693
-70.6693
-70.6693
-70.6693
-70.6693
-70.6693
-70.6692
-70.6692
-70.6692
-70.6692
-70.6692
-70.6691
-70.6691
-70.6691
-70.6691
-70.6691
-70.6691
-70.669
-70.669
-70.669
-70.669
-70.669
-70.6689
-70.6689
-70.6689
-70.6689
-70.6689
-70.6688
-70.6688
-70.6688
-70.6688
-70.6688
-70.6687
-70.6687
-70.6687
-70.6687
-70.6686
-70.6686
-70.6686
-70.6686
-70.6686
-70.6685
-70.6685
-70.6685
-70.6685
-70.6685
-70.6684
-70.6684
-68.2709
-54.7768
-51.3791
-49.6031
-47.6271
-42.309
9.48882
-28.5847
-60.3155
-68.8028
-67.9244
-66.8726
-65.7957
-64.713
-63.6424
-62.6007
-61.603
-60.6621
-59.8028
-59.0605
-58.4172
-57.8547
-57.3553
-56.9157
-56.5417
-55.8225
-55.0875
-54.6718
-54.4035
-54.2043
-54.0479
-53.9222
-53.8213
-53.7411
-53.678
-53.6292
-53.5922
-53.5652
-53.547
-53.5364
-53.5324
-53.5296
-53.492
-53.4392
-53.4064
-53.3933
-53.3894
-53.3896
-53.3919
-53.3925
-53.3852
-53.3814
-53.3811
-53.3827
-53.3852
-53.3881
-53.388
-53.3867
-53.3861
-53.3865
-53.3879
-53.3898
-53.392
-53.3933
-53.3921
-53.3918
-53.3925
-53.3939
-53.3955
-53.3967
-53.3974
-53.3985
-53.3981
-53.3964
-53.3959
-53.3963
-53.3972
-53.3985
-53.3999
-53.4015
-53.4032
-53.405
-53.4068
-53.4078
-53.4047
-53.4018
-53.4007
-53.4002
-53.3998
-53.3999
-53.4005
-53.4014
-53.4024
-53.4036
-53.4047
-53.4059
-53.4069
-53.4079
-53.4087
-53.4093
-53.4078
-53.403
-53.3996
-53.3968
-53.3947
-53.3927
-53.3895
-53.3822
-53.34
-53.1963
-53.1885
-53.2229
-53.2576
-53.2841
-53.3026
-53.315
-53.3237
-53.3302
-53.336
-53.3418
-53.3484
-53.3565
-53.3668
-53.3803
-53.3974
-53.4185
-53.4428
-53.4501
-53.4385
-53.4312
-53.4295
-53.4311
-53.4303
-53.424
-53.4212
-53.4211
-53.4228
-53.4255
-53.429
-53.4332
-53.438
-53.4434
-53.4494
-53.456
-53.4632
-53.4712
-53.48
-53.4896
-53.5
-53.5115
-53.524
-53.5377
-53.5526
-53.5689
-53.5867
-53.6061
-53.6273
-53.6504
-53.6756
-53.7031
-53.7332
-53.766
-53.8019
-53.6858
-53.5126
-53.4259
-53.4006
-53.399
-53.4056
-53.4149
-53.4248
-53.4344
-53.4296
-53.4259
-53.4264
-53.4297
-53.4344
-53.4399
-53.446
-53.4526
-53.4596
-53.4671
-53.4751
-53.4835
-53.4926
-53.5024
-53.513
-53.5245
-53.5376
-53.552
-53.5675
-53.5851
-53.604
-53.6241
-53.6457
-53.6689
-53.694
-53.7221
-53.7561
-53.7957
-53.8373
-53.8822
-53.93
-53.9805
-54.0342
-54.0917
-53.7783
-53.4747
-53.3766
-53.3471
-53.3492
-53.361
-53.375
-53.3886
-53.4013
-53.413
-53.4239
-53.4341
-53.4442
-53.437
-53.4278
-53.4252
-53.4266
-53.4301
-53.4348
-53.4401
-53.4459
-53.4521
-53.4588
-53.4662
-53.4746
-53.4842
-53.4944
-53.5054
-53.5174
-53.5301
-53.5435
-53.5579
-53.5735
-53.5903
-53.6097
-53.6315
-53.6567
-53.6847
-53.7142
-53.7473
-53.7827
-53.8202
-53.8603
-53.9034
-53.9498
-54.0015
-54.0603
-54.1266
-54.2022
-54.2827
-54.3678
-54.4611
-54.1931
-53.5079
-53.3358
-53.3059
-53.2953
-53.3009
-53.3163
-53.3335
-53.3499
-53.3644
-53.3771
-53.3884
-53.3985
-53.4075
-53.4158
-53.4235
-53.431
-53.4386
-53.4464
-53.4547
-53.4634
-53.45
-53.4353
-53.4298
-53.4295
-53.4318
-53.4355
-53.4402
-53.4459
-53.4521
-53.4592
-53.4672
-53.4758
-53.4854
-53.4956
-53.5065
-53.518
-53.5305
-53.545
-53.5607
-53.5439
-53.4708
-53.4408
-53.4326
-53.4334
-53.4282
-53.4189
-53.4162
-53.4173
-53.4206
-53.425
-53.4299
-53.4351
-53.441
-53.4476
-53.4548
-53.4626
-53.4708
-53.4795
-53.4886
-53.4989
-53.5114
-53.5262
-53.5483
-53.5779
-53.6174
-53.6644
-53.7094
-53.7512
-53.7924
-53.8344
-53.8798
-53.9417
-54.0379
-54.1473
-54.2609
-54.3703
-54.476
-54.5809
-54.6896
-54.8053
-54.9317
-55.082
-55.2722
-55.4919
-55.7255
-55.9595
-56.1938
-56.4324
-55.9307
-53.7252
-53.1945
-53.1127
-53.151
-53.2178
-53.2856
-53.3474
-53.4027
-53.452
-53.4968
-53.5384
-53.5779
-53.6168
-53.6576
-53.7021
-53.7494
-53.7982
-53.8488
-53.9016
-53.9565
-54.0148
-54.0767
-54.1437
-54.2194
-54.3072
-54.4084
-54.5186
-54.6343
-54.7574
-54.8879
-55.0248
-55.1699
-55.3241
-55.4909
-55.6786
-55.8952
-56.1419
-56.4058
-56.6786
-56.9639
-57.2614
-57.5688
-57.884
-58.21
-58.5531
-58.9292
-59.3453
-59.8016
-60.2773
-60.7551
-61.2336
-61.7154
-62.1986
-62.6787
-63.1543
-63.6281
-64.1138
-64.6232
-65.1584
-65.7058
-66.2344
-66.7388
-67.2195
-67.6814
-68.1211
-68.5371
-68.9271
-69.3011
-69.6632
-70.0242
-70.386
-70.7382
-71.066
-71.3661
-71.6383
-71.8868
-72.1176
-72.3302
-72.5244
-72.7011
-72.8652
-73.0241
-73.1807
-73.3299
-73.4674
-73.5887
-73.6967
-73.7915
-73.8769
-73.9539
-74.024
-74.0875
-74.1446
-74.1981
-74.2509
-74.3018
-74.3509
-74.3963
-74.4351
-74.469
-74.4965
-74.5202
-74.5421
-74.5619
-74.5791
-74.5946
-74.609
-74.6239
-74.6385
-74.6527
-74.667
-74.6789
-74.6885
-74.6961
-74.7007
-74.7053
-74.7086
-74.7116
-74.7153
-74.7199
-74.7243
-74.729
-74.7324
-74.7368
-74.7429
-74.7473
-74.7492
-74.7492
-74.7478
-74.7459
-74.7437
-74.7423
-74.7423
-74.7433
-74.7438
-74.7446
-74.7449
-74.746
-74.7498
-74.7531
-74.7528
-74.7516
-74.7501
-74.7468
-74.7432
-74.742
-74.7412
-74.7411
-74.7423
-74.7422
-74.7432
-74.7434
-74.7436
-74.7459
-74.7472
-74.7463
-74.7447
-74.7416
-74.737
-74.7326
-74.73
-74.7282
-74.7261
-74.7258
-74.7257
-74.7269
-74.7288
-74.7295
-74.7304
-74.7324
-74.7347
-74.7348
-74.7318
-74.7284
-74.7252
-74.7236
-74.7227
-74.7197
-74.7159
-74.7149
-74.7138
-74.7128
-74.7144
-74.7162
-74.7161
-74.7178
-74.7213
-74.7221
-74.7189
-74.7139
-74.7079
-74.7045
-74.7046
-74.705
-74.7015
-74.6976
-74.6963
-74.6947
-74.6936
-74.6942
-74.6959
-74.698
-74.7008
-74.7053
-74.7094
-74.7096
-74.7059
-74.7011
-74.6962
-74.6947
-74.6943
-74.6927
-74.6899
-74.6855
-74.6808
-74.6774
-74.6751
-74.6762
-74.677
-74.6782
-74.6798
-74.6812
-74.6838
-74.6854
-74.6849
-74.6811
-74.6774
-74.6765
-74.6771
-74.6766
-74.6731
-74.669
-74.6666
-74.6616
-74.6577
-74.6546
-74.6532
-74.657
-74.6605
-74.6634
-74.6643
-74.6644
-74.666
-74.6658
-74.6673
-74.6667
-74.6641
-74.6648
-74.6661
-74.6638
-74.6573
-74.6498
-74.645
-74.6434
-74.6415
-74.6386
-74.6346
-74.6311
-74.6302
-74.6322
-74.6333
-74.6341
-74.6332
-74.6315
-74.6309
-74.633
-74.636
-74.6394
-74.6421
-74.6444
-74.6443
-74.6395
-74.63
-74.6208
-74.6153
-74.6121
-74.6106
-74.6146
-74.6193
-74.6189
-74.6134
-74.6099
-74.609
-74.6077
-74.6074
-74.6087
-74.6098
-74.6098
-74.611
-74.613
-74.6157
-74.62
-74.6235
-74.6235
-74.6182
-74.6111
-74.605
-74.5962
-74.5872
-74.5809
-74.5772
-74.5775
-74.5792
-74.5844
-74.5859
-74.5824
-74.5763
-74.5698
-74.5655
-74.5623
-74.5611
-74.5637
-74.5687
-74.5725
-74.5717
-74.5737
-74.5797
-74.5829
-74.586
-74.5881
-74.5866
-74.5824
-74.5729
-74.5605
-74.55
-74.5456
-74.5453
-74.5426
-74.5352
-74.53
-74.5315
-74.5378
-74.5467
-74.5509
-74.5468
-74.5412
-74.5399
-74.5382
-74.5336
-74.5285
-74.5242
-74.5257
-74.53
-74.5346
-74.5405
-74.5435
-74.5466
-74.5495
-74.5503
-74.5493
-74.5455
-74.5391
-74.531
-74.5233
-74.5181
-74.5133
-74.5067
-74.4997
-74.4883
-74.477
-74.4698
-74.4633
-74.4615
-74.4649
-74.472
-74.4782
-74.4806
-74.4811
-74.4809
-74.4794
-74.4762
-74.4713
-74.4657
-74.4583
-74.4531
-74.461
-74.4736
-74.4786
-74.4775
-74.4768
-74.4804
-74.4894
-74.4957
-74.4938
-74.4877
-74.481
-74.4758
-74.4712
-74.4682
-74.465
-74.4553
-74.443
-74.4359
-74.4273
-74.4141
-74.4045
-74.4008
-74.3956
-74.3877
-74.3812
-74.3766
-74.3746
-74.3754
-74.3766
-74.3802
-74.3849
-74.3901
-74.3935
-74.3991
-74.4048
-74.4064
-74.4031
-74.3997
-74.4021
-74.4032
-74.4063
-74.4117
-74.4191
-74.4219
-74.4205
-74.4174
-74.4128
-74.408
-74.4105
-74.4187
-74.4223
-74.4193
-74.4113
-74.4028
-74.3918
-74.3803
-74.369
-74.3583
-74.3504
-74.3479
-74.3432
-74.3355
-74.3277
-74.3188
-74.3066
-74.2962
-74.2838
-74.2706
-74.2667
-74.2675
-74.2668
-74.2612
-74.2521
-74.2402
-74.227
-74.2123
-74.1985
-74.1908
-74.1925
-74.2075
-74.2325
-74.2512
-74.2613
-74.2713
-74.283
-74.2948
-74.305
-74.307
-74.3006
-74.293
-74.2881
-74.287
-74.2868
-74.2867
-74.2843
-74.2854
-74.2926
-74.2987
-74.3014
-74.2966
-74.2858
-74.2773
-74.2682
-74.2596
-74.2541
-74.2525
-74.254
-74.2548
-74.2545
-74.2506
-74.2394
-74.2249
-74.2108
-74.2036
-74.2027
-74.1962
-74.1856
-74.1739
-74.1572
-74.1381
-74.1176
-74.0978
-74.0847
-74.0733
-74.0569
-74.042
-74.0339
-74.0242
-74.012
-74.0028
-73.9947
-73.9927
-73.9946
-73.9949
-73.9892
-73.9799
-73.9658
-73.9495
-73.9321
-73.9152
-73.9063
-73.9111
-73.918
-73.9345
-73.963
-73.9908
-74.0175
-74.0334
-74.0372
-74.0392
-74.0501
-74.0623
-74.0775
-74.0933
-74.1025
-74.1078
-74.1145
-74.1149
-74.1128
-74.1153
-74.1221
-74.1271
-74.1234
-74.119
-74.1183
-74.1183
-74.1185
-74.1153
-74.108
-74.098
-74.0923
-74.0833
-74.0713
-74.0561
-74.0362
-74.0134
-73.994
-73.9777
-73.9712
-73.9753
-73.9861
-73.9916
-73.994
-73.9941
-73.9893
-73.983
-73.9748
-73.9616
-73.9478
-73.9353
-73.92
-73.9046
-73.8873
-73.8661
-73.8482
-73.8356
-73.8342
-73.8388
-73.8358
-73.8281
-73.8172
-73.8012
-73.7894
-73.7899
-73.795
-73.793
-73.7902
-73.7934
-73.7908
-73.7801
-73.7631
-73.7418
-73.7175
-73.6909
-73.6636
-73.6443
-73.6304
-73.6135
-73.5923
-73.5688
-73.552
-73.5411
-73.5324
-73.5238
-73.52
-73.5178
-73.5127
-73.5095
-73.509
-73.509
-73.5034
-73.5003
-73.5001
-73.494
-73.4813
-73.4634
-73.442
-73.4186
-73.4006
-73.3856
-73.3752
-73.369
-73.3613
-73.3482
-73.3305
-73.3167
-73.3036
-73.2869
-73.2667
-73.2454
-73.2387
-73.2416
-73.2446
-73.2543
-73.2631
-73.2669
-73.2694
-73.265
-73.254
-73.2383
-73.2273
-73.2253
-73.2227
-73.2144
-73.209
-73.202
-73.1972
-73.1996
-73.2099
-73.233
-73.2623
-73.2826
-73.2971
-73.3014
-73.2967
-73.2883
-73.2827
-73.2735
-73.2593
-73.2413
-73.2206
-73.2001
-73.1958
-73.1938
-73.1859
-73.1722
-73.1543
-73.1402
-73.1399
-73.1388
-73.1395
-73.1382
-73.1303
-73.1169
-73.0995
-73.0805
-73.0693
-73.0586
-73.0441
-73.026
-73.0054
-72.983
-72.9593
-72.9347
-72.9095
-72.884
-72.8581
-72.832
-72.8059
-72.7797
-72.7559
-72.7437
-72.733
-72.719
-72.7018
-72.6823
-72.6613
-72.6393
-72.6167
-72.5936
-72.5702
-72.5468
-72.5241
-72.514
-72.5078
-72.5032
-72.5069
-72.5073
-72.5018
-72.4914
-72.4776
-72.4615
-72.4438
-72.425
-72.4055
-72.3855
-72.3651
-72.3445
-72.3322
-72.3305
-72.3267
-72.3185
-72.3067
-72.2923
-72.2763
-72.2591
-72.2412
-72.2228
-72.204
-72.185
-72.1659
-72.1467
-72.1275
-72.1084
-72.0894
-72.0704
-72.0516
-72.0328
-72.0143
-71.9959
-71.9854
-71.9888
-71.9908
-71.9878
-71.9808
-71.9708
-71.9588
-71.9455
-71.9314
-71.9166
-71.9014
-71.886
-71.8704
-71.8547
-71.839
-71.8233
-71.8076
-71.792
-71.7765
-71.7611
-71.7457
-71.7306
-71.7155
-71.7006
-71.6858
-71.6712
-71.6567
-71.6424
-71.6282
-71.6142
-71.6003
-71.5866
-71.5731
-71.5597
-71.5464
-71.5334
-71.5204
-71.5077
-71.495
-71.4826
-71.4702
-71.4581
-71.446
-71.4341
-71.4224
-71.4108
-71.3993
-71.388
-71.3769
-71.3658
-71.3549
-71.3442
-71.3335
-71.323
-71.3127
-71.3025
-71.2924
-71.2824
-71.2726
-71.2629
-71.2533
-71.2438
-71.2345
-71.2252
-71.2161
-71.2071
-71.1983
-71.1895
-71.1809
-71.1723
-71.1639
-71.1556
-71.1474
-71.1393
-71.1313
-71.1234
-71.1156
-71.1079
-71.1003
-71.0928
-71.0855
-71.0782
-71.071
-71.0639
-71.0569
-71.0499
-71.0431
-71.0364
-71.0298
-71.0232
-71.0167
-71.0104
-71.0041
-70.9979
-70.9917
-70.9857
-70.9797
-70.9739
-70.9681
-70.9624
-70.9567
-70.9512
-70.9457
-70.9403
-70.9349
-70.9297
-70.9245
-70.9194
-70.9143
-70.9093
-70.9044
-70.8996
-70.8948
-70.8901
-70.8855
-70.8809
-70.8764
-70.872
-70.8676
-70.8633
-70.859
-70.8548
-70.8507
-70.8466
-70.8426
-70.8386
-70.8347
-70.8309
-70.8271
-70.8234
-70.8197
-70.8161
-70.8125
-70.809
-70.8055
-70.8021
-70.7987
-70.7954
-70.7922
-70.7889
-70.7858
-70.7827
-70.7796
-70.7766
-70.7736
-70.7706
-70.7678
-70.7649
-70.7621
-70.7594
-70.7566
-70.754
-70.7513
-70.7487
-70.7462
-70.7437
-70.7412
-70.7388
-70.7364
-70.734
-70.7317
-70.7294
-70.7272
-70.725
-70.7228
-70.7207
-70.7186
-70.7165
-70.7145
-70.7125
-70.7105
-70.7086
-70.7067
-70.7048
-70.703
-70.7012
-70.6994
-70.6977
-70.696
-70.6943
-70.6926
-70.691
-70.6894
-70.6878
-70.6863
-70.6848
-70.6833
-70.6818
-70.6804
-70.6789
-70.6776
-70.6762
-70.6749
-70.6735
-70.6723
-70.671
-70.6698
-70.6685
-70.6673
-70.6662
-70.665
-70.6639
-70.6628
-70.6617
-70.6606
-70.6596
-70.6586
-70.6576
-70.6566
-70.6556
-70.6547
-70.6537
-70.6528
-70.6519
-70.6511
-70.6502
-70.6494
-70.6486
-70.6478
-70.647
-70.6462
-70.6455
-70.6447
-70.644
-70.6433
-70.6426
-70.6419
-70.6413
-70.6406
-70.64
-70.6394
-70.6388
-70.6382
-70.6377
-70.6371
-70.6366
-70.636
-70.6355
-70.635
-70.6345
-70.634
-70.6336
-70.6331
-70.6327
-70.6322
-70.6318
-70.6314
-70.631
-70.6306
-70.6303
-70.6299
-70.6295
-70.6292
-70.6289
-70.6285
-70.6282
-70.6279
-70.6276
-70.6273
-70.6271
-70.6268
-70.6265
-70.6263
-70.6261
-70.6258
-70.6256
-70.6254
-70.6252
-70.625
-70.6248
-70.6246
-70.6244
-70.6243
-70.6241
-70.624
-70.6238
-70.6237
-70.6235
-70.6234
-70.6233
-70.6232
-70.6231
-70.623
-70.6229
-70.6228
-70.6227
-70.6226
-70.6226
-70.6225
-70.6224
-70.6224
-70.6223
-70.6223
-70.6223
-70.6222
-70.6222
-70.6222
-70.6222
-70.6222
-70.6222
-70.6221
-70.6222
-70.6222
-70.6222
-70.6222
-70.6222
-70.6222
-70.6222
-70.6223
-70.6223
-70.6223
-70.6224
-70.6224
-70.6225
-70.6225
-70.6226
-70.6226
-70.6227
-70.6228
-70.6228
-70.6229
-70.623
-70.6231
-70.6231
-70.6232
-70.6233
-70.6234
-70.6235
-70.6236
-70.6237
-70.6238
-70.6239
-70.624
-70.6241
-70.6242
-70.6243
-70.6244
-70.6245
-70.6246
-70.6248
-70.6249
-70.625
-70.6251
-70.6252
-70.6254
-70.6255
-70.6256
-70.6258
-70.6259
-70.626
-70.6262
-70.6263
-70.6264
-70.6266
-70.6267
-70.6269
-70.627
-70.6271
-70.6273
-70.6274
-70.6276
-70.6277
-70.6279
-70.628
-70.6282
-70.6283
-70.6285
-70.6286
-70.6288
-70.629
-70.6291
-70.6293
-70.6294
-70.6296
-70.6297
-70.6299
-70.6301
-70.6302
-70.6304
-70.6305
-70.6307
-70.6309
-70.631
-70.6312
-70.6314
-70.6315
-70.6317
-70.6318
-70.632
-70.6322
-70.6323
-70.6325
-70.6327
-70.6328
-70.633
-70.6332
-70.6333
-70.6335
-70.6337
-70.6338
-70.634
-70.6342
-70.6343
-70.6345
-70.6347
-70.6348
-70.635
-70.6352
-70.6353
-70.6355
-70.6357
-70.6358
-70.636
-70.6362
-70.6363
-70.6365
-70.6366
-70.6368
-70.637
-70.6371
-70.6373
-70.6375
-70.6376
-70.6378
-70.638
-70.6381
-70.6383
-70.6384
-70.6386
-70.6388
-70.6389
-70.6391
-70.6392
-70.6394
-70.6396
-70.6397
-70.6399
-70.64
-70.6402
-70.6403
-70.6405
-70.6406
-70.6408
-70.641
-70.6411
-70.6413
-70.6414
-70.6416
-70.6417
-70.6419
-70.642
-70.6422
-70.6423
-70.6425
-70.6426
-70.6428
-70.6429
-70.6431
-70.6432
-70.6433
-70.6435
-70.6436

