-70
-70.1661
-70.23
-70.2566
-70.2695
-70.2773
-70.283
-70.2879
-70.2925
-70.297
-70.3014
-70.3057
-70.31
-70.3142
-70.3185
-70.3226
-70.3268
-70.3309
-70.335
-70.3391
-70.3431
-70.3471
-70.351
-70.3549
-70.3588
-70.3626
-70.3664
-70.3701
-70.3738
-70.3775
-70.3811
-70.3847
-70.3883
-70.3918
-70.3953
-70.3987
-70.4021
-70.4055
-70.4088
-70.4121
-70.4154
-70.4186
-70.4218
-70.4249
-70.428
-70.4311
-70.4341
-70.4372
-70.4401
-70.4431
-70.446
-70.4489
-70.4517
-70.4545
-70.4573
-70.4601
-70.4628
-70.4655
-70.4682
-70.4708
-70.4734
-70.476
-70.4785
-70.481
-70.4835
-70.486
-70.4884
-70.4908
-70.4932
-70.4955
-70.4978
-70.5001
-70.5024
-70.5046
-70.5068
-70.509
-70.5112
-70.5133
-70.5154
-70.5175
-70.5196
-70.5216
-70.5236
-70.5256
-70.5276
-70.5295
-70.5315
-70.5334
-70.5352
-70.5371
-70.5389
-70.5407
-70.5425
-70.5443
-70.5461
-70.5478
-70.5495
-70.5512
-70.5528
-70.5545
-70.5561
-70.5577
-70.5593
-70.5609
-70.5624
-70.5639
-70.5655
-70.5669
-70.5684
-70.5699
-70.5713
-70.5727
-70.5741
-70.5755
-70.5769
-70.5782
-70.5796
-70.5809
-70.5822
-70.5835
-70.5848
-70.586
-70.5873
-70.5885
-70.5897
-70.5909
-70.5921
-70.5932
-70.5944
-70.5955
-70.5966
-70.5977
-70.5988
-70.5999
-70.601
-70.602
-70.603
-70.6041
-70.6051
-70.6061
-70.6071
-70.608
-70.609
-70.6099
-70.6109
-70.6118
-70.6127
-70.6136
-70.6145
-70.6154
-70.6162
-70.6171
-70.6179
-70.6187
-70.6196
-70.6204
-70.6212
-70.622
-70.6227
-70.6235
-70.6242
-70.625
-70.6257
-70.6265
-70.6272
-70.6279
-70.6286
-70.6293
-70.6299
-70.6306
-70.6313
-70.6319
-70.6325
-70.6332
-70.6338
-70.6344
-70.635
-70.6356
-70.6362
-70.6368
-70.6374
-70.6379
-70.6385
-70.639
-70.6396
-70.6401
-70.6406
-70.6411
-70.6417
-70.6422
-70.6427
-70.6431
-70.6436
-70.6441
-70.6446
-70.645
-70.6455
-70.6459
-70.6464
-70.6468
-70.6472
-70.6476
-70.6481
-70.6485
-70.6489
-70.6493
-70.6497
-70.65
-70.6504
-70.6508
-70.6512
-70.6515
-70.6519
-70.6522
-70.6526
-70.6529
-70.6533
-70.6536
-70.6539
-70.6542
-70.6545
-70.6549
-70.6552
-70.6555
-70.6558
-70.656
-70.6563
-70.6566
-70.6569
-70.6572
-70.6574
-70.6577
-70.658
-70.6582
-70.6585
-70.6587
-70.6589
-70.6592
-70.6594
-70.6597
-70.6599
-70.6601
-70.6603
-70.6605
-70.6607
-70.661
-70.6612
-70.6614
-70.6616
-70.6617
-70.6619
-70.6621
-70.6623
-70.6625
-70.6627
-70.6628
-70.663
-70.6632
-70.6633
-70.6635
-70.6637
-70.6638
-70.664
-70.6641
-70.6643
-70.6644
-70.6646
-70.6647
-70.6648
-70.665
-70.6651
-70.6652
-70.6653
-70.6655
-70.6656
-70.6657
-70.6658
-70.6659
-70.666
-70.6662
-70.6663
-70.6664
-70.6665
-70.6666
-70.6667
-70.6668
-70.6669
-70.667
-70.667
-70.6671
-70.6672
-70.6673
-70.6674
-70.6675
-70.6675
-70.6676
-70.6677
-70.6678
-70.6678
-70.6679
-70.668
-70.668
-70.6681
-70.6682
-70.6682
-70.6683
-70.6683
-70.6684
-70.6685
-70.6685
-70.6686
-70.6686
-70.6687
-70.6687
-70.6688
-70.6688
-70.6688
-70.6689
-70.6689
-70.669
-70.669
-70.669
-70.6691
-70.6691
-70.6691
-70.6692
-70.6692
-70.6692
-70.6693
-70.6693
-70.6693
-70.6694
-70.6694
-70.6694
-70.6694
-70.6694
-70.6695
-70.6695
-70.6695
-70.6695
-70.6695
-70.6696
-70.6696
-70.6696
-70.6696
-70.6696
-70.6696
-70.6696
-70.6697
-70.6697
-70.6697
-70.6697
-70.6697
-70.6697
-70.6697
-70.6697
-70.6697
-70.6697
-70.6697
-70.6697
-70.6697
-70.6697
-70.6697
-70.6697
-70.6697
-70.6697
-70.6697
-70.6697
-70.6697
-70.6697
-70.6697
-70.6697
-70.6697
-70.6697
-70.6697
-70.6697
-70.6697
-70.6697
-70.6697
-70.6697
-70.6697
-70.6697
-70.6697
-70.6696
-70.6696
-70.6696
-70.6696
-70.6696
-70.6696
-70.6696
-70.6696
-70.6696
-70.6695
-70.6695
-70.6695
-70.6695
-70.6695
-70.6695
-70.6695
-70.6695
-70.6694
-70.6694
-70.6694
-70.6694
-70.6694
-70.6694
-70.6693
-70.6693
-70.6693
-70.6693
-70.6693
-70.6693
-70.6693
-70.6692
-70.6692
-70.6692
-70.6692
-70.6692
-70.6691
-70.6691
-70.6691
-70.6691
-70.6691
-70.6691
-70.669
-70.669
-70.669
-70.669
-70.669
-70.6689
-70.6689
-70.6689
-70.6689
-70.6689
-70.6688
-70.6688
-70.6688
-70.6688
-70.6688
-70.6687
-70.6687
-70.6687
-70.6687
-70.6686
-70.6686
-70.6686
-70.6686
-70.6686
-70.6685
-70.6685
-70.6685
-70.6685
-70.6685
-70.6684
-70.6684
-70.6684
-70.6684
-70.6684
-70.6683
-70.6683
-70.6683
-70.6683
-70.6682
-70.6682
-70.6682
-70.6682
-70.6682
-70.6681
-70.6681
-70.6681
-70.6681
-70.6681
-70.6701
-70.9112
-71.6817
-72.6274
-73.4142
-73.9262
-74.1865
-74.308
-74.3648
-74.3919
-74.4133
-74.4523
-74.5025
-74.5645
-66.4614
-54.2644
-51.0374
-48.9051
-45.0663
4.15421
-22.5245
-50.92
-69.422
-68.7848
-67.7742
-66.6764
-65.5409
-64.414
-63.3198
-62.2633
-61.2555
-60.3074
-59.4277
-58.6194
-57.8715
-57.2003
-56.611
-56.0974
-55.652
-55.2698
-54.9443
-54.6685
-54.4375
-54.233
-54.0613
-53.923
-53.8123
-53.7241
-53.6542
-53.5993
-53.5567
-53.524
-53.4995
-53.4815
-53.4601
-53.4407
-53.4276
-53.4137
-53.4039
-53.3986
-53.3963
-53.3961
-53.3972
-53.3993
-53.4021
-53.4055
-53.4093
-53.4135
-53.4181
-53.4229
-53.428
-53.4334
-53.4261
-53.4118
-53.4053
-53.4037
-53.4047
-53.407
-53.4095
-53.4121
-53.4145
-53.4165
-53.4181
-53.4187
-53.4126
-53.3986
-53.3903
-53.3843
-53.3771
-53.3623
-53.3026
-52.9147
-52.8179
-52.9025
-53.0042
-53.0852
-53.1421
-53.1798
-53.2051
-53.2234
-53.2387
-53.2536
-53.2699
-53.2895
-53.3142
-53.3462
-53.3873
-53.4383
-53.4981
-53.5652
-53.6387
-53.7185
-53.8055
-53.9027
-54.0087
-54.1223
-54.244
-53.7756
-53.5032
-53.432
-53.4233
-53.4345
-53.4522
-53.4722
-53.4933
-53.5151
-53.5378
-53.5614
-53.5861
-53.6123
-53.6402
-53.67
-53.7019
-53.7365
-53.774
-53.8146
-53.8586
-53.9064
-53.9582
-54.0144
-54.0753
-54.1413
-54.2128
-54.2899
-54.3729
-54.4624
-54.559
-54.6631
-54.7751
-54.8955
-55.0251
-55.1644
-55.3136
-55.4729
-55.6422
-55.8257
-56.0252
-56.2349
-56.4543
-56.6827
-56.9201
-57.167
-54.2697
-53.1634
-52.9583
-52.9806
-53.058
-53.1407
-53.2147
-53.2782
-53.3326
-53.3796
-53.4209
-53.4578
-53.4915
-53.5229
-53.5533
-53.5835
-53.6134
-53.6435
-53.6741
-53.7059
-53.7394
-53.7748
-53.8125
-53.8528
-53.896
-53.9436
-53.9966
-54.053
-54.1128
-54.1764
-54.2443
-54.3167
-54.3939
-54.4765
-54.5648
-54.6589
-54.7615
-54.8775
-55
-55.1275
-55.2608
-55.4002
-55.5459
-55.698
-55.8567
-56.022
-56.194
-56.3726
-56.5704
-56.783
-56.9959
-57.2082
-57.4214
-57.6359
-57.8516
-58.0683
-58.2855
-58.5033
-58.721
-58.9382
-59.1784
-59.4299
-59.6714
-59.9015
-60.1226
-60.3364
-60.5443
-60.7472
-60.9456
-61.1393
-61.3287
-61.5138
-61.7118
-61.9339
-62.1469
-62.3446
-62.5298
-62.7057
-62.8747
-63.0383
-63.1974
-63.3528
-63.5047
-63.6535
-63.8006
-55.8924
-52.4966
-51.7645
-51.7385
-51.9645
-52.2516
-52.5115
-52.7225
-52.8885
-53.0188
-53.1223
-53.2052
-53.2731
-53.3311
-53.382
-53.4273
-53.4684
-53.5068
-53.5434
-53.5792
-53.6149
-53.6511
-53.6882
-53.727
-53.7693
-53.8163
-53.8656
-53.9174
-53.9722
-54.0306
-54.0931
-54.1599
-54.2315
-54.3078
-54.3892
-54.4763
-54.5757
-54.6859
-54.8005
-54.9199
-55.0452
-55.1773
-55.3165
-55.4626
-55.6155
-55.7754
-55.9422
-56.1162
-56.2974
-56.5032
-56.7234
-56.9429
-57.1614
-57.3809
-57.6024
-57.8487
-58.1327
-58.4918
-59.018
-59.7893
-60.7589
-61.6437
-62.3373
-62.9138
-63.4453
-64.0342
-64.7558
-65.6417
-66.7632
-67.8468
-68.692
-69.3233
-69.7832
-70.1472
-70.4572
-70.7577
-71.0959
-71.4672
-71.868
-72.241
-72.5457
-72.7831
-72.9673
-73.1177
-73.2537
-73.383
-73.5133
-73.6473
-73.7823
-73.9088
-74.0165
-74.1059
-74.1783
-74.2376
-74.2886
-74.336
-74.3821
-74.4298
-74.4766
-74.5227
-74.5647
-74.5993
-74.6274
-74.6493
-74.6663
-74.6804
-74.6929
-74.7072
-74.7231
-74.7394
-74.756
-74.7711
-74.7826
-74.7912
-74.7966
-74.7995
-74.8005
-74.8015
-74.8051
-74.8102
-74.816
-74.8228
-74.8293
-74.8337
-74.8356
-74.8358
-74.8343
-74.8308
-74.8275
-74.8275
-74.8289
-74.8312
-74.8349
-74.8385
-74.8414
-74.842
-74.841
-74.8388
-74.8347
-74.8296
-74.8278
-74.8276
-74.8278
-74.8293
-74.8314
-74.8334
-74.8352
-74.8349
-74.8331
-74.8299
-74.8251
-74.8214
-74.8209
-74.8201
-74.8199
-74.8211
-74.8224
-74.8236
-74.8253
-74.8255
-74.8235
-74.8202
-74.8156
-74.8129
-74.8121
-74.8104
-74.8092
-74.8099
-74.8105
-74.8115
-74.8129
-74.814
-74.8133
-74.8106
-74.8068
-74.8044
-74.8039
-74.8028
-74.8004
-74.7995
-74.8002
-74.801
-74.8019
-74.8024
-74.8029
-74.8022
-74.7992
-74.7959
-74.7942
-74.7932
-74.792
-74.7892
-74.7879
-74.789
-74.7905
-74.7909
-74.7904
-74.7908
-74.791
-74.7896
-74.788
-74.786
-74.7839
-74.783
-74.7806
-74.7779
-74.7786
-74.7803
-74.7818
-74.7814
-74.7799
-74.7789
-74.778
-74.7777
-74.7777
-74.7752
-74.7721
-74.7706
-74.7686
-74.7666
-74.7667
-74.7687
-74.7706
-74.7711
-74.7704
-74.7681
-74.7666
-74.7676
-74.7685
-74.7674
-74.764
-74.7609
-74.759
-74.7571
-74.756
-74.7566
-74.7583
-74.7603
-74.7613
-74.7599
-74.7562
-74.7537
-74.7547
-74.7557
-74.7545
-74.7519
-74.7499
-74.747
-74.7446
-74.7425
-74.7421
-74.7443
-74.7465
-74.7487
-74.7502
-74.7483
-74.7461
-74.7447
-74.7438
-74.7431
-74.7421
-74.7404
-74.7396
-74.7368
-74.7329
-74.73
-74.7297
-74.7294
-74.7328
-74.7361
-74.7377
-74.7364
-74.7353
-74.7344
-74.732
-74.7296
-74.7273
-74.7256
-74.725
-74.7247
-74.7214
-74.7188
-74.7161
-74.7137
-74.7123
-74.7152
-74.7198
-74.7221
-74.7241
-74.7258
-74.7241
-74.7226
-74.7204
-74.7181
-74.7147
-74.7095
-74.7082
-74.7088
-74.7068
-74.7048
-74.7033
-74.7005
-74.6986
-74.6971
-74.7016
-74.7056
-74.7092
-74.7114
-74.7115
-74.7091
-74.7074
-74.7055
-74.7003
-74.6956
-74.691
-74.6872
-74.6856
-74.6854
-74.6845
-74.6851
-74.6841
-74.6825
-74.6813
-74.6799
-74.6814
-74.6872
-74.6936
-74.6962
-74.6956
-74.6952
-74.6936
-74.6904
-74.6867
-74.68
-74.6734
-74.6701
-74.6667
-74.664
-74.6625
-74.6627
-74.6635
-74.6655
-74.6668
-74.6649
-74.6624
-74.6635
-74.6693
-74.6744
-74.6769
-74.6791
-74.6786
-74.6766
-74.6733
-74.6682
-74.661
-74.6542
-74.6481
-74.6431
-74.6388
-74.6365
-74.635
-74.6325
-74.6327
-74.6346
-74.6392
-74.6415
-74.6391
-74.6414
-74.6465
-74.6509
-74.6527
-74.6533
-74.6546
-74.6558
-74.6535
-74.6504
-74.648
-74.6438
-74.6352
-74.6257
-74.6171
-74.6107
-74.6075
-74.6067
-74.6074
-74.6075
-74.6069
-74.6065
-74.605
-74.6062
-74.6099
-74.6162
-74.6221
-74.6266
-74.628
-74.6277
-74.6277
-74.6259
-74.6284
-74.6312
-74.6308
-74.6269
-74.6178
-74.6103
-74.6031
-74.5973
-74.5903
-74.5821
-74.5727
-74.5649
-74.5599
-74.5583
-74.5602
-74.561
-74.5667
-74.5701
-74.5674
-74.5679
-74.5776
-74.585
-74.5844
-74.5832
-74.5864
-74.5848
-74.5836
-74.5876
-74.5927
-74.5942
-74.5972
-74.5992
-74.5961
-74.5874
-74.5748
-74.5619
-74.5555
-74.549
-74.5405
-74.5332
-74.5255
-74.5195
-74.5144
-74.51
-74.5056
-74.5037
-74.5051
-74.5101
-74.5152
-74.5239
-74.5322
-74.5372
-74.5406
-74.5422
-74.5383
-74.5314
-74.5245
-74.5237
-74.5241
-74.5291
-74.5393
-74.5465
-74.5505
-74.552
-74.5517
-74.5528
-74.5502
-74.5431
-74.5326
-74.5218
-74.5122
-74.5009
-74.4909
-74.4826
-74.4744
-74.4647
-74.4528
-74.4473
-74.4474
-74.4498
-74.4486
-74.4478
-74.4474
-74.4494
-74.456
-74.4621
-74.463
-74.4621
-74.4628
-74.4664
-74.4659
-74.4664
-74.4653
-74.4595
-74.4561
-74.4557
-74.4574
-74.4602
-74.4614
-74.4628
-74.4635
-74.4631
-74.4638
-74.4631
-74.4615
-74.4559
-74.4549
-74.4614
-74.4634
-74.4595
-74.4546
-74.4464
-74.432
-74.4149
-74.4003
-74.3921
-74.3893
-74.3875
-74.3832
-74.3799
-74.3743
-74.3662
-74.3571
-74.3475
-74.3434
-74.3449
-74.3509
-74.3565
-74.3576
-74.3612
-74.3624
-74.361
-74.3563
-74.3482
-74.3389
-74.3296
-74.32
-74.3166
-74.3201
-74.3312
-74.3461
-74.3584
-74.3638
-74.3625
-74.3574
-74.3492
-74.3432
-74.3397
-74.3386
-74.3371
-74.3351
-74.3306
-74.3257
-74.3216
-74.3189
-74.3201
-74.3238
-74.3247
-74.3254
-74.3251
-74.3275
-74.3295
-74.3313
-74.3306
-74.3281
-74.3232
-74.3152
-74.3038
-74.2903
-74.2785
-74.2696
-74.2629
-74.2593
-74.2557
-74.2517
-74.2486
-74.2452
-74.2404
-74.2351
-74.2262
-74.2164
-74.2028
-74.1872
-74.1769
-74.1716
-74.1702
-74.1703
-74.1643
-74.157
-74.149
-74.1401
-74.1362
-74.135
-74.1309
-74.133
-74.1352
-74.1297
-74.1246
-74.1211
-74.1148
-74.1034
-74.0872
-74.0777
-74.087
-74.1153
-74.1412
-74.1543
-74.1582
-74.1599
-74.1596
-74.1552
-74.1468
-74.1328
-74.1232
-74.1315
-74.145
-74.1523
-74.1578
-74.1547
-74.1431
-74.126
-74.1111
-74.0979
-74.0898
-74.0929
-74.0961
-74.0992
-74.0992
-74.1022
-74.1043
-74.1005
-74.0912
-74.082
-74.0764
-74.0695
-74.0646
-74.0658
-74.0735
-74.0906
-74.1135
-74.1305
-74.1435
-74.148
-74.1455
-74.1362
-74.125
-74.1137
-74.0988
-74.0844
-74.0774
-74.069
-74.0607
-74.0508
-74.04
-74.0332
-74.0267
-74.0196
-74.0182
-74.0163
-74.0086
-73.9983
-73.9868
-73.979
-73.9731
-73.9653
-73.9516
-73.9324
-73.9091
-73.8871
-73.8696
-73.8519
-73.8308
-73.8115
-73.7911
-73.7716
-73.7555
-73.745
-73.7342
-73.721
-73.712
-73.7059
-73.7021
-73.6968
-73.685
-73.6674
-73.65
-73.6335
-73.6137
-73.5906
-73.5648
-73.5377
-73.5164
-73.5044
-73.5014
-73.5079
-73.5104
-73.5059
-73.505
-73.5059
-73.51
-73.5191
-73.5236
-73.519
-73.507
-73.4897
-73.4708
-73.4598
-73.453
-73.4419
-73.4324
-73.4337
-73.4378
-73.4349
-73.4243
-73.4081
-73.3879
-73.3688
-73.3655
-73.3695
-73.367
-73.3568
-73.3488
-73.3501
-73.3562
-73.3687
-73.3805
-73.3864
-73.3897
-73.3926
-73.3951
-73.3967
-73.3916
-73.3798
-73.3661
-73.3558
-73.3428
-73.3278
-73.3175
-73.3049
-73.2881
-73.2788
-73.2824
-73.2881
-73.2864
-73.277
-73.262
-73.243
-73.2249
-73.2222
-73.2199
-73.2113
-73.197
-73.1787
-73.1575
-73.1343
-73.1109
-73.0983
-73.0965
-73.0924
-73.0822
-73.067
-73.0481
-73.0268
-73.0038
-72.9796
-72.9545
-72.9289
-72.9029
-72.8767
-72.8503
-72.8237
-72.7972
-72.7707
-72.7511
-72.7402
-72.7279
-72.7178
-72.7149
-72.7089
-72.6979
-72.6831
-72.6654
-72.6459
-72.6252
-72.6035
-72.5813
-72.5587
-72.5358
-72.5128
-72.4898
-72.4667
-72.4436
-72.4206
-72.3978
-72.375
-72.3524
-72.33
-72.3078
-72.2857
-72.2639
-72.2422
-72.2208
-72.1995
-72.1785
-72.1577
-72.1371
-72.1168
-72.0966
-72.0767
-72.057
-72.0375
-72.0183
-71.9992
-71.9804
-71.9618
-71.9434
-71.9252
-71.9072
-71.8895
-71.8719
-71.8545
-71.8374
-71.8205
-71.8037
-71.7872
-71.7708
-71.7547
-71.7387
-71.7229
-71.7074
-71.692
-71.6768
-71.6617
-71.6469
-71.6323
-71.6178
-71.6035
-71.5893
-71.5754
-71.5616
-71.548
-71.5345
-71.5213
-71.5081
-71.4952
-71.4824
-71.4698
-71.4573
-71.4449
-71.4328
-71.4208
-71.4089
-71.3972
-71.3856
-71.3742
-71.3629
-71.3518
-71.3408
-71.3299
-71.3192
-71.3086
-71.2982
-71.2879
-71.2777
-71.2677
-71.2578
-71.248
-71.2383
-71.2288
-71.2194
-71.2101
-71.201
-71.192
-71.183
-71.1742
-71.1655
-71.157
-71.1485
-71.1402
-71.1319
-71.1238
-71.1158
-71.1079
-71.1
-71.0923
-71.0847
-71.0772
-71.0698
-71.0625
-71.0553
-71.0482
-71.0412
-71.0343
-71.0275
-71.0207
-71.0141
-71.0075
-71.0011
-70.9947
-70.9884
-70.9822
-70.9761
-70.9701
-70.9642
-70.9583
-70.9525
-70.9468
-70.9412
-70.9357
-70.9302
-70.9248
-70.9195
-70.9143
-70.9091
-70.904
-70.899
-70.894
-70.8892
-70.8844
-70.8796
-70.8749
-70.8703
-70.8658
-70.8613
-70.8569
-70.8526
-70.8483
-70.8441
-70.8399
-70.8359
-70.8318
-70.8279
-70.8239
-70.8201
-70.8163
-70.8125
-70.8089
-70.8052
-70.8016
-70.7981
-70.7947
-70.7912
-70.7879
-70.7846
-70.7813
-70.7781
-70.7749
-70.7718
-70.7688
-70.7657
-70.7628
-70.7598
-70.757
-70.7541
-70.7513
-70.7486
-70.7459
-70.7432
-70.7406
-70.738
-70.7355
-70.733
-70.7306
-70.7282
-70.7258
-70.7235
-70.7212
-70.7189
-70.7167
-70.7145
-70.7124
-70.7103
-70.7082
-70.7061
-70.7041
-70.7022
-70.7002
-70.6983
-70.6965
-70.6946
-70.6928
-70.691
-70.6893
-70.6876
-70.6859
-70.6842
-70.6826
-70.681
-70.6795
-70.6779
-70.6764
-70.6749
-70.6735
-70.672
-70.6706
-70.6693
-70.6679
-70.6666
-70.6653
-70.664
-70.6628
-70.6615
-70.6603
-70.6592
-70.658
-70.6569
-70.6557
-70.6547
-70.6536
-70.6525
-70.6515
-70.6505
-70.6495
-70.6486
-70.6476
-70.6467
-70.6458
-70.6449
-70.644
-70.6432
-70.6424
-70.6416
-70.6408
-70.64
-70.6392
-70.6385
-70.6378
-70.6371
-70.6364
-70.6357
-70.635
-70.6344
-70.6338
-70.6331
-70.6325
-70.632
-70.6314
-70.6308
-70.6303
-70.6298
-70.6293
-70.6288
-70.6283
-70.6278
-70.6273
-70.6269
-70.6264
-70.626
-70.6256
-70.6252
-70.6248
-70.6244
-70.6241
-70.6237
-70.6234
-70.6231
-70.6227
-70.6224
-70.6221
-70.6218
-70.6215
-70.6213
-70.621
-70.6208
-70.6205
-70.6203
-70.6201
-70.6198
-70.6196
-70.6194
-70.6192
-70.6191
-70.6189
-70.6187
-70.6186
-70.6184
-70.6183
-70.6181
-70.618
-70.6179
-70.6178
-70.6177
-70.6176
-70.6175
-70.6174
-70.6173
-70.6173
-70.6172
-70.6171
-70.6171
-70.617
-70.617
-70.6169
-70.6169
-70.6169
-70.6169
-70.6169
-70.6168
-70.6168
-70.6168
-70.6168
-70.6169
-70.6169
-70.6169
-70.6169
-70.6169
-70.617
-70.617
-70.6171
-70.6171
-70.6172
-70.6172
-70.6173
-70.6173
-70.6174
-70.6175
-70.6175
-70.6176
-70.6177
-70.6178
-70.6179
-70.6179
-70.618
-70.6181
-70.6182
-70.6183
-70.6184
-70.6185
-70.6187
-70.6188
-70.6189
-70.619
-70.6191
-70.6192
-70.6194
-70.6195
-70.6196
-70.6198
-70.6199
-70.62
-70.6202
-70.6203
-70.6204
-70.6206
-70.6207
-70.6209
-70.621
-70.6212
-70.6213
-70.6215
-70.6216
-70.6218
-70.622
-70.6221
-70.6223
-70.6224
-70.6226
-70.6228
-70.6229
-70.6231
-70.6233
-70.6234
-70.6236
-70.6238
-70.624
-70.6241
-70.6243
-70.6245
-70.6247
-70.6248
-70.625
-70.6252
-70.6254
-70.6255
-70.6257
-70.6259
-70.6261
-70.6263
-70.6264
-70.6266
-70.6268
-70.627
-70.6272
-70.6274
-70.6276
-70.6277
-70.6279
-70.6281
-70.6283
-70.6285
-70.6287
-70.6289
-70.629
-70.6292
-70.6294
-70.6296
-70.6298
-70.63
-70.6302
-70.6303
-70.6305
-70.6307
-70.6309
-70.6311
-70.6313
-70.6315
-70.6317
-70.6318
-70.632
-70.6322
-70.6324
-70.6326
-70.6328
-70.633
-70.6331
-70.6333
-70.6335
-70.6337
-70.6339
-70.6341
-70.6342
-70.6344
-70.6346
-70.6348
-70.635
-70.6352
-70.6353
-70.6355
-70.6357
-70.6359
-70.6361
-70.6362
-70.6364
-70.6366
-70.6368
-70.6369
-70.6371
-70.6373
-70.6375
-70.6376
-70.6378
-70.638
-70.6382
-70.6383
-70.6385
-70.6387
-70.6388
-70.639
-70.6392
-70.6394
-70.6395
-70.6397
-70.6399
-70.64
-70.6402
-70.6404
-70.6405
-70.6407
-70.6408
-70.641
-70.6412
-70.6413
-70.6415
-70.6417
-70.6418
-70.642
-70.6421
-70.6423
-70.6424
-70.6426
-70.6428
-70.6429
-70.6431
-70.6432
-70.6434
-70.6435
-70.6437
-70.6438
-70.644
-70.6441
-70.6443
-70.6444
-70.6446

