-70
-70.1661
-70.23
-70.2566
-70.2695
-70.2773
-70.283
-70.2879
-70.2925
-70.297
-70.3014
-70.3057
-70.31
-70.3142
-70.3185
-70.3226
-70.3268
-70.3309
-70.335
-70.3391
-70.3431
-70.3471
-70.351
-70.3549
-70.3588
-70.3626
-70.3664
-70.3701
-70.3738
-70.3775
-70.3811
-70.3847
-70.3883
-70.3918
-70.3953
-70.3987
-70.4021
-70.4055
-70.4088
-70.4121
-70.4154
-70.4186
-70.4218
-70.4249
-70.428
-70.4311
-70.4341
-70.4372
-70.4401
-70.4431
-70.446
-70.4489
-70.4517
-70.4545
-70.4573
-70.4601
-70.4628
-70.4655
-70.4682
-70.4708
-70.4734
-70.476
-70.4785
-70.481
-70.4835
-70.486
-70.4884
-70.4908
-70.4932
-70.4955
-70.4978
-70.5001
-70.5024
-70.5046
-70.5068
-70.509
-70.5112
-70.5133
-70.5154
-70.5175
-70.5196
-70.5216
-70.5236
-70.5256
-70.5276
-70.5295
-70.5315
-70.5334
-70.5352
-70.5371
-70.5389
-70.5407
-70.5425
-70.5443
-70.5461
-70.5478
-70.5495
-70.5512
-70.5528
-70.5545
-70.5561
-70.5577
-70.5593
-70.5609
-70.5624
-70.5639
-70.5655
-70.5669
-70.5684
-70.5699
-70.5713
-70.5727
-70.5741
-70.5755
-70.5769
-70.5782
-70.5796
-70.5809
-70.5822
-70.5835
-70.5848
-70.586
-70.5873
-70.5885
-70.5897
-70.5909
-70.5921
-70.5932
-70.5944
-70.5955
-70.5966
-70.5977
-70.5988
-70.5999
-70.601
-70.602
-70.603
-70.6041
-70.6051
-70.6061
-70.6071
-70.608
-70.609
-70.6099
-70.6109
-70.6118
-70.6127
-70.6136
-70.6145
-70.6154
-70.6162
-70.6171
-70.6179
-70.6187
-70.6196
-70.6204
-70.6212
-70.622
-70.6227
-70.6235
-70.6242
-70.625
-70.6257
-70.6265
-70.6272
-70.6279
-70.6286
-70.6293
-70.6299
-70.6306
-70.6313
-70.6319
-70.6325
-70.6332
-70.6338
-70.6344
-70.635
-70.6356
-70.6362
-70.6368
-70.6374
-70.6379
-70.6385
-70.639
-70.6396
-70.6401
-70.6406
-70.6411
-70.6417
-70.6422
-70.6427
-70.6431
-70.6436
-70.6441
-70.6446
-70.645
-70.6455
-70.6459
-70.6464
-70.6468
-70.6472
-70.6476
-70.6481
-70.6485
-70.6489
-70.6493
-70.6497
-70.65
-70.6504
-70.6508
-70.6512
-70.6515
-70.6519
-70.6522
-70.6526
-70.6529
-70.6533
-70.6536
-70.6539
-70.6542
-70.6545
-70.6549
-70.6552
-70.6555
-70.6558
-70.656
-70.6563
-70.6566
-70.6569
-70.6572
-70.6574
-70.6577
-70.658
-70.6582
-70.6585
-70.6587
-70.6589
-70.6592
-70.6594
-70.6597
-70.6599
-70.6601
-70.6603
-70.6605
-70.6607
-70.661
-70.6612
-70.6614
-70.6616
-70.6617
-70.6619
-70.6621
-70.6623
-70.6625
-70.6627
-70.6628
-70.663
-70.6632
-70.6633
-70.6635
-70.6637
-70.6638
-70.664
-70.6641
-70.6643
-70.6644
-70.6646
-70.6647
-70.6648
-70.665
-70.6651
-70.6652
-70.6653
-70.6655
-70.6656
-70.6657
-70.6658
-70.6659
-70.666
-70.6662
-70.6663
-70.6664
-70.6665
-70.6666
-70.6667
-70.6668
-70.6669
-70.667
-70.667
-70.6671
-70.6672
-70.6673
-70.6674
-70.6675
-70.6675
-70.6676
-70.6677
-70.6678
-70.6678
-70.6679
-70.668
-70.668
-70.6681
-70.6682
-70.6682
-70.6683
-70.6683
-70.6684
-70.6685
-70.6685
-70.6686
-70.6686
-70.6687
-70.6687
-70.6688
-70.6688
-70.6688
-70.6689
-70.6689
-70.669
-70.669
-70.669
-70.6691
-70.6691
-70.6691
-70.6692
-70.6692
-70.6692
-70.6693
-70.6693
-70.6693
-70.6694
-70.6694
-70.6694
-70.6694
-70.6694
-70.6695
-70.6695
-70.6695
-70.6695
-70.6695
-70.6696
-70.6696
-70.6696
-70.6696
-70.6696
-70.6696
-70.6696
-70.6697
-70.6697
-70.6697
-70.6697
-70.6697
-70.6697
-70.6697
-70.6697
-70.6697
-70.6697
-70.6697
-70.6697
-70.6697
-70.6697
-70.6697
-70.6697
-70.6697
-70.6697
-70.6697
-70.6697
-70.6697
-70.6697
-70.6697
-70.6697
-70.6697
-70.6697
-70.6697
-70.6697
-70.6697
-70.6697
-70.6697
-70.6697
-70.6697
-70.6697
-70.6697
-70.6696
-70.6696
-70.6696
-70.6696
-70.6696
-70.6696
-70.6696
-70.6696
-70.6696
-70.6695
-70.6695
-70.6695
-70.6695
-70.6695
-70.6695
-70.6695
-70.6695
-70.6694
-70.6694
-70.6694
-70.6694
-70.6694
-70.6694
-70.6693
-70.6693
-70.6693
-70.6693
-70.6693
-70.6693
-70.6693
-70.6692
-70.6692
-70.6692
-70.6692
-70.6692
-70.6691
-70.6691
-70.6691
-70.6691
-70.6691
-70.6691
-70.669
-70.669
-70.669
-70.669
-70.669
-70.6689
-70.6689
-70.6689
-70.6689
-70.6689
-70.6688
-70.6688
-70.6688
-70.6688
-70.6688
-70.6687
-70.6687
-70.6687
-70.6687
-70.6686
-70.6686
-70.6686
-70.6686
-70.6686
-70.6685
-70.6685
-70.6685
-70.6685
-70.6685
-70.6684
-70.6684
-70.6684
-70.6684
-70.6684
-70.6683
-70.6683
-70.6683
-70.6683
-70.6682
-70.6682
-70.6682
-70.6682
-70.6682
-70.6681
-70.6681
-70.6681
-70.6681
-70.6681
-70.6782
-70.9454
-71.7714
-72.7399
-73.4526
-73.8957
-74.1334
-66.2204
-54.2484
-51.1266
-49.2401
-46.6165
-32.6769
-11.6853
-38.4165
-67.9912
-68.7991
-67.8065
-66.7573
-65.6889
-64.6197
-63.5689
-62.554
-61.5886
-60.503
-59.5247
-58.6845
-57.9414
-57.2833
-56.7044
-56.1956
-55.7172
-55.3139
-54.979
-54.6995
-54.468
-54.2782
-54.1105
-53.9621
-53.8456
-53.7552
-53.6852
-53.6314
-53.5906
-53.5571
-53.5156
-53.4849
-53.4649
-53.4524
-53.445
-53.4413
-53.4404
-53.4416
-53.4411
-53.4248
-53.4144
-53.4105
-53.4105
-53.4128
-53.4165
-53.4212
-53.4264
-53.4322
-53.4384
-53.445
-53.4492
-53.4287
-53.4158
-53.4113
-53.4113
-53.4135
-53.4169
-53.4209
-53.4253
-53.4299
-53.4346
-53.4395
-53.4443
-53.4484
-53.452
-53.455
-53.4571
-53.458
-53.4571
-53.4305
-53.402
-53.3887
-53.3801
-53.3688
-53.3406
-53.1194
-52.7448
-52.7734
-52.8899
-52.9969
-53.0763
-53.1304
-53.1661
-53.1907
-53.2096
-53.2265
-53.244
-53.2641
-53.2889
-53.3206
-53.3617
-53.4137
-53.4766
-53.5487
-53.6284
-53.715
-53.8091
-53.9127
-54.0278
-53.6747
-53.5001
-53.4529
-53.4473
-53.4557
-53.4694
-53.4857
-53.5036
-53.5228
-53.5434
-53.5654
-53.589
-53.6144
-53.6418
-53.6714
-53.7035
-53.7384
-53.7763
-53.8176
-53.8625
-53.9114
-53.9645
-54.0221
-54.0846
-54.1524
-54.2259
-54.305
-54.3904
-54.4825
-54.5819
-54.6891
-54.8044
-54.9285
-55.0621
-55.2056
-55.3593
-55.5232
-55.6975
-55.8828
-54.2346
-53.3465
-53.1618
-53.162
-53.2087
-53.2629
-53.3137
-53.3591
-53.3994
-53.4355
-53.469
-53.5002
-53.5295
-53.5577
-53.5854
-53.6132
-53.6415
-53.6707
-53.7013
-53.7335
-53.7702
-53.814
-53.86
-53.9075
-53.9572
-54.01
-54.0664
-54.1269
-54.1918
-54.2618
-54.3475
-54.4526
-54.5625
-54.673
-54.7859
-54.9036
-55.0277
-55.159
-55.2981
-55.445
-55.6082
-55.8004
-56.0196
-56.2415
-56.4615
-56.6826
-56.9073
-54.9411
-53.3044
-52.9745
-52.9638
-53.0326
-53.114
-53.189
-53.2532
-53.3076
-53.354
-53.3942
-53.4297
-53.4617
-53.4912
-53.5193
-53.5481
-53.5776
-53.609
-53.6412
-53.6733
-53.706
-53.7401
-53.776
-53.8142
-53.8551
-53.8996
-53.9526
-54.011
-54.0773
-54.151
-54.2288
-54.3084
-54.391
-54.4781
-54.5704
-54.6686
-54.7731
-54.894
-55.0319
-55.1805
-55.3475
-55.5243
-55.7095
-55.8961
-56.0851
-56.279
-56.479
-56.6853
-56.8999
-57.1489
-57.4143
-57.6861
-57.9854
-58.2857
-58.5942
-58.9005
-59.1956
-59.482
-59.7629
-60.0397
-56.0786
-53.0877
-52.4988
-52.4811
-52.6146
-52.7721
-52.9147
-53.0348
-53.1336
-53.214
-53.2805
-53.3371
-53.3868
-53.4309
-53.4715
-53.5097
-53.546
-53.5816
-53.6165
-53.6511
-53.6862
-53.7231
-53.7634
-53.8071
-53.8547
-53.907
-53.9646
-54.0275
-54.0949
-54.165
-54.2386
-54.3162
-54.3992
-54.4928
-54.5949
-54.7165
-54.8497
-54.9922
-55.1458
-55.3126
-55.4845
-55.6674
-55.8667
-56.0732
-56.303
-56.6199
-57.1512
-57.7573
-58.2853
-58.7324
-59.1371
-59.5432
-60.0025
-60.5692
-61.3082
-62.1292
-62.9758
-63.7123
-64.3296
-64.8597
-65.3457
-65.8104
-66.2974
-66.8393
-67.4217
-68.0141
-68.5759
-69.0681
-69.4915
-56.9276
-52.5366
-51.5056
-51.3575
-51.5839
-51.95
-52.3143
-52.6129
-52.8437
-53.0218
-53.1612
-53.2725
-53.3647
-53.4446
-53.518
-53.5883
-53.6571
-53.7256
-53.7939
-53.863
-53.9333
-54.0053
-54.0799
-54.1582
-54.2441
-54.3406
-54.4489
-54.5696
-54.6989
-54.8346
-54.979
-55.1326
-55.2942
-55.4641
-55.6446
-55.8444
-56.0686
-56.3211
-56.599
-56.8903
-57.1914
-57.5058
-57.8362
-58.1763
-58.5247
-58.8886
-59.2752
-59.694
-60.1508
-60.6364
-61.1329
-61.6224
-62.1123
-62.606
-63.1005
-63.5858
-64.0687
-64.5531
-65.051
-65.5689
-66.1009
-66.6265
-67.1267
-67.5979
-68.0483
-68.4772
-68.8857
-69.2688
-69.6322
-69.9811
-70.3249
-70.6645
-70.9972
-71.3104
-71.5941
-71.8501
-72.0863
-72.3
-72.4999
-72.6814
-72.8451
-72.9999
-73.151
-73.2974
-73.4391
-73.5687
-73.6844
-73.784
-73.8729
-73.9514
-74.0204
-74.0836
-74.14
-74.1901
-74.2396
-74.2907
-74.3414
-74.389
-74.4314
-74.4667
-74.4959
-74.5216
-74.5428
-74.5603
-74.5761
-74.591
-74.6052
-74.6193
-74.6356
-74.6526
-74.6687
-74.6835
-74.6932
-74.7005
-74.7068
-74.7095
-74.7108
-74.7123
-74.7138
-74.7159
-74.7192
-74.7233
-74.7297
-74.7374
-74.7441
-74.7503
-74.7526
-74.7527
-74.7531
-74.7516
-74.7488
-74.7464
-74.7437
-74.7423
-74.7427
-74.7435
-74.7457
-74.7497
-74.7542
-74.7585
-74.7595
-74.7567
-74.7536
-74.7516
-74.7473
-74.744
-74.7414
-74.7393
-74.7383
-74.7374
-74.7388
-74.7429
-74.7471
-74.7509
-74.7551
-74.7554
-74.7508
-74.7455
-74.7426
-74.7393
-74.7347
-74.7315
-74.7304
-74.7291
-74.7264
-74.7249
-74.7294
-74.7345
-74.7381
-74.7401
-74.7402
-74.7387
-74.7344
-74.7297
-74.7264
-74.7233
-74.7186
-74.7169
-74.7182
-74.7192
-74.7168
-74.7153
-74.7191
-74.7232
-74.7272
-74.7298
-74.7294
-74.7263
-74.7228
-74.7185
-74.7137
-74.71
-74.7074
-74.7044
-74.7007
-74.7
-74.7014
-74.7005
-74.7001
-74.7038
-74.706
-74.7084
-74.7111
-74.7124
-74.7107
-74.7077
-74.7036
-74.6989
-74.695
-74.6936
-74.6946
-74.6943
-74.6912
-74.688
-74.6858
-74.6844
-74.6849
-74.69
-74.692
-74.6945
-74.6946
-74.6945
-74.6948
-74.6933
-74.6904
-74.6856
-74.6797
-74.6745
-74.6718
-74.6734
-74.6747
-74.6743
-74.6706
-74.6656
-74.6619
-74.6617
-74.665
-74.6691
-74.6717
-74.6722
-74.6719
-74.6724
-74.6739
-74.6752
-74.6741
-74.6687
-74.6642
-74.662
-74.661
-74.6595
-74.6568
-74.6555
-74.6552
-74.6516
-74.6457
-74.6393
-74.6397
-74.6433
-74.6473
-74.651
-74.6518
-74.6492
-74.6482
-74.649
-74.6513
-74.6495
-74.6451
-74.6415
-74.6411
-74.6409
-74.6395
-74.6358
-74.6321
-74.632
-74.6304
-74.6243
-74.6179
-74.6105
-74.608
-74.6109
-74.6137
-74.6168
-74.621
-74.6256
-74.6265
-74.6277
-74.6294
-74.6276
-74.6262
-74.6226
-74.6204
-74.6204
-74.6202
-74.6188
-74.617
-74.6141
-74.6113
-74.6076
-74.6035
-74.5972
-74.5899
-74.5813
-74.5735
-74.5717
-74.5743
-74.5744
-74.5779
-74.5854
-74.5905
-74.5924
-74.5941
-74.5968
-74.6002
-74.597
-74.5915
-74.591
-74.5918
-74.5914
-74.5907
-74.5877
-74.5812
-74.5777
-74.5755
-74.5727
-74.5689
-74.5611
-74.5534
-74.5452
-74.5374
-74.5325
-74.5297
-74.5288
-74.5297
-74.5302
-74.5326
-74.5376
-74.548
-74.5589
-74.5631
-74.5617
-74.5596
-74.5606
-74.5597
-74.5604
-74.5634
-74.5629
-74.5593
-74.5576
-74.5574
-74.5542
-74.5475
-74.5407
-74.532
-74.5232
-74.5164
-74.5075
-74.4982
-74.4895
-74.4831
-74.478
-74.4758
-74.4728
-74.4716
-74.4705
-74.4694
-74.4688
-74.4762
-74.4862
-74.4936
-74.4973
-74.4976
-74.4962
-74.4954
-74.4928
-74.494
-74.5033
-74.5141
-74.5179
-74.519
-74.5207
-74.5186
-74.5113
-74.5034
-74.498
-74.4966
-74.4931
-74.4834
-74.4707
-74.4572
-74.4473
-74.4364
-74.4211
-74.4088
-74.4004
-74.3941
-74.3903
-74.3951
-74.3989
-74.4012
-74.3992
-74.3949
-74.3933
-74.3953
-74.3983
-74.4023
-74.4052
-74.4126
-74.4218
-74.4246
-74.4224
-74.4192
-74.4212
-74.429
-74.4392
-74.4476
-74.4541
-74.4584
-74.4592
-74.4577
-74.4555
-74.4497
-74.4422
-74.4339
-74.4273
-74.4247
-74.4205
-74.4118
-74.3999
-74.3855
-74.3743
-74.362
-74.3466
-74.3321
-74.3208
-74.3083
-74.2949
-74.2841
-74.2723
-74.2678
-74.2674
-74.2664
-74.27
-74.2793
-74.2847
-74.2914
-74.2998
-74.308
-74.3118
-74.3098
-74.3021
-74.2922
-74.2772
-74.2663
-74.2702
-74.2784
-74.2818
-74.2844
-74.2954
-74.3029
-74.3079
-74.3134
-74.3171
-74.3222
-74.3312
-74.3434
-74.3543
-74.356
-74.3479
-74.3329
-74.3174
-74.3064
-74.3003
-74.2982
-74.2945
-74.2887
-74.2792
-74.2687
-74.2574
-74.2504
-74.2413
-74.2283
-74.216
-74.2108
-74.2063
-74.1977
-74.1869
-74.1742
-74.1604
-74.1523
-74.1478
-74.1399
-74.1255
-74.1095
-74.1007
-74.0955
-74.0888
-74.0797
-74.0722
-74.0745
-74.0846
-74.0898
-74.0857
-74.085
-74.0876
-74.0887
-74.0924
-74.1037
-74.1098
-74.1114
-74.1121
-74.1087
-74.1018
-74.0895
-74.0716
-74.0544
-74.0477
-74.0559
-74.069
-74.0772
-74.0798
-74.0838
-74.0932
-74.1096
-74.119
-74.1185
-74.1159
-74.1106
-74.1023
-74.1009
-74.1009
-74.1019
-74.1021
-74.1
-74.0998
-74.1003
-74.1025
-74.106
-74.1105
-74.1175
-74.1203
-74.1166
-74.1087
-74.1033
-74.0985
-74.0907
-74.0829
-74.0698
-74.051
-74.0297
-74.0125
-73.995
-73.9773
-73.9608
-73.9513
-73.946
-73.9372
-73.9285
-73.9232
-73.9203
-73.9185
-73.9167
-73.9168
-73.9142
-73.9091
-73.9019
-73.8935
-73.8823
-73.8713
-73.861
-73.8513
-73.8441
-73.8326
-73.8154
-73.7937
-73.7688
-73.7427
-73.7275
-73.729
-73.7384
-73.7414
-73.7398
-73.7341
-73.73
-73.7275
-73.7228
-73.717
-73.7065
-73.6926
-73.685
-73.6877
-73.6966
-73.6994
-73.7011
-73.7004
-73.6923
-73.6776
-73.6611
-73.6479
-73.6375
-73.625
-73.6198
-73.6175
-73.6145
-73.6116
-73.6099
-73.6049
-73.5997
-73.5922
-73.5856
-73.5809
-73.5734
-73.5708
-73.5801
-73.5884
-73.5931
-73.5988
-73.5978
-73.59
-73.5826
-73.5746
-73.5671
-73.5573
-73.5518
-73.5479
-73.5456
-73.5469
-73.5432
-73.5364
-73.5289
-73.5163
-73.4987
-73.4786
-73.4786
-73.4911
-73.5014
-73.5052
-73.5042
-73.5011
-73.4917
-73.4766
-73.4572
-73.4351
-73.418
-73.4025
-73.4003
-73.409
-73.4107
-73.4036
-73.3898
-73.3714
-73.3498
-73.326
-73.3056
-73.2903
-73.2729
-73.2526
-73.2379
-73.2329
-73.2279
-73.2173
-73.2014
-73.1818
-73.1596
-73.1388
-73.1347
-73.1325
-73.1243
-73.1105
-73.0926
-73.0745
-73.0641
-73.0532
-73.048
-73.0422
-73.0313
-73.023
-73.0175
-73.0079
-72.9936
-72.9757
-72.9553
-72.9332
-72.9099
-72.8858
-72.861
-72.8358
-72.8104
-72.7848
-72.7591
-72.7333
-72.7076
-72.6819
-72.6563
-72.6309
-72.6056
-72.5804
-72.5554
-72.5306
-72.5061
-72.4817
-72.4575
-72.4336
-72.4099
-72.3865
-72.3633
-72.3403
-72.3176
-72.2951
-72.2728
-72.2508
-72.2291
-72.2076
-72.1863
-72.1653
-72.1445
-72.1239
-72.1036
-72.0835
-72.0636
-72.044
-72.0246
-72.0054
-71.9864
-71.9677
-71.9492
-71.9309
-71.9128
-71.8949
-71.8772
-71.8598
-71.8425
-71.8255
-71.8087
-71.792
-71.7756
-71.7594
-71.7433
-71.7275
-71.7118
-71.6963
-71.6811
-71.666
-71.6511
-71.6363
-71.6218
-71.6074
-71.5932
-71.5792
-71.5653
-71.5516
-71.5381
-71.5248
-71.5116
-71.4986
-71.4857
-71.473
-71.4605
-71.4481
-71.4359
-71.4238
-71.4119
-71.4001
-71.3885
-71.377
-71.3656
-71.3545
-71.3434
-71.3325
-71.3217
-71.3111
-71.3006
-71.2903
-71.2801
-71.27
-71.26
-71.2502
-71.2405
-71.2309
-71.2215
-71.2122
-71.203
-71.1939
-71.1849
-71.1761
-71.1674
-71.1588
-71.1503
-71.1419
-71.1336
-71.1254
-71.1174
-71.1094
-71.1016
-71.0938
-71.0862
-71.0786
-71.0712
-71.0639
-71.0566
-71.0495
-71.0425
-71.0355
-71.0287
-71.0219
-71.0152
-71.0086
-71.0022
-70.9958
-70.9895
-70.9832
-70.9771
-70.971
-70.9651
-70.9592
-70.9534
-70.9476
-70.942
-70.9364
-70.9309
-70.9255
-70.9202
-70.9149
-70.9098
-70.9046
-70.8996
-70.8946
-70.8897
-70.8849
-70.8802
-70.8755
-70.8708
-70.8663
-70.8618
-70.8574
-70.853
-70.8487
-70.8445
-70.8403
-70.8362
-70.8322
-70.8282
-70.8242
-70.8204
-70.8166
-70.8128
-70.8091
-70.8055
-70.8019
-70.7983
-70.7948
-70.7914
-70.788
-70.7847
-70.7814
-70.7782
-70.775
-70.7719
-70.7688
-70.7658
-70.7628
-70.7599
-70.757
-70.7542
-70.7514
-70.7486
-70.7459
-70.7432
-70.7406
-70.738
-70.7355
-70.733
-70.7305
-70.7281
-70.7257
-70.7234
-70.7211
-70.7188
-70.7166
-70.7144
-70.7122
-70.7101
-70.708
-70.706
-70.704
-70.702
-70.7
-70.6981
-70.6963
-70.6944
-70.6926
-70.6908
-70.6891
-70.6874
-70.6857
-70.684
-70.6824
-70.6808
-70.6792
-70.6777
-70.6761
-70.6747
-70.6732
-70.6718
-70.6704
-70.669
-70.6676
-70.6663
-70.665
-70.6637
-70.6625
-70.6612
-70.66
-70.6588
-70.6577
-70.6565
-70.6554
-70.6543
-70.6533
-70.6522
-70.6512
-70.6502
-70.6492
-70.6482
-70.6473
-70.6463
-70.6454
-70.6446
-70.6437
-70.6428
-70.642
-70.6412
-70.6404
-70.6396
-70.6389
-70.6381
-70.6374
-70.6367
-70.636
-70.6353
-70.6346
-70.634
-70.6334
-70.6328
-70.6322
-70.6316
-70.631
-70.6304
-70.6299
-70.6294
-70.6289
-70.6284
-70.6279
-70.6274
-70.6269
-70.6265
-70.6261
-70.6256
-70.6252
-70.6248
-70.6244
-70.6241
-70.6237
-70.6233
-70.623
-70.6227
-70.6223
-70.622
-70.6217
-70.6214
-70.6212
-70.6209
-70.6206
-70.6204
-70.6201
-70.6199
-70.6197
-70.6195
-70.6192
-70.619
-70.6189
-70.6187
-70.6185
-70.6183
-70.6182
-70.618
-70.6179
-70.6178
-70.6176
-70.6175
-70.6174
-70.6173
-70.6172
-70.6171
-70.617
-70.6169
-70.6169
-70.6168
-70.6168
-70.6167
-70.6167
-70.6166
-70.6166
-70.6165
-70.6165
-70.6165
-70.6165
-70.6165
-70.6165
-70.6165
-70.6165
-70.6165
-70.6165
-70.6165
-70.6166
-70.6166
-70.6166
-70.6167
-70.6167
-70.6168
-70.6168
-70.6169
-70.6169
-70.617
-70.617
-70.6171
-70.6172
-70.6173
-70.6174
-70.6174
-70.6175
-70.6176
-70.6177
-70.6178
-70.6179
-70.618
-70.6181
-70.6182
-70.6183
-70.6184
-70.6186
-70.6187
-70.6188
-70.6189
-70.6191
-70.6192
-70.6193
-70.6194
-70.6196
-70.6197
-70.6199
-70.62
-70.6201
-70.6203
-70.6204
-70.6206
-70.6207
-70.6209
-70.621
-70.6212
-70.6214
-70.6215
-70.6217
-70.6218
-70.622
-70.6222
-70.6223
-70.6225
-70.6227
-70.6228
-70.623
-70.6232
-70.6233
-70.6235
-70.6237
-70.6239
-70.624
-70.6242
-70.6244
-70.6246
-70.6247
-70.6249
-70.6251
-70.6253
-70.6255
-70.6257
-70.6258
-70.626
-70.6262
-70.6264
-70.6266
-70.6268
-70.6269
-70.6271
-70.6273
-70.6275
-70.6277
-70.6279
-70.6281
-70.6282
-70.6284
-70.6286
-70.6288
-70.629
-70.6292
-70.6294
-70.6296
-70.6298
-70.6299
-70.6301
-70.6303
-70.6305
-70.6307
-70.6309
-70.6311
-70.6313
-70.6314
-70.6316
-70.6318
-70.632
-70.6322
-70.6324
-70.6326
-70.6328
-70.6329
-70.6331
-70.6333
-70.6335
-70.6337
-70.6339
-70.6341
-70.6342
-70.6344
-70.6346
-70.6348
-70.635
-70.6352
-70.6353
-70.6355
-70.6357
-70.6359
-70.6361
-70.6362
-70.6364
-70.6366
-70.6368
-70.6369
-70.6371
-70.6373
-70.6375
-70.6377
-70.6378
-70.638
-70.6382
-70.6383
-70.6385
-70.6387
-70.6389
-70.639
-70.6392
-70.6394
-70.6395
-70.6397
-70.6399
-70.64
-70.6402
-70.6404
-70.6405
-70.6407
-70.6409
-70.641
-70.6412
-70.6414
-70.6415
-70.6417
-70.6418
-70.642
-70.6422
-70.6423
-70.6425
-70.6426
-70.6428
-70.6429
-70.6431
-70.6432
-70.6434
-70.6435
-70.6437
-70.6438
-70.644
-70.6441
-70.6443
-70.6444
-70.6446
-70.6447
-70.6449
-70.645
-70.6452
-70.6453
-70.6454

