-70
-70.1661
-70.23
-70.2566
-70.2695
-70.2773
-70.283
-70.2879
-70.2925
-70.297
-70.3014
-70.3057
-70.31
-70.3142
-70.3185
-70.3226
-70.3268
-70.3309
-70.335
-70.3391
-70.3431
-70.3471
-70.351
-70.3549
-70.3588
-70.3626
-70.3664
-70.3701
-70.3738
-70.3775
-70.3811
-70.3847
-70.3883
-70.3918
-70.3953
-70.3987
-70.4021
-70.4055
-70.4088
-70.4121
-70.4154
-70.4186
-70.4218
-70.4249
-70.428
-70.4311
-70.4341
-70.4372
-70.4401
-70.4431
-70.446
-70.4489
-70.4517
-70.4545
-70.4573
-70.4601
-70.4628
-70.4655
-70.4682
-70.4708
-70.4734
-70.476
-70.4785
-70.481
-70.4835
-70.486
-70.4884
-70.4908
-70.4932
-70.4955
-70.4978
-70.5001
-70.5024
-70.5046
-70.5068
-70.509
-70.5112
-70.5133
-70.5154
-70.5175
-70.5196
-70.5216
-70.5236
-70.5256
-70.5276
-70.5295
-70.5315
-70.5334
-70.5352
-70.5371
-70.5389
-70.5407
-70.5425
-70.5443
-70.5461
-70.5478
-70.5495
-70.5512
-70.5528
-70.5545
-70.5561
-70.5577
-70.5593
-70.5609
-70.5624
-70.5639
-70.5655
-70.5669
-70.5684
-70.5699
-70.5713
-70.5727
-70.5741
-70.5755
-70.5769
-70.5782
-70.5796
-70.5809
-70.5822
-70.5835
-70.5848
-70.586
-70.5873
-70.5885
-70.5897
-70.5909
-70.5921
-70.5932
-70.5944
-70.5955
-70.5966
-70.5977
-70.5988
-70.5999
-70.601
-70.602
-70.603
-70.6041
-70.6051
-70.6061
-70.6071
-70.608
-70.609
-70.6099
-70.6109
-70.6118
-70.6127
-70.6136
-70.6145
-70.6154
-70.6162
-70.6171
-70.6179
-70.6187
-70.6196
-70.6204
-70.6212
-70.622
-70.6227
-70.6235
-70.6242
-70.625
-70.6257
-70.6265
-70.6272
-70.6279
-70.6286
-70.6293
-70.6299
-70.6306
-70.6313
-70.6319
-70.6325
-70.6332
-70.6338
-70.6344
-70.635
-70.6356
-70.6362
-70.6368
-70.6374
-70.6379
-70.6385
-70.639
-70.6396
-70.6401
-70.6406
-70.6411
-70.6417
-70.6422
-70.6427
-70.6431
-70.6436
-70.6441
-70.6446
-70.645
-70.6455
-70.6459
-70.6464
-70.6468
-70.6472
-70.6476
-70.6481
-70.6485
-70.6489
-70.6493
-70.6497
-70.65
-70.6504
-70.6508
-70.6512
-70.6515
-70.6519
-70.6522
-70.6526
-70.6529
-70.6533
-70.6536
-70.6539
-70.6542
-70.6545
-70.6549
-70.6552
-70.6555
-70.6558
-70.656
-70.6563
-70.6566
-70.6569
-70.6572
-70.6574
-70.6577
-70.658
-70.6582
-70.6585
-70.6587
-70.6589
-70.6592
-70.6594
-70.6597
-70.6599
-70.6601
-70.6603
-70.6605
-70.6607
-70.661
-70.6612
-70.6614
-70.6616
-70.6617
-70.6619
-70.6621
-70.6623
-70.6625
-70.6627
-70.6628
-70.663
-70.6632
-70.6633
-70.6635
-70.6637
-70.6638
-70.664
-70.6641
-70.6643
-70.6644
-70.6646
-70.6647
-70.6648
-70.665
-70.6651
-70.6652
-70.6653
-70.6655
-70.6656
-70.6657
-70.6658
-70.6659
-70.666
-70.6662
-70.6663
-70.6664
-70.6665
-70.6666
-70.6667
-70.6668
-70.6669
-70.667
-70.667
-70.6671
-70.6672
-70.6673
-70.6674
-70.6675
-70.6675
-70.6676
-70.6677
-70.6678
-70.6678
-70.6679
-70.668
-70.668
-70.6681
-70.6682
-70.6682
-70.6683
-70.6683
-70.6684
-70.6685
-70.6685
-70.6686
-70.6686
-70.6687
-70.6687
-70.6688
-70.6688
-70.6688
-70.6689
-70.6689
-70.669
-70.669
-70.669
-70.6691
-70.6691
-70.6691
-70.6692
-70.6692
-70.6692
-70.6693
-70.6693
-70.6693
-70.6694
-70.6694
-70.6694
-70.6694
-70.6694
-70.6695
-70.6695
-70.6695
-70.6695
-70.6695
-70.6696
-70.6696
-70.6696
-70.6696
-70.6696
-70.6696
-70.6696
-70.6697
-70.6697
-70.6697
-70.6697
-70.6697
-70.6697
-70.6697
-70.6697
-70.6697
-70.6697
-70.6697
-70.6697
-70.6697
-70.6697
-70.6697
-70.6697
-70.6697
-70.6697
-70.6697
-70.6697
-70.6697
-70.6697
-70.6697
-70.6697
-70.6697
-70.6697
-70.6697
-70.6697
-70.6697
-70.6697
-70.6697
-70.6697
-70.6697
-70.6697
-70.6697
-70.6696
-70.6696
-70.6696
-70.6696
-70.6696
-70.6696
-70.6696
-70.6696
-70.6696
-70.6695
-70.6695
-70.6695
-70.6695
-70.6695
-70.6695
-70.6695
-70.6695
-70.6694
-70.6694
-70.6694
-70.6694
-70.6694
-70.6694
-70.6693
-70.6693
-70.6693
-70.6693
-70.6693
-70.6693
-70.6693
-70.6692
-70.6692
-70.6692
-70.6692
-70.6692
-70.6691
-70.6691
-70.6691
-70.6691
-70.6691
-70.6691
-70.669
-70.669
-70.669
-70.669
-70.669
-70.6689
-70.6689
-70.6689
-70.6689
-70.6689
-70.6688
-70.6688
-70.6688
-70.6688
-70.6688
-70.6687
-70.6687
-70.6687
-70.6687
-70.6686
-70.6686
-70.6686
-70.6686
-70.6686
-70.6685
-70.6685
-70.6685
-70.6685
-70.6685
-70.6684
-70.6684
-70.6684
-70.6684
-70.6684
-70.6683
-70.6683
-70.6683
-70.6683
-70.6682
-70.6682
-70.6682
-70.6682
-70.6682
-70.6681
-70.6681
-70.6681
-70.6681
-70.6681
-70.6789
-70.8463
-71.5527
-72.5404
-73.322
-73.8251
-74.0872
-74.2159
-66.2428
-54.2452
-51.1095
-49.1902
-46.4237
-29.527
-13.8966
-40.0915
-68.3484
-68.7261
-67.7102
-66.6417
-65.553
-64.4622
-63.3875
-62.3451
-61.3496
-60.3891
-59.4527
-58.6138
-57.8684
-57.2064
-56.6218
-56.1105
-55.6613
-55.2743
-54.9405
-54.6546
-54.4168
-54.221
-54.059
-53.9238
-53.8139
-53.7254
-53.6548
-53.5956
-53.5462
-53.5078
-53.477
-53.4537
-53.4366
-53.4242
-53.4154
-53.4095
-53.4057
-53.4037
-53.3991
-53.3928
-53.3892
-53.3869
-53.385
-53.3847
-53.3856
-53.3871
-53.3892
-53.3915
-53.3941
-53.3968
-53.3961
-53.3954
-53.3958
-53.3972
-53.3991
-53.4013
-53.4013
-53.3994
-53.3988
-53.3993
-53.4006
-53.4021
-53.4036
-53.4051
-53.4064
-53.4074
-53.4079
-53.4038
-53.3979
-53.3921
-53.3879
-53.3841
-53.3776
-53.3567
-53.1836
-53.0941
-53.1307
-53.1835
-53.2268
-53.2577
-53.2786
-53.2926
-53.3026
-53.3107
-53.3184
-53.3267
-53.3365
-53.3487
-53.3645
-53.385
-53.4106
-53.441
-53.4756
-53.5136
-53.5432
-53.4925
-53.4676
-53.4613
-53.4635
-53.4701
-53.4794
-53.4704
-53.4555
-53.4502
-53.4511
-53.4555
-53.4622
-53.4703
-53.4798
-53.4904
-53.5021
-53.515
-53.5291
-53.5446
-53.5614
-53.5797
-53.5996
-53.6213
-53.645
-53.6708
-53.6989
-53.7297
-53.7633
-53.7999
-53.8399
-53.8834
-53.9308
-53.9823
-54.0382
-54.0988
-54.1645
-54.1166
-53.6087
-53.4406
-53.4015
-53.4037
-53.4189
-53.4378
-53.4576
-53.4773
-53.4967
-53.5161
-53.5356
-53.5554
-53.5758
-53.5971
-53.5799
-53.491
-53.4531
-53.4426
-53.4436
-53.4496
-53.4578
-53.4672
-53.4775
-53.4889
-53.5012
-53.5145
-53.5284
-53.5429
-53.5584
-53.5748
-53.5925
-53.6115
-53.632
-53.6546
-53.6805
-53.7111
-53.7444
-53.7793
-53.8161
-53.8555
-53.8978
-53.9434
-53.9926
-54.0457
-53.628
-53.4357
-53.3887
-53.3867
-53.398
-53.413
-53.4286
-53.4439
-53.4589
-53.4736
-53.4882
-53.5036
-53.5202
-53.5376
-53.5559
-53.5747
-53.5943
-53.615
-53.6369
-53.6604
-53.6857
-53.7132
-53.7453
-53.7827
-53.8224
-53.8667
-53.914
-53.9638
-54.0165
-54.0728
-54.1332
-54.1981
-54.2676
-54.3458
-54.4399
-54.5391
-54.6425
-54.7575
-54.8777
-55.0021
-55.1319
-55.2681
-55.4111
-55.5607
-55.7174
-55.9012
-56.1095
-56.3182
-56.5272
-56.7548
-56.9883
-57.2199
-57.4512
-57.6838
-55.5904
-53.2582
-52.7883
-52.7664
-52.8536
-52.9562
-53.0486
-53.1261
-53.1893
-53.2408
-53.2831
-53.3184
-53.3482
-53.3738
-53.3962
-53.4167
-53.4363
-53.4547
-53.472
-53.4888
-53.5061
-53.5242
-53.5427
-53.5617
-53.5816
-53.6028
-53.628
-53.656
-53.6851
-53.7157
-53.7503
-53.7883
-53.8287
-53.8717
-53.918
-53.968
-54.022
-54.0866
-54.161
-54.2385
-54.3196
-54.4106
-54.5074
-54.6084
-54.5786
-53.5801
-53.3202
-53.2765
-53.2902
-53.3179
-53.3473
-53.3751
-53.4008
-53.4244
-53.4459
-53.466
-53.4851
-53.5054
-53.533
-53.5707
-53.6129
-53.6581
-53.7069
-53.7543
-53.7999
-53.8479
-53.9073
-53.9834
-54.0766
-54.1879
-54.2991
-54.4156
-54.5326
-54.6466
-54.7628
-54.8871
-55.0327
-55.2082
-55.4182
-55.6515
-55.8937
-56.1388
-56.3862
-56.6376
-56.8973
-57.169
-57.464
-57.7934
-58.1631
-58.5669
-58.9896
-59.4163
-59.8473
-60.2796
-60.7158
-61.155
-61.6032
-62.0766
-62.585
-63.1234
-63.6769
-64.2194
-64.743
-65.2504
-65.7379
-66.2056
-66.6576
-67.1066
-67.5675
-68.0333
-68.5043
-68.9613
-69.3849
-69.7749
-70.1363
-70.4668
-70.7686
-71.0486
-71.3197
-71.5901
-71.8535
-72.1118
-72.3554
-72.5737
-72.7681
-72.9433
-73.0977
-73.2331
-73.3552
-73.4731
-73.5889
-73.7005
-73.8078
-73.9085
-73.9977
-74.075
-74.143
-74.2014
-74.2503
-74.2922
-74.3325
-74.3744
-74.4157
-74.4564
-74.495
-74.5298
-74.5594
-74.5845
-74.6054
-74.6214
-74.6329
-74.6432
-74.6538
-74.6671
-74.6811
-74.6953
-74.7087
-74.7201
-74.7297
-74.7372
-74.7427
-74.7452
-74.7463
-74.7471
-74.7487
-74.7531
-74.7579
-74.7637
-74.7697
-74.7737
-74.7758
-74.777
-74.7775
-74.7763
-74.7746
-74.7721
-74.7701
-74.771
-74.773
-74.7751
-74.7777
-74.7805
-74.7811
-74.7808
-74.7795
-74.7782
-74.7764
-74.7743
-74.7725
-74.7714
-74.7718
-74.7727
-74.7733
-74.7743
-74.7757
-74.7748
-74.7731
-74.7697
-74.7669
-74.7663
-74.7641
-74.7631
-74.7629
-74.7619
-74.7624
-74.7634
-74.7638
-74.7657
-74.7664
-74.764
-74.7609
-74.7584
-74.756
-74.7542
-74.7531
-74.752
-74.7519
-74.7515
-74.7516
-74.7522
-74.7518
-74.7527
-74.754
-74.7523
-74.7497
-74.7472
-74.743
-74.7391
-74.7384
-74.7386
-74.7371
-74.7373
-74.7392
-74.7403
-74.7398
-74.7391
-74.7409
-74.743
-74.7418
-74.7399
-74.7365
-74.7313
-74.7271
-74.7244
-74.7256
-74.7237
-74.7206
-74.7218
-74.7244
-74.7251
-74.7246
-74.7249
-74.7283
-74.7301
-74.729
-74.7257
-74.7216
-74.717
-74.7134
-74.7106
-74.7105
-74.7085
-74.7064
-74.7051
-74.7072
-74.7084
-74.7091
-74.7104
-74.713
-74.7173
-74.7172
-74.7146
-74.7123
-74.7094
-74.7051
-74.7
-74.6957
-74.6928
-74.6905
-74.6901
-74.6893
-74.6873
-74.6862
-74.6891
-74.6929
-74.6958
-74.6996
-74.6994
-74.6974
-74.6965
-74.6978
-74.6961
-74.6918
-74.6865
-74.6813
-74.6758
-74.6725
-74.6728
-74.6719
-74.6694
-74.6661
-74.6656
-74.6722
-74.6769
-74.6798
-74.6826
-74.6815
-74.6793
-74.6801
-74.6817
-74.6794
-74.6755
-74.6712
-74.6659
-74.6592
-74.6537
-74.655
-74.6552
-74.6524
-74.6488
-74.647
-74.6471
-74.6486
-74.649
-74.6517
-74.6563
-74.6585
-74.6587
-74.6605
-74.6601
-74.659
-74.6569
-74.6538
-74.6499
-74.6436
-74.6352
-74.6322
-74.633
-74.6347
-74.6359
-74.634
-74.6306
-74.6287
-74.6272
-74.6246
-74.6242
-74.6282
-74.6323
-74.6338
-74.6329
-74.633
-74.6331
-74.6319
-74.6306
-74.6277
-74.6259
-74.6236
-74.6193
-74.6145
-74.6131
-74.6133
-74.6146
-74.6151
-74.6113
-74.6056
-74.6016
-74.5986
-74.5956
-74.5917
-74.5916
-74.5982
-74.6028
-74.6038
-74.6016
-74.5985
-74.5966
-74.5943
-74.5916
-74.5903
-74.5912
-74.5888
-74.5873
-74.5884
-74.5919
-74.592
-74.5897
-74.5873
-74.5867
-74.585
-74.581
-74.578
-74.5755
-74.571
-74.5672
-74.5636
-74.5626
-74.5659
-74.566
-74.565
-74.563
-74.5611
-74.5614
-74.5605
-74.5566
-74.5514
-74.5474
-74.547
-74.5479
-74.5454
-74.5467
-74.5519
-74.5574
-74.5594
-74.5575
-74.5531
-74.5469
-74.5424
-74.5392
-74.5375
-74.5392
-74.5378
-74.5338
-74.5276
-74.5239
-74.5213
-74.5194
-74.5153
-74.5103
-74.5057
-74.5036
-74.507
-74.5087
-74.5084
-74.5079
-74.5081
-74.5082
-74.5044
-74.4992
-74.4949
-74.4886
-74.4892
-74.494
-74.497
-74.4946
-74.489
-74.4853
-74.4889
-74.4921
-74.492
-74.4889
-74.4844
-74.4854
-74.4906
-74.4937
-74.4955
-74.4918
-74.4843
-74.4768
-74.4696
-74.4658
-74.462
-74.4574
-74.4542
-74.449
-74.4426
-74.4393
-74.442
-74.4496
-74.4583
-74.4616
-74.4594
-74.4528
-74.4459
-74.4359
-74.4284
-74.4293
-74.4294
-74.4227
-74.4158
-74.4121
-74.4104
-74.4064
-74.4007
-74.3966
-74.3926
-74.3911
-74.391
-74.3915
-74.3938
-74.4021
-74.4158
-74.4254
-74.4284
-74.4255
-74.4199
-74.4146
-74.41
-74.4047
-74.4007
-74.3978
-74.391
-74.38
-74.3711
-74.3638
-74.3591
-74.3564
-74.3568
-74.3578
-74.3567
-74.3563
-74.3624
-74.3646
-74.3594
-74.3473
-74.3363
-74.3258
-74.3199
-74.315
-74.3126
-74.3148
-74.3177
-74.3177
-74.3098
-74.301
-74.293
-74.2832
-74.274
-74.2602
-74.2481
-74.2435
-74.2443
-74.2462
-74.2453
-74.2435
-74.246
-74.2452
-74.2438
-74.256
-74.2744
-74.2913
-74.2999
-74.3028
-74.3039
-74.3016
-74.3014
-74.3014
-74.3039
-74.309
-74.3137
-74.3142
-74.3082
-74.2961
-74.2837
-74.2728
-74.2611
-74.2543
-74.2504
-74.2495
-74.2479
-74.2413
-74.2289
-74.2148
-74.2054
-74.1999
-74.1971
-74.1913
-74.1783
-74.1603
-74.1445
-74.1404
-74.1401
-74.1486
-74.1626
-74.1693
-74.1675
-74.1631
-74.1573
-74.1467
-74.1339
-74.125
-74.1155
-74.1053
-74.1009
-74.0992
-74.0937
-74.0809
-74.0657
-74.0556
-74.0517
-74.0438
-74.0395
-74.0378
-74.0292
-74.0162
-74.0057
-73.9958
-73.9844
-73.9697
-73.9533
-73.9424
-73.9555
-73.984
-74.0141
-74.0349
-74.0485
-74.0551
-74.0575
-74.0616
-74.0652
-74.0672
-74.0677
-74.0664
-74.0644
-74.0711
-74.0761
-74.0715
-74.0643
-74.0711
-74.0859
-74.1019
-74.1116
-74.1217
-74.1346
-74.1405
-74.1359
-74.1242
-74.1149
-74.1057
-74.0915
-74.0722
-74.049
-74.0241
-74.0018
-73.9822
-73.9631
-73.9493
-73.9337
-73.919
-73.9088
-73.9025
-73.8924
-73.8767
-73.8665
-73.8631
-73.8586
-73.8478
-73.8426
-73.8477
-73.8544
-73.8633
-73.8679
-73.8629
-73.8527
-73.8456
-73.8432
-73.8405
-73.8308
-73.8189
-73.8069
-73.797
-73.7878
-73.7777
-73.7719
-73.7699
-73.7683
-73.7687
-73.7715
-73.7701
-73.7607
-73.7481
-73.7381
-73.7323
-73.7249
-73.7125
-73.7053
-73.6984
-73.6911
-73.6807
-73.6648
-73.6455
-73.6316
-73.6268
-73.627
-73.6232
-73.6121
-73.5983
-73.5856
-73.5693
-73.549
-73.526
-73.511
-73.508
-73.5048
-73.4948
-73.4788
-73.4585
-73.4446
-73.4384
-73.4292
-73.4216
-73.4111
-73.4029
-73.4023
-73.3974
-73.3903
-73.3864
-73.3845
-73.3802
-73.3768
-73.3682
-73.3572
-73.3569
-73.355
-73.3463
-73.3317
-73.3128
-73.2911
-73.2743
-73.262
-73.2576
-73.2587
-73.2548
-73.2472
-73.2436
-73.2443
-73.2416
-73.2433
-73.2503
-73.2616
-73.2746
-73.2791
-73.2745
-73.2631
-73.2472
-73.2359
-73.2308
-73.2282
-73.2204
-73.2103
-73.2039
-73.1987
-73.2053
-73.2092
-73.205
-73.1939
-73.178
-73.1587
-73.1371
-73.1138
-73.09
-73.0748
-73.0617
-73.0456
-73.0263
-73.0047
-72.9814
-72.957
-72.9318
-72.9061
-72.88
-72.8538
-72.8274
-72.801
-72.7746
-72.7482
-72.722
-72.6958
-72.6698
-72.644
-72.6183
-72.5964
-72.5867
-72.5778
-72.5653
-72.5496
-72.5316
-72.512
-72.4914
-72.4701
-72.4484
-72.4265
-72.4045
-72.3824
-72.3603
-72.3382
-72.3163
-72.2945
-72.2728
-72.2513
-72.23
-72.2088
-72.1897
-72.1856
-72.1847
-72.1903
-72.2011
-72.206
-72.2042
-72.2062
-72.2156
-72.2204
-72.2188
-72.2123
-72.2024
-72.19
-72.1759
-72.1607
-72.1446
-72.1279
-72.1108
-72.0934
-72.0758
-72.0581
-72.0403
-72.0225
-72.0047
-71.987
-71.9693
-71.9517
-71.9343
-71.917
-71.8998
-71.8827
-71.8658
-71.8491
-71.8325
-71.8161
-71.7998
-71.7837
-71.7678
-71.7521
-71.7365
-71.7211
-71.7059
-71.6909
-71.676
-71.6613
-71.6467
-71.6324
-71.6182
-71.6041
-71.5903
-71.5766
-71.563
-71.5497
-71.5365
-71.5234
-71.5105
-71.4978
-71.4852
-71.4727
-71.4605
-71.4483
-71.4363
-71.4245
-71.4128
-71.4013
-71.3899
-71.3786
-71.3675
-71.3565
-71.3457
-71.335
-71.3244
-71.314
-71.3037
-71.2935
-71.2835
-71.2736
-71.2638
-71.2542
-71.2446
-71.2352
-71.2259
-71.2168
-71.2077
-71.1988
-71.19
-71.1813
-71.1727
-71.1642
-71.1558
-71.1476
-71.1394
-71.1314
-71.1234
-71.1156
-71.1079
-71.1002
-71.0927
-71.0853
-71.0779
-71.0707
-71.0635
-71.0565
-71.0495
-71.0427
-71.0359
-71.0292
-71.0227
-71.0162
-71.0097
-71.0034
-70.9972
-70.991
-70.9849
-70.979
-70.9731
-70.9672
-70.9615
-70.9558
-70.9502
-70.9447
-70.9393
-70.9339
-70.9286
-70.9234
-70.9183
-70.9132
-70.9082
-70.9033
-70.8984
-70.8936
-70.8889
-70.8842
-70.8796
-70.8751
-70.8707
-70.8663
-70.8619
-70.8576
-70.8534
-70.8493
-70.8452
-70.8412
-70.8372
-70.8333
-70.8294
-70.8256
-70.8219
-70.8182
-70.8145
-70.811
-70.8074
-70.804
-70.8005
-70.7972
-70.7938
-70.7906
-70.7873
-70.7842
-70.781
-70.7779
-70.7749
-70.7719
-70.769
-70.7661
-70.7632
-70.7604
-70.7577
-70.755
-70.7523
-70.7496
-70.747
-70.7445
-70.742
-70.7395
-70.7371
-70.7347
-70.7323
-70.73
-70.7277
-70.7255
-70.7233
-70.7211
-70.719
-70.7169
-70.7148
-70.7127
-70.7108
-70.7088
-70.7069
-70.705
-70.7031
-70.7012
-70.6994
-70.6977
-70.6959
-70.6942
-70.6925
-70.6909
-70.6892
-70.6876
-70.6861
-70.6845
-70.683
-70.6815
-70.6801
-70.6786
-70.6772
-70.6758
-70.6745
-70.6731
-70.6718
-70.6705
-70.6693
-70.668
-70.6668
-70.6656
-70.6645
-70.6633
-70.6622
-70.6611
-70.66
-70.6589
-70.6579
-70.6569
-70.6559
-70.6549
-70.6539
-70.653
-70.6521
-70.6512
-70.6503
-70.6494
-70.6486
-70.6477
-70.6469
-70.6461
-70.6454
-70.6446
-70.6439
-70.6431
-70.6424
-70.6417
-70.641
-70.6404
-70.6397
-70.6391
-70.6385
-70.6379
-70.6373
-70.6367
-70.6361
-70.6356
-70.635
-70.6345
-70.634
-70.6335
-70.633
-70.6325
-70.6321
-70.6316
-70.6312
-70.6308
-70.6304
-70.63
-70.6296
-70.6292
-70.6288
-70.6285
-70.6281
-70.6278
-70.6275
-70.6271
-70.6268
-70.6265
-70.6262
-70.626
-70.6257
-70.6254
-70.6252
-70.625
-70.6247
-70.6245
-70.6243
-70.6241
-70.6239
-70.6237
-70.6235
-70.6233
-70.6232
-70.623
-70.6228
-70.6227
-70.6226
-70.6224
-70.6223
-70.6222
-70.6221
-70.622
-70.6219
-70.6218
-70.6217
-70.6216
-70.6215
-70.6215
-70.6214
-70.6213
-70.6213
-70.6212
-70.6212
-70.6212
-70.6211
-70.6211
-70.6211
-70.6211
-70.6211
-70.6211
-70.6211
-70.6211
-70.6211
-70.6211
-70.6211
-70.6211
-70.6211
-70.6212
-70.6212
-70.6212
-70.6213
-70.6213
-70.6214
-70.6214
-70.6215
-70.6215
-70.6216
-70.6217
-70.6217
-70.6218
-70.6219
-70.622
-70.622
-70.6221
-70.6222
-70.6223
-70.6224
-70.6225
-70.6226
-70.6227
-70.6228
-70.6229
-70.623
-70.6231
-70.6232
-70.6233
-70.6234
-70.6236
-70.6237
-70.6238
-70.6239
-70.624
-70.6242
-70.6243
-70.6244
-70.6246
-70.6247
-70.6248
-70.625
-70.6251
-70.6252
-70.6254
-70.6255
-70.6257
-70.6258
-70.626
-70.6261
-70.6263
-70.6264
-70.6266
-70.6267
-70.6269
-70.627
-70.6272
-70.6273
-70.6275
-70.6276
-70.6278
-70.628
-70.6281
-70.6283
-70.6284
-70.6286
-70.6288
-70.6289
-70.6291
-70.6293
-70.6294
-70.6296
-70.6298
-70.6299
-70.6301
-70.6303
-70.6304
-70.6306
-70.6308
-70.6309
-70.6311
-70.6313
-70.6314
-70.6316
-70.6318
-70.6319
-70.6321
-70.6323
-70.6325
-70.6326
-70.6328
-70.633
-70.6331
-70.6333
-70.6335
-70.6336
-70.6338
-70.634
-70.6342
-70.6343
-70.6345
-70.6347
-70.6348
-70.635
-70.6352
-70.6353
-70.6355
-70.6357
-70.6359
-70.636
-70.6362
-70.6364
-70.6365
-70.6367
-70.6369
-70.637
-70.6372
-70.6374
-70.6375
-70.6377
-70.6379
-70.638
-70.6382
-70.6383
-70.6385
-70.6387
-70.6388
-70.639
-70.6392
-70.6393
-70.6395
-70.6396
-70.6398
-70.64
-70.6401
-70.6403
-70.6404
-70.6406
-70.6407
-70.6409
-70.6411
-70.6412
-70.6414
-70.6415
-70.6417
-70.6418
-70.642
-70.6421
-70.6423
-70.6424
-70.6426
-70.6427
-70.6429
-70.643
-70.6432
-70.6433
-70.6435
-70.6436
-70.6438
-70.6439
-70.644
-70.6442
-70.6443
-70.6445
-70.6446
-70.6448

