-70
-70.2123
-70.2926
-70.3252
-70.3404
-70.3491
-70.3555
-70.3609
-70.3659
-70.3708
-70.3757
-70.3805
-70.3853
-70.39
-70.3948
-70.3995
-70.4042
-70.4088
-70.4134
-70.4179
-70.4224
-70.4269
-70.4313
-70.4357
-70.44
-70.4443
-70.4485
-70.4527
-70.4569
-70.461
-70.465
-70.469
-70.473
-70.4769
-70.4808
-70.4846
-70.4884
-70.4921
-70.4958
-70.4995
-70.5031
-70.5067
-70.5102
-70.5137
-70.5172
-70.5206
-70.524
-70.5273
-70.5306
-70.5339
-70.5371
-70.5403
-70.5434
-70.5465
-70.5496
-70.5526
-70.5556
-70.5586
-70.5615
-70.5644
-70.5673
-70.5701
-70.5729
-70.5757
-70.5784
-70.5811
-70.5838
-70.5864
-70.589
-70.5916
-70.5941
-70.5966
-70.5991
-70.6016
-70.604
-70.6064
-70.6087
-70.6111
-70.6134
-70.6157
-70.6179
-70.6201
-70.6223
-70.6245
-70.6266
-70.6287
-70.6308
-70.6329
-70.6349
-70.6369
-70.6389
-70.6409
-70.6428
-70.6448
-70.6466
-70.6485
-70.6503
-70.6522
-70.654
-70.6557
-70.6575
-70.6592
-70.6609
-70.6626
-70.6643
-70.6659
-70.6675
-70.6691
-70.6707
-70.6723
-70.6738
-70.6754
-70.6769
-70.6783
-70.6798
-70.6812
-70.6827
-70.6841
-70.6855
-70.6868
-70.6882
-70.6895
-70.6908
-70.6921
-70.6934
-70.6947
-70.6959
-70.6972
-70.6984
-70.6996
-70.7008
-70.702
-70.7031
-70.7042
-70.7054
-70.7065
-70.7076
-70.7087
-70.7097
-70.7108
-70.7118
-70.7128
-70.7138
-70.7148
-70.7158
-70.7168
-70.7177
-70.7187
-70.7196
-70.7205
-70.7214
-70.7223
-70.7232
-70.7241
-70.7249
-70.7258
-70.7266
-70.7274
-70.7282
-70.729
-70.7298
-70.7306
-70.7314
-70.7321
-70.7329
-70.7336
-70.7343
-70.735
-70.7357
-70.7364
-70.7371
-70.7378
-70.7384
-70.7391
-70.7397
-70.7404
-70.741
-70.7416
-70.7422
-70.7428
-70.7434
-70.744
-70.7446
-70.7451
-70.7457
-70.7462
-70.7468
-70.7473
-70.7478
-70.7484
-70.7489
-70.7494
-70.7499
-70.7504
-70.7508
-70.7513
-70.7518
-70.7522
-70.7527
-70.7531
-70.7536
-70.754
-70.7544
-70.7549
-70.7553
-70.7557
-70.7561
-70.7565
-70.7569
-70.7573
-70.7576
-70.758
-70.7584
-70.7587
-70.7591
-70.7594
-70.7598
-70.7601
-70.7605
-70.7608
-70.7611
-70.7614
-70.7617
-70.7621
-70.7624
-70.7627
-70.763
-70.7632
-70.7635
-70.7638
-70.7641
-70.7644
-70.7646
-70.7649
-70.7651
-70.7654
-70.7656
-70.7659
-70.7661
-70.7664
-70.7666
-70.7668
-70.7671
-70.7673
-70.7675
-70.7677
-70.7679
-70.7681
-70.7684
-70.7686
-70.7688
-70.769
-70.7691
-70.7693
-70.7695
-70.7697
-70.7699
-70.7701
-70.7702
-70.7704
-70.7706
-70.7707
-70.7709
-70.7711
-70.7712
-70.7714
-70.7715
-70.7717
-70.7718
-70.772
-70.7721
-70.7722
-70.7724
-70.7725
-70.7726
-70.7728
-70.7729
-70.773
-70.7731
-70.7733
-70.7734
-70.7735
-70.7736
-70.7737
-70.7738
-70.7739
-70.774
-70.7741
-70.7742
-70.7743
-70.7744
-70.7745
-70.7746
-70.7747
-70.7748
-70.7749
-70.775
-70.7751
-70.7751
-70.7752
-70.7753
-70.7754
-70.7755
-70.7755
-70.7756
-70.7757
-70.7758
-70.7758
-70.7759
-70.776
-70.776
-70.7761
-70.7762
-70.7762
-70.7763
-70.7763
-70.7764
-70.7765
-70.7765
-70.7766
-70.7766
-70.7767
-70.7767
-70.7768
-70.7768
-70.7769
-70.7769
-70.777
-70.777
-70.7771
-70.7771
-70.7771
-70.7772
-70.7772
-70.7773
-70.7773
-70.7773
-70.7774
-70.7774
-70.7774
-70.7775
-70.7775
-70.7775
-70.7776
-70.7776
-70.7776
-70.7777
-70.7777
-70.7777
-70.7777
-70.7778
-70.7778
-70.7778
-70.7778
-70.7779
-70.7779
-70.7779
-70.7779
-70.778
-70.778
-70.778
-70.778
-70.778
-70.7781
-70.7781
-70.7781
-70.7781
-70.7781
-70.7781
-70.7782
-70.7782
-70.7782
-70.7782
-70.7782
-70.7782
-70.7782
-70.7783
-70.7783
-70.7783
-70.7783
-70.7783
-70.7783
-70.7783
-70.7783
-70.7783
-70.7783
-70.7784
-70.7784
-70.7784
-70.7784
-70.7784
-70.7784
-70.7784
-70.7784
-70.7784
-70.7784
-70.7784
-70.7784
-70.7784
-70.7784
-70.7784
-70.7784
-70.7784
-70.7784
-70.7784
-70.7785
-70.7785
-70.7785
-70.7785
-70.7785
-70.7785
-70.7785
-70.7785
-70.7785
-70.7785
-70.7785
-70.7785
-70.7785
-70.7785
-70.7785
-70.7785
-70.7785
-70.7785
-70.7785
-70.7785
-70.7785
-70.7785
-70.7785
-70.7785
-70.7785
-70.7785
-70.7785
-70.7785
-70.7785
-70.7785
-70.7785
-70.7784
-70.7784
-70.7784
-70.7784
-70.7784
-70.7784
-70.7784
-70.7784
-70.7784
-70.7784
-70.7784
-70.7784
-70.7784
-70.7784
-70.7784
-70.7784
-70.7784
-70.7784
-70.7784
-70.7784
-70.7784
-70.7784
-70.7784
-70.7784
-70.7784
-70.7784
-70.7784
-70.7784
-70.7784
-70.7783
-70.7783
-70.7783
-70.7783
-70.7783
-70.7783
-70.7783
-70.7792
-70.9085
-71.4862
-72.3947
-73.2194
-73.7464
-74.0357
-74.1779
-74.2467
-74.2806
-74.3027
-74.3416
-74.4044
-74.48
-74.5462
-74.5895
-74.6129
-74.6212
-74.6201
-74.6137
-74.6059
-74.6089
-74.6291
-74.6645
-74.6997
-74.7226
-74.7312
-74.7294
-74.7215
-74.71
-74.6965
-74.6818
-74.6668
-74.6508
-74.6331
-74.6138
-74.593
-74.5707
-74.5469
-74.5217
-74.4952
-74.4676
-74.439
-74.4094
-74.3791
-74.348
-74.3163
-74.2839
-74.2511
-74.2178
-74.1841
-74.1501
-74.1159
-74.0814
-74.0468
-74.0121
-73.9773
-73.9426
-73.9078
-73.8731
-73.8384
-73.8039
-73.7695
-73.7353
-73.7012
-73.6673
-73.6336
-73.6002
-73.567
-73.534
-73.5013
-73.4689
-73.4367
-73.4048
-73.3732
-73.3419
-73.3108
-73.2801
-73.2496
-73.2195
-73.1896
-73.16
-73.1307
-73.1018
-73.0731
-73.0446
-73.0165
-72.9887
-72.9612
-72.9339
-72.9069
-72.8802
-72.8538
-72.8277
-72.8019
-72.7763
-72.751
-72.726
-72.7012
-72.6767
-72.6525
-72.6286
-72.6049
-72.5814
-72.5583
-72.5353
-72.5127
-72.4903
-72.4681
-72.4462
-72.4245
-72.4031
-72.3819
-72.361
-72.3404
-72.3199
-72.2997
-72.2797
-72.26
-72.2405
-72.2212
-72.2021
-72.1833
-72.1647
-72.1463
-72.1281
-72.1101
-72.0923
-72.0747
-72.0574
-72.0402
-72.0233
-72.0065
-71.9899
-71.9736
-71.9574
-71.9414
-71.9256
-71.91
-71.8946
-71.8794
-71.8643
-71.8494
-71.8347
-71.8202
-71.8059
-71.7917
-71.7777
-71.7639
-71.7502
-71.7367
-71.7234
-71.7102
-71.6972
-71.6844
-71.6717
-71.6591
-71.6468
-71.6345
-71.6224
-71.6105
-71.5987
-71.5871
-71.5756
-71.5643
-71.553
-71.542
-71.531
-71.5203
-71.5096
-71.5003
-71.5085
-71.522
-71.5306
-71.534
-71.5334
-71.5302
-71.5251
-71.5188
-71.5116
-71.504
-71.5081
-71.5362
-71.5635
-71.5814
-71.5913
-71.5953
-71.5954
-71.5928
-71.5883
-71.5824
-71.5775
-71.5903
-71.61
-71.6239
-71.6312
-71.6333
-71.632
-71.6282
-71.6228
-71.6162
-71.6087
-71.6061
-71.6222
-71.6391
-71.6494
-71.6538
-71.6539
-71.6511
-71.6462
-71.6399
-71.6327
-71.6247
-71.6217
-71.638
-71.6548
-71.6651
-71.6694
-71.6694
-71.6665
-71.6615
-71.6551
-71.6478
-71.6397
-71.6333
-71.6461
-71.6641
-71.6762
-71.6819
-71.6829
-71.6806
-71.676
-71.6699
-71.6627
-71.6547
-71.6462
-71.6465
-71.6636
-71.6797
-71.6892
-71.6929
-71.6924
-71.6891
-71.6838
-71.6772
-71.6697
-71.6614
-71.653
-71.6549
-71.6714
-71.6872
-71.6965
-71.7001
-71.6996
-71.6962
-71.6909
-71.6842
-71.6766
-71.6683
-71.6596
-71.6592
-71.6716
-71.6882
-71.6994
-71.7045
-71.705
-71.7023
-71.6975
-71.6912
-71.6838
-71.6763
-71.6847
-71.7019
-71.7143
-71.7204
-71.7216
-71.7194
-71.7148
-71.7086
-71.7013
-71.6932
-71.6846
-71.6909
-71.7087
-71.7221
-71.7289
-71.7307
-71.7288
-71.7244
-71.7184
-71.7111
-71.703
-71.6943
-71.6854
-71.6937
-71.7289
-71.7659
-71.7915
-71.8064
-71.8136
-71.8155
-71.8138
-71.8096
-71.8049
-71.8409
-71.9637
-72.1993
-72.4728
-72.7111
-72.8706
-72.9685
-73.0271
-73.0642
-73.1395
-73.3048
-73.5321
-73.7848
-73.9855
-74.1292
-74.2123
-74.2548
-74.2776
-74.2949
-74.3354
-74.4045
-74.4803
-74.552
-74.6012
-74.6303
-74.6434
-74.6456
-74.6407
-74.6369
-74.6434
-74.6597
-74.6813
-74.7069
-74.7263
-74.7357
-74.7382
-74.7344
-74.7261
-74.7166
-74.7123
-74.7155
-74.7229
-74.735
-74.7472
-74.7548
-74.7561
-74.7532
-74.7466
-74.7369
-74.7283
-74.7255
-74.7274
-74.7335
-74.7434
-74.7519
-74.7564
-74.7559
-74.7519
-74.7436
-74.7329
-74.7254
-74.723
-74.7245
-74.7314
-74.741
-74.7488
-74.7527
-74.7524
-74.7486
-74.7416
-74.7322
-74.7258
-74.7232
-74.7233
-74.7283
-74.7344
-74.7405
-74.7435
-74.7437
-74.7409
-74.7357
-74.7296
-74.7252
-74.7234
-74.7224
-74.7249
-74.7293
-74.7341
-74.7377
-74.7383
-74.737
-74.7333
-74.7273
-74.722
-74.7199
-74.718
-74.7173
-74.7199
-74.7228
-74.7269
-74.73
-74.7313
-74.7301
-74.727
-74.7217
-74.7183
-74.7185
-74.7172
-74.716
-74.7175
-74.7185
-74.7206
-74.7225
-74.7223
-74.7207
-74.7175
-74.7134
-74.7093
-74.7101
-74.7115
-74.712
-74.7138
-74.715
-74.715
-74.7163
-74.7174
-74.7167
-74.7145
-74.71
-74.7067
-74.7056
-74.7056
-74.7061
-74.7071
-74.7076
-74.7075
-74.7058
-74.705
-74.7066
-74.7074
-74.7056
-74.7017
-74.6989
-74.7006
-74.7018
-74.701
-74.702
-74.7032
-74.7037
-74.7027
-74.7001
-74.6986
-74.7015
-74.7022
-74.6983
-74.6936
-74.6919
-74.6919
-74.6923
-74.6914
-74.6908
-74.6901
-74.691
-74.6916
-74.6909
-74.6892
-74.6925
-74.6957
-74.6944
-74.6921
-74.6895
-74.6874
-74.6873
-74.6866
-74.6864
-74.6846
-74.6813
-74.6802
-74.6817
-74.6821
-74.6815
-74.6824
-74.6846
-74.6849
-74.6835
-74.6806
-74.6766
-74.6752
-74.6744
-74.6736
-74.6733
-74.6712
-74.6681
-74.6662
-74.6699
-74.6747
-74.6746
-74.6743
-74.6791
-74.6814
-74.6797
-74.6758
-74.6726
-74.6693
-74.6676
-74.6657
-74.6621
-74.6584
-74.6545
-74.6523
-74.6531
-74.6552
-74.6562
-74.6571
-74.6609
-74.6669
-74.6692
-74.667
-74.6632
-74.6616
-74.66
-74.6575
-74.6538
-74.6491
-74.6452
-74.6418
-74.6427
-74.6434
-74.6443
-74.6439
-74.6439
-74.6468
-74.6515
-74.657
-74.6602
-74.6587
-74.6552
-74.6533
-74.6509
-74.6465
-74.6407
-74.6335
-74.6273
-74.6237
-74.623
-74.6213
-74.621
-74.6224
-74.6245
-74.6257
-74.6262
-74.629
-74.6344
-74.6408
-74.6443
-74.6441
-74.6423
-74.6407
-74.6364
-74.6303
-74.625
-74.6199
-74.6151
-74.6124
-74.6088
-74.6055
-74.604
-74.6064
-74.6094
-74.6096
-74.6107
-74.6117
-74.6139
-74.6146
-74.6173
-74.6235
-74.6262
-74.6253
-74.6225
-74.6173
-74.6101
-74.6058
-74.6018
-74.597
-74.5912
-74.5841
-74.5799
-74.5791
-74.579
-74.5778
-74.5766
-74.5793
-74.5862
-74.5885
-74.5889
-74.59
-74.591
-74.5947
-74.6009
-74.6029
-74.602
-74.6006
-74.5993
-74.5964
-74.5928
-74.5895
-74.5856
-74.5788
-74.5715
-74.5647
-74.5616
-74.5578
-74.552
-74.5475
-74.5474
-74.5492
-74.5535
-74.5554
-74.5558
-74.5584
-74.5608
-74.5603
-74.5602
-74.5684
-74.5734
-74.572
-74.5651
-74.5602
-74.5647
-74.5653
-74.5604
-74.5554
-74.5535
-74.5506
-74.5444
-74.5369
-74.5282
-74.5166
-74.5075
-74.5055
-74.505
-74.5051
-74.5085
-74.513
-74.5153
-74.516
-74.5184
-74.5232
-74.526
-74.5285
-74.5322
-74.5334
-74.5351
-74.5344
-74.5326
-74.5325
-74.5319
-74.5316
-74.5281
-74.5258
-74.5273
-74.5291
-74.5249
-74.5143
-74.5037
-74.4952
-74.4858
-74.4751
-74.4653
-74.4569
-74.4531
-74.4512
-74.4548
-74.4612
-74.4632
-74.4608
-74.4594
-74.4597
-74.4688
-74.4779
-74.4828
-74.483
-74.4824
-74.4813
-74.4794
-74.4781
-74.4761
-74.4754
-74.4742
-74.4736
-74.4776
-74.4795
-74.4765
-74.4687
-74.4605
-74.4532
-74.4481
-74.4438
-74.4397
-74.4331
-74.4236
-74.4108
-74.3996
-74.3912
-74.3827
-74.3776
-74.3789
-74.3869
-74.3955
-74.4016
-74.4044
-74.3992
-74.3947
-74.4013
-74.4133
-74.4202
-74.419
-74.4173
-74.4142
-74.4092
-74.4042
-74.4027
-74.4038
-74.4122
-74.4175
-74.4166
-74.4124
-74.409
-74.4058
-74.4057
-74.4032
-74.3957
-74.3871
-74.3797
-74.3752
-74.3722
-74.37
-74.3665
-74.3594
-74.3495
-74.3401
-74.3327
-74.3264
-74.3191
-74.3167
-74.3158
-74.314
-74.3127
-74.3118
-74.3127
-74.3128
-74.3128
-74.3107
-74.312
-74.3154
-74.3139
-74.3126
-74.316
-74.316
-74.3098
-74.3009
-74.2931
-74.2847
-74.2759
-74.2761
-74.2843
-74.2952
-74.3023
-74.3022
-74.3068
-74.311
-74.3117
-74.306
-74.2978
-74.2864
-74.2749
-74.2628
-74.2557
-74.2505
-74.2511
-74.2511
-74.2462
-74.2371
-74.2265
-74.2251
-74.2308
-74.2324
-74.228
-74.2268
-74.2219
-74.2098
-74.1983
-74.1911
-74.1834
-74.1787
-74.1707
-74.1613
-74.1594
-74.1649
-74.173
-74.1775
-74.1767
-74.173
-74.1666
-74.1644
-74.1705
-74.1754
-74.1738
-74.1646
-74.1518
-74.1386
-74.1301
-74.1277
-74.1276
-74.1314
-74.13
-74.1261
-74.1158
-74.1052
-74.0991
-74.0985
-74.1005
-74.0997
-74.0978
-74.0956
-74.0992
-74.1074
-74.1134
-74.1127
-74.105
-74.0904
-74.0745
-74.0654
-74.0617
-74.059
-74.0598
-74.06
-74.057
-74.0498
-74.0396
-74.0242
-74.004
-73.9887
-73.9913
-74.0092
-74.0264
-74.0399
-74.0428
-74.0354
-74.0259
-74.0244
-74.0226
-74.0159
-74.0083
-74.0059
-74.0112
-74.0223
-74.032
-74.0357
-74.036
-74.0298
-74.0209
-74.0111
-73.997
-73.9797
-73.9725
-73.9703
-73.9703
-73.9691
-73.9663
-73.9573
-73.9434
-73.9366
-73.9345
-73.9275
-73.9136
-73.8972
-73.8901
-73.8933
-73.8935
-73.8938
-73.9011
-73.906
-73.9022
-73.8963
-73.8912
-73.8876
-73.8826
-73.8712
-73.8558
-73.8417
-73.8293
-73.8136
-73.7968
-73.7816
-73.7716
-73.7631
-73.7552
-73.7464
-73.7444
-73.7435
-73.7362
-73.7232
-73.725
-73.7348
-73.748
-73.758
-73.7645
-73.7737
-73.7827
-73.7849
-73.7834
-73.7755
-73.7614
-73.744
-73.7319
-73.7273
-73.7207
-73.7096
-73.7037
-73.697
-73.6843
-73.6737
-73.668
-73.6577
-73.6417
-73.6238
-73.6085
-73.5908
-73.5709
-73.5551
-73.5379
-73.5173
-73.499
-73.4852
-73.4755
-73.4627
-73.4454
-73.4312
-73.4174
-73.406
-73.3978
-73.3959
-73.3957
-73.3894
-73.3766
-73.3591
-73.3383
-73.3152
-73.2953
-73.2804
-73.268
-73.2673
-73.2656
-73.2573
-73.2432
-73.225
-73.2039
-73.181
-73.1611
-73.1491
-73.1545
-73.1719
-73.1894
-73.2
-73.2004
-73.1928
-73.181
-73.1846
-73.2019
-73.2198
-73.2294
-73.2376
-73.2392
-73.2331
-73.2211
-73.205
-73.1861
-73.1726
-73.1621
-73.1497
-73.1429
-73.135
-73.1226
-73.1115
-73.1153
-73.1175
-73.1124
-73.1012
-73.0856
-73.067
-73.0463
-73.0242
-73.001
-72.9771
-72.9526
-72.9278
-72.9028
-72.8775
-72.8531
-72.8487
-72.8531
-72.852
-72.8443
-72.8316
-72.8154
-72.797
-72.777
-72.7602
-72.7533
-72.7453
-72.7334
-72.7183
-72.7007
-72.6816
-72.6613
-72.6405
-72.6294
-72.6243
-72.6162
-72.6043
-72.5894
-72.5723
-72.5539
-72.5346
-72.5212
-72.5322
-72.5445
-72.5488
-72.5457
-72.5374
-72.5262
-72.5253
-72.5263
-72.5288
-72.5373
-72.5409
-72.5379
-72.53
-72.5184
-72.5045
-72.5
-72.501
-72.4981
-72.4905
-72.4793
-72.4655
-72.45
-72.4333
-72.4158
-72.3977
-72.3792
-72.3604
-72.3414
-72.3224
-72.3033
-72.2842
-72.2652
-72.2462
-72.2273
-72.2085
-72.1899
-72.1713
-72.153
-72.1348
-72.1167
-72.0989
-72.0812
-72.0636
-72.0463
-72.0291
-72.0122
-71.9954
-71.9788
-71.9623
-71.9461
-71.9301
-71.9142
-71.8985
-71.883
-71.8677
-71.8526
-71.8376
-71.8229
-71.8083
-71.7938
-71.7796
-71.7655
-71.7516
-71.7379
-71.7243
-71.7109
-71.6977
-71.6846
-71.6717
-71.659
-71.6464
-71.634
-71.6217
-71.6096
-71.5976
-71.5858
-71.5741
-71.5626
-71.5512
-71.54
-71.5289
-71.5179
-71.5071
-71.4965
-71.4859
-71.4755
-71.4653
-71.4551
-71.4451
-71.4352
-71.4255
-71.4159
-71.4064
-71.397
-71.3878
-71.3786
-71.3696
-71.3607
-71.3519
-71.3433
-71.3347
-71.3263
-71.318
-71.3098
-71.3017
-71.2937
-71.2859
-71.2781
-71.2704
-71.2629
-71.2554
-71.2481
-71.2408
-71.2337
-71.2266
-71.2196
-71.2127
-71.206
-71.1993
-71.1927
-71.1862
-71.1798
-71.1734
-71.1672
-71.161
-71.1549
-71.149
-71.143
-71.1372
-71.1315
-71.1258
-71.1202
-71.1147
-71.1093
-71.1039
-71.0986
-71.0934
-71.0883
-71.0832
-71.0782
-71.0733
-71.0684
-71.0636
-71.0589
-71.0543
-71.0497
-71.0452
-71.0407
-71.0363
-71.032
-71.0277
-71.0235
-71.0194
-71.0153
-71.0112
-71.0073
-71.0034
-70.9995
-70.9957
-70.992
-70.9883
-70.9846
-70.981
-70.9775
-70.974
-70.9706
-70.9672
-70.9639
-70.9606
-70.9574
-70.9542
-70.951
-70.948
-70.9449
-70.9419
-70.939
-70.936
-70.9332
-70.9303
-70.9276
-70.9248
-70.9221
-70.9195
-70.9169
-70.9143
-70.9117
-70.9092
-70.9068
-70.9044
-70.902
-70.8996
-70.8973
-70.895
-70.8928
-70.8906
-70.8884
-70.8863
-70.8842
-70.8821
-70.88
-70.878
-70.876
-70.8741
-70.8722
-70.8703
-70.8684
-70.8666
-70.8648
-70.8631
-70.8613
-70.8596
-70.8579
-70.8563
-70.8546
-70.853
-70.8514
-70.8499
-70.8484
-70.8469
-70.8454
-70.8439
-70.8425
-70.8411
-70.8397
-70.8383
-70.837
-70.8357
-70.8344
-70.8331
-70.8319
-70.8306
-70.8294
-70.8282
-70.8271
-70.8259
-70.8248
-70.8237
-70.8226
-70.8215
-70.8205
-70.8194
-70.8184
-70.8174
-70.8164
-70.8155
-70.8145
-70.8136
-70.8127
-70.8118
-70.8109
-70.81
-70.8092
-70.8083
-70.8075
-70.8067
-70.8059
-70.8051
-70.8044
-70.8036
-70.8029
-70.8022
-70.8014
-70.8007
-70.8001
-70.7994
-70.7987
-70.7981
-70.7974
-70.7968
-70.7962
-70.7956
-70.795
-70.7944
-70.7939
-70.7933
-70.7928
-70.7922
-70.7917
-70.7912
-70.7907
-70.7902
-70.7897
-70.7893
-70.7888
-70.7883
-70.7879
-70.7875
-70.787
-70.7866
-70.7862
-70.7858
-70.7854
-70.785
-70.7846
-70.7843
-70.7839
-70.7835
-70.7832
-70.7829
-70.7825
-70.7822
-70.7819
-70.7816
-70.7813
-70.781
-70.7807
-70.7804
-70.7801
-70.7798
-70.7796
-70.7793
-70.779
-70.7788
-70.7786
-70.7783
-70.7781
-70.7779
-70.7776
-70.7774
-70.7772
-70.777
-70.7768
-70.7766
-70.7764
-70.7762
-70.7761
-70.7759
-70.7757
-70.7755
-70.7754
-70.7752
-70.7751
-70.7749
-70.7748
-70.7746
-70.7745
-70.7743
-70.7742
-70.7741
-70.774
-70.7738
-70.7737
-70.7736
-70.7735
-70.7734
-70.7733
-70.7732
-70.7731
-70.773
-70.7729
-70.7728
-70.7727
-70.7726
-70.7726
-70.7725
-70.7724
-70.7723
-70.7723
-70.7722
-70.7721
-70.7721
-70.772
-70.772
-70.7719
-70.7719
-70.7718
-70.7718
-70.7717
-70.7717
-70.7716
-70.7716
-70.7715
-70.7715
-70.7715
-70.7714
-70.7714
-70.7714
-70.7714
-70.7713
-70.7713
-70.7713
-70.7713
-70.7712
-70.7712
-70.7712
-70.7712
-70.7712
-70.7712
-70.7712
-70.7711
-70.7711
-70.7711
-70.7711
-70.7711
-70.7711
-70.7711
-70.7711
-70.7711
-70.7711
-70.7711
-70.7711
-70.7711
-70.7711
-70.7711
-70.7711
-70.7711
-70.7712
-70.7712
-70.7712
-70.7712
-70.7712
-70.7712
-70.7712
-70.7712
-70.7713
-70.7713
-70.7713
-70.7713
-70.7713
-70.7713
-70.7714
-70.7714
-70.7714
-70.7714
-70.7714
-70.7715
-70.7715
-70.7715
-70.7715
-70.7715
-70.7716
-70.7716
-70.7716
-70.7716
-70.7717
-70.7717
-70.7717
-70.7717
-70.7718
-70.7718
-70.7718
-70.7718
-70.7719
-70.7719
-70.7719
-70.772
-70.772
-70.772
-70.772
-70.7721
-70.7721
-70.7721
-70.7722
-70.7722
-70.7722
-70.7723
-70.7723
-70.7723
-70.7723
-70.7724
-70.7724
-70.7724
-70.7725
-70.7725
-70.7725
-70.7726
-70.7726
-70.7726
-70.7727
-70.7727
-70.7727
-70.7728
-70.7728
-70.7728
-70.7728
-70.7729
-70.7729
-70.7729
-70.773
-70.773
-70.773
-70.7731
-70.7731
-70.7731
-70.7732
-70.7732
-70.7732
-70.7733
-70.7733
-70.7733
-70.7733
-70.7734
-70.7734
-70.7734
-70.7735
-70.7735
-70.7735
-70.7736

