-70
-70.1661
-70.23
-70.2566
-70.2695
-70.2773
-70.283
-70.2879
-70.2925
-70.297
-70.3014
-70.3057
-70.31
-70.3142
-70.3185
-70.3226
-70.3268
-70.3309
-70.335
-70.3391
-70.3431
-70.3471
-70.351
-70.3549
-70.3588
-70.3626
-70.3664
-70.3701
-70.3738
-70.3775
-70.3811
-70.3847
-70.3883
-70.3918
-70.3953
-70.3987
-70.4021
-70.4055
-70.4088
-70.4121
-70.4154
-70.4186
-70.4218
-70.4249
-70.428
-70.4311
-70.4341
-70.4372
-70.4401
-70.4431
-70.446
-70.4489
-70.4517
-70.4545
-70.4573
-70.4601
-70.4628
-70.4655
-70.4682
-70.4708
-70.4734
-70.476
-70.4785
-70.481
-70.4835
-70.486
-70.4884
-70.4908
-70.4932
-70.4955
-70.4978
-70.5001
-70.5024
-70.5046
-70.5068
-70.509
-70.5112
-70.5133
-70.5154
-70.5175
-70.5196
-70.5216
-70.5236
-70.5256
-70.5276
-70.5295
-70.5315
-70.5334
-70.5352
-70.5371
-70.5389
-70.5407
-70.5425
-70.5443
-70.5461
-70.5478
-70.5495
-70.5512
-70.5528
-70.5545
-70.5561
-70.5577
-70.5593
-70.5609
-70.5624
-70.5639
-70.5655
-70.5669
-70.5684
-70.5699
-70.5713
-70.5727
-70.5741
-70.5755
-70.5769
-70.5782
-70.5796
-70.5809
-70.5822
-70.5835
-70.5848
-70.586
-70.5873
-70.5885
-70.5897
-70.5909
-70.5921
-70.5932
-70.5944
-70.5955
-70.5966
-70.5977
-70.5988
-70.5999
-70.601
-70.602
-70.603
-70.6041
-70.6051
-70.6061
-70.6071
-70.608
-70.609
-70.6099
-70.6109
-70.6118
-70.6127
-70.6136
-70.6145
-70.6154
-70.6162
-70.6171
-70.6179
-70.6187
-70.6196
-70.6204
-70.6212
-70.622
-70.6227
-70.6235
-70.6242
-70.625
-70.6257
-70.6265
-70.6272
-70.6279
-70.6286
-70.6293
-70.6299
-70.6306
-70.6313
-70.6319
-70.6325
-70.6332
-70.6338
-70.6344
-70.635
-70.6356
-70.6362
-70.6368
-70.6374
-70.6379
-70.6385
-70.639
-70.6396
-70.6401
-70.6406
-70.6411
-70.6417
-70.6422
-70.6427
-70.6431
-70.6436
-70.6441
-70.6446
-70.645
-70.6455
-70.6459
-70.6464
-70.6468
-70.6472
-70.6476
-70.6481
-70.6485
-70.6489
-70.6493
-70.6497
-70.65
-70.6504
-70.6508
-70.6512
-70.6515
-70.6519
-70.6522
-70.6526
-70.6529
-70.6533
-70.6536
-70.6539
-70.6542
-70.6545
-70.6549
-70.6552
-70.6555
-70.6558
-70.656
-70.6563
-70.6566
-70.6569
-70.6572
-70.6574
-70.6577
-70.658
-70.6582
-70.6585
-70.6587
-70.6589
-70.6592
-70.6594
-70.6597
-70.6599
-70.6601
-70.6603
-70.6605
-70.6607
-70.661
-70.6612
-70.6614
-70.6616
-70.6617
-70.6619
-70.6621
-70.6623
-70.6625
-70.6627
-70.6628
-70.663
-70.6632
-70.6633
-70.6635
-70.6637
-70.6638
-70.664
-70.6641
-70.6643
-70.6644
-70.6646
-70.6647
-70.6648
-70.665
-70.6651
-70.6652
-70.6653
-70.6655
-70.6656
-70.6657
-70.6658
-70.6659
-70.666
-70.6662
-70.6663
-70.6664
-70.6665
-70.6666
-70.6667
-70.6668
-70.6669
-70.667
-70.667
-70.6671
-70.6672
-70.6673
-70.6674
-70.6675
-70.6675
-70.6676
-70.6677
-70.6678
-70.6678
-70.6679
-70.668
-70.668
-70.6681
-70.6682
-70.6682
-70.6683
-70.6683
-70.6684
-70.6685
-70.6685
-70.6686
-70.6686
-70.6687
-70.6687
-70.6688
-70.6688
-70.6688
-70.6689
-70.6689
-70.669
-70.669
-70.669
-70.6691
-70.6691
-70.6691
-70.6692
-70.6692
-70.6692
-70.6693
-70.6693
-70.6693
-70.6694
-70.6694
-70.6694
-70.6694
-70.6694
-70.6695
-70.6695
-70.6695
-70.6695
-70.6695
-70.6696
-70.6696
-70.6696
-70.6696
-70.6696
-70.6696
-70.6696
-70.6697
-70.6697
-70.6697
-70.6697
-70.6697
-70.6697
-70.6697
-70.6697
-70.6697
-70.6697
-70.6697
-70.6697
-70.6697
-70.6697
-70.6697
-70.6697
-70.6697
-70.6697
-70.6697
-70.6697
-70.6697
-70.6697
-70.6697
-70.6697
-70.6697
-70.6697
-70.6697
-70.6697
-70.6697
-70.6697
-70.6697
-70.6697
-70.6697
-70.6697
-70.6697
-70.6696
-70.6696
-70.6696
-70.6696
-70.6696
-70.6696
-70.6696
-70.6696
-70.6696
-70.6695
-70.6695
-70.6695
-70.6695
-70.6695
-70.6695
-70.6695
-70.6695
-70.6694
-70.6694
-70.6694
-70.6694
-70.6694
-70.6694
-70.6693
-70.6693
-70.6693
-70.6693
-70.6693
-70.6693
-70.6693
-70.6692
-70.6692
-70.6692
-70.6692
-70.6692
-70.6691
-70.6691
-70.6691
-70.6691
-70.6691
-70.6691
-70.669
-70.669
-70.669
-70.669
-70.669
-70.6689
-70.6689
-70.6689
-70.6689
-70.6689
-70.6688
-70.6688
-70.6688
-70.6688
-70.6688
-70.6687
-70.6687
-70.6687
-70.6687
-70.6686
-70.6686
-70.6686
-70.6686
-70.6686
-70.6685
-70.6685
-70.6685
-70.6685
-70.6685
-70.6684
-70.6684
-70.6684
-70.6684
-70.6684
-70.6683
-70.6683
-70.6683
-70.6683
-70.6682
-70.6682
-70.6682
-70.6682
-70.6682
-70.6681
-70.6681
-70.6681
-70.6681
-70.6681
-70.6742
-71.0162
-71.8854
-72.8285
-73.4953
-63.8484
-53.7316
-50.9589
-49.1298
-46.5225
-32.7483
-11.6049
-38.4121
-67.7902
-68.6268
-67.6186
-66.5522
-65.4668
-64.3804
-63.3109
-62.2752
-61.2888
-60.3642
-59.5048
-58.6358
-57.8577
-57.177
-56.5894
-56.0812
-55.6424
-55.2592
-54.9284
-54.6441
-54.4086
-54.2159
-54.0586
-53.9273
-53.8169
-53.7253
-53.6514
-53.5939
-53.5497
-53.516
-53.4885
-53.4648
-53.4449
-53.4291
-53.4183
-53.4113
-53.4071
-53.405
-53.4034
-53.3994
-53.3962
-53.3923
-53.3905
-53.3906
-53.3919
-53.3939
-53.3964
-53.3993
-53.4025
-53.4018
-53.3999
-53.3976
-53.3952
-53.3947
-53.3956
-53.3972
-53.3994
-53.4017
-53.4043
-53.407
-53.4097
-53.4125
-53.4154
-53.4182
-53.4128
-53.4073
-53.4043
-53.3996
-53.3967
-53.3954
-53.3947
-53.3939
-53.3924
-53.3893
-53.383
-53.3668
-53.2698
-52.9479
-52.9306
-53.0077
-53.0866
-53.1472
-53.1891
-53.2171
-53.2364
-53.251
-53.2639
-53.3212
-53.3705
-53.3919
-53.4018
-53.4109
-53.4176
-53.4216
-53.4251
-53.429
-53.4337
-53.4395
-53.4465
-53.455
-53.4647
-53.4756
-53.4877
-53.5012
-53.5162
-53.5328
-53.5511
-53.5714
-53.5937
-53.6182
-53.6452
-53.6748
-53.7073
-53.7429
-53.782
-53.8247
-53.8714
-53.9223
-53.9778
-53.9156
-53.5853
-53.4686
-53.4394
-53.4405
-53.4486
-53.4283
-53.4192
-53.4207
-53.4274
-53.4364
-53.4464
-53.457
-53.4679
-53.4792
-53.491
-53.5032
-53.5162
-53.5299
-53.5445
-53.5601
-53.5767
-53.5947
-53.614
-53.6348
-53.6573
-53.6817
-53.7083
-53.7372
-53.7686
-53.8028
-53.84
-53.8803
-53.9241
-53.9716
-54.0231
-54.0788
-54.1392
-54.2043
-53.9675
-53.5161
-53.3901
-53.368
-53.3769
-53.3944
-53.4137
-53.4127
-53.4009
-53.3999
-53.4049
-53.4126
-53.4212
-53.43
-53.4388
-53.4477
-53.4566
-53.4658
-53.4752
-53.485
-53.4954
-53.5066
-53.519
-53.5322
-53.5461
-53.5611
-53.5771
-53.5944
-53.6132
-53.6335
-53.6555
-53.6795
-53.7069
-53.7378
-53.7707
-53.8059
-53.8437
-53.8845
-53.9286
-53.9762
-54.0276
-54.0831
-54.1429
-54.2102
-54.2865
-54.3666
-53.9153
-53.4372
-53.325
-53.3142
-53.3304
-53.3522
-53.3738
-53.3938
-53.4121
-53.4296
-53.4384
-53.4162
-53.4066
-53.406
-53.4096
-53.4147
-53.4206
-53.4265
-53.4322
-53.438
-53.444
-53.4507
-53.4574
-53.4641
-53.4707
-53.4773
-53.4839
-53.4904
-53.4968
-53.5029
-53.5084
-53.5133
-53.5178
-53.5231
-53.5263
-53.5259
-53.5205
-53.5077
-53.4834
-53.4392
-53.3553
-53.1651
-52.3376
-48.1025
-46.6292
-47.0981
-48.4808
-49.912
-50.8924
-51.4502
-51.764
-51.967
-52.7431
-53.8473
-54.0167
-53.9713
-53.8904
-53.8146
-53.7522
-53.698
-53.6524
-53.6158
-53.5877
-53.5669
-53.5526
-53.5441
-53.5403
-53.5407
-53.5446
-53.5517
-53.5618
-53.5747
-53.5905
-53.6092
-53.6306
-53.655
-53.6824
-53.7133
-53.7484
-53.7873
-53.8297
-53.8758
-53.9261
-53.9809
-54.0406
-54.1056
-54.1772
-54.2606
-54.3609
-54.4747
-54.5938
-54.717
-54.8455
-54.9799
-55.1223
-55.2802
-55.4777
-55.7095
-55.9613
-56.2278
-56.4972
-56.7701
-57.0471
-57.3325
-57.6347
-57.9734
-58.3656
-58.787
-59.2282
-59.6848
-60.1377
-60.586
-61.034
-61.4844
-61.9436
-62.422
-62.9319
-63.4637
-64.0034
-64.5486
-65.0825
-65.5944
-66.0822
-66.5501
-67.0032
-67.4503
-67.9021
-68.3575
-68.8031
-69.2337
-69.6441
-70.0273
-70.3778
-70.6971
-70.9899
-71.2639
-71.5276
-71.7919
-72.0469
-72.288
-72.5108
-72.716
-72.9022
-73.0666
-73.2112
-73.3388
-73.4555
-73.5683
-73.6812
-73.7882
-73.8886
-73.9789
-74.0608
-74.1344
-74.198
-74.2518
-74.2969
-74.3368
-74.3761
-74.4177
-74.4582
-74.4958
-74.5291
-74.5584
-74.5851
-74.6073
-74.6249
-74.638
-74.6486
-74.6591
-74.6728
-74.6879
-74.7028
-74.7153
-74.7256
-74.7345
-74.7425
-74.7479
-74.7511
-74.7519
-74.7523
-74.7547
-74.7598
-74.7663
-74.7717
-74.775
-74.7773
-74.7793
-74.7811
-74.7813
-74.7805
-74.7792
-74.7777
-74.778
-74.7807
-74.7845
-74.787
-74.7871
-74.786
-74.7856
-74.7849
-74.7838
-74.7817
-74.7798
-74.7783
-74.7777
-74.779
-74.7813
-74.784
-74.7842
-74.782
-74.7794
-74.7783
-74.7768
-74.7748
-74.7728
-74.7717
-74.7713
-74.7726
-74.7742
-74.7761
-74.7776
-74.7771
-74.7743
-74.7706
-74.7678
-74.7648
-74.7622
-74.7602
-74.7589
-74.7597
-74.7625
-74.7648
-74.7664
-74.7684
-74.7688
-74.767
-74.7626
-74.7591
-74.756
-74.7521
-74.7497
-74.7476
-74.7469
-74.7496
-74.754
-74.7569
-74.7579
-74.7589
-74.7585
-74.7566
-74.7519
-74.7462
-74.7428
-74.7395
-74.736
-74.7339
-74.7327
-74.735
-74.7402
-74.7456
-74.7488
-74.7491
-74.7487
-74.7477
-74.7456
-74.7411
-74.7348
-74.7306
-74.7277
-74.7239
-74.72
-74.7201
-74.7226
-74.7272
-74.732
-74.7359
-74.7372
-74.7366
-74.7348
-74.733
-74.7306
-74.7252
-74.7193
-74.7164
-74.7145
-74.7088
-74.7054
-74.7057
-74.7103
-74.7154
-74.7206
-74.7233
-74.7249
-74.7244
-74.7235
-74.7221
-74.7207
-74.7159
-74.709
-74.7057
-74.7038
-74.701
-74.6966
-74.6922
-74.6902
-74.6927
-74.6981
-74.7038
-74.7061
-74.7069
-74.7066
-74.7063
-74.7071
-74.708
-74.7047
-74.698
-74.6923
-74.6895
-74.6879
-74.6879
-74.6852
-74.6801
-74.6789
-74.6801
-74.6833
-74.6872
-74.6884
-74.6889
-74.6882
-74.6876
-74.69
-74.6926
-74.6935
-74.691
-74.6846
-74.6779
-74.6732
-74.6716
-74.6693
-74.6664
-74.6629
-74.6618
-74.6632
-74.6629
-74.664
-74.6648
-74.6645
-74.6648
-74.664
-74.6626
-74.6659
-74.6719
-74.6755
-74.6744
-74.671
-74.6657
-74.6624
-74.6595
-74.6545
-74.65
-74.6465
-74.6457
-74.648
-74.6472
-74.6458
-74.6433
-74.6412
-74.6404
-74.6409
-74.6414
-74.6394
-74.6399
-74.6459
-74.6508
-74.6531
-74.6536
-74.6507
-74.6469
-74.6436
-74.6381
-74.6335
-74.6279
-74.6221
-74.6219
-74.6236
-74.6213
-74.6184
-74.617
-74.6138
-74.6113
-74.6095
-74.6102
-74.6085
-74.6079
-74.6117
-74.6162
-74.6209
-74.625
-74.629
-74.6304
-74.6276
-74.6224
-74.6176
-74.6155
-74.6132
-74.6087
-74.6051
-74.6048
-74.6047
-74.5991
-74.5914
-74.5895
-74.5859
-74.5829
-74.5783
-74.5744
-74.574
-74.5738
-74.5739
-74.5736
-74.5767
-74.5867
-74.596
-74.5991
-74.5989
-74.5989
-74.5958
-74.5902
-74.5838
-74.5794
-74.5757
-74.5728
-74.5715
-74.5723
-74.5759
-74.5745
-74.5672
-74.5585
-74.5556
-74.5518
-74.5465
-74.5408
-74.5328
-74.524
-74.5211
-74.5208
-74.5203
-74.5206
-74.5272
-74.5369
-74.5476
-74.5566
-74.5619
-74.561
-74.5575
-74.5531
-74.5467
-74.5436
-74.5437
-74.5432
-74.5399
-74.5363
-74.5354
-74.5378
-74.5415
-74.5426
-74.5359
-74.5247
-74.5169
-74.5145
-74.5107
-74.5082
-74.5026
-74.4931
-74.4821
-74.472
-74.4624
-74.4535
-74.4507
-74.4528
-74.4575
-74.4703
-74.4803
-74.4889
-74.5
-74.5059
-74.5059
-74.5037
-74.5022
-74.4981
-74.49
-74.4846
-74.4814
-74.4772
-74.4773
-74.4811
-74.4812
-74.4813
-74.4862
-74.4882
-74.4825
-74.4723
-74.4641
-74.4621
-74.4627
-74.4589
-74.4517
-74.447
-74.4398
-74.4294
-74.4183
-74.4047
-74.3902
-74.3775
-74.3729
-74.3735
-74.3699
-74.3651
-74.3587
-74.3642
-74.379
-74.3909
-74.3941
-74.3966
-74.4015
-74.4105
-74.4141
-74.4138
-74.4121
-74.4121
-74.4116
-74.4126
-74.4086
-74.4026
-74.4034
-74.4043
-74.4071
-74.4041
-74.3986
-74.3999
-74.4039
-74.4088
-74.4093
-74.4016
-74.3891
-74.3807
-74.3776
-74.3764
-74.3706
-74.3652
-74.3627
-74.3562
-74.3462
-74.3407
-74.3332
-74.3196
-74.3061
-74.3012
-74.3001
-74.2969
-74.2869
-74.2715
-74.2551
-74.2447
-74.2376
-74.2301
-74.2296
-74.2337
-74.2359
-74.2377
-74.2415
-74.245
-74.251
-74.2562
-74.2584
-74.2612
-74.2645
-74.2668
-74.2698
-74.2718
-74.274
-74.2751
-74.2811
-74.2923
-74.2978
-74.3002
-74.2993
-74.2975
-74.2919
-74.2861
-74.2835
-74.2834
-74.2838
-74.2799
-74.2708
-74.2564
-74.2411
-74.2365
-74.2387
-74.2454
-74.2523
-74.2549
-74.2527
-74.2477
-74.2465
-74.2448
-74.237
-74.2223
-74.2041
-74.1859
-74.1754
-74.169
-74.1576
-74.1429
-74.1294
-74.1203
-74.1156
-74.1089
-74.0978
-74.0877
-74.0799
-74.0746
-74.0664
-74.0572
-74.0446
-74.0267
-74.0091
-73.9938
-73.9769
-73.9714
-73.9789
-73.9864
-73.9932
-74.0022
-74.009
-74.0066
-73.9954
-73.9806
-73.9682
-73.9593
-73.9633
-73.9815
-73.997
-74.0092
-74.0162
-74.0228
-74.033
-74.0371
-74.0337
-74.0263
-74.0255
-74.0339
-74.0375
-74.0413
-74.0479
-74.0503
-74.0491
-74.0484
-74.0458
-74.038
-74.0275
-74.014
-74.0053
-74.0061
-74.0189
-74.0317
-74.0395
-74.0429
-74.0496
-74.0573
-74.0562
-74.0461
-74.0295
-74.0124
-73.9937
-73.973
-73.9617
-73.9573
-73.9479
-73.9355
-73.9307
-73.9264
-73.9248
-73.9266
-73.9278
-73.9375
-73.9451
-73.9504
-73.9533
-73.9504
-73.9527
-73.9604
-73.9683
-73.967
-73.959
-73.9495
-73.9394
-73.9247
-73.9061
-73.8913
-73.8813
-73.8788
-73.8764
-73.8695
-73.8603
-73.8455
-73.8256
-73.8021
-73.7759
-73.7485
-73.7257
-73.7029
-73.6779
-73.6654
-73.6665
-73.6654
-73.6563
-73.6404
-73.6197
-73.5956
-73.5741
-73.5578
-73.5454
-73.5298
-73.5119
-73.4974
-73.4808
-73.4603
-73.4367
-73.4109
-73.3902
-73.379
-73.3766
-73.3725
-73.3619
-73.3456
-73.3253
-73.3021
-73.277
-73.2505
-73.2231
-73.195
-73.1664
-73.1375
-73.1084
-73.0818
-73.0773
-73.0859
-73.0889
-73.0927
-73.098
-73.1029
-73.1049
-73.1076
-73.1053
-73.1191
-73.147
-73.17
-73.1801
-73.1793
-73.1708
-73.157
-73.1395
-73.1194
-73.0981
-73.0848
-73.0744
-73.0703
-73.0645
-73.0547
-73.0535
-73.0695
-73.083
-73.0862
-73.0807
-73.0689
-73.0529
-73.0339
-73.0129
-73.004
-73.0076
-73.007
-72.9994
-72.9938
-72.9919
-72.9958
-72.9964
-72.9902
-72.9783
-72.9624
-72.9436
-72.9228
-72.9006
-72.8775
-72.8536
-72.8292
-72.8044
-72.7794
-72.7542
-72.7289
-72.7125
-72.718
-72.7226
-72.7198
-72.7107
-72.6971
-72.6804
-72.6617
-72.6416
-72.6204
-72.5986
-72.5763
-72.5538
-72.531
-72.5081
-72.4851
-72.4621
-72.4392
-72.4164
-72.3937
-72.3711
-72.3497
-72.3423
-72.3395
-72.3329
-72.3223
-72.3087
-72.293
-72.2759
-72.2579
-72.2393
-72.2203
-72.2011
-72.1817
-72.1623
-72.1429
-72.1235
-72.1042
-72.0849
-72.0658
-72.0469
-72.028
-72.0094
-71.9909
-71.9726
-71.9544
-71.9364
-71.9186
-71.901
-71.8836
-71.8664
-71.8494
-71.8325
-71.8159
-71.7994
-71.7831
-71.767
-71.7511
-71.7354
-71.7199
-71.7045
-71.6893
-71.6743
-71.6595
-71.6449
-71.6304
-71.6161
-71.602
-71.588
-71.5742
-71.5606
-71.5472
-71.5339
-71.5208
-71.5078
-71.495
-71.4824
-71.4699
-71.4575
-71.4453
-71.4333
-71.4214
-71.4097
-71.3981
-71.3866
-71.3753
-71.3642
-71.3532
-71.3423
-71.3315
-71.3209
-71.3105
-71.3001
-71.2899
-71.2799
-71.2699
-71.2601
-71.2504
-71.2409
-71.2314
-71.2221
-71.2129
-71.2039
-71.1949
-71.1861
-71.1773
-71.1687
-71.1602
-71.1518
-71.1436
-71.1354
-71.1273
-71.1194
-71.1115
-71.1038
-71.0961
-71.0886
-71.0811
-71.0738
-71.0665
-71.0594
-71.0523
-71.0454
-71.0385
-71.0317
-71.025
-71.0184
-71.0119
-71.0055
-70.9992
-70.9929
-70.9868
-70.9807
-70.9747
-70.9688
-70.963
-70.9572
-70.9516
-70.946
-70.9404
-70.935
-70.9297
-70.9244
-70.9192
-70.914
-70.9089
-70.9039
-70.899
-70.8942
-70.8894
-70.8847
-70.88
-70.8754
-70.8709
-70.8664
-70.862
-70.8577
-70.8535
-70.8493
-70.8451
-70.841
-70.837
-70.833
-70.8291
-70.8253
-70.8215
-70.8178
-70.8141
-70.8104
-70.8069
-70.8034
-70.7999
-70.7965
-70.7931
-70.7898
-70.7865
-70.7833
-70.7802
-70.777
-70.774
-70.771
-70.768
-70.7651
-70.7622
-70.7593
-70.7565
-70.7538
-70.7511
-70.7484
-70.7458
-70.7432
-70.7407
-70.7382
-70.7357
-70.7333
-70.7309
-70.7286
-70.7263
-70.724
-70.7218
-70.7196
-70.7174
-70.7153
-70.7132
-70.7112
-70.7091
-70.7072
-70.7052
-70.7033
-70.7014
-70.6996
-70.6977
-70.696
-70.6942
-70.6925
-70.6908
-70.6891
-70.6875
-70.6858
-70.6843
-70.6827
-70.6812
-70.6797
-70.6782
-70.6768
-70.6753
-70.674
-70.6726
-70.6712
-70.6699
-70.6686
-70.6674
-70.6661
-70.6649
-70.6637
-70.6625
-70.6614
-70.6602
-70.6591
-70.658
-70.657
-70.6559
-70.6549
-70.6539
-70.6529
-70.652
-70.651
-70.6501
-70.6492
-70.6483
-70.6474
-70.6466
-70.6458
-70.6449
-70.6441
-70.6434
-70.6426
-70.6419
-70.6411
-70.6404
-70.6397
-70.639
-70.6384
-70.6377
-70.6371
-70.6365
-70.6359
-70.6353
-70.6347
-70.6341
-70.6336
-70.6331
-70.6325
-70.632
-70.6315
-70.6311
-70.6306
-70.6301
-70.6297
-70.6293
-70.6288
-70.6284
-70.628
-70.6276
-70.6273
-70.6269
-70.6266
-70.6262
-70.6259
-70.6256
-70.6252
-70.6249
-70.6247
-70.6244
-70.6241
-70.6238
-70.6236
-70.6233
-70.6231
-70.6229
-70.6227
-70.6224
-70.6222
-70.6221
-70.6219
-70.6217
-70.6215
-70.6214
-70.6212
-70.6211
-70.6209
-70.6208
-70.6207
-70.6205
-70.6204
-70.6203
-70.6202
-70.6201
-70.6201
-70.62
-70.6199
-70.6198
-70.6198
-70.6197
-70.6197
-70.6196
-70.6196
-70.6196
-70.6195
-70.6195
-70.6195
-70.6195
-70.6195
-70.6195
-70.6195
-70.6195
-70.6195
-70.6195
-70.6195
-70.6195
-70.6196
-70.6196
-70.6196
-70.6197
-70.6197
-70.6198
-70.6198
-70.6199
-70.6199
-70.62
-70.6201
-70.6201
-70.6202
-70.6203
-70.6204
-70.6204
-70.6205
-70.6206
-70.6207
-70.6208
-70.6209
-70.621
-70.6211
-70.6212
-70.6213
-70.6214
-70.6215
-70.6216
-70.6218
-70.6219
-70.622
-70.6221
-70.6223
-70.6224
-70.6225
-70.6226
-70.6228
-70.6229
-70.623
-70.6232
-70.6233
-70.6235
-70.6236
-70.6237
-70.6239
-70.624
-70.6242
-70.6243
-70.6245
-70.6246
-70.6248
-70.6249
-70.6251
-70.6253
-70.6254
-70.6256
-70.6257
-70.6259
-70.6261
-70.6262
-70.6264
-70.6266
-70.6267
-70.6269
-70.6271
-70.6272
-70.6274
-70.6276
-70.6277
-70.6279
-70.6281
-70.6282
-70.6284
-70.6286
-70.6288
-70.6289
-70.6291
-70.6293
-70.6295
-70.6296
-70.6298
-70.63
-70.6302
-70.6303
-70.6305
-70.6307
-70.6309
-70.631
-70.6312
-70.6314
-70.6316
-70.6317
-70.6319
-70.6321
-70.6323
-70.6324
-70.6326
-70.6328
-70.633
-70.6332
-70.6333
-70.6335
-70.6337
-70.6339
-70.634
-70.6342
-70.6344
-70.6346
-70.6347
-70.6349
-70.6351
-70.6353
-70.6354
-70.6356
-70.6358
-70.636
-70.6361
-70.6363
-70.6365
-70.6366
-70.6368
-70.637
-70.6372
-70.6373
-70.6375
-70.6377
-70.6378
-70.638
-70.6382
-70.6383
-70.6385
-70.6387
-70.6388
-70.639
-70.6392
-70.6393
-70.6395
-70.6397
-70.6398
-70.64
-70.6401
-70.6403
-70.6405
-70.6406
-70.6408
-70.6409
-70.6411
-70.6413
-70.6414
-70.6416
-70.6417
-70.6419
-70.642
-70.6422
-70.6423
-70.6425
-70.6426
-70.6428
-70.6429
-70.6431
-70.6432
-70.6434
-70.6435
-70.6437
-70.6438
-70.644
-70.6441
-70.6443
-70.6444
-70.6446

