-70
-70.1661
-70.23
-70.2566
-70.2695
-70.2773
-70.283
-70.2879
-70.2925
-70.297
-70.3014
-70.3057
-70.31
-70.3142
-70.3185
-70.3226
-70.3268
-70.3309
-70.335
-70.3391
-70.3431
-70.3471
-70.351
-70.3549
-70.3588
-70.3626
-70.3664
-70.3701
-70.3738
-70.3775
-70.3811
-70.3847
-70.3883
-70.3918
-70.3953
-70.3987
-70.4021
-70.4055
-70.4088
-70.4121
-70.4154
-70.4186
-70.4218
-70.4249
-70.428
-70.4311
-70.4341
-70.4372
-70.4401
-70.4431
-70.446
-70.4489
-70.4517
-70.4545
-70.4573
-70.4601
-70.4628
-70.4655
-70.4682
-70.4708
-70.4734
-70.476
-70.4785
-70.481
-70.4835
-70.486
-70.4884
-70.4908
-70.4932
-70.4955
-70.4978
-70.5001
-70.5024
-70.5046
-70.5068
-70.509
-70.5112
-70.5133
-70.5154
-70.5175
-70.5196
-70.5216
-70.5236
-70.5256
-70.5276
-70.5295
-70.5315
-70.5334
-70.5352
-70.5371
-70.5389
-70.5407
-70.5425
-70.5443
-70.5461
-70.5478
-70.5495
-70.5512
-70.5528
-70.5545
-70.5561
-70.5577
-70.5593
-70.5609
-70.5624
-70.5639
-70.5655
-70.5669
-70.5684
-70.5699
-70.5713
-70.5727
-70.5741
-70.5755
-70.5769
-70.5782
-70.5796
-70.5809
-70.5822
-70.5835
-70.5848
-70.586
-70.5873
-70.5885
-70.5897
-70.5909
-70.5921
-70.5932
-70.5944
-70.5955
-70.5966
-70.5977
-70.5988
-70.5999
-70.601
-70.602
-70.603
-70.6041
-70.6051
-70.6061
-70.6071
-70.608
-70.609
-70.6099
-70.6109
-70.6118
-70.6127
-70.6136
-70.6145
-70.6154
-70.6162
-70.6171
-70.6179
-70.6187
-70.6196
-70.6204
-70.6212
-70.622
-70.6227
-70.6235
-70.6242
-70.625
-70.6257
-70.6265
-70.6272
-70.6279
-70.6286
-70.6293
-70.6299
-70.6306
-70.6313
-70.6319
-70.6325
-70.6332
-70.6338
-70.6344
-70.635
-70.6356
-70.6362
-70.6368
-70.6374
-70.6379
-70.6385
-70.639
-70.6396
-70.6401
-70.6406
-70.6411
-70.6417
-70.6422
-70.6427
-70.6431
-70.6436
-70.6441
-70.6446
-70.645
-70.6455
-70.6459
-70.6464
-70.6468
-70.6472
-70.6476
-70.6481
-70.6485
-70.6489
-70.6493
-70.6497
-70.65
-70.6504
-70.6508
-70.6512
-70.6515
-70.6519
-70.6522
-70.6526
-70.6529
-70.6533
-70.6536
-70.6539
-70.6542
-70.6545
-70.6549
-70.6552
-70.6555
-70.6558
-70.656
-70.6563
-70.6566
-70.6569
-70.6572
-70.6574
-70.6577
-70.658
-70.6582
-70.6585
-70.6587
-70.6589
-70.6592
-70.6594
-70.6597
-70.6599
-70.6601
-70.6603
-70.6605
-70.6607
-70.661
-70.6612
-70.6614
-70.6616
-70.6617
-70.6619
-70.6621
-70.6623
-70.6625
-70.6627
-70.6628
-70.663
-70.6632
-70.6633
-70.6635
-70.6637
-70.6638
-70.664
-70.6641
-70.6643
-70.6644
-70.6646
-70.6647
-70.6648
-70.665
-70.6651
-70.6652
-70.6653
-70.6655
-70.6656
-70.6657
-70.6658
-70.6659
-70.666
-70.6662
-70.6663
-70.6664
-70.6665
-70.6666
-70.6667
-70.6668
-70.6669
-70.667
-70.667
-70.6671
-70.6672
-70.6673
-70.6674
-70.6675
-70.6675
-70.6676
-70.6677
-70.6678
-70.6678
-70.6679
-70.668
-70.668
-70.6681
-70.6682
-70.6682
-70.6683
-70.6683
-70.6684
-70.6685
-70.6685
-70.6686
-70.6686
-70.6687
-70.6687
-70.6688
-70.6688
-70.6688
-70.6689
-70.6689
-70.669
-70.669
-70.669
-70.6691
-70.6691
-70.6691
-70.6692
-70.6692
-70.6692
-70.6693
-70.6693
-70.6693
-70.6694
-70.6694
-70.6694
-70.6694
-70.6694
-70.6695
-70.6695
-70.6695
-70.6695
-70.6695
-70.6696
-70.6696
-70.6696
-70.6696
-70.6696
-70.6696
-70.6696
-70.6697
-70.6697
-70.6697
-70.6697
-70.6697
-70.6697
-70.6697
-70.6697
-70.6697
-70.6697
-70.6697
-70.6697
-70.6697
-70.6697
-70.6697
-70.6697
-70.6697
-70.6697
-70.6697
-70.6697
-70.6697
-70.6697
-70.6697
-70.6697
-70.6697
-70.6697
-70.6697
-70.6697
-70.6697
-70.6697
-70.6697
-70.6697
-70.6697
-70.6697
-70.6697
-70.6696
-70.6696
-70.6696
-70.6696
-70.6696
-70.6696
-70.6696
-70.6696
-70.6696
-70.6695
-70.6695
-70.6695
-70.6695
-70.6695
-70.6695
-70.6695
-70.6695
-70.6694
-70.6694
-70.6694
-70.6694
-70.6694
-70.6694
-70.6693
-70.6693
-70.6693
-70.6693
-70.6693
-70.6693
-70.6693
-70.6692
-70.6692
-70.6692
-70.6692
-70.6692
-70.6691
-70.6691
-70.6691
-70.6691
-70.6691
-70.6691
-70.669
-70.669
-70.669
-70.669
-70.669
-70.6689
-70.6689
-70.6689
-70.6689
-70.6689
-70.6688
-70.6688
-70.6688
-70.6688
-70.6688
-70.6687
-70.6687
-70.6687
-70.6687
-70.6686
-70.6686
-70.6686
-70.6686
-70.6686
-70.6685
-70.6685
-70.6685
-70.6685
-70.6685
-70.6684
-70.6684
-70.6684
-70.6684
-70.6684
-70.6683
-70.6683
-70.6683
-70.6683
-70.6682
-70.6682
-70.6682
-70.6682
-70.6682
-70.6681
-70.6681
-70.6681
-70.6681
-70.6681
-70.6774
-70.8817
-71.5815
-72.5303
-73.3491
-61.9816
-53.3068
-50.778
-49.0177
-46.4503
-32.6495
-11.6926
-38.5246
-67.8099
-68.6461
-67.65
-66.5976
-65.5285
-64.4612
-63.4132
-62.4016
-61.4423
-60.5485
-59.5341
-58.6066
-57.8444
-57.1869
-56.6142
-56.1181
-55.6859
-55.2778
-54.9384
-54.66
-54.432
-54.2464
-54.0961
-53.9581
-53.838
-53.7457
-53.6754
-53.622
-53.582
-53.5524
-53.5225
-53.4888
-53.4659
-53.4518
-53.4436
-53.4396
-53.4385
-53.4397
-53.4425
-53.4296
-53.4178
-53.4127
-53.412
-53.414
-53.4175
-53.422
-53.4273
-53.433
-53.4393
-53.4459
-53.431
-53.4181
-53.4131
-53.4128
-53.4148
-53.4182
-53.4223
-53.4268
-53.4316
-53.4366
-53.4418
-53.4472
-53.4528
-53.4584
-53.4641
-53.4689
-53.4481
-53.4203
-53.4082
-53.4038
-53.4022
-53.4013
-53.3998
-53.3965
-53.3899
-53.376
-53.3403
-53.1116
-52.4564
-52.4352
-52.5981
-52.7626
-52.8888
-52.9765
-53.0353
-53.0758
-53.1064
-53.1331
-53.1601
-53.1908
-53.2281
-53.2757
-53.3947
-53.4533
-53.4692
-53.4737
-53.4766
-53.4807
-53.4872
-53.4962
-53.5083
-53.5229
-53.5398
-53.5591
-53.5809
-53.6054
-53.6327
-53.6631
-53.6968
-53.7341
-53.7753
-53.8207
-53.8706
-53.9252
-53.9849
-54.05
-54.1208
-54.1978
-54.2811
-54.3711
-54.4683
-54.5734
-54.6868
-54.809
-54.9407
-55.0827
-55.2355
-54.5766
-53.5472
-53.2948
-53.2605
-53.286
-53.3255
-53.3659
-53.4037
-53.4386
-53.4708
-53.501
-53.5299
-53.5581
-53.586
-53.614
-53.6427
-53.6732
-53.7053
-53.739
-53.7746
-53.814
-53.8567
-53.9019
-53.9501
-54.0018
-54.0572
-54.1181
-54.1847
-54.2558
-54.3313
-54.4135
-54.5039
-54.6
-54.702
-54.8104
-54.926
-55.0497
-55.1865
-55.3333
-55.487
-55.6492
-55.8391
-55.7276
-53.6682
-53.1785
-53.1053
-53.1384
-53.1942
-53.25
-53.3001
-53.3436
-53.3819
-53.4166
-53.4478
-53.4762
-53.5027
-53.5279
-53.5525
-53.5771
-53.6028
-53.6297
-53.6576
-53.6879
-53.7215
-53.7574
-53.7949
-53.8344
-53.8765
-53.9216
-53.97
-54.0225
-54.0826
-54.148
-54.2209
-54.2997
-54.3863
-54.4769
-54.5712
-54.6702
-54.7748
-54.8857
-55.0034
-55.1307
-55.2762
-55.4395
-55.6086
-55.7862
-55.9771
-56.1707
-56.3667
-56.5663
-56.7701
-56.9785
-56.6724
-53.6371
-52.9796
-52.8956
-52.9537
-53.0402
-53.1236
-53.1953
-53.2553
-53.3058
-53.3488
-53.386
-53.4188
-53.4483
-53.4765
-53.5047
-53.5317
-53.5577
-53.5847
-53.6128
-53.6413
-53.6707
-53.7015
-53.7342
-53.7692
-53.8067
-53.8493
-53.8977
-53.9528
-54.0111
-54.0721
-54.1413
-54.2159
-54.2936
-54.3751
-54.4614
-54.5534
-54.6583
-54.7732
-54.9016
-55.0396
-55.1911
-53.963
-53.3281
-53.2024
-53.2071
-53.243
-53.283
-53.3203
-53.3536
-53.383
-53.4099
-53.435
-53.4579
-53.4793
-53.4998
-53.5199
-53.5401
-53.5608
-53.5822
-53.6057
-53.6315
-53.659
-53.6934
-53.7368
-53.7872
-53.8372
-53.887
-53.9384
-53.9978
-54.0633
-54.1427
-54.2443
-54.4007
-54.5855
-54.7694
-54.941
-55.1037
-55.2695
-55.4627
-55.7198
-56.06
-56.4975
-56.9711
-57.4048
-57.79
-58.1444
-58.4922
-58.8442
-59.24
-59.7167
-60.2491
-60.8241
-61.4129
-61.9714
-62.4892
-62.9818
-63.4596
-63.9308
-64.4204
-64.9453
-65.4866
-66.0424
-66.5935
-67.1146
-67.5967
-68.0434
-68.46
-68.8505
-69.227
-69.6076
-69.9885
-70.3602
-70.7227
-71.0635
-71.3717
-71.6458
-71.893
-72.1158
-72.3185
-72.5125
-72.7041
-72.8923
-73.0705
-73.2388
-73.3923
-73.526
-73.6417
-73.7424
-73.8305
-73.9101
-73.9863
-74.0619
-74.1371
-74.2078
-74.2737
-74.3333
-74.3834
-74.4248
-74.459
-74.4878
-74.5135
-74.5384
-74.5647
-74.5923
-74.6185
-74.6431
-74.666
-74.6849
-74.6982
-74.7078
-74.7146
-74.7203
-74.726
-74.7337
-74.7434
-74.754
-74.7634
-74.7726
-74.7806
-74.7857
-74.787
-74.7864
-74.7851
-74.7836
-74.7833
-74.7863
-74.7915
-74.7963
-74.8
-74.8039
-74.807
-74.808
-74.806
-74.8024
-74.7993
-74.7963
-74.7949
-74.7958
-74.7989
-74.8016
-74.8029
-74.8044
-74.8057
-74.8056
-74.8035
-74.7997
-74.7957
-74.7927
-74.7911
-74.7915
-74.7937
-74.7959
-74.7965
-74.7967
-74.7975
-74.7974
-74.7963
-74.7938
-74.7912
-74.7878
-74.7837
-74.7822
-74.7831
-74.7849
-74.7865
-74.786
-74.7842
-74.7847
-74.7849
-74.7835
-74.7821
-74.7812
-74.7787
-74.7753
-74.7727
-74.7735
-74.7752
-74.7769
-74.7772
-74.7752
-74.7726
-74.773
-74.773
-74.7718
-74.7716
-74.7697
-74.7664
-74.763
-74.7614
-74.7622
-74.7631
-74.7645
-74.7649
-74.7638
-74.7613
-74.7595
-74.7584
-74.7579
-74.7592
-74.7589
-74.7568
-74.7541
-74.7525
-74.7528
-74.7533
-74.753
-74.7532
-74.7544
-74.7527
-74.7488
-74.746
-74.7462
-74.7461
-74.7445
-74.7434
-74.7421
-74.7407
-74.7406
-74.7412
-74.7419
-74.7415
-74.7412
-74.741
-74.739
-74.7361
-74.7327
-74.7315
-74.7337
-74.7337
-74.732
-74.7292
-74.7273
-74.7281
-74.7292
-74.7306
-74.7322
-74.7314
-74.7287
-74.728
-74.7258
-74.722
-74.7196
-74.718
-74.7193
-74.7211
-74.7198
-74.7152
-74.7121
-74.7129
-74.7133
-74.7146
-74.718
-74.7194
-74.7184
-74.7143
-74.711
-74.7094
-74.7069
-74.7037
-74.7005
-74.7011
-74.7041
-74.707
-74.7035
-74.6991
-74.6983
-74.6987
-74.6989
-74.7004
-74.7042
-74.7038
-74.7018
-74.6984
-74.6962
-74.6952
-74.6919
-74.6883
-74.6879
-74.6869
-74.6862
-74.6866
-74.6874
-74.6866
-74.6851
-74.6843
-74.6827
-74.6827
-74.6851
-74.6865
-74.6861
-74.6837
-74.6796
-74.6754
-74.6728
-74.6706
-74.6681
-74.6675
-74.6684
-74.6682
-74.6672
-74.6639
-74.6612
-74.6641
-74.6685
-74.6681
-74.665
-74.6615
-74.6616
-74.6652
-74.6672
-74.6676
-74.6669
-74.6632
-74.6573
-74.6514
-74.6475
-74.6461
-74.6496
-74.6513
-74.65
-74.6458
-74.6429
-74.6432
-74.6464
-74.6505
-74.6511
-74.6479
-74.6442
-74.6418
-74.6395
-74.6373
-74.637
-74.6397
-74.64
-74.6376
-74.6337
-74.629
-74.6224
-74.6183
-74.6206
-74.6241
-74.6246
-74.6232
-74.6202
-74.615
-74.6116
-74.6111
-74.6143
-74.6189
-74.6195
-74.6171
-74.6138
-74.61
-74.6111
-74.6105
-74.6076
-74.6052
-74.6052
-74.6064
-74.6069
-74.6052
-74.6005
-74.5981
-74.6001
-74.6014
-74.5998
-74.5981
-74.5982
-74.5965
-74.5928
-74.591
-74.5903
-74.5905
-74.5896
-74.5887
-74.5872
-74.5849
-74.5869
-74.5878
-74.5866
-74.5828
-74.578
-74.5727
-74.5691
-74.5635
-74.5561
-74.5525
-74.5509
-74.5526
-74.5566
-74.5591
-74.5592
-74.5603
-74.5607
-74.5584
-74.5553
-74.5514
-74.5513
-74.5506
-74.5491
-74.5501
-74.5508
-74.547
-74.5432
-74.54
-74.5382
-74.5416
-74.5413
-74.54
-74.5371
-74.5315
-74.5251
-74.5191
-74.5155
-74.5099
-74.5004
-74.493
-74.4889
-74.4895
-74.4928
-74.4992
-74.5055
-74.5087
-74.5073
-74.5036
-74.5037
-74.5013
-74.4974
-74.498
-74.5012
-74.508
-74.514
-74.5147
-74.5116
-74.5081
-74.5065
-74.5039
-74.5012
-74.5046
-74.5101
-74.5129
-74.5098
-74.506
-74.4988
-74.4877
-74.4746
-74.4665
-74.4601
-74.4522
-74.4453
-74.4405
-74.4361
-74.4375
-74.4401
-74.4426
-74.4421
-74.4388
-74.4298
-74.418
-74.407
-74.4054
-74.4102
-74.4109
-74.4098
-74.4134
-74.4163
-74.4149
-74.413
-74.4132
-74.4244
-74.4392
-74.4455
-74.4434
-74.437
-74.4303
-74.4248
-74.4217
-74.4177
-74.4178
-74.4232
-74.4264
-74.4246
-74.4242
-74.4223
-74.4158
-74.407
-74.3953
-74.3839
-74.3747
-74.3661
-74.3553
-74.347
-74.3409
-74.3377
-74.3385
-74.3384
-74.3377
-74.3417
-74.3441
-74.3406
-74.3325
-74.321
-74.3102
-74.2957
-74.2763
-74.2556
-74.237
-74.2221
-74.2105
-74.2132
-74.2235
-74.2382
-74.2581
-74.2746
-74.2829
-74.2898
-74.2986
-74.3026
-74.3113
-74.3201
-74.3254
-74.3233
-74.317
-74.3136
-74.3098
-74.2996
-74.2945
-74.3015
-74.3077
-74.3055
-74.2965
-74.2886
-74.287
-74.2847
-74.2794
-74.2718
-74.2724
-74.277
-74.2809
-74.2804
-74.2742
-74.2691
-74.266
-74.2599
-74.2486
-74.236
-74.2282
-74.2213
-74.2128
-74.2075
-74.2061
-74.2034
-74.201
-74.1956
-74.1876
-74.1781
-74.1688
-74.1613
-74.1555
-74.1437
-74.1257
-74.1035
-74.0817
-74.0581
-74.0337
-74.0141
-74.0046
-74.0005
-73.9963
-73.9858
-73.976
-73.9689
-73.9589
-73.9508
-73.949
-73.9578
-73.9676
-73.9836
-74.0018
-74.0201
-74.0309
-74.0356
-74.0424
-74.0524
-74.0623
-74.0676
-74.0704
-74.0694
-74.0719
-74.0775
-74.0877
-74.0985
-74.1078
-74.1133
-74.1208
-74.1253
-74.127
-74.1229
-74.118
-74.1079
-74.0935
-74.0843
-74.0824
-74.0819
-74.0781
-74.0712
-74.0586
-74.0495
-74.0473
-74.0395
-74.0263
-74.0197
-74.0177
-74.0164
-74.0156
-74.0098
-74.0013
-73.9923
-73.9836
-73.9825
-73.988
-73.9987
-74.0052
-74.0046
-74.0023
-73.9943
-73.9858
-73.9822
-73.9807
-73.9796
-73.9839
-73.9951
-74.0041
-74.0105
-74.0092
-74.0032
-73.993
-73.9808
-73.9675
-73.956
-73.9423
-73.9239
-73.9013
-73.8757
-73.8479
-73.8217
-73.7983
-73.7743
-73.7564
-73.7429
-73.7349
-73.729
-73.7265
-73.7298
-73.7358
-73.7387
-73.7329
-73.7194
-73.7048
-73.6907
-73.6788
-73.6642
-73.6452
-73.6227
-73.6036
-73.5851
-73.5645
-73.5522
-73.5503
-73.5457
-73.5341
-73.5167
-73.4953
-73.471
-73.45
-73.4321
-73.412
-73.3889
-73.3636
-73.3433
-73.3298
-73.3219
-73.3182
-73.3106
-73.2972
-73.2867
-73.276
-73.261
-73.2437
-73.2318
-73.2187
-73.2016
-73.1829
-73.1708
-73.158
-73.1479
-73.1426
-73.1419
-73.1368
-73.1255
-73.1094
-73.0899
-73.068
-73.0445
-73.0199
-72.9944
-72.9683
-72.9419
-72.9213
-72.9082
-72.8937
-72.8759
-72.8585
-72.8571
-72.8613
-72.8595
-72.8509
-72.8372
-72.8232
-72.8174
-72.8103
-72.7986
-72.7863
-72.7819
-72.7758
-72.7651
-72.7512
-72.7487
-72.7585
-72.7639
-72.7614
-72.7526
-72.7394
-72.723
-72.7046
-72.6846
-72.6636
-72.6418
-72.6196
-72.6071
-72.6008
-72.5915
-72.5785
-72.5624
-72.5443
-72.5248
-72.5106
-72.5065
-72.5009
-72.4909
-72.4774
-72.4614
-72.4436
-72.4247
-72.405
-72.3848
-72.3642
-72.3434
-72.3225
-72.3016
-72.2806
-72.2597
-72.2388
-72.2181
-72.1975
-72.177
-72.1567
-72.1365
-72.1165
-72.0967
-72.0771
-72.0576
-72.0384
-72.0193
-72.0005
-71.9819
-71.9634
-71.9452
-71.9271
-71.9093
-71.8916
-71.8742
-71.857
-71.8399
-71.8231
-71.8064
-71.79
-71.7737
-71.7576
-71.7417
-71.726
-71.7107
-71.7102
-71.7191
-71.7242
-71.724
-71.7197
-71.7125
-71.7033
-71.6929
-71.6815
-71.6695
-71.6572
-71.6445
-71.6316
-71.6187
-71.6057
-71.5926
-71.5796
-71.5666
-71.5537
-71.5409
-71.5281
-71.5155
-71.503
-71.4905
-71.4782
-71.466
-71.454
-71.4421
-71.4303
-71.4186
-71.4071
-71.3957
-71.3844
-71.3733
-71.3623
-71.3514
-71.3407
-71.3301
-71.3196
-71.3093
-71.299
-71.289
-71.279
-71.2692
-71.2595
-71.2499
-71.2404
-71.2311
-71.2219
-71.2128
-71.2038
-71.1949
-71.1862
-71.1775
-71.169
-71.1606
-71.1523
-71.1441
-71.136
-71.128
-71.1201
-71.1123
-71.1046
-71.097
-71.0895
-71.0822
-71.0749
-71.0677
-71.0606
-71.0536
-71.0467
-71.0399
-71.0331
-71.0265
-71.02
-71.0135
-71.0071
-71.0009
-70.9947
-70.9885
-70.9825
-70.9766
-70.9707
-70.9649
-70.9592
-70.9536
-70.948
-70.9425
-70.9371
-70.9318
-70.9266
-70.9214
-70.9163
-70.9112
-70.9063
-70.9014
-70.8965
-70.8918
-70.8871
-70.8825
-70.8779
-70.8734
-70.869
-70.8646
-70.8603
-70.8561
-70.8519
-70.8477
-70.8437
-70.8397
-70.8357
-70.8318
-70.828
-70.8242
-70.8205
-70.8168
-70.8132
-70.8097
-70.8062
-70.8027
-70.7993
-70.796
-70.7927
-70.7894
-70.7862
-70.7831
-70.78
-70.7769
-70.7739
-70.7709
-70.768
-70.7651
-70.7623
-70.7595
-70.7568
-70.7541
-70.7514
-70.7488
-70.7462
-70.7437
-70.7412
-70.7387
-70.7363
-70.7339
-70.7316
-70.7293
-70.727
-70.7248
-70.7226
-70.7204
-70.7183
-70.7162
-70.7142
-70.7121
-70.7102
-70.7082
-70.7063
-70.7044
-70.7026
-70.7007
-70.6989
-70.6972
-70.6954
-70.6937
-70.6921
-70.6904
-70.6888
-70.6872
-70.6857
-70.6841
-70.6826
-70.6811
-70.6797
-70.6783
-70.6769
-70.6755
-70.6741
-70.6728
-70.6715
-70.6702
-70.669
-70.6678
-70.6666
-70.6654
-70.6642
-70.6631
-70.662
-70.6609
-70.6598
-70.6587
-70.6577
-70.6567
-70.6557
-70.6547
-70.6538
-70.6528
-70.6519
-70.651
-70.6502
-70.6493
-70.6485
-70.6476
-70.6468
-70.646
-70.6453
-70.6445
-70.6438
-70.643
-70.6423
-70.6417
-70.641
-70.6403
-70.6397
-70.639
-70.6384
-70.6378
-70.6372
-70.6367
-70.6361
-70.6356
-70.635
-70.6345
-70.634
-70.6335
-70.633
-70.6326
-70.6321
-70.6317
-70.6312
-70.6308
-70.6304
-70.63
-70.6296
-70.6292
-70.6289
-70.6285
-70.6282
-70.6278
-70.6275
-70.6272
-70.6269
-70.6266
-70.6263
-70.6261
-70.6258
-70.6255
-70.6253
-70.625
-70.6248
-70.6246
-70.6244
-70.6242
-70.624
-70.6238
-70.6236
-70.6234
-70.6233
-70.6231
-70.623
-70.6228
-70.6227
-70.6225
-70.6224
-70.6223
-70.6222
-70.6221
-70.622
-70.6219
-70.6218
-70.6217
-70.6217
-70.6216
-70.6215
-70.6215
-70.6214
-70.6214
-70.6214
-70.6213
-70.6213
-70.6213
-70.6212
-70.6212
-70.6212
-70.6212
-70.6212
-70.6212
-70.6212
-70.6212
-70.6213
-70.6213
-70.6213
-70.6213
-70.6214
-70.6214
-70.6215
-70.6215
-70.6215
-70.6216
-70.6217
-70.6217
-70.6218
-70.6218
-70.6219
-70.622
-70.6221
-70.6221
-70.6222
-70.6223
-70.6224
-70.6225
-70.6226
-70.6227
-70.6228
-70.6229
-70.623
-70.6231
-70.6232
-70.6233
-70.6234
-70.6235
-70.6236
-70.6237
-70.6238
-70.624
-70.6241
-70.6242
-70.6243
-70.6245
-70.6246
-70.6247
-70.6249
-70.625
-70.6251
-70.6253
-70.6254
-70.6256
-70.6257
-70.6258
-70.626
-70.6261
-70.6263
-70.6264
-70.6266
-70.6267
-70.6269
-70.627
-70.6272
-70.6273
-70.6275
-70.6277
-70.6278
-70.628
-70.6281
-70.6283
-70.6284
-70.6286
-70.6288
-70.6289
-70.6291
-70.6293
-70.6294
-70.6296
-70.6297
-70.6299
-70.6301
-70.6302
-70.6304
-70.6306
-70.6307
-70.6309
-70.6311
-70.6313
-70.6314
-70.6316
-70.6318
-70.6319
-70.6321
-70.6323
-70.6324
-70.6326
-70.6328
-70.6329
-70.6331
-70.6333
-70.6335
-70.6336
-70.6338
-70.634
-70.6341
-70.6343
-70.6345
-70.6346
-70.6348
-70.635
-70.6351
-70.6353
-70.6355
-70.6357
-70.6358
-70.636
-70.6362
-70.6363
-70.6365
-70.6367
-70.6368
-70.637
-70.6372
-70.6373
-70.6375
-70.6377
-70.6378
-70.638
-70.6381
-70.6383
-70.6385
-70.6386
-70.6388
-70.639
-70.6391
-70.6393
-70.6394
-70.6396
-70.6398
-70.6399
-70.6401
-70.6402
-70.6404
-70.6405
-70.6407
-70.6409
-70.641
-70.6412
-70.6413
-70.6415
-70.6416
-70.6418
-70.6419
-70.6421
-70.6422
-70.6424
-70.6425
-70.6427
-70.6428
-70.643
-70.6431
-70.6433
-70.6434
-70.6436
-70.6437
-70.6439
-70.644
-70.6442
-70.6443
-70.6444
-70.6446
-70.6447
-70.6449
-70.645
-70.6451
-70.6453
-70.6454
-70.6455

