-70
-70.1661
-70.23
-70.2566
-70.2695
-70.2773
-70.283
-70.2879
-70.2925
-70.297
-70.3014
-70.3057
-70.31
-70.3142
-70.3185
-70.3226
-70.3268
-70.3309
-70.335
-70.3391
-70.3431
-70.3471
-70.351
-70.3549
-70.3588
-70.3626
-70.3664
-70.3701
-70.3738
-70.3775
-70.3811
-70.3847
-70.3883
-70.3918
-70.3953
-70.3987
-70.4021
-70.4055
-70.4088
-70.4121
-70.4154
-70.4186
-70.4218
-70.4249
-70.428
-70.4311
-70.4341
-70.4372
-70.4401
-70.4431
-70.446
-70.4489
-70.4517
-70.4545
-70.4573
-70.4601
-70.4628
-70.4655
-70.4682
-70.4708
-70.4734
-70.476
-70.4785
-70.481
-70.4835
-70.486
-70.4884
-70.4908
-70.4932
-70.4955
-70.4978
-70.5001
-70.5024
-70.5046
-70.5068
-70.509
-70.5112
-70.5133
-70.5154
-70.5175
-70.5196
-70.5216
-70.5236
-70.5256
-70.5276
-70.5295
-70.5315
-70.5334
-70.5352
-70.5371
-70.5389
-70.5407
-70.5425
-70.5443
-70.5461
-70.5478
-70.5495
-70.5512
-70.5528
-70.5545
-70.5561
-70.5577
-70.5593
-70.5609
-70.5624
-70.5639
-70.5655
-70.5669
-70.5684
-70.5699
-70.5713
-70.5727
-70.5741
-70.5755
-70.5769
-70.5782
-70.5796
-70.5809
-70.5822
-70.5835
-70.5848
-70.586
-70.5873
-70.5885
-70.5897
-70.5909
-70.5921
-70.5932
-70.5944
-70.5955
-70.5966
-70.5977
-70.5988
-70.5999
-70.601
-70.602
-70.603
-70.6041
-70.6051
-70.6061
-70.6071
-70.608
-70.609
-70.6099
-70.6109
-70.6118
-70.6127
-70.6136
-70.6145
-70.6154
-70.6162
-70.6171
-70.6179
-70.6187
-70.6196
-70.6204
-70.6212
-70.622
-70.6227
-70.6235
-70.6242
-70.625
-70.6257
-70.6265
-70.6272
-70.6279
-70.6286
-70.6293
-70.6299
-70.6306
-70.6313
-70.6319
-70.6325
-70.6332
-70.6338
-70.6344
-70.635
-70.6356
-70.6362
-70.6368
-70.6374
-70.6379
-70.6385
-70.639
-70.6396
-70.6401
-70.6406
-70.6411
-70.6417
-70.6422
-70.6427
-70.6431
-70.6436
-70.6441
-70.6446
-70.645
-70.6455
-70.6459
-70.6464
-70.6468
-70.6472
-70.6476
-70.6481
-70.6485
-70.6489
-70.6493
-70.6497
-70.65
-70.6504
-70.6508
-70.6512
-70.6515
-70.6519
-70.6522
-70.6526
-70.6529
-70.6533
-70.6536
-70.6539
-70.6542
-70.6545
-70.6549
-70.6552
-70.6555
-70.6558
-70.656
-70.6563
-70.6566
-70.6569
-70.6572
-70.6574
-70.6577
-70.658
-70.6582
-70.6585
-70.6587
-70.6589
-70.6592
-70.6594
-70.6597
-70.6599
-70.6601
-70.6603
-70.6605
-70.6607
-70.661
-70.6612
-70.6614
-70.6616
-70.6617
-70.6619
-70.6621
-70.6623
-70.6625
-70.6627
-70.6628
-70.663
-70.6632
-70.6633
-70.6635
-70.6637
-70.6638
-70.664
-70.6641
-70.6643
-70.6644
-70.6646
-70.6647
-70.6648
-70.665
-70.6651
-70.6652
-70.6653
-70.6655
-70.6656
-70.6657
-70.6658
-70.6659
-70.666
-70.6662
-70.6663
-70.6664
-70.6665
-70.6666
-70.6667
-70.6668
-70.6669
-70.667
-70.667
-70.6671
-70.6672
-70.6673
-70.6674
-70.6675
-70.6675
-70.6676
-70.6677
-70.6678
-70.6678
-70.6679
-70.668
-70.668
-70.6681
-70.6682
-70.6682
-70.6683
-70.6683
-70.6684
-70.6685
-70.6685
-70.6686
-70.6686
-70.6687
-70.6687
-70.6688
-70.6688
-70.6688
-70.6689
-70.6689
-70.669
-70.669
-70.669
-70.6691
-70.6691
-70.6691
-70.6692
-70.6692
-70.6692
-70.6693
-70.6693
-70.6693
-70.6694
-70.6694
-70.6694
-70.6694
-70.6694
-70.6695
-70.6695
-70.6695
-70.6695
-70.6695
-70.6696
-70.6696
-70.6696
-70.6696
-70.6696
-70.6696
-70.6696
-70.6697
-70.6697
-70.6697
-70.6697
-70.6697
-70.6697
-70.6697
-70.6697
-70.6697
-70.6697
-70.6697
-70.6697
-70.6697
-70.6697
-70.6697
-70.6697
-70.6697
-70.6697
-70.6697
-70.6697
-70.6697
-70.6697
-70.6697
-70.6697
-70.6697
-70.6697
-70.6697
-70.6697
-70.6697
-70.6697
-70.6697
-70.6697
-70.6697
-70.6697
-70.6697
-70.6696
-70.6696
-70.6696
-70.6696
-70.6696
-70.6696
-70.6696
-70.6696
-70.6696
-70.6695
-70.6695
-70.6695
-70.6695
-70.6695
-70.6695
-70.6695
-70.6695
-70.6694
-70.6694
-70.6694
-70.6694
-70.6694
-70.6694
-70.6693
-70.6693
-70.6693
-70.6693
-70.6693
-70.6693
-70.6693
-70.6692
-70.6692
-70.6692
-70.6692
-70.6692
-70.6691
-70.6691
-70.6691
-70.6691
-70.6691
-70.6691
-70.669
-70.669
-70.669
-70.669
-70.669
-70.6689
-70.6689
-70.6689
-70.6689
-70.6689
-70.6688
-70.6688
-70.6688
-70.6688
-70.6688
-70.6687
-70.6687
-70.6687
-70.6687
-70.6686
-70.6686
-70.6686
-70.6686
-70.6686
-70.6685
-70.6685
-70.6685
-70.6685
-70.6685
-70.6684
-70.6684
-70.6684
-70.6684
-70.6684
-70.6683
-70.6683
-70.6683
-70.6683
-70.6682
-70.6682
-70.6682
-70.6682
-70.6682
-70.6681
-70.6681
-70.6681
-70.6681
-70.6681
-70.671
-70.8724
-71.5098
-72.3523
-73.1244
-73.6922
-56.1076
-51.8001
-49.8832
-47.9214
-43.1293
11.4915
-27.0379
-58.1976
-68.977
-68.1501
-67.1137
-66.0501
-64.9793
-63.9191
-62.8871
-61.9006
-60.9732
-60.1156
-59.2147
-58.2558
-57.5084
-56.8816
-56.343
-55.8797
-55.4833
-55.1121
-54.7927
-54.5342
-54.3253
-54.1566
-54.0202
-53.9019
-53.791
-53.7056
-53.6415
-53.5936
-53.5581
-53.5323
-53.5123
-53.4814
-53.4582
-53.4441
-53.4362
-53.4325
-53.4317
-53.4331
-53.436
-53.4352
-53.4209
-53.4125
-53.4099
-53.4107
-53.4135
-53.4175
-53.4222
-53.4276
-53.4333
-53.4395
-53.446
-53.4328
-53.4185
-53.4126
-53.4117
-53.4134
-53.4165
-53.4202
-53.4243
-53.4287
-53.4333
-53.438
-53.4428
-53.4471
-53.4508
-53.454
-53.4565
-53.4579
-53.4357
-53.4093
-53.3973
-53.3912
-53.3859
-53.3777
-53.3592
-53.2811
-52.7923
-52.6767
-52.7806
-52.906
-53.0063
-53.0773
-53.1249
-53.1568
-53.18
-53.1994
-53.2184
-53.2393
-53.2644
-53.296
-53.3369
-53.3894
-53.4543
-53.5303
-53.6153
-53.6915
-53.5476
-53.4877
-53.4709
-53.4702
-53.4761
-53.4856
-53.4976
-53.5116
-53.5276
-53.5455
-53.5655
-53.5875
-53.6118
-53.6385
-53.6678
-53.6999
-53.7352
-53.7738
-53.816
-53.8621
-53.9124
-53.9671
-54.0267
-54.0914
-54.1616
-54.2377
-54.3198
-54.4084
-54.5041
-54.6074
-54.7187
-54.8385
-54.9676
-55.1067
-55.256
-55.4158
-55.1164
-53.6477
-53.2773
-53.2175
-53.2414
-53.2851
-53.3303
-53.3722
-53.4102
-53.4446
-53.4762
-53.5057
-53.5339
-53.5613
-53.5884
-53.6158
-53.6437
-53.6727
-53.7032
-53.7354
-53.7698
-53.8066
-53.8462
-53.8888
-53.9347
-53.9842
-54.0396
-54.1018
-54.168
-54.238
-54.3122
-54.3914
-54.4761
-54.5668
-54.6639
-54.7677
-54.8803
-55.0062
-55.1399
-55.28
-55.427
-55.581
-55.7426
-55.9122
-55.4054
-53.546
-53.1303
-53.0801
-53.1216
-53.1807
-53.2375
-53.2875
-53.3306
-53.3678
-53.4005
-53.4295
-53.4558
-53.4803
-53.5044
-53.528
-53.5511
-53.5742
-53.5977
-53.6219
-53.6473
-53.674
-53.7025
-53.7329
-53.7657
-53.8035
-53.8453
-53.8893
-53.936
-53.9857
-54.039
-54.0962
-54.1576
-54.2234
-54.2938
-54.3689
-54.4525
-54.5487
-54.6496
-54.754
-54.8629
-54.9774
-55.098
-55.2251
-55.3585
-55.4979
-55.6433
-55.7945
-55.966
-56.1538
-56.3426
-56.531
-56.7198
-56.9102
-57.1027
-53.7299
-52.9779
-52.8733
-52.9277
-53.0145
-53.0988
-53.1717
-53.2323
-53.2827
-53.3251
-53.3614
-53.3925
-53.4193
-53.4431
-53.4647
-53.4848
-53.5037
-53.5222
-53.5419
-53.5614
-53.5801
-53.5982
-53.6159
-53.6331
-53.6497
-53.6653
-53.6797
-53.6932
-53.7092
-53.7224
-53.7296
-53.7287
-53.7169
-53.6892
-53.6376
-53.5461
-53.3804
-53.0398
-51.9865
-43.9296
-32.5151
-17.2826
-33.749
-51.4126
-57.7913
-57.9671
-59.5695
-59.2444
-58.5215
-57.812
-57.1696
-56.6017
-56.1066
-55.6802
-55.3185
-55.0155
-54.7642
-54.5588
-54.394
-54.2672
-54.183
-54.1309
-54.099
-54.0833
-54.08
-54.0869
-54.1051
-54.1358
-54.1846
-54.2603
-54.3576
-54.461
-54.5665
-54.6756
-54.7902
-54.9124
-55.0455
-55.1946
-55.3629
-55.5506
-55.7574
-55.9829
-56.2196
-56.4671
-56.7262
-56.9978
-57.2846
-57.591
-57.9217
-58.2803
-58.6664
-59.0803
-59.5064
-59.9388
-60.3771
-60.8225
-61.2739
-61.7347
-62.2124
-62.708
-63.2265
-63.7608
-64.304
-64.8318
-65.3432
-65.8387
-66.3184
-66.7823
-67.2383
-67.6906
-68.1395
-68.5883
-69.0282
-69.4521
-69.8462
-70.2101
-70.5459
-70.8563
-71.1453
-71.4181
-71.6783
-71.9295
-72.1754
-72.4069
-72.6219
-72.8185
-72.9942
-73.15
-73.2886
-73.4154
-73.5315
-73.6395
-73.742
-73.8442
-73.9393
-74.0243
-74.1015
-74.1709
-74.2305
-74.2809
-74.3263
-74.367
-74.4044
-74.4391
-74.4759
-74.512
-74.544
-74.5707
-74.5951
-74.6168
-74.6342
-74.6481
-74.6598
-74.6702
-74.6789
-74.6882
-74.7015
-74.7145
-74.7251
-74.7325
-74.7386
-74.7448
-74.7501
-74.7536
-74.7549
-74.7557
-74.7562
-74.7575
-74.7625
-74.7684
-74.7729
-74.7742
-74.7738
-74.7735
-74.774
-74.7745
-74.7742
-74.7717
-74.7697
-74.7691
-74.7697
-74.774
-74.7785
-74.7799
-74.7777
-74.7747
-74.7729
-74.7717
-74.7706
-74.7696
-74.7669
-74.7648
-74.7642
-74.7646
-74.7684
-74.7719
-74.7726
-74.7698
-74.7656
-74.762
-74.7597
-74.7577
-74.7557
-74.7539
-74.7534
-74.7535
-74.7535
-74.7567
-74.7611
-74.7639
-74.7631
-74.7594
-74.7541
-74.7494
-74.7462
-74.7442
-74.7411
-74.7376
-74.738
-74.7384
-74.7392
-74.7416
-74.747
-74.7515
-74.752
-74.7492
-74.744
-74.7376
-74.733
-74.7318
-74.7291
-74.725
-74.7233
-74.7235
-74.7245
-74.7258
-74.7292
-74.7348
-74.7407
-74.7418
-74.7391
-74.7337
-74.7256
-74.7192
-74.7152
-74.7124
-74.7091
-74.7078
-74.7066
-74.7051
-74.7062
-74.7094
-74.7142
-74.7215
-74.7281
-74.7296
-74.7272
-74.7219
-74.7134
-74.7063
-74.7006
-74.6962
-74.6965
-74.6956
-74.6919
-74.6901
-74.6893
-74.691
-74.6948
-74.7016
-74.7102
-74.7134
-74.7137
-74.7115
-74.7058
-74.6969
-74.6885
-74.6816
-74.6775
-74.6792
-74.6792
-74.6756
-74.6714
-74.6697
-74.6708
-74.6752
-74.6807
-74.6876
-74.6949
-74.6986
-74.6985
-74.6958
-74.691
-74.6837
-74.6742
-74.6675
-74.6641
-74.6628
-74.663
-74.6605
-74.6569
-74.6537
-74.6519
-74.6535
-74.6564
-74.6595
-74.6661
-74.6728
-74.6768
-74.6764
-74.6734
-74.6715
-74.6661
-74.6581
-74.6526
-74.6485
-74.6429
-74.6392
-74.6396
-74.6392
-74.6391
-74.6376
-74.6332
-74.6327
-74.6347
-74.6408
-74.6462
-74.6509
-74.6533
-74.6554
-74.6546
-74.651
-74.6474
-74.6446
-74.6398
-74.6347
-74.6287
-74.6232
-74.6175
-74.6144
-74.616
-74.6182
-74.6155
-74.6088
-74.605
-74.6077
-74.6111
-74.6154
-74.6189
-74.6231
-74.626
-74.6265
-74.6259
-74.6229
-74.6213
-74.6185
-74.6136
-74.6081
-74.6047
-74.6004
-74.5952
-74.5899
-74.5861
-74.5891
-74.5928
-74.5914
-74.5875
-74.5857
-74.5889
-74.5898
-74.5904
-74.5931
-74.5929
-74.5954
-74.5987
-74.5973
-74.596
-74.5953
-74.5933
-74.591
-74.5878
-74.5818
-74.5733
-74.568
-74.5639
-74.5581
-74.5515
-74.5482
-74.5489
-74.5509
-74.5537
-74.5553
-74.5543
-74.5592
-74.5631
-74.563
-74.5629
-74.5612
-74.558
-74.5554
-74.5532
-74.5518
-74.5567
-74.5625
-74.5619
-74.5569
-74.549
-74.5436
-74.5388
-74.531
-74.5241
-74.518
-74.5094
-74.4995
-74.4946
-74.4974
-74.5025
-74.5095
-74.514
-74.5185
-74.5214
-74.5269
-74.5352
-74.5397
-74.537
-74.5325
-74.5279
-74.5214
-74.5116
-74.5078
-74.5111
-74.5159
-74.5199
-74.5202
-74.519
-74.5141
-74.5041
-74.4928
-74.4843
-74.4748
-74.47
-74.4648
-74.4566
-74.4469
-74.4365
-74.4313
-74.4335
-74.4357
-74.4394
-74.4447
-74.449
-74.4513
-74.4533
-74.4601
-74.4719
-74.4812
-74.4851
-74.4839
-74.4803
-74.4786
-74.4732
-74.4659
-74.4614
-74.4653
-74.4685
-74.4667
-74.4611
-74.4557
-74.4507
-74.4447
-74.437
-74.4282
-74.4205
-74.4101
-74.4
-74.3913
-74.381
-74.3716
-74.3603
-74.3512
-74.3529
-74.3591
-74.3662
-74.3704
-74.3686
-74.3665
-74.3619
-74.3555
-74.3512
-74.348
-74.3481
-74.352
-74.3619
-74.3784
-74.3962
-74.411
-74.4171
-74.4186
-74.4218
-74.424
-74.4229
-74.4213
-74.4173
-74.415
-74.4127
-74.4059
-74.3941
-74.3854
-74.3761
-74.3648
-74.3539
-74.345
-74.3374
-74.329
-74.3186
-74.3081
-74.2956
-74.2847
-74.2752
-74.2701
-74.2684
-74.2608
-74.2486
-74.2422
-74.2425
-74.2455
-74.2496
-74.2521
-74.2505
-74.2464
-74.2474
-74.2434
-74.2318
-74.2194
-74.2044
-74.1894
-74.1782
-74.1758
-74.1886
-74.2089
-74.2356
-74.2546
-74.2684
-74.2799
-74.288
-74.2891
-74.2913
-74.301
-74.3063
-74.3066
-74.3039
-74.301
-74.2975
-74.2961
-74.2926
-74.291
-74.2881
-74.2814
-74.2685
-74.2526
-74.2377
-74.2226
-74.2067
-74.1922
-74.1851
-74.1839
-74.183
-74.1799
-74.1712
-74.159
-74.1478
-74.1341
-74.1178
-74.0994
-74.08
-74.0642
-74.0552
-74.0486
-74.0456
-74.0479
-74.0488
-74.045
-74.0391
-74.0376
-74.041
-74.0426
-74.0379
-74.0273
-74.0204
-74.0135
-74.0054
-73.9971
-73.9871
-73.9775
-73.973
-73.9652
-73.9572
-73.9472
-73.9398
-73.9363
-73.9372
-73.935
-73.9402
-73.9578
-73.9869
-74.014
-74.0327
-74.046
-74.0642
-74.0783
-74.0803
-74.0767
-74.0726
-74.0665
-74.0758
-74.098
-74.1134
-74.1171
-74.1191
-74.1224
-74.12
-74.1165
-74.111
-74.1046
-74.1001
-74.0926
-74.0852
-74.0817
-74.076
-74.0709
-74.0616
-74.0502
-74.0383
-74.0266
-74.0132
-74.0075
-74.0004
-73.9903
-73.9899
-73.9879
-73.978
-73.9644
-73.9487
-73.9287
-73.9051
-73.8786
-73.8502
-73.826
-73.8143
-73.81
-73.8059
-73.8002
-73.7953
-73.7928
-73.7846
-73.7739
-73.7716
-73.7691
-73.7649
-73.7561
-73.7474
-73.7408
-73.7357
-73.7271
-73.7192
-73.7131
-73.7028
-73.6925
-73.6794
-73.6615
-73.6404
-73.6225
-73.6038
-73.582
-73.5648
-73.56
-73.5645
-73.5632
-73.5536
-73.5417
-73.5303
-73.5147
-73.495
-73.472
-73.4468
-73.4262
-73.4104
-73.4031
-73.3995
-73.3916
-73.3853
-73.3814
-73.3799
-73.3838
-73.3893
-73.3944
-73.3924
-73.3828
-73.3731
-73.3689
-73.366
-73.3574
-73.343
-73.3244
-73.3037
-73.2891
-73.2745
-73.2565
-73.2417
-73.2342
-73.2304
-73.2219
-73.2079
-73.1972
-73.1984
-73.1963
-73.1874
-73.1728
-73.1543
-73.1349
-73.1227
-73.1101
-73.1061
-73.1115
-73.1112
-73.1068
-73.105
-73.1026
-73.1127
-73.1257
-73.1364
-73.1381
-73.1317
-73.1193
-73.1027
-73.087
-73.0782
-73.0775
-73.0879
-73.109
-73.1291
-73.138
-73.14
-73.1452
-73.1538
-73.1641
-73.1725
-73.1812
-73.1831
-73.1771
-73.1651
-73.1535
-73.1572
-73.1598
-73.155
-73.1438
-73.1299
-73.1235
-73.13
-73.1415
-73.1452
-73.1402
-73.1288
-73.113
-73.0987
-73.0903
-73.0876
-73.0856
-73.078
-73.065
-73.048
-73.0283
-73.0066
-72.9836
-72.9596
-72.935
-72.9098
-72.8842
-72.8585
-72.8326
-72.8066
-72.7806
-72.7546
-72.7287
-72.7028
-72.6771
-72.6516
-72.6266
-72.6136
-72.606
-72.5955
-72.5813
-72.5644
-72.5455
-72.5254
-72.5044
-72.483
-72.4611
-72.4391
-72.4171
-72.3949
-72.3746
-72.3687
-72.3657
-72.3588
-72.3479
-72.334
-72.3181
-72.3008
-72.2827
-72.2639
-72.2448
-72.2254
-72.2059
-72.1864
-72.1668
-72.1473
-72.1278
-72.1084
-72.0892
-72.07
-72.0511
-72.0322
-72.0136
-71.9951
-71.9768
-71.9587
-71.9407
-71.923
-71.9054
-71.888
-71.8709
-71.8539
-71.837
-71.8204
-71.804
-71.7877
-71.7717
-71.7558
-71.7401
-71.7246
-71.7093
-71.6941
-71.6792
-71.6644
-71.6498
-71.6353
-71.6211
-71.607
-71.593
-71.5793
-71.5657
-71.5522
-71.539
-71.5259
-71.5129
-71.5001
-71.4875
-71.475
-71.4627
-71.4505
-71.4385
-71.4266
-71.4149
-71.4033
-71.3919
-71.3806
-71.3695
-71.3584
-71.3476
-71.3368
-71.3262
-71.3158
-71.3054
-71.2952
-71.2852
-71.2752
-71.2654
-71.2557
-71.2462
-71.2368
-71.2274
-71.2182
-71.2092
-71.2002
-71.1914
-71.1826
-71.174
-71.1655
-71.1571
-71.1488
-71.1407
-71.1326
-71.1246
-71.1168
-71.109
-71.1014
-71.0938
-71.0863
-71.079
-71.0717
-71.0646
-71.0575
-71.0505
-71.0436
-71.0369
-71.0302
-71.0236
-71.017
-71.0106
-71.0043
-70.998
-70.9918
-70.9857
-70.9797
-70.9738
-70.968
-70.9622
-70.9565
-70.9509
-70.9454
-70.9399
-70.9346
-70.9293
-70.924
-70.9189
-70.9138
-70.9088
-70.9038
-70.899
-70.8941
-70.8894
-70.8847
-70.8801
-70.8756
-70.8711
-70.8667
-70.8624
-70.8581
-70.8539
-70.8497
-70.8456
-70.8415
-70.8376
-70.8336
-70.8298
-70.826
-70.8222
-70.8185
-70.8149
-70.8113
-70.8077
-70.8042
-70.8008
-70.7974
-70.7941
-70.7908
-70.7876
-70.7844
-70.7812
-70.7782
-70.7751
-70.7721
-70.7692
-70.7663
-70.7634
-70.7606
-70.7578
-70.7551
-70.7524
-70.7498
-70.7472
-70.7446
-70.7421
-70.7396
-70.7372
-70.7348
-70.7324
-70.7301
-70.7278
-70.7255
-70.7233
-70.7211
-70.719
-70.7169
-70.7148
-70.7128
-70.7108
-70.7088
-70.7069
-70.705
-70.7031
-70.7012
-70.6994
-70.6977
-70.6959
-70.6942
-70.6925
-70.6908
-70.6892
-70.6876
-70.686
-70.6845
-70.683
-70.6815
-70.68
-70.6786
-70.6772
-70.6758
-70.6744
-70.6731
-70.6717
-70.6705
-70.6692
-70.668
-70.6667
-70.6655
-70.6644
-70.6632
-70.6621
-70.661
-70.6599
-70.6588
-70.6578
-70.6568
-70.6558
-70.6548
-70.6538
-70.6529
-70.652
-70.651
-70.6502
-70.6493
-70.6484
-70.6476
-70.6468
-70.646
-70.6452
-70.6445
-70.6437
-70.643
-70.6423
-70.6416
-70.6409
-70.6402
-70.6396
-70.6389
-70.6383
-70.6377
-70.6371
-70.6365
-70.636
-70.6354
-70.6349
-70.6343
-70.6338
-70.6333
-70.6329
-70.6324
-70.6319
-70.6315
-70.631
-70.6306
-70.6302
-70.6298
-70.6294
-70.629
-70.6287
-70.6283
-70.6279
-70.6276
-70.6273
-70.627
-70.6267
-70.6264
-70.6261
-70.6258
-70.6255
-70.6253
-70.625
-70.6248
-70.6245
-70.6243
-70.6241
-70.6239
-70.6237
-70.6235
-70.6233
-70.6231
-70.623
-70.6228
-70.6227
-70.6225
-70.6224
-70.6222
-70.6221
-70.622
-70.6219
-70.6218
-70.6217
-70.6216
-70.6215
-70.6214
-70.6214
-70.6213
-70.6212
-70.6212
-70.6211
-70.6211
-70.621
-70.621
-70.621
-70.6209
-70.6209
-70.6209
-70.6209
-70.6209
-70.6209
-70.6209
-70.6209
-70.6209
-70.6209
-70.621
-70.621
-70.621
-70.621
-70.6211
-70.6211
-70.6212
-70.6212
-70.6213
-70.6213
-70.6214
-70.6214
-70.6215
-70.6216
-70.6216
-70.6217
-70.6218
-70.6219
-70.622
-70.6221
-70.6221
-70.6222
-70.6223
-70.6224
-70.6225
-70.6226
-70.6227
-70.6228
-70.6229
-70.6231
-70.6232
-70.6233
-70.6234
-70.6235
-70.6236
-70.6238
-70.6239
-70.624
-70.6242
-70.6243
-70.6244
-70.6246
-70.6247
-70.6248
-70.625
-70.6251
-70.6252
-70.6254
-70.6255
-70.6257
-70.6258
-70.626
-70.6261
-70.6263
-70.6264
-70.6266
-70.6267
-70.6269
-70.627
-70.6272
-70.6274
-70.6275
-70.6277
-70.6278
-70.628
-70.6282
-70.6283
-70.6285
-70.6286
-70.6288
-70.629
-70.6291
-70.6293
-70.6295
-70.6296
-70.6298
-70.63
-70.6301
-70.6303
-70.6305
-70.6306
-70.6308
-70.631
-70.6311
-70.6313
-70.6315
-70.6317
-70.6318
-70.632
-70.6322
-70.6323
-70.6325
-70.6327
-70.6329
-70.633
-70.6332
-70.6334
-70.6335
-70.6337
-70.6339
-70.6341
-70.6342
-70.6344
-70.6346
-70.6347
-70.6349
-70.6351
-70.6352
-70.6354
-70.6356
-70.6358
-70.6359
-70.6361
-70.6363
-70.6364
-70.6366
-70.6368
-70.6369
-70.6371
-70.6373
-70.6374
-70.6376
-70.6378
-70.6379
-70.6381
-70.6383
-70.6384
-70.6386
-70.6387
-70.6389
-70.6391
-70.6392
-70.6394
-70.6396
-70.6397
-70.6399
-70.64
-70.6402
-70.6403
-70.6405
-70.6407
-70.6408
-70.641
-70.6411
-70.6413
-70.6414
-70.6416
-70.6417
-70.6419
-70.6421
-70.6422
-70.6424
-70.6425
-70.6427
-70.6428
-70.643
-70.6431
-70.6433
-70.6434
-70.6435
-70.6437

