-70
-70.2123
-70.2926
-70.3252
-70.3404
-70.3491
-70.3555
-70.3609
-70.3659
-70.3708
-70.3757
-70.3805
-70.3853
-70.39
-70.3948
-70.3995
-70.4042
-70.4088
-70.4134
-70.4179
-70.4224
-70.4269
-70.4313
-70.4357
-70.44
-70.4443
-70.4485
-70.4527
-70.4569
-70.461
-70.465
-70.469
-70.473
-70.4769
-70.4808
-70.4846
-70.4884
-70.4921
-70.4958
-70.4995
-70.5031
-70.5067
-70.5102
-70.5137
-70.5172
-70.5206
-70.524
-70.5273
-70.5306
-70.5339
-70.5371
-70.5403
-70.5434
-70.5465
-70.5496
-70.5526
-70.5556
-70.5586
-70.5615
-70.5644
-70.5673
-70.5701
-70.5729
-70.5757
-70.5784
-70.5811
-70.5838
-70.5864
-70.589
-70.5916
-70.5941
-70.5966
-70.5991
-70.6016
-70.604
-70.6064
-70.6087
-70.6111
-70.6134
-70.6157
-70.6179
-70.6201
-70.6223
-70.6245
-70.6266
-70.6287
-70.6308
-70.6329
-70.6349
-70.6369
-70.6389
-70.6409
-70.6428
-70.6448
-70.6466
-70.6485
-70.6503
-70.6522
-70.654
-70.6557
-70.6575
-70.6592
-70.6609
-70.6626
-70.6643
-70.6659
-70.6675
-70.6691
-70.6707
-70.6723
-70.6738
-70.6754
-70.6769
-70.6783
-70.6798
-70.6812
-70.6827
-70.6841
-70.6855
-70.6868
-70.6882
-70.6895
-70.6908
-70.6921
-70.6934
-70.6947
-70.6959
-70.6972
-70.6984
-70.6996
-70.7008
-70.702
-70.7031
-70.7042
-70.7054
-70.7065
-70.7076
-70.7087
-70.7097
-70.7108
-70.7118
-70.7128
-70.7138
-70.7148
-70.7158
-70.7168
-70.7177
-70.7187
-70.7196
-70.7205
-70.7214
-70.7223
-70.7232
-70.7241
-70.7249
-70.7258
-70.7266
-70.7274
-70.7282
-70.729
-70.7298
-70.7306
-70.7314
-70.7321
-70.7329
-70.7336
-70.7343
-70.735
-70.7357
-70.7364
-70.7371
-70.7378
-70.7384
-70.7391
-70.7397
-70.7404
-70.741
-70.7416
-70.7422
-70.7428
-70.7434
-70.744
-70.7446
-70.7451
-70.7457
-70.7462
-70.7468
-70.7473
-70.7478
-70.7484
-70.7489
-70.7494
-70.7499
-70.7504
-70.7508
-70.7513
-70.7518
-70.7522
-70.7527
-70.7531
-70.7536
-70.754
-70.7544
-70.7549
-70.7553
-70.7557
-70.7561
-70.7565
-70.7569
-70.7573
-70.7576
-70.758
-70.7584
-70.7587
-70.7591
-70.7594
-70.7598
-70.7601
-70.7605
-70.7608
-70.7611
-70.7614
-70.7617
-70.7621
-70.7624
-70.7627
-70.763
-70.7632
-70.7635
-70.7638
-70.7641
-70.7644
-70.7646
-70.7649
-70.7651
-70.7654
-70.7656
-70.7659
-70.7661
-70.7664
-70.7666
-70.7668
-70.7671
-70.7673
-70.7675
-70.7677
-70.7679
-70.7681
-70.7684
-70.7686
-70.7688
-70.769
-70.7691
-70.7693
-70.7695
-70.7697
-70.7699
-70.7701
-70.7702
-70.7704
-70.7706
-70.7707
-70.7709
-70.7711
-70.7712
-70.7714
-70.7715
-70.7717
-70.7718
-70.772
-70.7721
-70.7722
-70.7724
-70.7725
-70.7726
-70.7728
-70.7729
-70.773
-70.7731
-70.7733
-70.7734
-70.7735
-70.7736
-70.7737
-70.7738
-70.7739
-70.774
-70.7741
-70.7742
-70.7743
-70.7744
-70.7745
-70.7746
-70.7747
-70.7748
-70.7749
-70.775
-70.7751
-70.7751
-70.7752
-70.7753
-70.7754
-70.7755
-70.7755
-70.7756
-70.7757
-70.7758
-70.7758
-70.7759
-70.776
-70.776
-70.7761
-70.7762
-70.7762
-70.7763
-70.7763
-70.7764
-70.7765
-70.7765
-70.7766
-70.7766
-70.7767
-70.7767
-70.7768
-70.7768
-70.7769
-70.7769
-70.777
-70.777
-70.7771
-70.7771
-70.7771
-70.7772
-70.7772
-70.7773
-70.7773
-70.7773
-70.7774
-70.7774
-70.7774
-70.7775
-70.7775
-70.7775
-70.7776
-70.7776
-70.7776
-70.7777
-70.7777
-70.7777
-70.7777
-70.7778
-70.7778
-70.7778
-70.7778
-70.7779
-70.7779
-70.7779
-70.7779
-70.778
-70.778
-70.778
-70.778
-70.778
-70.7781
-70.7781
-70.7781
-70.7781
-70.7781
-70.7781
-70.7782
-70.7782
-70.7782
-70.7782
-70.7782
-70.7782
-70.7782
-70.7783
-70.7783
-70.7783
-70.7783
-70.7783
-70.7783
-70.7783
-70.7783
-70.7783
-70.7783
-70.7784
-70.7784
-70.7784
-70.7784
-70.7784
-70.7784
-70.7784
-70.7784
-70.7784
-70.7784
-70.7784
-70.7784
-70.7784
-70.7784
-70.7784
-70.7784
-70.7784
-70.7784
-70.7784
-70.7785
-70.7785
-70.7785
-70.7785
-70.7785
-70.7785
-70.7785
-70.7785
-70.7785
-70.7785
-70.7785
-70.7785
-70.7785
-70.7785
-70.7785
-70.7785
-70.7785
-70.7785
-70.7785
-70.7785
-70.7785
-70.7785
-70.7785
-70.7785
-70.7785
-70.7785
-70.7785
-70.7785
-70.7785
-70.7785
-70.7785
-70.7784
-70.7784
-70.7784
-70.7784
-70.7784
-70.7784
-70.7784
-70.7784
-70.7784
-70.7784
-70.7784
-70.7784
-70.7784
-70.7784
-70.7784
-70.7784
-70.7784
-70.7784
-70.7784
-70.7784
-70.7784
-70.7784
-70.7784
-70.7784
-70.7784
-70.7784
-70.7784
-70.7784
-70.7784
-70.7783
-70.7783
-70.7783
-70.7783
-70.7783
-70.7783
-70.7783
-70.7783
-70.902
-71.5255
-72.4184
-70.4804
-55.3722
-51.5707
-49.3716
-45.4226
12.5103
-34.7163
-69.7645
-69.8207
-68.583
-67.2598
-65.8902
-64.5104
-63.1575
-61.8659
-60.6644
-59.574
-58.6087
-57.7474
-56.9599
-56.3209
-55.7995
-55.365
-55.026
-54.7635
-54.5542
-54.394
-54.2772
-54.1884
-54.1212
-54.074
-54.0395
-54.0127
-53.9955
-53.9843
-53.9743
-53.9688
-53.9669
-53.9661
-53.9639
-53.9637
-53.9654
-53.965
-53.9649
-53.9665
-53.9691
-53.9724
-53.9722
-53.9723
-53.9738
-53.9756
-53.9747
-53.9748
-53.9762
-53.9784
-53.9811
-53.9841
-53.9864
-53.9845
-53.9834
-53.9839
-53.9854
-53.9842
-53.9825
-53.9824
-53.9834
-53.985
-53.987
-53.9892
-53.9915
-53.9939
-53.9964
-53.9989
-53.9961
-53.9898
-53.9865
-53.9851
-53.9847
-53.9844
-53.9806
-53.9764
-53.9731
-53.9693
-53.9625
-53.9429
-53.758
-53.6108
-53.6665
-53.7368
-53.7875
-53.8196
-53.8387
-53.8498
-53.8561
-53.8603
-53.8639
-53.8684
-53.8746
-53.9263
-53.9586
-53.9725
-53.98
-53.9867
-53.9944
-54.0036
-54.0143
-54.018
-54.0143
-54.0138
-54.0164
-54.0212
-54.0274
-54.0349
-54.0437
-54.0536
-54.0649
-54.0774
-54.0913
-54.1068
-54.1238
-54.1425
-54.1631
-54.1857
-54.2104
-54.2374
-54.2667
-54.2988
-54.3338
-54.3719
-54.4135
-54.4588
-54.5081
-54.1903
-54.047
-54.0116
-54.0132
-54.0265
-54.0431
-54.0605
-54.0779
-54.0953
-54.1129
-54.1277
-54.0727
-54.0392
-54.029
-54.0298
-54.0354
-54.0432
-54.0522
-54.062
-54.0724
-54.0835
-54.0953
-54.1079
-54.1215
-54.1361
-54.1518
-54.1689
-54.1874
-54.2074
-54.229
-54.2524
-54.2779
-54.3056
-54.3357
-54.3684
-54.4039
-54.4424
-54.4842
-54.5296
-54.5786
-54.5273
-54.0997
-53.9725
-53.9529
-53.9641
-53.9826
-54.0014
-54.0197
-54.0367
-54.0524
-54.0674
-54.082
-54.0966
-54.1115
-54.092
-54.0353
-54.0127
-54.008
-54.0107
-54.0162
-54.0229
-54.0301
-54.0378
-54.0458
-54.0542
-54.0632
-54.0728
-54.083
-54.0948
-54.1076
-54.1212
-54.1358
-54.1514
-54.1684
-54.1868
-54.2067
-54.2283
-54.2516
-54.2772
-54.3072
-54.3399
-54.3746
-54.4116
-54.4513
-54.494
-54.5401
-54.5899
-54.6436
-54.7015
-54.2955
-53.9731
-53.9083
-53.9137
-53.9352
-53.9578
-53.978
-53.9956
-54.011
-54.0249
-54.0377
-54.0494
-54.0607
-54.0725
-54.0843
-54.0961
-54.108
-54.1203
-54.1267
-54.0379
-53.998
-53.9874
-53.9872
-53.9904
-53.9947
-53.9993
-54.0035
-54.0069
-54.0096
-54.0113
-54.0118
-54.0106
-54.0069
-53.9991
-53.9841
-53.9536
-53.8771
-53.3727
-52.1108
-52.18
-52.5633
-52.8868
-53.1008
-53.2293
-53.3029
-53.3455
-53.3737
-53.4512
-53.9515
-54.088
-54.0985
-54.0799
-54.0601
-54.0462
-54.0396
-54.0398
-54.0457
-54.0561
-54.0708
-54.0894
-54.0879
-54.0551
-54.0405
-54.0376
-54.0407
-54.047
-54.0556
-54.066
-54.078
-54.092
-54.1076
-54.1248
-54.1435
-54.1639
-54.1861
-54.2105
-54.2369
-54.2657
-54.2973
-54.3321
-54.373
-54.4223
-54.4793
-54.5406
-54.6022
-54.6655
-54.7323
-54.8059
-54.8914
-54.9924
-55.1127
-55.2508
-55.3936
-55.537
-55.6826
-55.8342
-55.9959
-56.1776
-56.3866
-56.6153
-56.8675
-57.1415
-57.4229
-57.7126
-58.0091
-58.3148
-58.6371
-58.9834
-59.3618
-59.7639
-60.1881
-60.6412
-61.1042
-61.5667
-62.0284
-62.4853
-62.9425
-63.4059
-63.8907
-64.3896
-64.8984
-65.4169
-65.9393
-66.4416
-66.9211
-67.3787
-67.8105
-68.2245
-68.6293
-69.0331
-69.4295
-69.8142
-70.1892
-70.5497
-70.8818
-71.1837
-71.4612
-71.7138
-71.9443
-72.1635
-72.3754
-72.5791
-72.771
-72.9527
-73.1237
-73.2779
-73.413
-73.5332
-73.6415
-73.7365
-73.8243
-73.9089
-73.9895
-74.0657
-74.1367
-74.2024
-74.2617
-74.3134
-74.3572
-74.3962
-74.4301
-74.4602
-74.4896
-74.5173
-74.5443
-74.5701
-74.5936
-74.615
-74.6333
-74.6484
-74.6613
-74.6713
-74.6798
-74.6882
-74.6964
-74.7043
-74.713
-74.7214
-74.7289
-74.7357
-74.7408
-74.7448
-74.7479
-74.7495
-74.7499
-74.7524
-74.7546
-74.7564
-74.7591
-74.762
-74.7639
-74.7653
-74.7659
-74.7656
-74.7645
-74.7634
-74.7628
-74.7617
-74.7623
-74.7639
-74.7657
-74.7675
-74.7678
-74.768
-74.7676
-74.7668
-74.7643
-74.7608
-74.7588
-74.7582
-74.7575
-74.7569
-74.7579
-74.7597
-74.7613
-74.7608
-74.76
-74.76
-74.7585
-74.7552
-74.7508
-74.7486
-74.7475
-74.7473
-74.748
-74.7477
-74.749
-74.7508
-74.7528
-74.7518
-74.7521
-74.7521
-74.7492
-74.7443
-74.7399
-74.736
-74.7338
-74.7326
-74.7334
-74.7346
-74.7353
-74.7362
-74.7394
-74.7405
-74.7409
-74.7432
-74.7421
-74.7372
-74.7323
-74.7276
-74.7235
-74.7209
-74.7203
-74.7211
-74.7222
-74.7236
-74.7246
-74.727
-74.7286
-74.7292
-74.7325
-74.731
-74.7261
-74.7214
-74.7154
-74.7099
-74.7061
-74.7054
-74.7055
-74.7065
-74.7085
-74.711
-74.7131
-74.7152
-74.7169
-74.7185
-74.7214
-74.7202
-74.7173
-74.7121
-74.7043
-74.6978
-74.6933
-74.6925
-74.6926
-74.6932
-74.6933
-74.6938
-74.6954
-74.6983
-74.7011
-74.7002
-74.7022
-74.7055
-74.7066
-74.7039
-74.6979
-74.6904
-74.6834
-74.68
-74.6795
-74.6797
-74.6799
-74.6791
-74.679
-74.6809
-74.6835
-74.6868
-74.6864
-74.6836
-74.6872
-74.693
-74.6939
-74.6894
-74.6833
-74.6774
-74.6729
-74.6675
-74.6627
-74.6613
-74.661
-74.66
-74.6603
-74.6613
-74.6622
-74.6646
-74.6659
-74.6647
-74.6644
-74.6705
-74.6755
-74.6749
-74.6712
-74.6685
-74.6665
-74.6617
-74.6555
-74.6491
-74.6435
-74.6443
-74.6449
-74.6441
-74.6443
-74.6441
-74.6435
-74.6442
-74.645
-74.6455
-74.6461
-74.6514
-74.658
-74.6589
-74.6542
-74.6497
-74.6485
-74.6457
-74.6381
-74.63
-74.6248
-74.6216
-74.621
-74.62
-74.6208
-74.6211
-74.6204
-74.6166
-74.6157
-74.6202
-74.6221
-74.6212
-74.623
-74.6295
-74.6369
-74.6397
-74.639
-74.6343
-74.6279
-74.6231
-74.6173
-74.613
-74.6082
-74.603
-74.5996
-74.5966
-74.5936
-74.5926
-74.5933
-74.594
-74.5907
-74.5876
-74.5918
-74.5975
-74.6001
-74.6014
-74.6019
-74.6027
-74.6059
-74.6117
-74.6138
-74.61
-74.603
-74.5964
-74.5898
-74.5827
-74.577
-74.5716
-74.5666
-74.5645
-74.5638
-74.5598
-74.5566
-74.5527
-74.5477
-74.551
-74.555
-74.5561
-74.5617
-74.5658
-74.5692
-74.5713
-74.5693
-74.5686
-74.5734
-74.5794
-74.5845
-74.5868
-74.5847
-74.5789
-74.5695
-74.5565
-74.5492
-74.5454
-74.5411
-74.5347
-74.5268
-74.5196
-74.5161
-74.516
-74.5142
-74.5119
-74.5106
-74.5117
-74.5111
-74.5089
-74.509
-74.5166
-74.5262
-74.5297
-74.5287
-74.5259
-74.5279
-74.5291
-74.5337
-74.5381
-74.5427
-74.5469
-74.5458
-74.5404
-74.53
-74.5166
-74.5015
-74.4908
-74.488
-74.4863
-74.4821
-74.477
-74.4699
-74.4631
-74.4562
-74.4501
-74.4501
-74.4512
-74.4522
-74.4513
-74.4517
-74.4513
-74.4455
-74.4374
-74.4387
-74.4522
-74.4644
-74.4687
-74.4725
-74.4751
-74.4749
-74.474
-74.4736
-74.4779
-74.4842
-74.4934
-74.4981
-74.4999
-74.496
-74.4863
-74.4718
-74.4553
-74.4426
-74.4319
-74.4244
-74.4205
-74.4166
-74.4136
-74.4064
-74.3987
-74.3958
-74.394
-74.3909
-74.3872
-74.38
-74.3713
-74.3661
-74.3628
-74.3588
-74.3602
-74.3577
-74.3526
-74.3498
-74.3505
-74.3579
-74.3689
-74.3766
-74.3816
-74.3888
-74.3984
-74.4055
-74.4058
-74.4023
-74.3978
-74.3916
-74.3901
-74.3925
-74.3959
-74.4015
-74.4068
-74.4086
-74.4042
-74.3923
-74.3812
-74.3752
-74.3675
-74.3553
-74.3428
-74.3296
-74.3141
-74.3018
-74.2975
-74.2906
-74.2819
-74.2771
-74.2775
-74.2776
-74.2778
-74.2738
-74.2669
-74.2539
-74.2387
-74.2272
-74.2201
-74.2125
-74.2125
-74.2191
-74.2259
-74.2273
-74.2284
-74.2282
-74.2268
-74.2225
-74.2196
-74.2199
-74.2251
-74.2308
-74.2299
-74.2307
-74.2375
-74.2476
-74.259
-74.268
-74.2749
-74.2761
-74.2747
-74.2697
-74.2599
-74.2489
-74.2399
-74.2378
-74.2413
-74.249
-74.2569
-74.2646
-74.2701
-74.2713
-74.2642
-74.2549
-74.2426
-74.2281
-74.2106
-74.1949
-74.1873
-74.1785
-74.1661
-74.1551
-74.1459
-74.1361
-74.1267
-74.1145
-74.1029
-74.1003
-74.0945
-74.0858
-74.0809
-74.0757
-74.0686
-74.0657
-74.0697
-74.0725
-74.0715
-74.0626
-74.0491
-74.0335
-74.0145
-73.9961
-73.9819
-73.9704
-73.9669
-73.9669
-73.9707
-73.9735
-73.9801
-73.9947
-74.0088
-74.0115
-74.0067
-73.9983
-73.9976
-74.0032
-74.0105
-74.0112
-74.0107
-74.0108
-74.012
-74.0131
-74.0076
-73.9983
-73.9924
-73.9945
-73.9976
-74.0058
-74.0107
-74.0137
-74.015
-74.0091
-74.0012
-73.9948
-73.987
-73.9788
-73.9784
-73.9771
-73.9731
-73.9828
-74.0035
-74.0161
-74.0199
-74.0155
-74.0091
-74.0026
-73.9903
-73.977
-73.9688
-73.9714
-73.9783
-73.9825
-73.9819
-73.977
-73.9673
-73.9607
-73.9577
-73.9538
-73.9457
-73.9352
-73.9196
-73.9067
-73.9014
-73.8986
-73.9023
-73.9063
-73.9035
-73.8973
-73.885
-73.8678
-73.8517
-73.8339
-73.8174
-73.7998
-73.7788
-73.7545
-73.7315
-73.7185
-73.709
-73.6985
-73.6866
-73.6745
-73.6581
-73.6374
-73.6191
-73.6105
-73.607
-73.605
-73.5992
-73.59
-73.5885
-73.5837
-73.573
-73.5637
-73.5551
-73.5517
-73.5586
-73.5701
-73.5788
-73.5815
-73.5813
-73.5741
-73.5606
-73.5424
-73.521
-73.4987
-73.4819
-73.4647
-73.4445
-73.4279
-73.4188
-73.4113
-73.3991
-73.3819
-73.3612
-73.338
-73.313
-73.2868
-73.2599
-73.2367
-73.2299
-73.2242
-73.2148
-73.2096
-73.2018
-73.1965
-73.1989
-73.2059
-73.2122
-73.2108
-73.202
-73.1945
-73.1965
-73.1986
-73.1938
-73.1881
-73.1842
-73.1758
-73.1623
-73.145
-73.1251
-73.1034
-73.0884
-73.0774
-73.0636
-73.0463
-73.0263
-73.0046
-72.9844
-72.9797
-72.9824
-72.98
-72.9718
-72.9689
-72.9656
-72.9648
-72.966
-72.963
-72.97
-72.9833
-72.9891
-72.9863
-72.9772
-72.9635
-72.9468
-72.9279
-72.9076
-72.8861
-72.8638
-72.8409
-72.8176
-72.794
-72.7703
-72.7464
-72.7224
-72.6984
-72.6745
-72.6506
-72.6269
-72.6032
-72.5797
-72.5564
-72.5332
-72.5102
-72.4875
-72.4649
-72.4425
-72.4204
-72.3984
-72.3768
-72.3553
-72.3341
-72.3141
-72.3086
-72.3077
-72.3031
-72.2942
-72.2823
-72.2683
-72.2529
-72.2366
-72.2197
-72.2024
-72.1849
-72.1672
-72.1495
-72.1318
-72.1141
-72.0964
-72.0789
-72.0615
-72.0442
-72.027
-72.01
-71.9932
-71.9765
-71.96
-71.9437
-71.9275
-71.9115
-71.8957
-71.8801
-71.8646
-71.8494
-71.8343
-71.8194
-71.8046
-71.7901
-71.7757
-71.7615
-71.7475
-71.7336
-71.7199
-71.7064
-71.693
-71.6798
-71.6668
-71.654
-71.6413
-71.6287
-71.6164
-71.6041
-71.5921
-71.5802
-71.5684
-71.5568
-71.5453
-71.534
-71.5228
-71.5118
-71.5009
-71.4902
-71.4796
-71.4691
-71.4588
-71.4486
-71.4385
-71.4286
-71.4188
-71.4091
-71.3996
-71.3902
-71.3809
-71.3717
-71.3626
-71.3537
-71.3449
-71.3362
-71.3276
-71.3192
-71.3109
-71.3026
-71.2945
-71.2865
-71.2786
-71.2709
-71.2632
-71.2556
-71.2481
-71.2408
-71.2335
-71.2263
-71.2193
-71.2123
-71.2054
-71.1986
-71.192
-71.1854
-71.1789
-71.1724
-71.1661
-71.1599
-71.1537
-71.1476
-71.1417
-71.1358
-71.13
-71.1242
-71.1186
-71.113
-71.1075
-71.1021
-71.0967
-71.0915
-71.0863
-71.0811
-71.0761
-71.0711
-71.0662
-71.0614
-71.0566
-71.0519
-71.0473
-71.0427
-71.0382
-71.0338
-71.0294
-71.0251
-71.0209
-71.0167
-71.0126
-71.0085
-71.0045
-71.0006
-70.9967
-70.9929
-70.9891
-70.9854
-70.9817
-70.9781
-70.9746
-70.9711
-70.9676
-70.9642
-70.9609
-70.9576
-70.9543
-70.9511
-70.948
-70.9449
-70.9418
-70.9388
-70.9358
-70.9329
-70.93
-70.9272
-70.9244
-70.9217
-70.919
-70.9163
-70.9137
-70.9111
-70.9086
-70.9061
-70.9036
-70.9012
-70.8988
-70.8964
-70.8941
-70.8919
-70.8896
-70.8874
-70.8852
-70.8831
-70.881
-70.8789
-70.8769
-70.8749
-70.8729
-70.871
-70.8691
-70.8672
-70.8653
-70.8635
-70.8617
-70.86
-70.8582
-70.8565
-70.8548
-70.8532
-70.8516
-70.85
-70.8484
-70.8469
-70.8454
-70.8439
-70.8424
-70.841
-70.8395
-70.8381
-70.8368
-70.8354
-70.8341
-70.8328
-70.8315
-70.8302
-70.829
-70.8278
-70.8266
-70.8254
-70.8243
-70.8231
-70.822
-70.8209
-70.8198
-70.8188
-70.8177
-70.8167
-70.8157
-70.8147
-70.8138
-70.8128
-70.8119
-70.811
-70.8101
-70.8092
-70.8083
-70.8075
-70.8066
-70.8058
-70.805
-70.8042
-70.8034
-70.8027
-70.8019
-70.8012
-70.8005
-70.7998
-70.7991
-70.7984
-70.7977
-70.7971
-70.7964
-70.7958
-70.7952
-70.7945
-70.794
-70.7934
-70.7928
-70.7922
-70.7917
-70.7911
-70.7906
-70.7901
-70.7896
-70.7891
-70.7886
-70.7881
-70.7877
-70.7872
-70.7868
-70.7863
-70.7859
-70.7855
-70.785
-70.7846
-70.7842
-70.7839
-70.7835
-70.7831
-70.7827
-70.7824
-70.782
-70.7817
-70.7814
-70.781
-70.7807
-70.7804
-70.7801
-70.7798
-70.7795
-70.7792
-70.779
-70.7787
-70.7784
-70.7782
-70.7779
-70.7777
-70.7774
-70.7772
-70.777
-70.7767
-70.7765
-70.7763
-70.7761
-70.7759
-70.7757
-70.7755
-70.7753
-70.7751
-70.775
-70.7748
-70.7746
-70.7745
-70.7743
-70.7741
-70.774
-70.7738
-70.7737
-70.7736
-70.7734
-70.7733
-70.7732
-70.7731
-70.7729
-70.7728
-70.7727
-70.7726
-70.7725
-70.7724
-70.7723
-70.7722
-70.7721
-70.772
-70.7719
-70.7718
-70.7718
-70.7717
-70.7716
-70.7715
-70.7715
-70.7714
-70.7713
-70.7713
-70.7712
-70.7712
-70.7711
-70.7711
-70.771
-70.771
-70.7709
-70.7709
-70.7708
-70.7708
-70.7708
-70.7707
-70.7707
-70.7707
-70.7706
-70.7706
-70.7706
-70.7706
-70.7705
-70.7705
-70.7705
-70.7705
-70.7705
-70.7705
-70.7704
-70.7704
-70.7704
-70.7704
-70.7704
-70.7704
-70.7704
-70.7704
-70.7704
-70.7704
-70.7704
-70.7704
-70.7704
-70.7704
-70.7704
-70.7704
-70.7704
-70.7704
-70.7704
-70.7705
-70.7705
-70.7705
-70.7705
-70.7705
-70.7705
-70.7705
-70.7705
-70.7706
-70.7706
-70.7706
-70.7706
-70.7706
-70.7707
-70.7707
-70.7707
-70.7707
-70.7707
-70.7708
-70.7708
-70.7708
-70.7708
-70.7709
-70.7709
-70.7709
-70.771
-70.771
-70.771
-70.771
-70.7711
-70.7711
-70.7711
-70.7712
-70.7712
-70.7712
-70.7712
-70.7713
-70.7713
-70.7713
-70.7714
-70.7714
-70.7714
-70.7715
-70.7715
-70.7715
-70.7716
-70.7716
-70.7716
-70.7717
-70.7717
-70.7717
-70.7718
-70.7718
-70.7718
-70.7719
-70.7719
-70.7719
-70.772
-70.772
-70.772
-70.7721
-70.7721
-70.7721
-70.7722
-70.7722
-70.7723
-70.7723
-70.7723
-70.7724
-70.7724
-70.7724
-70.7725
-70.7725
-70.7725
-70.7726
-70.7726
-70.7726
-70.7727
-70.7727
-70.7727
-70.7728
-70.7728
-70.7728
-70.7729
-70.7729
-70.773
-70.773
-70.773
-70.7731
-70.7731
-70.7731
-70.7732
-70.7732
-70.7732
-70.7733
-70.7733
-70.7733
-70.7734
-70.7734
-70.7734
-70.7735
-70.7735
-70.7735
-70.7736
-70.7736
-70.7736
-70.7737
-70.7737
-70.7737
-70.7738
-70.7738
-70.7738
-70.7738
-70.7739
-70.7739
-70.7739
-70.774

