-70
-70.1661
-70.23
-70.2566
-70.2695
-70.2773
-70.283
-70.2879
-70.2925
-70.297
-70.3014
-70.3057
-70.31
-70.3142
-70.3185
-70.3226
-70.3268
-70.3309
-70.335
-70.3391
-70.3431
-70.3471
-70.351
-70.3549
-70.3588
-70.3626
-70.3664
-70.3701
-70.3738
-70.3775
-70.3811
-70.3847
-70.3883
-70.3918
-70.3953
-70.3987
-70.4021
-70.4055
-70.4088
-70.4121
-70.4154
-70.4186
-70.4218
-70.4249
-70.428
-70.4311
-70.4341
-70.4372
-70.4401
-70.4431
-70.446
-70.4489
-70.4517
-70.4545
-70.4573
-70.4601
-70.4628
-70.4655
-70.4682
-70.4708
-70.4734
-70.476
-70.4785
-70.481
-70.4835
-70.486
-70.4884
-70.4908
-70.4932
-70.4955
-70.4978
-70.5001
-70.5024
-70.5046
-70.5068
-70.509
-70.5112
-70.5133
-70.5154
-70.5175
-70.5196
-70.5216
-70.5236
-70.5256
-70.5276
-70.5295
-70.5315
-70.5334
-70.5352
-70.5371
-70.5389
-70.5407
-70.5425
-70.5443
-70.5461
-70.5478
-70.5495
-70.5512
-70.5528
-70.5545
-70.5561
-70.5577
-70.5593
-70.5609
-70.5624
-70.5639
-70.5655
-70.5669
-70.5684
-70.5699
-70.5713
-70.5727
-70.5741
-70.5755
-70.5769
-70.5782
-70.5796
-70.5809
-70.5822
-70.5835
-70.5848
-70.586
-70.5873
-70.5885
-70.5897
-70.5909
-70.5921
-70.5932
-70.5944
-70.5955
-70.5966
-70.5977
-70.5988
-70.5999
-70.601
-70.602
-70.603
-70.6041
-70.6051
-70.6061
-70.6071
-70.608
-70.609
-70.6099
-70.6109
-70.6118
-70.6127
-70.6136
-70.6145
-70.6154
-70.6162
-70.6171
-70.6179
-70.6187
-70.6196
-70.6204
-70.6212
-70.622
-70.6227
-70.6235
-70.6242
-70.625
-70.6257
-70.6265
-70.6272
-70.6279
-70.6286
-70.6293
-70.6299
-70.6306
-70.6313
-70.6319
-70.6325
-70.6332
-70.6338
-70.6344
-70.635
-70.6356
-70.6362
-70.6368
-70.6374
-70.6379
-70.6385
-70.639
-70.6396
-70.6401
-70.6406
-70.6411
-70.6417
-70.6422
-70.6427
-70.6431
-70.6436
-70.6441
-70.6446
-70.645
-70.6455
-70.6459
-70.6464
-70.6468
-70.6472
-70.6476
-70.6481
-70.6485
-70.6489
-70.6493
-70.6497
-70.65
-70.6504
-70.6508
-70.6512
-70.6515
-70.6519
-70.6522
-70.6526
-70.6529
-70.6533
-70.6536
-70.6539
-70.6542
-70.6545
-70.6549
-70.6552
-70.6555
-70.6558
-70.656
-70.6563
-70.6566
-70.6569
-70.6572
-70.6574
-70.6577
-70.658
-70.6582
-70.6585
-70.6587
-70.6589
-70.6592
-70.6594
-70.6597
-70.6599
-70.6601
-70.6603
-70.6605
-70.6607
-70.661
-70.6612
-70.6614
-70.6616
-70.6617
-70.6619
-70.6621
-70.6623
-70.6625
-70.6627
-70.6628
-70.663
-70.6632
-70.6633
-70.6635
-70.6637
-70.6638
-70.664
-70.6641
-70.6643
-70.6644
-70.6646
-70.6647
-70.6648
-70.665
-70.6651
-70.6652
-70.6653
-70.6655
-70.6656
-70.6657
-70.6658
-70.6659
-70.666
-70.6662
-70.6663
-70.6664
-70.6665
-70.6666
-70.6667
-70.6668
-70.6669
-70.667
-70.667
-70.6671
-70.6672
-70.6673
-70.6674
-70.6675
-70.6675
-70.6676
-70.6677
-70.6678
-70.6678
-70.6679
-70.668
-70.668
-70.6681
-70.6682
-70.6682
-70.6683
-70.6683
-70.6684
-70.6685
-70.6685
-70.6686
-70.6686
-70.6687
-70.6687
-70.6688
-70.6688
-70.6688
-70.6689
-70.6689
-70.669
-70.669
-70.669
-70.6691
-70.6691
-70.6691
-70.6692
-70.6692
-70.6692
-70.6693
-70.6693
-70.6693
-70.6694
-70.6694
-70.6694
-70.6694
-70.6694
-70.6695
-70.6695
-70.6695
-70.6695
-70.6695
-70.6696
-70.6696
-70.6696
-70.6696
-70.6696
-70.6696
-70.6696
-70.6697
-70.6697
-70.6697
-70.6697
-70.6697
-70.6697
-70.6697
-70.6697
-70.6697
-70.6697
-70.6697
-70.6697
-70.6697
-70.6697
-70.6697
-70.6697
-70.6697
-70.6697
-70.6697
-70.6697
-70.6697
-70.6697
-70.6697
-70.6697
-70.6697
-70.6697
-70.6697
-70.6697
-70.6697
-70.6697
-70.6697
-70.6697
-70.6697
-70.6697
-70.6697
-70.6696
-70.6696
-70.6696
-70.6696
-70.6696
-70.6696
-70.6696
-70.6696
-70.6696
-70.6695
-70.6695
-70.6695
-70.6695
-70.6695
-70.6695
-70.6695
-70.6695
-70.6694
-70.6694
-70.6694
-70.6694
-70.6694
-70.6694
-70.6693
-70.6693
-70.6693
-70.6693
-70.6693
-70.6693
-70.6693
-70.6692
-70.6692
-70.6692
-70.6692
-70.6692
-70.6691
-70.6691
-70.6691
-70.6691
-70.6691
-70.6691
-70.669
-70.669
-70.669
-70.669
-70.669
-70.6689
-70.6689
-70.6689
-70.6689
-70.6689
-70.6688
-70.6688
-70.6688
-70.6688
-70.6688
-70.6687
-70.6687
-70.6687
-70.6687
-70.6686
-70.6686
-70.6686
-70.6686
-70.6686
-70.6685
-70.6685
-70.6685
-70.6685
-70.6685
-70.6684
-70.6684
-70.6684
-70.6684
-70.6684
-70.6683
-70.6683
-70.6683
-70.6683
-70.6682
-70.6682
-70.6682
-70.6682
-70.6682
-70.6681
-70.6681
-70.6681
-70.6681
-70.6681
-70.6682
-70.8269
-71.5701
-72.5452
-73.3613
-73.8625
-74.1215
-59.2587
-52.564
-50.2466
-48.1772
-43.4702
12.1737
-26.4721
-57.4067
-69.0692
-68.2456
-67.2015
-66.1262
-65.0392
-63.9588
-62.9028
-61.8879
-60.9273
-60.0313
-59.1275
-58.2768
-57.5544
-56.9254
-56.3759
-55.8988
-55.4868
-55.1174
-54.8017
-54.5401
-54.3247
-54.1483
-54.0037
-53.8803
-53.7736
-53.6895
-53.6239
-53.5731
-53.5341
-53.5043
-53.4807
-53.4548
-53.4353
-53.4222
-53.4136
-53.4082
-53.4051
-53.4039
-53.404
-53.4009
-53.3935
-53.3898
-53.3888
-53.3895
-53.3912
-53.3935
-53.3963
-53.3994
-53.4027
-53.4062
-53.4076
-53.3994
-53.3948
-53.3936
-53.3942
-53.3958
-53.3979
-53.4002
-53.4027
-53.4053
-53.4079
-53.4106
-53.4132
-53.4155
-53.4175
-53.4192
-53.4205
-53.413
-53.3998
-53.3933
-53.3902
-53.3881
-53.3852
-53.3793
-53.3622
-53.2181
-53.0289
-53.051
-53.1151
-53.1725
-53.2147
-53.2435
-53.2628
-53.2763
-53.287
-53.2967
-53.3068
-53.3186
-53.3331
-53.3518
-53.376
-53.4066
-53.4436
-53.4669
-53.4578
-53.4439
-53.4362
-53.4344
-53.4359
-53.4394
-53.4442
-53.4503
-53.4574
-53.4656
-53.4748
-53.4852
-53.4968
-53.5097
-53.5239
-53.5395
-53.5567
-53.5756
-53.5962
-53.6189
-53.6436
-53.6706
-53.7
-53.7323
-53.7677
-53.8063
-53.8484
-53.8943
-53.9443
-53.9986
-54.0577
-54.1218
-54.1913
-54.2664
-54.3473
-53.7456
-53.465
-53.3837
-53.3479
-53.347
-53.3596
-53.3759
-53.3926
-53.4085
-53.4235
-53.4376
-53.4511
-53.4644
-53.4776
-53.4908
-53.5041
-53.5178
-53.5321
-53.5471
-53.563
-53.58
-53.5983
-53.6184
-53.6404
-53.6639
-53.6892
-53.7166
-53.7478
-53.7838
-53.8235
-53.8652
-53.9095
-53.9572
-54.0101
-54.0673
-54.1282
-54.1933
-54.2681
-54.3547
-54.4481
-54.5448
-54.6454
-54.7512
-53.7431
-53.3704
-53.2939
-53.2806
-53.2868
-53.3062
-53.3287
-53.3502
-53.3696
-53.3869
-53.4023
-53.4163
-53.4295
-53.442
-53.454
-53.4659
-53.4784
-53.4916
-53.505
-53.5187
-53.5328
-53.5476
-53.5634
-53.5805
-53.5999
-53.6206
-53.6437
-53.6701
-53.7001
-53.7322
-53.7657
-53.8013
-53.8393
-53.8803
-53.9246
-53.9737
-54.0296
-54.092
-54.1613
-54.2401
-54.3254
-54.4131
-54.5039
-54.5993
-54.7001
-54.807
-54.9208
-55.0432
-55.1851
-55.3452
-55.5157
-55.7069
-55.9046
-54.5379
-53.3529
-53.1107
-53.0957
-53.123
-53.1678
-53.2134
-53.2546
-53.2903
-53.3207
-53.3469
-53.3695
-53.3891
-53.4064
-53.4219
-53.4363
-53.4498
-53.4629
-53.4758
-53.4891
-53.5035
-53.5193
-53.5367
-53.5558
-53.5753
-53.5955
-53.6167
-53.6393
-53.6637
-53.69
-53.7196
-53.7537
-53.7948
-53.8421
-53.8911
-53.9416
-53.9949
-54.0517
-54.1127
-54.1783
-54.2489
-54.3263
-54.4145
-54.5152
-54.0012
-53.4175
-53.2772
-53.2645
-53.2838
-53.3088
-53.3325
-53.3536
-53.372
-53.3882
-53.4029
-53.4165
-53.4299
-53.4428
-53.4551
-53.4669
-53.4787
-53.4907
-53.5031
-53.5188
-53.5409
-53.5701
-53.6082
-53.6484
-53.689
-53.7282
-53.7666
-53.8064
-53.8507
-53.9138
-54.0052
-54.1274
-54.2557
-54.3681
-54.4712
-54.5732
-54.6801
-54.7941
-54.9244
-55.0871
-55.2849
-55.5091
-55.7417
-55.9693
-56.1962
-56.4295
-56.6732
-56.9321
-57.2126
-57.5277
-57.8886
-58.2862
-58.7024
-59.1207
-59.5329
-59.9455
-60.3612
-60.7849
-61.2232
-61.6886
-62.1953
-62.7376
-63.2974
-63.8504
-64.3776
-64.8783
-65.3615
-65.8292
-66.2862
-66.7402
-67.2057
-67.6902
-68.1779
-68.6564
-69.1023
-69.5082
-69.8766
-70.2153
-70.5282
-70.8205
-71.0998
-71.3783
-71.6603
-71.9376
-72.2003
-72.4369
-72.645
-72.8267
-72.9864
-73.1292
-73.2581
-73.3779
-73.4966
-73.6171
-73.7347
-73.8468
-73.9457
-74.0304
-74.1023
-74.1625
-74.2147
-74.2605
-74.3016
-74.3427
-74.3866
-74.4314
-74.4752
-74.5151
-74.5478
-74.5743
-74.5955
-74.6118
-74.6242
-74.6344
-74.6438
-74.6566
-74.6718
-74.6877
-74.7049
-74.7207
-74.7316
-74.7392
-74.7448
-74.7479
-74.7489
-74.7486
-74.7488
-74.7517
-74.7558
-74.7613
-74.7689
-74.7767
-74.7809
-74.7821
-74.7821
-74.7807
-74.7788
-74.7756
-74.773
-74.7734
-74.7739
-74.7752
-74.779
-74.7849
-74.7887
-74.79
-74.789
-74.7865
-74.7838
-74.7807
-74.7775
-74.775
-74.7736
-74.7721
-74.7715
-74.7735
-74.7782
-74.7808
-74.7807
-74.7793
-74.7758
-74.7734
-74.7711
-74.7696
-74.7691
-74.768
-74.7661
-74.7648
-74.7652
-74.7689
-74.7732
-74.7739
-74.7724
-74.7696
-74.7649
-74.7609
-74.7582
-74.7576
-74.7566
-74.7551
-74.7527
-74.7502
-74.7498
-74.7533
-74.7588
-74.7607
-74.7593
-74.7564
-74.7544
-74.7515
-74.7489
-74.7472
-74.7469
-74.7461
-74.7452
-74.7434
-74.7408
-74.7411
-74.7451
-74.7496
-74.7503
-74.7478
-74.7442
-74.7414
-74.7382
-74.7336
-74.7313
-74.7292
-74.7276
-74.7267
-74.7263
-74.7241
-74.7236
-74.7272
-74.7322
-74.7365
-74.7365
-74.7358
-74.7345
-74.7315
-74.728
-74.7247
-74.722
-74.7188
-74.7158
-74.7141
-74.7128
-74.7099
-74.7091
-74.7124
-74.7175
-74.7218
-74.7235
-74.7234
-74.7222
-74.7195
-74.7146
-74.7094
-74.706
-74.7023
-74.6979
-74.6944
-74.6925
-74.6909
-74.6889
-74.6888
-74.6929
-74.6999
-74.7062
-74.7109
-74.7125
-74.7114
-74.7107
-74.7083
-74.7049
-74.6998
-74.6947
-74.6887
-74.6825
-74.6777
-74.6737
-74.6728
-74.6699
-74.6676
-74.6701
-74.6774
-74.686
-74.6928
-74.6971
-74.6974
-74.6951
-74.6912
-74.6887
-74.6856
-74.6816
-74.6749
-74.6666
-74.6596
-74.6536
-74.65
-74.6481
-74.6467
-74.6451
-74.6448
-74.6494
-74.6605
-74.6709
-74.6778
-74.6812
-74.6815
-74.6797
-74.6774
-74.674
-74.6708
-74.6679
-74.6632
-74.6555
-74.6461
-74.6368
-74.6304
-74.6276
-74.6252
-74.6218
-74.6183
-74.6184
-74.6235
-74.6328
-74.6432
-74.6532
-74.6584
-74.6592
-74.6597
-74.6586
-74.6541
-74.6497
-74.6465
-74.6434
-74.6372
-74.6296
-74.6223
-74.6136
-74.603
-74.597
-74.5949
-74.5941
-74.5932
-74.5913
-74.5896
-74.5942
-74.6069
-74.6157
-74.6241
-74.6294
-74.6328
-74.6364
-74.6372
-74.6339
-74.6288
-74.6238
-74.6187
-74.6142
-74.6095
-74.6056
-74.6003
-74.5924
-74.5838
-74.5755
-74.569
-74.5614
-74.5576
-74.559
-74.5594
-74.5571
-74.5585
-74.5655
-74.5769
-74.5855
-74.5933
-74.5984
-74.6011
-74.603
-74.6035
-74.603
-74.5992
-74.5933
-74.5879
-74.5824
-74.5762
-74.5721
-74.5686
-74.5662
-74.5603
-74.5504
-74.5404
-74.5334
-74.5265
-74.5202
-74.5171
-74.514
-74.5114
-74.5129
-74.5137
-74.5181
-74.5307
-74.5383
-74.5425
-74.5491
-74.5595
-74.5641
-74.5634
-74.56
-74.5584
-74.5546
-74.5498
-74.5469
-74.5457
-74.5422
-74.5367
-74.5313
-74.5246
-74.52
-74.5129
-74.5045
-74.4963
-74.4915
-74.4901
-74.4875
-74.4802
-74.4735
-74.467
-74.46
-74.4501
-74.4417
-74.4385
-74.4406
-74.4552
-74.4709
-74.4791
-74.486
-74.4927
-74.4992
-74.5069
-74.5088
-74.508
-74.5062
-74.5033
-74.5048
-74.5076
-74.5063
-74.4993
-74.4884
-74.4792
-74.473
-74.4696
-74.4673
-74.46
-74.4482
-74.437
-74.427
-74.4248
-74.4268
-74.4273
-74.4236
-74.4163
-74.4123
-74.4095
-74.4057
-74.4001
-74.392
-74.3821
-74.3706
-74.357
-74.3441
-74.3447
-74.3615
-74.3837
-74.4047
-74.4153
-74.4217
-74.4272
-74.4337
-74.4363
-74.4354
-74.4335
-74.4331
-74.4335
-74.4349
-74.4329
-74.4276
-74.4198
-74.409
-74.4017
-74.3947
-74.3867
-74.3784
-74.3704
-74.3614
-74.3492
-74.3362
-74.3238
-74.3162
-74.3128
-74.3121
-74.3139
-74.3157
-74.3178
-74.315
-74.3093
-74.3038
-74.302
-74.3013
-74.2991
-74.2936
-74.285
-74.2778
-74.2704
-74.2582
-74.2448
-74.2347
-74.2313
-74.2361
-74.2473
-74.256
-74.2576
-74.2613
-74.2683
-74.2759
-74.2862
-74.2992
-74.3086
-74.3177
-74.3237
-74.322
-74.3187
-74.3149
-74.3124
-74.3055
-74.2996
-74.2942
-74.2896
-74.286
-74.285
-74.2803
-74.271
-74.2599
-74.2466
-74.2318
-74.2196
-74.2096
-74.2031
-74.2016
-74.1964
-74.1921
-74.1828
-74.171
-74.1591
-74.1459
-74.1392
-74.1372
-74.1333
-74.1265
-74.117
-74.1059
-74.1004
-74.1097
-74.125
-74.1359
-74.1394
-74.1352
-74.1231
-74.112
-74.1103
-74.1058
-74.0972
-74.0844
-74.0749
-74.0676
-74.0569
-74.0465
-74.0353
-74.0259
-74.0163
-74.0085
-74.0046
-74.0152
-74.0302
-74.047
-74.0547
-74.0585
-74.0594
-74.056
-74.0545
-74.0513
-74.0476
-74.0421
-74.0424
-74.0425
-74.0468
-74.0541
-74.0611
-74.0711
-74.0847
-74.093
-74.0935
-74.0876
-74.08
-74.0758
-74.0703
-74.0655
-74.0637
-74.0627
-74.0612
-74.06
-74.0553
-74.0489
-74.0398
-74.0281
-74.0116
-74.0005
-74.0045
-74.0068
-74.0006
-73.9966
-73.9934
-73.9887
-73.9865
-73.9796
-73.9657
-73.9464
-73.9236
-73.9031
-73.8859
-73.8677
-73.8481
-73.8295
-73.8114
-73.8
-73.7912
-73.7789
-73.7675
-73.7733
-73.7929
-73.8107
-73.8292
-73.8457
-73.8585
-73.8685
-73.8687
-73.8598
-73.8443
-73.8262
-73.8116
-73.799
-73.7828
-73.7622
-73.7383
-73.7119
-73.6914
-73.6839
-73.6753
-73.6639
-73.6582
-73.6498
-73.6353
-73.62
-73.6128
-73.6029
-73.5887
-73.5819
-73.5869
-73.5979
-73.6022
-73.6039
-73.6131
-73.6265
-73.6374
-73.639
-73.6315
-73.619
-73.6078
-73.5939
-73.5821
-73.5688
-73.5511
-73.5297
-73.5056
-73.4795
-73.4521
-73.429
-73.4186
-73.4148
-73.409
-73.397
-73.3796
-73.3622
-73.3488
-73.3327
-73.314
-73.3007
-73.3005
-73.3137
-73.3215
-73.325
-73.3343
-73.338
-73.333
-73.3214
-73.3124
-73.3031
-73.2954
-73.3066
-73.3163
-73.3163
-73.3079
-73.2937
-73.2785
-73.2681
-73.2554
-73.2386
-73.219
-73.2121
-73.2114
-73.2106
-73.2101
-73.2034
-73.1907
-73.1736
-73.1533
-73.1309
-73.1126
-73.1002
-73.0857
-73.0684
-73.0577
-73.0479
-73.034
-73.0164
-72.996
-72.9766
-72.966
-72.955
-72.9402
-72.922
-72.9014
-72.8791
-72.8557
-72.8315
-72.8068
-72.7818
-72.7633
-72.7533
-72.7417
-72.7264
-72.7084
-72.6883
-72.6669
-72.6446
-72.6218
-72.6089
-72.6023
-72.5928
-72.5795
-72.5632
-72.5448
-72.5251
-72.5045
-72.4832
-72.4616
-72.4397
-72.4177
-72.3956
-72.3735
-72.3536
-72.3605
-72.3755
-72.3832
-72.3827
-72.3762
-72.3654
-72.3519
-72.3364
-72.3196
-72.3019
-72.2835
-72.2646
-72.2455
-72.2261
-72.2066
-72.187
-72.1675
-72.1479
-72.1285
-72.1091
-72.0898
-72.0707
-72.0516
-72.0328
-72.0141
-71.9956
-71.9772
-71.9636
-71.966
-71.9691
-71.9674
-71.9613
-71.9521
-71.9406
-71.9278
-71.914
-71.8995
-71.8846
-71.8693
-71.854
-71.8385
-71.8229
-71.8074
-71.7919
-71.7764
-71.761
-71.7458
-71.7306
-71.7155
-71.7006
-71.6859
-71.6712
-71.6567
-71.6424
-71.6282
-71.6141
-71.6003
-71.5865
-71.573
-71.5595
-71.5463
-71.5331
-71.5202
-71.5074
-71.4947
-71.4822
-71.4699
-71.4576
-71.4456
-71.4337
-71.4219
-71.4103
-71.3988
-71.3875
-71.3762
-71.3652
-71.3543
-71.3435
-71.3328
-71.3223
-71.3119
-71.3017
-71.2916
-71.2816
-71.2717
-71.262
-71.2524
-71.2429
-71.2335
-71.2243
-71.2151
-71.2061
-71.1972
-71.1885
-71.1798
-71.1712
-71.1628
-71.1545
-71.1462
-71.1381
-71.1301
-71.1222
-71.1144
-71.1067
-71.0991
-71.0916
-71.0842
-71.0769
-71.0697
-71.0626
-71.0556
-71.0486
-71.0418
-71.0351
-71.0284
-71.0219
-71.0154
-71.009
-71.0027
-70.9965
-70.9903
-70.9843
-70.9783
-70.9725
-70.9666
-70.9609
-70.9553
-70.9497
-70.9442
-70.9388
-70.9335
-70.9282
-70.923
-70.9179
-70.9128
-70.9078
-70.9029
-70.8981
-70.8933
-70.8886
-70.884
-70.8794
-70.8749
-70.8704
-70.8661
-70.8617
-70.8575
-70.8533
-70.8492
-70.8451
-70.8411
-70.8371
-70.8332
-70.8294
-70.8256
-70.8218
-70.8182
-70.8145
-70.811
-70.8075
-70.804
-70.8006
-70.7972
-70.7939
-70.7906
-70.7874
-70.7843
-70.7811
-70.7781
-70.775
-70.7721
-70.7691
-70.7663
-70.7634
-70.7606
-70.7579
-70.7551
-70.7525
-70.7499
-70.7473
-70.7447
-70.7422
-70.7397
-70.7373
-70.7349
-70.7326
-70.7303
-70.728
-70.7258
-70.7236
-70.7214
-70.7193
-70.7172
-70.7151
-70.7131
-70.7111
-70.7091
-70.7072
-70.7053
-70.7034
-70.7016
-70.6998
-70.698
-70.6963
-70.6946
-70.6929
-70.6912
-70.6896
-70.688
-70.6865
-70.6849
-70.6834
-70.6819
-70.6805
-70.679
-70.6776
-70.6762
-70.6749
-70.6736
-70.6722
-70.671
-70.6697
-70.6685
-70.6673
-70.6661
-70.6649
-70.6638
-70.6626
-70.6615
-70.6604
-70.6594
-70.6583
-70.6573
-70.6563
-70.6554
-70.6544
-70.6535
-70.6525
-70.6516
-70.6507
-70.6499
-70.649
-70.6482
-70.6474
-70.6466
-70.6458
-70.6451
-70.6443
-70.6436
-70.6429
-70.6422
-70.6415
-70.6408
-70.6402
-70.6395
-70.6389
-70.6383
-70.6377
-70.6372
-70.6366
-70.636
-70.6355
-70.635
-70.6345
-70.634
-70.6335
-70.633
-70.6325
-70.6321
-70.6317
-70.6312
-70.6308
-70.6304
-70.63
-70.6297
-70.6293
-70.6289
-70.6286
-70.6282
-70.6279
-70.6276
-70.6273
-70.627
-70.6267
-70.6264
-70.6262
-70.6259
-70.6256
-70.6254
-70.6252
-70.6249
-70.6247
-70.6245
-70.6243
-70.6241
-70.6239
-70.6238
-70.6236
-70.6234
-70.6233
-70.6231
-70.623
-70.6229
-70.6227
-70.6226
-70.6225
-70.6224
-70.6223
-70.6222
-70.6221
-70.622
-70.6219
-70.6219
-70.6218
-70.6218
-70.6217
-70.6217
-70.6216
-70.6216
-70.6215
-70.6215
-70.6215
-70.6215
-70.6215
-70.6215
-70.6215
-70.6215
-70.6215
-70.6215
-70.6215
-70.6215
-70.6215
-70.6216
-70.6216
-70.6216
-70.6217
-70.6217
-70.6218
-70.6218
-70.6219
-70.6219
-70.622
-70.622
-70.6221
-70.6222
-70.6222
-70.6223
-70.6224
-70.6225
-70.6226
-70.6226
-70.6227
-70.6228
-70.6229
-70.623
-70.6231
-70.6232
-70.6233
-70.6234
-70.6235
-70.6237
-70.6238
-70.6239
-70.624
-70.6241
-70.6242
-70.6244
-70.6245
-70.6246
-70.6247
-70.6249
-70.625
-70.6251
-70.6253
-70.6254
-70.6255
-70.6257
-70.6258
-70.626
-70.6261
-70.6263
-70.6264
-70.6265
-70.6267
-70.6268
-70.627
-70.6271
-70.6273
-70.6275
-70.6276
-70.6278
-70.6279
-70.6281
-70.6282
-70.6284
-70.6285
-70.6287
-70.6289
-70.629
-70.6292
-70.6294
-70.6295
-70.6297
-70.6298
-70.63
-70.6302
-70.6303
-70.6305
-70.6307
-70.6308
-70.631
-70.6312
-70.6313
-70.6315
-70.6317
-70.6318
-70.632
-70.6322
-70.6323
-70.6325
-70.6327
-70.6328
-70.633
-70.6332
-70.6334
-70.6335
-70.6337
-70.6339
-70.634
-70.6342
-70.6344
-70.6345
-70.6347
-70.6349
-70.635
-70.6352
-70.6354
-70.6355
-70.6357
-70.6359
-70.636
-70.6362
-70.6364
-70.6365
-70.6367
-70.6369
-70.637
-70.6372
-70.6374
-70.6375
-70.6377
-70.6379
-70.638
-70.6382
-70.6384
-70.6385
-70.6387
-70.6388
-70.639
-70.6392
-70.6393
-70.6395
-70.6396
-70.6398
-70.64
-70.6401
-70.6403
-70.6404
-70.6406
-70.6407
-70.6409
-70.6411
-70.6412
-70.6414
-70.6415
-70.6417
-70.6418
-70.642
-70.6421
-70.6423
-70.6424
-70.6426
-70.6427
-70.6429
-70.643
-70.6432
-70.6433
-70.6435
-70.6436
-70.6437
-70.6439

