-70
-70.1661
-70.23
-70.2566
-70.2695
-70.2773
-70.283
-70.2879
-70.2925
-70.297
-70.3014
-70.3057
-70.31
-70.3142
-70.3185
-70.3226
-70.3268
-70.3309
-70.335
-70.3391
-70.3431
-70.3471
-70.351
-70.3549
-70.3588
-70.3626
-70.3664
-70.3701
-70.3738
-70.3775
-70.3811
-70.3847
-70.3883
-70.3918
-70.3953
-70.3987
-70.4021
-70.4055
-70.4088
-70.4121
-70.4154
-70.4186
-70.4218
-70.4249
-70.428
-70.4311
-70.4341
-70.4372
-70.4401
-70.4431
-70.446
-70.4489
-70.4517
-70.4545
-70.4573
-70.4601
-70.4628
-70.4655
-70.4682
-70.4708
-70.4734
-70.476
-70.4785
-70.481
-70.4835
-70.486
-70.4884
-70.4908
-70.4932
-70.4955
-70.4978
-70.5001
-70.5024
-70.5046
-70.5068
-70.509
-70.5112
-70.5133
-70.5154
-70.5175
-70.5196
-70.5216
-70.5236
-70.5256
-70.5276
-70.5295
-70.5315
-70.5334
-70.5352
-70.5371
-70.5389
-70.5407
-70.5425
-70.5443
-70.5461
-70.5478
-70.5495
-70.5512
-70.5528
-70.5545
-70.5561
-70.5577
-70.5593
-70.5609
-70.5624
-70.5639
-70.5655
-70.5669
-70.5684
-70.5699
-70.5713
-70.5727
-70.5741
-70.5755
-70.5769
-70.5782
-70.5796
-70.5809
-70.5822
-70.5835
-70.5848
-70.586
-70.5873
-70.5885
-70.5897
-70.5909
-70.5921
-70.5932
-70.5944
-70.5955
-70.5966
-70.5977
-70.5988
-70.5999
-70.601
-70.602
-70.603
-70.6041
-70.6051
-70.6061
-70.6071
-70.608
-70.609
-70.6099
-70.6109
-70.6118
-70.6127
-70.6136
-70.6145
-70.6154
-70.6162
-70.6171
-70.6179
-70.6187
-70.6196
-70.6204
-70.6212
-70.622
-70.6227
-70.6235
-70.6242
-70.625
-70.6257
-70.6265
-70.6272
-70.6279
-70.6286
-70.6293
-70.6299
-70.6306
-70.6313
-70.6319
-70.6325
-70.6332
-70.6338
-70.6344
-70.635
-70.6356
-70.6362
-70.6368
-70.6374
-70.6379
-70.6385
-70.639
-70.6396
-70.6401
-70.6406
-70.6411
-70.6417
-70.6422
-70.6427
-70.6431
-70.6436
-70.6441
-70.6446
-70.645
-70.6455
-70.6459
-70.6464
-70.6468
-70.6472
-70.6476
-70.6481
-70.6485
-70.6489
-70.6493
-70.6497
-70.65
-70.6504
-70.6508
-70.6512
-70.6515
-70.6519
-70.6522
-70.6526
-70.6529
-70.6533
-70.6536
-70.6539
-70.6542
-70.6545
-70.6549
-70.6552
-70.6555
-70.6558
-70.656
-70.6563
-70.6566
-70.6569
-70.6572
-70.6574
-70.6577
-70.658
-70.6582
-70.6585
-70.6587
-70.6589
-70.6592
-70.6594
-70.6597
-70.6599
-70.6601
-70.6603
-70.6605
-70.6607
-70.661
-70.6612
-70.6614
-70.6616
-70.6617
-70.6619
-70.6621
-70.6623
-70.6625
-70.6627
-70.6628
-70.663
-70.6632
-70.6633
-70.6635
-70.6637
-70.6638
-70.664
-70.6641
-70.6643
-70.6644
-70.6646
-70.6647
-70.6648
-70.665
-70.6651
-70.6652
-70.6653
-70.6655
-70.6656
-70.6657
-70.6658
-70.6659
-70.666
-70.6662
-70.6663
-70.6664
-70.6665
-70.6666
-70.6667
-70.6668
-70.6669
-70.667
-70.667
-70.6671
-70.6672
-70.6673
-70.6674
-70.6675
-70.6675
-70.6676
-70.6677
-70.6678
-70.6678
-70.6679
-70.668
-70.668
-70.6681
-70.6682
-70.6682
-70.6683
-70.6683
-70.6684
-70.6685
-70.6685
-70.6686
-70.6686
-70.6687
-70.6687
-70.6688
-70.6688
-70.6688
-70.6689
-70.6689
-70.669
-70.669
-70.669
-70.6691
-70.6691
-70.6691
-70.6692
-70.6692
-70.6692
-70.6693
-70.6693
-70.6693
-70.6694
-70.6694
-70.6694
-70.6694
-70.6694
-70.6695
-70.6695
-70.6695
-70.6695
-70.6695
-70.6696
-70.6696
-70.6696
-70.6696
-70.6696
-70.6696
-70.6696
-70.6697
-70.6697
-70.6697
-70.6697
-70.6697
-70.6697
-70.6697
-70.6697
-70.6697
-70.6697
-70.6697
-70.6697
-70.6697
-70.6697
-70.6697
-70.6697
-70.6697
-70.6697
-70.6697
-70.6697
-70.6697
-70.6697
-70.6697
-70.6697
-70.6697
-70.6697
-70.6697
-70.6697
-70.6697
-70.6697
-70.6697
-70.6697
-70.6697
-70.6697
-70.6697
-70.6696
-70.6696
-70.6696
-70.6696
-70.6696
-70.6696
-70.6696
-70.6696
-70.6696
-70.6695
-70.6695
-70.6695
-70.6695
-70.6695
-70.6695
-70.6695
-70.6695
-70.6694
-70.6694
-70.6694
-70.6694
-70.6694
-70.6694
-70.6693
-70.6693
-70.6693
-70.6693
-70.6693
-70.6693
-70.6693
-70.6692
-70.6692
-70.6692
-70.6692
-70.6692
-70.6691
-70.6691
-70.6691
-70.6691
-70.6691
-70.6691
-70.669
-70.669
-70.669
-70.669
-70.669
-70.6689
-70.6689
-70.6689
-70.6689
-70.6689
-70.6688
-70.6688
-70.6688
-70.6688
-70.6688
-70.6687
-70.6687
-70.6687
-70.6687
-70.6686
-70.6686
-70.6686
-70.6686
-70.6686
-70.6685
-70.6685
-70.6685
-70.6685
-70.6685
-70.6684
-70.6684
-70.6684
-70.6684
-70.6684
-70.6683
-70.6683
-70.6683
-70.6683
-70.6682
-70.6682
-70.6682
-70.6682
-70.6682
-70.6681
-70.6681
-70.6681
-70.6681
-70.6681
-70.6822
-70.9462
-71.751
-72.7455
-73.5321
-74.016
-74.2524
-74.3603
-74.4102
-74.4342
-74.4531
-74.4885
-74.5405
-74.601
-74.6542
-74.6873
-74.7016
-74.7042
-74.7004
-74.6931
-74.6857
-74.6897
-74.7088
-74.7359
-74.7633
-74.7802
-74.7844
-74.7806
-74.7725
-74.7619
-74.7498
-74.7363
-74.7218
-74.7066
-74.6902
-74.6724
-74.6532
-74.6325
-74.6103
-74.5868
-74.5619
-74.5359
-74.5088
-74.4807
-74.4516
-74.4218
-74.3911
-74.3598
-74.3278
-74.2953
-74.2623
-74.2288
-74.195
-74.1609
-74.1266
-74.0921
-74.0574
-74.0227
-73.9879
-73.953
-73.9182
-73.8835
-73.8488
-73.8143
-73.7799
-73.7456
-73.7115
-73.6777
-73.644
-73.6105
-73.5773
-73.5443
-73.5115
-73.479
-73.4468
-73.4149
-73.3832
-73.3518
-73.3207
-73.2898
-73.2593
-73.229
-73.199
-73.1693
-73.1399
-73.1108
-73.0819
-73.0533
-73.0251
-72.997
-72.9693
-72.9419
-72.9147
-72.8878
-72.8611
-72.8348
-72.8087
-72.7828
-72.7573
-72.732
-72.7069
-72.6822
-72.6576
-72.6334
-72.6093
-72.5856
-72.5621
-72.5388
-72.5158
-72.493
-72.4704
-72.4481
-72.426
-72.4042
-72.3826
-72.3613
-72.3401
-72.3192
-72.2986
-72.2781
-72.2579
-72.2379
-72.2181
-72.1985
-72.1791
-72.16
-72.141
-72.1223
-72.1038
-72.0854
-72.0673
-72.0494
-72.0316
-72.0141
-71.9967
-71.9796
-71.9626
-71.9458
-71.9292
-71.9128
-71.8966
-71.8805
-71.8646
-71.8489
-71.8334
-71.8181
-71.8029
-71.7879
-71.773
-71.7584
-71.7438
-71.7295
-71.7153
-71.7013
-71.6874
-71.6737
-71.6602
-71.6468
-71.6335
-71.6204
-71.6075
-71.5947
-71.582
-71.5695
-71.5571
-71.5449
-71.5328
-71.5209
-71.5091
-71.4974
-71.4966
-71.5234
-71.5565
-71.58
-71.5937
-71.6
-71.6013
-71.5991
-71.5945
-71.5883
-71.5827
-71.5927
-71.6115
-71.6253
-71.6324
-71.6341
-71.632
-71.6274
-71.621
-71.6134
-71.6048
-71.6017
-71.6145
-71.629
-71.6376
-71.6405
-71.6392
-71.635
-71.6289
-71.6214
-71.6129
-71.6038
-71.6043
-71.6199
-71.6342
-71.6422
-71.6446
-71.6429
-71.6386
-71.6323
-71.6247
-71.6161
-71.6069
-71.6044
-71.6194
-71.6349
-71.6441
-71.6473
-71.6464
-71.6424
-71.6364
-71.6291
-71.6207
-71.6116
-71.6039
-71.6135
-71.6307
-71.6427
-71.6483
-71.6489
-71.6461
-71.641
-71.6342
-71.6262
-71.6174
-71.608
-71.6039
-71.6183
-71.6349
-71.6451
-71.6492
-71.6488
-71.6453
-71.6396
-71.6325
-71.6244
-71.6154
-71.606
-71.6003
-71.6138
-71.6311
-71.6423
-71.6472
-71.6474
-71.6443
-71.639
-71.6321
-71.6241
-71.6153
-71.606
-71.5966
-71.6017
-71.6202
-71.6348
-71.6426
-71.6448
-71.6432
-71.6389
-71.6328
-71.6254
-71.617
-71.6183
-71.6347
-71.6486
-71.6561
-71.6581
-71.6564
-71.6519
-71.6457
-71.6382
-71.6297
-71.6206
-71.6196
-71.6361
-71.6513
-71.6598
-71.6626
-71.6614
-71.6573
-71.6513
-71.6439
-71.6356
-71.6266
-71.6171
-71.6172
-71.6454
-71.6847
-71.7142
-71.7322
-71.742
-71.7617
-71.7873
-71.823
-71.8805
-71.9779
-72.1303
-72.3747
-72.6496
-72.8743
-73.0341
-73.1386
-73.2066
-73.2615
-73.3837
-73.6079
-73.8604
-74.0888
-74.2592
-74.3617
-74.4149
-74.4393
-74.4523
-74.4692
-74.5047
-74.5614
-74.6213
-74.6725
-74.7081
-74.7268
-74.7323
-74.7294
-74.7226
-74.7172
-74.721
-74.7361
-74.7554
-74.7741
-74.7879
-74.7939
-74.7928
-74.7864
-74.7765
-74.7663
-74.7609
-74.7638
-74.7736
-74.7843
-74.7943
-74.8
-74.8002
-74.7951
-74.7862
-74.7754
-74.7666
-74.7646
-74.7694
-74.7784
-74.7877
-74.7952
-74.7988
-74.7977
-74.7918
-74.7822
-74.7712
-74.7627
-74.7625
-74.7671
-74.7753
-74.7844
-74.7912
-74.7949
-74.7942
-74.7894
-74.7808
-74.771
-74.7634
-74.7628
-74.7661
-74.7725
-74.78
-74.786
-74.7886
-74.7882
-74.7849
-74.7783
-74.7699
-74.7633
-74.7619
-74.7639
-74.768
-74.774
-74.7803
-74.7838
-74.7839
-74.7819
-74.7779
-74.7717
-74.7649
-74.7614
-74.7609
-74.7618
-74.7648
-74.7695
-74.7747
-74.7771
-74.7767
-74.7747
-74.7714
-74.7671
-74.7638
-74.762
-74.7614
-74.7617
-74.7631
-74.7657
-74.7697
-74.7718
-74.7713
-74.7682
-74.7644
-74.7607
-74.7591
-74.7584
-74.7577
-74.7579
-74.7591
-74.7604
-74.7627
-74.7658
-74.7669
-74.7653
-74.7608
-74.7575
-74.7564
-74.756
-74.7554
-74.7558
-74.756
-74.7567
-74.7568
-74.7574
-74.7588
-74.7588
-74.7567
-74.7523
-74.7484
-74.7488
-74.75
-74.7502
-74.7504
-74.7514
-74.7539
-74.7545
-74.7544
-74.7545
-74.7547
-74.7531
-74.7492
-74.7458
-74.7435
-74.7436
-74.7442
-74.7445
-74.7441
-74.7439
-74.7458
-74.7474
-74.7483
-74.7473
-74.7464
-74.7448
-74.7421
-74.7404
-74.7392
-74.7369
-74.7365
-74.7387
-74.7388
-74.7386
-74.739
-74.74
-74.7427
-74.7435
-74.7419
-74.7403
-74.7388
-74.7375
-74.7355
-74.7343
-74.7308
-74.7269
-74.7265
-74.7275
-74.7277
-74.7278
-74.7293
-74.731
-74.7323
-74.7322
-74.7323
-74.7327
-74.7335
-74.7326
-74.7312
-74.7296
-74.7259
-74.7222
-74.7182
-74.7171
-74.7196
-74.7202
-74.7199
-74.7211
-74.7234
-74.7226
-74.7213
-74.7235
-74.7261
-74.7266
-74.7255
-74.7225
-74.7182
-74.7146
-74.7108
-74.7056
-74.7036
-74.7032
-74.7039
-74.7056
-74.7084
-74.7099
-74.7115
-74.7122
-74.7135
-74.7157
-74.7195
-74.7216
-74.7193
-74.7146
-74.7104
-74.7081
-74.7039
-74.6974
-74.6947
-74.6915
-74.6892
-74.6888
-74.6918
-74.6962
-74.6982
-74.6994
-74.6997
-74.7012
-74.7036
-74.7081
-74.7079
-74.7037
-74.6996
-74.6978
-74.6955
-74.6903
-74.6841
-74.6797
-74.6761
-74.6732
-74.6709
-74.6737
-74.6796
-74.683
-74.6866
-74.6879
-74.6872
-74.6886
-74.692
-74.6948
-74.6962
-74.6944
-74.6913
-74.6875
-74.6837
-74.6788
-74.6737
-74.6702
-74.6649
-74.6583
-74.654
-74.6535
-74.6576
-74.6626
-74.6668
-74.6676
-74.668
-74.67
-74.6705
-74.67
-74.6701
-74.6718
-74.6727
-74.6727
-74.6707
-74.6694
-74.6655
-74.6578
-74.649
-74.6455
-74.644
-74.642
-74.6395
-74.6363
-74.6391
-74.6446
-74.6484
-74.6486
-74.6474
-74.6502
-74.6539
-74.6547
-74.653
-74.6513
-74.6492
-74.6496
-74.6508
-74.6514
-74.6497
-74.6467
-74.6422
-74.6376
-74.6327
-74.6271
-74.6204
-74.6171
-74.616
-74.6147
-74.6143
-74.6164
-74.6219
-74.6229
-74.6225
-74.626
-74.6301
-74.6306
-74.6284
-74.6246
-74.62
-74.6164
-74.6148
-74.6151
-74.6178
-74.6167
-74.6151
-74.6129
-74.6065
-74.6
-74.5962
-74.5926
-74.5927
-74.5928
-74.5907
-74.5872
-74.5876
-74.5883
-74.5884
-74.5876
-74.5887
-74.5922
-74.599
-74.6032
-74.6046
-74.6036
-74.5996
-74.594
-74.5886
-74.5843
-74.5806
-74.5773
-74.5766
-74.5813
-74.5863
-74.5894
-74.5866
-74.5779
-74.5673
-74.5589
-74.5549
-74.5532
-74.5529
-74.5515
-74.5491
-74.5477
-74.5456
-74.5459
-74.5453
-74.5445
-74.5454
-74.5534
-74.5619
-74.564
-74.5611
-74.5552
-74.5492
-74.5503
-74.5494
-74.5443
-74.5384
-74.5373
-74.5352
-74.5302
-74.5235
-74.5222
-74.5248
-74.5272
-74.5301
-74.5313
-74.5304
-74.5255
-74.5208
-74.5176
-74.5138
-74.5065
-74.4982
-74.4927
-74.4888
-74.4823
-74.4746
-74.4733
-74.4733
-74.4752
-74.4771
-74.4777
-74.4787
-74.4839
-74.4934
-74.5027
-74.507
-74.5054
-74.4997
-74.4894
-74.4802
-74.4798
-74.4813
-74.478
-74.4738
-74.4709
-74.4664
-74.4605
-74.4543
-74.4523
-74.4562
-74.4598
-74.4621
-74.4618
-74.4621
-74.4637
-74.4656
-74.4668
-74.4669
-74.4641
-74.4567
-74.4488
-74.4415
-74.4329
-74.4239
-74.4194
-74.4207
-74.4205
-74.4123
-74.3997
-74.3894
-74.3812
-74.3786
-74.3826
-74.3905
-74.3943
-74.3921
-74.3905
-74.3935
-74.394
-74.3912
-74.3887
-74.3864
-74.3793
-74.3733
-74.3683
-74.3651
-74.3612
-74.362
-74.365
-74.3737
-74.3797
-74.3769
-74.3666
-74.3562
-74.3515
-74.3559
-74.3636
-74.3672
-74.3614
-74.3484
-74.3374
-74.3368
-74.3424
-74.3475
-74.346
-74.3464
-74.3506
-74.3513
-74.3512
-74.3487
-74.3447
-74.3413
-74.34
-74.3404
-74.3352
-74.3238
-74.3107
-74.2974
-74.2854
-74.278
-74.271
-74.2633
-74.2521
-74.2467
-74.2518
-74.2599
-74.2687
-74.2707
-74.2657
-74.2576
-74.2506
-74.2464
-74.2409
-74.2293
-74.2166
-74.2062
-74.1983
-74.192
-74.1804
-74.1726
-74.1706
-74.1659
-74.1549
-74.1413
-74.1282
-74.1142
-74.0963
-74.0841
-74.0828
-74.0871
-74.0937
-74.1006
-74.1077
-74.1137
-74.1204
-74.1296
-74.1436
-74.1511
-74.1588
-74.1631
-74.1723
-74.188
-74.2043
-74.2136
-74.2166
-74.2169
-74.2137
-74.2094
-74.2045
-74.2019
-74.1986
-74.1935
-74.1836
-74.1767
-74.1781
-74.1796
-74.1841
-74.1846
-74.1776
-74.17
-74.1643
-74.1589
-74.152
-74.143
-74.1281
-74.1118
-74.0979
-74.0895
-74.0863
-74.0858
-74.079
-74.0695
-74.0603
-74.0525
-74.0426
-74.0306
-74.0206
-74.0159
-74.0082
-74.0032
-73.9992
-73.9958
-73.9908
-73.9853
-73.9794
-73.9763
-73.9748
-73.9696
-73.9664
-73.964
-73.9567
-73.9596
-73.9677
-73.9728
-73.9726
-73.9646
-73.9495
-73.9317
-73.9192
-73.906
-73.8976
-73.8984
-73.8946
-73.8829
-73.8668
-73.851
-73.8367
-73.8209
-73.8062
-73.7953
-73.7879
-73.776
-73.7583
-73.7407
-73.7298
-73.7172
-73.7054
-73.6905
-73.6747
-73.6682
-73.6676
-73.6668
-73.6609
-73.6541
-73.6445
-73.6417
-73.6446
-73.6469
-73.6449
-73.641
-73.631
-73.6159
-73.6029
-73.5879
-73.5688
-73.5517
-73.5437
-73.5335
-73.5228
-73.512
-73.4966
-73.4767
-73.4537
-73.4283
-73.4014
-73.3754
-73.3563
-73.3412
-73.3407
-73.3483
-73.3565
-73.3582
-73.3592
-73.3626
-73.3698
-73.3721
-73.3741
-73.3779
-73.3776
-73.3701
-73.3661
-73.375
-73.3816
-73.3792
-73.3691
-73.3601
-73.3511
-73.3377
-73.3199
-73.2989
-73.2781
-73.2639
-73.2488
-73.2302
-73.2086
-73.1848
-73.1598
-73.1423
-73.129
-73.1221
-73.1139
-73.1007
-73.0901
-73.0882
-73.0894
-73.0846
-73.0734
-73.0575
-73.0383
-73.0168
-72.9938
-72.9696
-72.9446
-72.9266
-72.9149
-72.9009
-72.8836
-72.8636
-72.8471
-72.8386
-72.8372
-72.8373
-72.8318
-72.8206
-72.8053
-72.7871
-72.767
-72.7455
-72.7231
-72.7
-72.6765
-72.6527
-72.6286
-72.6045
-72.5892
-72.5818
-72.5721
-72.5588
-72.5424
-72.5241
-72.5043
-72.4837
-72.4624
-72.4408
-72.419
-72.4021
-72.3979
-72.3932
-72.3843
-72.3717
-72.3566
-72.3396
-72.3216
-72.3027
-72.2833
-72.2636
-72.2437
-72.2237
-72.2036
-72.1836
-72.1636
-72.1436
-72.1238
-72.1041
-72.0846
-72.0671
-72.0656
-72.0673
-72.0647
-72.0577
-72.0474
-72.0349
-72.0209
-72.006
-71.9903
-71.9743
-71.9579
-71.9414
-71.9247
-71.908
-71.8914
-71.8747
-71.8582
-71.8417
-71.8253
-71.8091
-71.7929
-71.777
-71.7611
-71.7455
-71.7299
-71.7146
-71.6994
-71.6843
-71.6695
-71.6548
-71.6402
-71.6259
-71.6116
-71.5976
-71.5837
-71.57
-71.5564
-71.5431
-71.5298
-71.5167
-71.5038
-71.4911
-71.4785
-71.466
-71.4537
-71.4416
-71.4296
-71.4177
-71.406
-71.3945
-71.383
-71.3718
-71.3606
-71.3496
-71.3388
-71.3281
-71.3175
-71.3071
-71.2968
-71.2866
-71.2766
-71.2667
-71.2569
-71.2472
-71.2377
-71.2283
-71.219
-71.2098
-71.2008
-71.1918
-71.183
-71.1743
-71.1657
-71.1573
-71.1489
-71.1406
-71.1325
-71.1245
-71.1165
-71.1087
-71.101
-71.0933
-71.0858
-71.0784
-71.0711
-71.0639
-71.0567
-71.0497
-71.0427
-71.0359
-71.0291
-71.0225
-71.0159
-71.0094
-71.003
-70.9967
-70.9905
-70.9844
-70.9783
-70.9723
-70.9664
-70.9606
-70.9549
-70.9493
-70.9437
-70.9382
-70.9328
-70.9274
-70.9222
-70.917
-70.9119
-70.9068
-70.9018
-70.8969
-70.8921
-70.8873
-70.8826
-70.878
-70.8734
-70.8689
-70.8645
-70.8601
-70.8558
-70.8515
-70.8473
-70.8432
-70.8392
-70.8351
-70.8312
-70.8273
-70.8235
-70.8197
-70.816
-70.8123
-70.8087
-70.8052
-70.8016
-70.7982
-70.7948
-70.7915
-70.7882
-70.7849
-70.7817
-70.7786
-70.7755
-70.7724
-70.7694
-70.7664
-70.7635
-70.7607
-70.7578
-70.7551
-70.7523
-70.7496
-70.747
-70.7444
-70.7418
-70.7393
-70.7368
-70.7343
-70.7319
-70.7296
-70.7272
-70.725
-70.7227
-70.7205
-70.7183
-70.7162
-70.714
-70.712
-70.7099
-70.7079
-70.706
-70.704
-70.7021
-70.7002
-70.6984
-70.6966
-70.6948
-70.6931
-70.6913
-70.6897
-70.688
-70.6864
-70.6848
-70.6832
-70.6817
-70.6801
-70.6786
-70.6772
-70.6758
-70.6743
-70.673
-70.6716
-70.6703
-70.669
-70.6677
-70.6664
-70.6652
-70.664
-70.6628
-70.6616
-70.6605
-70.6594
-70.6583
-70.6572
-70.6561
-70.6551
-70.6541
-70.6531
-70.6521
-70.6511
-70.6502
-70.6493
-70.6484
-70.6475
-70.6467
-70.6458
-70.645
-70.6442
-70.6434
-70.6426
-70.6419
-70.6411
-70.6404
-70.6397
-70.639
-70.6384
-70.6377
-70.6371
-70.6364
-70.6358
-70.6352
-70.6346
-70.6341
-70.6335
-70.633
-70.6324
-70.6319
-70.6314
-70.6309
-70.6305
-70.63
-70.6295
-70.6291
-70.6287
-70.6283
-70.6279
-70.6275
-70.6271
-70.6267
-70.6264
-70.626
-70.6257
-70.6254
-70.625
-70.6247
-70.6244
-70.6242
-70.6239
-70.6236
-70.6234
-70.6231
-70.6229
-70.6226
-70.6224
-70.6222
-70.622
-70.6218
-70.6216
-70.6214
-70.6213
-70.6211
-70.6209
-70.6208
-70.6207
-70.6205
-70.6204
-70.6203
-70.6202
-70.62
-70.6199
-70.6199
-70.6198
-70.6197
-70.6196
-70.6195
-70.6195
-70.6194
-70.6194
-70.6193
-70.6193
-70.6193
-70.6192
-70.6192
-70.6192
-70.6192
-70.6192
-70.6192
-70.6192
-70.6192
-70.6192
-70.6192
-70.6192
-70.6192
-70.6193
-70.6193
-70.6193
-70.6194
-70.6194
-70.6195
-70.6195
-70.6196
-70.6196
-70.6197
-70.6197
-70.6198
-70.6199
-70.62
-70.62
-70.6201
-70.6202
-70.6203
-70.6204
-70.6205
-70.6206
-70.6207
-70.6208
-70.6209
-70.621
-70.6211
-70.6212
-70.6213
-70.6214
-70.6216
-70.6217
-70.6218
-70.6219
-70.6221
-70.6222
-70.6223
-70.6225
-70.6226
-70.6227
-70.6229
-70.623
-70.6231
-70.6233
-70.6234
-70.6236
-70.6237
-70.6239
-70.624
-70.6242
-70.6243
-70.6245
-70.6246
-70.6248
-70.625
-70.6251
-70.6253
-70.6254
-70.6256
-70.6258
-70.6259
-70.6261
-70.6263
-70.6264
-70.6266
-70.6268
-70.6269
-70.6271
-70.6273
-70.6274
-70.6276
-70.6278
-70.628
-70.6281
-70.6283
-70.6285
-70.6287
-70.6288
-70.629
-70.6292
-70.6294
-70.6295
-70.6297
-70.6299
-70.6301
-70.6302
-70.6304
-70.6306
-70.6308
-70.6309
-70.6311
-70.6313
-70.6315
-70.6317
-70.6318
-70.632
-70.6322
-70.6324
-70.6325
-70.6327
-70.6329
-70.6331
-70.6333
-70.6334
-70.6336
-70.6338
-70.634
-70.6341
-70.6343
-70.6345
-70.6347
-70.6348
-70.635
-70.6352
-70.6354
-70.6355
-70.6357
-70.6359
-70.6361
-70.6362
-70.6364
-70.6366
-70.6368
-70.6369
-70.6371
-70.6373
-70.6374
-70.6376
-70.6378
-70.6379
-70.6381
-70.6383
-70.6385
-70.6386
-70.6388
-70.639
-70.6391
-70.6393
-70.6394
-70.6396
-70.6398
-70.6399
-70.6401
-70.6403
-70.6404
-70.6406
-70.6407
-70.6409
-70.6411
-70.6412
-70.6414
-70.6415
-70.6417
-70.6418
-70.642
-70.6422
-70.6423
-70.6425
-70.6426
-70.6428

