-70
-70.1661
-70.23
-70.2566
-70.2695
-70.2773
-70.283
-70.2879
-70.2925
-70.297
-70.3014
-70.3057
-70.31
-70.3142
-70.3185
-70.3226
-70.3268
-70.3309
-70.335
-70.3391
-70.3431
-70.3471
-70.351
-70.3549
-70.3588
-70.3626
-70.3664
-70.3701
-70.3738
-70.3775
-70.3811
-70.3847
-70.3883
-70.3918
-70.3953
-70.3987
-70.4021
-70.4055
-70.4088
-70.4121
-70.4154
-70.4186
-70.4218
-70.4249
-70.428
-70.4311
-70.4341
-70.4372
-70.4401
-70.4431
-70.446
-70.4489
-70.4517
-70.4545
-70.4573
-70.4601
-70.4628
-70.4655
-70.4682
-70.4708
-70.4734
-70.476
-70.4785
-70.481
-70.4835
-70.486
-70.4884
-70.4908
-70.4932
-70.4955
-70.4978
-70.5001
-70.5024
-70.5046
-70.5068
-70.509
-70.5112
-70.5133
-70.5154
-70.5175
-70.5196
-70.5216
-70.5236
-70.5256
-70.5276
-70.5295
-70.5315
-70.5334
-70.5352
-70.5371
-70.5389
-70.5407
-70.5425
-70.5443
-70.5461
-70.5478
-70.5495
-70.5512
-70.5528
-70.5545
-70.5561
-70.5577
-70.5593
-70.5609
-70.5624
-70.5639
-70.5655
-70.5669
-70.5684
-70.5699
-70.5713
-70.5727
-70.5741
-70.5755
-70.5769
-70.5782
-70.5796
-70.5809
-70.5822
-70.5835
-70.5848
-70.586
-70.5873
-70.5885
-70.5897
-70.5909
-70.5921
-70.5932
-70.5944
-70.5955
-70.5966
-70.5977
-70.5988
-70.5999
-70.601
-70.602
-70.603
-70.6041
-70.6051
-70.6061
-70.6071
-70.608
-70.609
-70.6099
-70.6109
-70.6118
-70.6127
-70.6136
-70.6145
-70.6154
-70.6162
-70.6171
-70.6179
-70.6187
-70.6196
-70.6204
-70.6212
-70.622
-70.6227
-70.6235
-70.6242
-70.625
-70.6257
-70.6265
-70.6272
-70.6279
-70.6286
-70.6293
-70.6299
-70.6306
-70.6313
-70.6319
-70.6325
-70.6332
-70.6338
-70.6344
-70.635
-70.6356
-70.6362
-70.6368
-70.6374
-70.6379
-70.6385
-70.639
-70.6396
-70.6401
-70.6406
-70.6411
-70.6417
-70.6422
-70.6427
-70.6431
-70.6436
-70.6441
-70.6446
-70.645
-70.6455
-70.6459
-70.6464
-70.6468
-70.6472
-70.6476
-70.6481
-70.6485
-70.6489
-70.6493
-70.6497
-70.65
-70.6504
-70.6508
-70.6512
-70.6515
-70.6519
-70.6522
-70.6526
-70.6529
-70.6533
-70.6536
-70.6539
-70.6542
-70.6545
-70.6549
-70.6552
-70.6555
-70.6558
-70.656
-70.6563
-70.6566
-70.6569
-70.6572
-70.6574
-70.6577
-70.658
-70.6582
-70.6585
-70.6587
-70.6589
-70.6592
-70.6594
-70.6597
-70.6599
-70.6601
-70.6603
-70.6605
-70.6607
-70.661
-70.6612
-70.6614
-70.6616
-70.6617
-70.6619
-70.6621
-70.6623
-70.6625
-70.6627
-70.6628
-70.663
-70.6632
-70.6633
-70.6635
-70.6637
-70.6638
-70.664
-70.6641
-70.6643
-70.6644
-70.6646
-70.6647
-70.6648
-70.665
-70.6651
-70.6652
-70.6653
-70.6655
-70.6656
-70.6657
-70.6658
-70.6659
-70.666
-70.6662
-70.6663
-70.6664
-70.6665
-70.6666
-70.6667
-70.6668
-70.6669
-70.667
-70.667
-70.6671
-70.6672
-70.6673
-70.6674
-70.6675
-70.6675
-70.6676
-70.6677
-70.6678
-70.6678
-70.6679
-70.668
-70.668
-70.6681
-70.6682
-70.6682
-70.6683
-70.6683
-70.6684
-70.6685
-70.6685
-70.6686
-70.6686
-70.6687
-70.6687
-70.6688
-70.6688
-70.6688
-70.6689
-70.6689
-70.669
-70.669
-70.669
-70.6691
-70.6691
-70.6691
-70.6692
-70.6692
-70.6692
-70.6693
-70.6693
-70.6693
-70.6694
-70.6694
-70.6694
-70.6694
-70.6694
-70.6695
-70.6695
-70.6695
-70.6695
-70.6695
-70.6696
-70.6696
-70.6696
-70.6696
-70.6696
-70.6696
-70.6696
-70.6697
-70.6697
-70.6697
-70.6697
-70.6697
-70.6697
-70.6697
-70.6697
-70.6697
-70.6697
-70.6697
-70.6697
-70.6697
-70.6697
-70.6697
-70.6697
-70.6697
-70.6697
-70.6697
-70.6697
-70.6697
-70.6697
-70.6697
-70.6697
-70.6697
-70.6697
-70.6697
-70.6697
-70.6697
-70.6697
-70.6697
-70.6697
-70.6697
-70.6697
-70.6697
-70.6696
-70.6696
-70.6696
-70.6696
-70.6696
-70.6696
-70.6696
-70.6696
-70.6696
-70.6695
-70.6695
-70.6695
-70.6695
-70.6695
-70.6695
-70.6695
-70.6695
-70.6694
-70.6694
-70.6694
-70.6694
-70.6694
-70.6694
-70.6693
-70.6693
-70.6693
-70.6693
-70.6693
-70.6693
-70.6693
-70.6692
-70.6692
-70.6692
-70.6692
-70.6692
-70.6691
-70.6691
-70.6691
-70.6691
-70.6691
-70.6691
-70.669
-70.669
-70.669
-70.669
-70.669
-70.6689
-70.6689
-70.6689
-70.6689
-70.6689
-70.6688
-70.6688
-70.6688
-70.6688
-70.6688
-70.6687
-70.6687
-70.6687
-70.6687
-70.6686
-70.6686
-70.6686
-70.6686
-70.6686
-70.6685
-70.6685
-70.6685
-70.6685
-70.6685
-70.6684
-70.6684
-70.6684
-70.6684
-70.6684
-70.6683
-70.6683
-70.6683
-70.6683
-70.6682
-70.6682
-70.6682
-70.6682
-70.6682
-70.6681
-70.6681
-70.6681
-70.6681
-70.6681
-70.6714
-70.811
-71.4038
-72.2904
-73.1148
-65.7741
-54.1773
-51.1339
-49.2844
-46.8505
-36.3099
-7.4996
-35.8954
-66.9385
-68.6917
-67.6984
-66.6346
-65.5503
-64.4637
-63.3927
-62.354
-61.3633
-60.4337
-59.5365
-58.6731
-57.8985
-57.22
-56.63
-56.1178
-55.6748
-55.285
-54.9506
-54.6635
-54.4254
-54.2304
-54.071
-53.9379
-53.8257
-53.7324
-53.6572
-53.5987
-53.5537
-53.5192
-53.4921
-53.4677
-53.4477
-53.4311
-53.4197
-53.4123
-53.4078
-53.4055
-53.4048
-53.4023
-53.3988
-53.395
-53.3919
-53.391
-53.3916
-53.3933
-53.3957
-53.3984
-53.4015
-53.4049
-53.4044
-53.4019
-53.4009
-53.3978
-53.3963
-53.3965
-53.3978
-53.3997
-53.402
-53.4044
-53.407
-53.4096
-53.4124
-53.4151
-53.4176
-53.4199
-53.418
-53.4096
-53.4046
-53.4021
-53.3987
-53.3945
-53.3916
-53.3887
-53.3844
-53.3748
-53.337
-53.0799
-53.0072
-53.0613
-53.1285
-53.1823
-53.2202
-53.2457
-53.2629
-53.2756
-53.2861
-53.2964
-53.3076
-53.3211
-53.3381
-53.3602
-53.3944
-53.4199
-53.4319
-53.4395
-53.4464
-53.4541
-53.4526
-53.4466
-53.445
-53.4467
-53.4506
-53.4562
-53.4632
-53.4716
-53.4812
-53.4921
-53.5043
-53.5178
-53.5328
-53.5493
-53.5675
-53.5874
-53.6092
-53.6331
-53.6592
-53.6877
-53.7189
-53.753
-53.7903
-53.8311
-53.8755
-53.9239
-53.9765
-54.0337
-54.0958
-54.0624
-53.6125
-53.4565
-53.4184
-53.4192
-53.4329
-53.4506
-53.4696
-53.4602
-53.4364
-53.4289
-53.4308
-53.4372
-53.4455
-53.4549
-53.4648
-53.4753
-53.4861
-53.4975
-53.5095
-53.5222
-53.5357
-53.5501
-53.5656
-53.5823
-53.6002
-53.6197
-53.6408
-53.6636
-53.6884
-53.7154
-53.7448
-53.7768
-53.8116
-53.8495
-53.8905
-53.9351
-53.9834
-54.0357
-54.0922
-54.1533
-54.2193
-54.29
-53.6667
-53.4094
-53.3514
-53.3515
-53.3678
-53.3877
-53.4074
-53.4262
-53.4439
-53.4522
-53.426
-53.414
-53.4127
-53.4163
-53.4219
-53.4285
-53.4355
-53.4428
-53.4503
-53.4581
-53.4662
-53.4748
-53.4838
-53.4934
-53.5037
-53.5147
-53.5266
-53.5394
-53.5533
-53.5683
-53.5845
-53.6022
-53.6213
-53.6421
-53.6647
-53.6892
-53.7158
-53.7427
-53.7698
-53.7982
-53.828
-53.8595
-53.8921
-53.9253
-53.9588
-53.9919
-54.0239
-54.0539
-54.0808
-54.1032
-54.1194
-53.5259
-53.3283
-53.2929
-53.2983
-53.3115
-53.3225
-53.3272
-53.3196
-53.2714
-52.8206
-52.4246
-52.4858
-52.6462
-52.9256
-53.1969
-53.3106
-53.3533
-53.3684
-53.3733
-53.375
-53.3766
-53.3796
-53.3852
-53.3943
-53.4075
-53.4252
-53.4468
-53.472
-53.5002
-53.5314
-53.566
-53.6051
-53.6481
-53.6945
-53.7448
-53.7996
-53.8596
-53.9252
-53.9969
-54.0752
-54.1606
-53.924
-53.5571
-53.4477
-53.426
-53.433
-53.4495
-53.4692
-53.4901
-53.5117
-53.5338
-53.5565
-53.5801
-53.6049
-53.631
-53.6587
-53.6882
-53.7201
-53.7545
-53.7917
-53.832
-53.8757
-53.8306
-53.5655
-53.467
-53.4412
-53.4417
-53.4518
-53.4655
-53.481
-53.4987
-53.5195
-53.5428
-53.5675
-53.5922
-53.617
-53.6425
-53.6689
-53.6973
-53.7326
-53.7786
-53.8357
-53.8978
-53.9604
-54.0225
-54.0853
-54.1512
-54.2215
-54.2999
-54.3937
-54.5049
-54.6314
-54.7677
-54.9092
-55.0541
-55.2039
-55.362
-55.5298
-55.7128
-55.9178
-56.1516
-56.4154
-56.7021
-56.9994
-57.3021
-57.6096
-57.9244
-58.2501
-58.5924
-58.9606
-59.3666
-59.8132
-60.2886
-60.7811
-61.2733
-61.7532
-62.2232
-62.6855
-63.1481
-63.6177
-64.108
-64.6263
-65.1658
-65.7116
-66.2474
-66.7587
-67.2315
-67.6716
-68.083
-68.4776
-68.8622
-69.248
-69.6369
-70.0257
-70.4015
-70.7541
-71.0792
-71.3692
-71.625
-71.8548
-72.0665
-72.2666
-72.4617
-72.6518
-72.8398
-73.0199
-73.1853
-73.3336
-73.4651
-73.5771
-73.6726
-73.7577
-73.8368
-73.9123
-73.9844
-74.0563
-74.1276
-74.1948
-74.2542
-74.3059
-74.35
-74.3859
-74.4152
-74.4412
-74.4657
-74.4892
-74.5115
-74.5359
-74.5612
-74.5859
-74.6064
-74.6232
-74.6365
-74.6469
-74.6544
-74.6611
-74.6667
-74.6718
-74.6769
-74.684
-74.6929
-74.7033
-74.7115
-74.7167
-74.7201
-74.7223
-74.7239
-74.7254
-74.7256
-74.7245
-74.7237
-74.7242
-74.7262
-74.7304
-74.7355
-74.7381
-74.7386
-74.738
-74.7378
-74.7385
-74.7385
-74.7368
-74.7338
-74.7317
-74.7297
-74.7295
-74.7319
-74.7354
-74.7366
-74.7361
-74.7347
-74.7341
-74.7346
-74.7346
-74.7329
-74.7296
-74.7274
-74.7245
-74.7213
-74.7217
-74.7249
-74.7274
-74.7275
-74.726
-74.7261
-74.7253
-74.7248
-74.7242
-74.7222
-74.7196
-74.7178
-74.7135
-74.7095
-74.708
-74.7115
-74.7153
-74.7166
-74.7154
-74.7157
-74.7153
-74.7138
-74.712
-74.7102
-74.7088
-74.7072
-74.7041
-74.6994
-74.6945
-74.6933
-74.6972
-74.7023
-74.7051
-74.7054
-74.7049
-74.7037
-74.7024
-74.6985
-74.6958
-74.6951
-74.6943
-74.691
-74.6857
-74.6816
-74.6784
-74.6797
-74.684
-74.6899
-74.6941
-74.6939
-74.6918
-74.6909
-74.6887
-74.6848
-74.6818
-74.6803
-74.6785
-74.6754
-74.6701
-74.6647
-74.6623
-74.6644
-74.6691
-74.6735
-74.6777
-74.6802
-74.6789
-74.6766
-74.6758
-74.6728
-74.67
-74.6673
-74.6638
-74.6605
-74.6557
-74.6519
-74.648
-74.6457
-74.6468
-74.653
-74.6593
-74.6627
-74.6639
-74.6634
-74.6607
-74.6582
-74.6561
-74.6564
-74.6552
-74.6515
-74.6465
-74.6405
-74.6348
-74.6313
-74.6302
-74.6284
-74.629
-74.6332
-74.6393
-74.6439
-74.6467
-74.6475
-74.646
-74.6419
-74.6367
-74.6338
-74.634
-74.6355
-74.6339
-74.6292
-74.6212
-74.615
-74.6113
-74.6096
-74.6084
-74.6082
-74.6117
-74.6159
-74.6188
-74.6227
-74.6253
-74.6265
-74.6257
-74.6235
-74.6192
-74.6141
-74.6105
-74.6081
-74.6074
-74.6066
-74.6038
-74.5994
-74.5935
-74.589
-74.5876
-74.5852
-74.5844
-74.5884
-74.5903
-74.5926
-74.5961
-74.5992
-74.6011
-74.6006
-74.5987
-74.5982
-74.5982
-74.5948
-74.5873
-74.5805
-74.577
-74.5788
-74.5787
-74.5737
-74.5679
-74.5656
-74.5632
-74.5602
-74.5589
-74.5569
-74.5559
-74.5553
-74.5606
-74.5657
-74.5688
-74.5706
-74.569
-74.5684
-74.5694
-74.57
-74.5696
-74.5658
-74.5604
-74.5551
-74.5538
-74.5516
-74.5469
-74.543
-74.5387
-74.5363
-74.5335
-74.5302
-74.5249
-74.5202
-74.5149
-74.512
-74.5134
-74.5164
-74.5207
-74.5282
-74.5336
-74.5341
-74.534
-74.5327
-74.5335
-74.5335
-74.5307
-74.5298
-74.5291
-74.5279
-74.5266
-74.5239
-74.5199
-74.5156
-74.5082
-74.4992
-74.4934
-74.4907
-74.4898
-74.4891
-74.4832
-74.474
-74.4631
-74.4546
-74.4534
-74.4557
-74.4588
-74.4666
-74.4737
-74.4781
-74.4837
-74.4916
-74.4952
-74.4934
-74.4908
-74.4884
-74.488
-74.4861
-74.4839
-74.4822
-74.4826
-74.4843
-74.4817
-74.4754
-74.468
-74.4586
-74.4487
-74.4423
-74.44
-74.4356
-74.4279
-74.4172
-74.408
-74.4032
-74.3986
-74.394
-74.392
-74.393
-74.3931
-74.3883
-74.3843
-74.3875
-74.3971
-74.4092
-74.4172
-74.4234
-74.4327
-74.4395
-74.4412
-74.4427
-74.4408
-74.4355
-74.4262
-74.4194
-74.4208
-74.4224
-74.422
-74.4178
-74.4141
-74.4078
-74.3992
-74.3893
-74.3782
-74.3682
-74.3629
-74.3568
-74.3463
-74.3346
-74.3271
-74.3258
-74.3203
-74.3074
-74.2971
-74.2919
-74.2897
-74.2927
-74.296
-74.2966
-74.2972
-74.2995
-74.3052
-74.316
-74.3257
-74.333
-74.3376
-74.3365
-74.3375
-74.3424
-74.3434
-74.339
-74.336
-74.343
-74.3476
-74.3502
-74.3487
-74.3465
-74.3446
-74.3455
-74.3438
-74.3354
-74.3223
-74.3086
-74.296
-74.2799
-74.2655
-74.2552
-74.2475
-74.2415
-74.2362
-74.2312
-74.2236
-74.2174
-74.2137
-74.2124
-74.2091
-74.1997
-74.1877
-74.1749
-74.1633
-74.1533
-74.1416
-74.1348
-74.1392
-74.1492
-74.1584
-74.1656
-74.1701
-74.1759
-74.1845
-74.1921
-74.1993
-74.2128
-74.2235
-74.2246
-74.2166
-74.2059
-74.1972
-74.1999
-74.2049
-74.2057
-74.2014
-74.1937
-74.1843
-74.1773
-74.1747
-74.1758
-74.1752
-74.1782
-74.1877
-74.1939
-74.1937
-74.1885
-74.1832
-74.1744
-74.1685
-74.1596
-74.1478
-74.1346
-74.118
-74.0999
-74.0801
-74.0601
-74.0389
-74.0184
-74.0018
-73.9952
-73.9973
-73.9978
-73.9959
-73.9943
-73.9965
-74
-74.002
-73.9995
-73.9969
-73.994
-73.9921
-73.9873
-73.9812
-73.9786
-73.9739
-73.9623
-73.9445
-73.9268
-73.927
-73.9419
-73.9515
-73.9651
-73.9838
-73.9961
-73.9976
-73.9973
-73.9914
-73.9813
-73.9761
-73.9721
-73.9687
-73.9618
-73.96
-73.9636
-73.9685
-73.97
-73.9721
-73.9764
-73.9764
-73.9713
-73.9705
-73.975
-73.9793
-73.9811
-73.9849
-73.9851
-73.9787
-73.9673
-73.9576
-73.9483
-73.9394
-73.929
-73.9181
-73.9149
-73.908
-73.8943
-73.8818
-73.8752
-73.8733
-73.8704
-73.863
-73.8596
-73.8569
-73.8484
-73.8396
-73.8387
-73.8334
-73.8209
-73.8026
-73.7802
-73.7565
-73.7392
-73.7297
-73.7299
-73.7302
-73.7282
-73.7248
-73.7232
-73.7279
-73.7438
-73.759
-73.7627
-73.756
-73.742
-73.723
-73.7004
-73.6754
-73.6486
-73.6204
-73.5912
-73.5611
-73.5309
-73.5093
-73.5035
-73.5058
-73.5073
-73.5127
-73.5127
-73.5071
-73.5024
-73.4996
-73.492
-73.481
-73.4718
-73.4654
-73.4571
-73.4453
-73.4432
-73.4411
-73.4398
-73.4369
-73.4401
-73.4413
-73.4351
-73.4293
-73.4282
-73.4245
-73.4144
-73.3988
-73.3903
-73.3905
-73.3929
-73.3914
-73.3899
-73.3832
-73.3703
-73.3527
-73.3356
-73.3229
-73.3077
-73.2888
-73.2669
-73.2463
-73.2322
-73.2221
-73.2227
-73.2383
-73.2544
-73.2651
-73.2819
-73.2915
-73.2908
-73.2832
-73.2782
-73.2715
-73.2748
-73.2807
-73.2871
-73.2884
-73.282
-73.2693
-73.2523
-73.2327
-73.2197
-73.2077
-73.1922
-73.1807
-73.1712
-73.1579
-73.1477
-73.1512
-73.1518
-73.145
-73.1321
-73.1162
-73.1069
-73.102
-73.1009
-73.095
-73.0832
-73.067
-73.0477
-73.0263
-73.0108
-73.0008
-72.992
-72.9888
-72.9822
-72.971
-72.9657
-72.9604
-72.9502
-72.9356
-72.9177
-72.8975
-72.8758
-72.8529
-72.8293
-72.8051
-72.7805
-72.764
-72.7547
-72.7432
-72.7282
-72.7102
-72.6903
-72.6691
-72.647
-72.6243
-72.6012
-72.5779
-72.5545
-72.531
-72.5075
-72.4841
-72.4608
-72.4376
-72.4145
-72.3916
-72.3689
-72.3463
-72.324
-72.3018
-72.2799
-72.2581
-72.2366
-72.2153
-72.1942
-72.1734
-72.1528
-72.1323
-72.1122
-72.0922
-72.0724
-72.0529
-72.0336
-72.0145
-71.9957
-71.977
-71.9586
-71.9404
-71.9223
-71.9045
-71.8869
-71.8695
-71.8524
-71.8354
-71.822
-71.8262
-71.8325
-71.8338
-71.8302
-71.8232
-71.8138
-71.8027
-71.7906
-71.7777
-71.7643
-71.7506
-71.7367
-71.7226
-71.7085
-71.6943
-71.6802
-71.666
-71.652
-71.638
-71.6241
-71.6104
-71.5967
-71.5832
-71.5698
-71.5565
-71.5433
-71.5303
-71.5175
-71.5048
-71.4922
-71.4797
-71.4675
-71.4553
-71.4433
-71.4314
-71.4197
-71.4081
-71.3967
-71.3854
-71.3742
-71.3632
-71.3523
-71.3415
-71.3309
-71.3204
-71.31
-71.2998
-71.2897
-71.2797
-71.2699
-71.2602
-71.2506
-71.2411
-71.2318
-71.2225
-71.2134
-71.2044
-71.1956
-71.1868
-71.1781
-71.1696
-71.1612
-71.1529
-71.1447
-71.1366
-71.1286
-71.1207
-71.1129
-71.1052
-71.0976
-71.0901
-71.0827
-71.0754
-71.0682
-71.0611
-71.0541
-71.0472
-71.0404
-71.0337
-71.027
-71.0205
-71.014
-71.0077
-71.0014
-70.9952
-70.9891
-70.983
-70.9771
-70.9712
-70.9654
-70.9597
-70.9541
-70.9485
-70.943
-70.9376
-70.9323
-70.927
-70.9218
-70.9167
-70.9117
-70.9067
-70.9018
-70.897
-70.8922
-70.8875
-70.8829
-70.8783
-70.8738
-70.8694
-70.865
-70.8607
-70.8565
-70.8523
-70.8482
-70.8441
-70.8401
-70.8361
-70.8323
-70.8284
-70.8246
-70.8209
-70.8172
-70.8136
-70.8101
-70.8066
-70.8031
-70.7997
-70.7963
-70.793
-70.7898
-70.7866
-70.7834
-70.7803
-70.7773
-70.7742
-70.7713
-70.7684
-70.7655
-70.7626
-70.7598
-70.7571
-70.7544
-70.7517
-70.7491
-70.7465
-70.744
-70.7415
-70.739
-70.7366
-70.7342
-70.7319
-70.7296
-70.7273
-70.7251
-70.7229
-70.7207
-70.7186
-70.7165
-70.7145
-70.7125
-70.7105
-70.7085
-70.7066
-70.7047
-70.7028
-70.701
-70.6992
-70.6975
-70.6957
-70.694
-70.6923
-70.6907
-70.6891
-70.6875
-70.6859
-70.6844
-70.6829
-70.6814
-70.68
-70.6785
-70.6771
-70.6757
-70.6744
-70.6731
-70.6718
-70.6705
-70.6692
-70.668
-70.6668
-70.6656
-70.6644
-70.6633
-70.6622
-70.6611
-70.66
-70.659
-70.6579
-70.6569
-70.6559
-70.6549
-70.654
-70.6531
-70.6521
-70.6512
-70.6504
-70.6495
-70.6487
-70.6478
-70.647
-70.6462
-70.6455
-70.6447
-70.644
-70.6432
-70.6425
-70.6418
-70.6412
-70.6405
-70.6399
-70.6392
-70.6386
-70.638
-70.6374
-70.6368
-70.6363
-70.6357
-70.6352
-70.6347
-70.6342
-70.6337
-70.6332
-70.6327
-70.6323
-70.6318
-70.6314
-70.631
-70.6306
-70.6302
-70.6298
-70.6294
-70.629
-70.6287
-70.6283
-70.628
-70.6277
-70.6274
-70.6271
-70.6268
-70.6265
-70.6262
-70.6259
-70.6257
-70.6254
-70.6252
-70.625
-70.6247
-70.6245
-70.6243
-70.6241
-70.6239
-70.6237
-70.6236
-70.6234
-70.6232
-70.6231
-70.6229
-70.6228
-70.6227
-70.6225
-70.6224
-70.6223
-70.6222
-70.6221
-70.622
-70.6219
-70.6219
-70.6218
-70.6217
-70.6217
-70.6216
-70.6215
-70.6215
-70.6215
-70.6214
-70.6214
-70.6214
-70.6214
-70.6213
-70.6213
-70.6213
-70.6213
-70.6213
-70.6213
-70.6213
-70.6214
-70.6214
-70.6214
-70.6214
-70.6215
-70.6215
-70.6215
-70.6216
-70.6216
-70.6217
-70.6217
-70.6218
-70.6219
-70.6219
-70.622
-70.6221
-70.6221
-70.6222
-70.6223
-70.6224
-70.6225
-70.6225
-70.6226
-70.6227
-70.6228
-70.6229
-70.623
-70.6231
-70.6232
-70.6233
-70.6235
-70.6236
-70.6237
-70.6238
-70.6239
-70.624
-70.6242
-70.6243
-70.6244
-70.6245
-70.6247
-70.6248
-70.6249
-70.6251
-70.6252
-70.6253
-70.6255
-70.6256
-70.6258
-70.6259
-70.626
-70.6262
-70.6263
-70.6265
-70.6266
-70.6268
-70.6269
-70.6271
-70.6272
-70.6274
-70.6276
-70.6277
-70.6279
-70.628
-70.6282
-70.6283
-70.6285
-70.6287
-70.6288
-70.629
-70.6291
-70.6293
-70.6295
-70.6296
-70.6298
-70.63
-70.6301
-70.6303
-70.6305
-70.6306
-70.6308
-70.631
-70.6311
-70.6313
-70.6315
-70.6316
-70.6318
-70.632
-70.6321
-70.6323
-70.6325
-70.6326
-70.6328
-70.633
-70.6332
-70.6333
-70.6335
-70.6337
-70.6338
-70.634
-70.6342
-70.6343
-70.6345
-70.6347
-70.6348
-70.635
-70.6352
-70.6353
-70.6355
-70.6357
-70.6359
-70.636
-70.6362
-70.6364
-70.6365
-70.6367
-70.6369
-70.637
-70.6372
-70.6374
-70.6375
-70.6377
-70.6378
-70.638
-70.6382
-70.6383
-70.6385
-70.6387
-70.6388
-70.639
-70.6391
-70.6393
-70.6395
-70.6396
-70.6398
-70.6399
-70.6401
-70.6403
-70.6404
-70.6406
-70.6407
-70.6409
-70.641
-70.6412
-70.6413
-70.6415
-70.6417
-70.6418
-70.642
-70.6421
-70.6423
-70.6424
-70.6426
-70.6427
-70.6429
-70.643
-70.6432
-70.6433
-70.6434
-70.6436
-70.6437
-70.6439
-70.644
-70.6442
-70.6443
-70.6445
-70.6446

