-70
-70.1661
-70.23
-70.2566
-70.2695
-70.2773
-70.283
-70.2879
-70.2925
-70.297
-70.3014
-70.3057
-70.31
-70.3142
-70.3185
-70.3226
-70.3268
-70.3309
-70.335
-70.3391
-70.3431
-70.3471
-70.351
-70.3549
-70.3588
-70.3626
-70.3664
-70.3701
-70.3738
-70.3775
-70.3811
-70.3847
-70.3883
-70.3918
-70.3953
-70.3987
-70.4021
-70.4055
-70.4088
-70.4121
-70.4154
-70.4186
-70.4218
-70.4249
-70.428
-70.4311
-70.4341
-70.4372
-70.4401
-70.4431
-70.446
-70.4489
-70.4517
-70.4545
-70.4573
-70.4601
-70.4628
-70.4655
-70.4682
-70.4708
-70.4734
-70.476
-70.4785
-70.481
-70.4835
-70.486
-70.4884
-70.4908
-70.4932
-70.4955
-70.4978
-70.5001
-70.5024
-70.5046
-70.5068
-70.509
-70.5112
-70.5133
-70.5154
-70.5175
-70.5196
-70.5216
-70.5236
-70.5256
-70.5276
-70.5295
-70.5315
-70.5334
-70.5352
-70.5371
-70.5389
-70.5407
-70.5425
-70.5443
-70.5461
-70.5478
-70.5495
-70.5512
-70.5528
-70.5545
-70.5561
-70.5577
-70.5593
-70.5609
-70.5624
-70.5639
-70.5655
-70.5669
-70.5684
-70.5699
-70.5713
-70.5727
-70.5741
-70.5755
-70.5769
-70.5782
-70.5796
-70.5809
-70.5822
-70.5835
-70.5848
-70.586
-70.5873
-70.5885
-70.5897
-70.5909
-70.5921
-70.5932
-70.5944
-70.5955
-70.5966
-70.5977
-70.5988
-70.5999
-70.601
-70.602
-70.603
-70.6041
-70.6051
-70.6061
-70.6071
-70.608
-70.609
-70.6099
-70.6109
-70.6118
-70.6127
-70.6136
-70.6145
-70.6154
-70.6162
-70.6171
-70.6179
-70.6187
-70.6196
-70.6204
-70.6212
-70.622
-70.6227
-70.6235
-70.6242
-70.625
-70.6257
-70.6265
-70.6272
-70.6279
-70.6286
-70.6293
-70.6299
-70.6306
-70.6313
-70.6319
-70.6325
-70.6332
-70.6338
-70.6344
-70.635
-70.6356
-70.6362
-70.6368
-70.6374
-70.6379
-70.6385
-70.639
-70.6396
-70.6401
-70.6406
-70.6411
-70.6417
-70.6422
-70.6427
-70.6431
-70.6436
-70.6441
-70.6446
-70.645
-70.6455
-70.6459
-70.6464
-70.6468
-70.6472
-70.6476
-70.6481
-70.6485
-70.6489
-70.6493
-70.6497
-70.65
-70.6504
-70.6508
-70.6512
-70.6515
-70.6519
-70.6522
-70.6526
-70.6529
-70.6533
-70.6536
-70.6539
-70.6542
-70.6545
-70.6549
-70.6552
-70.6555
-70.6558
-70.656
-70.6563
-70.6566
-70.6569
-70.6572
-70.6574
-70.6577
-70.658
-70.6582
-70.6585
-70.6587
-70.6589
-70.6592
-70.6594
-70.6597
-70.6599
-70.6601
-70.6603
-70.6605
-70.6607
-70.661
-70.6612
-70.6614
-70.6616
-70.6617
-70.6619
-70.6621
-70.6623
-70.6625
-70.6627
-70.6628
-70.663
-70.6632
-70.6633
-70.6635
-70.6637
-70.6638
-70.664
-70.6641
-70.6643
-70.6644
-70.6646
-70.6647
-70.6648
-70.665
-70.6651
-70.6652
-70.6653
-70.6655
-70.6656
-70.6657
-70.6658
-70.6659
-70.666
-70.6662
-70.6663
-70.6664
-70.6665
-70.6666
-70.6667
-70.6668
-70.6669
-70.667
-70.667
-70.6671
-70.6672
-70.6673
-70.6674
-70.6675
-70.6675
-70.6676
-70.6677
-70.6678
-70.6678
-70.6679
-70.668
-70.668
-70.6681
-70.6682
-70.6682
-70.6683
-70.6683
-70.6684
-70.6685
-70.6685
-70.6686
-70.6686
-70.6687
-70.6687
-70.6688
-70.6688
-70.6688
-70.6689
-70.6689
-70.669
-70.669
-70.669
-70.6691
-70.6691
-70.6691
-70.6692
-70.6692
-70.6692
-70.6693
-70.6693
-70.6693
-70.6694
-70.6694
-70.6694
-70.6694
-70.6694
-70.6695
-70.6695
-70.6695
-70.6695
-70.6695
-70.6696
-70.6696
-70.6696
-70.6696
-70.6696
-70.6696
-70.6696
-70.6697
-70.6697
-70.6697
-70.6697
-70.6697
-70.6697
-70.6697
-70.6697
-70.6697
-70.6697
-70.6697
-70.6697
-70.6697
-70.6697
-70.6697
-70.6697
-70.6697
-70.6697
-70.6697
-70.6697
-70.6697
-70.6697
-70.6697
-70.6697
-70.6697
-70.6697
-70.6697
-70.6697
-70.6697
-70.6697
-70.6697
-70.6697
-70.6697
-70.6697
-70.6697
-70.6696
-70.6696
-70.6696
-70.6696
-70.6696
-70.6696
-70.6696
-70.6696
-70.6696
-70.6695
-70.6695
-70.6695
-70.6695
-70.6695
-70.6695
-70.6695
-70.6695
-70.6694
-70.6694
-70.6694
-70.6694
-70.6694
-70.6694
-70.6693
-70.6693
-70.6693
-70.6693
-70.6693
-70.6693
-70.6693
-70.6692
-70.6692
-70.6692
-70.6692
-70.6692
-70.6691
-70.6691
-70.6691
-70.6691
-70.6691
-70.6691
-70.669
-70.669
-70.669
-70.669
-70.669
-70.6689
-70.6689
-70.6689
-70.6689
-70.6689
-70.6688
-70.6688
-70.6688
-70.6688
-70.6688
-70.6687
-70.6687
-70.6687
-70.6687
-70.6686
-70.6686
-70.6686
-70.6686
-70.6686
-70.6685
-70.6685
-70.6685
-70.6685
-70.6685
-70.6684
-70.6684
-70.6684
-70.6684
-70.6684
-70.6683
-70.6683
-70.6683
-70.6683
-70.6682
-70.6682
-70.6682
-70.6682
-70.6682
-70.6681
-70.6681
-70.6681
-70.6681
-70.6681
-70.6716
-70.8308
-71.4501
-72.35
-73.1992
-73.7661
-74.0603
-58.0609
-52.2763
-50.0823
-47.9798
-42.7432
10.7937
-28.0125
-59.8552
-69.0283
-68.1554
-67.1074
-66.0302
-64.9429
-63.8637
-62.8101
-61.7987
-60.8432
-59.9487
-59.04
-58.222
-57.502
-56.8767
-56.3321
-55.86
-55.4491
-55.0896
-54.7793
-54.5207
-54.3082
-54.1344
-53.9917
-53.8698
-53.7669
-53.684
-53.6193
-53.5692
-53.5308
-53.5015
-53.4765
-53.4529
-53.4341
-53.4213
-53.4129
-53.4076
-53.4047
-53.4035
-53.4036
-53.3998
-53.3932
-53.3897
-53.3888
-53.3895
-53.3912
-53.3935
-53.3963
-53.3993
-53.4026
-53.406
-53.4064
-53.3985
-53.3944
-53.3934
-53.3942
-53.3958
-53.3979
-53.4002
-53.4027
-53.4052
-53.4078
-53.4105
-53.4129
-53.415
-53.4168
-53.4183
-53.4174
-53.4069
-53.3969
-53.392
-53.3893
-53.3869
-53.383
-53.374
-53.3357
-53.0926
-53.0351
-53.0874
-53.1496
-53.1988
-53.2334
-53.2567
-53.2725
-53.2841
-53.2939
-53.3035
-53.314
-53.3266
-53.3426
-53.3633
-53.3899
-53.4229
-53.4388
-53.4432
-53.4467
-53.4428
-53.4382
-53.4375
-53.4394
-53.4432
-53.4484
-53.4547
-53.4623
-53.471
-53.4808
-53.4918
-53.504
-53.5176
-53.5326
-53.5491
-53.5672
-53.5871
-53.6089
-53.6327
-53.6588
-53.6872
-53.7183
-53.7524
-53.7896
-53.8302
-53.8746
-53.9228
-53.9754
-54.0325
-54.0945
-54.1617
-53.9149
-53.5433
-53.4317
-53.4097
-53.4167
-53.433
-53.418
-53.4078
-53.4092
-53.4164
-53.426
-53.4365
-53.4473
-53.4582
-53.4693
-53.4806
-53.4923
-53.5044
-53.5172
-53.5312
-53.5461
-53.5619
-53.5787
-53.5966
-53.616
-53.6368
-53.6594
-53.6839
-53.7105
-53.7405
-53.7735
-53.809
-53.8477
-53.892
-53.9399
-53.9907
-54.0449
-54.1031
-54.1657
-54.2336
-54.3119
-53.8617
-53.4629
-53.3628
-53.3516
-53.3656
-53.386
-53.407
-53.4273
-53.4448
-53.4236
-53.4116
-53.4109
-53.4154
-53.4223
-53.4302
-53.4384
-53.4469
-53.4555
-53.4643
-53.4735
-53.4835
-53.4949
-53.5068
-53.5193
-53.5332
-53.5479
-53.5634
-53.5799
-53.5977
-53.6169
-53.6377
-53.6617
-53.6892
-53.7195
-53.752
-53.7886
-53.8278
-53.8692
-53.9134
-53.9608
-54.0119
-54.067
-54.1306
-54.2
-54.2776
-54.3613
-54.4531
-54.5522
-54.6549
-53.9363
-53.4052
-53.2884
-53.2827
-53.3056
-53.3342
-53.3615
-53.3867
-53.4099
-53.4315
-53.4515
-53.4702
-53.4881
-53.5023
-53.4521
-53.4249
-53.4176
-53.4189
-53.4235
-53.4297
-53.437
-53.4453
-53.4539
-53.4627
-53.4718
-53.4813
-53.4913
-53.5021
-53.5145
-53.528
-53.5423
-53.5576
-53.5743
-53.5944
-53.6174
-53.6415
-53.6667
-53.6936
-53.724
-53.7585
-53.7953
-53.8346
-53.8782
-53.9285
-53.9859
-54.0468
-54.1106
-54.1781
-54.2508
-54.3341
-53.7601
-53.4114
-53.3329
-53.3299
-53.3394
-53.342
-53.3514
-53.3637
-53.3763
-53.3883
-53.3996
-53.4102
-53.4201
-53.4295
-53.4389
-53.4493
-53.4597
-53.4706
-53.4818
-53.4932
-53.505
-53.5185
-53.535
-53.5577
-53.5958
-53.6438
-53.6939
-53.7428
-53.7883
-53.8321
-53.8778
-53.9295
-53.9919
-54.0777
-54.198
-54.3347
-54.4688
-54.5936
-54.7135
-54.8346
-54.9617
-55.1067
-55.2798
-55.478
-55.7208
-55.9811
-56.2385
-56.4972
-56.7619
-57.0332
-57.3168
-57.6241
-57.9576
-58.3155
-58.724
-59.161
-59.605
-60.0488
-60.4931
-60.9366
-61.3822
-61.84
-62.3155
-62.8054
-63.33
-63.8837
-64.4385
-64.9769
-65.4917
-65.9825
-66.4503
-66.9012
-67.3442
-67.784
-68.2209
-68.6685
-69.1136
-69.5382
-69.9349
-70.2987
-70.6285
-70.9299
-71.2076
-71.4695
-71.7185
-71.9599
-72.1992
-72.4286
-72.6431
-72.8396
-73.0166
-73.1709
-73.3073
-73.429
-73.5403
-73.6438
-73.7434
-73.8413
-73.9337
-74.0198
-74.0985
-74.1692
-74.2305
-74.2814
-74.3248
-74.3633
-74.3987
-74.4323
-74.4658
-74.4991
-74.531
-74.5606
-74.588
-74.6122
-74.6325
-74.6475
-74.6587
-74.6687
-74.6778
-74.687
-74.6965
-74.7056
-74.715
-74.7242
-74.7339
-74.7425
-74.749
-74.7528
-74.7545
-74.7564
-74.7584
-74.7603
-74.7623
-74.7639
-74.7658
-74.7685
-74.7718
-74.7753
-74.7785
-74.7795
-74.7787
-74.7776
-74.7763
-74.7754
-74.7747
-74.773
-74.7707
-74.7702
-74.7705
-74.7719
-74.7748
-74.7778
-74.7786
-74.7781
-74.7774
-74.7763
-74.7754
-74.7738
-74.7712
-74.7678
-74.7654
-74.7643
-74.7643
-74.7656
-74.7667
-74.7667
-74.7671
-74.766
-74.764
-74.7631
-74.7625
-74.7601
-74.7575
-74.7543
-74.7537
-74.7545
-74.7554
-74.7564
-74.7566
-74.7572
-74.7577
-74.7572
-74.7555
-74.7532
-74.7524
-74.7507
-74.7477
-74.7434
-74.7398
-74.7398
-74.7399
-74.7392
-74.7387
-74.7401
-74.7414
-74.7412
-74.741
-74.7397
-74.7398
-74.7391
-74.7377
-74.7356
-74.7325
-74.7304
-74.7307
-74.7311
-74.73
-74.7286
-74.729
-74.7306
-74.7306
-74.7301
-74.7294
-74.7283
-74.7259
-74.7216
-74.7159
-74.7131
-74.7116
-74.7107
-74.7112
-74.7132
-74.7135
-74.7126
-74.712
-74.7137
-74.7174
-74.7179
-74.7185
-74.7185
-74.7152
-74.7118
-74.7072
-74.7023
-74.6992
-74.6965
-74.6961
-74.6987
-74.7019
-74.7028
-74.7027
-74.7003
-74.6992
-74.7011
-74.7021
-74.7
-74.6989
-74.6956
-74.6916
-74.6865
-74.6824
-74.6794
-74.6747
-74.6721
-74.6739
-74.6784
-74.6833
-74.6871
-74.6894
-74.6898
-74.6869
-74.6848
-74.6873
-74.6886
-74.6865
-74.684
-74.6817
-74.6767
-74.6707
-74.6656
-74.6615
-74.6589
-74.6586
-74.6579
-74.6587
-74.6615
-74.6665
-74.671
-74.6711
-74.6673
-74.662
-74.6594
-74.6615
-74.6645
-74.6628
-74.658
-74.654
-74.6513
-74.6468
-74.6417
-74.6398
-74.638
-74.637
-74.6374
-74.6399
-74.6426
-74.6459
-74.6496
-74.6511
-74.6494
-74.6456
-74.6421
-74.6399
-74.642
-74.6467
-74.6475
-74.643
-74.637
-74.633
-74.6289
-74.6274
-74.6256
-74.6215
-74.615
-74.6112
-74.6115
-74.614
-74.618
-74.6212
-74.6197
-74.6181
-74.6175
-74.6141
-74.6101
-74.6082
-74.6056
-74.605
-74.6078
-74.6103
-74.6127
-74.6116
-74.6057
-74.6031
-74.6042
-74.6044
-74.603
-74.597
-74.5881
-74.5834
-74.5858
-74.5913
-74.5955
-74.5959
-74.5932
-74.59
-74.5892
-74.586
-74.5812
-74.5783
-74.5757
-74.5755
-74.5745
-74.5729
-74.5729
-74.574
-74.578
-74.5829
-74.5848
-74.582
-74.577
-74.5736
-74.5694
-74.5643
-74.5579
-74.5532
-74.5538
-74.5586
-74.5609
-74.5587
-74.5533
-74.5477
-74.5448
-74.5416
-74.5389
-74.5365
-74.5356
-74.5318
-74.5269
-74.5255
-74.5237
-74.5191
-74.5155
-74.518
-74.5304
-74.541
-74.5449
-74.5446
-74.5389
-74.5325
-74.5269
-74.5199
-74.5157
-74.5148
-74.515
-74.5204
-74.5272
-74.531
-74.5303
-74.5231
-74.5112
-74.5038
-74.5
-74.4947
-74.4857
-74.4774
-74.4783
-74.4815
-74.4832
-74.483
-74.4801
-74.4761
-74.474
-74.4723
-74.4716
-74.4725
-74.4718
-74.4708
-74.4736
-74.4768
-74.4758
-74.474
-74.471
-74.4672
-74.4627
-74.456
-74.4578
-74.4649
-74.4705
-74.4777
-74.4798
-74.4796
-74.4757
-74.4674
-74.4624
-74.4551
-74.4459
-74.4349
-74.4211
-74.408
-74.3975
-74.3893
-74.386
-74.3897
-74.3979
-74.4071
-74.4179
-74.4236
-74.4213
-74.4182
-74.4172
-74.4135
-74.4076
-74.3963
-74.3839
-74.3753
-74.3682
-74.3636
-74.3629
-74.3637
-74.3612
-74.3592
-74.36
-74.3701
-74.3833
-74.3954
-74.4019
-74.402
-74.3961
-74.3895
-74.3825
-74.374
-74.373
-74.3775
-74.3796
-74.3779
-74.3724
-74.3655
-74.3546
-74.3407
-74.3265
-74.3117
-74.3048
-74.3022
-74.301
-74.2989
-74.2969
-74.298
-74.3048
-74.3131
-74.3218
-74.3262
-74.329
-74.3323
-74.335
-74.3339
-74.327
-74.3149
-74.2988
-74.2807
-74.2664
-74.2533
-74.2396
-74.2244
-74.209
-74.2028
-74.2026
-74.1983
-74.1972
-74.2059
-74.2142
-74.2253
-74.24
-74.2502
-74.2555
-74.2582
-74.2579
-74.2556
-74.253
-74.2493
-74.2433
-74.2397
-74.2379
-74.2377
-74.2376
-74.2367
-74.2316
-74.2222
-74.2115
-74.202
-74.1915
-74.1779
-74.1683
-74.1638
-74.1583
-74.1561
-74.1552
-74.1543
-74.1579
-74.1631
-74.17
-74.1734
-74.1792
-74.1882
-74.1898
-74.1865
-74.1785
-74.1682
-74.1636
-74.1589
-74.1581
-74.1609
-74.1567
-74.1458
-74.1317
-74.1166
-74.1054
-74.0966
-74.0867
-74.0716
-74.0542
-74.0398
-74.0244
-74.0078
-73.9929
-73.9843
-73.9818
-73.9801
-73.9753
-73.9729
-73.9781
-73.9792
-73.9726
-73.9713
-73.9736
-73.9792
-73.9807
-73.9773
-73.9703
-73.9698
-73.9782
-73.9856
-73.9835
-73.9725
-73.9614
-73.9621
-73.9687
-73.9727
-73.9721
-73.9697
-73.9715
-73.9813
-73.9891
-73.9909
-73.9932
-73.9938
-73.989
-73.9793
-73.9719
-73.9627
-73.9593
-73.9567
-73.9614
-73.9667
-73.9704
-73.971
-73.9655
-73.9526
-73.934
-73.9124
-73.8925
-73.8709
-73.8465
-73.8226
-73.8033
-73.7905
-73.7916
-73.8029
-73.8243
-73.8416
-73.8583
-73.8719
-73.8825
-73.8919
-73.9014
-73.9083
-73.9127
-73.9152
-73.9159
-73.9135
-73.9104
-73.907
-73.8972
-73.8846
-73.8759
-73.8673
-73.8564
-73.8401
-73.8193
-73.8001
-73.7866
-73.7744
-73.7664
-73.7574
-73.7429
-73.7254
-73.7094
-73.6906
-73.6747
-73.6653
-73.6531
-73.6419
-73.6308
-73.6204
-73.6054
-73.5858
-73.5627
-73.5412
-73.5331
-73.5361
-73.54
-73.5419
-73.5363
-73.5239
-73.513
-73.5004
-73.4833
-73.4624
-73.4387
-73.414
-73.3975
-73.3889
-73.3778
-73.3688
-73.3588
-73.3446
-73.3337
-73.3242
-73.3181
-73.3082
-73.2931
-73.2739
-73.2518
-73.2302
-73.2323
-73.2415
-73.2513
-73.2613
-73.2657
-73.2615
-73.2564
-73.2585
-73.2664
-73.2713
-73.2679
-73.2573
-73.2417
-73.2226
-73.201
-73.1776
-73.1529
-73.1275
-73.11
-73.096
-73.088
-73.0833
-73.0863
-73.0936
-73.0977
-73.1026
-73.1012
-73.0926
-73.0788
-73.0612
-73.041
-73.019
-72.9985
-72.9867
-72.9746
-72.9589
-72.9401
-72.9191
-72.8964
-72.8727
-72.8483
-72.8234
-72.7982
-72.7727
-72.7472
-72.7216
-72.696
-72.6704
-72.645
-72.6197
-72.5945
-72.5695
-72.5446
-72.52
-72.4955
-72.4713
-72.4472
-72.4285
-72.4222
-72.4158
-72.4055
-72.3918
-72.3756
-72.3579
-72.3391
-72.3196
-72.2997
-72.2795
-72.2592
-72.2388
-72.2183
-72.1979
-72.1776
-72.1574
-72.1374
-72.1174
-72.0976
-72.078
-72.0586
-72.0393
-72.0279
-72.0301
-72.0309
-72.027
-72.019
-72.0082
-71.9955
-71.9815
-71.9666
-71.9512
-71.9354
-71.9193
-71.9031
-71.8868
-71.8705
-71.8542
-71.8379
-71.8217
-71.8057
-71.7897
-71.7739
-71.7581
-71.7426
-71.7271
-71.7119
-71.6968
-71.6818
-71.667
-71.6523
-71.6379
-71.6236
-71.6094
-71.5954
-71.5816
-71.5679
-71.5544
-71.541
-71.5278
-71.5148
-71.5019
-71.4892
-71.4766
-71.4642
-71.452
-71.4399
-71.4279
-71.4161
-71.4044
-71.3929
-71.3815
-71.3703
-71.3592
-71.3482
-71.3374
-71.3267
-71.3161
-71.3057
-71.2955
-71.2853
-71.2753
-71.2654
-71.2557
-71.246
-71.2365
-71.2271
-71.2179
-71.2087
-71.1997
-71.1908
-71.182
-71.1733
-71.1648
-71.1563
-71.148
-71.1397
-71.1316
-71.1236
-71.1157
-71.1079
-71.1002
-71.0926
-71.0851
-71.0777
-71.0704
-71.0631
-71.056
-71.049
-71.0421
-71.0353
-71.0285
-71.0219
-71.0153
-71.0089
-71.0025
-70.9962
-70.99
-70.9839
-70.9778
-70.9719
-70.966
-70.9602
-70.9545
-70.9488
-70.9433
-70.9378
-70.9324
-70.9271
-70.9218
-70.9166
-70.9115
-70.9065
-70.9015
-70.8966
-70.8918
-70.887
-70.8823
-70.8777
-70.8732
-70.8687
-70.8642
-70.8599
-70.8556
-70.8513
-70.8472
-70.843
-70.839
-70.835
-70.8311
-70.8272
-70.8233
-70.8196
-70.8159
-70.8122
-70.8086
-70.8051
-70.8016
-70.7981
-70.7947
-70.7914
-70.7881
-70.7849
-70.7817
-70.7785
-70.7754
-70.7724
-70.7694
-70.7664
-70.7635
-70.7607
-70.7578
-70.7551
-70.7523
-70.7497
-70.747
-70.7444
-70.7418
-70.7393
-70.7368
-70.7344
-70.732
-70.7296
-70.7273
-70.725
-70.7228
-70.7206
-70.7184
-70.7162
-70.7141
-70.7121
-70.71
-70.708
-70.7061
-70.7041
-70.7022
-70.7004
-70.6985
-70.6967
-70.6949
-70.6932
-70.6915
-70.6898
-70.6881
-70.6865
-70.6849
-70.6833
-70.6818
-70.6803
-70.6788
-70.6773
-70.6759
-70.6745
-70.6731
-70.6718
-70.6704
-70.6691
-70.6679
-70.6666
-70.6654
-70.6641
-70.663
-70.6618
-70.6607
-70.6595
-70.6584
-70.6574
-70.6563
-70.6553
-70.6543
-70.6533
-70.6523
-70.6513
-70.6504
-70.6495
-70.6486
-70.6477
-70.6469
-70.646
-70.6452
-70.6444
-70.6436
-70.6428
-70.6421
-70.6413
-70.6406
-70.6399
-70.6392
-70.6386
-70.6379
-70.6373
-70.6366
-70.636
-70.6354
-70.6348
-70.6343
-70.6337
-70.6332
-70.6327
-70.6321
-70.6316
-70.6311
-70.6307
-70.6302
-70.6298
-70.6293
-70.6289
-70.6285
-70.6281
-70.6277
-70.6273
-70.6269
-70.6266
-70.6262
-70.6259
-70.6256
-70.6253
-70.625
-70.6247
-70.6244
-70.6241
-70.6238
-70.6236
-70.6233
-70.6231
-70.6228
-70.6226
-70.6224
-70.6222
-70.622
-70.6218
-70.6216
-70.6215
-70.6213
-70.6211
-70.621
-70.6209
-70.6207
-70.6206
-70.6205
-70.6204
-70.6202
-70.6201
-70.6201
-70.62
-70.6199
-70.6198
-70.6197
-70.6197
-70.6196
-70.6196
-70.6195
-70.6195
-70.6194
-70.6194
-70.6194
-70.6194
-70.6194
-70.6193
-70.6193
-70.6193
-70.6193
-70.6194
-70.6194
-70.6194
-70.6194
-70.6194
-70.6195
-70.6195
-70.6195
-70.6196
-70.6196
-70.6197
-70.6197
-70.6198
-70.6199
-70.6199
-70.62
-70.6201
-70.6201
-70.6202
-70.6203
-70.6204
-70.6205
-70.6206
-70.6206
-70.6207
-70.6208
-70.6209
-70.621
-70.6212
-70.6213
-70.6214
-70.6215
-70.6216
-70.6217
-70.6218
-70.622
-70.6221
-70.6222
-70.6223
-70.6225
-70.6226
-70.6227
-70.6229
-70.623
-70.6232
-70.6233
-70.6234
-70.6236
-70.6237
-70.6239
-70.624
-70.6242
-70.6243
-70.6245
-70.6246
-70.6248
-70.6249
-70.6251
-70.6253
-70.6254
-70.6256
-70.6257
-70.6259
-70.6261
-70.6262
-70.6264
-70.6266
-70.6267
-70.6269
-70.6271
-70.6272
-70.6274
-70.6276
-70.6277
-70.6279
-70.6281
-70.6283
-70.6284
-70.6286
-70.6288
-70.6289
-70.6291
-70.6293
-70.6295
-70.6296
-70.6298
-70.63
-70.6302
-70.6303
-70.6305
-70.6307
-70.6309
-70.6311
-70.6312
-70.6314
-70.6316
-70.6318
-70.6319
-70.6321
-70.6323
-70.6325
-70.6326
-70.6328
-70.633
-70.6332
-70.6334
-70.6335
-70.6337
-70.6339
-70.6341
-70.6342
-70.6344
-70.6346
-70.6348
-70.6349
-70.6351
-70.6353
-70.6355
-70.6356
-70.6358
-70.636
-70.6362
-70.6363
-70.6365
-70.6367
-70.6368
-70.637
-70.6372
-70.6374
-70.6375
-70.6377
-70.6379
-70.638
-70.6382
-70.6384
-70.6385
-70.6387
-70.6389
-70.639
-70.6392
-70.6394
-70.6395
-70.6397
-70.6398
-70.64
-70.6402
-70.6403
-70.6405
-70.6407
-70.6408
-70.641
-70.6411
-70.6413
-70.6414
-70.6416
-70.6418
-70.6419
-70.6421
-70.6422
-70.6424
-70.6425
-70.6427
-70.6428
-70.643
-70.6431
-70.6433
-70.6434
-70.6436
-70.6437
-70.6439
-70.644
-70.6442
-70.6443
-70.6445
-70.6446
-70.6447
-70.6449
-70.645
-70.6452
-70.6453
-70.6454
-70.6456
-70.6457
-70.6459

