-70
-70.1661
-70.23
-70.2566
-70.2695
-70.2773
-70.283
-70.2879
-70.2925
-70.297
-70.3014
-70.3057
-70.31
-70.3142
-70.3185
-70.3226
-70.3268
-70.3309
-70.335
-70.3391
-70.3431
-70.3471
-70.351
-70.3549
-70.3588
-70.3626
-70.3664
-70.3701
-70.3738
-70.3775
-70.3811
-70.3847
-70.3883
-70.3918
-70.3953
-70.3987
-70.4021
-70.4055
-70.4088
-70.4121
-70.4154
-70.4186
-70.4218
-70.4249
-70.428
-70.4311
-70.4341
-70.4372
-70.4401
-70.4431
-70.446
-70.4489
-70.4517
-70.4545
-70.4573
-70.4601
-70.4628
-70.4655
-70.4682
-70.4708
-70.4734
-70.476
-70.4785
-70.481
-70.4835
-70.486
-70.4884
-70.4908
-70.4932
-70.4955
-70.4978
-70.5001
-70.5024
-70.5046
-70.5068
-70.509
-70.5112
-70.5133
-70.5154
-70.5175
-70.5196
-70.5216
-70.5236
-70.5256
-70.5276
-70.5295
-70.5315
-70.5334
-70.5352
-70.5371
-70.5389
-70.5407
-70.5425
-70.5443
-70.5461
-70.5478
-70.5495
-70.5512
-70.5528
-70.5545
-70.5561
-70.5577
-70.5593
-70.5609
-70.5624
-70.5639
-70.5655
-70.5669
-70.5684
-70.5699
-70.5713
-70.5727
-70.5741
-70.5755
-70.5769
-70.5782
-70.5796
-70.5809
-70.5822
-70.5835
-70.5848
-70.586
-70.5873
-70.5885
-70.5897
-70.5909
-70.5921
-70.5932
-70.5944
-70.5955
-70.5966
-70.5977
-70.5988
-70.5999
-70.601
-70.602
-70.603
-70.6041
-70.6051
-70.6061
-70.6071
-70.608
-70.609
-70.6099
-70.6109
-70.6118
-70.6127
-70.6136
-70.6145
-70.6154
-70.6162
-70.6171
-70.6179
-70.6187
-70.6196
-70.6204
-70.6212
-70.622
-70.6227
-70.6235
-70.6242
-70.625
-70.6257
-70.6265
-70.6272
-70.6279
-70.6286
-70.6293
-70.6299
-70.6306
-70.6313
-70.6319
-70.6325
-70.6332
-70.6338
-70.6344
-70.635
-70.6356
-70.6362
-70.6368
-70.6374
-70.6379
-70.6385
-70.639
-70.6396
-70.6401
-70.6406
-70.6411
-70.6417
-70.6422
-70.6427
-70.6431
-70.6436
-70.6441
-70.6446
-70.645
-70.6455
-70.6459
-70.6464
-70.6468
-70.6472
-70.6476
-70.6481
-70.6485
-70.6489
-70.6493
-70.6497
-70.65
-70.6504
-70.6508
-70.6512
-70.6515
-70.6519
-70.6522
-70.6526
-70.6529
-70.6533
-70.6536
-70.6539
-70.6542
-70.6545
-70.6549
-70.6552
-70.6555
-70.6558
-70.656
-70.6563
-70.6566
-70.6569
-70.6572
-70.6574
-70.6577
-70.658
-70.6582
-70.6585
-70.6587
-70.6589
-70.6592
-70.6594
-70.6597
-70.6599
-70.6601
-70.6603
-70.6605
-70.6607
-70.661
-70.6612
-70.6614
-70.6616
-70.6617
-70.6619
-70.6621
-70.6623
-70.6625
-70.6627
-70.6628
-70.663
-70.6632
-70.6633
-70.6635
-70.6637
-70.6638
-70.664
-70.6641
-70.6643
-70.6644
-70.6646
-70.6647
-70.6648
-70.665
-70.6651
-70.6652
-70.6653
-70.6655
-70.6656
-70.6657
-70.6658
-70.6659
-70.666
-70.6662
-70.6663
-70.6664
-70.6665
-70.6666
-70.6667
-70.6668
-70.6669
-70.667
-70.667
-70.6671
-70.6672
-70.6673
-70.6674
-70.6675
-70.6675
-70.6676
-70.6677
-70.6678
-70.6678
-70.6679
-70.668
-70.668
-70.6681
-70.6682
-70.6682
-70.6683
-70.6683
-70.6684
-70.6685
-70.6685
-70.6686
-70.6686
-70.6687
-70.6687
-70.6688
-70.6688
-70.6688
-70.6689
-70.6689
-70.669
-70.669
-70.669
-70.6691
-70.6691
-70.6691
-70.6692
-70.6692
-70.6692
-70.6693
-70.6693
-70.6693
-70.6694
-70.6694
-70.6694
-70.6694
-70.6694
-70.6695
-70.6695
-70.6695
-70.6695
-70.6695
-70.6696
-70.6696
-70.6696
-70.6696
-70.6696
-70.6696
-70.6696
-70.6697
-70.6697
-70.6697
-70.6697
-70.6697
-70.6697
-70.6697
-70.6697
-70.6697
-70.6697
-70.6697
-70.6697
-70.6697
-70.6697
-70.6697
-70.6697
-70.6697
-70.6697
-70.6697
-70.6697
-70.6697
-70.6697
-70.6697
-70.6697
-70.6697
-70.6697
-70.6697
-70.6697
-70.6697
-70.6697
-70.6697
-70.6697
-70.6697
-70.6697
-70.6697
-70.6696
-70.6696
-70.6696
-70.6696
-70.6696
-70.6696
-70.6696
-70.6696
-70.6696
-70.6695
-70.6695
-70.6695
-70.6695
-70.6695
-70.6695
-70.6695
-70.6695
-70.6694
-70.6694
-70.6694
-70.6694
-70.6694
-70.6694
-70.6693
-70.6693
-70.6693
-70.6693
-70.6693
-70.6693
-70.6693
-70.6692
-70.6692
-70.6692
-70.6692
-70.6692
-70.6691
-70.6691
-70.6691
-70.6691
-70.6691
-70.6691
-70.669
-70.669
-70.669
-70.669
-70.669
-70.6689
-70.6689
-70.6689
-70.6689
-70.6689
-70.6688
-70.6688
-70.6688
-70.6688
-70.6688
-70.6687
-70.6687
-70.6687
-70.6687
-70.6686
-70.6686
-70.6686
-70.6686
-70.6686
-70.6685
-70.6685
-70.6685
-70.6685
-70.6685
-70.6684
-70.6684
-70.6684
-70.6684
-70.6684
-70.6683
-70.6683
-70.6683
-70.6683
-70.6682
-70.6682
-70.6682
-70.6682
-70.6682
-70.6681
-70.6681
-70.6681
-70.6681
-70.6681
-70.6773
-70.8319
-71.4747
-72.417
-73.2331
-61.926
-53.2943
-50.7122
-48.833
-45.8244
-22.156
-17.2481
-43.3934
-68.5452
-68.4544
-67.4249
-66.3502
-65.2591
-64.1695
-63.0992
-62.0645
-61.0801
-60.1585
-59.3021
-58.4641
-57.7103
-57.0549
-56.484
-55.988
-55.5591
-55.1874
-54.8646
-54.5908
-54.364
-54.1777
-54.0247
-53.8976
-53.791
-53.7029
-53.6326
-53.5776
-53.5348
-53.5017
-53.4753
-53.4527
-53.4339
-53.4196
-53.4095
-53.4027
-53.3983
-53.3957
-53.3938
-53.391
-53.3879
-53.385
-53.3838
-53.3838
-53.3848
-53.3863
-53.3882
-53.3903
-53.3927
-53.3931
-53.392
-53.3908
-53.3894
-53.3891
-53.3897
-53.391
-53.3925
-53.3943
-53.3962
-53.3982
-53.4002
-53.4022
-53.4043
-53.4062
-53.4039
-53.4015
-53.3981
-53.3962
-53.3947
-53.393
-53.392
-53.3912
-53.39
-53.3878
-53.383
-53.3693
-53.2546
-53.1009
-53.1177
-53.1684
-53.2141
-53.2479
-53.2711
-53.2867
-53.2977
-53.3064
-53.3143
-53.3451
-53.3712
-53.3849
-53.396
-53.404
-53.4092
-53.4135
-53.4172
-53.419
-53.4208
-53.4233
-53.4267
-53.431
-53.4361
-53.4421
-53.4488
-53.4563
-53.4648
-53.4743
-53.4848
-53.4964
-53.5093
-53.5234
-53.539
-53.5561
-53.5749
-53.5955
-53.618
-53.6426
-53.6695
-53.6988
-53.731
-53.6939
-53.5417
-53.4802
-53.4629
-53.4604
-53.4392
-53.4291
-53.4289
-53.4336
-53.4406
-53.4482
-53.4406
-53.4349
-53.4343
-53.437
-53.4416
-53.4473
-53.4538
-53.4609
-53.4685
-53.4767
-53.4855
-53.495
-53.5051
-53.516
-53.5278
-53.5406
-53.5549
-53.5707
-53.5877
-53.606
-53.6257
-53.647
-53.6701
-53.6952
-53.7226
-53.7524
-53.7854
-53.8224
-53.7051
-53.5023
-53.4362
-53.422
-53.4254
-53.435
-53.4301
-53.417
-53.4139
-53.4169
-53.4228
-53.4297
-53.4371
-53.445
-53.4385
-53.4299
-53.4271
-53.428
-53.4309
-53.435
-53.4402
-53.4461
-53.4523
-53.4591
-53.4665
-53.4743
-53.4826
-53.4915
-53.501
-53.5113
-53.5228
-53.5363
-53.5511
-53.5668
-53.5841
-53.6032
-53.6235
-53.6452
-53.6685
-53.6937
-53.7211
-53.7522
-53.7877
-53.8279
-53.871
-53.9179
-53.6925
-53.4637
-53.4004
-53.3906
-53.3974
-53.409
-53.422
-53.4355
-53.4488
-53.4552
-53.4319
-53.4209
-53.4191
-53.4216
-53.4262
-53.4316
-53.4377
-53.4442
-53.4514
-53.4409
-53.4292
-53.4251
-53.4253
-53.428
-53.4317
-53.4361
-53.4411
-53.4464
-53.4523
-53.4587
-53.4661
-53.4741
-53.4826
-53.492
-53.5031
-53.5155
-53.5287
-53.5425
-53.5572
-53.5731
-53.5904
-53.6093
-53.6317
-53.6561
-53.6819
-53.7098
-53.742
-53.7808
-53.8229
-53.8669
-53.9132
-53.9627
-53.7963
-53.4791
-53.3916
-53.3767
-53.3836
-53.3813
-53.3801
-53.3848
-53.392
-53.3999
-53.4079
-53.4109
-53.4082
-53.4084
-53.4107
-53.4143
-53.4186
-53.4234
-53.4284
-53.4335
-53.4389
-53.4446
-53.4506
-53.4571
-53.4647
-53.4728
-53.4818
-53.4928
-53.5052
-53.5188
-53.5329
-53.5477
-53.5634
-53.5804
-53.602
-53.6385
-53.6858
-53.7513
-53.8304
-53.9081
-53.9764
-54.0409
-54.1073
-54.1854
-54.2891
-54.4376
-54.6091
-54.7843
-54.9605
-55.1285
-55.2935
-55.4617
-55.6375
-55.834
-56.0676
-56.3466
-56.6568
-56.979
-57.3049
-57.6317
-57.9593
-58.2925
-58.6362
-59.0037
-59.4065
-59.8554
-60.3443
-60.8495
-61.3522
-61.8524
-62.341
-62.8193
-63.2896
-63.7617
-64.2499
-64.7631
-65.2948
-65.8397
-66.3725
-66.8755
-67.3575
-67.8089
-68.2281
-68.6231
-69.0063
-69.3891
-69.7734
-70.154
-70.5251
-70.8732
-71.1852
-71.4721
-71.7312
-71.9622
-72.1724
-72.3705
-72.5629
-72.7512
-72.9346
-73.1091
-73.2703
-73.4117
-73.536
-73.6482
-73.7461
-73.8316
-73.9106
-73.9852
-74.0566
-74.1267
-74.1947
-74.2576
-74.3134
-74.3597
-74.3993
-74.4357
-74.466
-74.4929
-74.5176
-74.54
-74.5639
-74.5891
-74.6133
-74.6353
-74.6532
-74.6667
-74.6761
-74.6862
-74.6951
-74.7027
-74.7076
-74.712
-74.7191
-74.728
-74.7363
-74.7442
-74.7498
-74.7527
-74.7533
-74.754
-74.7577
-74.7613
-74.7616
-74.7607
-74.7621
-74.7644
-74.767
-74.7694
-74.7712
-74.7713
-74.77
-74.7678
-74.7663
-74.7689
-74.7693
-74.767
-74.7658
-74.7659
-74.7666
-74.767
-74.7675
-74.7675
-74.7676
-74.7676
-74.765
-74.7623
-74.7619
-74.7613
-74.7602
-74.7599
-74.7595
-74.7592
-74.7586
-74.758
-74.7583
-74.7571
-74.7562
-74.7551
-74.7523
-74.7483
-74.7451
-74.7444
-74.7455
-74.7468
-74.7474
-74.7485
-74.7488
-74.7492
-74.7491
-74.747
-74.7444
-74.7434
-74.742
-74.7365
-74.729
-74.7268
-74.7287
-74.7316
-74.7344
-74.7362
-74.7363
-74.7363
-74.7364
-74.7356
-74.7323
-74.7289
-74.7278
-74.7259
-74.7192
-74.7113
-74.7088
-74.712
-74.7153
-74.7193
-74.7233
-74.7249
-74.7254
-74.7266
-74.7257
-74.7221
-74.7181
-74.7148
-74.7114
-74.7074
-74.7019
-74.6969
-74.6927
-74.6924
-74.6953
-74.6999
-74.7052
-74.7083
-74.7111
-74.7133
-74.7119
-74.7085
-74.7044
-74.701
-74.6965
-74.6911
-74.6876
-74.6858
-74.6825
-74.6769
-74.6735
-74.6762
-74.6834
-74.6879
-74.6928
-74.6968
-74.7003
-74.6998
-74.6963
-74.6933
-74.6886
-74.6826
-74.675
-74.6703
-74.6686
-74.6667
-74.6614
-74.655
-74.6514
-74.6521
-74.6601
-74.6679
-74.672
-74.6742
-74.68
-74.6837
-74.6821
-74.6784
-74.6735
-74.6678
-74.6619
-74.6557
-74.6536
-74.6515
-74.6481
-74.643
-74.6372
-74.6321
-74.6338
-74.6393
-74.6438
-74.6489
-74.6542
-74.6596
-74.6631
-74.6645
-74.6627
-74.6593
-74.6534
-74.6459
-74.6387
-74.6342
-74.6312
-74.6293
-74.624
-74.6181
-74.6134
-74.6106
-74.609
-74.6115
-74.6134
-74.6175
-74.6217
-74.6267
-74.6349
-74.6421
-74.6422
-74.6369
-74.6319
-74.6291
-74.6258
-74.623
-74.6197
-74.6164
-74.612
-74.6068
-74.6008
-74.596
-74.5926
-74.5885
-74.585
-74.5879
-74.5911
-74.5935
-74.5942
-74.5954
-74.6017
-74.6102
-74.6154
-74.6148
-74.6091
-74.5998
-74.5922
-74.5906
-74.5913
-74.5939
-74.593
-74.5874
-74.5799
-74.5739
-74.5702
-74.566
-74.5591
-74.5539
-74.5527
-74.556
-74.5586
-74.5612
-74.5611
-74.5591
-74.5603
-74.568
-74.5722
-74.5744
-74.5755
-74.5727
-74.5648
-74.5613
-74.5605
-74.5598
-74.5612
-74.5603
-74.5601
-74.5574
-74.5515
-74.546
-74.5396
-74.5326
-74.5305
-74.5293
-74.527
-74.5271
-74.5289
-74.527
-74.5239
-74.5227
-74.523
-74.5231
-74.524
-74.5279
-74.5299
-74.5295
-74.5244
-74.5179
-74.5191
-74.5216
-74.5189
-74.514
-74.5123
-74.5142
-74.5148
-74.5119
-74.5061
-74.499
-74.4923
-74.4889
-74.4882
-74.486
-74.4849
-74.4811
-74.4793
-74.477
-74.4741
-74.4678
-74.4713
-74.4808
-74.4814
-74.4741
-74.4675
-74.4661
-74.469
-74.47
-74.4666
-74.4611
-74.4617
-74.4657
-74.464
-74.4575
-74.45
-74.4509
-74.4539
-74.4593
-74.4645
-74.4636
-74.46
-74.4556
-74.4506
-74.4451
-74.4361
-74.4252
-74.4159
-74.4163
-74.4184
-74.4159
-74.4156
-74.4167
-74.4177
-74.4243
-74.4299
-74.4307
-74.4296
-74.4239
-74.415
-74.4056
-74.4019
-74.4017
-74.4026
-74.4016
-74.3952
-74.3874
-74.3857
-74.3856
-74.3795
-74.3783
-74.3823
-74.3845
-74.3839
-74.3807
-74.378
-74.374
-74.3718
-74.3723
-74.3728
-74.374
-74.3731
-74.3679
-74.3605
-74.3497
-74.3353
-74.3245
-74.3189
-74.3138
-74.3067
-74.3023
-74.3
-74.3007
-74.3059
-74.3164
-74.3262
-74.3313
-74.3281
-74.3264
-74.3281
-74.3279
-74.3246
-74.3161
-74.3017
-74.2902
-74.2836
-74.2775
-74.2744
-74.277
-74.2837
-74.2863
-74.2889
-74.2867
-74.2802
-74.2711
-74.2601
-74.2514
-74.2472
-74.2462
-74.2435
-74.247
-74.251
-74.2544
-74.2528
-74.2472
-74.2377
-74.2287
-74.2282
-74.231
-74.2328
-74.2357
-74.2383
-74.2359
-74.2267
-74.2117
-74.2001
-74.1952
-74.1901
-74.1834
-74.1718
-74.1588
-74.1493
-74.1465
-74.1514
-74.1633
-74.1716
-74.1736
-74.1729
-74.1737
-74.1783
-74.1795
-74.1771
-74.1682
-74.1626
-74.161
-74.1572
-74.1508
-74.1418
-74.1289
-74.1152
-74.1044
-74.1004
-74.1054
-74.1173
-74.1307
-74.1409
-74.1433
-74.1418
-74.1339
-74.1248
-74.1164
-74.1084
-74.0985
-74.0838
-74.0693
-74.0584
-74.0504
-74.0416
-74.0308
-74.0218
-74.0206
-74.0202
-74.0213
-74.0253
-74.0253
-74.0185
-74.0103
-73.9994
-73.983
-73.9653
-73.9577
-73.964
-73.9741
-73.9819
-73.9855
-73.9867
-73.9853
-73.9798
-73.9707
-73.96
-73.945
-73.9298
-73.9173
-73.9154
-73.919
-73.9253
-73.9286
-73.9247
-73.9315
-73.9457
-73.9554
-73.9631
-73.968
-73.9649
-73.9582
-73.955
-73.9551
-73.9601
-73.9615
-73.9542
-73.942
-73.9362
-73.9299
-73.9211
-73.9087
-73.8941
-73.8803
-73.8672
-73.8598
-73.8607
-73.8584
-73.8484
-73.8361
-73.8215
-73.8051
-73.794
-73.7876
-73.7822
-73.7776
-73.7721
-73.7659
-73.7608
-73.7552
-73.7454
-73.7384
-73.7375
-73.7441
-73.7518
-73.7651
-73.7772
-73.7858
-73.7934
-73.7997
-73.8003
-73.7928
-73.7837
-73.7745
-73.7646
-73.7553
-73.7463
-73.7363
-73.7214
-73.7018
-73.6789
-73.6644
-73.6595
-73.6582
-73.6525
-73.6454
-73.6389
-73.6328
-73.6272
-73.6171
-73.6072
-73.5952
-73.5785
-73.5577
-73.534
-73.5081
-73.4807
-73.4626
-73.4545
-73.4602
-73.47
-73.4738
-73.4759
-73.4779
-73.4744
-73.4739
-73.4763
-73.4721
-73.4607
-73.444
-73.4256
-73.4119
-73.3965
-73.3831
-73.374
-73.3763
-73.3766
-73.3694
-73.3556
-73.3373
-73.3158
-73.292
-73.2667
-73.2445
-73.232
-73.2333
-73.2411
-73.2558
-73.2646
-73.2633
-73.2541
-73.2433
-73.2356
-73.2277
-73.2301
-73.2328
-73.2282
-73.217
-73.2008
-73.1813
-73.1648
-73.1549
-73.1514
-73.1451
-73.1332
-73.1168
-73.0971
-73.0751
-73.0516
-73.0269
-73.0015
-72.9756
-72.9492
-72.9226
-72.8958
-72.8689
-72.842
-72.8152
-72.7884
-72.7617
-72.7351
-72.7086
-72.6823
-72.6608
-72.6504
-72.6399
-72.626
-72.609
-72.5899
-72.5693
-72.5479
-72.5258
-72.5034
-72.4807
-72.458
-72.4352
-72.4124
-72.3897
-72.3671
-72.3447
-72.3224
-72.3003
-72.2783
-72.2566
-72.235
-72.2137
-72.1925
-72.1716
-72.1509
-72.1304
-72.1157
-72.115
-72.114
-72.1085
-72.0992
-72.0872
-72.0733
-72.0582
-72.0422
-72.0257
-72.0089
-71.9918
-71.9746
-71.9574
-71.9402
-71.923
-71.9058
-71.8887
-71.8718
-71.855
-71.8383
-71.8217
-71.8053
-71.7891
-71.773
-71.7571
-71.7414
-71.7258
-71.7104
-71.6951
-71.6801
-71.6652
-71.6505
-71.6359
-71.6215
-71.6073
-71.5933
-71.5794
-71.5657
-71.5521
-71.5387
-71.5255
-71.5124
-71.4995
-71.4868
-71.4742
-71.4618
-71.4495
-71.4373
-71.4254
-71.4135
-71.4018
-71.3903
-71.3789
-71.3677
-71.3565
-71.3456
-71.3347
-71.324
-71.3135
-71.3031
-71.2928
-71.2826
-71.2726
-71.2627
-71.253
-71.2433
-71.2338
-71.2244
-71.2152
-71.206
-71.197
-71.1881
-71.1793
-71.1706
-71.162
-71.1536
-71.1452
-71.137
-71.1289
-71.1209
-71.1129
-71.1051
-71.0974
-71.0898
-71.0823
-71.0749
-71.0676
-71.0604
-71.0533
-71.0463
-71.0394
-71.0325
-71.0258
-71.0192
-71.0126
-71.0061
-70.9998
-70.9935
-70.9873
-70.9812
-70.9751
-70.9692
-70.9633
-70.9575
-70.9518
-70.9462
-70.9406
-70.9352
-70.9298
-70.9244
-70.9192
-70.914
-70.9089
-70.9039
-70.8989
-70.894
-70.8892
-70.8845
-70.8798
-70.8752
-70.8706
-70.8661
-70.8617
-70.8574
-70.8531
-70.8488
-70.8447
-70.8406
-70.8365
-70.8325
-70.8286
-70.8247
-70.8209
-70.8171
-70.8134
-70.8098
-70.8062
-70.8027
-70.7992
-70.7957
-70.7924
-70.789
-70.7857
-70.7825
-70.7793
-70.7762
-70.7731
-70.7701
-70.7671
-70.7642
-70.7613
-70.7584
-70.7556
-70.7528
-70.7501
-70.7474
-70.7448
-70.7422
-70.7397
-70.7371
-70.7347
-70.7322
-70.7299
-70.7275
-70.7252
-70.7229
-70.7207
-70.7185
-70.7163
-70.7142
-70.7121
-70.71
-70.708
-70.706
-70.704
-70.7021
-70.7002
-70.6984
-70.6965
-70.6948
-70.693
-70.6913
-70.6896
-70.6879
-70.6862
-70.6846
-70.683
-70.6815
-70.6799
-70.6784
-70.677
-70.6755
-70.6741
-70.6727
-70.6713
-70.67
-70.6687
-70.6674
-70.6661
-70.6649
-70.6636
-70.6624
-70.6613
-70.6601
-70.659
-70.6579
-70.6568
-70.6557
-70.6547
-70.6536
-70.6526
-70.6516
-70.6507
-70.6497
-70.6488
-70.6479
-70.647
-70.6462
-70.6453
-70.6445
-70.6437
-70.6429
-70.6421
-70.6413
-70.6406
-70.6399
-70.6392
-70.6385
-70.6378
-70.6371
-70.6365
-70.6358
-70.6352
-70.6346
-70.634
-70.6335
-70.6329
-70.6324
-70.6318
-70.6313
-70.6308
-70.6303
-70.6298
-70.6294
-70.6289
-70.6285
-70.628
-70.6276
-70.6272
-70.6268
-70.6264
-70.6261
-70.6257
-70.6254
-70.625
-70.6247
-70.6244
-70.6241
-70.6238
-70.6235
-70.6232
-70.6229
-70.6227
-70.6224
-70.6222
-70.622
-70.6217
-70.6215
-70.6213
-70.6211
-70.6209
-70.6208
-70.6206
-70.6204
-70.6203
-70.6201
-70.62
-70.6198
-70.6197
-70.6196
-70.6195
-70.6194
-70.6193
-70.6192
-70.6191
-70.619
-70.6189
-70.6189
-70.6188
-70.6187
-70.6187
-70.6187
-70.6186
-70.6186
-70.6186
-70.6185
-70.6185
-70.6185
-70.6185
-70.6185
-70.6185
-70.6185
-70.6185
-70.6185
-70.6185
-70.6186
-70.6186
-70.6186
-70.6187
-70.6187
-70.6188
-70.6188
-70.6189
-70.6189
-70.619
-70.619
-70.6191
-70.6192
-70.6193
-70.6193
-70.6194
-70.6195
-70.6196
-70.6197
-70.6198
-70.6199
-70.62
-70.6201
-70.6202
-70.6203
-70.6204
-70.6205
-70.6206
-70.6207
-70.6208
-70.621
-70.6211
-70.6212
-70.6213
-70.6215
-70.6216
-70.6217
-70.6219
-70.622
-70.6222
-70.6223
-70.6224
-70.6226
-70.6227
-70.6229
-70.623
-70.6232
-70.6233
-70.6235
-70.6236
-70.6238
-70.6239
-70.6241
-70.6243
-70.6244
-70.6246
-70.6247
-70.6249
-70.6251
-70.6252
-70.6254
-70.6256
-70.6257
-70.6259
-70.6261
-70.6263
-70.6264
-70.6266
-70.6268
-70.6269
-70.6271
-70.6273
-70.6275
-70.6276
-70.6278
-70.628
-70.6282
-70.6284
-70.6285
-70.6287
-70.6289
-70.6291
-70.6292
-70.6294
-70.6296
-70.6298
-70.63
-70.6301
-70.6303
-70.6305
-70.6307
-70.6309
-70.631
-70.6312
-70.6314
-70.6316
-70.6318
-70.6319
-70.6321
-70.6323
-70.6325
-70.6327
-70.6328
-70.633
-70.6332
-70.6334
-70.6336
-70.6337
-70.6339
-70.6341
-70.6343
-70.6345
-70.6346
-70.6348
-70.635
-70.6352
-70.6353
-70.6355
-70.6357
-70.6359
-70.636
-70.6362
-70.6364
-70.6366
-70.6367
-70.6369
-70.6371
-70.6373
-70.6374
-70.6376
-70.6378
-70.6379
-70.6381
-70.6383
-70.6385
-70.6386
-70.6388
-70.639
-70.6391
-70.6393
-70.6395
-70.6396
-70.6398
-70.6399
-70.6401
-70.6403
-70.6404
-70.6406
-70.6408
-70.6409
-70.6411
-70.6412
-70.6414
-70.6416
-70.6417
-70.6419
-70.642
-70.6422
-70.6423
-70.6425
-70.6426
-70.6428
-70.6429
-70.6431
-70.6432
-70.6434
-70.6435
-70.6437
-70.6438
-70.644
-70.6441
-70.6443
-70.6444
-70.6446
-70.6447
-70.6449
-70.645
-70.6451
-70.6453
-70.6454
-70.6456
-70.6457
-70.6458
-70.646
-70.6461
-70.6463
-70.6464
-70.6465
-70.6467
-70.6468
-70.6469
-70.6471
-70.6472

