-70
-70.1661
-70.23
-70.2566
-70.2695
-70.2773
-70.283
-70.2879
-70.2925
-70.297
-70.3014
-70.3057
-70.31
-70.3142
-70.3185
-70.3226
-70.3268
-70.3309
-70.335
-70.3391
-70.3431
-70.3471
-70.351
-70.3549
-70.3588
-70.3626
-70.3664
-70.3701
-70.3738
-70.3775
-70.3811
-70.3847
-70.3883
-70.3918
-70.3953
-70.3987
-70.4021
-70.4055
-70.4088
-70.4121
-70.4154
-70.4186
-70.4218
-70.4249
-70.428
-70.4311
-70.4341
-70.4372
-70.4401
-70.4431
-70.446
-70.4489
-70.4517
-70.4545
-70.4573
-70.4601
-70.4628
-70.4655
-70.4682
-70.4708
-70.4734
-70.476
-70.4785
-70.481
-70.4835
-70.486
-70.4884
-70.4908
-70.4932
-70.4955
-70.4978
-70.5001
-70.5024
-70.5046
-70.5068
-70.509
-70.5112
-70.5133
-70.5154
-70.5175
-70.5196
-70.5216
-70.5236
-70.5256
-70.5276
-70.5295
-70.5315
-70.5334
-70.5352
-70.5371
-70.5389
-70.5407
-70.5425
-70.5443
-70.5461
-70.5478
-70.5495
-70.5512
-70.5528
-70.5545
-70.5561
-70.5577
-70.5593
-70.5609
-70.5624
-70.5639
-70.5655
-70.5669
-70.5684
-70.5699
-70.5713
-70.5727
-70.5741
-70.5755
-70.5769
-70.5782
-70.5796
-70.5809
-70.5822
-70.5835
-70.5848
-70.586
-70.5873
-70.5885
-70.5897
-70.5909
-70.5921
-70.5932
-70.5944
-70.5955
-70.5966
-70.5977
-70.5988
-70.5999
-70.601
-70.602
-70.603
-70.6041
-70.6051
-70.6061
-70.6071
-70.608
-70.609
-70.6099
-70.6109
-70.6118
-70.6127
-70.6136
-70.6145
-70.6154
-70.6162
-70.6171
-70.6179
-70.6187
-70.6196
-70.6204
-70.6212
-70.622
-70.6227
-70.6235
-70.6242
-70.625
-70.6257
-70.6265
-70.6272
-70.6279
-70.6286
-70.6293
-70.6299
-70.6306
-70.6313
-70.6319
-70.6325
-70.6332
-70.6338
-70.6344
-70.635
-70.6356
-70.6362
-70.6368
-70.6374
-70.6379
-70.6385
-70.639
-70.6396
-70.6401
-70.6406
-70.6411
-70.6417
-70.6422
-70.6427
-70.6431
-70.6436
-70.6441
-70.6446
-70.645
-70.6455
-70.6459
-70.6464
-70.6468
-70.6472
-70.6476
-70.6481
-70.6485
-70.6489
-70.6493
-70.6497
-70.65
-70.6504
-70.6508
-70.6512
-70.6515
-70.6519
-70.6522
-70.6526
-70.6529
-70.6533
-70.6536
-70.6539
-70.6542
-70.6545
-70.6549
-70.6552
-70.6555
-70.6558
-70.656
-70.6563
-70.6566
-70.6569
-70.6572
-70.6574
-70.6577
-70.658
-70.6582
-70.6585
-70.6587
-70.6589
-70.6592
-70.6594
-70.6597
-70.6599
-70.6601
-70.6603
-70.6605
-70.6607
-70.661
-70.6612
-70.6614
-70.6616
-70.6617
-70.6619
-70.6621
-70.6623
-70.6625
-70.6627
-70.6628
-70.663
-70.6632
-70.6633
-70.6635
-70.6637
-70.6638
-70.664
-70.6641
-70.6643
-70.6644
-70.6646
-70.6647
-70.6648
-70.665
-70.6651
-70.6652
-70.6653
-70.6655
-70.6656
-70.6657
-70.6658
-70.6659
-70.666
-70.6662
-70.6663
-70.6664
-70.6665
-70.6666
-70.6667
-70.6668
-70.6669
-70.667
-70.667
-70.6671
-70.6672
-70.6673
-70.6674
-70.6675
-70.6675
-70.6676
-70.6677
-70.6678
-70.6678
-70.6679
-70.668
-70.668
-70.6681
-70.6682
-70.6682
-70.6683
-70.6683
-70.6684
-70.6685
-70.6685
-70.6686
-70.6686
-70.6687
-70.6687
-70.6688
-70.6688
-70.6688
-70.6689
-70.6689
-70.669
-70.669
-70.669
-70.6691
-70.6691
-70.6691
-70.6692
-70.6692
-70.6692
-70.6693
-70.6693
-70.6693
-70.6694
-70.6694
-70.6694
-70.6694
-70.6694
-70.6695
-70.6695
-70.6695
-70.6695
-70.6695
-70.6696
-70.6696
-70.6696
-70.6696
-70.6696
-70.6696
-70.6696
-70.6697
-70.6697
-70.6697
-70.6697
-70.6697
-70.6697
-70.6697
-70.6697
-70.6697
-70.6697
-70.6697
-70.6697
-70.6697
-70.6697
-70.6697
-70.6697
-70.6697
-70.6697
-70.6697
-70.6697
-70.6697
-70.6697
-70.6697
-70.6697
-70.6697
-70.6697
-70.6697
-70.6697
-70.6697
-70.6697
-70.6697
-70.6697
-70.6697
-70.6697
-70.6697
-70.6696
-70.6696
-70.6696
-70.6696
-70.6696
-70.6696
-70.6696
-70.6696
-70.6696
-70.6695
-70.6695
-70.6695
-70.6695
-70.6695
-70.6695
-70.6695
-70.6695
-70.6694
-70.6694
-70.6694
-70.6694
-70.6694
-70.6694
-70.6693
-70.6693
-70.6693
-70.6693
-70.6693
-70.6693
-70.6693
-70.6692
-70.6692
-70.6692
-70.6692
-70.6692
-70.6691
-70.6691
-70.6691
-70.6691
-70.6691
-70.6691
-70.669
-70.669
-70.669
-70.669
-70.669
-70.6689
-70.6689
-70.6689
-70.6689
-70.6689
-70.6688
-70.6688
-70.6688
-70.6688
-70.6688
-70.6687
-70.6687
-70.6687
-70.6687
-70.6686
-70.6686
-70.6686
-70.6686
-70.6686
-70.6685
-70.6685
-70.6685
-70.6685
-70.6685
-70.6684
-70.6684
-70.6684
-70.6684
-70.6684
-70.6683
-70.6683
-70.6683
-70.6683
-70.6682
-70.6682
-70.6682
-70.6682
-70.6682
-70.6681
-70.6681
-70.6681
-70.6681
-70.6681
-70.6798
-70.9128
-71.6539
-72.531
-73.2803
-73.7974
-74.0702
-74.2036
-74.2685
-74.301
-74.326
-74.366
-74.4287
-74.4988
-74.5628
-74.6054
-74.6244
-74.6291
-74.6261
-74.619
-74.6127
-74.6173
-74.6403
-74.6721
-74.7037
-74.7256
-74.7328
-74.7301
-74.7218
-74.7105
-74.6971
-74.682
-74.6661
-74.6497
-74.6316
-74.6119
-74.5905
-74.5676
-74.5434
-74.5179
-74.4914
-74.4638
-74.4352
-74.4058
-74.3756
-74.3447
-74.3131
-74.2809
-74.2483
-74.2152
-74.1818
-74.148
-74.114
-74.0798
-74.0455
-74.011
-73.9765
-73.9419
-73.9074
-73.873
-73.8386
-73.8043
-73.7701
-73.7361
-73.7023
-73.6686
-73.6352
-73.6019
-73.5689
-73.5361
-73.5036
-73.4713
-73.4393
-73.4076
-73.3761
-73.3449
-73.314
-73.2833
-73.2529
-73.2228
-73.193
-73.1635
-73.1343
-73.1053
-73.0766
-73.0482
-73.0201
-72.9922
-72.9647
-72.9374
-72.9103
-72.8836
-72.8571
-72.8309
-72.8049
-72.7792
-72.7538
-72.7286
-72.7037
-72.679
-72.6546
-72.6305
-72.6066
-72.583
-72.5596
-72.5364
-72.5135
-72.4908
-72.4684
-72.4462
-72.4242
-72.4025
-72.381
-72.3597
-72.3387
-72.3179
-72.2973
-72.277
-72.2568
-72.2369
-72.2172
-72.1977
-72.1784
-72.1594
-72.1405
-72.1218
-72.1034
-72.0851
-72.0671
-72.0492
-72.0315
-72.0141
-71.9968
-71.9797
-71.9628
-71.9461
-71.9295
-71.9132
-71.897
-71.881
-71.8652
-71.8496
-71.8341
-71.8188
-71.8037
-71.7887
-71.7739
-71.7593
-71.7448
-71.7306
-71.7164
-71.7024
-71.6886
-71.675
-71.6614
-71.6481
-71.6349
-71.6218
-71.6089
-71.5962
-71.5835
-71.5711
-71.5587
-71.5465
-71.5345
-71.5226
-71.5108
-71.4992
-71.4877
-71.4763
-71.4651
-71.454
-71.443
-71.4321
-71.4214
-71.4108
-71.4003
-71.39
-71.3798
-71.3696
-71.3597
-71.3631
-71.3836
-71.4188
-71.4486
-71.4678
-71.4787
-71.4835
-71.4842
-71.4821
-71.478
-71.4774
-71.4854
-71.5019
-71.5192
-71.5304
-71.5357
-71.5365
-71.5342
-71.5298
-71.5239
-71.5176
-71.5197
-71.5272
-71.5414
-71.5528
-71.5587
-71.5599
-71.5577
-71.5533
-71.5473
-71.5402
-71.5342
-71.5378
-71.5461
-71.5603
-71.5711
-71.5762
-71.5769
-71.5743
-71.5696
-71.5633
-71.5559
-71.5497
-71.5532
-71.5605
-71.5743
-71.5854
-71.5909
-71.5917
-71.5893
-71.5846
-71.5783
-71.5709
-71.5628
-71.5627
-71.5678
-71.5789
-71.592
-71.6001
-71.603
-71.602
-71.5982
-71.5925
-71.5856
-71.5776
-71.5711
-71.5745
-71.5796
-71.5915
-71.6033
-71.6099
-71.6116
-71.6097
-71.6054
-71.5993
-71.592
-71.5839
-71.5771
-71.5806
-71.5854
-71.5963
-71.6084
-71.6155
-71.6175
-71.6159
-71.6117
-71.6057
-71.5988
-71.5999
-71.6046
-71.6076
-71.6172
-71.6263
-71.6308
-71.6309
-71.6279
-71.6227
-71.616
-71.6119
-71.6161
-71.6196
-71.6199
-71.6263
-71.6349
-71.6393
-71.6395
-71.6366
-71.6314
-71.6247
-71.6181
-71.621
-71.6255
-71.6267
-71.6249
-71.6301
-71.6379
-71.6419
-71.6431
-71.6587
-71.6773
-71.6894
-71.6956
-71.7209
-71.7852
-71.9058
-72.1259
-72.4091
-72.6439
-72.8155
-72.9292
-72.9999
-73.085
-73.2221
-73.3984
-73.6018
-73.8434
-74.0515
-74.1823
-74.253
-74.2887
-74.3088
-74.3419
-74.3934
-74.4536
-74.5098
-74.5668
-74.6152
-74.643
-74.6532
-74.6538
-74.6496
-74.6473
-74.6559
-74.6745
-74.6926
-74.7113
-74.7289
-74.7398
-74.7409
-74.7351
-74.7259
-74.7177
-74.7152
-74.7201
-74.7279
-74.7365
-74.7461
-74.7545
-74.7575
-74.7532
-74.7441
-74.7342
-74.7275
-74.7262
-74.7296
-74.7346
-74.7415
-74.7487
-74.7544
-74.756
-74.7514
-74.7426
-74.7326
-74.7275
-74.727
-74.7281
-74.7326
-74.7395
-74.7461
-74.7507
-74.7515
-74.7475
-74.74
-74.7311
-74.726
-74.7257
-74.7264
-74.7294
-74.7358
-74.7406
-74.7439
-74.7453
-74.7424
-74.7372
-74.7307
-74.726
-74.7253
-74.7248
-74.7243
-74.7278
-74.7336
-74.7362
-74.7372
-74.7372
-74.7343
-74.7303
-74.7256
-74.7236
-74.7234
-74.7214
-74.7207
-74.7234
-74.728
-74.7303
-74.7302
-74.7294
-74.7277
-74.7237
-74.7203
-74.7202
-74.7208
-74.7189
-74.7175
-74.7191
-74.7226
-74.7245
-74.7232
-74.7212
-74.7201
-74.7179
-74.7148
-74.7143
-74.7166
-74.7176
-74.7152
-74.7142
-74.7152
-74.7171
-74.717
-74.7146
-74.712
-74.7102
-74.7099
-74.7093
-74.7105
-74.7128
-74.7141
-74.7114
-74.71
-74.71
-74.7098
-74.7093
-74.7072
-74.7036
-74.7007
-74.7009
-74.7022
-74.704
-74.7054
-74.7078
-74.7064
-74.7051
-74.7046
-74.7047
-74.7043
-74.7024
-74.7003
-74.6964
-74.6924
-74.6915
-74.6935
-74.6965
-74.6986
-74.7003
-74.6985
-74.6972
-74.6972
-74.6984
-74.6983
-74.6953
-74.6929
-74.6892
-74.6849
-74.6818
-74.6813
-74.6851
-74.6884
-74.6918
-74.692
-74.6908
-74.6918
-74.6916
-74.6923
-74.6918
-74.688
-74.6844
-74.681
-74.6764
-74.6717
-74.6708
-74.6728
-74.6755
-74.6801
-74.6812
-74.6804
-74.6813
-74.6817
-74.6815
-74.6828
-74.6825
-74.6776
-74.674
-74.6717
-74.6678
-74.6635
-74.6632
-74.6648
-74.666
-74.6691
-74.6708
-74.6711
-74.6705
-74.6693
-74.668
-74.67
-74.6725
-74.6697
-74.6646
-74.6603
-74.6594
-74.6564
-74.6542
-74.653
-74.6518
-74.6527
-74.6544
-74.6549
-74.655
-74.6555
-74.656
-74.6546
-74.6554
-74.658
-74.6597
-74.6599
-74.6545
-74.6494
-74.6477
-74.6494
-74.649
-74.6475
-74.6446
-74.6403
-74.6387
-74.6367
-74.6347
-74.6347
-74.6361
-74.6374
-74.6384
-74.6394
-74.6417
-74.645
-74.6425
-74.6372
-74.6322
-74.6304
-74.6353
-74.6386
-74.6367
-74.6327
-74.6285
-74.6218
-74.6188
-74.6168
-74.6138
-74.6132
-74.6159
-74.6177
-74.6193
-74.6225
-74.627
-74.63
-74.6284
-74.6236
-74.6193
-74.6204
-74.6237
-74.6259
-74.6241
-74.6187
-74.6113
-74.6049
-74.6004
-74.5954
-74.5928
-74.5918
-74.591
-74.5918
-74.5919
-74.5898
-74.5922
-74.5959
-74.5985
-74.5988
-74.6013
-74.6026
-74.6041
-74.6071
-74.6075
-74.6072
-74.6056
-74.6016
-74.5952
-74.5855
-74.576
-74.5714
-74.5694
-74.5682
-74.5683
-74.5691
-74.569
-74.5682
-74.5693
-74.5723
-74.5723
-74.5693
-74.5681
-74.5708
-74.5742
-74.5794
-74.5845
-74.5879
-74.5881
-74.5825
-74.5755
-74.5717
-74.5666
-74.5604
-74.5541
-74.5462
-74.5399
-74.5388
-74.5374
-74.5334
-74.5292
-74.5288
-74.5312
-74.5315
-74.5328
-74.5345
-74.5344
-74.5334
-74.5321
-74.5312
-74.535
-74.542
-74.5486
-74.5554
-74.5578
-74.5569
-74.5502
-74.5426
-74.5379
-74.5315
-74.5242
-74.5171
-74.5106
-74.5071
-74.5066
-74.5063
-74.5052
-74.5011
-74.4973
-74.4965
-74.4976
-74.4973
-74.4976
-74.4971
-74.4927
-74.488
-74.4859
-74.4877
-74.4929
-74.5018
-74.5088
-74.5113
-74.5124
-74.5119
-74.5073
-74.4987
-74.4936
-74.491
-74.4878
-74.4807
-74.4765
-74.4722
-74.4668
-74.4633
-74.458
-74.4521
-74.4497
-74.4456
-74.4442
-74.4455
-74.4475
-74.4482
-74.4465
-74.4414
-74.4356
-74.4312
-74.4267
-74.4214
-74.4207
-74.4182
-74.4171
-74.4172
-74.4231
-74.4385
-74.4531
-74.4614
-74.4625
-74.4607
-74.4572
-74.4506
-74.4404
-74.4306
-74.4255
-74.4183
-74.4098
-74.4031
-74.3966
-74.3945
-74.3932
-74.3942
-74.3961
-74.3961
-74.3925
-74.3906
-74.3864
-74.3809
-74.3778
-74.3737
-74.3698
-74.369
-74.3712
-74.3684
-74.3625
-74.3574
-74.3531
-74.3525
-74.354
-74.3539
-74.3543
-74.352
-74.354
-74.3594
-74.3607
-74.3635
-74.3705
-74.374
-74.3725
-74.3683
-74.3663
-74.3658
-74.3647
-74.3634
-74.3589
-74.3497
-74.3378
-74.3271
-74.3185
-74.3096
-74.2979
-74.2846
-74.2721
-74.2693
-74.2728
-74.28
-74.2876
-74.2914
-74.2876
-74.2829
-74.2782
-74.2708
-74.262
-74.255
-74.2477
-74.2383
-74.2281
-74.2226
-74.2194
-74.2163
-74.2101
-74.2061
-74.2134
-74.222
-74.2242
-74.2189
-74.2124
-74.2092
-74.2063
-74.2199
-74.2361
-74.2454
-74.2503
-74.2483
-74.2445
-74.2387
-74.2372
-74.2396
-74.241
-74.2364
-74.2291
-74.2204
-74.2119
-74.2011
-74.189
-74.1801
-74.1793
-74.1836
-74.1868
-74.1912
-74.1928
-74.1882
-74.1803
-74.1692
-74.1579
-74.1445
-74.1261
-74.1084
-74.1077
-74.1092
-74.1089
-74.1108
-74.1125
-74.1111
-74.1029
-74.0923
-74.0841
-74.0759
-74.0638
-74.0532
-74.0457
-74.0402
-74.0316
-74.0287
-74.0256
-74.0174
-74.0117
-74.0043
-73.9919
-73.9813
-73.9681
-73.9524
-73.9455
-73.954
-73.9623
-73.9718
-73.9875
-73.9988
-74.0098
-74.0205
-74.0264
-74.0273
-74.0295
-74.0336
-74.0354
-74.036
-74.0337
-74.0341
-74.0329
-74.0315
-74.0297
-74.0249
-74.0206
-74.0194
-74.0247
-74.029
-74.0314
-74.0258
-74.0142
-74.0065
-74.0016
-73.9981
-73.9983
-73.9982
-73.9948
-73.9916
-73.986
-73.978
-73.9714
-73.9688
-73.9712
-73.9681
-73.9586
-73.9466
-73.9307
-73.9188
-73.9061
-73.8924
-73.8778
-73.8721
-73.8675
-73.8609
-73.8494
-73.8325
-73.8162
-73.8056
-73.798
-73.7932
-73.7877
-73.7787
-73.7783
-73.783
-73.7844
-73.7877
-73.7944
-73.8045
-73.8096
-73.8075
-73.8018
-73.7946
-73.7838
-73.7675
-73.7469
-73.7242
-73.705
-73.6847
-73.6652
-73.6477
-73.6275
-73.61
-73.5995
-73.587
-73.5726
-73.5595
-73.5427
-73.5218
-73.4979
-73.4776
-73.4597
-73.4489
-73.4438
-73.4343
-73.4199
-73.4119
-73.4082
-73.4011
-73.4022
-73.4023
-73.395
-73.3813
-73.3692
-73.3605
-73.3547
-73.3511
-73.346
-73.3351
-73.3189
-73.2989
-73.2763
-73.2634
-73.2594
-73.2556
-73.2605
-73.2748
-73.2907
-73.2965
-73.2924
-73.2811
-73.2648
-73.2454
-73.2315
-73.2199
-73.2237
-73.2379
-73.2444
-73.2411
-73.2355
-73.236
-73.2377
-73.2335
-73.231
-73.2413
-73.2634
-73.2762
-73.2776
-73.2703
-73.257
-73.2447
-73.2358
-73.2277
-73.2224
-73.213
-73.2081
-73.2127
-73.2122
-73.2043
-73.1907
-73.1729
-73.1594
-73.1599
-73.171
-73.185
-73.1907
-73.1871
-73.1765
-73.1628
-73.155
-73.1458
-73.1322
-73.1182
-73.11
-73.0994
-73.0871
-73.0804
-73.0715
-73.0579
-73.0404
-73.0203
-72.9982
-72.9747
-72.9504
-72.9254
-72.8999
-72.8741
-72.8481
-72.8219
-72.7958
-72.7696
-72.7434
-72.7174
-72.6914
-72.6656
-72.64
-72.6145
-72.5892
-72.5641
-72.5392
-72.5145
-72.4901
-72.4658
-72.4419
-72.4181
-72.3946
-72.3713
-72.3483
-72.3256
-72.3031
-72.2808
-72.2588
-72.237
-72.2154
-72.1941
-72.1731
-72.1522
-72.1317
-72.1113
-72.0912
-72.0713
-72.0517
-72.0322
-72.013
-71.994
-71.9753
-71.9567
-71.9384
-71.9203
-71.9024
-71.8847
-71.8673
-71.85
-71.8329
-71.8161
-71.7994
-71.783
-71.7667
-71.7506
-71.7348
-71.7191
-71.7036
-71.6883
-71.6732
-71.6582
-71.6435
-71.6289
-71.6145
-71.6002
-71.5862
-71.5723
-71.5586
-71.5451
-71.5317
-71.5185
-71.5054
-71.4925
-71.4798
-71.4673
-71.4548
-71.4426
-71.4305
-71.4185
-71.4067
-71.3951
-71.3835
-71.3722
-71.361
-71.3499
-71.3389
-71.3281
-71.3175
-71.307
-71.2966
-71.2863
-71.2762
-71.2662
-71.2564
-71.2467
-71.2371
-71.2276
-71.2182
-71.209
-71.1999
-71.1909
-71.182
-71.1733
-71.1646
-71.1561
-71.1477
-71.1394
-71.1312
-71.1231
-71.1151
-71.1072
-71.0994
-71.0918
-71.0842
-71.0767
-71.0694
-71.0621
-71.0549
-71.0478
-71.0409
-71.034
-71.0272
-71.0205
-71.0139
-71.0074
-71.0009
-70.9946
-70.9883
-70.9822
-70.9761
-70.9701
-70.9641
-70.9583
-70.9526
-70.9469
-70.9413
-70.9358
-70.9303
-70.925
-70.9197
-70.9145
-70.9093
-70.9042
-70.8992
-70.8943
-70.8895
-70.8847
-70.88
-70.8753
-70.8707
-70.8662
-70.8617
-70.8574
-70.853
-70.8488
-70.8446
-70.8404
-70.8364
-70.8323
-70.8284
-70.8245
-70.8206
-70.8169
-70.8131
-70.8095
-70.8058
-70.8023
-70.7988
-70.7953
-70.7919
-70.7885
-70.7852
-70.782
-70.7788
-70.7756
-70.7725
-70.7695
-70.7665
-70.7635
-70.7606
-70.7577
-70.7549
-70.7521
-70.7494
-70.7467
-70.744
-70.7414
-70.7389
-70.7363
-70.7338
-70.7314
-70.729
-70.7266
-70.7243
-70.722
-70.7198
-70.7176
-70.7154
-70.7132
-70.7111
-70.7091
-70.707
-70.705
-70.7031
-70.7011
-70.6992
-70.6974
-70.6955
-70.6937
-70.6919
-70.6902
-70.6885
-70.6868
-70.6852
-70.6835
-70.6819
-70.6804
-70.6788
-70.6773
-70.6759
-70.6744
-70.673
-70.6716
-70.6702
-70.6688
-70.6675
-70.6662
-70.6649
-70.6637
-70.6625
-70.6613
-70.6601
-70.6589
-70.6578
-70.6567
-70.6556
-70.6545
-70.6535
-70.6525
-70.6514
-70.6505
-70.6495
-70.6486
-70.6476
-70.6467
-70.6458
-70.645
-70.6441
-70.6433
-70.6425
-70.6417
-70.6409
-70.6401
-70.6394
-70.6387
-70.638
-70.6373
-70.6366
-70.6359
-70.6353
-70.6347
-70.634
-70.6334
-70.6329
-70.6323
-70.6317
-70.6312
-70.6307
-70.6301
-70.6296
-70.6291
-70.6287
-70.6282
-70.6278
-70.6273
-70.6269
-70.6265
-70.6261
-70.6257
-70.6253
-70.6249
-70.6246
-70.6242
-70.6239
-70.6236
-70.6233
-70.623
-70.6227
-70.6224
-70.6221
-70.6218
-70.6216
-70.6213
-70.6211
-70.6209
-70.6207
-70.6204
-70.6202
-70.62
-70.6199
-70.6197
-70.6195
-70.6194
-70.6192
-70.6191
-70.6189
-70.6188
-70.6187
-70.6185
-70.6184
-70.6183
-70.6182
-70.6182
-70.6181
-70.618
-70.6179
-70.6179
-70.6178
-70.6177
-70.6177
-70.6177
-70.6176
-70.6176
-70.6176
-70.6176
-70.6175
-70.6175
-70.6175
-70.6175
-70.6175
-70.6176
-70.6176
-70.6176
-70.6176
-70.6176
-70.6177
-70.6177
-70.6178
-70.6178
-70.6179
-70.6179
-70.618
-70.618
-70.6181
-70.6182
-70.6182
-70.6183
-70.6184
-70.6185
-70.6186
-70.6186
-70.6187
-70.6188
-70.6189
-70.619
-70.6191
-70.6192
-70.6194
-70.6195
-70.6196
-70.6197
-70.6198
-70.6199
-70.6201
-70.6202
-70.6203
-70.6204
-70.6206
-70.6207
-70.6208
-70.621
-70.6211
-70.6213
-70.6214
-70.6216
-70.6217
-70.6219
-70.622
-70.6222
-70.6223
-70.6225
-70.6226
-70.6228
-70.6229
-70.6231
-70.6233
-70.6234
-70.6236
-70.6237
-70.6239
-70.6241
-70.6243
-70.6244
-70.6246
-70.6248
-70.6249
-70.6251
-70.6253
-70.6255
-70.6256
-70.6258
-70.626
-70.6262
-70.6263
-70.6265
-70.6267
-70.6269
-70.6271
-70.6272
-70.6274
-70.6276
-70.6278
-70.628
-70.6281
-70.6283
-70.6285
-70.6287
-70.6289
-70.6291
-70.6292
-70.6294
-70.6296
-70.6298
-70.63
-70.6302
-70.6303
-70.6305
-70.6307
-70.6309
-70.6311
-70.6313
-70.6314
-70.6316
-70.6318
-70.632
-70.6322
-70.6324
-70.6325
-70.6327
-70.6329
-70.6331
-70.6333
-70.6335
-70.6336
-70.6338
-70.634
-70.6342
-70.6344
-70.6346
-70.6347
-70.6349
-70.6351
-70.6353
-70.6354
-70.6356
-70.6358
-70.636
-70.6362
-70.6363
-70.6365
-70.6367
-70.6369
-70.637
-70.6372
-70.6374
-70.6376
-70.6377
-70.6379
-70.6381
-70.6383
-70.6384
-70.6386
-70.6388
-70.6389
-70.6391
-70.6393
-70.6394
-70.6396
-70.6398
-70.6399
-70.6401
-70.6403
-70.6404
-70.6406
-70.6408
-70.6409
-70.6411
-70.6412
-70.6414
-70.6416
-70.6417
-70.6419
-70.642
-70.6422
-70.6423
-70.6425
-70.6427
-70.6428
-70.643
-70.6431
-70.6433
-70.6434
-70.6436
-70.6437
-70.6439
-70.644
-70.6442
-70.6443
-70.6445
-70.6446
-70.6447
-70.6449
-70.645

