-70
-70.1661
-70.23
-70.2566
-70.2695
-70.2773
-70.283
-70.2879
-70.2925
-70.297
-70.3014
-70.3057
-70.31
-70.3142
-70.3185
-70.3226
-70.3268
-70.3309
-70.335
-70.3391
-70.3431
-70.3471
-70.351
-70.3549
-70.3588
-70.3626
-70.3664
-70.3701
-70.3738
-70.3775
-70.3811
-70.3847
-70.3883
-70.3918
-70.3953
-70.3987
-70.4021
-70.4055
-70.4088
-70.4121
-70.4154
-70.4186
-70.4218
-70.4249
-70.428
-70.4311
-70.4341
-70.4372
-70.4401
-70.4431
-70.446
-70.4489
-70.4517
-70.4545
-70.4573
-70.4601
-70.4628
-70.4655
-70.4682
-70.4708
-70.4734
-70.476
-70.4785
-70.481
-70.4835
-70.486
-70.4884
-70.4908
-70.4932
-70.4955
-70.4978
-70.5001
-70.5024
-70.5046
-70.5068
-70.509
-70.5112
-70.5133
-70.5154
-70.5175
-70.5196
-70.5216
-70.5236
-70.5256
-70.5276
-70.5295
-70.5315
-70.5334
-70.5352
-70.5371
-70.5389
-70.5407
-70.5425
-70.5443
-70.5461
-70.5478
-70.5495
-70.5512
-70.5528
-70.5545
-70.5561
-70.5577
-70.5593
-70.5609
-70.5624
-70.5639
-70.5655
-70.5669
-70.5684
-70.5699
-70.5713
-70.5727
-70.5741
-70.5755
-70.5769
-70.5782
-70.5796
-70.5809
-70.5822
-70.5835
-70.5848
-70.586
-70.5873
-70.5885
-70.5897
-70.5909
-70.5921
-70.5932
-70.5944
-70.5955
-70.5966
-70.5977
-70.5988
-70.5999
-70.601
-70.602
-70.603
-70.6041
-70.6051
-70.6061
-70.6071
-70.608
-70.609
-70.6099
-70.6109
-70.6118
-70.6127
-70.6136
-70.6145
-70.6154
-70.6162
-70.6171
-70.6179
-70.6187
-70.6196
-70.6204
-70.6212
-70.622
-70.6227
-70.6235
-70.6242
-70.625
-70.6257
-70.6265
-70.6272
-70.6279
-70.6286
-70.6293
-70.6299
-70.6306
-70.6313
-70.6319
-70.6325
-70.6332
-70.6338
-70.6344
-70.635
-70.6356
-70.6362
-70.6368
-70.6374
-70.6379
-70.6385
-70.639
-70.6396
-70.6401
-70.6406
-70.6411
-70.6417
-70.6422
-70.6427
-70.6431
-70.6436
-70.6441
-70.6446
-70.645
-70.6455
-70.6459
-70.6464
-70.6468
-70.6472
-70.6476
-70.6481
-70.6485
-70.6489
-70.6493
-70.6497
-70.65
-70.6504
-70.6508
-70.6512
-70.6515
-70.6519
-70.6522
-70.6526
-70.6529
-70.6533
-70.6536
-70.6539
-70.6542
-70.6545
-70.6549
-70.6552
-70.6555
-70.6558
-70.656
-70.6563
-70.6566
-70.6569
-70.6572
-70.6574
-70.6577
-70.658
-70.6582
-70.6585
-70.6587
-70.6589
-70.6592
-70.6594
-70.6597
-70.6599
-70.6601
-70.6603
-70.6605
-70.6607
-70.661
-70.6612
-70.6614
-70.6616
-70.6617
-70.6619
-70.6621
-70.6623
-70.6625
-70.6627
-70.6628
-70.663
-70.6632
-70.6633
-70.6635
-70.6637
-70.6638
-70.664
-70.6641
-70.6643
-70.6644
-70.6646
-70.6647
-70.6648
-70.665
-70.6651
-70.6652
-70.6653
-70.6655
-70.6656
-70.6657
-70.6658
-70.6659
-70.666
-70.6662
-70.6663
-70.6664
-70.6665
-70.6666
-70.6667
-70.6668
-70.6669
-70.667
-70.667
-70.6671
-70.6672
-70.6673
-70.6674
-70.6675
-70.6675
-70.6676
-70.6677
-70.6678
-70.6678
-70.6679
-70.668
-70.668
-70.6681
-70.6682
-70.6682
-70.6683
-70.6683
-70.6684
-70.6685
-70.6685
-70.6686
-70.6686
-70.6687
-70.6687
-70.6688
-70.6688
-70.6688
-70.6689
-70.6689
-70.669
-70.669
-70.669
-70.6691
-70.6691
-70.6691
-70.6692
-70.6692
-70.6692
-70.6693
-70.6693
-70.6693
-70.6694
-70.6694
-70.6694
-70.6694
-70.6694
-70.6695
-70.6695
-70.6695
-70.6695
-70.6695
-70.6696
-70.6696
-70.6696
-70.6696
-70.6696
-70.6696
-70.6696
-70.6697
-70.6697
-70.6697
-70.6697
-70.6697
-70.6697
-70.6697
-70.6697
-70.6697
-70.6697
-70.6697
-70.6697
-70.6697
-70.6697
-70.6697
-70.6697
-70.6697
-70.6697
-70.6697
-70.6697
-70.6697
-70.6697
-70.6697
-70.6697
-70.6697
-70.6697
-70.6697
-70.6697
-70.6697
-70.6697
-70.6697
-70.6697
-70.6697
-70.6697
-70.6697
-70.6696
-70.6696
-70.6696
-70.6696
-70.6696
-70.6696
-70.6696
-70.6696
-70.6696
-70.6695
-70.6695
-70.6695
-70.6695
-70.6695
-70.6695
-70.6695
-70.6695
-70.6694
-70.6694
-70.6694
-70.6694
-70.6694
-70.6694
-70.6693
-70.6693
-70.6693
-70.6693
-70.6693
-70.6693
-70.6693
-70.6692
-70.6692
-70.6692
-70.6692
-70.6692
-70.6691
-70.6691
-70.6691
-70.6691
-70.6691
-70.6691
-70.669
-70.669
-70.669
-70.669
-70.669
-70.6689
-70.6689
-70.6689
-70.6689
-70.6689
-70.6688
-70.6688
-70.6688
-70.6688
-70.6688
-70.6687
-70.6687
-70.6687
-70.6687
-70.6686
-70.6686
-70.6686
-70.6686
-70.6686
-70.6685
-70.6685
-70.6685
-70.6685
-70.6685
-70.6684
-70.6684
-70.6684
-70.6684
-70.6684
-70.6683
-70.6683
-70.6683
-70.6683
-70.6682
-70.6682
-70.6682
-70.6682
-70.6682
-70.6681
-70.6681
-70.6681
-70.6681
-70.6681
-70.6682
-70.802
-71.5226
-72.5232
-73.314
-61.9627
-53.3027
-50.7769
-49.0188
-46.4586
-32.7868
-11.5712
-38.443
-67.7848
-68.6451
-67.6492
-66.5967
-65.5277
-64.4602
-63.412
-62.3997
-61.4398
-60.5463
-59.4908
-58.5935
-57.8409
-57.1867
-56.6154
-56.1199
-55.6802
-55.273
-54.9369
-54.6602
-54.4331
-54.2479
-54.0978
-53.955
-53.8365
-53.7455
-53.676
-53.623
-53.5832
-53.5537
-53.52
-53.4872
-53.4654
-53.452
-53.4443
-53.4405
-53.4395
-53.4407
-53.443
-53.4286
-53.4173
-53.4126
-53.4122
-53.4143
-53.4179
-53.4225
-53.4278
-53.4336
-53.4398
-53.4465
-53.4359
-53.4205
-53.4139
-53.4127
-53.4143
-53.4175
-53.4214
-53.4258
-53.4306
-53.4355
-53.4407
-53.446
-53.4514
-53.457
-53.4623
-53.4669
-53.4689
-53.4331
-53.4121
-53.4037
-53.4004
-53.3987
-53.3967
-53.393
-53.3855
-53.3691
-53.3206
-52.9028
-52.4764
-52.5419
-52.7023
-52.8459
-52.9519
-53.0243
-53.073
-53.1071
-53.1339
-53.1583
-53.1841
-53.2141
-53.2512
-53.2988
-53.3603
-53.4357
-53.4698
-53.4764
-53.4776
-53.4793
-53.4832
-53.49
-53.4996
-53.5115
-53.5256
-53.542
-53.5608
-53.582
-53.6059
-53.6325
-53.662
-53.6946
-53.7307
-53.7705
-53.8143
-53.8623
-53.9149
-53.9723
-54.0348
-54.1028
-54.1767
-54.2568
-54.3432
-54.4366
-54.5375
-54.6464
-54.7638
-54.8903
-55.0267
-55.1734
-55.331
-54.2718
-53.4538
-53.2657
-53.2511
-53.283
-53.3247
-53.366
-53.4041
-53.4391
-53.4713
-53.5015
-53.5303
-53.5583
-53.5859
-53.6137
-53.642
-53.6713
-53.702
-53.7344
-53.769
-53.806
-53.8457
-53.8884
-53.9344
-53.984
-54.0375
-54.0952
-54.1575
-54.2246
-54.2966
-54.3774
-54.4673
-54.5622
-54.6623
-54.7684
-54.8813
-55.0016
-55.13
-55.2666
-55.4116
-55.5662
-55.7375
-55.9176
-53.8626
-53.219
-53.1066
-53.1293
-53.1826
-53.2377
-53.2874
-53.3306
-53.3685
-53.402
-53.4319
-53.459
-53.4841
-53.5079
-53.5309
-53.5537
-53.5767
-53.6001
-53.6245
-53.6513
-53.6803
-53.7106
-53.7426
-53.7768
-53.8134
-53.8527
-53.8951
-53.9408
-53.99
-54.043
-54.1032
-54.1709
-54.2423
-54.3169
-54.3956
-54.4792
-54.5681
-54.6626
-54.7631
-54.8697
-54.9829
-55.1057
-55.2478
-55.3969
-55.5481
-55.7028
-55.8618
-56.0259
-56.1954
-56.3705
-56.5506
-55.8065
-53.4791
-52.9931
-52.9451
-53.0039
-53.0818
-53.1544
-53.2164
-53.2683
-53.3121
-53.3493
-53.3814
-53.4097
-53.4347
-53.4572
-53.479
-53.4994
-53.5188
-53.5376
-53.5562
-53.5745
-53.5927
-53.6109
-53.6291
-53.6471
-53.6647
-53.6819
-53.7025
-53.7238
-53.7425
-53.7577
-53.7684
-53.7731
-53.7695
-53.7538
-53.7206
-53.66
-53.5625
-53.3988
-53.0647
-52.1002
-44.5297
-30.9359
-17.0762
-35.4818
-52.7249
-57.9139
-57.9417
-59.1744
-59.3311
-58.6552
-57.9402
-57.2849
-56.7025
-56.1938
-55.7549
-55.3816
-55.0683
-54.8079
-54.5944
-54.4245
-54.2911
-54.1884
-54.1127
-54.0596
-54.0263
-54.011
-54.0143
-54.0362
-54.0745
-54.125
-54.1884
-54.2604
-54.3392
-54.4255
-54.5198
-54.6243
-54.7519
-54.9172
-55.1064
-55.3009
-55.4951
-55.6915
-55.8954
-56.1098
-56.3373
-56.5863
-56.8631
-57.1745
-57.5184
-57.88
-58.2456
-58.617
-58.9977
-59.389
-59.7927
-60.2187
-60.6699
-61.1497
-61.6581
-62.1807
-62.699
-63.2094
-63.7129
-64.2089
-64.6971
-65.1853
-65.6754
-66.1734
-66.6819
-67.1978
-67.6926
-68.1569
-68.592
-69.0003
-69.3834
-69.7462
-70.095
-70.4313
-70.7641
-71.0942
-71.413
-71.7035
-71.9639
-72.1983
-72.4097
-72.6011
-72.7778
-72.9423
-73.0975
-73.2485
-73.3984
-73.5409
-73.667
-73.7766
-73.8721
-73.9556
-74.0294
-74.0956
-74.1559
-74.2125
-74.268
-74.3247
-74.3812
-74.4307
-74.4715
-74.5056
-74.5334
-74.5568
-74.5771
-74.5947
-74.6115
-74.6284
-74.6473
-74.6698
-74.6916
-74.7082
-74.7197
-74.7288
-74.7344
-74.7382
-74.7412
-74.7437
-74.7467
-74.7508
-74.7569
-74.7668
-74.7772
-74.7835
-74.7856
-74.787
-74.7865
-74.7843
-74.7825
-74.7817
-74.781
-74.7809
-74.7823
-74.7868
-74.7933
-74.798
-74.7984
-74.7964
-74.7945
-74.7914
-74.7874
-74.7848
-74.7838
-74.7823
-74.7814
-74.7821
-74.7856
-74.7909
-74.7937
-74.7929
-74.7897
-74.7867
-74.7837
-74.7804
-74.7779
-74.7771
-74.7762
-74.7747
-74.7745
-74.7762
-74.781
-74.7837
-74.783
-74.7795
-74.7755
-74.7722
-74.7697
-74.7674
-74.7659
-74.765
-74.7643
-74.7639
-74.7648
-74.7675
-74.7716
-74.7729
-74.7715
-74.7681
-74.7642
-74.761
-74.7585
-74.7564
-74.755
-74.7537
-74.7526
-74.7527
-74.7532
-74.7544
-74.7576
-74.7593
-74.7589
-74.7568
-74.7536
-74.7503
-74.7474
-74.7442
-74.7429
-74.7422
-74.7406
-74.7405
-74.7402
-74.7411
-74.7432
-74.7458
-74.7472
-74.7474
-74.7467
-74.7438
-74.7406
-74.7379
-74.7338
-74.7304
-74.728
-74.727
-74.7251
-74.7233
-74.7232
-74.7254
-74.7287
-74.7316
-74.7337
-74.7353
-74.7345
-74.7312
-74.7294
-74.7271
-74.7226
-74.7197
-74.7171
-74.7141
-74.7111
-74.7084
-74.7065
-74.7068
-74.7103
-74.7148
-74.7199
-74.7234
-74.724
-74.7226
-74.7205
-74.7168
-74.7123
-74.7085
-74.7051
-74.702
-74.6978
-74.6928
-74.6881
-74.6857
-74.684
-74.6865
-74.6924
-74.701
-74.7063
-74.709
-74.7107
-74.7115
-74.7098
-74.7051
-74.6995
-74.6962
-74.6919
-74.689
-74.6845
-74.6786
-74.6719
-74.6658
-74.6618
-74.6621
-74.6698
-74.6792
-74.6854
-74.6889
-74.6925
-74.6951
-74.6966
-74.6948
-74.6898
-74.6839
-74.678
-74.6743
-74.6717
-74.6675
-74.6619
-74.6539
-74.6449
-74.6393
-74.6373
-74.6386
-74.6466
-74.6556
-74.662
-74.6681
-74.674
-74.6794
-74.682
-74.6801
-74.6747
-74.6705
-74.666
-74.6594
-74.6566
-74.6541
-74.6492
-74.641
-74.6322
-74.6247
-74.6184
-74.6177
-74.6209
-74.6212
-74.6253
-74.6292
-74.6344
-74.6455
-74.6527
-74.6565
-74.6567
-74.6546
-74.6495
-74.6447
-74.6413
-74.6382
-74.6356
-74.6309
-74.6269
-74.6202
-74.6127
-74.6039
-74.5971
-74.5961
-74.5987
-74.598
-74.5949
-74.5934
-74.5983
-74.6056
-74.6116
-74.6192
-74.6248
-74.6283
-74.6294
-74.6271
-74.6231
-74.6198
-74.6174
-74.6137
-74.6122
-74.6096
-74.603
-74.5959
-74.5912
-74.5858
-74.5779
-74.5743
-74.5728
-74.572
-74.5739
-74.573
-74.5678
-74.561
-74.5637
-74.5735
-74.5786
-74.5803
-74.5835
-74.5843
-74.5822
-74.5807
-74.5816
-74.5803
-74.5809
-74.5791
-74.575
-74.5734
-74.5719
-74.5702
-74.565
-74.5565
-74.5495
-74.5453
-74.5441
-74.5438
-74.5412
-74.5388
-74.5364
-74.5331
-74.5294
-74.5261
-74.5246
-74.5283
-74.5324
-74.5349
-74.5355
-74.5407
-74.5429
-74.5427
-74.5392
-74.5337
-74.5295
-74.5288
-74.5292
-74.5268
-74.5275
-74.527
-74.5258
-74.526
-74.5235
-74.5197
-74.5166
-74.5175
-74.518
-74.5146
-74.5082
-74.501
-74.493
-74.4871
-74.4825
-74.477
-74.4724
-74.4696
-74.4725
-74.4765
-74.4781
-74.479
-74.4785
-74.4796
-74.4824
-74.4864
-74.4858
-74.4798
-74.4758
-74.4734
-74.4664
-74.4563
-74.4532
-74.4549
-74.4539
-74.4493
-74.4441
-74.4413
-74.4436
-74.4439
-74.4493
-74.4546
-74.458
-74.4577
-74.4576
-74.4557
-74.4539
-74.4479
-74.4385
-74.4259
-74.4157
-74.4078
-74.4023
-74.3969
-74.3909
-74.3864
-74.3878
-74.3894
-74.3894
-74.3863
-74.3863
-74.3906
-74.3953
-74.3991
-74.405
-74.4103
-74.4127
-74.4091
-74.4034
-74.3941
-74.3853
-74.3788
-74.373
-74.3702
-74.3679
-74.3659
-74.3611
-74.3553
-74.3491
-74.3413
-74.34
-74.3446
-74.3482
-74.354
-74.3577
-74.3586
-74.3574
-74.3561
-74.3538
-74.3468
-74.3401
-74.3368
-74.3355
-74.3298
-74.3197
-74.3061
-74.2977
-74.2989
-74.3005
-74.3007
-74.2999
-74.2999
-74.2997
-74.2962
-74.2897
-74.2839
-74.28
-74.2771
-74.2726
-74.2635
-74.2562
-74.2527
-74.2516
-74.2453
-74.2434
-74.2486
-74.2616
-74.2762
-74.287
-74.2911
-74.2858
-74.2752
-74.2638
-74.2511
-74.2409
-74.2451
-74.2516
-74.2504
-74.244
-74.2368
-74.2282
-74.2241
-74.2218
-74.2174
-74.2106
-74.2097
-74.2153
-74.2192
-74.2189
-74.2118
-74.2004
-74.1865
-74.1689
-74.1503
-74.141
-74.1405
-74.1407
-74.1348
-74.1285
-74.1231
-74.1137
-74.1015
-74.0917
-74.084
-74.0727
-74.0629
-74.0523
-74.0435
-74.0336
-74.0285
-74.0276
-74.0356
-74.0555
-74.0778
-74.1
-74.1117
-74.1123
-74.108
-74.1034
-74.0993
-74.0937
-74.0863
-74.0812
-74.0802
-74.0822
-74.0842
-74.0852
-74.0811
-74.0739
-74.0631
-74.051
-74.0404
-74.0291
-74.0176
-74.0138
-74.0141
-74.0149
-74.0149
-74.0119
-74.014
-74.0161
-74.0102
-74.0065
-74.0139
-74.0191
-74.0193
-74.0126
-74.0004
-73.9956
-74.0046
-74.0234
-74.0359
-74.0397
-74.0374
-74.03
-74.0161
-73.9986
-73.9856
-73.9839
-73.9834
-73.9854
-73.9857
-73.9834
-73.9814
-73.9808
-73.9744
-73.9626
-73.9544
-73.9435
-73.9356
-73.9355
-73.9437
-73.9499
-73.9469
-73.9354
-73.9195
-73.9037
-73.8881
-73.8718
-73.8532
-73.8361
-73.819
-73.803
-73.7835
-73.7602
-73.7346
-73.7126
-73.6913
-73.6734
-73.6548
-73.6327
-73.6082
-73.5947
-73.5906
-73.5831
-73.5691
-73.5499
-73.5295
-73.5155
-73.5128
-73.5087
-73.5001
-73.505
-73.5118
-73.5098
-73.5038
-73.4969
-73.485
-73.4787
-73.4766
-73.4688
-73.4547
-73.4413
-73.4291
-73.4187
-73.41
-73.4045
-73.396
-73.3904
-73.3918
-73.394
-73.4016
-73.4132
-73.4262
-73.4302
-73.4249
-73.4125
-73.3953
-73.3747
-73.3623
-73.3591
-73.3517
-73.3384
-73.3204
-73.2991
-73.2787
-73.2646
-73.249
-73.2384
-73.2391
-73.2359
-73.2259
-73.2104
-73.1911
-73.1691
-73.1453
-73.1202
-73.0945
-73.0771
-73.0632
-73.0466
-73.0459
-73.0625
-73.0728
-73.0727
-73.0706
-73.07
-73.064
-73.0523
-73.0363
-73.0233
-73.0158
-73.0135
-73.012
-73.0078
-73.0081
-73.0045
-72.9949
-72.9806
-72.9628
-72.9427
-72.9209
-72.898
-72.8742
-72.8498
-72.825
-72.7998
-72.7745
-72.7491
-72.7236
-72.6981
-72.6726
-72.6473
-72.622
-72.5969
-72.5719
-72.5471
-72.5225
-72.4981
-72.4738
-72.4498
-72.426
-72.4025
-72.3792
-72.3561
-72.336
-72.3307
-72.3272
-72.3197
-72.3083
-72.2941
-72.278
-72.2606
-72.2424
-72.2237
-72.2153
-72.2163
-72.2143
-72.2076
-72.1972
-72.1842
-72.1694
-72.1534
-72.1367
-72.1194
-72.1017
-72.0838
-72.0658
-72.0477
-72.0296
-72.0115
-71.9935
-71.9756
-71.9577
-71.94
-71.9224
-71.905
-71.8877
-71.8706
-71.8536
-71.8368
-71.8202
-71.8038
-71.7875
-71.7714
-71.7555
-71.7397
-71.7242
-71.7088
-71.6936
-71.6785
-71.6637
-71.649
-71.6345
-71.6201
-71.606
-71.5919
-71.5781
-71.5644
-71.5509
-71.5376
-71.5244
-71.5114
-71.4985
-71.4858
-71.4733
-71.4609
-71.4487
-71.4366
-71.4246
-71.4129
-71.4012
-71.3897
-71.3784
-71.3671
-71.3561
-71.3451
-71.3343
-71.3237
-71.3132
-71.3028
-71.2925
-71.2824
-71.2725
-71.2626
-71.2529
-71.2433
-71.2338
-71.2244
-71.2152
-71.2061
-71.1971
-71.1882
-71.1794
-71.1708
-71.1622
-71.1538
-71.1455
-71.1373
-71.1292
-71.1212
-71.1133
-71.1055
-71.0978
-71.0903
-71.0828
-71.0754
-71.0681
-71.0609
-71.0539
-71.0469
-71.04
-71.0332
-71.0264
-71.0198
-71.0133
-71.0068
-71.0005
-70.9942
-70.988
-70.9819
-70.9759
-70.97
-70.9641
-70.9583
-70.9526
-70.947
-70.9415
-70.936
-70.9306
-70.9253
-70.9201
-70.9149
-70.9098
-70.9048
-70.8999
-70.895
-70.8902
-70.8854
-70.8808
-70.8762
-70.8716
-70.8671
-70.8627
-70.8584
-70.8541
-70.8499
-70.8457
-70.8416
-70.8376
-70.8336
-70.8297
-70.8258
-70.822
-70.8182
-70.8145
-70.8109
-70.8073
-70.8038
-70.8003
-70.7969
-70.7935
-70.7902
-70.7869
-70.7837
-70.7805
-70.7774
-70.7743
-70.7712
-70.7683
-70.7653
-70.7624
-70.7596
-70.7568
-70.754
-70.7513
-70.7486
-70.746
-70.7434
-70.7408
-70.7383
-70.7359
-70.7334
-70.731
-70.7287
-70.7264
-70.7241
-70.7219
-70.7197
-70.7175
-70.7154
-70.7133
-70.7112
-70.7092
-70.7072
-70.7052
-70.7033
-70.7014
-70.6996
-70.6977
-70.6959
-70.6942
-70.6924
-70.6907
-70.689
-70.6874
-70.6858
-70.6842
-70.6826
-70.6811
-70.6796
-70.6781
-70.6767
-70.6752
-70.6738
-70.6725
-70.6711
-70.6698
-70.6685
-70.6672
-70.666
-70.6648
-70.6636
-70.6624
-70.6612
-70.6601
-70.659
-70.6579
-70.6568
-70.6558
-70.6547
-70.6537
-70.6527
-70.6518
-70.6508
-70.6499
-70.649
-70.6481
-70.6472
-70.6464
-70.6455
-70.6447
-70.6439
-70.6431
-70.6424
-70.6416
-70.6409
-70.6402
-70.6395
-70.6388
-70.6381
-70.6375
-70.6369
-70.6362
-70.6356
-70.635
-70.6345
-70.6339
-70.6333
-70.6328
-70.6323
-70.6318
-70.6313
-70.6308
-70.6303
-70.6299
-70.6294
-70.629
-70.6286
-70.6282
-70.6278
-70.6274
-70.627
-70.6266
-70.6263
-70.6259
-70.6256
-70.6253
-70.625
-70.6247
-70.6244
-70.6241
-70.6238
-70.6236
-70.6233
-70.6231
-70.6228
-70.6226
-70.6224
-70.6222
-70.622
-70.6218
-70.6216
-70.6214
-70.6212
-70.6211
-70.6209
-70.6208
-70.6206
-70.6205
-70.6204
-70.6203
-70.6202
-70.62
-70.6199
-70.6199
-70.6198
-70.6197
-70.6196
-70.6196
-70.6195
-70.6194
-70.6194
-70.6193
-70.6193
-70.6193
-70.6192
-70.6192
-70.6192
-70.6192
-70.6192
-70.6192
-70.6192
-70.6192
-70.6192
-70.6192
-70.6192
-70.6193
-70.6193
-70.6193
-70.6194
-70.6194
-70.6195
-70.6195
-70.6196
-70.6196
-70.6197
-70.6197
-70.6198
-70.6199
-70.6199
-70.62
-70.6201
-70.6202
-70.6203
-70.6204
-70.6205
-70.6205
-70.6206
-70.6207
-70.6208
-70.621
-70.6211
-70.6212
-70.6213
-70.6214
-70.6215
-70.6216
-70.6218
-70.6219
-70.622
-70.6221
-70.6223
-70.6224
-70.6225
-70.6227
-70.6228
-70.6229
-70.6231
-70.6232
-70.6234
-70.6235
-70.6237
-70.6238
-70.624
-70.6241
-70.6243
-70.6244
-70.6246
-70.6247
-70.6249
-70.625
-70.6252
-70.6254
-70.6255
-70.6257
-70.6258
-70.626
-70.6262
-70.6263
-70.6265
-70.6267
-70.6268
-70.627
-70.6272
-70.6274
-70.6275
-70.6277
-70.6279
-70.628
-70.6282
-70.6284
-70.6286
-70.6287
-70.6289
-70.6291
-70.6293
-70.6294
-70.6296
-70.6298
-70.63
-70.6301
-70.6303
-70.6305
-70.6307
-70.6309
-70.631
-70.6312
-70.6314
-70.6316
-70.6317
-70.6319
-70.6321
-70.6323
-70.6324
-70.6326
-70.6328
-70.633
-70.6332
-70.6333
-70.6335
-70.6337
-70.6339
-70.634
-70.6342
-70.6344
-70.6346
-70.6347
-70.6349
-70.6351
-70.6353
-70.6354
-70.6356
-70.6358
-70.636
-70.6361
-70.6363
-70.6365
-70.6367
-70.6368
-70.637
-70.6372
-70.6373
-70.6375
-70.6377
-70.6379
-70.638
-70.6382
-70.6384
-70.6385
-70.6387
-70.6389
-70.639
-70.6392
-70.6394
-70.6395
-70.6397
-70.6398
-70.64
-70.6402
-70.6403
-70.6405
-70.6407
-70.6408
-70.641
-70.6411
-70.6413
-70.6414
-70.6416
-70.6418
-70.6419
-70.6421
-70.6422
-70.6424
-70.6425
-70.6427
-70.6428
-70.643
-70.6431
-70.6433
-70.6434
-70.6436
-70.6437
-70.6439
-70.644
-70.6442
-70.6443
-70.6445
-70.6446
-70.6447
-70.6449
-70.645
-70.6452

