-70
-70.1661
-70.23
-70.2566
-70.2695
-70.2773
-70.283
-70.2879
-70.2925
-70.297
-70.3014
-70.3057
-70.31
-70.3142
-70.3185
-70.3226
-70.3268
-70.3309
-70.335
-70.3391
-70.3431
-70.3471
-70.351
-70.3549
-70.3588
-70.3626
-70.3664
-70.3701
-70.3738
-70.3775
-70.3811
-70.3847
-70.3883
-70.3918
-70.3953
-70.3987
-70.4021
-70.4055
-70.4088
-70.4121
-70.4154
-70.4186
-70.4218
-70.4249
-70.428
-70.4311
-70.4341
-70.4372
-70.4401
-70.4431
-70.446
-70.4489
-70.4517
-70.4545
-70.4573
-70.4601
-70.4628
-70.4655
-70.4682
-70.4708
-70.4734
-70.476
-70.4785
-70.481
-70.4835
-70.486
-70.4884
-70.4908
-70.4932
-70.4955
-70.4978
-70.5001
-70.5024
-70.5046
-70.5068
-70.509
-70.5112
-70.5133
-70.5154
-70.5175
-70.5196
-70.5216
-70.5236
-70.5256
-70.5276
-70.5295
-70.5315
-70.5334
-70.5352
-70.5371
-70.5389
-70.5407
-70.5425
-70.5443
-70.5461
-70.5478
-70.5495
-70.5512
-70.5528
-70.5545
-70.5561
-70.5577
-70.5593
-70.5609
-70.5624
-70.5639
-70.5655
-70.5669
-70.5684
-70.5699
-70.5713
-70.5727
-70.5741
-70.5755
-70.5769
-70.5782
-70.5796
-70.5809
-70.5822
-70.5835
-70.5848
-70.586
-70.5873
-70.5885
-70.5897
-70.5909
-70.5921
-70.5932
-70.5944
-70.5955
-70.5966
-70.5977
-70.5988
-70.5999
-70.601
-70.602
-70.603
-70.6041
-70.6051
-70.6061
-70.6071
-70.608
-70.609
-70.6099
-70.6109
-70.6118
-70.6127
-70.6136
-70.6145
-70.6154
-70.6162
-70.6171
-70.6179
-70.6187
-70.6196
-70.6204
-70.6212
-70.622
-70.6227
-70.6235
-70.6242
-70.625
-70.6257
-70.6265
-70.6272
-70.6279
-70.6286
-70.6293
-70.6299
-70.6306
-70.6313
-70.6319
-70.6325
-70.6332
-70.6338
-70.6344
-70.635
-70.6356
-70.6362
-70.6368
-70.6374
-70.6379
-70.6385
-70.639
-70.6396
-70.6401
-70.6406
-70.6411
-70.6417
-70.6422
-70.6427
-70.6431
-70.6436
-70.6441
-70.6446
-70.645
-70.6455
-70.6459
-70.6464
-70.6468
-70.6472
-70.6476
-70.6481
-70.6485
-70.6489
-70.6493
-70.6497
-70.65
-70.6504
-70.6508
-70.6512
-70.6515
-70.6519
-70.6522
-70.6526
-70.6529
-70.6533
-70.6536
-70.6539
-70.6542
-70.6545
-70.6549
-70.6552
-70.6555
-70.6558
-70.656
-70.6563
-70.6566
-70.6569
-70.6572
-70.6574
-70.6577
-70.658
-70.6582
-70.6585
-70.6587
-70.6589
-70.6592
-70.6594
-70.6597
-70.6599
-70.6601
-70.6603
-70.6605
-70.6607
-70.661
-70.6612
-70.6614
-70.6616
-70.6617
-70.6619
-70.6621
-70.6623
-70.6625
-70.6627
-70.6628
-70.663
-70.6632
-70.6633
-70.6635
-70.6637
-70.6638
-70.664
-70.6641
-70.6643
-70.6644
-70.6646
-70.6647
-70.6648
-70.665
-70.6651
-70.6652
-70.6653
-70.6655
-70.6656
-70.6657
-70.6658
-70.6659
-70.666
-70.6662
-70.6663
-70.6664
-70.6665
-70.6666
-70.6667
-70.6668
-70.6669
-70.667
-70.667
-70.6671
-70.6672
-70.6673
-70.6674
-70.6675
-70.6675
-70.6676
-70.6677
-70.6678
-70.6678
-70.6679
-70.668
-70.668
-70.6681
-70.6682
-70.6682
-70.6683
-70.6683
-70.6684
-70.6685
-70.6685
-70.6686
-70.6686
-70.6687
-70.6687
-70.6688
-70.6688
-70.6688
-70.6689
-70.6689
-70.669
-70.669
-70.669
-70.6691
-70.6691
-70.6691
-70.6692
-70.6692
-70.6692
-70.6693
-70.6693
-70.6693
-70.6694
-70.6694
-70.6694
-70.6694
-70.6694
-70.6695
-70.6695
-70.6695
-70.6695
-70.6695
-70.6696
-70.6696
-70.6696
-70.6696
-70.6696
-70.6696
-70.6696
-70.6697
-70.6697
-70.6697
-70.6697
-70.6697
-70.6697
-70.6697
-70.6697
-70.6697
-70.6697
-70.6697
-70.6697
-70.6697
-70.6697
-70.6697
-70.6697
-70.6697
-70.6697
-70.6697
-70.6697
-70.6697
-70.6697
-70.6697
-70.6697
-70.6697
-70.6697
-70.6697
-70.6697
-70.6697
-70.6697
-70.6697
-70.6697
-70.6697
-70.6697
-70.6697
-70.6696
-70.6696
-70.6696
-70.6696
-70.6696
-70.6696
-70.6696
-70.6696
-70.6696
-70.6695
-70.6695
-70.6695
-70.6695
-70.6695
-70.6695
-70.6695
-70.6695
-70.6694
-70.6694
-70.6694
-70.6694
-70.6694
-70.6694
-70.6693
-70.6693
-70.6693
-70.6693
-70.6693
-70.6693
-70.6693
-70.6692
-70.6692
-70.6692
-70.6692
-70.6692
-70.6691
-70.6691
-70.6691
-70.6691
-70.6691
-70.6691
-70.669
-70.669
-70.669
-70.669
-70.669
-70.6689
-70.6689
-70.6689
-70.6689
-70.6689
-70.6688
-70.6688
-70.6688
-70.6688
-70.6688
-70.6687
-70.6687
-70.6687
-70.6687
-70.6686
-70.6686
-70.6686
-70.6686
-70.6686
-70.6685
-70.6685
-70.6685
-70.6685
-70.6685
-70.6684
-70.6684
-70.6684
-70.6684
-70.6684
-70.6683
-70.6683
-70.6683
-70.6683
-70.6682
-70.6682
-70.6682
-70.6682
-70.6682
-70.6681
-70.6681
-70.6681
-70.6681
-70.6681
-70.6761
-70.9735
-71.7861
-72.7202
-73.4657
-65.9547
-54.2127
-51.1558
-49.358
-47.0679
-38.2867
-3.87421
-34.138
-66.0971
-68.8117
-67.846
-66.7987
-65.7312
-64.6618
-63.6085
-62.5887
-61.6188
-60.7121
-59.6679
-58.7453
-57.9744
-57.3043
-56.7183
-56.2091
-55.7649
-55.3455
-54.9961
-54.7087
-54.4726
-54.2799
-54.1235
-53.9806
-53.8562
-53.7603
-53.687
-53.6312
-53.589
-53.5578
-53.5284
-53.4932
-53.4688
-53.4535
-53.4446
-53.4399
-53.4384
-53.4391
-53.4417
-53.4344
-53.4203
-53.4132
-53.4114
-53.4127
-53.4158
-53.4201
-53.4251
-53.4307
-53.4367
-53.4432
-53.4491
-53.4309
-53.4178
-53.413
-53.4127
-53.4149
-53.4182
-53.4223
-53.4267
-53.4315
-53.4364
-53.4414
-53.4467
-53.452
-53.4568
-53.4611
-53.4647
-53.4676
-53.4475
-53.4159
-53.402
-53.396
-53.3924
-53.3883
-53.3808
-53.3642
-53.307
-52.8353
-52.5879
-52.6782
-52.8194
-52.9385
-53.0244
-53.0826
-53.1218
-53.1495
-53.1718
-53.193
-53.2158
-53.2428
-53.2764
-53.3198
-53.3757
-53.4455
-53.528
-53.621
-53.5746
-53.5021
-53.478
-53.4732
-53.4766
-53.4841
-53.4943
-53.5068
-53.5214
-53.538
-53.5567
-53.5776
-53.6007
-53.6263
-53.6545
-53.6854
-53.7195
-53.7569
-53.7979
-53.8428
-53.8918
-53.9452
-54.0033
-54.0665
-54.1352
-54.2096
-54.2901
-54.3769
-54.4707
-54.5719
-54.6811
-54.7987
-54.9254
-55.0619
-55.2087
-55.366
-55.5338
-54.3273
-53.4297
-53.2289
-53.2162
-53.2529
-53.2994
-53.3445
-53.3856
-53.4228
-53.4566
-53.4878
-53.5171
-53.5453
-53.5733
-53.6019
-53.6307
-53.6602
-53.6906
-53.7226
-53.7565
-53.7927
-53.8315
-53.8731
-53.9181
-53.9684
-54.0226
-54.0805
-54.1423
-54.2087
-54.2797
-54.3557
-54.4373
-54.5248
-54.6186
-54.725
-54.8489
-54.9784
-55.1122
-55.2519
-55.3984
-55.5519
-55.7132
-55.8824
-56.0599
-55.5191
-53.5527
-53.115
-53.0621
-53.1056
-53.168
-53.2279
-53.2805
-53.3259
-53.3651
-53.3993
-53.4302
-53.459
-53.4861
-53.5117
-53.5363
-53.5604
-53.5845
-53.6092
-53.6346
-53.6613
-53.6895
-53.7214
-53.7562
-53.7952
-53.8371
-53.8811
-53.9276
-53.9772
-54.0302
-54.0872
-54.1484
-54.2143
-54.2901
-54.3724
-54.4595
-54.5583
-54.6629
-54.7709
-54.8835
-55.002
-55.1269
-55.2586
-55.3972
-55.5495
-55.7193
-55.8932
-56.0702
-56.2682
-56.4763
-56.6837
-56.8907
-57.0989
-57.3097
-57.5233
-55.0813
-53.1903
-52.8267
-52.8261
-52.914
-53.0133
-53.1031
-53.1788
-53.2414
-53.2935
-53.3377
-53.3757
-53.409
-53.4399
-53.4685
-53.4952
-53.5207
-53.5455
-53.5713
-53.5989
-53.627
-53.6558
-53.6859
-53.7194
-53.7568
-53.7963
-53.838
-53.8825
-53.9332
-53.9897
-54.0493
-54.1124
-54.1797
-54.2525
-54.3366
-54.4267
-54.5209
-54.62
-54.7257
-54.8474
-54.9781
-55.1136
-55.2545
-55.4019
-55.556
-55.7303
-55.9181
-56.1092
-56.3038
-55.6583
-53.5095
-53.0537
-53.0056
-53.0571
-53.1272
-53.1938
-53.2514
-53.3008
-53.3443
-53.3853
-53.4293
-53.4767
-53.5225
-53.5661
-53.6056
-53.6436
-53.6805
-53.7224
-53.7821
-53.8598
-53.9444
-54.0314
-54.1175
-54.201
-54.2832
-54.3687
-54.4593
-54.5607
-54.6884
-54.8473
-55.0211
-55.1974
-55.3798
-55.5655
-55.7568
-55.9582
-56.1719
-56.4057
-56.6714
-56.975
-57.3039
-57.6443
-57.9975
-58.3577
-58.7238
-59.097
-59.4791
-59.8784
-60.3087
-60.7839
-61.2967
-61.814
-62.3296
-62.8434
-63.3455
-63.8377
-64.3174
-64.7894
-65.2674
-65.7674
-66.294
-66.8221
-67.3286
-67.8064
-68.2624
-68.687
-69.0833
-69.4525
-69.8003
-70.1378
-70.4774
-70.8226
-71.1559
-71.4621
-71.7373
-71.9896
-72.2188
-72.4234
-72.6082
-72.7771
-72.9356
-73.0925
-73.251
-73.4033
-73.5402
-73.6587
-73.763
-73.8565
-73.9384
-74.009
-74.0728
-74.131
-74.1874
-74.2457
-74.3059
-74.3629
-74.4098
-74.4488
-74.4819
-74.5114
-74.536
-74.5561
-74.5742
-74.5899
-74.6075
-74.628
-74.6508
-74.6722
-74.6877
-74.6989
-74.7076
-74.7143
-74.7193
-74.7233
-74.7258
-74.7284
-74.7327
-74.7404
-74.7517
-74.762
-74.7687
-74.7714
-74.7727
-74.7723
-74.7715
-74.7705
-74.7679
-74.7648
-74.7644
-74.7655
-74.7704
-74.7775
-74.7828
-74.7849
-74.7844
-74.7824
-74.7805
-74.7789
-74.7764
-74.7725
-74.7689
-74.7678
-74.7686
-74.7722
-74.7775
-74.7814
-74.7827
-74.7812
-74.7788
-74.7753
-74.7725
-74.7686
-74.7638
-74.7598
-74.7574
-74.757
-74.7594
-74.764
-74.7689
-74.7725
-74.7734
-74.7724
-74.7696
-74.7659
-74.7622
-74.7583
-74.7534
-74.7498
-74.748
-74.7477
-74.7493
-74.753
-74.7576
-74.7612
-74.7621
-74.7604
-74.757
-74.7532
-74.7473
-74.7431
-74.7404
-74.7369
-74.734
-74.734
-74.7359
-74.7392
-74.7424
-74.747
-74.751
-74.7526
-74.7516
-74.7481
-74.7429
-74.7358
-74.7292
-74.7268
-74.7258
-74.7233
-74.7222
-74.7228
-74.7242
-74.7257
-74.7282
-74.7321
-74.735
-74.7371
-74.7367
-74.7323
-74.7263
-74.7189
-74.7125
-74.7093
-74.7092
-74.7104
-74.7116
-74.7121
-74.7131
-74.7137
-74.7148
-74.7178
-74.7218
-74.725
-74.7256
-74.723
-74.7178
-74.7111
-74.7038
-74.6979
-74.6932
-74.6918
-74.6925
-74.6944
-74.6953
-74.6948
-74.694
-74.6938
-74.6951
-74.7005
-74.7064
-74.7104
-74.7104
-74.705
-74.6978
-74.6926
-74.688
-74.6839
-74.6799
-74.6772
-74.679
-74.6807
-74.6811
-74.6804
-74.6778
-74.6768
-74.6764
-74.6804
-74.6874
-74.6931
-74.6962
-74.6937
-74.6869
-74.6792
-74.6743
-74.6705
-74.6671
-74.6636
-74.6598
-74.6566
-74.6575
-74.6587
-74.6587
-74.6563
-74.6522
-74.6497
-74.651
-74.6585
-74.6661
-74.6711
-74.6741
-74.6746
-74.6717
-74.6651
-74.6614
-74.6589
-74.6548
-74.6475
-74.6405
-74.6379
-74.6377
-74.6364
-74.6383
-74.6401
-74.6375
-74.6328
-74.6315
-74.6308
-74.6308
-74.6352
-74.6395
-74.6427
-74.6462
-74.6496
-74.6493
-74.6473
-74.6447
-74.6418
-74.6365
-74.6286
-74.6215
-74.6126
-74.6066
-74.6011
-74.5987
-74.6031
-74.607
-74.6073
-74.6066
-74.6072
-74.6078
-74.6077
-74.6093
-74.6107
-74.6102
-74.6115
-74.6149
-74.6188
-74.6204
-74.6214
-74.6212
-74.6203
-74.6168
-74.6089
-74.6006
-74.5896
-74.5801
-74.5759
-74.5722
-74.5696
-74.5682
-74.5678
-74.5669
-74.5709
-74.5773
-74.5802
-74.5793
-74.5762
-74.578
-74.5807
-74.582
-74.5824
-74.5788
-74.5785
-74.5834
-74.5861
-74.5862
-74.5841
-74.5796
-74.5764
-74.5746
-74.5682
-74.5565
-74.5454
-74.538
-74.5301
-74.5263
-74.5268
-74.5274
-74.5253
-74.524
-74.5282
-74.5332
-74.5378
-74.5384
-74.5364
-74.5334
-74.5348
-74.538
-74.5414
-74.5439
-74.5426
-74.5427
-74.542
-74.5435
-74.5477
-74.5473
-74.5414
-74.5332
-74.5244
-74.5177
-74.5148
-74.5089
-74.5004
-74.4923
-74.4835
-74.4737
-74.4701
-74.4722
-74.4756
-74.4799
-74.4801
-74.4767
-74.4729
-74.4766
-74.4814
-74.4816
-74.479
-74.477
-74.4737
-74.4736
-74.4767
-74.4795
-74.4834
-74.4917
-74.4974
-74.4984
-74.5
-74.4995
-74.496
-74.4928
-74.4882
-74.4808
-74.4716
-74.4634
-74.4558
-74.4467
-74.4358
-74.4235
-74.41
-74.4031
-74.4042
-74.4064
-74.4083
-74.4132
-74.4188
-74.4181
-74.416
-74.4106
-74.4024
-74.3928
-74.3885
-74.3857
-74.3866
-74.3905
-74.3937
-74.393
-74.3945
-74.3959
-74.3966
-74.4011
-74.4108
-74.4212
-74.4268
-74.426
-74.4246
-74.422
-74.4184
-74.413
-74.4108
-74.41
-74.4057
-74.4035
-74.4006
-74.3949
-74.3867
-74.3733
-74.3555
-74.3422
-74.331
-74.3213
-74.3143
-74.3131
-74.3187
-74.3235
-74.326
-74.3261
-74.3213
-74.3145
-74.309
-74.304
-74.2964
-74.2895
-74.285
-74.2762
-74.2643
-74.2525
-74.2431
-74.2376
-74.2318
-74.2267
-74.2287
-74.2352
-74.2418
-74.2464
-74.2509
-74.2516
-74.2555
-74.2669
-74.2809
-74.297
-74.3098
-74.3163
-74.319
-74.3186
-74.3159
-74.3162
-74.3118
-74.3084
-74.3014
-74.288
-74.2776
-74.2692
-74.2577
-74.2432
-74.2266
-74.2171
-74.2165
-74.2165
-74.2188
-74.216
-74.2075
-74.1964
-74.1854
-74.1731
-74.159
-74.1466
-74.1497
-74.1616
-74.1755
-74.1802
-74.1756
-74.1694
-74.1632
-74.1531
-74.1405
-74.1328
-74.129
-74.1232
-74.1108
-74.0924
-74.0736
-74.0572
-74.0376
-74.0145
-73.9943
-73.9845
-73.9829
-73.9912
-73.9975
-74.0058
-74.0105
-74.0116
-74.0113
-74.0154
-74.0223
-74.0273
-74.0249
-74.0188
-74.0198
-74.022
-74.0238
-74.0236
-74.0186
-74.0211
-74.0272
-74.043
-74.0647
-74.0855
-74.099
-74.1037
-74.1086
-74.1119
-74.1184
-74.1259
-74.1377
-74.1455
-74.149
-74.147
-74.1447
-74.1419
-74.1339
-74.1227
-74.1118
-74.1007
-74.0845
-74.0636
-74.0411
-74.0196
-73.9996
-73.9797
-73.9631
-73.9509
-73.9424
-73.9345
-73.9278
-73.9154
-73.8988
-73.8871
-73.8814
-73.882
-73.8822
-73.8846
-73.8877
-73.8842
-73.8773
-73.8652
-73.8526
-73.8377
-73.8268
-73.8208
-73.8197
-73.8233
-73.8282
-73.8302
-73.8315
-73.8318
-73.8294
-73.8261
-73.8187
-73.8049
-73.7876
-73.7778
-73.7727
-73.763
-73.7472
-73.7268
-73.7092
-73.7028
-73.6964
-73.6875
-73.6827
-73.6752
-73.6614
-73.6424
-73.6215
-73.6042
-73.5852
-73.5676
-73.5514
-73.5369
-73.5243
-73.5146
-73.5022
-73.4892
-73.4773
-73.4649
-73.4542
-73.4398
-73.428
-73.4239
-73.417
-73.4041
-73.3862
-73.3648
-73.3473
-73.3322
-73.3199
-73.3093
-73.2947
-73.276
-73.254
-73.2349
-73.2222
-73.2157
-73.2108
-73.208
-73.2079
-73.2054
-73.2038
-73.2169
-73.2471
-73.2827
-73.316
-73.3448
-73.3669
-73.3779
-73.378
-73.3745
-73.3746
-73.3758
-73.3708
-73.3594
-73.3432
-73.3235
-73.3054
-73.2961
-73.2917
-73.286
-73.2835
-73.2847
-73.2818
-73.2721
-73.2573
-73.2465
-73.2405
-73.2446
-73.2481
-73.244
-73.233
-73.217
-73.1976
-73.176
-73.1611
-73.1487
-73.1332
-73.1142
-73.0926
-73.0693
-73.0446
-73.0192
-72.9931
-72.9665
-72.9398
-72.9128
-72.8858
-72.8587
-72.8316
-72.8047
-72.7778
-72.751
-72.7244
-72.698
-72.6718
-72.6457
-72.6199
-72.5943
-72.5689
-72.5437
-72.5188
-72.4941
-72.4697
-72.4455
-72.4216
-72.3979
-72.3745
-72.3513
-72.3284
-72.3058
-72.2833
-72.2612
-72.2393
-72.2176
-72.1962
-72.1751
-72.1583
-72.1564
-72.1553
-72.1498
-72.1404
-72.1281
-72.1138
-72.0983
-72.082
-72.065
-72.0478
-72.0303
-72.0126
-71.9949
-71.9772
-71.9596
-71.942
-71.9245
-71.9071
-71.8898
-71.8727
-71.8557
-71.8389
-71.8223
-71.8058
-71.7894
-71.7733
-71.7573
-71.7415
-71.7259
-71.7104
-71.6951
-71.68
-71.6651
-71.6503
-71.6357
-71.6213
-71.6071
-71.593
-71.5791
-71.5653
-71.5518
-71.5384
-71.5251
-71.512
-71.4991
-71.4863
-71.4737
-71.4613
-71.449
-71.4368
-71.4248
-71.413
-71.4013
-71.3897
-71.3783
-71.3671
-71.3559
-71.3449
-71.3341
-71.3234
-71.3128
-71.3024
-71.2921
-71.2819
-71.2719
-71.262
-71.2522
-71.2426
-71.2331
-71.2237
-71.2144
-71.2053
-71.1962
-71.1873
-71.1785
-71.1698
-71.1612
-71.1528
-71.1444
-71.1362
-71.1281
-71.12
-71.1121
-71.1043
-71.0966
-71.089
-71.0815
-71.0741
-71.0668
-71.0596
-71.0524
-71.0454
-71.0385
-71.0317
-71.0249
-71.0183
-71.0117
-71.0053
-70.9989
-70.9926
-70.9864
-70.9803
-70.9742
-70.9683
-70.9624
-70.9566
-70.9509
-70.9453
-70.9397
-70.9342
-70.9288
-70.9235
-70.9183
-70.9131
-70.908
-70.903
-70.898
-70.8931
-70.8883
-70.8835
-70.8789
-70.8742
-70.8697
-70.8652
-70.8608
-70.8564
-70.8521
-70.8479
-70.8437
-70.8396
-70.8356
-70.8316
-70.8277
-70.8238
-70.82
-70.8162
-70.8125
-70.8089
-70.8053
-70.8018
-70.7983
-70.7948
-70.7915
-70.7881
-70.7849
-70.7816
-70.7785
-70.7753
-70.7722
-70.7692
-70.7662
-70.7633
-70.7604
-70.7575
-70.7547
-70.752
-70.7493
-70.7466
-70.7439
-70.7414
-70.7388
-70.7363
-70.7338
-70.7314
-70.729
-70.7267
-70.7244
-70.7221
-70.7198
-70.7176
-70.7155
-70.7134
-70.7113
-70.7092
-70.7072
-70.7052
-70.7032
-70.7013
-70.6994
-70.6976
-70.6958
-70.694
-70.6922
-70.6905
-70.6888
-70.6871
-70.6855
-70.6839
-70.6823
-70.6807
-70.6792
-70.6777
-70.6762
-70.6748
-70.6734
-70.672
-70.6706
-70.6693
-70.6679
-70.6666
-70.6654
-70.6641
-70.6629
-70.6617
-70.6605
-70.6594
-70.6583
-70.6572
-70.6561
-70.655
-70.654
-70.653
-70.652
-70.651
-70.65
-70.6491
-70.6482
-70.6473
-70.6464
-70.6455
-70.6447
-70.6438
-70.643
-70.6422
-70.6415
-70.6407
-70.64
-70.6392
-70.6385
-70.6378
-70.6372
-70.6365
-70.6359
-70.6352
-70.6346
-70.634
-70.6334
-70.6329
-70.6323
-70.6318
-70.6313
-70.6307
-70.6302
-70.6297
-70.6293
-70.6288
-70.6284
-70.6279
-70.6275
-70.6271
-70.6267
-70.6263
-70.6259
-70.6255
-70.6252
-70.6248
-70.6245
-70.6242
-70.6239
-70.6236
-70.6233
-70.623
-70.6227
-70.6225
-70.6222
-70.6219
-70.6217
-70.6215
-70.6213
-70.6211
-70.6209
-70.6207
-70.6205
-70.6203
-70.6201
-70.62
-70.6198
-70.6197
-70.6195
-70.6194
-70.6193
-70.6192
-70.619
-70.6189
-70.6188
-70.6188
-70.6187
-70.6186
-70.6185
-70.6185
-70.6184
-70.6183
-70.6183
-70.6183
-70.6182
-70.6182
-70.6182
-70.6181
-70.6181
-70.6181
-70.6181
-70.6181
-70.6181
-70.6181
-70.6181
-70.6182
-70.6182
-70.6182
-70.6182
-70.6183
-70.6183
-70.6184
-70.6184
-70.6185
-70.6185
-70.6186
-70.6186
-70.6187
-70.6188
-70.6189
-70.6189
-70.619
-70.6191
-70.6192
-70.6193
-70.6194
-70.6195
-70.6196
-70.6197
-70.6198
-70.6199
-70.62
-70.6201
-70.6202
-70.6203
-70.6204
-70.6206
-70.6207
-70.6208
-70.6209
-70.6211
-70.6212
-70.6213
-70.6215
-70.6216
-70.6217
-70.6219
-70.622
-70.6222
-70.6223
-70.6225
-70.6226
-70.6228
-70.6229
-70.6231
-70.6232
-70.6234
-70.6235
-70.6237
-70.6239
-70.624
-70.6242
-70.6244
-70.6245
-70.6247
-70.6248
-70.625
-70.6252
-70.6254
-70.6255
-70.6257
-70.6259
-70.626
-70.6262
-70.6264
-70.6266
-70.6267
-70.6269
-70.6271
-70.6273
-70.6274
-70.6276
-70.6278
-70.628
-70.6282
-70.6283
-70.6285
-70.6287
-70.6289
-70.6291
-70.6292
-70.6294
-70.6296
-70.6298
-70.63
-70.6301
-70.6303
-70.6305
-70.6307
-70.6309
-70.6311
-70.6312
-70.6314
-70.6316
-70.6318
-70.632
-70.6321
-70.6323
-70.6325
-70.6327
-70.6329
-70.6331
-70.6332
-70.6334
-70.6336
-70.6338
-70.634
-70.6341
-70.6343
-70.6345
-70.6347
-70.6349
-70.635
-70.6352
-70.6354
-70.6356
-70.6357
-70.6359
-70.6361
-70.6363
-70.6364
-70.6366
-70.6368
-70.637
-70.6371
-70.6373
-70.6375
-70.6377
-70.6378
-70.638
-70.6382
-70.6383
-70.6385
-70.6387
-70.6388
-70.639
-70.6392
-70.6393
-70.6395
-70.6397
-70.6398
-70.64
-70.6402
-70.6403
-70.6405
-70.6407
-70.6408
-70.641
-70.6411
-70.6413
-70.6415
-70.6416
-70.6418
-70.6419
-70.6421
-70.6422
-70.6424
-70.6426
-70.6427
-70.6429
-70.643
-70.6432
-70.6433
-70.6435
-70.6436
-70.6438
-70.6439
-70.6441
-70.6442
-70.6444
-70.6445
-70.6446
-70.6448
-70.6449
-70.6451
-70.6452
-70.6454
-70.6455
-70.6456

