-70
-70.1661
-70.23
-70.2566
-70.2695
-70.2773
-70.283
-70.2879
-70.2925
-70.297
-70.3014
-70.3057
-70.31
-70.3142
-70.3185
-70.3226
-70.3268
-70.3309
-70.335
-70.3391
-70.3431
-70.3471
-70.351
-70.3549
-70.3588
-70.3626
-70.3664
-70.3701
-70.3738
-70.3775
-70.3811
-70.3847
-70.3883
-70.3918
-70.3953
-70.3987
-70.4021
-70.4055
-70.4088
-70.4121
-70.4154
-70.4186
-70.4218
-70.4249
-70.428
-70.4311
-70.4341
-70.4372
-70.4401
-70.4431
-70.446
-70.4489
-70.4517
-70.4545
-70.4573
-70.4601
-70.4628
-70.4655
-70.4682
-70.4708
-70.4734
-70.476
-70.4785
-70.481
-70.4835
-70.486
-70.4884
-70.4908
-70.4932
-70.4955
-70.4978
-70.5001
-70.5024
-70.5046
-70.5068
-70.509
-70.5112
-70.5133
-70.5154
-70.5175
-70.5196
-70.5216
-70.5236
-70.5256
-70.5276
-70.5295
-70.5315
-70.5334
-70.5352
-70.5371
-70.5389
-70.5407
-70.5425
-70.5443
-70.5461
-70.5478
-70.5495
-70.5512
-70.5528
-70.5545
-70.5561
-70.5577
-70.5593
-70.5609
-70.5624
-70.5639
-70.5655
-70.5669
-70.5684
-70.5699
-70.5713
-70.5727
-70.5741
-70.5755
-70.5769
-70.5782
-70.5796
-70.5809
-70.5822
-70.5835
-70.5848
-70.586
-70.5873
-70.5885
-70.5897
-70.5909
-70.5921
-70.5932
-70.5944
-70.5955
-70.5966
-70.5977
-70.5988
-70.5999
-70.601
-70.602
-70.603
-70.6041
-70.6051
-70.6061
-70.6071
-70.608
-70.609
-70.6099
-70.6109
-70.6118
-70.6127
-70.6136
-70.6145
-70.6154
-70.6162
-70.6171
-70.6179
-70.6187
-70.6196
-70.6204
-70.6212
-70.622
-70.6227
-70.6235
-70.6242
-70.625
-70.6257
-70.6265
-70.6272
-70.6279
-70.6286
-70.6293
-70.6299
-70.6306
-70.6313
-70.6319
-70.6325
-70.6332
-70.6338
-70.6344
-70.635
-70.6356
-70.6362
-70.6368
-70.6374
-70.6379
-70.6385
-70.639
-70.6396
-70.6401
-70.6406
-70.6411
-70.6417
-70.6422
-70.6427
-70.6431
-70.6436
-70.6441
-70.6446
-70.645
-70.6455
-70.6459
-70.6464
-70.6468
-70.6472
-70.6476
-70.6481
-70.6485
-70.6489
-70.6493
-70.6497
-70.65
-70.6504
-70.6508
-70.6512
-70.6515
-70.6519
-70.6522
-70.6526
-70.6529
-70.6533
-70.6536
-70.6539
-70.6542
-70.6545
-70.6549
-70.6552
-70.6555
-70.6558
-70.656
-70.6563
-70.6566
-70.6569
-70.6572
-70.6574
-70.6577
-70.658
-70.6582
-70.6585
-70.6587
-70.6589
-70.6592
-70.6594
-70.6597
-70.6599
-70.6601
-70.6603
-70.6605
-70.6607
-70.661
-70.6612
-70.6614
-70.6616
-70.6617
-70.6619
-70.6621
-70.6623
-70.6625
-70.6627
-70.6628
-70.663
-70.6632
-70.6633
-70.6635
-70.6637
-70.6638
-70.664
-70.6641
-70.6643
-70.6644
-70.6646
-70.6647
-70.6648
-70.665
-70.6651
-70.6652
-70.6653
-70.6655
-70.6656
-70.6657
-70.6658
-70.6659
-70.666
-70.6662
-70.6663
-70.6664
-70.6665
-70.6666
-70.6667
-70.6668
-70.6669
-70.667
-70.667
-70.6671
-70.6672
-70.6673
-70.6674
-70.6675
-70.6675
-70.6676
-70.6677
-70.6678
-70.6678
-70.6679
-70.668
-70.668
-70.6681
-70.6682
-70.6682
-70.6683
-70.6683
-70.6684
-70.6685
-70.6685
-70.6686
-70.6686
-70.6687
-70.6687
-70.6688
-70.6688
-70.6688
-70.6689
-70.6689
-70.669
-70.669
-70.669
-70.6691
-70.6691
-70.6691
-70.6692
-70.6692
-70.6692
-70.6693
-70.6693
-70.6693
-70.6694
-70.6694
-70.6694
-70.6694
-70.6694
-70.6695
-70.6695
-70.6695
-70.6695
-70.6695
-70.6696
-70.6696
-70.6696
-70.6696
-70.6696
-70.6696
-70.6696
-70.6697
-70.6697
-70.6697
-70.6697
-70.6697
-70.6697
-70.6697
-70.6697
-70.6697
-70.6697
-70.6697
-70.6697
-70.6697
-70.6697
-70.6697
-70.6697
-70.6697
-70.6697
-70.6697
-70.6697
-70.6697
-70.6697
-70.6697
-70.6697
-70.6697
-70.6697
-70.6697
-70.6697
-70.6697
-70.6697
-70.6697
-70.6697
-70.6697
-70.6697
-70.6697
-70.6696
-70.6696
-70.6696
-70.6696
-70.6696
-70.6696
-70.6696
-70.6696
-70.6696
-70.6695
-70.6695
-70.6695
-70.6695
-70.6695
-70.6695
-70.6695
-70.6695
-70.6694
-70.6694
-70.6694
-70.6694
-70.6694
-70.6694
-70.6693
-70.6693
-70.6693
-70.6693
-70.6693
-70.6693
-70.6693
-70.6692
-70.6692
-70.6692
-70.6692
-70.6692
-70.6691
-70.6691
-70.6691
-70.6691
-70.6691
-70.6691
-70.669
-70.669
-70.669
-70.669
-70.669
-70.6689
-70.6689
-70.6689
-70.6689
-70.6689
-70.6688
-70.6688
-70.6688
-70.6688
-70.6688
-70.6687
-70.6687
-70.6687
-70.6687
-70.6686
-70.6686
-70.6686
-70.6686
-70.6686
-70.6685
-70.6685
-70.6685
-70.6685
-70.6685
-70.6684
-70.6684
-70.6684
-70.6684
-70.6684
-70.6683
-70.6683
-70.6683
-70.6683
-70.6682
-70.6682
-70.6682
-70.6682
-70.6682
-70.6681
-70.6681
-70.6681
-70.6681
-70.6681
-70.6851
-70.9617
-71.8368
-72.7424
-73.4657
-73.9376
-60.5882
-52.8819
-50.4134
-48.3917
-44.2938
8.09029
-24.2259
-53.5083
-69.0202
-68.2946
-67.2507
-66.1724
-65.0809
-63.9939
-62.9291
-61.9032
-60.93
-60.0205
-59.1468
-58.3246
-57.5911
-56.9532
-56.3962
-55.9122
-55.4931
-55.1293
-54.814
-54.5484
-54.329
-54.1488
-54.0007
-53.8772
-53.7734
-53.6881
-53.6207
-53.5681
-53.5272
-53.4957
-53.4705
-53.4486
-53.4302
-53.4165
-53.4071
-53.4008
-53.3967
-53.3944
-53.3934
-53.3909
-53.3874
-53.3843
-53.383
-53.3831
-53.3841
-53.3857
-53.3877
-53.3899
-53.3923
-53.3949
-53.3942
-53.3918
-53.3898
-53.3889
-53.3892
-53.3903
-53.3918
-53.3936
-53.3954
-53.3974
-53.3994
-53.4014
-53.4035
-53.4055
-53.4072
-53.4088
-53.4057
-53.3991
-53.3957
-53.3931
-53.3914
-53.3902
-53.389
-53.387
-53.3826
-53.3694
-53.2566
-53.1251
-53.1436
-53.1903
-53.2316
-53.262
-53.2828
-53.2969
-53.3067
-53.3146
-53.3217
-53.3293
-53.338
-53.3489
-53.3628
-53.3813
-53.4057
-53.4161
-53.4204
-53.4233
-53.4245
-53.4241
-53.4248
-53.4268
-53.4298
-53.4337
-53.4385
-53.444
-53.4504
-53.4576
-53.4657
-53.4748
-53.4848
-53.4959
-53.5081
-53.5216
-53.5364
-53.5526
-53.5703
-53.5897
-53.6109
-53.6341
-53.6594
-53.687
-53.7172
-53.7502
-53.7863
-53.8257
-53.8687
-53.9155
-53.7463
-53.5097
-53.4105
-53.3863
-53.3877
-53.3972
-53.4085
-53.4084
-53.4091
-53.413
-53.4187
-53.4254
-53.4325
-53.4398
-53.4473
-53.4551
-53.4631
-53.4714
-53.4803
-53.4896
-53.4995
-53.5102
-53.5216
-53.5339
-53.5472
-53.5617
-53.5773
-53.5943
-53.6128
-53.6329
-53.6552
-53.6807
-53.7083
-53.7378
-53.7697
-53.8042
-53.8415
-53.882
-53.9259
-53.9735
-54.0253
-53.7059
-53.4628
-53.3946
-53.3636
-53.3597
-53.3674
-53.3785
-53.3901
-53.4013
-53.4076
-53.4056
-53.4064
-53.4096
-53.4139
-53.4188
-53.424
-53.4293
-53.4349
-53.4406
-53.4466
-53.4528
-53.4598
-53.4674
-53.4753
-53.4838
-53.4928
-53.5025
-53.5129
-53.5242
-53.5365
-53.5499
-53.5644
-53.581
-53.5999
-53.62
-53.6414
-53.6645
-53.6893
-53.7164
-53.7458
-53.7777
-53.8125
-53.8502
-53.892
-53.9412
-53.9942
-54.05
-54.1089
-54.1718
-53.701
-53.4102
-53.3441
-53.341
-53.3529
-53.353
-53.3582
-53.3671
-53.3769
-53.3862
-53.3947
-53.4024
-53.4093
-53.4151
-53.4096
-53.4055
-53.4047
-53.4054
-53.4069
-53.409
-53.4109
-53.4123
-53.4132
-53.4132
-53.4121
-53.4093
-53.4035
-53.3924
-53.369
-53.2985
-52.746
-52.2515
-52.3113
-52.4971
-52.67
-52.8004
-52.8912
-52.9539
-53
-53.038
-53.0746
-53.1186
-53.1689
-53.228
-53.3015
-53.3937
-53.4801
-53.4998
-53.4998
-53.4975
-53.4868
-53.474
-53.4673
-53.465
-53.4656
-53.4641
-53.4553
-53.4507
-53.45
-53.4519
-53.4558
-53.461
-53.4675
-53.4751
-53.484
-53.4938
-53.505
-53.5173
-53.5308
-53.5455
-53.5615
-53.579
-53.5982
-53.6195
-53.6448
-53.6739
-53.7062
-53.7418
-53.7798
-53.8202
-53.8628
-53.9085
-53.9599
-54.0252
-54.1059
-54.1953
-54.2904
-54.3907
-54.4935
-54.5988
-54.7095
-54.8289
-54.9605
-55.1191
-55.3032
-55.4992
-55.7031
-55.9172
-56.14
-56.3728
-56.6172
-56.8771
-57.1543
-57.4644
-57.8131
-58.1871
-58.5722
-58.969
-59.3736
-59.7846
-60.2012
-60.6292
-61.0687
-61.5333
-62.0392
-62.5732
-63.1104
-63.6414
-64.1616
-64.6692
-65.1613
-65.6419
-66.11
-66.5717
-67.0487
-67.5379
-68.0278
-68.4963
-68.9363
-69.3441
-69.7243
-70.0768
-70.4045
-70.7088
-71.0015
-71.2939
-71.5838
-71.8642
-72.125
-72.3603
-72.569
-72.7551
-72.924
-73.0754
-73.2116
-73.3399
-73.4657
-73.5905
-73.71
-73.8196
-73.9189
-74.0036
-74.0753
-74.139
-74.1957
-74.2454
-74.2909
-74.3353
-74.38
-74.4257
-74.4676
-74.506
-74.5401
-74.5661
-74.5861
-74.6038
-74.6191
-74.632
-74.6442
-74.6572
-74.6727
-74.6896
-74.7043
-74.7181
-74.7312
-74.7389
-74.7426
-74.745
-74.747
-74.7487
-74.7504
-74.7535
-74.7587
-74.7655
-74.7717
-74.7766
-74.7825
-74.7856
-74.7849
-74.7827
-74.7798
-74.7777
-74.7762
-74.7762
-74.7779
-74.7811
-74.785
-74.7878
-74.7897
-74.7926
-74.7931
-74.7913
-74.7876
-74.7828
-74.7792
-74.7771
-74.7771
-74.7785
-74.7799
-74.7819
-74.7838
-74.7841
-74.7856
-74.7867
-74.7856
-74.7825
-74.7783
-74.7737
-74.7709
-74.7702
-74.7715
-74.7723
-74.7736
-74.7756
-74.7766
-74.7761
-74.7774
-74.7781
-74.7767
-74.773
-74.7687
-74.7645
-74.7605
-74.7594
-74.7606
-74.7602
-74.7615
-74.7637
-74.7657
-74.7656
-74.7664
-74.7684
-74.7682
-74.7651
-74.7605
-74.7578
-74.7546
-74.7513
-74.7501
-74.7495
-74.7482
-74.7497
-74.7525
-74.7555
-74.7559
-74.7569
-74.7584
-74.7568
-74.753
-74.7481
-74.7454
-74.7437
-74.7415
-74.7394
-74.7374
-74.7333
-74.7335
-74.7365
-74.741
-74.7446
-74.7467
-74.7488
-74.7487
-74.7459
-74.7415
-74.737
-74.7341
-74.7326
-74.7312
-74.7294
-74.727
-74.7214
-74.7186
-74.7206
-74.7246
-74.7282
-74.7323
-74.7351
-74.7364
-74.7348
-74.7315
-74.7268
-74.7224
-74.7195
-74.7179
-74.7156
-74.7149
-74.7137
-74.7097
-74.706
-74.7062
-74.7097
-74.7139
-74.7188
-74.7213
-74.7222
-74.7227
-74.7219
-74.718
-74.7136
-74.7098
-74.706
-74.7032
-74.7002
-74.6996
-74.6997
-74.6964
-74.6904
-74.6893
-74.6931
-74.6976
-74.6994
-74.7021
-74.7033
-74.703
-74.7045
-74.7041
-74.7008
-74.6968
-74.6942
-74.6901
-74.686
-74.6818
-74.6819
-74.683
-74.6819
-74.6778
-74.6745
-74.677
-74.6847
-74.6879
-74.6872
-74.6855
-74.6839
-74.6849
-74.6851
-74.6839
-74.6828
-74.6807
-74.6765
-74.6739
-74.6716
-74.6659
-74.6615
-74.6591
-74.6589
-74.6585
-74.656
-74.6539
-74.6575
-74.6659
-74.6705
-74.6702
-74.6671
-74.6656
-74.6635
-74.6609
-74.6581
-74.6573
-74.657
-74.6552
-74.6517
-74.6503
-74.6481
-74.6431
-74.6385
-74.6363
-74.6361
-74.6358
-74.6371
-74.6355
-74.6351
-74.6392
-74.6472
-74.6519
-74.6532
-74.6511
-74.6478
-74.6448
-74.6411
-74.6385
-74.6352
-74.6295
-74.6273
-74.6266
-74.6251
-74.6231
-74.6183
-74.6113
-74.606
-74.6036
-74.6013
-74.603
-74.6057
-74.6067
-74.6057
-74.6041
-74.6062
-74.6141
-74.6235
-74.6283
-74.6282
-74.6236
-74.6198
-74.6162
-74.6125
-74.6089
-74.6055
-74.6035
-74.5998
-74.5937
-74.5871
-74.5835
-74.5827
-74.5781
-74.5697
-74.5623
-74.5557
-74.5565
-74.5639
-74.5713
-74.5745
-74.5746
-74.5722
-74.5687
-74.5705
-74.5765
-74.5852
-74.5944
-74.6011
-74.6004
-74.5944
-74.5895
-74.5841
-74.5814
-74.5781
-74.5742
-74.5703
-74.5668
-74.5603
-74.5517
-74.5465
-74.5432
-74.5401
-74.5334
-74.5241
-74.5142
-74.5074
-74.5046
-74.5023
-74.5011
-74.5036
-74.5094
-74.5147
-74.5181
-74.5189
-74.5149
-74.5143
-74.5212
-74.5274
-74.5347
-74.5431
-74.5506
-74.5522
-74.5505
-74.5483
-74.5467
-74.5405
-74.5314
-74.5267
-74.5224
-74.5178
-74.5104
-74.5027
-74.4973
-74.4898
-74.4848
-74.4856
-74.4841
-74.4773
-74.4681
-74.4599
-74.4531
-74.446
-74.438
-74.4292
-74.4254
-74.4245
-74.4255
-74.4269
-74.4293
-74.4313
-74.4311
-74.4291
-74.4286
-74.438
-74.4499
-74.457
-74.4666
-74.4813
-74.4917
-74.4965
-74.4947
-74.4915
-74.4869
-74.4819
-74.477
-74.4744
-74.4683
-74.4627
-74.4571
-74.4489
-74.4395
-74.4321
-74.4284
-74.4233
-74.4149
-74.41
-74.4064
-74.4018
-74.4001
-74.3985
-74.3941
-74.3874
-74.3799
-74.3683
-74.3577
-74.3497
-74.3439
-74.34
-74.3369
-74.3357
-74.3307
-74.3249
-74.3146
-74.3007
-74.2942
-74.2935
-74.2888
-74.2872
-74.2917
-74.3071
-74.3244
-74.3324
-74.3355
-74.3433
-74.3596
-74.3736
-74.3794
-74.3863
-74.3914
-74.3888
-74.3779
-74.3663
-74.3606
-74.3558
-74.3507
-74.3448
-74.3382
-74.3293
-74.3233
-74.3218
-74.3174
-74.3107
-74.3097
-74.3078
-74.3005
-74.2892
-74.2832
-74.2842
-74.283
-74.2819
-74.2817
-74.275
-74.2656
-74.255
-74.2445
-74.2399
-74.2336
-74.2208
-74.2118
-74.2116
-74.2128
-74.209
-74.201
-74.1937
-74.1864
-74.1773
-74.1702
-74.1627
-74.1569
-74.1556
-74.1559
-74.1513
-74.1394
-74.1213
-74.1028
-74.0944
-74.0886
-74.0786
-74.0727
-74.0702
-74.0739
-74.086
-74.0976
-74.1032
-74.1135
-74.1267
-74.1377
-74.1478
-74.1591
-74.1681
-74.1735
-74.1748
-74.171
-74.1636
-74.1581
-74.162
-74.1639
-74.1614
-74.1604
-74.1579
-74.1501
-74.1421
-74.1494
-74.155
-74.1564
-74.152
-74.1424
-74.1317
-74.1187
-74.1097
-74.105
-74.1039
-74.101
-74.0926
-74.0822
-74.078
-74.075
-74.0665
-74.0558
-74.0506
-74.0463
-74.0476
-74.0566
-74.067
-74.0718
-74.0723
-74.0683
-74.057
-74.0396
-74.0254
-74.017
-74.0042
-73.9857
-73.9678
-73.9571
-73.9531
-73.9512
-73.9452
-73.932
-73.9163
-73.9054
-73.9015
-73.9013
-73.907
-73.9202
-73.937
-73.9453
-73.9475
-73.9465
-73.9421
-73.9427
-73.9398
-73.9292
-73.9124
-73.891
-73.8665
-73.8396
-73.8111
-73.7835
-73.7663
-73.7494
-73.7286
-73.7059
-73.6912
-73.6854
-73.6761
-73.6623
-73.6526
-73.6537
-73.6565
-73.6518
-73.6393
-73.6212
-73.6003
-73.5895
-73.5881
-73.5827
-73.5808
-73.5879
-73.5897
-73.5945
-73.6115
-73.6319
-73.6482
-73.6533
-73.6544
-73.6492
-73.6418
-73.6329
-73.619
-73.6005
-73.5794
-73.5703
-73.5704
-73.5656
-73.5594
-73.5511
-73.5373
-73.5186
-73.5008
-73.486
-73.4719
-73.462
-73.4589
-73.4588
-73.4527
-73.4398
-73.4219
-73.4004
-73.3878
-73.3837
-73.386
-73.3919
-73.3905
-73.3812
-73.3659
-73.3471
-73.3333
-73.3199
-73.3045
-73.2942
-73.2838
-73.2838
-73.2894
-73.2954
-73.2941
-73.2853
-73.2788
-73.2716
-73.2594
-73.2427
-73.2226
-73.2019
-73.1888
-73.1754
-73.1584
-73.1382
-73.1156
-73.0914
-73.0661
-73.0399
-73.0133
-72.9862
-72.9589
-72.9315
-72.904
-72.8765
-72.849
-72.8216
-72.7944
-72.7672
-72.7402
-72.7134
-72.6869
-72.6708
-72.6637
-72.6662
-72.6724
-72.6822
-72.6855
-72.6812
-72.6712
-72.6572
-72.6406
-72.622
-72.6021
-72.5813
-72.5599
-72.5379
-72.5161
-72.506
-72.5012
-72.493
-72.4808
-72.4657
-72.4485
-72.4298
-72.4155
-72.4132
-72.41
-72.4022
-72.3905
-72.376
-72.3597
-72.342
-72.3234
-72.3043
-72.2848
-72.265
-72.245
-72.225
-72.205
-72.1849
-72.165
-72.1451
-72.1253
-72.1057
-72.0862
-72.0668
-72.0477
-72.0287
-72.0098
-71.9912
-71.9727
-71.9545
-71.9364
-71.9185
-71.9008
-71.8833
-71.866
-71.8489
-71.8319
-71.8152
-71.7987
-71.7823
-71.7662
-71.7502
-71.7344
-71.7188
-71.7034
-71.6882
-71.6731
-71.6582
-71.6436
-71.629
-71.6147
-71.6005
-71.5865
-71.5727
-71.5591
-71.5456
-71.5322
-71.5191
-71.5061
-71.4932
-71.4806
-71.468
-71.4557
-71.4434
-71.4314
-71.4195
-71.4077
-71.3961
-71.3846
-71.3733
-71.3621
-71.351
-71.3401
-71.3294
-71.3187
-71.3082
-71.2979
-71.2877
-71.2776
-71.2676
-71.2578
-71.2481
-71.2385
-71.2291
-71.2197
-71.2105
-71.2014
-71.1925
-71.1836
-71.1749
-71.1662
-71.1577
-71.1493
-71.141
-71.1329
-71.1248
-71.1168
-71.1089
-71.1012
-71.0935
-71.086
-71.0785
-71.0712
-71.0639
-71.0568
-71.0497
-71.0427
-71.0359
-71.0291
-71.0224
-71.0158
-71.0093
-71.0028
-70.9965
-70.9903
-70.9841
-70.978
-70.972
-70.9661
-70.9603
-70.9545
-70.9489
-70.9433
-70.9378
-70.9323
-70.927
-70.9217
-70.9165
-70.9113
-70.9063
-70.9013
-70.8963
-70.8915
-70.8867
-70.882
-70.8773
-70.8728
-70.8682
-70.8638
-70.8594
-70.8551
-70.8508
-70.8466
-70.8425
-70.8384
-70.8344
-70.8304
-70.8265
-70.8227
-70.8189
-70.8152
-70.8115
-70.8079
-70.8043
-70.8008
-70.7973
-70.7939
-70.7906
-70.7873
-70.784
-70.7808
-70.7776
-70.7745
-70.7715
-70.7685
-70.7655
-70.7626
-70.7597
-70.7569
-70.7541
-70.7513
-70.7486
-70.746
-70.7434
-70.7408
-70.7383
-70.7358
-70.7333
-70.7309
-70.7286
-70.7262
-70.7239
-70.7217
-70.7195
-70.7173
-70.7151
-70.713
-70.7109
-70.7089
-70.7069
-70.7049
-70.703
-70.7011
-70.6992
-70.6973
-70.6955
-70.6938
-70.692
-70.6903
-70.6886
-70.6869
-70.6853
-70.6837
-70.6821
-70.6806
-70.6791
-70.6776
-70.6761
-70.6747
-70.6733
-70.6719
-70.6705
-70.6692
-70.6679
-70.6666
-70.6654
-70.6641
-70.6629
-70.6617
-70.6606
-70.6594
-70.6583
-70.6572
-70.6561
-70.6551
-70.654
-70.653
-70.652
-70.6511
-70.6501
-70.6492
-70.6483
-70.6474
-70.6465
-70.6456
-70.6448
-70.644
-70.6432
-70.6424
-70.6416
-70.6409
-70.6401
-70.6394
-70.6387
-70.638
-70.6374
-70.6367
-70.6361
-70.6354
-70.6348
-70.6342
-70.6337
-70.6331
-70.6325
-70.632
-70.6315
-70.631
-70.6305
-70.63
-70.6295
-70.6291
-70.6286
-70.6282
-70.6278
-70.6273
-70.6269
-70.6266
-70.6262
-70.6258
-70.6255
-70.6251
-70.6248
-70.6245
-70.6242
-70.6239
-70.6236
-70.6233
-70.623
-70.6227
-70.6225
-70.6222
-70.622
-70.6218
-70.6216
-70.6214
-70.6212
-70.621
-70.6208
-70.6206
-70.6204
-70.6203
-70.6201
-70.62
-70.6198
-70.6197
-70.6196
-70.6195
-70.6194
-70.6193
-70.6192
-70.6191
-70.619
-70.6189
-70.6188
-70.6188
-70.6187
-70.6187
-70.6186
-70.6186
-70.6185
-70.6185
-70.6185
-70.6185
-70.6184
-70.6184
-70.6184
-70.6184
-70.6184
-70.6184
-70.6185
-70.6185
-70.6185
-70.6185
-70.6186
-70.6186
-70.6186
-70.6187
-70.6187
-70.6188
-70.6188
-70.6189
-70.619
-70.619
-70.6191
-70.6192
-70.6192
-70.6193
-70.6194
-70.6195
-70.6196
-70.6197
-70.6198
-70.6199
-70.62
-70.6201
-70.6202
-70.6203
-70.6204
-70.6205
-70.6206
-70.6207
-70.6209
-70.621
-70.6211
-70.6212
-70.6214
-70.6215
-70.6216
-70.6218
-70.6219
-70.622
-70.6222
-70.6223
-70.6225
-70.6226
-70.6228
-70.6229
-70.6231
-70.6232
-70.6234
-70.6235
-70.6237
-70.6238
-70.624
-70.6241
-70.6243
-70.6245
-70.6246
-70.6248
-70.625
-70.6251
-70.6253
-70.6255
-70.6256
-70.6258
-70.626
-70.6261
-70.6263
-70.6265
-70.6267
-70.6268
-70.627
-70.6272
-70.6274
-70.6275
-70.6277
-70.6279
-70.6281
-70.6282
-70.6284
-70.6286
-70.6288
-70.6289
-70.6291
-70.6293
-70.6295
-70.6297
-70.6298
-70.63
-70.6302
-70.6304
-70.6306
-70.6307
-70.6309
-70.6311
-70.6313
-70.6315
-70.6317
-70.6318
-70.632
-70.6322
-70.6324
-70.6326
-70.6327
-70.6329
-70.6331
-70.6333
-70.6335
-70.6336
-70.6338
-70.634
-70.6342
-70.6343
-70.6345
-70.6347
-70.6349
-70.6351
-70.6352
-70.6354
-70.6356
-70.6358
-70.6359
-70.6361
-70.6363
-70.6365
-70.6366
-70.6368
-70.637
-70.6372
-70.6373
-70.6375
-70.6377
-70.6378
-70.638
-70.6382
-70.6384
-70.6385
-70.6387
-70.6389
-70.639
-70.6392
-70.6394
-70.6395
-70.6397
-70.6399
-70.64
-70.6402
-70.6403
-70.6405
-70.6407
-70.6408
-70.641
-70.6411
-70.6413
-70.6415
-70.6416
-70.6418
-70.6419
-70.6421
-70.6422
-70.6424
-70.6426
-70.6427
-70.6429
-70.643
-70.6432
-70.6433
-70.6435
-70.6436
-70.6438
-70.6439

