-70
-70.1661
-70.23
-70.2566
-70.2695
-70.2773
-70.283
-70.2879
-70.2925
-70.297
-70.3014
-70.3057
-70.31
-70.3142
-70.3185
-70.3226
-70.3268
-70.3309
-70.335
-70.3391
-70.3431
-70.3471
-70.351
-70.3549
-70.3588
-70.3626
-70.3664
-70.3701
-70.3738
-70.3775
-70.3811
-70.3847
-70.3883
-70.3918
-70.3953
-70.3987
-70.4021
-70.4055
-70.4088
-70.4121
-70.4154
-70.4186
-70.4218
-70.4249
-70.428
-70.4311
-70.4341
-70.4372
-70.4401
-70.4431
-70.446
-70.4489
-70.4517
-70.4545
-70.4573
-70.4601
-70.4628
-70.4655
-70.4682
-70.4708
-70.4734
-70.476
-70.4785
-70.481
-70.4835
-70.486
-70.4884
-70.4908
-70.4932
-70.4955
-70.4978
-70.5001
-70.5024
-70.5046
-70.5068
-70.509
-70.5112
-70.5133
-70.5154
-70.5175
-70.5196
-70.5216
-70.5236
-70.5256
-70.5276
-70.5295
-70.5315
-70.5334
-70.5352
-70.5371
-70.5389
-70.5407
-70.5425
-70.5443
-70.5461
-70.5478
-70.5495
-70.5512
-70.5528
-70.5545
-70.5561
-70.5577
-70.5593
-70.5609
-70.5624
-70.5639
-70.5655
-70.5669
-70.5684
-70.5699
-70.5713
-70.5727
-70.5741
-70.5755
-70.5769
-70.5782
-70.5796
-70.5809
-70.5822
-70.5835
-70.5848
-70.586
-70.5873
-70.5885
-70.5897
-70.5909
-70.5921
-70.5932
-70.5944
-70.5955
-70.5966
-70.5977
-70.5988
-70.5999
-70.601
-70.602
-70.603
-70.6041
-70.6051
-70.6061
-70.6071
-70.608
-70.609
-70.6099
-70.6109
-70.6118
-70.6127
-70.6136
-70.6145
-70.6154
-70.6162
-70.6171
-70.6179
-70.6187
-70.6196
-70.6204
-70.6212
-70.622
-70.6227
-70.6235
-70.6242
-70.625
-70.6257
-70.6265
-70.6272
-70.6279
-70.6286
-70.6293
-70.6299
-70.6306
-70.6313
-70.6319
-70.6325
-70.6332
-70.6338
-70.6344
-70.635
-70.6356
-70.6362
-70.6368
-70.6374
-70.6379
-70.6385
-70.639
-70.6396
-70.6401
-70.6406
-70.6411
-70.6417
-70.6422
-70.6427
-70.6431
-70.6436
-70.6441
-70.6446
-70.645
-70.6455
-70.6459
-70.6464
-70.6468
-70.6472
-70.6476
-70.6481
-70.6485
-70.6489
-70.6493
-70.6497
-70.65
-70.6504
-70.6508
-70.6512
-70.6515
-70.6519
-70.6522
-70.6526
-70.6529
-70.6533
-70.6536
-70.6539
-70.6542
-70.6545
-70.6549
-70.6552
-70.6555
-70.6558
-70.656
-70.6563
-70.6566
-70.6569
-70.6572
-70.6574
-70.6577
-70.658
-70.6582
-70.6585
-70.6587
-70.6589
-70.6592
-70.6594
-70.6597
-70.6599
-70.6601
-70.6603
-70.6605
-70.6607
-70.661
-70.6612
-70.6614
-70.6616
-70.6617
-70.6619
-70.6621
-70.6623
-70.6625
-70.6627
-70.6628
-70.663
-70.6632
-70.6633
-70.6635
-70.6637
-70.6638
-70.664
-70.6641
-70.6643
-70.6644
-70.6646
-70.6647
-70.6648
-70.665
-70.6651
-70.6652
-70.6653
-70.6655
-70.6656
-70.6657
-70.6658
-70.6659
-70.666
-70.6662
-70.6663
-70.6664
-70.6665
-70.6666
-70.6667
-70.6668
-70.6669
-70.667
-70.667
-70.6671
-70.6672
-70.6673
-70.6674
-70.6675
-70.6675
-70.6676
-70.6677
-70.6678
-70.6678
-70.6679
-70.668
-70.668
-70.6681
-70.6682
-70.6682
-70.6683
-70.6683
-70.6684
-70.6685
-70.6685
-70.6686
-70.6686
-70.6687
-70.6687
-70.6688
-70.6688
-70.6688
-70.6689
-70.6689
-70.669
-70.669
-70.669
-70.6691
-70.6691
-70.6691
-70.6692
-70.6692
-70.6692
-70.6693
-70.6693
-70.6693
-70.6694
-70.6694
-70.6694
-70.6694
-70.6694
-70.6695
-70.6695
-70.6695
-70.6695
-70.6695
-70.6696
-70.6696
-70.6696
-70.6696
-70.6696
-70.6696
-70.6696
-70.6697
-70.6697
-70.6697
-70.6697
-70.6697
-70.6697
-70.6697
-70.6697
-70.6697
-70.6697
-70.6697
-70.6697
-70.6697
-70.6697
-70.6697
-70.6697
-70.6697
-70.6697
-70.6697
-70.6697
-70.6697
-70.6697
-70.6697
-70.6697
-70.6697
-70.6697
-70.6697
-70.6697
-70.6697
-70.6697
-70.6697
-70.6697
-70.6697
-70.6697
-70.6697
-70.6696
-70.6696
-70.6696
-70.6696
-70.6696
-70.6696
-70.6696
-70.6696
-70.6696
-70.6695
-70.6695
-70.6695
-70.6695
-70.6695
-70.6695
-70.6695
-70.6695
-70.6694
-70.6694
-70.6694
-70.6694
-70.6694
-70.6694
-70.6693
-70.6693
-70.6693
-70.6693
-70.6693
-70.6693
-70.6693
-70.6692
-70.6692
-70.6692
-70.6692
-70.6692
-70.6691
-70.6691
-70.6691
-70.6691
-70.6691
-70.6691
-70.669
-70.669
-70.669
-70.669
-70.669
-70.6689
-70.6689
-70.6689
-70.6689
-70.6689
-70.6688
-70.6688
-70.6688
-70.6688
-70.6688
-70.6687
-70.6687
-70.6687
-70.6687
-70.6686
-70.6686
-70.6686
-70.6686
-70.6686
-70.6685
-70.6685
-70.6685
-70.6685
-70.6685
-70.6684
-70.6684
-59.1694
-52.6306
-50.4459
-48.7191
-45.9462
-27.0899
-15.3353
-41.5316
-68.2105
-68.4227
-67.4033
-66.336
-65.2539
-64.1751
-63.117
-62.0955
-61.1246
-60.2169
-59.3999
-58.7013
-58.1016
-57.5734
-57.1107
-56.7071
-56.3669
-55.9557
-55.0916
-54.6515
-54.3862
-54.201
-54.0624
-53.956
-53.8743
-53.8125
-53.7675
-53.7363
-53.7169
-53.708
-53.7098
-53.7221
-53.6876
-53.5533
-53.483
-53.4308
-53.4091
-53.4039
-53.4065
-53.4126
-53.4138
-53.4023
-53.3931
-53.3912
-53.3933
-53.3976
-53.4028
-53.4075
-53.4053
-53.3998
-53.3976
-53.3984
-53.4008
-53.4043
-53.4082
-53.4079
-53.407
-53.4078
-53.4099
-53.4127
-53.4114
-53.4098
-53.41
-53.4108
-53.4086
-53.4077
-53.4083
-53.4099
-53.4121
-53.4147
-53.4176
-53.4207
-53.4241
-53.4276
-53.4313
-53.4258
-53.4202
-53.4179
-53.4141
-53.4101
-53.4087
-53.409
-53.4102
-53.4118
-53.4137
-53.4158
-53.4176
-53.4193
-53.4207
-53.4219
-53.4226
-53.4217
-53.4117
-53.4044
-53.3995
-53.3949
-53.388
-53.3734
-53.3137
-52.9533
-52.8691
-52.9437
-53.034
-53.1065
-53.1577
-53.1921
-53.2154
-53.2327
-53.2472
-53.2616
-53.2775
-53.2966
-53.3208
-53.3521
-53.3923
-53.4419
-53.5001
-53.5651
-53.5953
-53.5105
-53.4769
-53.4685
-53.4704
-53.459
-53.4479
-53.4448
-53.4466
-53.4512
-53.4576
-53.4655
-53.4745
-53.4846
-53.4959
-53.5084
-53.522
-53.537
-53.5534
-53.5713
-53.5908
-53.6122
-53.6354
-53.6608
-53.6885
-53.7187
-53.7518
-53.788
-53.8274
-53.8704
-53.9172
-53.9681
-54.0234
-54.0834
-54.1486
-54.2191
-54.2386
-53.6494
-53.4452
-53.3966
-53.3971
-53.4128
-53.4329
-53.4539
-53.4752
-53.4961
-53.5168
-53.5374
-53.5582
-53.5795
-53.6015
-53.6246
-53.649
-53.6752
-53.7051
-53.7375
-53.7717
-53.8082
-53.8471
-53.8891
-53.9343
-53.9851
-54.0416
-54.1017
-54.1682
-54.242
-54.3202
-54.4024
-54.4895
-54.5823
-54.6812
-54.788
-54.9144
-55.0559
-55.2112
-55.376
-55.5504
-55.7296
-55.9127
-55.7794
-53.6718
-53.1733
-53.0995
-53.1341
-53.1917
-53.2488
-53.3
-53.3449
-53.3842
-53.4187
-53.4497
-53.478
-53.5045
-53.5312
-53.5585
-53.5859
-53.6133
-53.6421
-53.672
-53.7044
-53.7383
-53.7738
-53.8115
-53.8518
-53.8988
-53.9535
-54.0113
-54.0712
-54.1368
-54.208
-54.2839
-54.3677
-54.4559
-54.5483
-54.6459
-54.7565
-54.8888
-55.0284
-55.1701
-55.3161
-55.4762
-55.6451
-55.8194
-56.0103
-56.2099
-56.4131
-56.6249
-56.8684
-57.1404
-57.4088
-57.6706
-57.9291
-54.307
-53.0253
-52.8015
-52.8206
-52.8994
-52.9905
-53.0741
-53.1454
-53.2044
-53.2528
-53.2929
-53.3265
-53.3551
-53.3802
-53.4023
-53.4221
-53.4403
-53.458
-53.4753
-53.4933
-53.512
-53.5308
-53.5498
-53.5692
-53.5894
-53.6113
-53.6357
-53.6618
-53.6911
-53.7247
-53.7634
-53.8051
-53.8484
-53.8937
-53.9419
-53.995
-54.0544
-54.1175
-54.1846
-54.2578
-53.6527
-53.4064
-53.352
-53.353
-53.3692
-53.3888
-53.4086
-53.4277
-53.4458
-53.4629
-53.4796
-53.4967
-53.5147
-53.5346
-53.5555
-53.5768
-53.5985
-53.6213
-53.6468
-53.674
-53.7028
-53.7337
-53.7734
-53.8352
-53.9055
-53.9827
-54.0786
-54.1801
-54.2786
-54.3733
-54.4719
-54.5905
-54.7463
-54.957
-55.2131
-55.4874
-55.7634
-56.0155
-56.2524
-56.4907
-56.7394
-57.021
-57.3645
-57.7847
-58.2278
-58.6751
-59.1149
-59.5393
-59.9554
-60.3729
-60.8003
-61.2511
-61.7456
-62.2909
-62.8534
-63.4112
-63.9536
-64.4756
-64.9735
-65.4528
-65.9174
-66.3766
-66.8467
-67.3329
-67.8253
-68.309
-68.763
-69.1832
-69.5721
-69.9289
-70.2572
-70.5628
-70.8598
-71.1571
-71.45
-71.7356
-72.0095
-72.2531
-72.47
-72.6639
-72.836
-72.9894
-73.1275
-73.2602
-73.3924
-73.5205
-73.6456
-73.7636
-73.8644
-73.952
-74.0288
-74.0952
-74.152
-74.2014
-74.25
-74.3001
-74.3486
-74.3967
-74.4434
-74.4829
-74.5139
-74.54
-74.5625
-74.5812
-74.5952
-74.6085
-74.6239
-74.6403
-74.6577
-74.6757
-74.6925
-74.7049
-74.7133
-74.7199
-74.7251
-74.728
-74.7298
-74.7323
-74.7366
-74.7412
-74.7479
-74.7553
-74.7624
-74.7662
-74.7673
-74.7676
-74.7664
-74.7644
-74.7617
-74.7608
-74.7611
-74.7621
-74.7657
-74.77
-74.7742
-74.7759
-74.7756
-74.7747
-74.7721
-74.7683
-74.7645
-74.7623
-74.762
-74.7618
-74.7627
-74.7649
-74.7666
-74.769
-74.7694
-74.7675
-74.7651
-74.7614
-74.7565
-74.7534
-74.7537
-74.7534
-74.7531
-74.7535
-74.755
-74.7563
-74.7582
-74.7583
-74.7562
-74.7536
-74.751
-74.7467
-74.7423
-74.7415
-74.7408
-74.7401
-74.7395
-74.7408
-74.7434
-74.7451
-74.7459
-74.7449
-74.7425
-74.7396
-74.7353
-74.7317
-74.7295
-74.7286
-74.7285
-74.7272
-74.7251
-74.7263
-74.7288
-74.7315
-74.7333
-74.7339
-74.7311
-74.726
-74.7201
-74.7155
-74.7145
-74.7149
-74.7152
-74.715
-74.7127
-74.7127
-74.715
-74.7165
-74.7182
-74.7202
-74.7208
-74.7178
-74.7111
-74.7043
-74.7005
-74.6991
-74.6992
-74.701
-74.7008
-74.6985
-74.6962
-74.6973
-74.6986
-74.6999
-74.7026
-74.7044
-74.7032
-74.699
-74.6916
-74.6878
-74.6853
-74.6852
-74.6866
-74.6907
-74.6921
-74.6875
-74.6805
-74.6801
-74.6837
-74.6854
-74.6874
-74.689
-74.6885
-74.684
-74.6781
-74.6731
-74.6698
-74.6674
-74.6676
-74.6713
-74.6744
-74.6733
-74.6684
-74.6609
-74.6574
-74.6587
-74.6613
-74.6642
-74.668
-74.6698
-74.667
-74.6633
-74.6614
-74.6587
-74.6569
-74.6577
-74.6577
-74.6581
-74.6592
-74.6568
-74.6512
-74.6454
-74.6416
-74.6415
-74.6427
-74.6443
-74.647
-74.6499
-74.6501
-74.6461
-74.6408
-74.6378
-74.6373
-74.6382
-74.6396
-74.637
-74.6352
-74.6336
-74.6329
-74.6285
-74.621
-74.6141
-74.6104
-74.6118
-74.6138
-74.6168
-74.6184
-74.6215
-74.626
-74.6286
-74.6288
-74.6277
-74.6258
-74.6259
-74.6245
-74.6219
-74.6175
-74.6143
-74.6098
-74.6056
-74.6025
-74.5978
-74.5927
-74.5883
-74.5871
-74.5902
-74.5927
-74.5928
-74.5933
-74.5939
-74.5989
-74.6052
-74.6069
-74.6052
-74.6039
-74.6031
-74.5995
-74.5959
-74.5917
-74.5869
-74.5803
-74.5739
-74.5652
-74.554
-74.5471
-74.5451
-74.5469
-74.5519
-74.5557
-74.5576
-74.5575
-74.56
-74.5643
-74.5712
-74.5769
-74.5784
-74.5781
-74.5785
-74.5791
-74.5772
-74.5748
-74.571
-74.5662
-74.5645
-74.5612
-74.5533
-74.5411
-74.5256
-74.5109
-74.5022
-74.5003
-74.5019
-74.5082
-74.5155
-74.5235
-74.5295
-74.5293
-74.5273
-74.5273
-74.5351
-74.5415
-74.5451
-74.55
-74.5517
-74.5494
-74.5456
-74.5377
-74.5353
-74.5339
-74.5285
-74.5226
-74.5208
-74.515
-74.504
-74.4876
-74.4681
-74.4501
-74.4386
-74.4327
-74.436
-74.445
-74.4571
-74.4641
-74.469
-74.4737
-74.4767
-74.4783
-74.482
-74.485
-74.4902
-74.4968
-74.5035
-74.5068
-74.5088
-74.5072
-74.5013
-74.4939
-74.4859
-74.4788
-74.475
-74.4696
-74.4643
-74.461
-74.4584
-74.4509
-74.4367
-74.4189
-74.4021
-74.3921
-74.3841
-74.3805
-74.3774
-74.3699
-74.373
-74.3782
-74.3776
-74.3833
-74.3952
-74.4102
-74.4244
-74.4329
-74.4388
-74.4452
-74.4524
-74.4548
-74.4556
-74.4548
-74.4549
-74.4511
-74.4452
-74.4389
-74.4353
-74.4289
-74.4203
-74.4096
-74.3992
-74.3901
-74.3874
-74.3805
-74.3729
-74.3705
-74.3709
-74.3681
-74.3592
-74.348
-74.3357
-74.3218
-74.3094
-74.3008
-74.2888
-74.279
-74.2765
-74.2759
-74.2765
-74.2847
-74.2938
-74.3025
-74.3148
-74.333
-74.3502
-74.3573
-74.3584
-74.3573
-74.3584
-74.3646
-74.3681
-74.3702
-74.3699
-74.3624
-74.3502
-74.3352
-74.3226
-74.3151
-74.3078
-74.2991
-74.2913
-74.2825
-74.2782
-74.2752
-74.2771
-74.2792
-74.2745
-74.2691
-74.2625
-74.2532
-74.2469
-74.2399
-74.2309
-74.2239
-74.2156
-74.204
-74.1902
-74.1805
-74.1734
-74.1661
-74.1555
-74.1509
-74.1475
-74.1467
-74.1523
-74.1553
-74.1529
-74.1506
-74.153
-74.1652
-74.1812
-74.1928
-74.2036
-74.2178
-74.2301
-74.2336
-74.2317
-74.2257
-74.2178
-74.2111
-74.2172
-74.2253
-74.2279
-74.2243
-74.2161
-74.2071
-74.1946
-74.1824
-74.1687
-74.1579
-74.1513
-74.1475
-74.147
-74.1421
-74.1312
-74.117
-74.1016
-74.09
-74.0773
-74.0723
-74.0738
-74.0737
-74.0762
-74.0803
-74.0804
-74.0753
-74.0676
-74.0556
-74.0384
-74.0236
-74.0166
-74.0071
-73.9952
-73.9855
-73.9754
-73.9607
-73.9476
-73.9389
-73.9303
-73.9317
-73.9356
-73.9312
-73.9258
-73.9257
-73.9228
-73.9125
-73.9008
-73.9082
-73.9295
-73.9543
-73.971
-73.9789
-73.9805
-73.9779
-73.9735
-73.965
-73.9552
-73.9506
-73.9467
-73.9421
-73.946
-73.9534
-73.9602
-73.9625
-73.9636
-73.9655
-73.9635
-73.9577
-73.9565
-73.964
-73.9659
-73.9665
-73.9694
-73.9693
-73.9724
-73.9785
-73.9879
-73.9948
-73.9943
-73.9857
-73.9785
-73.9688
-73.9533
-73.9369
-73.9262
-73.9167
-73.9054
-73.8951
-73.8885
-73.8776
-73.8607
-73.8392
-73.8154
-73.7986
-73.7927
-73.7934
-73.7985
-73.7991
-73.7941
-73.7858
-73.7716
-73.7523
-73.736
-73.7307
-73.7344
-73.7353
-73.728
-73.7134
-73.6939
-73.6763
-73.6634
-73.6501
-73.6324
-73.6107
-73.5887
-73.5763
-73.5646
-73.5483
-73.5276
-73.5038
-73.4777
-73.4562
-73.4438
-73.4321
-73.4221
-73.4117
-73.3965
-73.377
-73.3552
-73.339
-73.3233
-73.3148
-73.3127
-73.3061
-73.3075
-73.3204
-73.3289
-73.3421
-73.3507
-73.3532
-73.3538
-73.3495
-73.3608
-73.3732
-73.3803
-73.3837
-73.3798
-73.3764
-73.3701
-73.3687
-73.3809
-73.3922
-73.3993
-73.4005
-73.4163
-73.4383
-73.4495
-73.4498
-73.4487
-73.4436
-73.4325
-73.4164
-73.3967
-73.3744
-73.3503
-73.3248
-73.3097
-73.313
-73.3151
-73.3094
-73.2968
-73.2794
-73.2639
-73.2602
-73.2568
-73.2474
-73.2326
-73.2138
-73.1928
-73.1787
-73.1658
-73.1496
-73.1306
-73.1183
-73.1069
-73.0919
-73.0833
-73.0868
-73.0915
-73.096
-73.0934
-73.0883
-73.0858
-73.0788
-73.0664
-73.0499
-73.0306
-73.0091
-72.9863
-72.9624
-72.9377
-72.9125
-72.8869
-72.8611
-72.8351
-72.809
-72.7829
-72.7568
-72.7308
-72.7048
-72.679
-72.6533
-72.6277
-72.6024
-72.5772
-72.5522
-72.5275
-72.5029
-72.4786
-72.4545
-72.4307
-72.4071
-72.3837
-72.3606
-72.3377
-72.3151
-72.2927
-72.2705
-72.2487
-72.227
-72.2056
-72.1844
-72.1635
-72.1428
-72.1223
-72.1021
-72.0821
-72.0623
-72.0486
-72.0495
-72.0501
-72.046
-72.0379
-72.0269
-72.0144
-72.0153
-72.0218
-72.0239
-72.0207
-72.0134
-72.0033
-71.9913
-71.978
-71.9638
-71.9489
-71.9336
-71.918
-71.9022
-71.8863
-71.8703
-71.8543
-71.8383
-71.8224
-71.8065
-71.7908
-71.7751
-71.7596
-71.7442
-71.7289
-71.7138
-71.6988
-71.6839
-71.6692
-71.6547
-71.6403
-71.6261
-71.612
-71.5981
-71.5844
-71.5708
-71.5574
-71.5441
-71.531
-71.518
-71.5052
-71.4925
-71.48
-71.4677
-71.4554
-71.4434
-71.4315
-71.4197
-71.4081
-71.3966
-71.3853
-71.3741
-71.363
-71.3521
-71.3413
-71.3307
-71.3201
-71.3098
-71.2995
-71.2894
-71.2794
-71.2696
-71.2599
-71.2503
-71.2408
-71.2314
-71.2222
-71.2131
-71.2041
-71.1952
-71.1864
-71.1777
-71.1692
-71.1608
-71.1524
-71.1442
-71.1361
-71.1281
-71.1202
-71.1124
-71.1047
-71.0971
-71.0896
-71.0822
-71.0749
-71.0677
-71.0606
-71.0536
-71.0467
-71.0399
-71.0332
-71.0265
-71.02
-71.0135
-71.0071
-71.0008
-70.9946
-70.9885
-70.9825
-70.9765
-70.9706
-70.9648
-70.9591
-70.9535
-70.9479
-70.9425
-70.937
-70.9317
-70.9265
-70.9213
-70.9162
-70.9111
-70.9061
-70.9012
-70.8964
-70.8916
-70.8869
-70.8823
-70.8778
-70.8733
-70.8688
-70.8644
-70.8601
-70.8559
-70.8517
-70.8476
-70.8435
-70.8395
-70.8355
-70.8317
-70.8278
-70.824
-70.8203
-70.8166
-70.813
-70.8095
-70.806
-70.8025
-70.7991
-70.7958
-70.7924
-70.7892
-70.786
-70.7828
-70.7797
-70.7767
-70.7737
-70.7707
-70.7678
-70.7649
-70.762
-70.7593
-70.7565
-70.7538
-70.7511
-70.7485
-70.746
-70.7434
-70.7409
-70.7385
-70.736
-70.7337
-70.7313
-70.729
-70.7268
-70.7245
-70.7223
-70.7202
-70.718
-70.716
-70.7139
-70.7119
-70.7099
-70.7079
-70.706
-70.7041
-70.7023
-70.7005
-70.6987
-70.6969
-70.6952
-70.6935
-70.6918
-70.6902
-70.6885
-70.6869
-70.6854
-70.6839
-70.6824
-70.6809
-70.6794
-70.678
-70.6766
-70.6752
-70.6739
-70.6726
-70.6713
-70.67
-70.6687
-70.6675
-70.6663
-70.6651
-70.6639
-70.6628
-70.6617
-70.6606
-70.6595
-70.6585
-70.6574
-70.6564
-70.6554
-70.6545
-70.6535
-70.6526
-70.6517
-70.6508
-70.6499
-70.649
-70.6482
-70.6474
-70.6466
-70.6458
-70.645
-70.6443
-70.6435
-70.6428
-70.6421
-70.6414
-70.6407
-70.6401
-70.6394
-70.6388
-70.6382
-70.6376
-70.637
-70.6364
-70.6359
-70.6353
-70.6348
-70.6343
-70.6338
-70.6333
-70.6328
-70.6323
-70.6319
-70.6314
-70.631
-70.6306
-70.6302
-70.6298
-70.6294
-70.629
-70.6286
-70.6283
-70.6279
-70.6276
-70.6273
-70.627
-70.6267
-70.6264
-70.6261
-70.6258
-70.6256
-70.6253
-70.6251
-70.6248
-70.6246
-70.6244
-70.6242
-70.624
-70.6238
-70.6236
-70.6234
-70.6232
-70.6231
-70.6229
-70.6227
-70.6226
-70.6225
-70.6223
-70.6222
-70.6221
-70.622
-70.6219
-70.6218
-70.6217
-70.6216
-70.6215
-70.6215
-70.6214
-70.6213
-70.6213
-70.6212
-70.6212
-70.6212
-70.6211
-70.6211
-70.6211
-70.6211
-70.621
-70.621
-70.621
-70.621
-70.621
-70.6211
-70.6211
-70.6211
-70.6211
-70.6211
-70.6212
-70.6212
-70.6212
-70.6213
-70.6213
-70.6214
-70.6214
-70.6215
-70.6215
-70.6216
-70.6217
-70.6217
-70.6218
-70.6219
-70.622
-70.6221
-70.6221
-70.6222
-70.6223
-70.6224
-70.6225
-70.6226
-70.6227
-70.6228
-70.6229
-70.623
-70.6231
-70.6232
-70.6233
-70.6235
-70.6236
-70.6237
-70.6238
-70.6239
-70.6241
-70.6242
-70.6243
-70.6245
-70.6246
-70.6247
-70.6249
-70.625
-70.6251
-70.6253
-70.6254
-70.6256
-70.6257
-70.6259
-70.626
-70.6262
-70.6263
-70.6265
-70.6266
-70.6268
-70.6269
-70.6271
-70.6272
-70.6274
-70.6275
-70.6277
-70.6278
-70.628
-70.6282
-70.6283
-70.6285
-70.6287
-70.6288
-70.629
-70.6291
-70.6293
-70.6295
-70.6296
-70.6298
-70.63
-70.6301
-70.6303
-70.6305
-70.6306
-70.6308
-70.631
-70.6312
-70.6313
-70.6315
-70.6317
-70.6318
-70.632
-70.6322
-70.6323
-70.6325
-70.6327
-70.6328
-70.633
-70.6332
-70.6334
-70.6335
-70.6337
-70.6339
-70.634
-70.6342
-70.6344
-70.6346
-70.6347
-70.6349
-70.6351
-70.6352
-70.6354
-70.6356
-70.6357
-70.6359
-70.6361
-70.6362
-70.6364
-70.6366
-70.6367
-70.6369
-70.6371
-70.6372
-70.6374
-70.6376
-70.6377
-70.6379
-70.6381
-70.6382
-70.6384
-70.6386
-70.6387
-70.6389
-70.639
-70.6392
-70.6394
-70.6395
-70.6397
-70.6399
-70.64
-70.6402
-70.6403
-70.6405
-70.6406
-70.6408
-70.641
-70.6411
-70.6413
-70.6414
-70.6416
-70.6417
-70.6419
-70.642
-70.6422
-70.6423
-70.6425
-70.6426
-70.6428
-70.6429
-70.6431
-70.6432
-70.6434
-70.6435
-70.6437
-70.6438
-70.644
-70.6441
-70.6442
-70.6444
-70.6445
-70.6447
-70.6448
-70.6449
-70.6451
-70.6452
-70.6454
-70.6455
-70.6456
-70.6458
-70.6459
-70.646

