-70
-70.1661
-70.23
-70.2566
-70.2695
-70.2773
-70.283
-70.2879
-70.2925
-70.297
-70.3014
-70.3057
-70.31
-70.3142
-70.3185
-70.3226
-70.3268
-70.3309
-70.335
-70.3391
-70.3431
-70.3471
-70.351
-70.3549
-70.3588
-70.3626
-70.3664
-70.3701
-70.3738
-70.3775
-70.3811
-70.3847
-70.3883
-70.3918
-70.3953
-70.3987
-70.4021
-70.4055
-70.4088
-70.4121
-70.4154
-70.4186
-70.4218
-70.4249
-70.428
-70.4311
-70.4341
-70.4372
-70.4401
-70.4431
-70.446
-70.4489
-70.4517
-70.4545
-70.4573
-70.4601
-70.4628
-70.4655
-70.4682
-70.4708
-70.4734
-70.476
-70.4785
-70.481
-70.4835
-70.486
-70.4884
-70.4908
-70.4932
-70.4955
-70.4978
-70.5001
-70.5024
-70.5046
-70.5068
-70.509
-70.5112
-70.5133
-70.5154
-70.5175
-70.5196
-70.5216
-70.5236
-70.5256
-70.5276
-70.5295
-70.5315
-70.5334
-70.5352
-70.5371
-70.5389
-70.5407
-70.5425
-70.5443
-70.5461
-70.5478
-70.5495
-70.5512
-70.5528
-70.5545
-70.5561
-70.5577
-70.5593
-70.5609
-70.5624
-70.5639
-70.5655
-70.5669
-70.5684
-70.5699
-70.5713
-70.5727
-70.5741
-70.5755
-70.5769
-70.5782
-70.5796
-70.5809
-70.5822
-70.5835
-70.5848
-70.586
-70.5873
-70.5885
-70.5897
-70.5909
-70.5921
-70.5932
-70.5944
-70.5955
-70.5966
-70.5977
-70.5988
-70.5999
-70.601
-70.602
-70.603
-70.6041
-70.6051
-70.6061
-70.6071
-70.608
-70.609
-70.6099
-70.6109
-70.6118
-70.6127
-70.6136
-70.6145
-70.6154
-70.6162
-70.6171
-70.6179
-70.6187
-70.6196
-70.6204
-70.6212
-70.622
-70.6227
-70.6235
-70.6242
-70.625
-70.6257
-70.6265
-70.6272
-70.6279
-70.6286
-70.6293
-70.6299
-70.6306
-70.6313
-70.6319
-70.6325
-70.6332
-70.6338
-70.6344
-70.635
-70.6356
-70.6362
-70.6368
-70.6374
-70.6379
-70.6385
-70.639
-70.6396
-70.6401
-70.6406
-70.6411
-70.6417
-70.6422
-70.6427
-70.6431
-70.6436
-70.6441
-70.6446
-70.645
-70.6455
-70.6459
-70.6464
-70.6468
-70.6472
-70.6476
-70.6481
-70.6485
-70.6489
-70.6493
-70.6497
-70.65
-70.6504
-70.6508
-70.6512
-70.6515
-70.6519
-70.6522
-70.6526
-70.6529
-70.6533
-70.6536
-70.6539
-70.6542
-70.6545
-70.6549
-70.6552
-70.6555
-70.6558
-70.656
-70.6563
-70.6566
-70.6569
-70.6572
-70.6574
-70.6577
-70.658
-70.6582
-70.6585
-70.6587
-70.6589
-70.6592
-70.6594
-70.6597
-70.6599
-70.6601
-70.6603
-70.6605
-70.6607
-70.661
-70.6612
-70.6614
-70.6616
-70.6617
-70.6619
-70.6621
-70.6623
-70.6625
-70.6627
-70.6628
-70.663
-70.6632
-70.6633
-70.6635
-70.6637
-70.6638
-70.664
-70.6641
-70.6643
-70.6644
-70.6646
-70.6647
-70.6648
-70.665
-70.6651
-70.6652
-70.6653
-70.6655
-70.6656
-70.6657
-70.6658
-70.6659
-70.666
-70.6662
-70.6663
-70.6664
-70.6665
-70.6666
-70.6667
-70.6668
-70.6669
-70.667
-70.667
-70.6671
-70.6672
-70.6673
-70.6674
-70.6675
-70.6675
-70.6676
-70.6677
-70.6678
-70.6678
-70.6679
-70.668
-70.668
-70.6681
-70.6682
-70.6682
-70.6683
-70.6683
-70.6684
-70.6685
-70.6685
-70.6686
-70.6686
-70.6687
-70.6687
-70.6688
-70.6688
-70.6688
-70.6689
-70.6689
-70.669
-70.669
-70.669
-70.6691
-70.6691
-70.6691
-70.6692
-70.6692
-70.6692
-70.6693
-70.6693
-70.6693
-70.6694
-70.6694
-70.6694
-70.6694
-70.6694
-70.6695
-70.6695
-70.6695
-70.6695
-70.6695
-70.6696
-70.6696
-70.6696
-70.6696
-70.6696
-70.6696
-70.6696
-70.6697
-70.6697
-70.6697
-70.6697
-70.6697
-70.6697
-70.6697
-70.6697
-70.6697
-70.6697
-70.6697
-70.6697
-70.6697
-70.6697
-70.6697
-70.6697
-70.6697
-70.6697
-70.6697
-70.6697
-70.6697
-70.6697
-70.6697
-70.6697
-70.6697
-70.6697
-70.6697
-70.6697
-70.6697
-70.6697
-70.6697
-70.6697
-70.6697
-70.6697
-70.6697
-70.6696
-70.6696
-70.6696
-70.6696
-70.6696
-70.6696
-70.6696
-70.6696
-70.6696
-70.6695
-70.6695
-70.6695
-70.6695
-70.6695
-70.6695
-70.6695
-70.6695
-70.6694
-70.6694
-70.6694
-70.6694
-70.6694
-70.6694
-70.6693
-70.6693
-70.6693
-70.6693
-70.6693
-70.6693
-70.6693
-70.6692
-70.6692
-70.6692
-70.6692
-70.6692
-70.6691
-70.6691
-70.6691
-70.6691
-70.6691
-70.6691
-70.669
-70.669
-70.669
-70.669
-70.669
-70.6689
-70.6689
-70.6689
-70.6689
-70.6689
-70.6688
-70.6688
-70.6688
-70.6688
-70.6688
-70.6687
-70.6687
-70.6687
-70.6687
-70.6686
-70.6686
-70.6686
-70.6686
-70.6686
-70.6685
-70.6685
-70.6685
-70.6685
-70.6685
-70.6684
-63.882
-53.7473
-50.9842
-49.2624
-47.0631
-39.1076
-1.61195
-33.2374
-65.2701
-68.6828
-67.7175
-66.6586
-65.579
-64.4974
-63.4313
-62.3972
-61.4098
-60.4813
-59.6227
-58.864
-58.2255
-57.6866
-57.2287
-56.8287
-56.4803
-56.1898
-55.3038
-54.7638
-54.4584
-54.2525
-54.1011
-53.986
-53.8985
-53.8325
-53.7837
-53.7495
-53.7275
-53.7159
-53.7136
-53.7211
-53.7378
-53.7629
-53.7958
-53.6118
-53.4999
-53.4589
-53.449
-53.4527
-53.4626
-53.4639
-53.436
-53.4227
-53.4209
-53.4253
-53.4328
-53.442
-53.4317
-53.4221
-53.4198
-53.4222
-53.4271
-53.4334
-53.4406
-53.438
-53.4279
-53.4239
-53.4243
-53.4273
-53.4317
-53.437
-53.4429
-53.4493
-53.4391
-53.4294
-53.4258
-53.4261
-53.4285
-53.4321
-53.4365
-53.4414
-53.4468
-53.4525
-53.4585
-53.4503
-53.434
-53.4265
-53.4245
-53.4254
-53.4279
-53.4311
-53.4349
-53.439
-53.4434
-53.4479
-53.4526
-53.4575
-53.4624
-53.4666
-53.4702
-53.4734
-53.4434
-53.4191
-53.4088
-53.4044
-53.4019
-53.3989
-53.3938
-53.3838
-53.3602
-53.2531
-52.6686
-52.5545
-52.6758
-52.8194
-52.9345
-53.0163
-53.0717
-53.1095
-53.1374
-53.161
-53.1844
-53.2103
-53.2415
-53.2809
-53.3318
-53.3968
-53.4767
-53.4885
-53.4824
-53.4788
-53.4788
-53.4822
-53.4888
-53.4981
-53.5096
-53.5233
-53.5392
-53.5574
-53.5779
-53.601
-53.6267
-53.6551
-53.6866
-53.7213
-53.7596
-53.8017
-53.8479
-53.8985
-53.9536
-54.0137
-54.0791
-54.1502
-54.2273
-54.3105
-54.4004
-54.4976
-54.6025
-54.7156
-54.8375
-54.9688
-55.1103
-55.2624
-55.4252
-54.0191
-53.3806
-53.2446
-53.2458
-53.2827
-53.3261
-53.3679
-53.4062
-53.4412
-53.4735
-53.5036
-53.5323
-53.5602
-53.5877
-53.6154
-53.6438
-53.6731
-53.7038
-53.7363
-53.771
-53.808
-53.8479
-53.8907
-53.9368
-53.9866
-54.0403
-54.0985
-54.1652
-54.2373
-54.3133
-54.3937
-54.4795
-54.5712
-54.6693
-54.7741
-54.8861
-55.0059
-55.1378
-55.2826
-55.4342
-55.5921
-55.7572
-55.9299
-53.9972
-53.2409
-53.1013
-53.1182
-53.1713
-53.228
-53.2793
-53.3239
-53.3626
-53.3963
-53.4263
-53.4535
-53.4786
-53.5023
-53.5252
-53.548
-53.572
-53.5965
-53.6215
-53.6474
-53.6746
-53.7033
-53.7341
-53.7671
-53.8026
-53.8409
-53.8824
-53.9307
-53.9832
-54.0384
-54.0969
-54.1593
-54.2259
-54.2969
-54.3726
-54.4535
-54.5399
-54.6321
-54.7363
-54.8532
-54.9746
-55.1001
-55.2306
-55.3669
-55.5087
-55.6564
-55.8099
-55.9694
-56.1347
-56.3061
-56.5014
-56.7104
-54.774
-53.2386
-52.9429
-52.9432
-53.0141
-53.0937
-53.1652
-53.2255
-53.2759
-53.3184
-53.3553
-53.3878
-53.4163
-53.442
-53.4652
-53.486
-53.5056
-53.5244
-53.5429
-53.5613
-53.5795
-53.5978
-53.6167
-53.6386
-53.6607
-53.6821
-53.7027
-53.7223
-53.7408
-53.7574
-53.7715
-53.7818
-53.7867
-53.7914
-53.7896
-53.7719
-53.7311
-53.6551
-53.5197
-53.2667
-53.1453
-53.1242
-52.7322
-52.7428
-52.8921
-53.0231
-53.1139
-53.1721
-53.2088
-53.2328
-53.2503
-53.2649
-53.2791
-53.2948
-53.3143
-53.3424
-53.3785
-53.422
-53.4713
-53.5258
-53.5855
-53.6505
-53.7217
-53.8122
-53.9372
-54.0769
-54.2092
-54.3502
-54.4964
-54.6443
-54.7915
-54.9426
-55.1045
-55.298
-55.531
-55.7989
-56.0764
-56.3535
-56.6268
-56.9057
-57.1958
-57.5017
-57.8321
-58.1946
-58.5866
-59.0073
-59.4451
-59.8901
-60.3373
-60.7903
-61.2514
-61.7205
-62.2036
-62.7023
-63.2173
-63.7519
-64.2955
-64.8295
-65.3488
-65.8519
-66.3406
-66.8157
-67.2805
-67.7381
-68.188
-68.6352
-69.0767
-69.4995
-69.8933
-70.2584
-70.5965
-70.9113
-71.2064
-71.4851
-71.7477
-71.9986
-72.2418
-72.4738
-72.6883
-72.8801
-73.052
-73.206
-73.3456
-73.4736
-73.5914
-73.6995
-73.8013
-73.9006
-73.9952
-74.0818
-74.1568
-74.2216
-74.2783
-74.3284
-74.3734
-74.4141
-74.4504
-74.4845
-74.5193
-74.5549
-74.5878
-74.6159
-74.6381
-74.6559
-74.6709
-74.6837
-74.6954
-74.7048
-74.7133
-74.7232
-74.7362
-74.7504
-74.7627
-74.7714
-74.7766
-74.78
-74.782
-74.7836
-74.7843
-74.7843
-74.7844
-74.7866
-74.7918
-74.7991
-74.8048
-74.8076
-74.8081
-74.8072
-74.806
-74.8049
-74.8022
-74.8
-74.798
-74.7976
-74.7991
-74.804
-74.8084
-74.8101
-74.8095
-74.8077
-74.806
-74.8037
-74.8007
-74.7966
-74.7935
-74.7922
-74.7915
-74.7938
-74.7981
-74.8016
-74.8022
-74.8006
-74.7992
-74.7975
-74.795
-74.7916
-74.7879
-74.7845
-74.7829
-74.7822
-74.7841
-74.788
-74.7915
-74.7923
-74.7902
-74.7879
-74.7859
-74.7841
-74.7812
-74.7772
-74.774
-74.772
-74.7704
-74.7717
-74.7752
-74.7792
-74.7822
-74.7826
-74.7799
-74.7765
-74.7746
-74.7723
-74.7695
-74.7659
-74.7624
-74.7609
-74.7592
-74.7594
-74.7628
-74.7661
-74.7693
-74.771
-74.7698
-74.7661
-74.7628
-74.7601
-74.7571
-74.7545
-74.7517
-74.7503
-74.7496
-74.7479
-74.7485
-74.7528
-74.7569
-74.7598
-74.7611
-74.7591
-74.7565
-74.7526
-74.7484
-74.7448
-74.741
-74.7377
-74.7366
-74.7363
-74.7347
-74.7339
-74.7361
-74.7406
-74.745
-74.7482
-74.7488
-74.7466
-74.7434
-74.7403
-74.7361
-74.7315
-74.7271
-74.7239
-74.7231
-74.723
-74.7225
-74.7227
-74.7237
-74.7269
-74.729
-74.7335
-74.7365
-74.7373
-74.7354
-74.7319
-74.728
-74.7219
-74.715
-74.7086
-74.7043
-74.7033
-74.704
-74.7059
-74.7074
-74.7081
-74.7097
-74.7133
-74.7151
-74.718
-74.7206
-74.7231
-74.7236
-74.7206
-74.7164
-74.7108
-74.7032
-74.6945
-74.6864
-74.6835
-74.6851
-74.6877
-74.691
-74.6924
-74.6939
-74.6957
-74.6981
-74.7004
-74.704
-74.7053
-74.7062
-74.7077
-74.7063
-74.7008
-74.6944
-74.6874
-74.6788
-74.6716
-74.6667
-74.6625
-74.6605
-74.6634
-74.6672
-74.6714
-74.6744
-74.6756
-74.6775
-74.6798
-74.684
-74.6899
-74.6939
-74.6942
-74.6921
-74.6859
-74.6782
-74.6725
-74.6682
-74.6618
-74.6568
-74.653
-74.6468
-74.6399
-74.637
-74.6405
-74.6452
-74.6493
-74.6508
-74.6522
-74.6539
-74.6571
-74.6628
-74.6708
-74.6748
-74.6747
-74.6709
-74.6635
-74.6551
-74.6484
-74.6429
-74.6383
-74.636
-74.6341
-74.6299
-74.6236
-74.6179
-74.6142
-74.612
-74.6112
-74.6147
-74.6187
-74.6233
-74.6238
-74.6228
-74.6283
-74.6372
-74.6473
-74.6546
-74.6548
-74.6494
-74.6426
-74.6366
-74.6301
-74.6247
-74.6175
-74.6093
-74.6054
-74.6046
-74.6022
-74.599
-74.5949
-74.5928
-74.5908
-74.5868
-74.5831
-74.5797
-74.5811
-74.5865
-74.5895
-74.5881
-74.5907
-74.5988
-74.6057
-74.6143
-74.6182
-74.6179
-74.6154
-74.6094
-74.6027
-74.5982
-74.591
-74.5816
-74.5735
-74.5695
-74.5691
-74.5679
-74.5629
-74.5574
-74.5581
-74.5575
-74.5532
-74.5528
-74.5527
-74.5508
-74.5462
-74.5386
-74.5318
-74.5293
-74.534
-74.5424
-74.5504
-74.5606
-74.5672
-74.5737
-74.5782
-74.5787
-74.577
-74.5746
-74.5693
-74.5624
-74.5555
-74.5474
-74.5369
-74.5258
-74.5234
-74.5252
-74.5234
-74.5232
-74.523
-74.5225
-74.5185
-74.5123
-74.5073
-74.5049
-74.5039
-74.502
-74.4972
-74.4924
-74.4857
-74.4802
-74.48
-74.4821
-74.4778
-74.4751
-74.4788
-74.4947
-74.5078
-74.5147
-74.5161
-74.5165
-74.5154
-74.5133
-74.508
-74.5055
-74.5047
-74.4981
-74.4882
-74.4785
-74.4706
-74.4647
-74.4682
-74.4733
-74.4732
-74.4668
-74.4536
-74.44
-74.4336
-74.4314
-74.4345
-74.4349
-74.4315
-74.4309
-74.4324
-74.4321
-74.429
-74.4218
-74.4121
-74.4062
-74.4048
-74.411
-74.4146
-74.4154
-74.4119
-74.403
-74.3969
-74.3897
-74.389
-74.3908
-74.3958
-74.4063
-74.4176
-74.4261
-74.4299
-74.4304
-74.4279
-74.4225
-74.4167
-74.4114
-74.4088
-74.4034
-74.3959
-74.3884
-74.3849
-74.3936
-74.4022
-74.4042
-74.3982
-74.3847
-74.3658
-74.3482
-74.3439
-74.3422
-74.3355
-74.3267
-74.3146
-74.2998
-74.2905
-74.2871
-74.2931
-74.3003
-74.3086
-74.3135
-74.3151
-74.3202
-74.3244
-74.3251
-74.325
-74.3228
-74.3234
-74.3195
-74.3104
-74.2996
-74.2908
-74.283
-74.274
-74.2638
-74.2508
-74.2392
-74.2339
-74.2333
-74.2371
-74.2375
-74.2347
-74.2284
-74.2269
-74.2355
-74.2485
-74.2599
-74.2729
-74.2869
-74.2975
-74.3048
-74.3072
-74.3064
-74.302
-74.293
-74.2806
-74.2653
-74.2557
-74.2526
-74.2484
-74.2401
-74.2285
-74.2177
-74.2152
-74.2147
-74.2083
-74.2004
-74.2002
-74.2013
-74.1969
-74.1903
-74.1786
-74.1644
-74.1496
-74.134
-74.1186
-74.1023
-74.0882
-74.0741
-74.0641
-74.0627
-74.0619
-74.0627
-74.0709
-74.0781
-74.0872
-74.1022
-74.1182
-74.125
-74.1236
-74.1171
-74.1059
-74.0958
-74.0893
-74.0855
-74.0919
-74.1064
-74.1167
-74.1176
-74.1122
-74.1017
-74.0883
-74.0704
-74.0483
-74.0241
-74.0084
-73.9988
-73.9868
-73.9764
-73.9654
-73.9508
-73.9398
-73.9345
-73.928
-73.9231
-73.9173
-73.9147
-73.9182
-73.9199
-73.9242
-73.9323
-73.9392
-73.9383
-73.932
-73.9272
-73.9312
-73.9418
-73.9549
-73.9677
-73.9755
-73.9771
-73.9717
-73.9631
-73.9506
-73.9466
-73.9424
-73.9435
-73.952
-73.9619
-73.9672
-73.9647
-73.9667
-73.98
-73.9975
-74.013
-74.0254
-74.0311
-74.0268
-74.0143
-74.002
-73.9915
-73.9765
-73.9566
-73.9343
-73.9194
-73.9042
-73.8847
-73.8614
-73.8403
-73.8193
-73.7982
-73.7857
-73.7786
-73.7693
-73.7651
-73.7627
-73.7696
-73.7771
-73.7757
-73.7655
-73.7488
-73.7299
-73.7157
-73.7045
-73.6895
-73.67
-73.6559
-73.6469
-73.6337
-73.6154
-73.5931
-73.568
-73.5411
-73.5194
-73.4996
-73.4782
-73.4618
-73.445
-73.4328
-73.4412
-73.4531
-73.4553
-73.4481
-73.4385
-73.4299
-73.4238
-73.4161
-73.4044
-73.3994
-73.4126
-73.426
-73.4343
-73.4375
-73.4333
-73.4312
-73.4417
-73.457
-73.4635
-73.46
-73.4489
-73.4325
-73.4125
-73.3946
-73.3806
-73.3641
-73.3442
-73.3214
-73.3008
-73.286
-73.2694
-73.2537
-73.2427
-73.2343
-73.2282
-73.2176
-73.2055
-73.2073
-73.2082
-73.2019
-73.1927
-73.1949
-73.1979
-73.1964
-73.197
-73.1928
-73.1822
-73.1667
-73.1535
-73.1449
-73.1331
-73.1171
-73.0977
-73.076
-73.0527
-73.0282
-73.0028
-72.9769
-72.9506
-72.9241
-72.9065
-72.8946
-72.8802
-72.8625
-72.8423
-72.8202
-72.797
-72.7731
-72.7486
-72.7238
-72.6988
-72.6737
-72.6486
-72.6235
-72.5989
-72.5861
-72.5786
-72.5681
-72.5539
-72.537
-72.5182
-72.4982
-72.4773
-72.4559
-72.4342
-72.4123
-72.3902
-72.3682
-72.3462
-72.3243
-72.3024
-72.2807
-72.2592
-72.2378
-72.2165
-72.1955
-72.1746
-72.154
-72.1335
-72.1133
-72.0933
-72.0734
-72.0538
-72.0344
-72.0152
-71.9963
-71.9775
-71.9589
-71.9406
-71.9225
-71.9045
-71.8868
-71.8693
-71.852
-71.8349
-71.818
-71.8013
-71.7848
-71.7685
-71.7524
-71.7364
-71.7207
-71.7052
-71.6898
-71.6746
-71.6596
-71.6448
-71.6302
-71.6158
-71.6015
-71.5874
-71.5735
-71.5597
-71.5461
-71.5327
-71.5194
-71.5064
-71.4934
-71.4807
-71.468
-71.4556
-71.4433
-71.4311
-71.4192
-71.4073
-71.3956
-71.3841
-71.3727
-71.3614
-71.3503
-71.3393
-71.3285
-71.3178
-71.3072
-71.2968
-71.2865
-71.2764
-71.2664
-71.2565
-71.2467
-71.2371
-71.2276
-71.2182
-71.209
-71.1998
-71.1908
-71.1819
-71.1731
-71.1645
-71.1559
-71.1475
-71.1391
-71.1309
-71.1228
-71.1148
-71.1069
-71.0991
-71.0914
-71.0838
-71.0763
-71.0689
-71.0617
-71.0545
-71.0474
-71.0404
-71.0335
-71.0267
-71.0199
-71.0133
-71.0068
-71.0003
-70.994
-70.9877
-70.9815
-70.9754
-70.9694
-70.9635
-70.9576
-70.9519
-70.9462
-70.9406
-70.935
-70.9296
-70.9242
-70.9189
-70.9137
-70.9085
-70.9035
-70.8984
-70.8935
-70.8886
-70.8838
-70.8791
-70.8745
-70.8699
-70.8653
-70.8609
-70.8565
-70.8522
-70.8479
-70.8437
-70.8395
-70.8354
-70.8314
-70.8275
-70.8236
-70.8197
-70.8159
-70.8122
-70.8085
-70.8049
-70.8013
-70.7978
-70.7943
-70.7909
-70.7876
-70.7843
-70.781
-70.7778
-70.7747
-70.7715
-70.7685
-70.7655
-70.7625
-70.7596
-70.7567
-70.7539
-70.7511
-70.7484
-70.7457
-70.743
-70.7404
-70.7378
-70.7353
-70.7328
-70.7304
-70.728
-70.7256
-70.7233
-70.721
-70.7187
-70.7165
-70.7144
-70.7122
-70.7101
-70.708
-70.706
-70.704
-70.702
-70.7001
-70.6982
-70.6963
-70.6945
-70.6927
-70.6909
-70.6892
-70.6875
-70.6858
-70.6842
-70.6825
-70.6809
-70.6794
-70.6778
-70.6763
-70.6749
-70.6734
-70.672
-70.6706
-70.6692
-70.6679
-70.6665
-70.6652
-70.664
-70.6627
-70.6615
-70.6603
-70.6591
-70.658
-70.6568
-70.6557
-70.6546
-70.6536
-70.6525
-70.6515
-70.6505
-70.6495
-70.6486
-70.6476
-70.6467
-70.6458
-70.6449
-70.644
-70.6432
-70.6424
-70.6416
-70.6408
-70.64
-70.6392
-70.6385
-70.6378
-70.6371
-70.6364
-70.6357
-70.6351
-70.6344
-70.6338
-70.6332
-70.6326
-70.632
-70.6314
-70.6309
-70.6303
-70.6298
-70.6293
-70.6288
-70.6283
-70.6278
-70.6274
-70.6269
-70.6265
-70.6261
-70.6257
-70.6253
-70.6249
-70.6245
-70.6241
-70.6238
-70.6234
-70.6231
-70.6228
-70.6225
-70.6222
-70.6219
-70.6216
-70.6213
-70.6211
-70.6208
-70.6206
-70.6203
-70.6201
-70.6199
-70.6197
-70.6195
-70.6193
-70.6191
-70.619
-70.6188
-70.6186
-70.6185
-70.6183
-70.6182
-70.6181
-70.618
-70.6179
-70.6177
-70.6177
-70.6176
-70.6175
-70.6174
-70.6173
-70.6173
-70.6172
-70.6171
-70.6171
-70.6171
-70.617
-70.617
-70.617
-70.6169
-70.6169
-70.6169
-70.6169
-70.6169
-70.6169
-70.6169
-70.6169
-70.617
-70.617
-70.617
-70.6171
-70.6171
-70.6171
-70.6172
-70.6172
-70.6173
-70.6173
-70.6174
-70.6175
-70.6175
-70.6176
-70.6177
-70.6178
-70.6178
-70.6179
-70.618
-70.6181
-70.6182
-70.6183
-70.6184
-70.6185
-70.6186
-70.6187
-70.6188
-70.619
-70.6191
-70.6192
-70.6193
-70.6194
-70.6196
-70.6197
-70.6198
-70.62
-70.6201
-70.6202
-70.6204
-70.6205
-70.6207
-70.6208
-70.621
-70.6211
-70.6213
-70.6214
-70.6216
-70.6217
-70.6219
-70.622
-70.6222
-70.6223
-70.6225
-70.6227
-70.6228
-70.623
-70.6232
-70.6233
-70.6235
-70.6237
-70.6238
-70.624
-70.6242
-70.6244
-70.6245
-70.6247
-70.6249
-70.6251
-70.6253
-70.6254
-70.6256
-70.6258
-70.626
-70.6261
-70.6263
-70.6265
-70.6267
-70.6269
-70.6271
-70.6272
-70.6274
-70.6276
-70.6278
-70.628
-70.6282
-70.6284
-70.6285
-70.6287
-70.6289
-70.6291
-70.6293
-70.6295
-70.6297
-70.6298
-70.63
-70.6302
-70.6304
-70.6306
-70.6308
-70.631
-70.6312
-70.6313
-70.6315
-70.6317
-70.6319
-70.6321
-70.6323
-70.6325
-70.6326
-70.6328
-70.633
-70.6332
-70.6334
-70.6336
-70.6337
-70.6339
-70.6341
-70.6343
-70.6345
-70.6347
-70.6348
-70.635
-70.6352
-70.6354
-70.6356
-70.6357
-70.6359
-70.6361
-70.6363
-70.6365
-70.6366
-70.6368
-70.637
-70.6372
-70.6373
-70.6375
-70.6377
-70.6379
-70.638
-70.6382
-70.6384
-70.6386
-70.6387
-70.6389
-70.6391
-70.6392
-70.6394
-70.6396
-70.6397
-70.6399
-70.6401
-70.6402
-70.6404
-70.6406
-70.6407
-70.6409
-70.6411
-70.6412
-70.6414
-70.6415
-70.6417
-70.6419
-70.642
-70.6422
-70.6423
-70.6425
-70.6426
-70.6428
-70.6429
-70.6431
-70.6432
-70.6434
-70.6436
-70.6437
-70.6439
-70.644
-70.6442

