-70
-70.1661
-70.23
-70.2566
-70.2695
-70.2773
-70.283
-70.2879
-70.2925
-70.297
-70.3014
-70.3057
-70.31
-70.3142
-70.3185
-70.3226
-70.3268
-70.3309
-70.335
-70.3391
-70.3431
-70.3471
-70.351
-70.3549
-70.3588
-70.3626
-70.3664
-70.3701
-70.3738
-70.3775
-70.3811
-70.3847
-70.3883
-70.3918
-70.3953
-70.3987
-70.4021
-70.4055
-70.4088
-70.4121
-70.4154
-70.4186
-70.4218
-70.4249
-70.428
-70.4311
-70.4341
-70.4372
-70.4401
-70.4431
-70.446
-70.4489
-70.4517
-70.4545
-70.4573
-70.4601
-70.4628
-70.4655
-70.4682
-70.4708
-70.4734
-70.476
-70.4785
-70.481
-70.4835
-70.486
-70.4884
-70.4908
-70.4932
-70.4955
-70.4978
-70.5001
-70.5024
-70.5046
-70.5068
-70.509
-70.5112
-70.5133
-70.5154
-70.5175
-70.5196
-70.5216
-70.5236
-70.5256
-70.5276
-70.5295
-70.5315
-70.5334
-70.5352
-70.5371
-70.5389
-70.5407
-70.5425
-70.5443
-70.5461
-70.5478
-70.5495
-70.5512
-70.5528
-70.5545
-70.5561
-70.5577
-70.5593
-70.5609
-70.5624
-70.5639
-70.5655
-70.5669
-70.5684
-70.5699
-70.5713
-70.5727
-70.5741
-70.5755
-70.5769
-70.5782
-70.5796
-70.5809
-70.5822
-70.5835
-70.5848
-70.586
-70.5873
-70.5885
-70.5897
-70.5909
-70.5921
-70.5932
-70.5944
-70.5955
-70.5966
-70.5977
-70.5988
-70.5999
-70.601
-70.602
-70.603
-70.6041
-70.6051
-70.6061
-70.6071
-70.608
-70.609
-70.6099
-70.6109
-70.6118
-70.6127
-70.6136
-70.6145
-70.6154
-70.6162
-70.6171
-70.6179
-70.6187
-70.6196
-70.6204
-70.6212
-70.622
-70.6227
-70.6235
-70.6242
-70.625
-70.6257
-70.6265
-70.6272
-70.6279
-70.6286
-70.6293
-70.6299
-70.6306
-70.6313
-70.6319
-70.6325
-70.6332
-70.6338
-70.6344
-70.635
-70.6356
-70.6362
-70.6368
-70.6374
-70.6379
-70.6385
-70.639
-70.6396
-70.6401
-70.6406
-70.6411
-70.6417
-70.6422
-70.6427
-70.6431
-70.6436
-70.6441
-70.6446
-70.645
-70.6455
-70.6459
-70.6464
-70.6468
-70.6472
-70.6476
-70.6481
-70.6485
-70.6489
-70.6493
-70.6497
-70.65
-70.6504
-70.6508
-70.6512
-70.6515
-70.6519
-70.6522
-70.6526
-70.6529
-70.6533
-70.6536
-70.6539
-70.6542
-70.6545
-70.6549
-70.6552
-70.6555
-70.6558
-70.656
-70.6563
-70.6566
-70.6569
-70.6572
-70.6574
-70.6577
-70.658
-70.6582
-70.6585
-70.6587
-70.6589
-70.6592
-70.6594
-70.6597
-70.6599
-70.6601
-70.6603
-70.6605
-70.6607
-70.661
-70.6612
-70.6614
-70.6616
-70.6617
-70.6619
-70.6621
-70.6623
-70.6625
-70.6627
-70.6628
-70.663
-70.6632
-70.6633
-70.6635
-70.6637
-70.6638
-70.664
-70.6641
-70.6643
-70.6644
-70.6646
-70.6647
-70.6648
-70.665
-70.6651
-70.6652
-70.6653
-70.6655
-70.6656
-70.6657
-70.6658
-70.6659
-70.666
-70.6662
-70.6663
-70.6664
-70.6665
-70.6666
-70.6667
-70.6668
-70.6669
-70.667
-70.667
-70.6671
-70.6672
-70.6673
-70.6674
-70.6675
-70.6675
-70.6676
-70.6677
-70.6678
-70.6678
-70.6679
-70.668
-70.668
-70.6681
-70.6682
-70.6682
-70.6683
-70.6683
-70.6684
-70.6685
-70.6685
-70.6686
-70.6686
-70.6687
-70.6687
-70.6688
-70.6688
-70.6688
-70.6689
-70.6689
-70.669
-70.669
-70.669
-70.6691
-70.6691
-70.6691
-70.6692
-70.6692
-70.6692
-70.6693
-70.6693
-70.6693
-70.6694
-70.6694
-70.6694
-70.6694
-70.6694
-70.6695
-70.6695
-70.6695
-70.6695
-70.6695
-70.6696
-70.6696
-70.6696
-70.6696
-70.6696
-70.6696
-70.6696
-70.6697
-70.6697
-70.6697
-70.6697
-70.6697
-70.6697
-70.6697
-70.6697
-70.6697
-70.6697
-70.6697
-70.6697
-70.6697
-70.6697
-70.6697
-70.6697
-70.6697
-70.6697
-70.6697
-70.6697
-70.6697
-70.6697
-70.6697
-70.6697
-70.6697
-70.6697
-70.6697
-70.6697
-70.6697
-70.6697
-70.6697
-70.6697
-70.6697
-70.6697
-70.6697
-70.6696
-70.6696
-70.6696
-70.6696
-70.6696
-70.6696
-70.6696
-70.6696
-70.6696
-70.6695
-70.6695
-70.6695
-70.6695
-70.6695
-70.6695
-70.6695
-70.6695
-70.6694
-70.6694
-70.6694
-70.6694
-70.6694
-70.6694
-70.6693
-70.6693
-70.6693
-70.6693
-70.6693
-70.6693
-70.6693
-70.6692
-70.6692
-70.6692
-70.6692
-70.6692
-70.6691
-70.6691
-70.6691
-70.6691
-70.6691
-70.6691
-70.669
-70.669
-70.669
-70.669
-70.669
-70.6689
-70.6689
-70.6689
-70.6689
-70.6689
-70.6688
-70.6688
-70.6688
-70.6688
-70.6688
-70.6687
-70.6687
-70.6687
-70.6687
-70.6686
-70.6686
-70.6686
-70.6686
-70.6686
-70.6685
-70.6685
-70.6685
-70.6685
-70.6685
-70.6684
-70.6684
-70.6684
-70.6684
-70.6684
-70.6683
-70.6683
-70.6683
-70.6683
-70.6682
-70.6682
-70.6682
-70.6682
-70.6682
-70.6681
-70.6681
-70.6681
-70.6681
-70.6681
-70.6704
-70.9142
-71.6835
-72.6301
-73.3863
-73.8684
-74.121
-68.657
-54.8074
-51.3363
-49.4303
-46.9889
-36.5475
-7.26936
-35.6941
-67.0916
-68.8858
-67.9088
-66.8625
-65.795
-64.725
-63.6713
-62.6518
-61.6808
-60.7543
-59.6703
-58.7783
-58.0133
-57.3418
-56.7526
-56.2395
-55.7792
-55.3582
-55.0101
-54.722
-54.4841
-54.2894
-54.1303
-53.9796
-53.8564
-53.7613
-53.6881
-53.6319
-53.5894
-53.5577
-53.5224
-53.4884
-53.4657
-53.4513
-53.4428
-53.4383
-53.4367
-53.4374
-53.4382
-53.4235
-53.4132
-53.4091
-53.409
-53.4111
-53.4146
-53.4191
-53.4241
-53.4297
-53.4357
-53.4421
-53.4296
-53.416
-53.4104
-53.4097
-53.4115
-53.4145
-53.4183
-53.4225
-53.4269
-53.4316
-53.4363
-53.4412
-53.4457
-53.4495
-53.4528
-53.4555
-53.453
-53.421
-53.4036
-53.3959
-53.3916
-53.3871
-53.3797
-53.3632
-53.3043
-52.8387
-52.6344
-52.7267
-52.8598
-52.9705
-53.0499
-53.1035
-53.1394
-53.165
-53.1858
-53.2056
-53.2271
-53.2526
-53.2845
-53.3257
-53.3788
-53.4449
-53.5229
-53.5332
-53.4919
-53.4762
-53.4727
-53.4756
-53.4824
-53.4918
-53.5033
-53.517
-53.5327
-53.5506
-53.5708
-53.5932
-53.6181
-53.6456
-53.6759
-53.7092
-53.746
-53.7863
-53.8305
-53.8788
-53.9315
-53.989
-54.0514
-54.1193
-54.193
-54.2728
-54.3588
-54.4516
-54.552
-54.6602
-54.7769
-54.9025
-55.0379
-55.1835
-55.3398
-54.4345
-53.4876
-53.2651
-53.242
-53.2724
-53.3147
-53.3567
-53.3955
-53.431
-53.4635
-53.4937
-53.5226
-53.551
-53.5789
-53.6068
-53.635
-53.664
-53.6942
-53.7274
-53.7632
-53.8009
-53.8411
-53.8852
-53.9327
-53.9832
-54.0374
-54.0955
-54.1582
-54.2308
-54.3113
-54.3955
-54.4838
-54.5783
-54.6822
-54.7923
-54.9085
-55.0318
-55.1628
-55.3055
-55.4674
-55.6382
-55.8137
-55.995
-54.8586
-53.4231
-53.1152
-53.0915
-53.1386
-53.198
-53.2543
-53.3043
-53.3477
-53.3855
-53.4187
-53.4486
-53.4767
-53.5031
-53.5283
-53.5528
-53.5773
-53.6033
-53.6313
-53.6605
-53.6906
-53.7219
-53.7552
-53.7918
-53.8327
-53.8761
-53.922
-53.9712
-54.027
-54.089
-54.158
-54.2306
-54.3061
-54.3855
-54.4697
-54.5638
-54.6681
-54.7772
-54.8911
-55.0157
-55.1542
-55.3038
-55.4661
-55.6315
-55.7999
-55.9728
-56.1514
-56.3416
-56.5538
-56.7705
-56.9873
-57.2204
-57.4671
-53.9841
-53.0055
-52.8489
-52.8951
-52.9864
-53.0776
-53.1571
-53.224
-53.2802
-53.3276
-53.3687
-53.4051
-53.4374
-53.4676
-53.4961
-53.5232
-53.5494
-53.5753
-53.6016
-53.6286
-53.6578
-53.69
-53.7242
-53.7627
-53.8036
-53.8465
-53.8953
-53.9482
-54.0037
-54.0624
-54.1251
-54.1939
-54.2726
-54.3609
-54.4556
-54.5547
-54.6651
-54.7815
-54.9023
-54.8454
-53.586
-53.275
-53.2267
-53.2464
-53.2817
-53.3175
-53.3501
-53.3794
-53.4054
-53.4288
-53.4504
-53.4706
-53.4901
-53.5092
-53.5283
-53.5479
-53.5698
-53.5945
-53.6212
-53.6495
-53.6786
-53.7093
-53.7419
-53.7791
-53.8324
-53.9134
-54.0266
-54.1475
-54.268
-54.383
-54.496
-54.613
-54.7445
-54.9333
-55.2004
-55.5271
-55.8751
-56.2011
-56.4877
-56.7546
-57.0205
-57.2951
-57.5993
-57.9644
-58.3975
-58.8842
-59.3732
-59.843
-60.2905
-60.7284
-61.1669
-61.6143
-62.0736
-62.5667
-63.0991
-63.665
-64.2347
-64.7886
-65.3108
-65.8039
-66.2749
-66.7319
-67.1747
-67.6167
-68.0699
-68.5355
-68.9946
-69.4316
-69.8352
-70.1985
-70.5271
-70.829
-71.1067
-71.3679
-71.6257
-71.8872
-72.1477
-72.3934
-72.6172
-72.8168
-72.9903
-73.1425
-73.2766
-73.3951
-73.5055
-73.6152
-73.7258
-73.8347
-73.9364
-74.0269
-74.1073
-74.1744
-74.232
-74.2805
-74.3211
-74.3585
-74.3971
-74.4377
-74.4791
-74.5188
-74.5533
-74.5838
-74.6087
-74.6278
-74.6424
-74.6523
-74.6602
-74.6704
-74.683
-74.6985
-74.7143
-74.7286
-74.7406
-74.7512
-74.7587
-74.7624
-74.763
-74.7613
-74.7606
-74.7628
-74.7672
-74.7744
-74.7805
-74.7856
-74.7896
-74.7929
-74.7953
-74.7945
-74.7909
-74.7871
-74.7845
-74.784
-74.7855
-74.7897
-74.7929
-74.7945
-74.7962
-74.7968
-74.7976
-74.7968
-74.7933
-74.7889
-74.7856
-74.7842
-74.7836
-74.7855
-74.788
-74.7886
-74.7885
-74.789
-74.7887
-74.7881
-74.7865
-74.7838
-74.7806
-74.7778
-74.7769
-74.777
-74.7789
-74.7805
-74.7803
-74.779
-74.7784
-74.7773
-74.7748
-74.7733
-74.7716
-74.7696
-74.7675
-74.7657
-74.7656
-74.7672
-74.7691
-74.7706
-74.7698
-74.7677
-74.7673
-74.7655
-74.7624
-74.76
-74.7579
-74.7574
-74.7567
-74.7555
-74.7551
-74.7565
-74.7579
-74.7593
-74.7579
-74.7552
-74.7539
-74.7524
-74.7491
-74.7452
-74.7429
-74.7428
-74.7426
-74.7427
-74.7438
-74.7446
-74.7458
-74.7474
-74.7481
-74.747
-74.7452
-74.7439
-74.7418
-74.7379
-74.7322
-74.7293
-74.7292
-74.7297
-74.7295
-74.7289
-74.7307
-74.7321
-74.7319
-74.7314
-74.7317
-74.73
-74.728
-74.7278
-74.7263
-74.7222
-74.7172
-74.7146
-74.7151
-74.7173
-74.7173
-74.7163
-74.717
-74.7193
-74.7209
-74.7204
-74.7192
-74.7198
-74.7177
-74.7157
-74.7151
-74.712
-74.7074
-74.7048
-74.7005
-74.6988
-74.7001
-74.6998
-74.699
-74.6994
-74.6994
-74.6994
-74.7006
-74.7009
-74.7009
-74.6987
-74.6951
-74.6956
-74.6962
-74.6952
-74.6939
-74.6921
-74.6898
-74.6877
-74.6858
-74.6852
-74.6842
-74.6844
-74.6847
-74.6852
-74.6862
-74.6867
-74.6868
-74.6876
-74.6855
-74.6802
-74.6774
-74.6785
-74.6792
-74.6764
-74.673
-74.6727
-74.671
-74.6658
-74.6625
-74.6596
-74.6584
-74.6577
-74.6585
-74.6612
-74.6628
-74.6619
-74.6607
-74.6622
-74.6626
-74.6582
-74.6568
-74.6563
-74.6577
-74.6589
-74.6601
-74.6609
-74.6583
-74.6528
-74.6474
-74.6415
-74.6387
-74.6378
-74.6386
-74.6409
-74.6433
-74.6451
-74.6445
-74.6432
-74.6442
-74.6444
-74.6426
-74.6394
-74.6379
-74.6369
-74.6368
-74.6372
-74.6366
-74.6341
-74.6302
-74.6257
-74.6208
-74.6142
-74.6058
-74.6019
-74.6022
-74.6019
-74.6038
-74.609
-74.612
-74.6117
-74.6114
-74.6105
-74.6127
-74.615
-74.6142
-74.6121
-74.6122
-74.6127
-74.6145
-74.6168
-74.6161
-74.6098
-74.6005
-74.5933
-74.5884
-74.5858
-74.5824
-74.5774
-74.573
-74.5706
-74.5713
-74.5756
-74.5802
-74.5849
-74.5887
-74.5871
-74.5829
-74.5829
-74.5873
-74.59
-74.5896
-74.5887
-74.589
-74.5913
-74.5884
-74.5861
-74.5847
-74.5805
-74.5719
-74.5641
-74.5582
-74.552
-74.5415
-74.529
-74.5226
-74.5192
-74.5156
-74.5142
-74.5146
-74.5195
-74.5269
-74.5339
-74.5369
-74.5348
-74.5327
-74.5326
-74.5339
-74.5392
-74.5445
-74.5472
-74.548
-74.5516
-74.5545
-74.5542
-74.5525
-74.5474
-74.5423
-74.5379
-74.5335
-74.5275
-74.5168
-74.5066
-74.4976
-74.4886
-74.4768
-74.4668
-74.457
-74.4523
-74.4497
-74.4455
-74.4473
-74.4524
-74.4605
-74.4715
-74.4836
-74.4894
-74.4898
-74.4862
-74.4818
-74.4801
-74.488
-74.4986
-74.5086
-74.5147
-74.5149
-74.5112
-74.5106
-74.513
-74.5149
-74.5112
-74.5009
-74.49
-74.4814
-74.4737
-74.4669
-74.4584
-74.4468
-74.4335
-74.4213
-74.4098
-74.4008
-74.3961
-74.39
-74.3786
-74.3693
-74.3618
-74.3578
-74.3592
-74.3585
-74.3584
-74.3671
-74.3763
-74.3876
-74.4002
-74.4061
-74.4098
-74.4089
-74.405
-74.405
-74.4092
-74.4153
-74.4229
-74.4296
-74.4324
-74.4292
-74.4256
-74.4213
-74.4225
-74.4248
-74.4217
-74.4164
-74.4136
-74.4078
-74.3961
-74.3812
-74.3695
-74.3621
-74.3578
-74.3517
-74.3411
-74.3279
-74.3153
-74.3012
-74.292
-74.2848
-74.2824
-74.2789
-74.2704
-74.2618
-74.2497
-74.2346
-74.224
-74.2264
-74.2326
-74.24
-74.2433
-74.2444
-74.2478
-74.2569
-74.2688
-74.276
-74.277
-74.2817
-74.2891
-74.2887
-74.2829
-74.2776
-74.2819
-74.2976
-74.3096
-74.3182
-74.3262
-74.3283
-74.3259
-74.3209
-74.3165
-74.3116
-74.3056
-74.2986
-74.291
-74.2884
-74.2858
-74.2806
-74.2736
-74.2626
-74.2457
-74.2251
-74.2086
-74.2016
-74.1991
-74.1961
-74.1994
-74.2015
-74.1974
-74.1885
-74.1809
-74.1731
-74.1647
-74.1575
-74.1491
-74.1378
-74.1256
-74.1135
-74.097
-74.0818
-74.0737
-74.0752
-74.0805
-74.0812
-74.0746
-74.0609
-74.0455
-74.0314
-74.0258
-74.0272
-74.0281
-74.0249
-74.0217
-74.0199
-74.0194
-74.0219
-74.036
-74.0491
-74.058
-74.064
-74.0707
-74.0815
-74.0894
-74.0898
-74.0883
-74.0834
-74.0733
-74.0596
-74.0484
-74.0479
-74.0544
-74.0638
-74.0713
-74.0753
-74.073
-74.076
-74.0863
-74.0964
-74.0978
-74.0957
-74.0898
-74.0813
-74.0745
-74.0711
-74.0652
-74.0526
-74.0393
-74.028
-74.0204
-74.0104
-73.9986
-73.9861
-73.9798
-73.9807
-73.985
-73.9891
-73.9886
-73.9878
-73.9889
-73.9888
-73.9861
-73.9773
-73.9619
-73.9415
-73.9185
-73.9009
-73.8896
-73.882
-73.8697
-73.8516
-73.8327
-73.82
-73.8101
-73.8055
-73.8008
-73.7967
-73.8022
-73.8094
-73.821
-73.8315
-73.8349
-73.8336
-73.8314
-73.8343
-73.8324
-73.8225
-73.8127
-73.806
-73.7942
-73.777
-73.7554
-73.7349
-73.7158
-73.6941
-73.6695
-73.6478
-73.6289
-73.6171
-73.6107
-73.6099
-73.6073
-73.5975
-73.5846
-73.5726
-73.557
-73.5432
-73.5301
-73.5198
-73.5075
-73.4989
-73.4949
-73.4867
-73.4748
-73.4747
-73.4817
-73.5059
-73.5361
-73.556
-73.565
-73.5686
-73.5639
-73.5521
-73.5352
-73.5156
-73.5004
-73.4906
-73.4808
-73.4663
-73.4613
-73.4678
-73.4681
-73.46
-73.4457
-73.4374
-73.435
-73.4345
-73.4388
-73.4385
-73.4305
-73.4162
-73.3975
-73.3779
-73.3668
-73.362
-73.3609
-73.3565
-73.3457
-73.3325
-73.3229
-73.3102
-73.2932
-73.2727
-73.2522
-73.2383
-73.2235
-73.2051
-73.1837
-73.1602
-73.1387
-73.1314
-73.1301
-73.1329
-73.1316
-73.1233
-73.1094
-73.0941
-73.0854
-73.0806
-73.0785
-73.0715
-73.0588
-73.042
-73.0222
-73.0004
-72.9772
-72.953
-72.928
-72.9026
-72.8768
-72.8508
-72.8246
-72.7984
-72.7721
-72.7459
-72.7212
-72.7083
-72.698
-72.6846
-72.6679
-72.6488
-72.6282
-72.6065
-72.5841
-72.5613
-72.5382
-72.5149
-72.4916
-72.4684
-72.4451
-72.422
-72.399
-72.3761
-72.3534
-72.3309
-72.3086
-72.2865
-72.2645
-72.2428
-72.2213
-72.2
-72.179
-72.1582
-72.1375
-72.1171
-72.097
-72.077
-72.0573
-72.0422
-72.0427
-72.044
-72.0406
-72.033
-72.0224
-72.0097
-71.9957
-71.9807
-71.9651
-71.9491
-71.9329
-71.9165
-71.9
-71.8835
-71.867
-71.8506
-71.8342
-71.8179
-71.8018
-71.7857
-71.7698
-71.7541
-71.7385
-71.723
-71.7077
-71.6926
-71.6776
-71.6628
-71.6481
-71.6336
-71.6193
-71.6052
-71.5912
-71.5773
-71.5637
-71.5501
-71.5368
-71.5236
-71.5106
-71.4977
-71.485
-71.4724
-71.46
-71.4478
-71.4357
-71.4237
-71.4119
-71.4003
-71.3887
-71.3774
-71.3661
-71.355
-71.3441
-71.3333
-71.3226
-71.3121
-71.3017
-71.2914
-71.2813
-71.2713
-71.2614
-71.2517
-71.2421
-71.2326
-71.2232
-71.214
-71.2048
-71.1958
-71.1869
-71.1782
-71.1695
-71.161
-71.1525
-71.1442
-71.136
-71.1279
-71.1199
-71.112
-71.1042
-71.0965
-71.0889
-71.0814
-71.074
-71.0667
-71.0595
-71.0525
-71.0455
-71.0385
-71.0317
-71.025
-71.0184
-71.0118
-71.0054
-70.999
-70.9928
-70.9866
-70.9805
-70.9744
-70.9685
-70.9626
-70.9569
-70.9512
-70.9455
-70.94
-70.9345
-70.9292
-70.9238
-70.9186
-70.9134
-70.9084
-70.9033
-70.8984
-70.8935
-70.8887
-70.884
-70.8793
-70.8747
-70.8701
-70.8657
-70.8613
-70.8569
-70.8526
-70.8484
-70.8442
-70.8401
-70.8361
-70.8321
-70.8282
-70.8243
-70.8205
-70.8168
-70.8131
-70.8094
-70.8059
-70.8023
-70.7989
-70.7954
-70.792
-70.7887
-70.7855
-70.7822
-70.7791
-70.7759
-70.7729
-70.7698
-70.7668
-70.7639
-70.761
-70.7582
-70.7554
-70.7526
-70.7499
-70.7472
-70.7446
-70.742
-70.7395
-70.737
-70.7345
-70.7321
-70.7297
-70.7273
-70.725
-70.7228
-70.7205
-70.7183
-70.7162
-70.714
-70.7119
-70.7099
-70.7079
-70.7059
-70.7039
-70.702
-70.7001
-70.6983
-70.6964
-70.6947
-70.6929
-70.6912
-70.6895
-70.6878
-70.6862
-70.6845
-70.683
-70.6814
-70.6799
-70.6784
-70.6769
-70.6755
-70.674
-70.6726
-70.6713
-70.6699
-70.6686
-70.6673
-70.6661
-70.6648
-70.6636
-70.6624
-70.6612
-70.6601
-70.6589
-70.6578
-70.6568
-70.6557
-70.6546
-70.6536
-70.6526
-70.6516
-70.6507
-70.6497
-70.6488
-70.6479
-70.647
-70.6462
-70.6453
-70.6445
-70.6437
-70.6429
-70.6421
-70.6414
-70.6406
-70.6399
-70.6392
-70.6385
-70.6378
-70.6372
-70.6365
-70.6359
-70.6353
-70.6347
-70.6341
-70.6335
-70.6329
-70.6324
-70.6319
-70.6314
-70.6309
-70.6304
-70.6299
-70.6294
-70.629
-70.6285
-70.6281
-70.6277
-70.6273
-70.6269
-70.6265
-70.6261
-70.6258
-70.6254
-70.6251
-70.6248
-70.6244
-70.6241
-70.6238
-70.6236
-70.6233
-70.623
-70.6228
-70.6225
-70.6223
-70.622
-70.6218
-70.6216
-70.6214
-70.6212
-70.621
-70.6208
-70.6207
-70.6205
-70.6203
-70.6202
-70.62
-70.6199
-70.6198
-70.6197
-70.6196
-70.6194
-70.6193
-70.6193
-70.6192
-70.6191
-70.619
-70.6189
-70.6189
-70.6188
-70.6188
-70.6187
-70.6187
-70.6187
-70.6186
-70.6186
-70.6186
-70.6186
-70.6186
-70.6186
-70.6186
-70.6186
-70.6186
-70.6186
-70.6186
-70.6187
-70.6187
-70.6187
-70.6188
-70.6188
-70.6188
-70.6189
-70.6189
-70.619
-70.6191
-70.6191
-70.6192
-70.6193
-70.6193
-70.6194
-70.6195
-70.6196
-70.6197
-70.6198
-70.6198
-70.6199
-70.62
-70.6201
-70.6202
-70.6204
-70.6205
-70.6206
-70.6207
-70.6208
-70.6209
-70.621
-70.6212
-70.6213
-70.6214
-70.6216
-70.6217
-70.6218
-70.622
-70.6221
-70.6222
-70.6224
-70.6225
-70.6227
-70.6228
-70.6229
-70.6231
-70.6232
-70.6234
-70.6236
-70.6237
-70.6239
-70.624
-70.6242
-70.6243
-70.6245
-70.6247
-70.6248
-70.625
-70.6251
-70.6253
-70.6255
-70.6256
-70.6258
-70.626
-70.6262
-70.6263
-70.6265
-70.6267
-70.6268
-70.627
-70.6272
-70.6274
-70.6275
-70.6277
-70.6279
-70.6281
-70.6282
-70.6284
-70.6286
-70.6288
-70.629
-70.6291
-70.6293
-70.6295
-70.6297
-70.6298
-70.63
-70.6302
-70.6304
-70.6306
-70.6307
-70.6309
-70.6311
-70.6313
-70.6315
-70.6316
-70.6318
-70.632
-70.6322
-70.6324
-70.6325
-70.6327
-70.6329
-70.6331
-70.6333
-70.6334
-70.6336
-70.6338
-70.634
-70.6342
-70.6343
-70.6345
-70.6347
-70.6349
-70.635
-70.6352
-70.6354
-70.6356
-70.6357
-70.6359
-70.6361
-70.6363
-70.6364
-70.6366
-70.6368
-70.637
-70.6371
-70.6373
-70.6375
-70.6377
-70.6378
-70.638
-70.6382
-70.6383
-70.6385
-70.6387
-70.6388
-70.639
-70.6392
-70.6393
-70.6395
-70.6397
-70.6398
-70.64
-70.6402
-70.6403
-70.6405
-70.6406
-70.6408
-70.641
-70.6411
-70.6413
-70.6414
-70.6416
-70.6418
-70.6419
-70.6421
-70.6422
-70.6424
-70.6425
-70.6427
-70.6428
-70.643
-70.6431
-70.6433
-70.6434
-70.6436
-70.6437
-70.6439
-70.644
-70.6442
-70.6443
-70.6445
-70.6446
-70.6448
-70.6449
-70.645
-70.6452
-70.6453

