-70
-70.1661
-70.23
-70.2566
-70.2695
-70.2773
-70.283
-70.2879
-70.2925
-70.297
-70.3014
-70.3057
-70.31
-70.3142
-70.3185
-70.3226
-70.3268
-70.3309
-70.335
-70.3391
-70.3431
-70.3471
-70.351
-70.3549
-70.3588
-70.3626
-70.3664
-70.3701
-70.3738
-70.3775
-70.3811
-70.3847
-70.3883
-70.3918
-70.3953
-70.3987
-70.4021
-70.4055
-70.4088
-70.4121
-70.4154
-70.4186
-70.4218
-70.4249
-70.428
-70.4311
-70.4341
-70.4372
-70.4401
-70.4431
-70.446
-70.4489
-70.4517
-70.4545
-70.4573
-70.4601
-70.4628
-70.4655
-70.4682
-70.4708
-70.4734
-70.476
-70.4785
-70.481
-70.4835
-70.486
-70.4884
-70.4908
-70.4932
-70.4955
-70.4978
-70.5001
-70.5024
-70.5046
-70.5068
-70.509
-70.5112
-70.5133
-70.5154
-70.5175
-70.5196
-70.5216
-70.5236
-70.5256
-70.5276
-70.5295
-70.5315
-70.5334
-70.5352
-70.5371
-70.5389
-70.5407
-70.5425
-70.5443
-70.5461
-70.5478
-70.5495
-70.5512
-70.5528
-70.5545
-70.5561
-70.5577
-70.5593
-70.5609
-70.5624
-70.5639
-70.5655
-70.5669
-70.5684
-70.5699
-70.5713
-70.5727
-70.5741
-70.5755
-70.5769
-70.5782
-70.5796
-70.5809
-70.5822
-70.5835
-70.5848
-70.586
-70.5873
-70.5885
-70.5897
-70.5909
-70.5921
-70.5932
-70.5944
-70.5955
-70.5966
-70.5977
-70.5988
-70.5999
-70.601
-70.602
-70.603
-70.6041
-70.6051
-70.6061
-70.6071
-70.608
-70.609
-70.6099
-70.6109
-70.6118
-70.6127
-70.6136
-70.6145
-70.6154
-70.6162
-70.6171
-70.6179
-70.6187
-70.6196
-70.6204
-70.6212
-70.622
-70.6227
-70.6235
-70.6242
-70.625
-70.6257
-70.6265
-70.6272
-70.6279
-70.6286
-70.6293
-70.6299
-70.6306
-70.6313
-70.6319
-70.6325
-70.6332
-70.6338
-70.6344
-70.635
-70.6356
-70.6362
-70.6368
-70.6374
-70.6379
-70.6385
-70.639
-70.6396
-70.6401
-70.6406
-70.6411
-70.6417
-70.6422
-70.6427
-70.6431
-70.6436
-70.6441
-70.6446
-70.645
-70.6455
-70.6459
-70.6464
-70.6468
-70.6472
-70.6476
-70.6481
-70.6485
-70.6489
-70.6493
-70.6497
-70.65
-70.6504
-70.6508
-70.6512
-70.6515
-70.6519
-70.6522
-70.6526
-70.6529
-70.6533
-70.6536
-70.6539
-70.6542
-70.6545
-70.6549
-70.6552
-70.6555
-70.6558
-70.656
-70.6563
-70.6566
-70.6569
-70.6572
-70.6574
-70.6577
-70.658
-70.6582
-70.6585
-70.6587
-70.6589
-70.6592
-70.6594
-70.6597
-70.6599
-70.6601
-70.6603
-70.6605
-70.6607
-70.661
-70.6612
-70.6614
-70.6616
-70.6617
-70.6619
-70.6621
-70.6623
-70.6625
-70.6627
-70.6628
-70.663
-70.6632
-70.6633
-70.6635
-70.6637
-70.6638
-70.664
-70.6641
-70.6643
-70.6644
-70.6646
-70.6647
-70.6648
-70.665
-70.6651
-70.6652
-70.6653
-70.6655
-70.6656
-70.6657
-70.6658
-70.6659
-70.666
-70.6662
-70.6663
-70.6664
-70.6665
-70.6666
-70.6667
-70.6668
-70.6669
-70.667
-70.667
-70.6671
-70.6672
-70.6673
-70.6674
-70.6675
-70.6675
-70.6676
-70.6677
-70.6678
-70.6678
-70.6679
-70.668
-70.668
-70.6681
-70.6682
-70.6682
-70.6683
-70.6683
-70.6684
-70.6685
-70.6685
-70.6686
-70.6686
-70.6687
-70.6687
-70.6688
-70.6688
-70.6688
-70.6689
-70.6689
-70.669
-70.669
-70.669
-70.6691
-70.6691
-70.6691
-70.6692
-70.6692
-70.6692
-70.6693
-70.6693
-70.6693
-70.6694
-70.6694
-70.6694
-70.6694
-70.6694
-70.6695
-70.6695
-70.6695
-70.6695
-70.6695
-70.6696
-70.6696
-70.6696
-70.6696
-70.6696
-70.6696
-70.6696
-70.6697
-70.6697
-70.6697
-70.6697
-70.6697
-70.6697
-70.6697
-70.6697
-70.6697
-70.6697
-70.6697
-70.6697
-70.6697
-70.6697
-70.6697
-70.6697
-70.6697
-70.6697
-70.6697
-70.6697
-70.6697
-70.6697
-70.6697
-70.6697
-70.6697
-70.6697
-70.6697
-70.6697
-70.6697
-70.6697
-70.6697
-70.6697
-70.6697
-70.6697
-70.6697
-70.6696
-70.6696
-70.6696
-70.6696
-70.6696
-70.6696
-70.6696
-70.6696
-70.6696
-70.6695
-70.6695
-70.6695
-70.6695
-70.6695
-70.6695
-70.6695
-70.6695
-70.6694
-70.6694
-70.6694
-70.6694
-70.6694
-70.6694
-70.6693
-70.6693
-70.6693
-70.6693
-70.6693
-70.6693
-70.6693
-70.6692
-70.6692
-70.6692
-70.6692
-70.6692
-70.6691
-70.6691
-70.6691
-70.6691
-70.6691
-70.6691
-70.669
-70.669
-70.669
-70.669
-70.669
-70.6689
-70.6689
-70.6689
-70.6689
-70.6689
-70.6688
-70.6688
-70.6688
-70.6688
-70.6688
-70.6687
-70.6687
-70.6687
-70.6687
-70.6686
-70.6686
-70.6686
-70.6686
-70.6686
-70.6685
-70.6685
-70.6685
-70.6685
-70.6685
-70.6684
-70.6684
-70.6684
-70.6684
-70.6684
-70.6683
-70.6683
-70.6683
-70.6683
-70.6682
-70.6682
-70.6682
-70.6682
-70.6682
-70.6681
-70.6681
-70.6681
-70.6681
-70.6681
-70.68
-70.8737
-71.5832
-72.5516
-63.4473
-53.6576
-50.9561
-49.1758
-46.7223
-35.6133
-8.44858
-36.4645
-67.0689
-68.5986
-67.5962
-66.5258
-65.4357
-64.3442
-63.269
-62.2267
-61.2322
-60.298
-59.4323
-58.5984
-57.8363
-57.1645
-56.5762
-56.0664
-55.6257
-55.2448
-54.9166
-54.6368
-54.4015
-54.2077
-54.0488
-53.9174
-53.8086
-53.719
-53.6459
-53.5875
-53.5421
-53.507
-53.4794
-53.4569
-53.4391
-53.4245
-53.4128
-53.4045
-53.3991
-53.3958
-53.3936
-53.3911
-53.3898
-53.3887
-53.3867
-53.3851
-53.3849
-53.3857
-53.3871
-53.389
-53.3911
-53.3918
-53.392
-53.3928
-53.3942
-53.3947
-53.3925
-53.3915
-53.3918
-53.3928
-53.3942
-53.3959
-53.3977
-53.3995
-53.4014
-53.4034
-53.4022
-53.4006
-53.3999
-53.3998
-53.4
-53.4001
-53.3994
-53.3962
-53.3923
-53.3891
-53.3856
-53.3789
-53.3511
-53.1856
-53.1528
-53.1899
-53.2316
-53.2643
-53.2872
-53.3026
-53.313
-53.3207
-53.3272
-53.3471
-53.3679
-53.3798
-53.3873
-53.3936
-53.4004
-53.4084
-53.4178
-53.4285
-53.4404
-53.453
-53.4485
-53.4444
-53.4447
-53.4461
-53.4395
-53.4363
-53.4367
-53.4397
-53.4443
-53.45
-53.4569
-53.4646
-53.4733
-53.483
-53.4936
-53.5053
-53.5181
-53.5322
-53.5475
-53.5642
-53.5824
-53.5838
-53.5154
-53.4802
-53.4686
-53.4683
-53.4735
-53.4816
-53.4915
-53.5027
-53.515
-53.5285
-53.5431
-53.5588
-53.5758
-53.5942
-53.5717
-53.4996
-53.4679
-53.4586
-53.4595
-53.4651
-53.4721
-53.454
-53.4414
-53.4378
-53.4394
-53.4436
-53.4492
-53.4558
-53.4631
-53.471
-53.4795
-53.4885
-53.4983
-53.5088
-53.5201
-53.5323
-53.5455
-53.5598
-53.5479
-53.4829
-53.4533
-53.4445
-53.4448
-53.4491
-53.4554
-53.4629
-53.4712
-53.4802
-53.4898
-53.5001
-53.5112
-53.5236
-53.5371
-53.5516
-53.567
-53.5835
-53.6014
-53.6207
-53.5233
-53.4563
-53.4341
-53.4301
-53.4335
-53.4399
-53.4474
-53.4557
-53.4645
-53.4738
-53.4542
-53.435
-53.4279
-53.4272
-53.4297
-53.434
-53.4391
-53.4448
-53.4509
-53.4574
-53.4644
-53.4718
-53.4799
-53.4885
-53.4978
-53.5082
-53.4944
-53.4517
-53.4333
-53.428
-53.4285
-53.4316
-53.436
-53.4412
-53.4469
-53.4532
-53.4599
-53.4677
-53.4763
-53.4853
-53.4948
-53.5045
-53.5142
-53.5242
-53.5348
-53.546
-53.5579
-53.5701
-53.5833
-53.599
-53.6151
-53.6307
-53.6457
-53.5588
-53.435
-53.3975
-53.3895
-53.3906
-53.3938
-53.3968
-53.3987
-53.3994
-53.3975
-53.3907
-53.3746
-53.3335
-53.1238
-52.2559
-52.0982
-52.2721
-52.8416
-53.1904
-53.3225
-53.3686
-53.3829
-53.3853
-53.3843
-53.3832
-53.3879
-53.4079
-53.4184
-53.4235
-53.4275
-53.4326
-53.4391
-53.4468
-53.4559
-53.4666
-53.4794
-53.494
-53.5104
-53.5284
-53.5484
-53.5704
-53.595
-53.5407
-53.4921
-53.4741
-53.4712
-53.4755
-53.4837
-53.4941
-53.5063
-53.52
-53.5351
-53.5517
-53.5702
-53.5908
-53.6129
-53.6366
-53.6622
-53.6899
-53.72
-53.7531
-53.7927
-53.8402
-53.8934
-53.9527
-54.0153
-54.08
-54.1483
-54.2207
-54.3017
-54.399
-54.5154
-54.6487
-54.7918
-54.9408
-55.094
-55.2501
-55.4138
-55.5869
-55.7772
-55.9985
-56.2513
-56.5276
-56.8179
-57.1177
-56.4609
-53.7417
-53.1084
-53.0146
-53.0621
-53.1424
-53.2236
-53.2975
-53.3631
-53.4212
-53.4735
-53.5209
-53.565
-53.6071
-53.6485
-53.6911
-53.7366
-53.7858
-53.8391
-53.8954
-53.9545
-54.0164
-54.081
-54.1494
-54.2228
-54.3035
-54.3949
-54.4986
-54.6143
-54.7429
-54.8803
-55.0257
-55.1788
-55.3385
-55.5071
-55.6873
-55.8858
-56.1084
-56.3556
-56.6275
-56.9236
-57.2375
-57.5614
-57.8933
-58.2314
-58.5776
-58.9379
-59.3231
-59.7412
-60.1836
-60.6557
-61.1483
-61.6574
-62.17
-62.6687
-63.1612
-63.6436
-64.1186
-64.5936
-65.0938
-65.5991
-66.1082
-66.6165
-67.1162
-67.6077
-68.075
-68.5038
-68.9067
-69.2863
-69.6389
-69.9793
-70.3196
-70.6481
-70.9628
-71.2653
-71.5522
-71.821
-72.0705
-72.2917
-72.4893
-72.6694
-72.8311
-72.9813
-73.1285
-73.2669
-73.3957
-73.518
-73.6341
-73.7403
-73.837
-73.9237
-73.9976
-74.0604
-74.1157
-74.1666
-74.2155
-74.2633
-74.3068
-74.3458
-74.3864
-74.4261
-74.4603
-74.4907
-74.5175
-74.5394
-74.5548
-74.5685
-74.5809
-74.595
-74.6085
-74.6199
-74.6292
-74.64
-74.6535
-74.6653
-74.675
-74.6829
-74.6893
-74.6929
-74.6946
-74.6958
-74.6984
-74.7024
-74.7051
-74.7057
-74.7061
-74.71
-74.7162
-74.7206
-74.7234
-74.7243
-74.725
-74.7253
-74.7242
-74.7223
-74.7209
-74.7209
-74.72
-74.7178
-74.7151
-74.7162
-74.7205
-74.7241
-74.7248
-74.724
-74.7229
-74.7241
-74.7244
-74.7229
-74.7204
-74.7184
-74.7175
-74.7155
-74.7116
-74.7089
-74.7087
-74.7123
-74.7162
-74.7176
-74.7159
-74.7127
-74.7104
-74.7118
-74.7111
-74.708
-74.706
-74.7036
-74.7033
-74.7019
-74.6976
-74.6937
-74.6938
-74.6981
-74.704
-74.7065
-74.7052
-74.7024
-74.6988
-74.697
-74.6973
-74.6944
-74.6919
-74.6904
-74.6897
-74.6891
-74.6864
-74.6829
-74.6798
-74.6786
-74.6829
-74.6883
-74.6906
-74.6907
-74.6875
-74.6826
-74.6784
-74.6773
-74.6759
-74.6737
-74.6718
-74.6708
-74.6704
-74.6691
-74.6681
-74.6672
-74.6662
-74.6667
-74.6681
-74.6736
-74.6773
-74.6776
-74.6736
-74.6678
-74.663
-74.6594
-74.6575
-74.6573
-74.6543
-74.6511
-74.6503
-74.6496
-74.6476
-74.6465
-74.6466
-74.6465
-74.6486
-74.651
-74.6547
-74.6572
-74.6569
-74.6544
-74.65
-74.6447
-74.6379
-74.6333
-74.6318
-74.6312
-74.6307
-74.6302
-74.6309
-74.6312
-74.6296
-74.6269
-74.6251
-74.6263
-74.6316
-74.6354
-74.6359
-74.6394
-74.641
-74.6388
-74.6335
-74.6278
-74.6198
-74.6105
-74.6053
-74.6041
-74.6034
-74.6022
-74.6039
-74.6061
-74.6079
-74.6085
-74.6059
-74.6017
-74.5981
-74.5963
-74.6001
-74.6064
-74.6105
-74.6145
-74.618
-74.6166
-74.6116
-74.6051
-74.5948
-74.5829
-74.5734
-74.5669
-74.5659
-74.569
-74.5727
-74.5775
-74.583
-74.588
-74.5896
-74.5874
-74.5859
-74.5823
-74.577
-74.5724
-74.5696
-74.5737
-74.5778
-74.5792
-74.5832
-74.5867
-74.5872
-74.583
-74.5735
-74.5608
-74.5502
-74.5397
-74.5286
-74.5201
-74.5207
-74.5286
-74.5354
-74.5415
-74.5482
-74.5533
-74.5593
-74.5617
-74.5579
-74.5503
-74.5421
-74.5369
-74.5341
-74.5348
-74.5361
-74.5331
-74.5305
-74.5307
-74.5339
-74.5382
-74.5393
-74.5342
-74.5256
-74.5157
-74.5037
-74.4942
-74.4879
-74.4838
-74.4829
-74.4876
-74.4927
-74.4971
-74.506
-74.5169
-74.5233
-74.5256
-74.5227
-74.5185
-74.5131
-74.505
-74.4961
-74.497
-74.497
-74.4925
-74.4896
-74.4881
-74.4821
-74.4746
-74.473
-74.4749
-74.4753
-74.4733
-74.4722
-74.4695
-74.4649
-74.4596
-74.4508
-74.4416
-74.4344
-74.4339
-74.438
-74.4407
-74.4457
-74.4525
-74.4579
-74.4614
-74.4604
-74.4571
-74.4516
-74.4444
-74.4389
-74.4339
-74.4314
-74.4332
-74.4341
-74.436
-74.4336
-74.4268
-74.4223
-74.4184
-74.4156
-74.4098
-74.4058
-74.4048
-74.4006
-74.3963
-74.3906
-74.3831
-74.3823
-74.3888
-74.3892
-74.3859
-74.3851
-74.3854
-74.3854
-74.3806
-74.3809
-74.3818
-74.3815
-74.3841
-74.3812
-74.3749
-74.3739
-74.3771
-74.3756
-74.375
-74.3722
-74.3667
-74.3567
-74.3492
-74.3462
-74.3432
-74.3388
-74.3327
-74.3259
-74.3248
-74.3283
-74.3326
-74.3339
-74.3298
-74.3236
-74.3162
-74.3161
-74.3211
-74.3233
-74.32
-74.3123
-74.3037
-74.2997
-74.3002
-74.3009
-74.3018
-74.3014
-74.2967
-74.294
-74.2973
-74.2974
-74.2983
-74.2988
-74.2952
-74.2916
-74.2887
-74.2867
-74.2853
-74.2834
-74.2769
-74.2639
-74.2533
-74.2467
-74.2373
-74.2338
-74.2302
-74.2275
-74.2301
-74.2304
-74.2275
-74.2223
-74.2115
-74.2008
-74.1949
-74.1898
-74.1799
-74.1636
-74.1463
-74.1338
-74.1341
-74.136
-74.1382
-74.14
-74.1401
-74.1342
-74.1282
-74.1294
-74.1306
-74.1308
-74.1342
-74.1395
-74.1443
-74.1529
-74.1645
-74.1728
-74.1748
-74.1722
-74.1687
-74.1709
-74.1755
-74.1803
-74.1795
-74.1731
-74.1644
-74.1632
-74.16
-74.1532
-74.1455
-74.1373
-74.1306
-74.1295
-74.1282
-74.1227
-74.1111
-74.1003
-74.0949
-74.0895
-74.0803
-74.0689
-74.056
-74.0401
-74.0258
-74.0124
-74.0018
-73.9926
-73.9832
-73.9756
-73.9764
-73.9847
-73.9922
-73.9978
-74.0064
-74.0132
-74.0159
-74.0117
-74.0075
-74.0006
-73.9913
-73.9784
-73.9648
-73.9515
-73.9383
-73.9287
-73.9174
-73.909
-73.9031
-73.8919
-73.8764
-73.8608
-73.8451
-73.8297
-73.8238
-73.8237
-73.8197
-73.8197
-73.8214
-73.8167
-73.8197
-73.8361
-73.8511
-73.8566
-73.8522
-73.845
-73.8468
-73.8495
-73.849
-73.8426
-73.8389
-73.8358
-73.833
-73.8378
-73.8428
-73.8471
-73.8519
-73.8641
-73.8776
-73.8891
-73.898
-73.9082
-73.9115
-73.9138
-73.9125
-73.9087
-73.9034
-73.8926
-73.8779
-73.8699
-73.8697
-73.8769
-73.878
-73.8759
-73.8742
-73.8754
-73.8727
-73.8623
-73.8456
-73.8245
-73.8031
-73.7891
-73.7751
-73.7566
-73.7374
-73.7264
-73.7204
-73.7141
-73.7097
-73.7056
-73.701
-73.6919
-73.6827
-73.6696
-73.6515
-73.6295
-73.6047
-73.5804
-73.5609
-73.5401
-73.5209
-73.5112
-73.5025
-73.5024
-73.5016
-73.4934
-73.4821
-73.4724
-73.4656
-73.468
-73.4733
-73.4779
-73.4765
-73.4676
-73.4595
-73.4505
-73.444
-73.4353
-73.4245
-73.4232
-73.428
-73.4289
-73.4247
-73.4208
-73.4118
-73.3972
-73.3784
-73.3565
-73.3325
-73.3069
-73.2803
-73.2528
-73.2247
-73.1962
-73.1674
-73.1386
-73.1184
-73.1019
-73.0832
-73.0617
-73.0451
-73.0333
-73.0187
-73.0005
-72.9867
-72.982
-72.9826
-72.9783
-72.9679
-72.9613
-72.9567
-72.9474
-72.9448
-72.9549
-72.9597
-72.9563
-72.9462
-72.9316
-72.9138
-72.8939
-72.8723
-72.8497
-72.8331
-72.8243
-72.8134
-72.7988
-72.7811
-72.7612
-72.7398
-72.7174
-72.6944
-72.6709
-72.6471
-72.6231
-72.599
-72.5749
-72.5508
-72.5268
-72.5028
-72.479
-72.4553
-72.4318
-72.4085
-72.3854
-72.3624
-72.3397
-72.3172
-72.2949
-72.2728
-72.251
-72.2294
-72.208
-72.1868
-72.1659
-72.1451
-72.1247
-72.1101
-72.1098
-72.1091
-72.104
-72.1022
-72.1278
-72.1532
-72.1678
-72.1728
-72.171
-72.1646
-72.1548
-72.1429
-72.1294
-72.1147
-72.0992
-72.0831
-72.0666
-72.0498
-72.0328
-72.0156
-71.9984
-71.9811
-71.9638
-71.9466
-71.9294
-71.9124
-71.8954
-71.8785
-71.8618
-71.8452
-71.8288
-71.8125
-71.7964
-71.7804
-71.7646
-71.7489
-71.7334
-71.7181
-71.703
-71.688
-71.6732
-71.6585
-71.644
-71.6297
-71.6156
-71.6016
-71.5878
-71.5741
-71.5606
-71.5473
-71.5341
-71.5211
-71.5083
-71.4956
-71.483
-71.4706
-71.4584
-71.4463
-71.4343
-71.4225
-71.4109
-71.3993
-71.388
-71.3767
-71.3657
-71.3547
-71.3439
-71.3332
-71.3227
-71.3123
-71.302
-71.2919
-71.2819
-71.272
-71.2622
-71.2526
-71.2431
-71.2337
-71.2245
-71.2153
-71.2063
-71.1974
-71.1886
-71.1799
-71.1713
-71.1629
-71.1545
-71.1463
-71.1382
-71.1301
-71.1222
-71.1144
-71.1067
-71.0991
-71.0916
-71.0842
-71.0768
-71.0696
-71.0625
-71.0555
-71.0485
-71.0417
-71.0349
-71.0283
-71.0217
-71.0152
-71.0088
-71.0025
-70.9963
-70.9902
-70.9841
-70.9781
-70.9722
-70.9664
-70.9607
-70.9551
-70.9495
-70.944
-70.9386
-70.9332
-70.9279
-70.9227
-70.9176
-70.9125
-70.9076
-70.9026
-70.8978
-70.893
-70.8883
-70.8837
-70.8791
-70.8746
-70.8701
-70.8657
-70.8614
-70.8571
-70.8529
-70.8488
-70.8447
-70.8407
-70.8367
-70.8328
-70.829
-70.8252
-70.8215
-70.8178
-70.8142
-70.8106
-70.8071
-70.8036
-70.8002
-70.7968
-70.7935
-70.7902
-70.787
-70.7838
-70.7807
-70.7777
-70.7746
-70.7716
-70.7687
-70.7658
-70.763
-70.7602
-70.7574
-70.7547
-70.752
-70.7494
-70.7468
-70.7443
-70.7418
-70.7393
-70.7369
-70.7345
-70.7321
-70.7298
-70.7275
-70.7253
-70.7231
-70.7209
-70.7188
-70.7167
-70.7147
-70.7126
-70.7106
-70.7087
-70.7067
-70.7048
-70.703
-70.7011
-70.6993
-70.6976
-70.6958
-70.6941
-70.6924
-70.6908
-70.6892
-70.6876
-70.686
-70.6845
-70.683
-70.6815
-70.68
-70.6786
-70.6772
-70.6758
-70.6744
-70.6731
-70.6718
-70.6705
-70.6693
-70.668
-70.6668
-70.6656
-70.6645
-70.6633
-70.6622
-70.6611
-70.66
-70.659
-70.6579
-70.6569
-70.6559
-70.6549
-70.654
-70.653
-70.6521
-70.6512
-70.6503
-70.6495
-70.6486
-70.6478
-70.647
-70.6462
-70.6454
-70.6446
-70.6439
-70.6432
-70.6425
-70.6418
-70.6411
-70.6404
-70.6398
-70.6391
-70.6385
-70.6379
-70.6373
-70.6368
-70.6362
-70.6356
-70.6351
-70.6346
-70.6341
-70.6336
-70.6331
-70.6326
-70.6322
-70.6317
-70.6313
-70.6309
-70.6305
-70.6301
-70.6297
-70.6293
-70.6289
-70.6286
-70.6282
-70.6279
-70.6276
-70.6272
-70.6269
-70.6266
-70.6263
-70.6261
-70.6258
-70.6255
-70.6253
-70.6251
-70.6248
-70.6246
-70.6244
-70.6242
-70.624
-70.6238
-70.6236
-70.6234
-70.6233
-70.6231
-70.6229
-70.6228
-70.6227
-70.6225
-70.6224
-70.6223
-70.6222
-70.6221
-70.622
-70.6219
-70.6218
-70.6217
-70.6216
-70.6216
-70.6215
-70.6215
-70.6214
-70.6214
-70.6213
-70.6213
-70.6213
-70.6212
-70.6212
-70.6212
-70.6212
-70.6212
-70.6212
-70.6212
-70.6212
-70.6212
-70.6212
-70.6212
-70.6213
-70.6213
-70.6213
-70.6214
-70.6214
-70.6214
-70.6215
-70.6215
-70.6216
-70.6217
-70.6217
-70.6218
-70.6219
-70.6219
-70.622
-70.6221
-70.6222
-70.6222
-70.6223
-70.6224
-70.6225
-70.6226
-70.6227
-70.6228
-70.6229
-70.623
-70.6231
-70.6232
-70.6233
-70.6234
-70.6235
-70.6237
-70.6238
-70.6239
-70.624
-70.6242
-70.6243
-70.6244
-70.6245
-70.6247
-70.6248
-70.6249
-70.6251
-70.6252
-70.6253
-70.6255
-70.6256
-70.6258
-70.6259
-70.6261
-70.6262
-70.6264
-70.6265
-70.6267
-70.6268
-70.627
-70.6271
-70.6273
-70.6274
-70.6276
-70.6277
-70.6279
-70.6281
-70.6282
-70.6284
-70.6285
-70.6287
-70.6289
-70.629
-70.6292
-70.6294
-70.6295
-70.6297
-70.6298
-70.63
-70.6302
-70.6303
-70.6305
-70.6307
-70.6308
-70.631
-70.6312
-70.6314
-70.6315
-70.6317
-70.6319
-70.632
-70.6322
-70.6324
-70.6325
-70.6327
-70.6329
-70.633
-70.6332
-70.6334
-70.6336
-70.6337
-70.6339
-70.6341
-70.6342
-70.6344
-70.6346
-70.6347
-70.6349
-70.6351
-70.6353
-70.6354
-70.6356
-70.6358
-70.6359
-70.6361
-70.6363
-70.6364
-70.6366
-70.6368
-70.6369
-70.6371
-70.6373
-70.6374
-70.6376
-70.6378
-70.6379
-70.6381
-70.6382
-70.6384
-70.6386
-70.6387
-70.6389
-70.6391
-70.6392
-70.6394
-70.6395
-70.6397
-70.6399
-70.64
-70.6402
-70.6403
-70.6405
-70.6406
-70.6408
-70.641
-70.6411
-70.6413
-70.6414
-70.6416
-70.6417
-70.6419
-70.642
-70.6422
-70.6423
-70.6425
-70.6426
-70.6428
-70.6429
-70.6431
-70.6432
-70.6434
-70.6435
-70.6437
-70.6438
-70.644
-70.6441
-70.6442
-70.6444
-70.6445
-70.6447
-70.6448
-70.645
-70.6451
-70.6452
-70.6454
-70.6455
-70.6456
-70.6458
-70.6459

