-70
-70.1661
-70.23
-70.2566
-70.2695
-70.2773
-70.283
-70.2879
-70.2925
-70.297
-70.3014
-70.3057
-70.31
-70.3142
-70.3185
-70.3226
-70.3268
-70.3309
-70.335
-70.3391
-70.3431
-70.3471
-70.351
-70.3549
-70.3588
-70.3626
-70.3664
-70.3701
-70.3738
-70.3775
-70.3811
-70.3847
-70.3883
-70.3918
-70.3953
-70.3987
-70.4021
-70.4055
-70.4088
-70.4121
-70.4154
-70.4186
-70.4218
-70.4249
-70.428
-70.4311
-70.4341
-70.4372
-70.4401
-70.4431
-70.446
-70.4489
-70.4517
-70.4545
-70.4573
-70.4601
-70.4628
-70.4655
-70.4682
-70.4708
-70.4734
-70.476
-70.4785
-70.481
-70.4835
-70.486
-70.4884
-70.4908
-70.4932
-70.4955
-70.4978
-70.5001
-70.5024
-70.5046
-70.5068
-70.509
-70.5112
-70.5133
-70.5154
-70.5175
-70.5196
-70.5216
-70.5236
-70.5256
-70.5276
-70.5295
-70.5315
-70.5334
-70.5352
-70.5371
-70.5389
-70.5407
-70.5425
-70.5443
-70.5461
-70.5478
-70.5495
-70.5512
-70.5528
-70.5545
-70.5561
-70.5577
-70.5593
-70.5609
-70.5624
-70.5639
-70.5655
-70.5669
-70.5684
-70.5699
-70.5713
-70.5727
-70.5741
-70.5755
-70.5769
-70.5782
-70.5796
-70.5809
-70.5822
-70.5835
-70.5848
-70.586
-70.5873
-70.5885
-70.5897
-70.5909
-70.5921
-70.5932
-70.5944
-70.5955
-70.5966
-70.5977
-70.5988
-70.5999
-70.601
-70.602
-70.603
-70.6041
-70.6051
-70.6061
-70.6071
-70.608
-70.609
-70.6099
-70.6109
-70.6118
-70.6127
-70.6136
-70.6145
-70.6154
-70.6162
-70.6171
-70.6179
-70.6187
-70.6196
-70.6204
-70.6212
-70.622
-70.6227
-70.6235
-70.6242
-70.625
-70.6257
-70.6265
-70.6272
-70.6279
-70.6286
-70.6293
-70.6299
-70.6306
-70.6313
-70.6319
-70.6325
-70.6332
-70.6338
-70.6344
-70.635
-70.6356
-70.6362
-70.6368
-70.6374
-70.6379
-70.6385
-70.639
-70.6396
-70.6401
-70.6406
-70.6411
-70.6417
-70.6422
-70.6427
-70.6431
-70.6436
-70.6441
-70.6446
-70.645
-70.6455
-70.6459
-70.6464
-70.6468
-70.6472
-70.6476
-70.6481
-70.6485
-70.6489
-70.6493
-70.6497
-70.65
-70.6504
-70.6508
-70.6512
-70.6515
-70.6519
-70.6522
-70.6526
-70.6529
-70.6533
-70.6536
-70.6539
-70.6542
-70.6545
-70.6549
-70.6552
-70.6555
-70.6558
-70.656
-70.6563
-70.6566
-70.6569
-70.6572
-70.6574
-70.6577
-70.658
-70.6582
-70.6585
-70.6587
-70.6589
-70.6592
-70.6594
-70.6597
-70.6599
-70.6601
-70.6603
-70.6605
-70.6607
-70.661
-70.6612
-70.6614
-70.6616
-70.6617
-70.6619
-70.6621
-70.6623
-70.6625
-70.6627
-70.6628
-70.663
-70.6632
-70.6633
-70.6635
-70.6637
-70.6638
-70.664
-70.6641
-70.6643
-70.6644
-70.6646
-70.6647
-70.6648
-70.665
-70.6651
-70.6652
-70.6653
-70.6655
-70.6656
-70.6657
-70.6658
-70.6659
-70.666
-70.6662
-70.6663
-70.6664
-70.6665
-70.6666
-70.6667
-70.6668
-70.6669
-70.667
-70.667
-70.6671
-70.6672
-70.6673
-70.6674
-70.6675
-70.6675
-70.6676
-70.6677
-70.6678
-70.6678
-70.6679
-70.668
-70.668
-70.6681
-70.6682
-70.6682
-70.6683
-70.6683
-70.6684
-70.6685
-70.6685
-70.6686
-70.6686
-70.6687
-70.6687
-70.6688
-70.6688
-70.6688
-70.6689
-70.6689
-70.669
-70.669
-70.669
-70.6691
-70.6691
-70.6691
-70.6692
-70.6692
-70.6692
-70.6693
-70.6693
-70.6693
-70.6694
-70.6694
-70.6694
-70.6694
-70.6694
-70.6695
-70.6695
-70.6695
-70.6695
-70.6695
-70.6696
-70.6696
-70.6696
-70.6696
-70.6696
-70.6696
-70.6696
-70.6697
-70.6697
-70.6697
-70.6697
-70.6697
-70.6697
-70.6697
-70.6697
-70.6697
-70.6697
-70.6697
-70.6697
-70.6697
-70.6697
-70.6697
-70.6697
-70.6697
-70.6697
-70.6697
-70.6697
-70.6697
-70.6697
-70.6697
-70.6697
-70.6697
-70.6697
-70.6697
-70.6697
-70.6697
-70.6697
-70.6697
-70.6697
-70.6697
-70.6697
-70.6697
-70.6696
-70.6696
-70.6696
-70.6696
-70.6696
-70.6696
-70.6696
-70.6696
-70.6696
-70.6695
-70.6695
-70.6695
-70.6695
-70.6695
-70.6695
-70.6695
-70.6695
-70.6694
-70.6694
-70.6694
-70.6694
-70.6694
-70.6694
-70.6693
-70.6693
-70.6693
-70.6693
-70.6693
-70.6693
-70.6693
-70.6692
-70.6692
-70.6692
-70.6692
-70.6692
-70.6691
-70.6691
-70.6691
-70.6691
-70.6691
-70.6691
-70.669
-70.669
-70.669
-70.669
-70.669
-70.6689
-70.6689
-70.6689
-70.6689
-70.6689
-70.6688
-70.6688
-70.6688
-70.6688
-70.6688
-70.6687
-70.6687
-70.6687
-70.6687
-70.6686
-70.6686
-70.6686
-70.6686
-70.6686
-70.6685
-70.6685
-70.6685
-70.6685
-70.6685
-70.6684
-70.6684
-70.6684
-70.6684
-70.6684
-70.6683
-70.6683
-70.6683
-70.6683
-70.6682
-70.6682
-70.6682
-70.6682
-70.6682
-70.6681
-70.6681
-70.6681
-70.6681
-70.6681
-70.6798
-70.9107
-71.6753
-72.6116
-73.3644
-59.0514
-52.6043
-50.4166
-48.6325
-45.5603
-18.3943
-18.4647
-44.8615
-68.6761
-68.4565
-67.4391
-66.3817
-65.3114
-64.2463
-63.2039
-62.2011
-61.2532
-60.3735
-59.3089
-58.4367
-57.7025
-57.0646
-56.5083
-56.0269
-55.5999
-55.2042
-54.8779
-54.6103
-54.3914
-54.2134
-54.0692
-53.9314
-53.8171
-53.7297
-53.6631
-53.6126
-53.5748
-53.547
-53.5164
-53.4841
-53.4625
-53.4494
-53.4419
-53.4383
-53.4376
-53.439
-53.442
-53.4309
-53.4182
-53.4125
-53.4116
-53.4133
-53.4167
-53.4211
-53.4263
-53.432
-53.4381
-53.4446
-53.4443
-53.4257
-53.4156
-53.4126
-53.4132
-53.4158
-53.4194
-53.4235
-53.4281
-53.4328
-53.4377
-53.4428
-53.448
-53.4533
-53.4579
-53.4618
-53.4652
-53.4628
-53.4263
-53.407
-53.3989
-53.3951
-53.3918
-53.3868
-53.377
-53.3527
-53.2285
-52.6629
-52.5923
-52.7187
-52.8573
-52.966
-53.0423
-53.0934
-53.1282
-53.1539
-53.1757
-53.1975
-53.2219
-53.2514
-53.2888
-53.3371
-53.3989
-53.4747
-53.5626
-53.5349
-53.4926
-53.4778
-53.4751
-53.4786
-53.4859
-53.4957
-53.5077
-53.5218
-53.538
-53.5565
-53.5772
-53.6002
-53.6258
-53.654
-53.6851
-53.7193
-53.757
-53.7984
-53.8437
-53.8931
-53.9471
-54.0058
-54.0697
-54.1391
-54.2144
-54.2958
-54.3836
-54.4784
-54.5808
-54.6913
-54.8103
-54.9385
-55.0765
-55.225
-55.3841
-55.5538
-53.9182
-53.3378
-53.2214
-53.2306
-53.2716
-53.3175
-53.3609
-53.4004
-53.4362
-53.469
-53.4995
-53.5284
-53.5563
-53.5839
-53.6116
-53.6398
-53.6689
-53.6994
-53.7331
-53.7693
-53.8075
-53.848
-53.8914
-53.938
-53.9881
-54.042
-54.1014
-54.1688
-54.2424
-54.3217
-54.405
-54.4929
-54.5864
-54.6861
-54.7923
-54.9057
-55.0303
-55.1781
-55.3358
-55.5034
-55.6768
-55.8546
-56.0381
-56.229
-53.7713
-53.163
-53.066
-53.0987
-53.16
-53.2213
-53.276
-53.3234
-53.3643
-53.4001
-53.4318
-53.4605
-53.4871
-53.5128
-53.5387
-53.5649
-53.591
-53.6184
-53.6467
-53.6757
-53.706
-53.738
-53.7723
-53.809
-53.8506
-53.8971
-53.9491
-54.0038
-54.0642
-54.1299
-54.1989
-54.2713
-54.3477
-54.4291
-54.5159
-54.6146
-54.7224
-54.8425
-54.9702
-55.1022
-55.249
-55.4046
-55.5634
-55.7262
-55.8945
-56.069
-56.2568
-56.4649
-56.681
-56.9154
-57.1519
-57.3868
-57.6408
-57.9016
-53.8345
-52.9224
-52.7884
-52.8481
-52.9499
-53.0495
-53.1358
-53.208
-53.2681
-53.3185
-53.3619
-53.4004
-53.4345
-53.4654
-53.494
-53.5212
-53.5489
-53.5768
-53.6048
-53.6344
-53.6661
-53.6989
-53.7331
-53.7711
-53.8133
-53.8578
-53.9065
-53.9607
-54.018
-54.0799
-54.1498
-54.2238
-54.3014
-54.3833
-54.4704
-54.5653
-54.6749
-54.799
-54.9294
-55.0635
-54.3673
-53.4361
-53.2304
-53.2126
-53.242
-53.2803
-53.317
-53.3498
-53.3793
-53.4066
-53.4313
-53.4539
-53.4751
-53.4964
-53.5173
-53.5381
-53.5591
-53.5807
-53.6033
-53.6272
-53.6556
-53.6916
-53.7482
-53.8294
-53.9267
-54.0204
-54.109
-54.1926
-54.2749
-54.3661
-54.4943
-54.673
-54.89
-55.1154
-55.3453
-55.5692
-55.7801
-55.9874
-56.2081
-56.459
-56.7676
-57.1319
-57.5244
-57.9145
-58.3005
-58.6852
-59.0677
-59.4532
-59.8529
-60.2813
-60.7467
-61.2523
-61.7857
-62.3179
-62.8429
-63.3607
-63.8639
-64.3498
-64.829
-65.3081
-65.7976
-66.3053
-66.8284
-67.3416
-67.8241
-68.2796
-68.7085
-69.1063
-69.4765
-69.8273
-70.1657
-70.5009
-70.8366
-71.1664
-71.473
-71.7496
-72.0015
-72.2305
-72.4362
-72.6228
-72.793
-72.9517
-73.1065
-73.2591
-73.4087
-73.544
-73.6627
-73.7673
-73.8621
-73.9451
-74.0183
-74.0832
-74.1422
-74.2004
-74.2586
-74.317
-74.3706
-74.4154
-74.4528
-74.4861
-74.5147
-74.5393
-74.5599
-74.5778
-74.596
-74.6157
-74.6368
-74.659
-74.6773
-74.6909
-74.7009
-74.71
-74.718
-74.7239
-74.7276
-74.7309
-74.7358
-74.742
-74.7501
-74.7586
-74.7643
-74.7672
-74.7685
-74.7691
-74.7703
-74.7708
-74.77
-74.7691
-74.7702
-74.7727
-74.777
-74.7819
-74.7846
-74.7847
-74.7832
-74.7813
-74.7791
-74.7781
-74.7765
-74.774
-74.772
-74.7721
-74.7741
-74.7773
-74.7792
-74.7793
-74.7781
-74.7754
-74.7731
-74.7702
-74.7691
-74.7691
-74.7679
-74.7666
-74.7668
-74.7688
-74.771
-74.7722
-74.7718
-74.7695
-74.7659
-74.7625
-74.7591
-74.7565
-74.7541
-74.7526
-74.7519
-74.7517
-74.7541
-74.7569
-74.759
-74.7598
-74.7588
-74.7564
-74.7536
-74.7515
-74.7486
-74.7456
-74.7428
-74.7404
-74.74
-74.7413
-74.7447
-74.7468
-74.7477
-74.7474
-74.7461
-74.7435
-74.7396
-74.7371
-74.7343
-74.7298
-74.7252
-74.7228
-74.7221
-74.7222
-74.7273
-74.7335
-74.7355
-74.7358
-74.7351
-74.7337
-74.7319
-74.73
-74.7278
-74.7242
-74.7199
-74.7144
-74.7107
-74.708
-74.7079
-74.7106
-74.7155
-74.7184
-74.7198
-74.7205
-74.7187
-74.7159
-74.7152
-74.7132
-74.7088
-74.7053
-74.7026
-74.6992
-74.6956
-74.6938
-74.6942
-74.6972
-74.7003
-74.7018
-74.704
-74.7061
-74.706
-74.7055
-74.7059
-74.7049
-74.7002
-74.6941
-74.69
-74.6861
-74.6824
-74.6781
-74.6753
-74.676
-74.6787
-74.6811
-74.6815
-74.6829
-74.684
-74.6852
-74.686
-74.6874
-74.6885
-74.6876
-74.6823
-74.6764
-74.6718
-74.6693
-74.6671
-74.6632
-74.6596
-74.6606
-74.6635
-74.6657
-74.6664
-74.666
-74.6634
-74.666
-74.6692
-74.671
-74.6719
-74.6699
-74.6671
-74.6635
-74.6582
-74.6517
-74.6462
-74.6421
-74.639
-74.6369
-74.6378
-74.6422
-74.6465
-74.6448
-74.6425
-74.6437
-74.6448
-74.6463
-74.648
-74.6479
-74.6472
-74.6468
-74.6461
-74.6459
-74.6436
-74.638
-74.6309
-74.6241
-74.6171
-74.612
-74.6138
-74.6199
-74.6245
-74.6257
-74.6247
-74.6221
-74.6214
-74.6224
-74.6251
-74.626
-74.623
-74.6173
-74.615
-74.6146
-74.6161
-74.6181
-74.6163
-74.6101
-74.6035
-74.5978
-74.591
-74.5856
-74.5855
-74.5895
-74.5932
-74.5943
-74.5954
-74.5976
-74.5981
-74.599
-74.6
-74.5997
-74.6015
-74.6023
-74.5984
-74.5908
-74.5845
-74.585
-74.5865
-74.5837
-74.5801
-74.578
-74.5761
-74.5716
-74.5648
-74.5579
-74.5577
-74.561
-74.5641
-74.5661
-74.565
-74.5623
-74.5612
-74.5587
-74.5596
-74.5635
-74.5671
-74.5682
-74.5648
-74.5603
-74.5574
-74.5513
-74.5466
-74.544
-74.5415
-74.539
-74.5365
-74.5336
-74.5308
-74.5311
-74.5315
-74.5281
-74.5228
-74.5215
-74.5221
-74.5262
-74.5305
-74.5289
-74.5257
-74.5234
-74.5222
-74.5226
-74.5219
-74.5212
-74.5213
-74.5232
-74.5252
-74.5247
-74.5206
-74.5129
-74.5046
-74.5042
-74.5088
-74.5091
-74.5032
-74.495
-74.4889
-74.485
-74.4861
-74.4889
-74.4875
-74.4809
-74.4729
-74.4676
-74.4707
-74.4755
-74.4848
-74.4881
-74.4828
-74.4768
-74.4719
-74.4668
-74.4651
-74.4607
-74.4539
-74.4514
-74.4501
-74.4496
-74.452
-74.4533
-74.4507
-74.4486
-74.4457
-74.4421
-74.4418
-74.4391
-74.4349
-74.4317
-74.4323
-74.429
-74.4233
-74.4204
-74.4248
-74.4259
-74.4222
-74.4141
-74.4071
-74.4016
-74.4002
-74.4038
-74.4041
-74.4084
-74.4144
-74.4154
-74.4133
-74.4069
-74.4009
-74.395
-74.3901
-74.3866
-74.3795
-74.3689
-74.3647
-74.3629
-74.3611
-74.3593
-74.361
-74.3637
-74.3689
-74.3748
-74.3768
-74.3769
-74.3764
-74.373
-74.37
-74.3634
-74.3568
-74.3513
-74.3484
-74.3413
-74.3342
-74.3293
-74.3325
-74.3427
-74.352
-74.3549
-74.3508
-74.3437
-74.3345
-74.3236
-74.3162
-74.3197
-74.3233
-74.3235
-74.3261
-74.33
-74.3333
-74.3301
-74.3248
-74.3233
-74.3181
-74.3057
-74.2873
-74.2664
-74.2498
-74.2363
-74.2275
-74.2171
-74.2078
-74.202
-74.1952
-74.1909
-74.1877
-74.1881
-74.1918
-74.1992
-74.204
-74.2072
-74.2209
-74.2353
-74.2441
-74.247
-74.2446
-74.2378
-74.2258
-74.213
-74.2082
-74.2099
-74.2152
-74.2209
-74.219
-74.2119
-74.2034
-74.1949
-74.1854
-74.1782
-74.1732
-74.1665
-74.1643
-74.1714
-74.1799
-74.1842
-74.1874
-74.1842
-74.1818
-74.1831
-74.1902
-74.1938
-74.1914
-74.1888
-74.189
-74.1866
-74.1858
-74.184
-74.1774
-74.1662
-74.1535
-74.1397
-74.1242
-74.1076
-74.0885
-74.0672
-74.0502
-74.0327
-74.0157
-73.9996
-73.9874
-73.9759
-73.9629
-73.9453
-73.9267
-73.9081
-73.8921
-73.8826
-73.8811
-73.8895
-73.9
-73.908
-73.9085
-73.903
-73.9051
-73.9158
-73.9219
-73.9356
-73.9561
-73.9688
-73.9762
-73.9825
-73.9876
-73.9906
-73.9873
-73.9803
-73.972
-73.9727
-73.9774
-73.9787
-73.9771
-73.98
-73.9899
-74.0055
-74.0167
-74.0211
-74.0296
-74.0329
-74.0267
-74.0129
-73.9939
-73.976
-73.9614
-73.9494
-73.9444
-73.9403
-73.9388
-73.9388
-73.9328
-73.9202
-73.9066
-73.8923
-73.8773
-73.8636
-73.8537
-73.8482
-73.8421
-73.8361
-73.8306
-73.8223
-73.8154
-73.8083
-73.8031
-73.7995
-73.8093
-73.8211
-73.8377
-73.8577
-73.8767
-73.8884
-73.8932
-73.8968
-73.8995
-73.8951
-73.8871
-73.8758
-73.8631
-73.8505
-73.8386
-73.8228
-73.8025
-73.7795
-73.7631
-73.7501
-73.7333
-73.7121
-73.6892
-73.6699
-73.6503
-73.6379
-73.6282
-73.6151
-73.6056
-73.5988
-73.5879
-73.5781
-73.5653
-73.5476
-73.526
-73.5016
-73.4757
-73.4575
-73.4473
-73.4346
-73.4188
-73.4155
-73.42
-73.4185
-73.409
-73.3936
-73.3802
-73.3678
-73.3517
-73.3318
-73.3091
-73.2843
-73.2584
-73.2393
-73.2288
-73.2311
-73.2303
-73.2222
-73.208
-73.1895
-73.168
-73.1446
-73.1197
-73.0956
-73.08
-73.065
-73.047
-73.0261
-73.008
-73.0072
-73.0068
-73.0025
-73.0202
-73.0506
-73.0724
-73.0809
-73.0792
-73.0779
-73.0765
-73.0694
-73.057
-73.0407
-73.0222
-73.0111
-73.0013
-72.9879
-72.9709
-72.9515
-72.9396
-72.9304
-72.9178
-72.9014
-72.8822
-72.8611
-72.8386
-72.8152
-72.7912
-72.7736
-72.7643
-72.7588
-72.766
-72.7772
-72.7809
-72.7767
-72.7665
-72.7603
-72.7583
-72.7522
-72.7413
-72.7266
-72.7093
-72.6901
-72.6697
-72.6483
-72.6263
-72.6039
-72.5812
-72.5582
-72.5351
-72.512
-72.4889
-72.4658
-72.4428
-72.4199
-72.3971
-72.3744
-72.352
-72.3297
-72.3075
-72.2856
-72.2639
-72.2424
-72.2211
-72.2
-72.1898
-72.1892
-72.1861
-72.1787
-72.1677
-72.1543
-72.1393
-72.1232
-72.1064
-72.0891
-72.0715
-72.0537
-72.0359
-72.018
-72.0001
-71.9822
-71.9645
-71.9468
-71.9293
-71.9119
-71.8946
-71.8775
-71.8605
-71.8437
-71.8271
-71.8106
-71.7943
-71.7866
-71.7935
-71.7989
-71.7991
-71.7948
-71.7874
-71.7779
-71.7669
-71.755
-71.7424
-71.7294
-71.716
-71.7025
-71.6888
-71.6751
-71.6613
-71.6476
-71.6339
-71.6203
-71.6067
-71.5933
-71.5799
-71.5667
-71.5536
-71.5406
-71.5277
-71.515
-71.5024
-71.4899
-71.4776
-71.4654
-71.4533
-71.4414
-71.4296
-71.418
-71.4065
-71.3951
-71.3839
-71.3728
-71.3619
-71.351
-71.3403
-71.3298
-71.3194
-71.3091
-71.2989
-71.2889
-71.279
-71.2692
-71.2596
-71.25
-71.2406
-71.2313
-71.2221
-71.2131
-71.2042
-71.1953
-71.1866
-71.178
-71.1695
-71.1612
-71.1529
-71.1447
-71.1367
-71.1287
-71.1209
-71.1131
-71.1055
-71.0979
-71.0905
-71.0831
-71.0759
-71.0687
-71.0617
-71.0547
-71.0478
-71.041
-71.0343
-71.0277
-71.0212
-71.0148
-71.0085
-71.0022
-70.996
-70.9899
-70.9839
-70.978
-70.9722
-70.9664
-70.9607
-70.9551
-70.9496
-70.9441
-70.9387
-70.9334
-70.9282
-70.923
-70.9179
-70.9129
-70.908
-70.9031
-70.8983
-70.8935
-70.8889
-70.8842
-70.8797
-70.8752
-70.8708
-70.8664
-70.8621
-70.8579
-70.8537
-70.8496
-70.8456
-70.8416
-70.8376
-70.8338
-70.8299
-70.8262
-70.8225
-70.8188
-70.8152
-70.8116
-70.8081
-70.8047
-70.8013
-70.798
-70.7947
-70.7914
-70.7882
-70.7851
-70.782
-70.7789
-70.7759
-70.7729
-70.77
-70.7672
-70.7643
-70.7615
-70.7588
-70.7561
-70.7534
-70.7508
-70.7482
-70.7457
-70.7432
-70.7408
-70.7383
-70.736
-70.7336
-70.7313
-70.7291
-70.7268
-70.7246
-70.7225
-70.7203
-70.7183
-70.7162
-70.7142
-70.7122
-70.7102
-70.7083
-70.7064
-70.7046
-70.7027
-70.701
-70.6992
-70.6974
-70.6957
-70.6941
-70.6924
-70.6908
-70.6892
-70.6876
-70.6861
-70.6846
-70.6831
-70.6817
-70.6802
-70.6788
-70.6774
-70.6761
-70.6748
-70.6735
-70.6722
-70.6709
-70.6697
-70.6685
-70.6673
-70.6661
-70.665
-70.6638
-70.6627
-70.6617
-70.6606
-70.6596
-70.6585
-70.6575
-70.6566
-70.6556
-70.6547
-70.6537
-70.6528
-70.652
-70.6511
-70.6502
-70.6494
-70.6486
-70.6478
-70.647
-70.6463
-70.6455
-70.6448
-70.6441
-70.6434
-70.6427
-70.642
-70.6414
-70.6407
-70.6401
-70.6395
-70.6389
-70.6383
-70.6378
-70.6372
-70.6367
-70.6361
-70.6356
-70.6351
-70.6346
-70.6342
-70.6337
-70.6332
-70.6328
-70.6324
-70.632
-70.6316
-70.6312
-70.6308
-70.6304
-70.63
-70.6297
-70.6294
-70.629
-70.6287
-70.6284
-70.6281
-70.6278
-70.6275
-70.6272
-70.627
-70.6267
-70.6265
-70.6262
-70.626
-70.6258
-70.6256
-70.6254
-70.6252
-70.625
-70.6248
-70.6246
-70.6245
-70.6243
-70.6241
-70.624
-70.6239
-70.6237
-70.6236
-70.6235
-70.6234
-70.6233
-70.6232
-70.6231
-70.623
-70.6229
-70.6228
-70.6228
-70.6227
-70.6226
-70.6226
-70.6226
-70.6225
-70.6225
-70.6224
-70.6224
-70.6224
-70.6224
-70.6224
-70.6224
-70.6224
-70.6224
-70.6224
-70.6224
-70.6224
-70.6224
-70.6224
-70.6225
-70.6225
-70.6225
-70.6226
-70.6226
-70.6226
-70.6227
-70.6227
-70.6228
-70.6229
-70.6229
-70.623
-70.623
-70.6231
-70.6232
-70.6233
-70.6233
-70.6234
-70.6235
-70.6236
-70.6237
-70.6238
-70.6239
-70.624
-70.6241
-70.6242
-70.6243
-70.6244
-70.6245
-70.6246
-70.6247
-70.6248
-70.625
-70.6251
-70.6252
-70.6253
-70.6254
-70.6256
-70.6257
-70.6258
-70.6259
-70.6261
-70.6262
-70.6263
-70.6265
-70.6266
-70.6268
-70.6269
-70.627
-70.6272
-70.6273
-70.6275
-70.6276
-70.6278
-70.6279
-70.6281
-70.6282
-70.6284
-70.6285
-70.6287
-70.6288
-70.629
-70.6291
-70.6293
-70.6294
-70.6296
-70.6298
-70.6299
-70.6301
-70.6302
-70.6304
-70.6306
-70.6307
-70.6309
-70.631
-70.6312
-70.6314
-70.6315
-70.6317
-70.6318
-70.632
-70.6322
-70.6323
-70.6325
-70.6327
-70.6328
-70.633
-70.6332
-70.6333
-70.6335
-70.6337
-70.6338
-70.634
-70.6342
-70.6343
-70.6345
-70.6346
-70.6348
-70.635
-70.6351
-70.6353
-70.6355
-70.6356
-70.6358
-70.636
-70.6361
-70.6363
-70.6365
-70.6366
-70.6368
-70.6369
-70.6371
-70.6373
-70.6374
-70.6376
-70.6378
-70.6379
-70.6381
-70.6382
-70.6384
-70.6386
-70.6387
-70.6389
-70.639
-70.6392
-70.6394
-70.6395
-70.6397
-70.6398
-70.64
-70.6401
-70.6403
-70.6405
-70.6406
-70.6408
-70.6409
-70.6411
-70.6412
-70.6414
-70.6415
-70.6417
-70.6418
-70.642
-70.6421
-70.6423
-70.6424
-70.6426
-70.6427
-70.6429
-70.643
-70.6432
-70.6433
-70.6435
-70.6436
-70.6437
-70.6439
-70.644
-70.6442
-70.6443
-70.6444
-70.6446
-70.6447
-70.6449
-70.645
-70.6451
-70.6453
-70.6454

