-70
-70.1661
-70.23
-70.2566
-70.2695
-70.2773
-70.283
-70.2879
-70.2925
-70.297
-70.3014
-70.3057
-70.31
-70.3142
-70.3185
-70.3226
-70.3268
-70.3309
-70.335
-70.3391
-70.3431
-70.3471
-70.351
-70.3549
-70.3588
-70.3626
-70.3664
-70.3701
-70.3738
-70.3775
-70.3811
-70.3847
-70.3883
-70.3918
-70.3953
-70.3987
-70.4021
-70.4055
-70.4088
-70.4121
-70.4154
-70.4186
-70.4218
-70.4249
-70.428
-70.4311
-70.4341
-70.4372
-70.4401
-70.4431
-70.446
-70.4489
-70.4517
-70.4545
-70.4573
-70.4601
-70.4628
-70.4655
-70.4682
-70.4708
-70.4734
-70.476
-70.4785
-70.481
-70.4835
-70.486
-70.4884
-70.4908
-70.4932
-70.4955
-70.4978
-70.5001
-70.5024
-70.5046
-70.5068
-70.509
-70.5112
-70.5133
-70.5154
-70.5175
-70.5196
-70.5216
-70.5236
-70.5256
-70.5276
-70.5295
-70.5315
-70.5334
-70.5352
-70.5371
-70.5389
-70.5407
-70.5425
-70.5443
-70.5461
-70.5478
-70.5495
-70.5512
-70.5528
-70.5545
-70.5561
-70.5577
-70.5593
-70.5609
-70.5624
-70.5639
-70.5655
-70.5669
-70.5684
-70.5699
-70.5713
-70.5727
-70.5741
-70.5755
-70.5769
-70.5782
-70.5796
-70.5809
-70.5822
-70.5835
-70.5848
-70.586
-70.5873
-70.5885
-70.5897
-70.5909
-70.5921
-70.5932
-70.5944
-70.5955
-70.5966
-70.5977
-70.5988
-70.5999
-70.601
-70.602
-70.603
-70.6041
-70.6051
-70.6061
-70.6071
-70.608
-70.609
-70.6099
-70.6109
-70.6118
-70.6127
-70.6136
-70.6145
-70.6154
-70.6162
-70.6171
-70.6179
-70.6187
-70.6196
-70.6204
-70.6212
-70.622
-70.6227
-70.6235
-70.6242
-70.625
-70.6257
-70.6265
-70.6272
-70.6279
-70.6286
-70.6293
-70.6299
-70.6306
-70.6313
-70.6319
-70.6325
-70.6332
-70.6338
-70.6344
-70.635
-70.6356
-70.6362
-70.6368
-70.6374
-70.6379
-70.6385
-70.639
-70.6396
-70.6401
-70.6406
-70.6411
-70.6417
-70.6422
-70.6427
-70.6431
-70.6436
-70.6441
-70.6446
-70.645
-70.6455
-70.6459
-70.6464
-70.6468
-70.6472
-70.6476
-70.6481
-70.6485
-70.6489
-70.6493
-70.6497
-70.65
-70.6504
-70.6508
-70.6512
-70.6515
-70.6519
-70.6522
-70.6526
-70.6529
-70.6533
-70.6536
-70.6539
-70.6542
-70.6545
-70.6549
-70.6552
-70.6555
-70.6558
-70.656
-70.6563
-70.6566
-70.6569
-70.6572
-70.6574
-70.6577
-70.658
-70.6582
-70.6585
-70.6587
-70.6589
-70.6592
-70.6594
-70.6597
-70.6599
-70.6601
-70.6603
-70.6605
-70.6607
-70.661
-70.6612
-70.6614
-70.6616
-70.6617
-70.6619
-70.6621
-70.6623
-70.6625
-70.6627
-70.6628
-70.663
-70.6632
-70.6633
-70.6635
-70.6637
-70.6638
-70.664
-70.6641
-70.6643
-70.6644
-70.6646
-70.6647
-70.6648
-70.665
-70.6651
-70.6652
-70.6653
-70.6655
-70.6656
-70.6657
-70.6658
-70.6659
-70.666
-70.6662
-70.6663
-70.6664
-70.6665
-70.6666
-70.6667
-70.6668
-70.6669
-70.667
-70.667
-70.6671
-70.6672
-70.6673
-70.6674
-70.6675
-70.6675
-70.6676
-70.6677
-70.6678
-70.6678
-70.6679
-70.668
-70.668
-70.6681
-70.6682
-70.6682
-70.6683
-70.6683
-70.6684
-70.6685
-70.6685
-70.6686
-70.6686
-70.6687
-70.6687
-70.6688
-70.6688
-70.6688
-70.6689
-70.6689
-70.669
-70.669
-70.669
-70.6691
-70.6691
-70.6691
-70.6692
-70.6692
-70.6692
-70.6693
-70.6693
-70.6693
-70.6694
-70.6694
-70.6694
-70.6694
-70.6694
-70.6695
-70.6695
-70.6695
-70.6695
-70.6695
-70.6696
-70.6696
-70.6696
-70.6696
-70.6696
-70.6696
-70.6696
-70.6697
-70.6697
-70.6697
-70.6697
-70.6697
-70.6697
-70.6697
-70.6697
-70.6697
-70.6697
-70.6697
-70.6697
-70.6697
-70.6697
-70.6697
-70.6697
-70.6697
-70.6697
-70.6697
-70.6697
-70.6697
-70.6697
-70.6697
-70.6697
-70.6697
-70.6697
-70.6697
-70.6697
-70.6697
-70.6697
-70.6697
-70.6697
-70.6697
-70.6697
-70.6697
-70.6696
-70.6696
-70.6696
-70.6696
-70.6696
-70.6696
-70.6696
-70.6696
-70.6696
-70.6695
-70.6695
-70.6695
-70.6695
-70.6695
-70.6695
-70.6695
-70.6695
-70.6694
-70.6694
-70.6694
-70.6694
-70.6694
-70.6694
-70.6693
-70.6693
-70.6693
-70.6693
-70.6693
-70.6693
-70.6693
-70.6692
-70.6692
-70.6692
-70.6692
-70.6692
-70.6691
-70.6691
-70.6691
-70.6691
-70.6691
-70.6691
-70.669
-70.669
-70.669
-70.669
-70.669
-70.6689
-70.6689
-70.6689
-70.6689
-70.6689
-70.6688
-70.6688
-70.6688
-70.6688
-70.6688
-70.6687
-70.6687
-70.6687
-70.6687
-70.6686
-70.6686
-70.6686
-70.6686
-70.6686
-70.6685
-70.6685
-70.6685
-70.6685
-70.6685
-70.6684
-70.6684
-70.6684
-70.6684
-70.6684
-70.6683
-70.6683
-70.6683
-70.6683
-70.6682
-70.6682
-70.6682
-70.6682
-70.6682
-70.6681
-70.6681
-70.6681
-70.6681
-70.6681
-70.6718
-70.8952
-71.6643
-72.6602
-73.4789
-73.9758
-74.2254
-74.341
-74.3948
-74.4204
-74.439
-74.4707
-74.5258
-74.5897
-74.6446
-74.6778
-74.6928
-74.6968
-74.6942
-74.6875
-74.6805
-74.6825
-74.7021
-74.7303
-74.7585
-74.7753
-74.7798
-74.7763
-74.7683
-74.7573
-74.7444
-74.7299
-74.714
-74.6973
-74.6793
-74.6599
-74.6393
-74.6175
-74.5944
-74.57
-74.5445
-74.5178
-74.4901
-74.4615
-74.432
-74.4017
-74.3706
-74.3389
-74.3066
-74.2739
-74.2406
-74.207
-74.1731
-74.1389
-74.1044
-74.0699
-74.0352
-74.0004
-73.9657
-73.9309
-73.8962
-73.8615
-73.827
-73.7925
-73.7583
-73.7241
-73.6902
-73.6565
-73.623
-73.5897
-73.5566
-73.5238
-73.4913
-73.459
-73.4269
-73.3952
-73.3637
-73.3325
-73.3016
-73.271
-73.2406
-73.2106
-73.1808
-73.1513
-73.122
-73.0931
-73.0645
-73.0361
-73.008
-72.9802
-72.9526
-72.9254
-72.8984
-72.8717
-72.8452
-72.8191
-72.7931
-72.7675
-72.7421
-72.717
-72.6921
-72.6675
-72.6432
-72.6191
-72.5952
-72.5716
-72.5483
-72.5252
-72.5023
-72.4797
-72.4573
-72.4351
-72.4132
-72.3916
-72.3701
-72.3489
-72.3279
-72.3072
-72.2867
-72.2664
-72.2463
-72.2264
-72.2068
-72.1873
-72.1681
-72.1491
-72.1303
-72.1117
-72.0933
-72.0751
-72.0571
-72.0393
-72.0217
-72.0043
-71.987
-71.97
-71.9531
-71.9365
-71.92
-71.9037
-71.8876
-71.8717
-71.8559
-71.8403
-71.8249
-71.8097
-71.7946
-71.7797
-71.7649
-71.7504
-71.736
-71.7217
-71.7076
-71.6937
-71.68
-71.6663
-71.6529
-71.6396
-71.6264
-71.6134
-71.6006
-71.5879
-71.5835
-71.5936
-71.6022
-71.6056
-71.6045
-71.6003
-71.594
-71.5862
-71.5775
-71.568
-71.56
-71.5724
-71.5987
-71.619
-71.6307
-71.6355
-71.6357
-71.6326
-71.6293
-71.6415
-71.6559
-71.6715
-71.6988
-71.722
-71.7361
-71.7428
-71.7441
-71.7417
-71.7369
-71.7392
-71.7447
-71.7469
-71.7582
-71.7785
-71.7934
-71.8009
-71.8026
-71.8002
-71.7949
-71.7909
-71.7937
-71.7955
-71.7936
-71.8022
-71.8208
-71.8344
-71.8407
-71.8415
-71.8383
-71.8323
-71.83
-71.8334
-71.8345
-71.832
-71.8346
-71.8515
-71.866
-71.8733
-71.8748
-71.8719
-71.8661
-71.8638
-71.867
-71.868
-71.8653
-71.8613
-71.8692
-71.8849
-71.8958
-71.9
-71.8991
-71.8946
-71.8894
-71.8918
-71.8941
-71.8927
-71.8879
-71.8842
-71.892
-71.9064
-71.9161
-71.9194
-71.9178
-71.9127
-71.9108
-71.9143
-71.9153
-71.9124
-71.9065
-71.9009
-71.9039
-71.9156
-71.9265
-71.9314
-71.931
-71.9267
-71.9253
-71.9292
-71.9305
-71.9278
-71.9219
-71.9138
-71.9122
-71.9165
-71.9276
-71.9362
-71.9415
-71.9505
-71.9564
-71.9572
-71.9538
-71.9474
-71.9431
-71.9448
-71.9448
-71.9412
-71.9427
-71.9543
-71.9671
-71.9738
-71.9747
-71.9712
-71.9647
-71.9586
-71.9599
-71.9605
-71.9576
-71.9515
-71.9475
-71.9555
-71.9688
-71.977
-71.9791
-71.9861
-72.0016
-72.014
-72.0289
-72.0396
-72.0437
-72.0425
-72.0409
-72.0496
-72.0903
-72.2015
-72.4111
-72.6805
-72.9057
-73.0654
-73.1725
-73.2539
-73.3365
-73.4457
-73.6322
-73.8641
-74.0872
-74.257
-74.3623
-74.4181
-74.4452
-74.4605
-74.4805
-74.5138
-74.561
-74.6209
-74.6765
-74.7123
-74.7308
-74.7365
-74.7346
-74.7297
-74.727
-74.7273
-74.7347
-74.7501
-74.7692
-74.7821
-74.7881
-74.7875
-74.7818
-74.7732
-74.7661
-74.7613
-74.7605
-74.7665
-74.7781
-74.7893
-74.7946
-74.7951
-74.7907
-74.7823
-74.7731
-74.7667
-74.7619
-74.7621
-74.769
-74.7801
-74.7895
-74.793
-74.7921
-74.7874
-74.7793
-74.7715
-74.765
-74.7603
-74.7609
-74.7671
-74.7765
-74.7851
-74.7887
-74.7875
-74.7825
-74.7764
-74.7699
-74.7641
-74.76
-74.7605
-74.7652
-74.7726
-74.7804
-74.7851
-74.7847
-74.7799
-74.7734
-74.7679
-74.7621
-74.7578
-74.7558
-74.7581
-74.7637
-74.7712
-74.7777
-74.7808
-74.7793
-74.7743
-74.7687
-74.7636
-74.7596
-74.7565
-74.7558
-74.758
-74.7617
-74.7668
-74.7714
-74.7739
-74.7717
-74.7672
-74.7619
-74.7568
-74.7546
-74.753
-74.7533
-74.7561
-74.7591
-74.7627
-74.7668
-74.7693
-74.7686
-74.7656
-74.7612
-74.7562
-74.7531
-74.7502
-74.7475
-74.7484
-74.7508
-74.7526
-74.7553
-74.7589
-74.7602
-74.7601
-74.7589
-74.756
-74.7538
-74.7511
-74.7483
-74.7462
-74.7467
-74.7483
-74.7495
-74.7508
-74.753
-74.755
-74.7551
-74.754
-74.7508
-74.7478
-74.745
-74.741
-74.7378
-74.7378
-74.7386
-74.7399
-74.7411
-74.7437
-74.7475
-74.7506
-74.7513
-74.7501
-74.7486
-74.7461
-74.7417
-74.7378
-74.7339
-74.7338
-74.7346
-74.7345
-74.7348
-74.7346
-74.7363
-74.7408
-74.7421
-74.7412
-74.7402
-74.7396
-74.7363
-74.7307
-74.7265
-74.7258
-74.7262
-74.7273
-74.7278
-74.7273
-74.7283
-74.732
-74.7373
-74.7381
-74.7372
-74.7361
-74.7359
-74.7333
-74.7285
-74.7223
-74.7178
-74.7168
-74.7153
-74.7148
-74.7155
-74.7158
-74.7179
-74.7225
-74.7269
-74.7281
-74.7262
-74.7257
-74.726
-74.7247
-74.7224
-74.717
-74.7126
-74.709
-74.7057
-74.7039
-74.7042
-74.7069
-74.7112
-74.7153
-74.719
-74.7216
-74.7228
-74.7212
-74.7196
-74.716
-74.7124
-74.7101
-74.7055
-74.7019
-74.6983
-74.6918
-74.6871
-74.6872
-74.6899
-74.6937
-74.6988
-74.7051
-74.7093
-74.712
-74.7134
-74.7133
-74.7105
-74.706
-74.7023
-74.6983
-74.6952
-74.6926
-74.6893
-74.683
-74.6766
-74.6743
-74.6766
-74.6802
-74.6836
-74.6882
-74.6945
-74.7009
-74.7035
-74.7038
-74.7025
-74.6974
-74.6914
-74.687
-74.6821
-74.6776
-74.6773
-74.6758
-74.6709
-74.6641
-74.6594
-74.6602
-74.6605
-74.6616
-74.6637
-74.6664
-74.6734
-74.6841
-74.6917
-74.694
-74.6928
-74.6875
-74.6831
-74.6771
-74.67
-74.663
-74.6615
-74.6603
-74.6598
-74.6586
-74.6533
-74.6479
-74.6449
-74.642
-74.6373
-74.6387
-74.6416
-74.6455
-74.6542
-74.665
-74.6734
-74.6768
-74.6742
-74.6702
-74.6667
-74.6601
-74.6519
-74.6445
-74.6408
-74.6403
-74.6393
-74.638
-74.6387
-74.6364
-74.6337
-74.6303
-74.6248
-74.6198
-74.6144
-74.613
-74.6147
-74.6204
-74.6302
-74.6389
-74.6481
-74.6531
-74.6526
-74.6499
-74.6477
-74.643
-74.6339
-74.6261
-74.6214
-74.6219
-74.6209
-74.618
-74.617
-74.6157
-74.6108
-74.6051
-74.6004
-74.5984
-74.5953
-74.5876
-74.5798
-74.5825
-74.5864
-74.5916
-74.5965
-74.6035
-74.6081
-74.6136
-74.6163
-74.6172
-74.6176
-74.6138
-74.6076
-74.6014
-74.5968
-74.5949
-74.5948
-74.5926
-74.5926
-74.5923
-74.5913
-74.5908
-74.5858
-74.5767
-74.5693
-74.5659
-74.5629
-74.5571
-74.5501
-74.5462
-74.5468
-74.553
-74.559
-74.5654
-74.568
-74.5695
-74.5668
-74.5656
-74.5706
-74.5781
-74.5827
-74.5795
-74.57
-74.559
-74.5525
-74.5491
-74.5494
-74.5526
-74.5543
-74.5521
-74.5522
-74.5514
-74.5472
-74.5413
-74.5338
-74.5279
-74.5228
-74.5191
-74.5139
-74.5092
-74.5066
-74.5039
-74.4983
-74.4969
-74.5008
-74.5055
-74.5085
-74.5088
-74.5092
-74.5118
-74.5153
-74.5189
-74.5192
-74.5197
-74.5174
-74.5171
-74.5153
-74.512
-74.5052
-74.4938
-74.4842
-74.4845
-74.4906
-74.4943
-74.4955
-74.4913
-74.4815
-74.4731
-74.4637
-74.4603
-74.4624
-74.463
-74.4616
-74.4585
-74.4542
-74.4551
-74.4614
-74.4657
-74.4645
-74.4573
-74.4505
-74.4483
-74.4484
-74.4486
-74.4481
-74.4446
-74.4415
-74.4457
-74.4458
-74.4417
-74.4422
-74.4475
-74.4479
-74.4475
-74.4449
-74.4445
-74.4443
-74.4406
-74.4348
-74.4298
-74.4248
-74.4204
-74.4199
-74.419
-74.4185
-74.4202
-74.4201
-74.4143
-74.4031
-74.3892
-74.3781
-74.3707
-74.3659
-74.3563
-74.3428
-74.3328
-74.3194
-74.3075
-74.3057
-74.3113
-74.3161
-74.3181
-74.3238
-74.3316
-74.3366
-74.341
-74.3492
-74.3578
-74.3587
-74.3569
-74.3557
-74.3532
-74.346
-74.3395
-74.3349
-74.3284
-74.325
-74.3275
-74.3328
-74.3361
-74.3367
-74.3347
-74.3316
-74.332
-74.3333
-74.3307
-74.3224
-74.3112
-74.3011
-74.2955
-74.2953
-74.2938
-74.2959
-74.2953
-74.2931
-74.2951
-74.3001
-74.305
-74.3067
-74.3057
-74.303
-74.2972
-74.2855
-74.2692
-74.2514
-74.2329
-74.2138
-74.1929
-74.1795
-74.1702
-74.1598
-74.1514
-74.1431
-74.1314
-74.1145
-74.1017
-74.0977
-74.1018
-74.1001
-74.0975
-74.0936
-74.0927
-74.0913
-74.0849
-74.0787
-74.0784
-74.0883
-74.1066
-74.1277
-74.1429
-74.1474
-74.1499
-74.1515
-74.15
-74.1468
-74.1446
-74.1436
-74.1462
-74.1485
-74.1512
-74.1498
-74.1436
-74.1368
-74.1329
-74.1283
-74.1211
-74.1146
-74.1101
-74.104
-74.108
-74.1173
-74.1288
-74.1355
-74.1345
-74.1307
-74.1274
-74.1252
-74.1208
-74.1134
-74.1092
-74.1044
-74.0963
-74.0871
-74.0866
-74.0915
-74.0979
-74.0996
-74.0972
-74.0923
-74.085
-74.0757
-74.0686
-74.0646
-74.0665
-74.0708
-74.0673
-74.0593
-74.0484
-74.0436
-74.0405
-74.0348
-74.0283
-74.019
-74.0135
-74.0145
-74.021
-74.0307
-74.0342
-74.0309
-74.0216
-74.0095
-73.9924
-73.9709
-73.9461
-73.919
-73.8924
-73.8687
-73.845
-73.8241
-73.803
-73.7841
-73.7629
-73.7424
-73.7228
-73.7002
-73.6746
-73.6474
-73.6249
-73.6026
-73.5837
-73.5682
-73.5624
-73.5542
-73.5398
-73.5236
-73.5094
-73.4929
-73.4796
-73.4648
-73.4485
-73.4402
-73.4484
-73.464
-73.4708
-73.4728
-73.4703
-73.4608
-73.4497
-73.4398
-73.4257
-73.411
-73.3994
-73.3949
-73.4035
-73.42
-73.4405
-73.4534
-73.4548
-73.4473
-73.4401
-73.4314
-73.424
-73.416
-73.4102
-73.4134
-73.4277
-73.4367
-73.4354
-73.4258
-73.4104
-73.3912
-73.3764
-73.3627
-73.3477
-73.3372
-73.3243
-73.3071
-73.2864
-73.2631
-73.2381
-73.2118
-73.189
-73.1736
-73.1657
-73.1639
-73.1644
-73.1742
-73.1842
-73.1915
-73.1958
-73.1922
-73.1818
-73.1663
-73.1474
-73.1261
-73.103
-73.0787
-73.0534
-73.0324
-73.0193
-73.0049
-72.9872
-72.9666
-72.9442
-72.9203
-72.8956
-72.8702
-72.8445
-72.8185
-72.7923
-72.7661
-72.7399
-72.7138
-72.6877
-72.6618
-72.636
-72.6103
-72.5849
-72.5702
-72.5622
-72.5517
-72.5376
-72.5207
-72.5019
-72.4818
-72.4609
-72.4395
-72.4194
-72.4124
-72.408
-72.3998
-72.3878
-72.3729
-72.3562
-72.3381
-72.3192
-72.3097
-72.314
-72.328
-72.3369
-72.3379
-72.3327
-72.3269
-72.3318
-72.335
-72.3324
-72.3248
-72.3137
-72.3001
-72.2849
-72.2684
-72.2511
-72.2332
-72.2148
-72.1962
-72.1773
-72.1584
-72.1394
-72.1204
-72.1014
-72.0824
-72.0636
-72.0448
-72.0262
-72.0077
-71.9894
-71.9712
-71.9532
-71.9353
-71.9176
-71.9001
-71.8827
-71.8656
-71.8486
-71.8318
-71.8152
-71.7988
-71.7825
-71.7665
-71.7506
-71.7349
-71.7194
-71.704
-71.6889
-71.6739
-71.6591
-71.6445
-71.63
-71.6157
-71.6016
-71.5877
-71.5739
-71.5603
-71.5469
-71.5336
-71.5205
-71.5075
-71.4947
-71.4821
-71.4696
-71.4572
-71.4451
-71.433
-71.4212
-71.4094
-71.3978
-71.3864
-71.3751
-71.3639
-71.3529
-71.342
-71.3313
-71.3207
-71.3102
-71.2999
-71.2897
-71.2796
-71.2697
-71.2599
-71.2502
-71.2407
-71.2312
-71.2219
-71.2127
-71.2037
-71.1947
-71.1859
-71.1771
-71.1685
-71.16
-71.1517
-71.1434
-71.1352
-71.1272
-71.1192
-71.1113
-71.1036
-71.096
-71.0884
-71.081
-71.0736
-71.0664
-71.0592
-71.0522
-71.0452
-71.0384
-71.0316
-71.0249
-71.0183
-71.0118
-71.0054
-70.9991
-70.9928
-70.9867
-70.9806
-70.9746
-70.9687
-70.9629
-70.9571
-70.9514
-70.9459
-70.9403
-70.9349
-70.9295
-70.9243
-70.9191
-70.9139
-70.9088
-70.9039
-70.8989
-70.8941
-70.8893
-70.8846
-70.8799
-70.8753
-70.8708
-70.8664
-70.862
-70.8576
-70.8534
-70.8492
-70.845
-70.841
-70.8369
-70.833
-70.8291
-70.8252
-70.8214
-70.8177
-70.814
-70.8104
-70.8068
-70.8033
-70.7998
-70.7964
-70.7931
-70.7897
-70.7865
-70.7833
-70.7801
-70.777
-70.7739
-70.7709
-70.7679
-70.765
-70.7621
-70.7593
-70.7565
-70.7538
-70.751
-70.7484
-70.7458
-70.7432
-70.7406
-70.7381
-70.7357
-70.7333
-70.7309
-70.7285
-70.7262
-70.724
-70.7217
-70.7196
-70.7174
-70.7153
-70.7132
-70.7111
-70.7091
-70.7071
-70.7052
-70.7033
-70.7014
-70.6995
-70.6977
-70.6959
-70.6942
-70.6924
-70.6908
-70.6891
-70.6874
-70.6858
-70.6843
-70.6827
-70.6812
-70.6797
-70.6782
-70.6768
-70.6753
-70.6739
-70.6726
-70.6712
-70.6699
-70.6686
-70.6674
-70.6661
-70.6649
-70.6637
-70.6625
-70.6614
-70.6602
-70.6591
-70.658
-70.657
-70.6559
-70.6549
-70.6539
-70.6529
-70.652
-70.651
-70.6501
-70.6492
-70.6483
-70.6474
-70.6466
-70.6458
-70.6449
-70.6442
-70.6434
-70.6426
-70.6419
-70.6411
-70.6404
-70.6397
-70.6391
-70.6384
-70.6377
-70.6371
-70.6365
-70.6359
-70.6353
-70.6347
-70.6342
-70.6336
-70.6331
-70.6326
-70.632
-70.6316
-70.6311
-70.6306
-70.6301
-70.6297
-70.6293
-70.6289
-70.6284
-70.628
-70.6277
-70.6273
-70.6269
-70.6266
-70.6262
-70.6259
-70.6256
-70.6253
-70.625
-70.6247
-70.6244
-70.6241
-70.6239
-70.6236
-70.6234
-70.6231
-70.6229
-70.6227
-70.6225
-70.6223
-70.6221
-70.6219
-70.6217
-70.6215
-70.6214
-70.6212
-70.6211
-70.6209
-70.6208
-70.6207
-70.6206
-70.6205
-70.6203
-70.6203
-70.6202
-70.6201
-70.62
-70.6199
-70.6199
-70.6198
-70.6197
-70.6197
-70.6196
-70.6196
-70.6196
-70.6195
-70.6195
-70.6195
-70.6195
-70.6195
-70.6195
-70.6195
-70.6195
-70.6195
-70.6195
-70.6195
-70.6196
-70.6196
-70.6196
-70.6197
-70.6197
-70.6197
-70.6198
-70.6198
-70.6199
-70.62
-70.62
-70.6201
-70.6202
-70.6202
-70.6203
-70.6204
-70.6205
-70.6206
-70.6206
-70.6207
-70.6208
-70.6209
-70.621
-70.6211
-70.6212
-70.6213
-70.6214
-70.6216
-70.6217
-70.6218
-70.6219
-70.622
-70.6221
-70.6223
-70.6224
-70.6225
-70.6227
-70.6228
-70.6229
-70.6231
-70.6232
-70.6233
-70.6235
-70.6236
-70.6238
-70.6239
-70.6241
-70.6242
-70.6244
-70.6245
-70.6247
-70.6248
-70.625
-70.6251
-70.6253
-70.6254
-70.6256
-70.6258
-70.6259
-70.6261
-70.6262
-70.6264
-70.6266
-70.6267
-70.6269
-70.6271
-70.6272
-70.6274
-70.6276
-70.6278
-70.6279
-70.6281
-70.6283
-70.6284
-70.6286
-70.6288
-70.629
-70.6291
-70.6293
-70.6295
-70.6297
-70.6298
-70.63
-70.6302
-70.6304
-70.6305
-70.6307
-70.6309
-70.6311
-70.6312
-70.6314
-70.6316
-70.6318
-70.6319
-70.6321
-70.6323
-70.6325
-70.6326
-70.6328
-70.633
-70.6332
-70.6333
-70.6335
-70.6337
-70.6339
-70.6341
-70.6342
-70.6344
-70.6346
-70.6348
-70.6349
-70.6351
-70.6353
-70.6354
-70.6356
-70.6358
-70.636
-70.6361
-70.6363
-70.6365
-70.6367
-70.6368
-70.637
-70.6372
-70.6373
-70.6375
-70.6377
-70.6378
-70.638
-70.6382
-70.6383
-70.6385
-70.6387
-70.6388
-70.639
-70.6392
-70.6393
-70.6395
-70.6397
-70.6398
-70.64
-70.6402
-70.6403
-70.6405
-70.6406
-70.6408
-70.641
-70.6411
-70.6413
-70.6414
-70.6416
-70.6417
-70.6419
-70.642
-70.6422
-70.6424
-70.6425
-70.6427
-70.6428
-70.643
-70.6431
-70.6433
-70.6434
-70.6436
-70.6437

