-70
-70.2123
-70.2926
-70.3252
-70.3404
-70.3491
-70.3555
-70.3609
-70.3659
-70.3708
-70.3757
-70.3805
-70.3853
-70.39
-70.3948
-70.3995
-70.4042
-70.4088
-70.4134
-70.4179
-70.4224
-70.4269
-70.4313
-70.4357
-70.44
-70.4443
-70.4485
-70.4527
-70.4569
-70.461
-70.465
-70.469
-70.473
-70.4769
-70.4808
-70.4846
-70.4884
-70.4921
-70.4958
-70.4995
-70.5031
-70.5067
-70.5102
-70.5137
-70.5172
-70.5206
-70.524
-70.5273
-70.5306
-70.5339
-70.5371
-70.5403
-70.5434
-70.5465
-70.5496
-70.5526
-70.5556
-70.5586
-70.5615
-70.5644
-70.5673
-70.5701
-70.5729
-70.5757
-70.5784
-70.5811
-70.5838
-70.5864
-70.589
-70.5916
-70.5941
-70.5966
-70.5991
-70.6016
-70.604
-70.6064
-70.6087
-70.6111
-70.6134
-70.6157
-70.6179
-70.6201
-70.6223
-70.6245
-70.6266
-70.6287
-70.6308
-70.6329
-70.6349
-70.6369
-70.6389
-70.6409
-70.6428
-70.6448
-70.6466
-70.6485
-70.6503
-70.6522
-70.654
-70.6557
-70.6575
-70.6592
-70.6609
-70.6626
-70.6643
-70.6659
-70.6675
-70.6691
-70.6707
-70.6723
-70.6738
-70.6754
-70.6769
-70.6783
-70.6798
-70.6812
-70.6827
-70.6841
-70.6855
-70.6868
-70.6882
-70.6895
-70.6908
-70.6921
-70.6934
-70.6947
-70.6959
-70.6972
-70.6984
-70.6996
-70.7008
-70.702
-70.7031
-70.7042
-70.7054
-70.7065
-70.7076
-70.7087
-70.7097
-70.7108
-70.7118
-70.7128
-70.7138
-70.7148
-70.7158
-70.7168
-70.7177
-70.7187
-70.7196
-70.7205
-70.7214
-70.7223
-70.7232
-70.7241
-70.7249
-70.7258
-70.7266
-70.7274
-70.7282
-70.729
-70.7298
-70.7306
-70.7314
-70.7321
-70.7329
-70.7336
-70.7343
-70.735
-70.7357
-70.7364
-70.7371
-70.7378
-70.7384
-70.7391
-70.7397
-70.7404
-70.741
-70.7416
-70.7422
-70.7428
-70.7434
-70.744
-70.7446
-70.7451
-70.7457
-70.7462
-70.7468
-70.7473
-70.7478
-70.7484
-70.7489
-70.7494
-70.7499
-70.7504
-70.7508
-70.7513
-70.7518
-70.7522
-70.7527
-70.7531
-70.7536
-70.754
-70.7544
-70.7549
-70.7553
-70.7557
-70.7561
-70.7565
-70.7569
-70.7573
-70.7576
-70.758
-70.7584
-70.7587
-70.7591
-70.7594
-70.7598
-70.7601
-70.7605
-70.7608
-70.7611
-70.7614
-70.7617
-70.7621
-70.7624
-70.7627
-70.763
-70.7632
-70.7635
-70.7638
-70.7641
-70.7644
-70.7646
-70.7649
-70.7651
-70.7654
-70.7656
-70.7659
-70.7661
-70.7664
-70.7666
-70.7668
-70.7671
-70.7673
-70.7675
-70.7677
-70.7679
-70.7681
-70.7684
-70.7686
-70.7688
-70.769
-70.7691
-70.7693
-70.7695
-70.7697
-70.7699
-70.7701
-70.7702
-70.7704
-70.7706
-70.7707
-70.7709
-70.7711
-70.7712
-70.7714
-70.7715
-70.7717
-70.7718
-70.772
-70.7721
-70.7722
-70.7724
-70.7725
-70.7726
-70.7728
-70.7729
-70.773
-70.7731
-70.7733
-70.7734
-70.7735
-70.7736
-70.7737
-70.7738
-70.7739
-70.774
-70.7741
-70.7742
-70.7743
-70.7744
-70.7745
-70.7746
-70.7747
-70.7748
-70.7749
-70.775
-70.7751
-70.7751
-70.7752
-70.7753
-70.7754
-70.7755
-70.7755
-70.7756
-70.7757
-70.7758
-70.7758
-70.7759
-70.776
-70.776
-70.7761
-70.7762
-70.7762
-70.7763
-70.7763
-70.7764
-70.7765
-70.7765
-70.7766
-70.7766
-70.7767
-70.7767
-70.7768
-70.7768
-70.7769
-70.7769
-70.777
-70.777
-70.7771
-70.7771
-70.7771
-70.7772
-70.7772
-70.7773
-70.7773
-70.7773
-70.7774
-70.7774
-70.7774
-70.7775
-70.7775
-70.7775
-70.7776
-70.7776
-70.7776
-70.7777
-70.7777
-70.7777
-70.7777
-70.7778
-70.7778
-70.7778
-70.7778
-70.7779
-70.7779
-70.7779
-70.7779
-70.778
-70.778
-70.778
-70.778
-70.778
-70.7781
-70.7781
-70.7781
-70.7781
-70.7781
-70.7781
-70.7782
-70.7782
-70.7782
-70.7782
-70.7782
-70.7782
-70.7782
-70.7783
-70.7783
-70.7783
-70.7783
-70.7783
-70.7783
-70.7783
-70.7783
-70.7783
-70.7783
-70.7784
-70.7784
-70.7784
-70.7784
-70.7784
-70.7784
-70.7784
-70.7784
-70.7784
-70.7784
-70.7784
-70.7784
-70.7784
-70.7784
-70.7784
-70.7784
-70.7784
-70.7784
-70.7784
-70.7785
-70.7785
-70.7785
-70.7785
-70.7785
-70.7785
-70.7785
-70.7785
-70.7785
-70.7785
-70.7785
-70.7785
-70.7785
-70.7785
-70.7785
-70.7785
-70.7785
-70.7785
-70.7785
-70.7785
-70.7785
-70.7785
-70.7785
-70.7785
-70.7785
-70.7785
-70.7785
-70.7785
-70.7785
-70.7785
-70.7785
-70.7784
-70.7784
-70.7784
-70.7784
-70.7784
-70.7784
-70.7784
-70.7784
-70.7784
-70.7784
-70.7784
-70.7784
-70.7784
-70.7784
-70.7784
-70.7784
-70.7784
-70.7784
-70.7784
-70.7784
-70.7784
-70.7784
-70.7784
-70.7784
-70.7784
-70.7784
-70.7784
-70.7784
-70.7784
-70.7783
-70.7783
-70.7783
-70.7783
-70.7783
-70.7783
-70.7783
-70.7833
-71.0014
-71.6742
-72.5567
-73.3225
-65.9184
-54.2918
-51.1076
-48.8067
-42.8627
-4.77165
-44.0868
-70.4657
-69.6388
-68.3914
-67.0713
-65.7136
-64.3547
-63.0312
-61.7764
-60.618
-59.5766
-58.6648
-57.8853
-57.0117
-56.2187
-55.6639
-55.2543
-54.9409
-54.6996
-54.5153
-54.3645
-54.2525
-54.1652
-54.1025
-54.0597
-54.0314
-54.0091
-53.9918
-53.9816
-53.9767
-53.9722
-53.9674
-53.9659
-53.9654
-53.9633
-53.9634
-53.9654
-53.9686
-53.9725
-53.9769
-53.9815
-53.9839
-53.9783
-53.9731
-53.9719
-53.9731
-53.9755
-53.9785
-53.9819
-53.9854
-53.9891
-53.9929
-53.9968
-54
-53.9945
-53.9906
-53.9897
-53.9907
-53.9927
-53.994
-53.9894
-53.9867
-53.9864
-53.9873
-53.989
-53.991
-53.9931
-53.9949
-53.9966
-53.9981
-53.9992
-53.9911
-53.984
-53.9799
-53.977
-53.9737
-53.968
-53.9556
-53.9079
-53.5427
-53.4708
-53.5695
-53.6628
-53.7261
-53.7651
-53.7881
-53.8012
-53.8088
-53.8142
-53.8196
-53.8266
-53.8366
-53.851
-53.8716
-53.9005
-53.94
-53.9912
-54.0532
-54.0877
-54.0524
-54.0373
-54.0342
-54.0373
-54.0443
-54.0466
-54.031
-54.0236
-54.023
-54.0264
-54.0321
-54.0394
-54.048
-54.0578
-54.0687
-54.0807
-54.0939
-54.1085
-54.1245
-54.142
-54.1611
-54.182
-54.2048
-54.2296
-54.2565
-54.2858
-54.3178
-54.3527
-54.3907
-54.432
-54.477
-54.5259
-54.579
-54.6366
-54.6991
-54.7668
-54.4754
-54.0734
-53.9688
-53.96
-53.9781
-54.0022
-54.0263
-54.0491
-54.0704
-54.0905
-54.11
-54.1293
-54.1488
-54.169
-54.19
-54.2123
-54.2359
-54.2619
-54.2898
-54.3196
-54.3517
-54.3862
-54.4236
-54.464
-54.5077
-54.557
-54.6157
-54.6827
-54.7546
-54.8286
-54.9061
-54.9884
-55.0764
-55.1706
-55.2714
-55.3804
-55.5126
-55.6606
-55.8168
-55.9792
-56.1452
-56.3162
-56.4941
-56.679
-55.1353
-53.8191
-53.5879
-53.6227
-53.7103
-53.7947
-53.865
-53.9214
-53.9666
-54.0038
-54.035
-54.0622
-54.0869
-54.1112
-54.136
-54.1611
-54.1859
-54.2116
-54.2386
-54.2665
-54.2958
-54.3269
-54.3603
-54.3972
-54.4397
-54.4895
-54.5442
-54.6009
-54.6596
-54.7246
-54.7949
-54.8689
-54.9476
-55.0316
-55.1244
-55.2285
-55.3486
-55.4838
-55.6236
-55.7647
-55.9092
-56.0644
-56.2343
-56.4099
-56.5899
-56.7769
-56.983
-57.2015
-57.4524
-57.7241
-57.9908
-58.2493
-58.5044
-58.7599
-56.8875
-53.772
-53.1705
-53.1937
-53.3531
-53.5119
-53.6398
-53.7368
-53.8096
-53.8647
-53.907
-53.9402
-53.9669
-53.9892
-54.0086
-54.0259
-54.0421
-54.0574
-54.0729
-54.0899
-54.1074
-54.1249
-54.143
-54.1619
-54.1826
-54.2059
-54.2317
-54.2589
-54.2884
-54.3241
-54.3631
-54.4033
-54.4454
-54.4902
-54.5382
-54.5899
-54.651
-54.72
-54.7919
-54.8683
-54.9616
-55.0651
-55.1707
-55.2793
-55.3927
-55.5117
-55.4459
-54.1086
-53.7992
-53.775
-53.8184
-53.8704
-53.9176
-53.9573
-53.9907
-54.0192
-54.0437
-54.0656
-54.0859
-54.1067
-54.1325
-54.1639
-54.2011
-54.2465
-54.2911
-54.3361
-54.3795
-54.4231
-54.4703
-54.5325
-54.6246
-54.7371
-54.8563
-54.9769
-55.0895
-55.1999
-55.3127
-55.4316
-55.5623
-55.7231
-55.9205
-56.1453
-56.3797
-56.6169
-56.8544
-57.0962
-57.3471
-57.6126
-57.8979
-58.2157
-58.5721
-58.9613
-59.3673
-59.7811
-60.2025
-60.6235
-61.0444
-61.4693
-61.9043
-62.3625
-62.8484
-63.3699
-63.9078
-64.4376
-64.9529
-65.4514
-65.9283
-66.3845
-66.8259
-67.2655
-67.7115
-68.1633
-68.6225
-69.0711
-69.4903
-69.876
-70.2333
-70.5621
-70.8615
-71.1395
-71.4055
-71.6626
-71.9165
-72.1668
-72.4051
-72.6224
-72.8147
-72.9878
-73.1431
-73.2794
-73.4007
-73.5145
-73.6233
-73.7302
-73.8345
-73.9329
-74.0232
-74.1007
-74.1655
-74.2225
-74.273
-74.3164
-74.3549
-74.3917
-74.429
-74.4681
-74.5059
-74.541
-74.5728
-74.5973
-74.6155
-74.6319
-74.6463
-74.658
-74.6684
-74.6776
-74.6885
-74.7015
-74.7144
-74.7266
-74.7383
-74.7459
-74.7495
-74.7517
-74.7542
-74.7567
-74.759
-74.7599
-74.7616
-74.7663
-74.7722
-74.7773
-74.7826
-74.7861
-74.7871
-74.7847
-74.7814
-74.7802
-74.7796
-74.7773
-74.7747
-74.7759
-74.7783
-74.7816
-74.7844
-74.7877
-74.7907
-74.7895
-74.7855
-74.781
-74.7803
-74.78
-74.7767
-74.7726
-74.7729
-74.7752
-74.7767
-74.7785
-74.7808
-74.7826
-74.7816
-74.7772
-74.773
-74.7704
-74.7695
-74.7674
-74.763
-74.7603
-74.7637
-74.7667
-74.7689
-74.7714
-74.773
-74.773
-74.7722
-74.7691
-74.7658
-74.7637
-74.7603
-74.7565
-74.7512
-74.7474
-74.7495
-74.7523
-74.7544
-74.7574
-74.7586
-74.7574
-74.7568
-74.7572
-74.7569
-74.755
-74.7511
-74.7472
-74.7429
-74.7387
-74.7386
-74.743
-74.7459
-74.7472
-74.7486
-74.7484
-74.7472
-74.7459
-74.7465
-74.7482
-74.7464
-74.7419
-74.7347
-74.7263
-74.7192
-74.7173
-74.721
-74.7261
-74.7288
-74.7296
-74.7316
-74.7335
-74.7346
-74.7346
-74.7358
-74.7377
-74.7386
-74.7357
-74.7294
-74.7208
-74.7107
-74.7076
-74.7102
-74.7156
-74.719
-74.7187
-74.7181
-74.7187
-74.7214
-74.7232
-74.7243
-74.7235
-74.7209
-74.7181
-74.7129
-74.7073
-74.6998
-74.6905
-74.6847
-74.6836
-74.6896
-74.6965
-74.7007
-74.7019
-74.7037
-74.7077
-74.7137
-74.718
-74.7195
-74.7175
-74.7134
-74.7093
-74.7044
-74.697
-74.6891
-74.6809
-74.6765
-74.6744
-74.6735
-74.6765
-74.6812
-74.6844
-74.6871
-74.6907
-74.6953
-74.698
-74.6989
-74.698
-74.6945
-74.6895
-74.6829
-74.6767
-74.6712
-74.6638
-74.6562
-74.652
-74.6512
-74.6511
-74.6514
-74.6533
-74.6571
-74.664
-74.6716
-74.6811
-74.6879
-74.6919
-74.6938
-74.693
-74.6904
-74.6845
-74.6752
-74.6662
-74.6579
-74.6503
-74.6422
-74.6371
-74.6362
-74.6371
-74.637
-74.6326
-74.6303
-74.6332
-74.6378
-74.6448
-74.6509
-74.6556
-74.6615
-74.6677
-74.669
-74.6651
-74.6609
-74.6571
-74.6494
-74.6377
-74.6247
-74.6116
-74.6012
-74.5982
-74.6001
-74.603
-74.6078
-74.6115
-74.6105
-74.6129
-74.6207
-74.6254
-74.6244
-74.624
-74.6288
-74.6363
-74.6434
-74.6486
-74.6507
-74.6488
-74.6451
-74.6426
-74.6374
-74.6276
-74.6142
-74.5969
-74.5818
-74.5731
-74.5681
-74.5669
-74.5669
-74.5707
-74.5751
-74.5788
-74.5863
-74.5976
-74.6064
-74.6084
-74.6036
-74.5968
-74.5961
-74.5976
-74.5983
-74.5997
-74.6016
-74.6034
-74.6014
-74.5974
-74.5954
-74.5919
-74.5852
-74.5738
-74.5599
-74.5433
-74.5255
-74.5158
-74.5133
-74.5129
-74.5175
-74.5227
-74.5314
-74.5447
-74.5552
-74.5642
-74.5737
-74.5795
-74.5801
-74.5767
-74.5722
-74.5672
-74.5656
-74.5654
-74.5651
-74.5663
-74.566
-74.563
-74.5613
-74.5551
-74.5456
-74.5424
-74.5424
-74.5399
-74.532
-74.5182
-74.5023
-74.488
-74.4773
-74.4663
-74.4613
-74.4629
-74.4692
-74.4797
-74.4933
-74.5018
-74.505
-74.5088
-74.5122
-74.5162
-74.5225
-74.5275
-74.5327
-74.5348
-74.5292
-74.5208
-74.5151
-74.5102
-74.507
-74.5078
-74.5063
-74.5024
-74.4948
-74.4843
-74.4783
-74.4729
-74.4665
-74.4605
-74.4538
-74.4449
-74.4346
-74.4241
-74.4136
-74.4067
-74.4048
-74.4001
-74.3957
-74.3994
-74.4115
-74.4202
-74.4235
-74.4248
-74.4244
-74.4268
-74.4305
-74.434
-74.4384
-74.4474
-74.4538
-74.4592
-74.4632
-74.4689
-74.4712
-74.4647
-74.4525
-74.4396
-74.431
-74.4265
-74.425
-74.4237
-74.4247
-74.426
-74.4238
-74.4176
-74.4104
-74.404
-74.3971
-74.3885
-74.3771
-74.3618
-74.3468
-74.3327
-74.3204
-74.3155
-74.312
-74.304
-74.3011
-74.3068
-74.3169
-74.3267
-74.3406
-74.3521
-74.3572
-74.3544
-74.3479
-74.3397
-74.3311
-74.3234
-74.3166
-74.3174
-74.3245
-74.3273
-74.3308
-74.3335
-74.3343
-74.3367
-74.3357
-74.3318
-74.3321
-74.3344
-74.3328
-74.3322
-74.3299
-74.3252
-74.3206
-74.3118
-74.3008
-74.2924
-74.291
-74.2907
-74.2872
-74.2823
-74.2828
-74.2827
-74.2804
-74.2786
-74.2764
-74.2705
-74.2607
-74.2514
-74.2445
-74.2334
-74.2162
-74.1957
-74.1814
-74.1708
-74.1626
-74.1498
-74.1321
-74.1202
-74.1175
-74.1278
-74.1476
-74.1738
-74.1912
-74.1965
-74.1988
-74.2087
-74.2146
-74.2164
-74.2138
-74.2061
-74.1958
-74.1837
-74.1724
-74.1581
-74.1439
-74.1346
-74.1329
-74.1294
-74.1239
-74.112
-74.0972
-74.0852
-74.0766
-74.0783
-74.0861
-74.0888
-74.0895
-74.0891
-74.0868
-74.0873
-74.0873
-74.0809
-74.0675
-74.0556
-74.0563
-74.0633
-74.0765
-74.0885
-74.0903
-74.0828
-74.0759
-74.0699
-74.0649
-74.0578
-74.0509
-74.0449
-74.0402
-74.0302
-74.0194
-74.0219
-74.0275
-74.0277
-74.0215
-74.019
-74.0179
-74.016
-74.014
-74.0121
-74.0119
-74.0091
-74.0049
-73.9988
-73.9989
-74.0038
-74.0035
-73.9968
-73.9951
-73.9907
-73.9793
-73.9618
-73.9406
-73.922
-73.9092
-73.9028
-73.902
-73.8984
-73.8893
-73.8782
-73.8623
-73.8462
-73.8329
-73.8322
-73.8411
-73.8502
-73.8605
-73.8618
-73.8609
-73.8637
-73.8667
-73.8674
-73.8736
-73.8741
-73.8658
-73.8511
-73.8383
-73.8286
-73.8227
-73.8245
-73.8323
-73.8414
-73.8417
-73.8387
-73.8382
-73.8382
-73.8415
-73.8395
-73.835
-73.8314
-73.8229
-73.8128
-73.8006
-73.7837
-73.7649
-73.7484
-73.7294
-73.7079
-73.69
-73.6712
-73.6493
-73.6247
-73.5979
-73.5698
-73.544
-73.5233
-73.5042
-73.4897
-73.48
-73.4687
-73.4525
-73.4369
-73.4348
-73.4475
-73.4631
-73.4691
-73.4649
-73.4532
-73.4364
-73.4161
-73.4005
-73.4002
-73.4127
-73.4287
-73.4354
-73.4396
-73.4383
-73.4307
-73.4293
-73.4307
-73.4256
-73.414
-73.3975
-73.3775
-73.3551
-73.331
-73.3057
-73.2801
-73.2622
-73.2465
-73.228
-73.2068
-73.186
-73.1726
-73.1586
-73.1411
-73.1207
-73.0981
-73.0742
-73.0492
-73.0249
-73.01
-72.998
-72.9933
-72.9935
-72.996
-72.9946
-72.9972
-72.996
-72.9884
-72.9757
-72.9607
-72.9539
-72.9473
-72.9363
-72.9215
-72.9037
-72.8839
-72.8627
-72.8405
-72.8177
-72.7944
-72.7708
-72.747
-72.7231
-72.6991
-72.6752
-72.6513
-72.6364
-72.6294
-72.6203
-72.6075
-72.5918
-72.5741
-72.555
-72.5351
-72.5162
-72.51
-72.5062
-72.4984
-72.4869
-72.4725
-72.4562
-72.4386
-72.4202
-72.4012
-72.3819
-72.3624
-72.3427
-72.3229
-72.3032
-72.2835
-72.2639
-72.2444
-72.225
-72.2057
-72.1866
-72.1677
-72.1489
-72.1304
-72.112
-72.0937
-72.0757
-72.0579
-72.0403
-72.0228
-72.0056
-71.9885
-71.9717
-71.955
-71.9386
-71.9223
-71.9143
-71.9206
-71.9254
-71.925
-71.9204
-71.9127
-71.903
-71.892
-71.8801
-71.8675
-71.8545
-71.8413
-71.8279
-71.8143
-71.8008
-71.7872
-71.7736
-71.7601
-71.7467
-71.7334
-71.7202
-71.707
-71.694
-71.6812
-71.6684
-71.6558
-71.6433
-71.6309
-71.6187
-71.6067
-71.5947
-71.5829
-71.5713
-71.5598
-71.5484
-71.5372
-71.5261
-71.5151
-71.5043
-71.4936
-71.4831
-71.4727
-71.4624
-71.4523
-71.4422
-71.4323
-71.4226
-71.4129
-71.4034
-71.394
-71.3848
-71.3756
-71.3666
-71.3577
-71.3489
-71.3402
-71.3317
-71.3232
-71.3149
-71.3067
-71.2986
-71.2906
-71.2827
-71.275
-71.2673
-71.2597
-71.2523
-71.2449
-71.2377
-71.2305
-71.2234
-71.2165
-71.2096
-71.2028
-71.1961
-71.1895
-71.183
-71.1766
-71.1703
-71.164
-71.1579
-71.1518
-71.1458
-71.1399
-71.1341
-71.1283
-71.1227
-71.1171
-71.1116
-71.1061
-71.1008
-71.0955
-71.0903
-71.0852
-71.0801
-71.0751
-71.0702
-71.0654
-71.0606
-71.0559
-71.0512
-71.0467
-71.0422
-71.0377
-71.0333
-71.029
-71.0247
-71.0205
-71.0164
-71.0123
-71.0083
-71.0044
-71.0005
-70.9966
-70.9928
-70.9891
-70.9854
-70.9818
-70.9782
-70.9747
-70.9712
-70.9678
-70.9644
-70.9611
-70.9579
-70.9546
-70.9515
-70.9484
-70.9453
-70.9422
-70.9393
-70.9363
-70.9334
-70.9306
-70.9278
-70.925
-70.9223
-70.9196
-70.917
-70.9143
-70.9118
-70.9093
-70.9068
-70.9043
-70.9019
-70.8996
-70.8972
-70.8949
-70.8927
-70.8904
-70.8882
-70.8861
-70.884
-70.8819
-70.8798
-70.8778
-70.8758
-70.8738
-70.8719
-70.87
-70.8681
-70.8663
-70.8645
-70.8627
-70.861
-70.8592
-70.8575
-70.8559
-70.8542
-70.8526
-70.851
-70.8495
-70.8479
-70.8464
-70.8449
-70.8435
-70.842
-70.8406
-70.8392
-70.8378
-70.8365
-70.8352
-70.8339
-70.8326
-70.8313
-70.8301
-70.8289
-70.8277
-70.8265
-70.8254
-70.8242
-70.8231
-70.822
-70.8209
-70.8199
-70.8188
-70.8178
-70.8168
-70.8158
-70.8149
-70.8139
-70.813
-70.8121
-70.8112
-70.8103
-70.8094
-70.8085
-70.8077
-70.8069
-70.8061
-70.8053
-70.8045
-70.8037
-70.803
-70.8022
-70.8015
-70.8008
-70.8001
-70.7994
-70.7988
-70.7981
-70.7974
-70.7968
-70.7962
-70.7956
-70.795
-70.7944
-70.7938
-70.7933
-70.7927
-70.7922
-70.7916
-70.7911
-70.7906
-70.7901
-70.7896
-70.7891
-70.7886
-70.7882
-70.7877
-70.7873
-70.7868
-70.7864
-70.786
-70.7856
-70.7852
-70.7848
-70.7844
-70.784
-70.7837
-70.7833
-70.7829
-70.7826
-70.7823
-70.7819
-70.7816
-70.7813
-70.781
-70.7807
-70.7804
-70.7801
-70.7798
-70.7795
-70.7793
-70.779
-70.7787
-70.7785
-70.7782
-70.778
-70.7778
-70.7775
-70.7773
-70.7771
-70.7769
-70.7767
-70.7765
-70.7763
-70.7761
-70.7759
-70.7757
-70.7755
-70.7754
-70.7752
-70.775
-70.7749
-70.7747
-70.7746
-70.7744
-70.7743
-70.7741
-70.774
-70.7739
-70.7737
-70.7736
-70.7735
-70.7734
-70.7733
-70.7732
-70.773
-70.7729
-70.7728
-70.7727
-70.7726
-70.7726
-70.7725
-70.7724
-70.7723
-70.7722
-70.7721
-70.7721
-70.772
-70.7719
-70.7719
-70.7718
-70.7717
-70.7717
-70.7716
-70.7716
-70.7715
-70.7715
-70.7714
-70.7714
-70.7713
-70.7713
-70.7713
-70.7712
-70.7712
-70.7711
-70.7711
-70.7711
-70.7711
-70.771
-70.771
-70.771
-70.771
-70.7709
-70.7709
-70.7709
-70.7709
-70.7709
-70.7709
-70.7709
-70.7708
-70.7708
-70.7708
-70.7708
-70.7708
-70.7708
-70.7708
-70.7708
-70.7708
-70.7708
-70.7708
-70.7708
-70.7708
-70.7708
-70.7708
-70.7708
-70.7709
-70.7709
-70.7709
-70.7709
-70.7709
-70.7709
-70.7709
-70.7709
-70.771
-70.771
-70.771
-70.771
-70.771
-70.771
-70.7711
-70.7711
-70.7711
-70.7711
-70.7711
-70.7712
-70.7712
-70.7712
-70.7712
-70.7713
-70.7713
-70.7713
-70.7713
-70.7714
-70.7714
-70.7714
-70.7714
-70.7715
-70.7715
-70.7715
-70.7715
-70.7716
-70.7716
-70.7716
-70.7717
-70.7717
-70.7717
-70.7717
-70.7718
-70.7718
-70.7718
-70.7719
-70.7719
-70.7719
-70.772
-70.772
-70.772
-70.7721
-70.7721
-70.7721
-70.7722
-70.7722
-70.7722
-70.7723
-70.7723
-70.7723
-70.7724
-70.7724
-70.7724
-70.7724
-70.7725
-70.7725
-70.7725
-70.7726
-70.7726
-70.7726
-70.7727
-70.7727
-70.7727
-70.7728
-70.7728
-70.7728
-70.7729
-70.7729
-70.7729
-70.773
-70.773
-70.773
-70.7731
-70.7731
-70.7731
-70.7732
-70.7732
-70.7732
-70.7733
-70.7733
-70.7733
-70.7734
-70.7734
-70.7734
-70.7735
-70.7735
-70.7735
-70.7736
-70.7736
-70.7736
-70.7737
-70.7737
-70.7737
-70.7737
-70.7738
-70.7738

