-70
-70.1661
-70.23
-70.2566
-70.2695
-70.2773
-70.283
-70.2879
-70.2925
-70.297
-70.3014
-70.3057
-70.31
-70.3142
-70.3185
-70.3226
-70.3268
-70.3309
-70.335
-70.3391
-70.3431
-70.3471
-70.351
-70.3549
-70.3588
-70.3626
-70.3664
-70.3701
-70.3738
-70.3775
-70.3811
-70.3847
-70.3883
-70.3918
-70.3953
-70.3987
-70.4021
-70.4055
-70.4088
-70.4121
-70.4154
-70.4186
-70.4218
-70.4249
-70.428
-70.4311
-70.4341
-70.4372
-70.4401
-70.4431
-70.446
-70.4489
-70.4517
-70.4545
-70.4573
-70.4601
-70.4628
-70.4655
-70.4682
-70.4708
-70.4734
-70.476
-70.4785
-70.481
-70.4835
-70.486
-70.4884
-70.4908
-70.4932
-70.4955
-70.4978
-70.5001
-70.5024
-70.5046
-70.5068
-70.509
-70.5112
-70.5133
-70.5154
-70.5175
-70.5196
-70.5216
-70.5236
-70.5256
-70.5276
-70.5295
-70.5315
-70.5334
-70.5352
-70.5371
-70.5389
-70.5407
-70.5425
-70.5443
-70.5461
-70.5478
-70.5495
-70.5512
-70.5528
-70.5545
-70.5561
-70.5577
-70.5593
-70.5609
-70.5624
-70.5639
-70.5655
-70.5669
-70.5684
-70.5699
-70.5713
-70.5727
-70.5741
-70.5755
-70.5769
-70.5782
-70.5796
-70.5809
-70.5822
-70.5835
-70.5848
-70.586
-70.5873
-70.5885
-70.5897
-70.5909
-70.5921
-70.5932
-70.5944
-70.5955
-70.5966
-70.5977
-70.5988
-70.5999
-70.601
-70.602
-70.603
-70.6041
-70.6051
-70.6061
-70.6071
-70.608
-70.609
-70.6099
-70.6109
-70.6118
-70.6127
-70.6136
-70.6145
-70.6154
-70.6162
-70.6171
-70.6179
-70.6187
-70.6196
-70.6204
-70.6212
-70.622
-70.6227
-70.6235
-70.6242
-70.625
-70.6257
-70.6265
-70.6272
-70.6279
-70.6286
-70.6293
-70.6299
-70.6306
-70.6313
-70.6319
-70.6325
-70.6332
-70.6338
-70.6344
-70.635
-70.6356
-70.6362
-70.6368
-70.6374
-70.6379
-70.6385
-70.639
-70.6396
-70.6401
-70.6406
-70.6411
-70.6417
-70.6422
-70.6427
-70.6431
-70.6436
-70.6441
-70.6446
-70.645
-70.6455
-70.6459
-70.6464
-70.6468
-70.6472
-70.6476
-70.6481
-70.6485
-70.6489
-70.6493
-70.6497
-70.65
-70.6504
-70.6508
-70.6512
-70.6515
-70.6519
-70.6522
-70.6526
-70.6529
-70.6533
-70.6536
-70.6539
-70.6542
-70.6545
-70.6549
-70.6552
-70.6555
-70.6558
-70.656
-70.6563
-70.6566
-70.6569
-70.6572
-70.6574
-70.6577
-70.658
-70.6582
-70.6585
-70.6587
-70.6589
-70.6592
-70.6594
-70.6597
-70.6599
-70.6601
-70.6603
-70.6605
-70.6607
-70.661
-70.6612
-70.6614
-70.6616
-70.6617
-70.6619
-70.6621
-70.6623
-70.6625
-70.6627
-70.6628
-70.663
-70.6632
-70.6633
-70.6635
-70.6637
-70.6638
-70.664
-70.6641
-70.6643
-70.6644
-70.6646
-70.6647
-70.6648
-70.665
-70.6651
-70.6652
-70.6653
-70.6655
-70.6656
-70.6657
-70.6658
-70.6659
-70.666
-70.6662
-70.6663
-70.6664
-70.6665
-70.6666
-70.6667
-70.6668
-70.6669
-70.667
-70.667
-70.6671
-70.6672
-70.6673
-70.6674
-70.6675
-70.6675
-70.6676
-70.6677
-70.6678
-70.6678
-70.6679
-70.668
-70.668
-70.6681
-70.6682
-70.6682
-70.6683
-70.6683
-70.6684
-70.6685
-70.6685
-70.6686
-70.6686
-70.6687
-70.6687
-70.6688
-70.6688
-70.6688
-70.6689
-70.6689
-70.669
-70.669
-70.669
-70.6691
-70.6691
-70.6691
-70.6692
-70.6692
-70.6692
-70.6693
-70.6693
-70.6693
-70.6694
-70.6694
-70.6694
-70.6694
-70.6694
-70.6695
-70.6695
-70.6695
-70.6695
-70.6695
-70.6696
-70.6696
-70.6696
-70.6696
-70.6696
-70.6696
-70.6696
-70.6697
-70.6697
-70.6697
-70.6697
-70.6697
-70.6697
-70.6697
-70.6697
-70.6697
-70.6697
-70.6697
-70.6697
-70.6697
-70.6697
-70.6697
-70.6697
-70.6697
-70.6697
-70.6697
-70.6697
-70.6697
-70.6697
-70.6697
-70.6697
-70.6697
-70.6697
-70.6697
-70.6697
-70.6697
-70.6697
-70.6697
-70.6697
-70.6697
-70.6697
-70.6697
-70.6696
-70.6696
-70.6696
-70.6696
-70.6696
-70.6696
-70.6696
-70.6696
-70.6696
-70.6695
-70.6695
-70.6695
-70.6695
-70.6695
-70.6695
-70.6695
-70.6695
-70.6694
-70.6694
-70.6694
-70.6694
-70.6694
-70.6694
-70.6693
-70.6693
-70.6693
-70.6693
-70.6693
-70.6693
-70.6693
-70.6692
-70.6692
-70.6692
-70.6692
-70.6692
-70.6691
-70.6691
-70.6691
-70.6691
-70.6691
-70.6691
-70.669
-70.669
-70.669
-70.669
-70.669
-70.6689
-70.6689
-70.6689
-70.6689
-70.6689
-70.6688
-70.6688
-70.6688
-70.6688
-70.6688
-70.6687
-70.6687
-70.6687
-70.6687
-70.6686
-70.6686
-70.6686
-70.6686
-70.6686
-70.6685
-70.6685
-70.6685
-70.6685
-70.6685
-70.6684
-56.152
-51.821
-49.9377
-48.1056
-44.2034
4.8907
-23.9097
-52.7932
-68.8105
-68.1282
-67.0858
-66.0121
-64.9291
-63.8548
-62.806
-61.7983
-60.845
-59.9563
-59.1397
-58.4237
-57.837
-57.3614
-56.9514
-56.3019
-55.5175
-55.0375
-54.7049
-54.4501
-54.2462
-54.0808
-53.9458
-53.8364
-53.7485
-53.6783
-53.6229
-53.5799
-53.5471
-53.5227
-53.5053
-53.494
-53.4883
-53.4732
-53.438
-53.4103
-53.3961
-53.3902
-53.3885
-53.3887
-53.3874
-53.3833
-53.3804
-53.38
-53.381
-53.3828
-53.3843
-53.3841
-53.3829
-53.383
-53.384
-53.3856
-53.3875
-53.389
-53.3896
-53.3885
-53.3883
-53.389
-53.3901
-53.3915
-53.3931
-53.3945
-53.3954
-53.3947
-53.3935
-53.3932
-53.3937
-53.3945
-53.3956
-53.3968
-53.3981
-53.3995
-53.4004
-53.4004
-53.3999
-53.398
-53.3969
-53.3968
-53.3971
-53.3978
-53.3986
-53.3996
-53.4005
-53.4016
-53.4026
-53.4037
-53.4048
-53.4058
-53.4044
-53.4022
-53.401
-53.4002
-53.3986
-53.3967
-53.3956
-53.3948
-53.3939
-53.3925
-53.3896
-53.3813
-53.3118
-53.2283
-53.2384
-53.2668
-53.2923
-53.3112
-53.3242
-53.333
-53.3392
-53.3442
-53.3487
-53.3567
-53.3737
-53.3879
-53.3954
-53.4001
-53.4042
-53.4084
-53.4124
-53.4151
-53.4166
-53.4154
-53.4147
-53.4153
-53.4168
-53.4191
-53.4218
-53.4252
-53.4291
-53.4335
-53.4384
-53.444
-53.4501
-53.4569
-53.4644
-53.4727
-53.4817
-53.4917
-53.5026
-53.5145
-53.5276
-53.5419
-53.5575
-53.5745
-53.5299
-53.4875
-53.465
-53.4422
-53.4332
-53.4325
-53.4357
-53.441
-53.4474
-53.4545
-53.4577
-53.4476
-53.4422
-53.4381
-53.4297
-53.4211
-53.4178
-53.4179
-53.4199
-53.4229
-53.4264
-53.4304
-53.4347
-53.4393
-53.4442
-53.4495
-53.4553
-53.4617
-53.4688
-53.4765
-53.4847
-53.4934
-53.5028
-53.513
-53.5241
-53.5361
-53.5494
-53.5642
-53.5805
-53.5116
-53.4659
-53.4494
-53.4462
-53.4399
-53.4274
-53.4229
-53.4237
-53.4273
-53.4322
-53.4378
-53.4439
-53.4504
-53.4571
-53.4584
-53.4436
-53.4354
-53.4333
-53.4343
-53.4276
-53.4226
-53.4163
-53.4136
-53.4136
-53.4151
-53.4174
-53.4202
-53.4234
-53.427
-53.4309
-53.4352
-53.4399
-53.4451
-53.4507
-53.4565
-53.4627
-53.4694
-53.4766
-53.4845
-53.4937
-53.5035
-53.5143
-53.5265
-53.5402
-53.5553
-53.5663
-53.4884
-53.4474
-53.4338
-53.4319
-53.4352
-53.4406
-53.4471
-53.435
-53.4253
-53.4226
-53.4238
-53.4268
-53.4307
-53.4353
-53.4404
-53.4462
-53.4525
-53.4592
-53.4663
-53.474
-53.4814
-53.4549
-53.4377
-53.4314
-53.4308
-53.4329
-53.4366
-53.4375
-53.4277
-53.4226
-53.4214
-53.4162
-53.4133
-53.4132
-53.4149
-53.4173
-53.4201
-53.4233
-53.4269
-53.431
-53.4353
-53.44
-53.4449
-53.4502
-53.4559
-53.4627
-53.4705
-53.4791
-53.4884
-53.4988
-53.51
-53.522
-53.4797
-53.4452
-53.4278
-53.4144
-53.4102
-53.4105
-53.413
-53.4168
-53.4206
-53.4175
-53.4155
-53.4157
-53.4173
-53.4198
-53.423
-53.4266
-53.4305
-53.4347
-53.4393
-53.4447
-53.4509
-53.4575
-53.4645
-53.472
-53.4603
-53.4297
-53.4162
-53.4123
-53.4125
-53.4144
-53.4172
-53.4207
-53.4248
-53.4304
-53.4379
-53.4493
-53.4635
-53.4777
-53.4904
-53.5022
-53.514
-53.5274
-53.5468
-53.5731
-53.6041
-53.6397
-53.6783
-53.7147
-53.749
-53.7841
-53.8216
-53.8644
-53.9156
-53.9769
-54.0464
-54.1223
-54.2055
-54.291
-54.378
-54.4689
-54.5667
-54.6752
-54.7979
-54.9388
-55.0961
-55.2675
-55.4532
-55.652
-55.8554
-56.0644
-56.2848
-56.5225
-56.7816
-57.0692
-57.3894
-57.7294
-58.0874
-58.4674
-58.861
-59.2538
-59.6476
-60.0528
-60.4754
-60.9251
-61.4066
-61.9176
-62.4369
-62.9602
-63.4901
-64.0179
-64.5239
-65.0088
-65.4805
-65.9494
-66.4236
-66.9069
-67.4007
-67.88
-68.3402
-68.7804
-69.2016
-69.5956
-69.9546
-70.2844
-70.5967
-70.8992
-71.1926
-71.4853
-71.7603
-72.0158
-72.2509
-72.465
-72.6624
-72.8409
-72.9986
-73.1412
-73.2724
-73.397
-73.5204
-73.641
-73.7519
-73.8508
-73.9401
-74.0188
-74.0899
-74.1535
-74.2087
-74.256
-74.299
-74.3403
-74.3827
-74.4233
-74.4613
-74.4946
-74.5238
-74.5486
-74.5702
-74.5898
-74.6074
-74.6223
-74.6349
-74.6473
-74.6611
-74.6744
-74.6873
-74.6983
-74.7077
-74.7153
-74.721
-74.7252
-74.7291
-74.7326
-74.7343
-74.7357
-74.7385
-74.7424
-74.746
-74.7502
-74.7535
-74.7561
-74.7583
-74.76
-74.7605
-74.7605
-74.7602
-74.7594
-74.7589
-74.7597
-74.7604
-74.761
-74.7619
-74.7626
-74.7631
-74.7635
-74.7622
-74.7598
-74.7575
-74.7546
-74.7524
-74.7512
-74.752
-74.7531
-74.7535
-74.7547
-74.7561
-74.7562
-74.7571
-74.7576
-74.7559
-74.7531
-74.7509
-74.7467
-74.7427
-74.7411
-74.7425
-74.7442
-74.7451
-74.7463
-74.746
-74.744
-74.7422
-74.7419
-74.7406
-74.7381
-74.7354
-74.7326
-74.7284
-74.7245
-74.724
-74.7273
-74.7315
-74.7342
-74.7362
-74.7364
-74.7347
-74.7329
-74.7312
-74.7302
-74.7284
-74.7253
-74.7215
-74.7183
-74.7134
-74.7093
-74.7098
-74.7134
-74.7176
-74.7186
-74.7195
-74.7192
-74.7176
-74.7144
-74.7116
-74.7116
-74.711
-74.7087
-74.7044
-74.7016
-74.6982
-74.6966
-74.6971
-74.6981
-74.7009
-74.7038
-74.7057
-74.7082
-74.7084
-74.706
-74.7025
-74.6991
-74.698
-74.6957
-74.692
-74.688
-74.6845
-74.6828
-74.6827
-74.6817
-74.6797
-74.6792
-74.6795
-74.6808
-74.6853
-74.6897
-74.6896
-74.6874
-74.6829
-74.6792
-74.6782
-74.6753
-74.6712
-74.669
-74.6687
-74.6672
-74.6685
-74.6679
-74.6659
-74.6637
-74.662
-74.6629
-74.666
-74.6702
-74.6733
-74.6736
-74.6711
-74.6665
-74.661
-74.6562
-74.6556
-74.6535
-74.6501
-74.6482
-74.647
-74.646
-74.6453
-74.6448
-74.6436
-74.6428
-74.6429
-74.6435
-74.644
-74.6449
-74.6465
-74.6483
-74.6494
-74.6475
-74.6419
-74.6342
-74.6296
-74.6299
-74.6273
-74.6248
-74.623
-74.6228
-74.625
-74.6245
-74.6225
-74.6229
-74.6242
-74.625
-74.6243
-74.6237
-74.6235
-74.6218
-74.6219
-74.6231
-74.6251
-74.6246
-74.62
-74.6125
-74.6053
-74.6015
-74.5993
-74.5963
-74.5935
-74.59
-74.5878
-74.5906
-74.5945
-74.5955
-74.5974
-74.6027
-74.6055
-74.6047
-74.6015
-74.5988
-74.5976
-74.5953
-74.5942
-74.5927
-74.5899
-74.5876
-74.5851
-74.5806
-74.5741
-74.5641
-74.5577
-74.5547
-74.5551
-74.5554
-74.5543
-74.5543
-74.5524
-74.5522
-74.5582
-74.5661
-74.5716
-74.5741
-74.5745
-74.5748
-74.5734
-74.571
-74.5705
-74.5695
-74.5655
-74.561
-74.5559
-74.5516
-74.548
-74.5452
-74.5391
-74.5316
-74.5231
-74.5101
-74.5034
-74.5061
-74.5103
-74.5111
-74.5093
-74.507
-74.5098
-74.5167
-74.5216
-74.5235
-74.5287
-74.5353
-74.539
-74.5395
-74.5382
-74.537
-74.5398
-74.5404
-74.5383
-74.533
-74.5257
-74.517
-74.5091
-74.502
-74.4954
-74.4877
-74.4798
-74.471
-74.4606
-74.4474
-74.4336
-74.4278
-74.4299
-74.4352
-74.4382
-74.4414
-74.4436
-74.4495
-74.4566
-74.4645
-74.469
-74.4664
-74.467
-74.4691
-74.4751
-74.4807
-74.484
-74.4859
-74.4845
-74.4849
-74.4889
-74.4892
-74.486
-74.4797
-74.4707
-74.46
-74.4514
-74.4427
-74.4374
-74.4321
-74.4211
-74.4084
-74.3962
-74.381
-74.3662
-74.3561
-74.3484
-74.3393
-74.333
-74.3338
-74.3376
-74.3507
-74.3674
-74.3803
-74.3894
-74.3985
-74.4054
-74.4034
-74.3984
-74.3987
-74.399
-74.398
-74.3992
-74.4054
-74.4133
-74.4213
-74.4258
-74.4242
-74.4185
-74.414
-74.4109
-74.4052
-74.3971
-74.3891
-74.3835
-74.3825
-74.3804
-74.3745
-74.3635
-74.3477
-74.3377
-74.3307
-74.3193
-74.3086
-74.2954
-74.282
-74.2703
-74.2601
-74.2513
-74.2415
-74.2332
-74.228
-74.226
-74.2272
-74.236
-74.2466
-74.2542
-74.2562
-74.2639
-74.2691
-74.2746
-74.2815
-74.2806
-74.2714
-74.2626
-74.2579
-74.2536
-74.2568
-74.263
-74.2663
-74.2705
-74.2811
-74.289
-74.2876
-74.2845
-74.2779
-74.2681
-74.2615
-74.2603
-74.2603
-74.2563
-74.2529
-74.2474
-74.2395
-74.2338
-74.2302
-74.2347
-74.2382
-74.2347
-74.2229
-74.2065
-74.1914
-74.1735
-74.1562
-74.1467
-74.1452
-74.1393
-74.1336
-74.127
-74.1197
-74.1131
-74.1052
-74.1
-74.1006
-74.0996
-74.1028
-74.1045
-74.099
-74.0926
-74.0845
-74.0746
-74.0609
-74.0436
-74.0332
-74.035
-74.0437
-74.0526
-74.055
-74.0503
-74.043
-74.0424
-74.0447
-74.0479
-74.0517
-74.0583
-74.0643
-74.0671
-74.0613
-74.0512
-74.0384
-74.0299
-74.0332
-74.0403
-74.0428
-74.0469
-74.0504
-74.0519
-74.0578
-74.0563
-74.0463
-74.0396
-74.0365
-74.0327
-74.0283
-74.0203
-74.0161
-74.0168
-74.0214
-74.0206
-74.0126
-74.0068
-74.0033
-74.0034
-74.0083
-74.0152
-74.0239
-74.0263
-74.0192
-74.007
-73.9951
-73.9859
-73.979
-73.9708
-73.9585
-73.9433
-73.9271
-73.907
-73.8895
-73.8817
-73.8721
-73.8663
-73.8675
-73.8728
-73.8789
-73.8776
-73.8677
-73.8622
-73.8672
-73.8744
-73.8846
-73.889
-73.8858
-73.8809
-73.8742
-73.8666
-73.8589
-73.8477
-73.8352
-73.8232
-73.8111
-73.7945
-73.7775
-73.7605
-73.7406
-73.7282
-73.7238
-73.7254
-73.7286
-73.7342
-73.7325
-73.7222
-73.7057
-73.6851
-73.6697
-73.6628
-73.6567
-73.6498
-73.6403
-73.6265
-73.6142
-73.6022
-73.5918
-73.5837
-73.5803
-73.5868
-73.5894
-73.594
-73.6054
-73.6086
-73.6061
-73.6015
-73.597
-73.5901
-73.5838
-73.5734
-73.5575
-73.5375
-73.5144
-73.4891
-73.4623
-73.4372
-73.4224
-73.4122
-73.3981
-73.3794
-73.3572
-73.3326
-73.3103
-73.2937
-73.2816
-73.2717
-73.2577
-73.2393
-73.2177
-73.1938
-73.1695
-73.1531
-73.1378
-73.1206
-73.1098
-73.0988
-73.0884
-73.0952
-73.1095
-73.1154
-73.1164
-73.1178
-73.1135
-73.1115
-73.1085
-73.1083
-73.1066
-73.0987
-73.0855
-73.074
-73.0712
-73.0725
-73.0685
-73.064
-73.0616
-73.0544
-73.0418
-73.0252
-73.0065
-72.9956
-72.9862
-72.9731
-72.9563
-72.9367
-72.9151
-72.8999
-72.8905
-72.8784
-72.8626
-72.8469
-72.8427
-72.8481
-72.8558
-72.8643
-72.8733
-72.8815
-72.8821
-72.8755
-72.8637
-72.8482
-72.8301
-72.8103
-72.7891
-72.7671
-72.7443
-72.7211
-72.6974
-72.6736
-72.6541
-72.6458
-72.637
-72.6244
-72.6086
-72.5905
-72.5709
-72.5502
-72.5288
-72.507
-72.4849
-72.4626
-72.4402
-72.4179
-72.3955
-72.3733
-72.3511
-72.3291
-72.3072
-72.2855
-72.2639
-72.2425
-72.2213
-72.2004
-72.1796
-72.159
-72.1386
-72.1185
-72.0985
-72.0788
-72.0593
-72.0399
-72.0208
-72.002
-71.9833
-71.9648
-71.9466
-71.9285
-71.9107
-71.893
-71.8756
-71.8584
-71.8414
-71.8245
-71.8079
-71.7915
-71.7752
-71.7676
-71.7747
-71.7804
-71.7808
-71.7767
-71.7695
-71.7601
-71.7493
-71.7375
-71.7251
-71.7122
-71.699
-71.6856
-71.6721
-71.6585
-71.6449
-71.6313
-71.6178
-71.6043
-71.5909
-71.5776
-71.5644
-71.5513
-71.5383
-71.5255
-71.5128
-71.5002
-71.4877
-71.4754
-71.4632
-71.4512
-71.4393
-71.4275
-71.4158
-71.4044
-71.393
-71.3818
-71.3707
-71.3597
-71.3489
-71.3382
-71.3276
-71.3172
-71.3069
-71.2968
-71.2867
-71.2768
-71.2671
-71.2574
-71.2479
-71.2385
-71.2292
-71.22
-71.2109
-71.202
-71.1932
-71.1845
-71.1759
-71.1674
-71.159
-71.1507
-71.1426
-71.1345
-71.1266
-71.1187
-71.111
-71.1033
-71.0958
-71.0884
-71.081
-71.0738
-71.0666
-71.0596
-71.0526
-71.0457
-71.0389
-71.0323
-71.0257
-71.0191
-71.0127
-71.0064
-71.0001
-70.994
-70.9879
-70.9819
-70.976
-70.9701
-70.9644
-70.9587
-70.9531
-70.9476
-70.9421
-70.9367
-70.9314
-70.9262
-70.921
-70.916
-70.9109
-70.906
-70.9011
-70.8963
-70.8916
-70.8869
-70.8823
-70.8778
-70.8733
-70.8689
-70.8645
-70.8603
-70.856
-70.8519
-70.8478
-70.8437
-70.8397
-70.8358
-70.8319
-70.8281
-70.8244
-70.8206
-70.817
-70.8134
-70.8099
-70.8064
-70.8029
-70.7995
-70.7962
-70.7929
-70.7897
-70.7865
-70.7834
-70.7803
-70.7772
-70.7742
-70.7713
-70.7683
-70.7655
-70.7627
-70.7599
-70.7572
-70.7545
-70.7518
-70.7492
-70.7466
-70.7441
-70.7416
-70.7392
-70.7368
-70.7344
-70.7321
-70.7298
-70.7275
-70.7253
-70.7231
-70.721
-70.7188
-70.7168
-70.7147
-70.7127
-70.7107
-70.7088
-70.7069
-70.705
-70.7031
-70.7013
-70.6995
-70.6978
-70.696
-70.6943
-70.6927
-70.691
-70.6894
-70.6878
-70.6863
-70.6848
-70.6833
-70.6818
-70.6803
-70.6789
-70.6775
-70.6761
-70.6748
-70.6735
-70.6722
-70.6709
-70.6697
-70.6684
-70.6672
-70.666
-70.6649
-70.6638
-70.6626
-70.6615
-70.6605
-70.6594
-70.6584
-70.6574
-70.6564
-70.6554
-70.6545
-70.6535
-70.6526
-70.6517
-70.6508
-70.65
-70.6491
-70.6483
-70.6475
-70.6467
-70.646
-70.6452
-70.6445
-70.6437
-70.643
-70.6423
-70.6417
-70.641
-70.6404
-70.6397
-70.6391
-70.6385
-70.6379
-70.6374
-70.6368
-70.6362
-70.6357
-70.6352
-70.6347
-70.6342
-70.6337
-70.6332
-70.6328
-70.6323
-70.6319
-70.6315
-70.6311
-70.6307
-70.6303
-70.6299
-70.6295
-70.6292
-70.6288
-70.6285
-70.6282
-70.6279
-70.6276
-70.6273
-70.627
-70.6267
-70.6264
-70.6262
-70.6259
-70.6257
-70.6255
-70.6252
-70.625
-70.6248
-70.6246
-70.6244
-70.6242
-70.6241
-70.6239
-70.6237
-70.6236
-70.6234
-70.6233
-70.6232
-70.623
-70.6229
-70.6228
-70.6227
-70.6226
-70.6225
-70.6224
-70.6223
-70.6223
-70.6222
-70.6221
-70.6221
-70.622
-70.622
-70.6219
-70.6219
-70.6219
-70.6218
-70.6218
-70.6218
-70.6218
-70.6218
-70.6218
-70.6218
-70.6218
-70.6218
-70.6218
-70.6218
-70.6218
-70.6219
-70.6219
-70.6219
-70.622
-70.622
-70.6221
-70.6221
-70.6222
-70.6222
-70.6223
-70.6223
-70.6224
-70.6225
-70.6226
-70.6226
-70.6227
-70.6228
-70.6229
-70.623
-70.623
-70.6231
-70.6232
-70.6233
-70.6234
-70.6235
-70.6236
-70.6237
-70.6238
-70.624
-70.6241
-70.6242
-70.6243
-70.6244
-70.6245
-70.6247
-70.6248
-70.6249
-70.625
-70.6252
-70.6253
-70.6254
-70.6256
-70.6257
-70.6258
-70.626
-70.6261
-70.6263
-70.6264
-70.6265
-70.6267
-70.6268
-70.627
-70.6271
-70.6273
-70.6274
-70.6276
-70.6277
-70.6279
-70.628
-70.6282
-70.6283
-70.6285
-70.6287
-70.6288
-70.629
-70.6291
-70.6293
-70.6295
-70.6296
-70.6298
-70.6299
-70.6301
-70.6303
-70.6304
-70.6306
-70.6308
-70.6309
-70.6311
-70.6312
-70.6314
-70.6316
-70.6317
-70.6319
-70.6321
-70.6322
-70.6324
-70.6326
-70.6327
-70.6329
-70.6331
-70.6332
-70.6334
-70.6336
-70.6338
-70.6339
-70.6341
-70.6343
-70.6344
-70.6346
-70.6348
-70.6349
-70.6351
-70.6353
-70.6354
-70.6356
-70.6358
-70.6359
-70.6361
-70.6363
-70.6364
-70.6366
-70.6368
-70.6369
-70.6371
-70.6372
-70.6374
-70.6376
-70.6377
-70.6379
-70.6381
-70.6382
-70.6384
-70.6385
-70.6387
-70.6389
-70.639
-70.6392
-70.6393
-70.6395
-70.6397
-70.6398
-70.64
-70.6401
-70.6403
-70.6405
-70.6406
-70.6408
-70.6409
-70.6411
-70.6412
-70.6414
-70.6415
-70.6417
-70.6418
-70.642
-70.6421
-70.6423
-70.6424
-70.6426
-70.6427
-70.6429
-70.643
-70.6432
-70.6433
-70.6435
-70.6436
-70.6438
-70.6439
-70.644
-70.6442
-70.6443
-70.6445
-70.6446
-70.6447
-70.6449
-70.645
-70.6452
-70.6453

