-70
-70.1661
-70.23
-70.2566
-70.2695
-70.2773
-70.283
-70.2879
-70.2925
-70.297
-70.3014
-70.3057
-70.31
-70.3142
-70.3185
-70.3226
-70.3268
-70.3309
-70.335
-70.3391
-70.3431
-70.3471
-70.351
-70.3549
-70.3588
-70.3626
-70.3664
-70.3701
-70.3738
-70.3775
-70.3811
-70.3847
-70.3883
-70.3918
-70.3953
-70.3987
-70.4021
-70.4055
-70.4088
-70.4121
-70.4154
-70.4186
-70.4218
-70.4249
-70.428
-70.4311
-70.4341
-70.4372
-70.4401
-70.4431
-70.446
-70.4489
-70.4517
-70.4545
-70.4573
-70.4601
-70.4628
-70.4655
-70.4682
-70.4708
-70.4734
-70.476
-70.4785
-70.481
-70.4835
-70.486
-70.4884
-70.4908
-70.4932
-70.4955
-70.4978
-70.5001
-70.5024
-70.5046
-70.5068
-70.509
-70.5112
-70.5133
-70.5154
-70.5175
-70.5196
-70.5216
-70.5236
-70.5256
-70.5276
-70.5295
-70.5315
-70.5334
-70.5352
-70.5371
-70.5389
-70.5407
-70.5425
-70.5443
-70.5461
-70.5478
-70.5495
-70.5512
-70.5528
-70.5545
-70.5561
-70.5577
-70.5593
-70.5609
-70.5624
-70.5639
-70.5655
-70.5669
-70.5684
-70.5699
-70.5713
-70.5727
-70.5741
-70.5755
-70.5769
-70.5782
-70.5796
-70.5809
-70.5822
-70.5835
-70.5848
-70.586
-70.5873
-70.5885
-70.5897
-70.5909
-70.5921
-70.5932
-70.5944
-70.5955
-70.5966
-70.5977
-70.5988
-70.5999
-70.601
-70.602
-70.603
-70.6041
-70.6051
-70.6061
-70.6071
-70.608
-70.609
-70.6099
-70.6109
-70.6118
-70.6127
-70.6136
-70.6145
-70.6154
-70.6162
-70.6171
-70.6179
-70.6187
-70.6196
-70.6204
-70.6212
-70.622
-70.6227
-70.6235
-70.6242
-70.625
-70.6257
-70.6265
-70.6272
-70.6279
-70.6286
-70.6293
-70.6299
-70.6306
-70.6313
-70.6319
-70.6325
-70.6332
-70.6338
-70.6344
-70.635
-70.6356
-70.6362
-70.6368
-70.6374
-70.6379
-70.6385
-70.639
-70.6396
-70.6401
-70.6406
-70.6411
-70.6417
-70.6422
-70.6427
-70.6431
-70.6436
-70.6441
-70.6446
-70.645
-70.6455
-70.6459
-70.6464
-70.6468
-70.6472
-70.6476
-70.6481
-70.6485
-70.6489
-70.6493
-70.6497
-70.65
-70.6504
-70.6508
-70.6512
-70.6515
-70.6519
-70.6522
-70.6526
-70.6529
-70.6533
-70.6536
-70.6539
-70.6542
-70.6545
-70.6549
-70.6552
-70.6555
-70.6558
-70.656
-70.6563
-70.6566
-70.6569
-70.6572
-70.6574
-70.6577
-70.658
-70.6582
-70.6585
-70.6587
-70.6589
-70.6592
-70.6594
-70.6597
-70.6599
-70.6601
-70.6603
-70.6605
-70.6607
-70.661
-70.6612
-70.6614
-70.6616
-70.6617
-70.6619
-70.6621
-70.6623
-70.6625
-70.6627
-70.6628
-70.663
-70.6632
-70.6633
-70.6635
-70.6637
-70.6638
-70.664
-70.6641
-70.6643
-70.6644
-70.6646
-70.6647
-70.6648
-70.665
-70.6651
-70.6652
-70.6653
-70.6655
-70.6656
-70.6657
-70.6658
-70.6659
-70.666
-70.6662
-70.6663
-70.6664
-70.6665
-70.6666
-70.6667
-70.6668
-70.6669
-70.667
-70.667
-70.6671
-70.6672
-70.6673
-70.6674
-70.6675
-70.6675
-70.6676
-70.6677
-70.6678
-70.6678
-70.6679
-70.668
-70.668
-70.6681
-70.6682
-70.6682
-70.6683
-70.6683
-70.6684
-70.6685
-70.6685
-70.6686
-70.6686
-70.6687
-70.6687
-70.6688
-70.6688
-70.6688
-70.6689
-70.6689
-70.669
-70.669
-70.669
-70.6691
-70.6691
-70.6691
-70.6692
-70.6692
-70.6692
-70.6693
-70.6693
-70.6693
-70.6694
-70.6694
-70.6694
-70.6694
-70.6694
-70.6695
-70.6695
-70.6695
-70.6695
-70.6695
-70.6696
-70.6696
-70.6696
-70.6696
-70.6696
-70.6696
-70.6696
-70.6697
-70.6697
-70.6697
-70.6697
-70.6697
-70.6697
-70.6697
-70.6697
-70.6697
-70.6697
-70.6697
-70.6697
-70.6697
-70.6697
-70.6697
-70.6697
-70.6697
-70.6697
-70.6697
-70.6697
-70.6697
-70.6697
-70.6697
-70.6697
-70.6697
-70.6697
-70.6697
-70.6697
-70.6697
-70.6697
-70.6697
-70.6697
-70.6697
-70.6697
-70.6697
-70.6696
-70.6696
-70.6696
-70.6696
-70.6696
-70.6696
-70.6696
-70.6696
-70.6696
-70.6695
-70.6695
-70.6695
-70.6695
-70.6695
-70.6695
-70.6695
-70.6695
-70.6694
-70.6694
-70.6694
-70.6694
-70.6694
-70.6694
-70.6693
-70.6693
-70.6693
-70.6693
-70.6693
-70.6693
-70.6693
-70.6692
-70.6692
-70.6692
-70.6692
-70.6692
-70.6691
-70.6691
-70.6691
-70.6691
-70.6691
-70.6691
-70.669
-70.669
-70.669
-70.669
-70.669
-70.6689
-70.6689
-70.6689
-70.6689
-70.6689
-70.6688
-70.6688
-70.6688
-70.6688
-70.6688
-70.6687
-70.6687
-70.6687
-70.6687
-70.6686
-70.6686
-70.6686
-70.6686
-70.6686
-70.6685
-70.6685
-70.6685
-70.6685
-70.6685
-70.6684
-70.6684
-70.6684
-70.6684
-70.6684
-70.6683
-70.6683
-70.6683
-70.6683
-70.6682
-70.6682
-70.6682
-70.6682
-70.6682
-70.6681
-70.6681
-70.6681
-70.6681
-70.6681
-70.6732
-70.9108
-71.6886
-72.6461
-73.3992
-59.0656
-52.5562
-50.3031
-48.3802
-44.5895
2.40227
-23.0195
-51.4104
-68.9163
-68.273
-67.2329
-66.1585
-65.072
-63.9912
-62.9337
-61.9157
-60.9519
-60.0537
-59.1404
-58.3022
-57.5771
-56.9454
-56.3936
-55.9146
-55.497
-55.1297
-54.8136
-54.5506
-54.334
-54.1566
-54.0107
-53.8857
-53.7801
-53.6954
-53.6292
-53.5779
-53.5384
-53.5081
-53.4809
-53.4574
-53.4383
-53.4252
-53.4165
-53.4111
-53.408
-53.4067
-53.4043
-53.4003
-53.3957
-53.3923
-53.3913
-53.3919
-53.3936
-53.3959
-53.3987
-53.4019
-53.4053
-53.4042
-53.4019
-53.4004
-53.3973
-53.3962
-53.3967
-53.3982
-53.4003
-53.4027
-53.4053
-53.408
-53.4108
-53.4137
-53.4167
-53.4197
-53.4208
-53.4129
-53.4077
-53.4054
-53.4041
-53.3997
-53.3967
-53.3949
-53.3934
-53.3913
-53.3874
-53.3793
-53.355
-53.1455
-52.9359
-52.9704
-53.0502
-53.1209
-53.1726
-53.2077
-53.2312
-53.2479
-53.2611
-53.2733
-53.2862
-53.3293
-53.3796
-53.4021
-53.4131
-53.4211
-53.4291
-53.4382
-53.4414
-53.44
-53.4403
-53.4429
-53.4474
-53.4533
-53.4605
-53.4689
-53.4787
-53.4897
-53.5021
-53.516
-53.5314
-53.5484
-53.5672
-53.5879
-53.6106
-53.6355
-53.6628
-53.6927
-53.7254
-53.7612
-53.8004
-53.8431
-53.8898
-53.9406
-53.9959
-53.7873
-53.5326
-53.4521
-53.4355
-53.441
-53.4544
-53.4707
-53.4882
-53.5063
-53.5249
-53.4912
-53.4584
-53.447
-53.4468
-53.4518
-53.4594
-53.4684
-53.4783
-53.4892
-53.501
-53.5134
-53.5266
-53.5406
-53.5555
-53.5715
-53.589
-53.6086
-53.6299
-53.6538
-53.68
-53.7079
-53.7377
-53.7697
-53.8043
-53.8417
-53.8823
-53.9278
-53.9775
-54.0325
-54.0928
-54.1587
-53.7106
-53.453
-53.3872
-53.381
-53.3933
-53.4108
-53.4294
-53.4477
-53.4657
-53.4833
-53.501
-53.5186
-53.5362
-53.4816
-53.4454
-53.4336
-53.433
-53.4374
-53.444
-53.4519
-53.4605
-53.47
-53.4798
-53.4901
-53.501
-53.513
-53.5258
-53.5396
-53.555
-53.5718
-53.5904
-53.6101
-53.6317
-53.6556
-53.681
-53.7085
-53.7397
-53.7733
-53.8091
-53.8493
-53.894
-53.9443
-53.998
-54.0546
-54.1175
-54.1865
-54.2601
-54.3419
-54.2256
-53.5426
-53.3589
-53.3272
-53.3376
-53.3588
-53.3814
-53.4027
-53.4227
-53.4417
-53.4602
-53.478
-53.4953
-53.5123
-53.5294
-53.5477
-53.5675
-53.5892
-53.6118
-53.502
-53.443
-53.4253
-53.4241
-53.4287
-53.4357
-53.4436
-53.4521
-53.4611
-53.4712
-53.4822
-53.4939
-53.506
-53.5187
-53.5323
-53.5485
-53.5664
-53.5851
-53.6048
-53.6257
-53.6482
-53.6733
-53.7023
-53.7357
-53.7719
-53.8123
-53.857
-53.9065
-53.9585
-53.6651
-53.4486
-53.3921
-53.3858
-53.3944
-53.4072
-53.4214
-53.4361
-53.4505
-53.4647
-53.4791
-53.4781
-53.4436
-53.4283
-53.425
-53.427
-53.4315
-53.4372
-53.4441
-53.4516
-53.46
-53.4687
-53.4783
-53.4887
-53.4997
-53.512
-53.5253
-53.5392
-53.5542
-53.5704
-53.5903
-53.6189
-53.6576
-53.7064
-53.7718
-53.8415
-53.9088
-53.9749
-54.0407
-54.1126
-54.2124
-54.3464
-54.5077
-54.685
-54.858
-55.021
-55.178
-55.3379
-55.5074
-55.6938
-55.9242
-56.202
-56.4955
-56.7997
-57.1081
-57.4201
-57.7376
-58.0637
-58.4045
-58.769
-59.1683
-59.616
-60.0805
-60.5612
-61.0502
-61.536
-62.0182
-62.4943
-62.9693
-63.4526
-63.9488
-64.4783
-65.022
-65.5541
-66.0828
-66.5911
-67.0733
-67.5305
-67.9595
-68.3705
-68.7719
-69.1742
-69.582
-69.9791
-70.3496
-70.7032
-71.0289
-71.3242
-71.5938
-71.8358
-72.0606
-72.2729
-72.4806
-72.6833
-72.876
-73.0501
-73.2122
-73.3592
-73.4875
-73.6025
-73.7044
-73.7965
-73.8816
-73.9641
-74.0455
-74.123
-74.1918
-74.2532
-74.3097
-74.3581
-74.3986
-74.4342
-74.4658
-74.494
-74.5211
-74.5493
-74.5768
-74.6023
-74.6246
-74.6451
-74.6636
-74.6778
-74.6888
-74.6988
-74.7079
-74.7151
-74.7236
-74.7325
-74.7418
-74.75
-74.7561
-74.7614
-74.7664
-74.7691
-74.7701
-74.772
-74.7741
-74.7747
-74.7768
-74.7805
-74.7847
-74.7884
-74.7897
-74.7906
-74.7909
-74.7907
-74.7892
-74.7889
-74.7894
-74.7894
-74.7889
-74.789
-74.7899
-74.791
-74.7914
-74.7899
-74.7885
-74.7871
-74.7853
-74.7841
-74.7835
-74.7848
-74.7859
-74.7862
-74.7863
-74.786
-74.7864
-74.786
-74.7838
-74.7811
-74.7789
-74.7776
-74.7773
-74.7758
-74.7743
-74.7744
-74.7748
-74.7752
-74.7753
-74.7744
-74.7745
-74.7729
-74.7706
-74.7684
-74.7673
-74.768
-74.7675
-74.766
-74.7647
-74.7643
-74.7643
-74.7652
-74.7659
-74.7651
-74.7643
-74.7624
-74.7591
-74.757
-74.7561
-74.7566
-74.7554
-74.7531
-74.7515
-74.7503
-74.7497
-74.7494
-74.7509
-74.7524
-74.7531
-74.7534
-74.7502
-74.7463
-74.746
-74.7476
-74.7477
-74.7459
-74.7432
-74.741
-74.7395
-74.7384
-74.737
-74.7364
-74.736
-74.737
-74.7389
-74.7383
-74.7334
-74.7297
-74.7318
-74.7347
-74.734
-74.7315
-74.729
-74.7268
-74.7265
-74.7252
-74.7235
-74.7224
-74.7206
-74.721
-74.7234
-74.7257
-74.725
-74.7225
-74.7212
-74.7221
-74.7237
-74.723
-74.7195
-74.716
-74.7131
-74.7113
-74.7093
-74.7073
-74.7056
-74.7026
-74.7001
-74.7003
-74.7035
-74.7068
-74.7069
-74.7068
-74.7066
-74.7079
-74.709
-74.7071
-74.704
-74.7015
-74.6994
-74.6962
-74.693
-74.6917
-74.6906
-74.6875
-74.6851
-74.6849
-74.6857
-74.6888
-74.6941
-74.6965
-74.6952
-74.693
-74.6918
-74.6911
-74.6886
-74.6868
-74.6847
-74.6812
-74.6784
-74.6744
-74.6706
-74.6682
-74.6657
-74.6611
-74.661
-74.663
-74.6664
-74.6721
-74.6753
-74.6747
-74.6751
-74.6738
-74.6689
-74.6675
-74.6682
-74.6684
-74.6689
-74.6667
-74.6617
-74.6574
-74.6532
-74.6495
-74.6474
-74.6447
-74.6416
-74.6426
-74.646
-74.6515
-74.6565
-74.6578
-74.6567
-74.6539
-74.6508
-74.6478
-74.6445
-74.642
-74.6421
-74.6426
-74.6445
-74.644
-74.6416
-74.6362
-74.6294
-74.6247
-74.6211
-74.616
-74.6113
-74.6106
-74.6159
-74.6235
-74.6291
-74.635
-74.6396
-74.6383
-74.6324
-74.6221
-74.6155
-74.6101
-74.6043
-74.6005
-74.6042
-74.6093
-74.6125
-74.6119
-74.6101
-74.6095
-74.6071
-74.6019
-74.5967
-74.5935
-74.5913
-74.5882
-74.5875
-74.5902
-74.5952
-74.6011
-74.6064
-74.6105
-74.6127
-74.6109
-74.6042
-74.5942
-74.5825
-74.5742
-74.5653
-74.5607
-74.5598
-74.5615
-74.5679
-74.5736
-74.5777
-74.5792
-74.5775
-74.5731
-74.568
-74.5624
-74.5577
-74.5557
-74.5549
-74.5541
-74.5551
-74.5573
-74.5644
-74.5696
-74.5693
-74.5686
-74.5675
-74.5651
-74.5632
-74.5598
-74.555
-74.5469
-74.5362
-74.5265
-74.517
-74.5085
-74.5046
-74.5031
-74.5048
-74.5107
-74.5124
-74.515
-74.5186
-74.5207
-74.5188
-74.5164
-74.5175
-74.5185
-74.5151
-74.5094
-74.5053
-74.5047
-74.5101
-74.5126
-74.5127
-74.5139
-74.5174
-74.5202
-74.5162
-74.5089
-74.5075
-74.5085
-74.5054
-74.4985
-74.4895
-74.4806
-74.472
-74.4676
-74.4675
-74.4655
-74.4621
-74.4568
-74.4502
-74.4435
-74.4416
-74.4453
-74.4473
-74.4464
-74.4426
-74.4374
-74.4384
-74.4468
-74.4554
-74.4623
-74.4682
-74.469
-74.4675
-74.466
-74.4626
-74.4587
-74.4531
-74.4507
-74.4526
-74.4531
-74.4505
-74.4513
-74.4495
-74.447
-74.4416
-74.4339
-74.4291
-74.4227
-74.4132
-74.4023
-74.3894
-74.3765
-74.3689
-74.3675
-74.3678
-74.3725
-74.3804
-74.3825
-74.3778
-74.3737
-74.3719
-74.365
-74.3548
-74.3478
-74.3452
-74.3402
-74.3325
-74.3291
-74.3271
-74.3262
-74.3351
-74.3514
-74.3592
-74.3633
-74.3704
-74.3753
-74.3811
-74.3809
-74.3774
-74.3729
-74.3675
-74.3624
-74.3525
-74.3399
-74.3263
-74.3131
-74.3048
-74.3059
-74.3098
-74.3131
-74.3096
-74.3033
-74.2961
-74.2845
-74.2739
-74.2633
-74.2564
-74.2531
-74.2457
-74.2347
-74.2218
-74.2115
-74.2116
-74.2101
-74.212
-74.2239
-74.2334
-74.235
-74.2349
-74.2373
-74.2363
-74.2339
-74.2313
-74.2266
-74.2244
-74.2236
-74.2183
-74.2128
-74.2068
-74.1991
-74.1946
-74.1906
-74.1834
-74.1741
-74.1681
-74.1715
-74.1812
-74.1901
-74.1949
-74.1962
-74.1927
-74.1895
-74.1878
-74.1844
-74.1833
-74.1853
-74.186
-74.1855
-74.1825
-74.1774
-74.1771
-74.1744
-74.1656
-74.1532
-74.1441
-74.1361
-74.1278
-74.1172
-74.1027
-74.0986
-74.105
-74.1085
-74.107
-74.104
-74.0992
-74.0926
-74.0834
-74.0722
-74.0597
-74.0434
-74.0226
-74.0024
-73.9914
-73.9869
-73.9785
-73.9657
-73.9662
-73.9812
-73.9978
-74.0082
-74.0149
-74.0173
-74.0166
-74.0161
-74.0109
-74.0018
-73.9923
-73.9827
-73.9788
-73.974
-73.9694
-73.9664
-73.9604
-73.9517
-73.9454
-73.9454
-73.9427
-73.952
-73.9809
-74.0101
-74.0284
-74.04
-74.0441
-74.0384
-74.0277
-74.0153
-74.0036
-73.9949
-73.9874
-73.9792
-73.9709
-73.9612
-73.9494
-73.9369
-73.9238
-73.9065
-73.8872
-73.8816
-73.9054
-73.9324
-73.9518
-73.9609
-73.9584
-73.948
-73.9398
-73.93
-73.9147
-73.8947
-73.8795
-73.8666
-73.8497
-73.8303
-73.8123
-73.7918
-73.7734
-73.7599
-73.7449
-73.7307
-73.7178
-73.7062
-73.6962
-73.6828
-73.6643
-73.6419
-73.6165
-73.5892
-73.5604
-73.5306
-73.5009
-73.4829
-73.4704
-73.4548
-73.4468
-73.451
-73.4505
-73.4432
-73.4491
-73.4579
-73.4613
-73.462
-73.4555
-73.4465
-73.4467
-73.4436
-73.4364
-73.4302
-73.4245
-73.4264
-73.4251
-73.4165
-73.4018
-73.3828
-73.3608
-73.3372
-73.32
-73.304
-73.2857
-73.2856
-73.2948
-73.305
-73.3288
-73.3447
-73.3484
-73.3424
-73.335
-73.3368
-73.3435
-73.3492
-73.3539
-73.3513
-73.3415
-73.3262
-73.3072
-73.2855
-73.2619
-73.2369
-73.2108
-73.1858
-73.1727
-73.1684
-73.1607
-73.1474
-73.1342
-73.1258
-73.1143
-73.0984
-73.0791
-73.0644
-73.0541
-73.0408
-73.0237
-73.0043
-72.995
-72.9973
-72.9969
-72.9896
-72.9768
-72.9599
-72.9403
-72.9188
-72.8959
-72.8722
-72.8478
-72.8229
-72.7978
-72.7724
-72.7469
-72.7214
-72.6958
-72.6703
-72.6449
-72.6196
-72.5944
-72.5694
-72.5446
-72.52
-72.4955
-72.4713
-72.4472
-72.4234
-72.3999
-72.3765
-72.3534
-72.3306
-72.308
-72.2856
-72.2635
-72.2416
-72.2227
-72.2188
-72.2167
-72.2106
-72.206
-72.2119
-72.2153
-72.2129
-72.2056
-72.1948
-72.1817
-72.167
-72.1512
-72.1346
-72.1174
-72.0999
-72.0822
-72.0643
-72.0463
-72.0283
-72.0103
-71.9923
-71.9745
-71.9567
-71.939
-71.9215
-71.9041
-71.8868
-71.8697
-71.8528
-71.836
-71.8194
-71.803
-71.7867
-71.7706
-71.7547
-71.739
-71.7234
-71.708
-71.6928
-71.6778
-71.6629
-71.6482
-71.6337
-71.6194
-71.6052
-71.5912
-71.5774
-71.5637
-71.5502
-71.5369
-71.5237
-71.5107
-71.4978
-71.4851
-71.4726
-71.4602
-71.4479
-71.4358
-71.4239
-71.4121
-71.4005
-71.389
-71.3776
-71.3664
-71.3553
-71.3444
-71.3336
-71.323
-71.3124
-71.3021
-71.2918
-71.2817
-71.2717
-71.2619
-71.2521
-71.2425
-71.2331
-71.2237
-71.2145
-71.2054
-71.1964
-71.1875
-71.1787
-71.1701
-71.1615
-71.1531
-71.1448
-71.1366
-71.1285
-71.1205
-71.1126
-71.1048
-71.0971
-71.0896
-71.0821
-71.0747
-71.0674
-71.0602
-71.0532
-71.0462
-71.0393
-71.0325
-71.0257
-71.0191
-71.0126
-71.0061
-70.9998
-70.9935
-70.9873
-70.9812
-70.9752
-70.9693
-70.9634
-70.9577
-70.952
-70.9464
-70.9408
-70.9354
-70.93
-70.9247
-70.9194
-70.9143
-70.9092
-70.9042
-70.8992
-70.8944
-70.8895
-70.8848
-70.8801
-70.8755
-70.871
-70.8665
-70.8621
-70.8578
-70.8535
-70.8493
-70.8451
-70.841
-70.837
-70.833
-70.8291
-70.8252
-70.8214
-70.8177
-70.814
-70.8103
-70.8067
-70.8032
-70.7997
-70.7963
-70.7929
-70.7896
-70.7863
-70.7831
-70.7799
-70.7768
-70.7737
-70.7707
-70.7677
-70.7648
-70.7619
-70.759
-70.7562
-70.7535
-70.7508
-70.7481
-70.7455
-70.7429
-70.7403
-70.7378
-70.7353
-70.7329
-70.7305
-70.7282
-70.7259
-70.7236
-70.7214
-70.7192
-70.717
-70.7149
-70.7128
-70.7107
-70.7087
-70.7067
-70.7048
-70.7028
-70.701
-70.6991
-70.6973
-70.6955
-70.6937
-70.692
-70.6903
-70.6886
-70.687
-70.6853
-70.6838
-70.6822
-70.6807
-70.6792
-70.6777
-70.6762
-70.6748
-70.6734
-70.6721
-70.6707
-70.6694
-70.6681
-70.6668
-70.6656
-70.6644
-70.6632
-70.662
-70.6608
-70.6597
-70.6586
-70.6575
-70.6564
-70.6554
-70.6544
-70.6534
-70.6524
-70.6514
-70.6505
-70.6495
-70.6486
-70.6477
-70.6469
-70.646
-70.6452
-70.6444
-70.6436
-70.6428
-70.642
-70.6413
-70.6406
-70.6399
-70.6392
-70.6385
-70.6378
-70.6372
-70.6365
-70.6359
-70.6353
-70.6347
-70.6341
-70.6336
-70.633
-70.6325
-70.632
-70.6315
-70.631
-70.6305
-70.63
-70.6296
-70.6291
-70.6287
-70.6283
-70.6279
-70.6275
-70.6271
-70.6267
-70.6264
-70.626
-70.6257
-70.6253
-70.625
-70.6247
-70.6244
-70.6241
-70.6238
-70.6236
-70.6233
-70.6231
-70.6228
-70.6226
-70.6223
-70.6221
-70.6219
-70.6217
-70.6215
-70.6213
-70.6212
-70.621
-70.6208
-70.6207
-70.6205
-70.6204
-70.6203
-70.6202
-70.62
-70.6199
-70.6198
-70.6197
-70.6196
-70.6196
-70.6195
-70.6194
-70.6193
-70.6193
-70.6192
-70.6192
-70.6191
-70.6191
-70.6191
-70.6191
-70.619
-70.619
-70.619
-70.619
-70.619
-70.619
-70.619
-70.619
-70.619
-70.6191
-70.6191
-70.6191
-70.6192
-70.6192
-70.6192
-70.6193
-70.6193
-70.6194
-70.6194
-70.6195
-70.6196
-70.6196
-70.6197
-70.6198
-70.6199
-70.6199
-70.62
-70.6201
-70.6202
-70.6203
-70.6204
-70.6205
-70.6206
-70.6207
-70.6208
-70.6209
-70.621
-70.6211
-70.6213
-70.6214
-70.6215
-70.6216
-70.6217
-70.6219
-70.622
-70.6221
-70.6223
-70.6224
-70.6225
-70.6227
-70.6228
-70.623
-70.6231
-70.6232
-70.6234
-70.6235
-70.6237
-70.6238
-70.624
-70.6241
-70.6243
-70.6245
-70.6246
-70.6248
-70.6249
-70.6251
-70.6253
-70.6254
-70.6256
-70.6257
-70.6259
-70.6261
-70.6262
-70.6264
-70.6266
-70.6267
-70.6269
-70.6271
-70.6273
-70.6274
-70.6276
-70.6278
-70.6279
-70.6281
-70.6283
-70.6285
-70.6286
-70.6288
-70.629
-70.6292
-70.6294
-70.6295
-70.6297
-70.6299
-70.6301
-70.6302
-70.6304
-70.6306
-70.6308
-70.6309
-70.6311
-70.6313
-70.6315
-70.6317
-70.6318
-70.632
-70.6322
-70.6324
-70.6326
-70.6327
-70.6329
-70.6331
-70.6333
-70.6334
-70.6336
-70.6338
-70.634
-70.6342
-70.6343
-70.6345
-70.6347
-70.6349
-70.635
-70.6352
-70.6354
-70.6356
-70.6357
-70.6359
-70.6361
-70.6363
-70.6364
-70.6366
-70.6368
-70.6369
-70.6371
-70.6373
-70.6375
-70.6376
-70.6378
-70.638
-70.6381
-70.6383
-70.6385
-70.6386
-70.6388
-70.639
-70.6391
-70.6393
-70.6395
-70.6396
-70.6398
-70.64
-70.6401
-70.6403
-70.6404
-70.6406
-70.6408
-70.6409
-70.6411
-70.6412
-70.6414
-70.6416
-70.6417
-70.6419
-70.642
-70.6422
-70.6423
-70.6425
-70.6426
-70.6428
-70.6429
-70.6431
-70.6432
-70.6434
-70.6435
-70.6437
-70.6438
-70.644
-70.6441
-70.6443
-70.6444
-70.6446
-70.6447
-70.6449
-70.645
-70.6451

