-70
-70.1661
-70.23
-70.2566
-70.2695
-70.2773
-70.283
-70.2879
-70.2925
-70.297
-70.3014
-70.3057
-70.31
-70.3142
-70.3185
-70.3226
-70.3268
-70.3309
-70.335
-70.3391
-70.3431
-70.3471
-70.351
-70.3549
-70.3588
-70.3626
-70.3664
-70.3701
-70.3738
-70.3775
-70.3811
-70.3847
-70.3883
-70.3918
-70.3953
-70.3987
-70.4021
-70.4055
-70.4088
-70.4121
-70.4154
-70.4186
-70.4218
-70.4249
-70.428
-70.4311
-70.4341
-70.4372
-70.4401
-70.4431
-70.446
-70.4489
-70.4517
-70.4545
-70.4573
-70.4601
-70.4628
-70.4655
-70.4682
-70.4708
-70.4734
-70.476
-70.4785
-70.481
-70.4835
-70.486
-70.4884
-70.4908
-70.4932
-70.4955
-70.4978
-70.5001
-70.5024
-70.5046
-70.5068
-70.509
-70.5112
-70.5133
-70.5154
-70.5175
-70.5196
-70.5216
-70.5236
-70.5256
-70.5276
-70.5295
-70.5315
-70.5334
-70.5352
-70.5371
-70.5389
-70.5407
-70.5425
-70.5443
-70.5461
-70.5478
-70.5495
-70.5512
-70.5528
-70.5545
-70.5561
-70.5577
-70.5593
-70.5609
-70.5624
-70.5639
-70.5655
-70.5669
-70.5684
-70.5699
-70.5713
-70.5727
-70.5741
-70.5755
-70.5769
-70.5782
-70.5796
-70.5809
-70.5822
-70.5835
-70.5848
-70.586
-70.5873
-70.5885
-70.5897
-70.5909
-70.5921
-70.5932
-70.5944
-70.5955
-70.5966
-70.5977
-70.5988
-70.5999
-70.601
-70.602
-70.603
-70.6041
-70.6051
-70.6061
-70.6071
-70.608
-70.609
-70.6099
-70.6109
-70.6118
-70.6127
-70.6136
-70.6145
-70.6154
-70.6162
-70.6171
-70.6179
-70.6187
-70.6196
-70.6204
-70.6212
-70.622
-70.6227
-70.6235
-70.6242
-70.625
-70.6257
-70.6265
-70.6272
-70.6279
-70.6286
-70.6293
-70.6299
-70.6306
-70.6313
-70.6319
-70.6325
-70.6332
-70.6338
-70.6344
-70.635
-70.6356
-70.6362
-70.6368
-70.6374
-70.6379
-70.6385
-70.639
-70.6396
-70.6401
-70.6406
-70.6411
-70.6417
-70.6422
-70.6427
-70.6431
-70.6436
-70.6441
-70.6446
-70.645
-70.6455
-70.6459
-70.6464
-70.6468
-70.6472
-70.6476
-70.6481
-70.6485
-70.6489
-70.6493
-70.6497
-70.65
-70.6504
-70.6508
-70.6512
-70.6515
-70.6519
-70.6522
-70.6526
-70.6529
-70.6533
-70.6536
-70.6539
-70.6542
-70.6545
-70.6549
-70.6552
-70.6555
-70.6558
-70.656
-70.6563
-70.6566
-70.6569
-70.6572
-70.6574
-70.6577
-70.658
-70.6582
-70.6585
-70.6587
-70.6589
-70.6592
-70.6594
-70.6597
-70.6599
-70.6601
-70.6603
-70.6605
-70.6607
-70.661
-70.6612
-70.6614
-70.6616
-70.6617
-70.6619
-70.6621
-70.6623
-70.6625
-70.6627
-70.6628
-70.663
-70.6632
-70.6633
-70.6635
-70.6637
-70.6638
-70.664
-70.6641
-70.6643
-70.6644
-70.6646
-70.6647
-70.6648
-70.665
-70.6651
-70.6652
-70.6653
-70.6655
-70.6656
-70.6657
-70.6658
-70.6659
-70.666
-70.6662
-70.6663
-70.6664
-70.6665
-70.6666
-70.6667
-70.6668
-70.6669
-70.667
-70.667
-70.6671
-70.6672
-70.6673
-70.6674
-70.6675
-70.6675
-70.6676
-70.6677
-70.6678
-70.6678
-70.6679
-70.668
-70.668
-70.6681
-70.6682
-70.6682
-70.6683
-70.6683
-70.6684
-70.6685
-70.6685
-70.6686
-70.6686
-70.6687
-70.6687
-70.6688
-70.6688
-70.6688
-70.6689
-70.6689
-70.669
-70.669
-70.669
-70.6691
-70.6691
-70.6691
-70.6692
-70.6692
-70.6692
-70.6693
-70.6693
-70.6693
-70.6694
-70.6694
-70.6694
-70.6694
-70.6694
-70.6695
-70.6695
-70.6695
-70.6695
-70.6695
-70.6696
-70.6696
-70.6696
-70.6696
-70.6696
-70.6696
-70.6696
-70.6697
-70.6697
-70.6697
-70.6697
-70.6697
-70.6697
-70.6697
-70.6697
-70.6697
-70.6697
-70.6697
-70.6697
-70.6697
-70.6697
-70.6697
-70.6697
-70.6697
-70.6697
-70.6697
-70.6697
-70.6697
-70.6697
-70.6697
-70.6697
-70.6697
-70.6697
-70.6697
-70.6697
-70.6697
-70.6697
-70.6697
-70.6697
-70.6697
-70.6697
-70.6697
-70.6696
-70.6696
-70.6696
-70.6696
-70.6696
-70.6696
-70.6696
-70.6696
-70.6696
-70.6695
-70.6695
-70.6695
-70.6695
-70.6695
-70.6695
-70.6695
-70.6695
-70.6694
-70.6694
-70.6694
-70.6694
-70.6694
-70.6694
-70.6693
-70.6693
-70.6693
-70.6693
-70.6693
-70.6693
-70.6693
-70.6692
-70.6692
-70.6692
-70.6692
-70.6692
-70.6691
-70.6691
-70.6691
-70.6691
-70.6691
-70.6691
-70.669
-70.669
-70.669
-70.669
-70.669
-70.6689
-70.6689
-70.6689
-70.6689
-70.6689
-70.6688
-70.6688
-70.6688
-70.6688
-70.6688
-70.6687
-70.6687
-70.6687
-70.6687
-70.6686
-70.6686
-70.6686
-70.6686
-70.6686
-70.6685
-70.6685
-70.6685
-70.6685
-70.6685
-70.6684
-70.6684
-70.6684
-70.6684
-70.6684
-70.6683
-70.6683
-70.6683
-70.6683
-70.6682
-70.6682
-70.6682
-70.6682
-70.6682
-70.6681
-70.6681
-70.6681
-70.6681
-70.6681
-70.668
-70.8548
-71.6121
-72.5517
-73.3476
-73.8719
-59.1993
-52.5853
-50.2875
-48.2756
-44.0078
10.0322
-24.9881
-54.7956
-68.9929
-68.2302
-67.1831
-66.1032
-65.0109
-63.9243
-62.8609
-61.8372
-60.8629
-59.9209
-59.0596
-58.2737
-57.5566
-56.9218
-56.368
-55.8849
-55.4649
-55.1071
-54.7997
-54.5374
-54.3196
-54.1409
-53.9917
-53.8691
-53.7691
-53.6865
-53.6194
-53.5669
-53.5262
-53.4939
-53.468
-53.4482
-53.4316
-53.4178
-53.4079
-53.4012
-53.397
-53.3946
-53.3926
-53.3904
-53.3889
-53.3867
-53.3847
-53.384
-53.3845
-53.3858
-53.3876
-53.3897
-53.3921
-53.3946
-53.396
-53.3954
-53.3935
-53.3916
-53.3904
-53.3905
-53.3914
-53.3928
-53.3945
-53.3963
-53.3982
-53.4002
-53.4022
-53.4042
-53.4059
-53.4075
-53.4089
-53.4101
-53.4104
-53.4016
-53.3957
-53.3918
-53.3893
-53.3872
-53.3843
-53.3773
-53.3408
-53.1792
-53.1631
-53.201
-53.2404
-53.2708
-53.2919
-53.3061
-53.3158
-53.3231
-53.3294
-53.3356
-53.3426
-53.3511
-53.3619
-53.3759
-53.3939
-53.416
-53.4418
-53.4706
-53.4657
-53.4543
-53.4493
-53.4365
-53.4261
-53.4226
-53.4229
-53.4253
-53.4289
-53.4334
-53.4386
-53.4446
-53.4512
-53.4585
-53.4666
-53.4755
-53.4853
-53.496
-53.5077
-53.5205
-53.5345
-53.5497
-53.5664
-53.5846
-53.6044
-53.6261
-53.6497
-53.6755
-53.7036
-53.7344
-53.768
-53.8047
-53.8447
-53.8883
-53.9357
-53.9872
-53.915
-53.5734
-53.4556
-53.4268
-53.4283
-53.417
-53.3918
-53.3848
-53.388
-53.395
-53.4031
-53.4114
-53.4196
-53.4275
-53.4353
-53.443
-53.4507
-53.4587
-53.4668
-53.4753
-53.4843
-53.4938
-53.504
-53.515
-53.5267
-53.5394
-53.5532
-53.5688
-53.5863
-53.605
-53.625
-53.6465
-53.6697
-53.6949
-53.7224
-53.7529
-53.7886
-53.8279
-53.8711
-53.9169
-53.9655
-54.0175
-54.0733
-54.1333
-53.7313
-53.4489
-53.3775
-53.3705
-53.3824
-53.3993
-53.4005
-53.3927
-53.3936
-53.3918
-53.3914
-53.3945
-53.3994
-53.4051
-53.4109
-53.4169
-53.4228
-53.4286
-53.4344
-53.4404
-53.4464
-53.4528
-53.4595
-53.4667
-53.4749
-53.4837
-53.4935
-53.5042
-53.5154
-53.5274
-53.5402
-53.5541
-53.5692
-53.5856
-53.6037
-53.6249
-53.6479
-53.6733
-53.702
-53.7326
-53.7651
-53.8
-53.8376
-53.8782
-53.9222
-53.9697
-54.0248
-54.0865
-54.1516
-54.2255
-54.3059
-54.3892
-54.4762
-54.1795
-53.4827
-53.315
-53.293
-53.3091
-53.3339
-53.3589
-53.3817
-53.4028
-53.4065
-53.3952
-53.3937
-53.3976
-53.4037
-53.4106
-53.4178
-53.4146
-53.4102
-53.4099
-53.4119
-53.4151
-53.4193
-53.4238
-53.4285
-53.4334
-53.4386
-53.4441
-53.45
-53.4569
-53.4644
-53.4725
-53.4818
-53.4917
-53.5021
-53.5133
-53.5254
-53.5386
-53.553
-53.5687
-53.5873
-53.6082
-53.631
-53.5399
-53.4504
-53.4219
-53.4165
-53.4194
-53.4253
-53.4325
-53.4404
-53.4486
-53.4578
-53.4676
-53.4782
-53.4858
-53.4518
-53.4333
-53.4275
-53.4276
-53.4312
-53.437
-53.4445
-53.4549
-53.4736
-53.4967
-53.5176
-53.536
-53.554
-53.572
-53.5917
-53.6179
-53.6566
-53.7069
-53.7614
-53.8142
-53.8633
-53.9112
-53.9615
-54.0155
-54.077
-54.1524
-54.2445
-54.3496
-54.4623
-54.399
-53.6794
-53.4501
-53.3978
-53.4009
-53.4214
-53.4476
-53.4758
-53.505
-53.5344
-53.5638
-53.5929
-53.6218
-53.6513
-53.682
-53.715
-53.7515
-53.7927
-53.8396
-53.8917
-53.948
-54.0082
-54.0712
-54.1376
-54.2083
-54.2849
-54.3695
-54.4655
-54.5739
-54.6976
-54.8328
-54.9774
-55.1314
-55.2924
-55.4607
-55.6377
-55.828
-56.0376
-56.2711
-56.5304
-56.8217
-57.132
-57.4546
-57.7917
-58.1364
-58.488
-58.8493
-59.2243
-59.6231
-60.052
-60.5086
-60.9996
-61.5095
-62.0218
-62.5321
-63.0374
-63.5345
-64.0241
-64.5096
-64.9926
-65.489
-65.9912
-66.5007
-67.012
-67.5085
-67.9819
-68.428
-68.8467
-69.2397
-69.6103
-69.959
-70.2936
-70.6192
-70.9352
-71.2416
-71.5355
-71.8099
-72.0634
-72.2922
-72.4971
-72.6847
-72.8566
-73.0119
-73.1582
-73.2935
-73.4239
-73.5472
-73.6637
-73.7707
-73.8676
-73.9554
-74.0305
-74.096
-74.1559
-74.2089
-74.2592
-74.3046
-74.3481
-74.3897
-74.4291
-74.4666
-74.4999
-74.5302
-74.557
-74.5782
-74.5959
-74.6103
-74.6253
-74.6382
-74.649
-74.6608
-74.6725
-74.6846
-74.6953
-74.7053
-74.7137
-74.7218
-74.7289
-74.7332
-74.7349
-74.7376
-74.7405
-74.742
-74.7438
-74.7469
-74.7508
-74.7547
-74.7575
-74.7593
-74.7611
-74.7641
-74.7662
-74.7655
-74.7636
-74.7623
-74.7603
-74.7594
-74.7576
-74.7576
-74.7595
-74.762
-74.7626
-74.7627
-74.7627
-74.7646
-74.7667
-74.7666
-74.7656
-74.7641
-74.7602
-74.7569
-74.7545
-74.7532
-74.7534
-74.7554
-74.7561
-74.7551
-74.7537
-74.7533
-74.7555
-74.757
-74.7573
-74.7558
-74.7542
-74.7499
-74.7447
-74.7405
-74.7388
-74.7405
-74.7427
-74.7444
-74.7435
-74.7417
-74.7416
-74.7432
-74.7454
-74.7472
-74.7477
-74.7468
-74.744
-74.7401
-74.7346
-74.7291
-74.7248
-74.7238
-74.726
-74.7302
-74.7301
-74.7285
-74.7273
-74.7258
-74.7271
-74.7299
-74.7317
-74.7326
-74.7313
-74.7293
-74.7259
-74.7213
-74.7153
-74.7091
-74.7059
-74.7083
-74.7129
-74.7176
-74.7189
-74.7175
-74.7147
-74.7132
-74.7142
-74.7165
-74.718
-74.7192
-74.7186
-74.7156
-74.7112
-74.7059
-74.6992
-74.6925
-74.6878
-74.6857
-74.6913
-74.6975
-74.6994
-74.7
-74.6991
-74.6976
-74.695
-74.6938
-74.695
-74.6981
-74.7009
-74.7029
-74.6992
-74.6939
-74.6903
-74.6854
-74.6784
-74.672
-74.6702
-74.6729
-74.6757
-74.681
-74.6839
-74.6852
-74.6853
-74.6846
-74.6813
-74.6777
-74.6769
-74.6777
-74.6783
-74.6787
-74.6773
-74.6738
-74.671
-74.667
-74.6629
-74.6579
-74.653
-74.6502
-74.6484
-74.6509
-74.653
-74.6549
-74.6611
-74.665
-74.6628
-74.6593
-74.6574
-74.6565
-74.6569
-74.6567
-74.6562
-74.6534
-74.6491
-74.6476
-74.6471
-74.6428
-74.6386
-74.6375
-74.638
-74.636
-74.6327
-74.6313
-74.6309
-74.6329
-74.6379
-74.6407
-74.6415
-74.6408
-74.6397
-74.6363
-74.6314
-74.6276
-74.6277
-74.6281
-74.6274
-74.6249
-74.6185
-74.6145
-74.6133
-74.612
-74.6077
-74.603
-74.5998
-74.599
-74.6003
-74.6014
-74.6013
-74.603
-74.6099
-74.6132
-74.6113
-74.609
-74.6086
-74.604
-74.5988
-74.5983
-74.599
-74.5977
-74.5975
-74.5979
-74.5947
-74.5908
-74.5872
-74.5853
-74.5829
-74.5791
-74.5743
-74.5695
-74.5661
-74.5604
-74.5552
-74.5568
-74.5592
-74.562
-74.5732
-74.5833
-74.5898
-74.5918
-74.5887
-74.5826
-74.5756
-74.5696
-74.5649
-74.5602
-74.5555
-74.5523
-74.5495
-74.5495
-74.5509
-74.5538
-74.5524
-74.5456
-74.5373
-74.5318
-74.5316
-74.5306
-74.5263
-74.5213
-74.5165
-74.5103
-74.5046
-74.5007
-74.5001
-74.5025
-74.5104
-74.5208
-74.5282
-74.5314
-74.5319
-74.5354
-74.5358
-74.5318
-74.5269
-74.5214
-74.5184
-74.5176
-74.5144
-74.5065
-74.4984
-74.4927
-74.4919
-74.4891
-74.483
-74.4774
-74.4786
-74.4831
-74.4866
-74.4851
-74.482
-74.4775
-74.4705
-74.4604
-74.4494
-74.4419
-74.4415
-74.4422
-74.441
-74.4435
-74.4529
-74.4625
-74.467
-74.4643
-74.4577
-74.4503
-74.4494
-74.45
-74.4493
-74.4537
-74.4585
-74.459
-74.4605
-74.464
-74.4615
-74.4567
-74.4558
-74.4571
-74.4565
-74.4523
-74.4472
-74.4391
-74.4263
-74.4116
-74.398
-74.3847
-74.3742
-74.3702
-74.376
-74.3811
-74.3836
-74.3831
-74.3776
-74.3723
-74.3677
-74.3626
-74.3582
-74.3519
-74.3482
-74.3505
-74.3512
-74.3526
-74.357
-74.3619
-74.3675
-74.3702
-74.3704
-74.3664
-74.3588
-74.3542
-74.3474
-74.3385
-74.3297
-74.3215
-74.3166
-74.3137
-74.315
-74.3239
-74.3378
-74.3454
-74.3475
-74.3507
-74.3553
-74.3558
-74.3513
-74.3457
-74.3431
-74.34
-74.333
-74.3251
-74.3175
-74.3088
-74.2967
-74.2818
-74.2645
-74.2485
-74.2417
-74.2396
-74.2312
-74.217
-74.2024
-74.2
-74.2041
-74.207
-74.2085
-74.2038
-74.1992
-74.1948
-74.1887
-74.1854
-74.1869
-74.1899
-74.1931
-74.1955
-74.2051
-74.2145
-74.2194
-74.2191
-74.2237
-74.2226
-74.2183
-74.214
-74.2121
-74.206
-74.1978
-74.1879
-74.1738
-74.1573
-74.1448
-74.1398
-74.1379
-74.1399
-74.1368
-74.1318
-74.1317
-74.1294
-74.1264
-74.1276
-74.1303
-74.133
-74.1375
-74.148
-74.1571
-74.1637
-74.1626
-74.1577
-74.1496
-74.136
-74.1216
-74.1126
-74.1162
-74.1275
-74.1373
-74.1404
-74.1354
-74.1356
-74.1429
-74.1432
-74.1385
-74.1309
-74.1256
-74.1195
-74.1085
-74.0987
-74.0892
-74.0804
-74.0702
-74.0555
-74.0397
-74.0237
-74.0143
-74.0038
-73.9878
-73.9707
-73.9532
-73.9374
-73.9225
-73.9063
-73.8905
-73.8815
-73.88
-73.8803
-73.8799
-73.8724
-73.8668
-73.8685
-73.8758
-73.889
-73.8991
-73.9001
-73.8921
-73.8855
-73.8781
-73.8756
-73.8769
-73.8808
-73.8787
-73.8766
-73.8792
-73.8828
-73.8848
-73.8829
-73.8782
-73.8688
-73.8583
-73.849
-73.8401
-73.8356
-73.8311
-73.8222
-73.8129
-73.8108
-73.8125
-73.8083
-73.7966
-73.7859
-73.7779
-73.7652
-73.7483
-73.7343
-73.7283
-73.7256
-73.728
-73.7301
-73.7255
-73.7176
-73.7104
-73.7029
-73.6924
-73.6913
-73.6952
-73.7081
-73.7177
-73.7252
-73.7294
-73.7277
-73.723
-73.7121
-73.7006
-73.6951
-73.6935
-73.6861
-73.6721
-73.653
-73.6304
-73.6053
-73.5783
-73.5501
-73.5209
-73.4944
-73.4755
-73.4635
-73.4565
-73.4529
-73.4474
-73.4357
-73.4185
-73.4028
-73.3893
-73.3724
-73.3535
-73.3398
-73.331
-73.337
-73.3562
-73.3749
-73.3837
-73.3862
-73.3944
-73.3981
-73.3932
-73.3815
-73.3678
-73.3578
-73.3467
-73.3393
-73.338
-73.3443
-73.3488
-73.3513
-73.3536
-73.3522
-73.3506
-73.3472
-73.3417
-73.3373
-73.3282
-73.3136
-73.2957
-73.2831
-73.271
-73.2551
-73.238
-73.2269
-73.2142
-73.1975
-73.1773
-73.1548
-73.1361
-73.1232
-73.1082
-73.0897
-73.0684
-73.0452
-73.0207
-72.9952
-72.9692
-72.9427
-72.9159
-72.889
-72.862
-72.835
-72.8081
-72.7812
-72.7544
-72.7278
-72.7013
-72.675
-72.6489
-72.623
-72.5973
-72.5718
-72.5466
-72.5216
-72.4968
-72.4723
-72.448
-72.424
-72.4002
-72.3767
-72.3535
-72.3305
-72.3078
-72.2853
-72.263
-72.241
-72.2193
-72.1978
-72.1874
-72.1868
-72.1836
-72.176
-72.1649
-72.1514
-72.1362
-72.1199
-72.1029
-72.0854
-72.0677
-72.0498
-72.0317
-72.0137
-71.9956
-71.9777
-71.9598
-71.942
-71.9243
-71.9067
-71.8893
-71.8721
-71.855
-71.8381
-71.8213
-71.8048
-71.7884
-71.7721
-71.7561
-71.7402
-71.7245
-71.709
-71.6937
-71.6786
-71.6636
-71.6488
-71.6342
-71.6197
-71.6054
-71.5913
-71.5774
-71.5636
-71.55
-71.5366
-71.5233
-71.5102
-71.4973
-71.4845
-71.4718
-71.4594
-71.447
-71.4349
-71.4229
-71.411
-71.3993
-71.3877
-71.3763
-71.365
-71.3539
-71.3429
-71.332
-71.3213
-71.3107
-71.3003
-71.29
-71.2798
-71.2697
-71.2598
-71.2501
-71.2404
-71.2309
-71.2215
-71.2122
-71.203
-71.194
-71.1851
-71.1762
-71.1675
-71.159
-71.1505
-71.1421
-71.1339
-71.1258
-71.1177
-71.1098
-71.102
-71.0943
-71.0867
-71.0792
-71.0718
-71.0644
-71.0572
-71.0501
-71.0431
-71.0362
-71.0293
-71.0226
-71.016
-71.0094
-71.0029
-70.9966
-70.9903
-70.9841
-70.9779
-70.9719
-70.966
-70.9601
-70.9543
-70.9486
-70.943
-70.9374
-70.9319
-70.9265
-70.9212
-70.916
-70.9108
-70.9057
-70.9007
-70.8957
-70.8908
-70.886
-70.8813
-70.8766
-70.872
-70.8674
-70.863
-70.8586
-70.8542
-70.8499
-70.8457
-70.8415
-70.8374
-70.8334
-70.8294
-70.8255
-70.8216
-70.8178
-70.8141
-70.8104
-70.8067
-70.8032
-70.7996
-70.7961
-70.7927
-70.7893
-70.786
-70.7828
-70.7795
-70.7764
-70.7732
-70.7702
-70.7671
-70.7642
-70.7612
-70.7583
-70.7555
-70.7527
-70.75
-70.7472
-70.7446
-70.742
-70.7394
-70.7368
-70.7343
-70.7319
-70.7295
-70.7271
-70.7247
-70.7224
-70.7202
-70.7179
-70.7158
-70.7136
-70.7115
-70.7094
-70.7074
-70.7053
-70.7034
-70.7014
-70.6995
-70.6976
-70.6958
-70.694
-70.6922
-70.6904
-70.6887
-70.687
-70.6854
-70.6837
-70.6821
-70.6805
-70.679
-70.6775
-70.676
-70.6745
-70.6731
-70.6717
-70.6703
-70.6689
-70.6676
-70.6663
-70.665
-70.6638
-70.6625
-70.6613
-70.6601
-70.659
-70.6578
-70.6567
-70.6556
-70.6545
-70.6535
-70.6525
-70.6514
-70.6505
-70.6495
-70.6485
-70.6476
-70.6467
-70.6458
-70.6449
-70.6441
-70.6432
-70.6424
-70.6416
-70.6408
-70.6401
-70.6393
-70.6386
-70.6379
-70.6372
-70.6365
-70.6358
-70.6352
-70.6345
-70.6339
-70.6333
-70.6327
-70.6322
-70.6316
-70.631
-70.6305
-70.63
-70.6295
-70.629
-70.6285
-70.6281
-70.6276
-70.6272
-70.6267
-70.6263
-70.6259
-70.6255
-70.6251
-70.6248
-70.6244
-70.624
-70.6237
-70.6234
-70.6231
-70.6228
-70.6225
-70.6222
-70.6219
-70.6216
-70.6214
-70.6211
-70.6209
-70.6207
-70.6204
-70.6202
-70.62
-70.6198
-70.6196
-70.6195
-70.6193
-70.6191
-70.619
-70.6188
-70.6187
-70.6186
-70.6184
-70.6183
-70.6182
-70.6181
-70.618
-70.6179
-70.6178
-70.6178
-70.6177
-70.6176
-70.6176
-70.6175
-70.6175
-70.6174
-70.6174
-70.6174
-70.6173
-70.6173
-70.6173
-70.6173
-70.6173
-70.6173
-70.6173
-70.6173
-70.6173
-70.6174
-70.6174
-70.6174
-70.6174
-70.6175
-70.6175
-70.6176
-70.6176
-70.6177
-70.6177
-70.6178
-70.6179
-70.6179
-70.618
-70.6181
-70.6182
-70.6182
-70.6183
-70.6184
-70.6185
-70.6186
-70.6187
-70.6188
-70.6189
-70.619
-70.6191
-70.6192
-70.6193
-70.6195
-70.6196
-70.6197
-70.6198
-70.62
-70.6201
-70.6202
-70.6203
-70.6205
-70.6206
-70.6208
-70.6209
-70.621
-70.6212
-70.6213
-70.6215
-70.6216
-70.6218
-70.6219
-70.6221
-70.6222
-70.6224
-70.6226
-70.6227
-70.6229
-70.623
-70.6232
-70.6234
-70.6235
-70.6237
-70.6239
-70.624
-70.6242
-70.6244
-70.6245
-70.6247
-70.6249
-70.6251
-70.6252
-70.6254
-70.6256
-70.6258
-70.626
-70.6261
-70.6263
-70.6265
-70.6267
-70.6268
-70.627
-70.6272
-70.6274
-70.6276
-70.6278
-70.6279
-70.6281
-70.6283
-70.6285
-70.6287
-70.6289
-70.629
-70.6292
-70.6294
-70.6296
-70.6298
-70.63
-70.6302
-70.6303
-70.6305
-70.6307
-70.6309
-70.6311
-70.6313
-70.6314
-70.6316
-70.6318
-70.632
-70.6322
-70.6324
-70.6326
-70.6327
-70.6329
-70.6331
-70.6333
-70.6335
-70.6337
-70.6338
-70.634
-70.6342
-70.6344
-70.6346
-70.6347
-70.6349
-70.6351
-70.6353
-70.6355
-70.6356
-70.6358
-70.636
-70.6362
-70.6364
-70.6365
-70.6367
-70.6369
-70.6371
-70.6372
-70.6374
-70.6376
-70.6378
-70.6379
-70.6381
-70.6383
-70.6384
-70.6386
-70.6388
-70.639
-70.6391
-70.6393
-70.6395
-70.6396
-70.6398
-70.64
-70.6401
-70.6403
-70.6405
-70.6406
-70.6408
-70.6409
-70.6411
-70.6413
-70.6414
-70.6416
-70.6417
-70.6419
-70.6421
-70.6422
-70.6424
-70.6425
-70.6427
-70.6428
-70.643
-70.6431
-70.6433
-70.6434
-70.6436
-70.6437
-70.6439
-70.644
-70.6442

