-70
-70.1661
-70.23
-70.2566
-70.2695
-70.2773
-70.283
-70.2879
-70.2925
-70.297
-70.3014
-70.3057
-70.31
-70.3142
-70.3185
-70.3226
-70.3268
-70.3309
-70.335
-70.3391
-70.3431
-70.3471
-70.351
-70.3549
-70.3588
-70.3626
-70.3664
-70.3701
-70.3738
-70.3775
-70.3811
-70.3847
-70.3883
-70.3918
-70.3953
-70.3987
-70.4021
-70.4055
-70.4088
-70.4121
-70.4154
-70.4186
-70.4218
-70.4249
-70.428
-70.4311
-70.4341
-70.4372
-70.4401
-70.4431
-70.446
-70.4489
-70.4517
-70.4545
-70.4573
-70.4601
-70.4628
-70.4655
-70.4682
-70.4708
-70.4734
-70.476
-70.4785
-70.481
-70.4835
-70.486
-70.4884
-70.4908
-70.4932
-70.4955
-70.4978
-70.5001
-70.5024
-70.5046
-70.5068
-70.509
-70.5112
-70.5133
-70.5154
-70.5175
-70.5196
-70.5216
-70.5236
-70.5256
-70.5276
-70.5295
-70.5315
-70.5334
-70.5352
-70.5371
-70.5389
-70.5407
-70.5425
-70.5443
-70.5461
-70.5478
-70.5495
-70.5512
-70.5528
-70.5545
-70.5561
-70.5577
-70.5593
-70.5609
-70.5624
-70.5639
-70.5655
-70.5669
-70.5684
-70.5699
-70.5713
-70.5727
-70.5741
-70.5755
-70.5769
-70.5782
-70.5796
-70.5809
-70.5822
-70.5835
-70.5848
-70.586
-70.5873
-70.5885
-70.5897
-70.5909
-70.5921
-70.5932
-70.5944
-70.5955
-70.5966
-70.5977
-70.5988
-70.5999
-70.601
-70.602
-70.603
-70.6041
-70.6051
-70.6061
-70.6071
-70.608
-70.609
-70.6099
-70.6109
-70.6118
-70.6127
-70.6136
-70.6145
-70.6154
-70.6162
-70.6171
-70.6179
-70.6187
-70.6196
-70.6204
-70.6212
-70.622
-70.6227
-70.6235
-70.6242
-70.625
-70.6257
-70.6265
-70.6272
-70.6279
-70.6286
-70.6293
-70.6299
-70.6306
-70.6313
-70.6319
-70.6325
-70.6332
-70.6338
-70.6344
-70.635
-70.6356
-70.6362
-70.6368
-70.6374
-70.6379
-70.6385
-70.639
-70.6396
-70.6401
-70.6406
-70.6411
-70.6417
-70.6422
-70.6427
-70.6431
-70.6436
-70.6441
-70.6446
-70.645
-70.6455
-70.6459
-70.6464
-70.6468
-70.6472
-70.6476
-70.6481
-70.6485
-70.6489
-70.6493
-70.6497
-70.65
-70.6504
-70.6508
-70.6512
-70.6515
-70.6519
-70.6522
-70.6526
-70.6529
-70.6533
-70.6536
-70.6539
-70.6542
-70.6545
-70.6549
-70.6552
-70.6555
-70.6558
-70.656
-70.6563
-70.6566
-70.6569
-70.6572
-70.6574
-70.6577
-70.658
-70.6582
-70.6585
-70.6587
-70.6589
-70.6592
-70.6594
-70.6597
-70.6599
-70.6601
-70.6603
-70.6605
-70.6607
-70.661
-70.6612
-70.6614
-70.6616
-70.6617
-70.6619
-70.6621
-70.6623
-70.6625
-70.6627
-70.6628
-70.663
-70.6632
-70.6633
-70.6635
-70.6637
-70.6638
-70.664
-70.6641
-70.6643
-70.6644
-70.6646
-70.6647
-70.6648
-70.665
-70.6651
-70.6652
-70.6653
-70.6655
-70.6656
-70.6657
-70.6658
-70.6659
-70.666
-70.6662
-70.6663
-70.6664
-70.6665
-70.6666
-70.6667
-70.6668
-70.6669
-70.667
-70.667
-70.6671
-70.6672
-70.6673
-70.6674
-70.6675
-70.6675
-70.6676
-70.6677
-70.6678
-70.6678
-70.6679
-70.668
-70.668
-70.6681
-70.6682
-70.6682
-70.6683
-70.6683
-70.6684
-70.6685
-70.6685
-70.6686
-70.6686
-70.6687
-70.6687
-70.6688
-70.6688
-70.6688
-70.6689
-70.6689
-70.669
-70.669
-70.669
-70.6691
-70.6691
-70.6691
-70.6692
-70.6692
-70.6692
-70.6693
-70.6693
-70.6693
-70.6694
-70.6694
-70.6694
-70.6694
-70.6694
-70.6695
-70.6695
-70.6695
-70.6695
-70.6695
-70.6696
-70.6696
-70.6696
-70.6696
-70.6696
-70.6696
-70.6696
-70.6697
-70.6697
-70.6697
-70.6697
-70.6697
-70.6697
-70.6697
-70.6697
-70.6697
-70.6697
-70.6697
-70.6697
-70.6697
-70.6697
-70.6697
-70.6697
-70.6697
-70.6697
-70.6697
-70.6697
-70.6697
-70.6697
-70.6697
-70.6697
-70.6697
-70.6697
-70.6697
-70.6697
-70.6697
-70.6697
-70.6697
-70.6697
-70.6697
-70.6697
-70.6697
-70.6696
-70.6696
-70.6696
-70.6696
-70.6696
-70.6696
-70.6696
-70.6696
-70.6696
-70.6695
-70.6695
-70.6695
-70.6695
-70.6695
-70.6695
-70.6695
-70.6695
-70.6694
-70.6694
-70.6694
-70.6694
-70.6694
-70.6694
-70.6693
-70.6693
-70.6693
-70.6693
-70.6693
-70.6693
-70.6693
-70.6692
-70.6692
-70.6692
-70.6692
-70.6692
-70.6691
-70.6691
-70.6691
-70.6691
-70.6691
-70.6691
-70.669
-70.669
-70.669
-70.669
-70.669
-70.6689
-70.6689
-70.6689
-70.6689
-70.6689
-70.6688
-70.6688
-70.6688
-70.6688
-70.6688
-70.6687
-70.6687
-70.6687
-70.6687
-70.6686
-70.6686
-70.6686
-70.6686
-70.6686
-70.6685
-70.6685
-70.6685
-70.6685
-70.6685
-70.6684
-70.6684
-70.6684
-70.6684
-70.6684
-70.6683
-70.6683
-70.6683
-70.6683
-70.6682
-70.6682
-70.6682
-70.6682
-70.6682
-70.6681
-70.6681
-70.6681
-70.6681
-70.6681
-70.6682
-70.8467
-71.5596
-72.5982
-73.4407
-73.9178
-74.1471
-74.2545
-74.3076
-74.3353
-74.3561
-74.3954
-74.462
-74.5381
-74.5996
-74.6335
-74.647
-74.6496
-74.6465
-74.6393
-74.6312
-74.635
-74.6594
-74.6973
-74.7304
-74.7469
-74.75
-74.7454
-74.7362
-74.7245
-74.7112
-74.6969
-74.6817
-74.665
-74.647
-74.6276
-74.607
-74.5848
-74.5611
-74.5362
-74.51
-74.4828
-74.4546
-74.4255
-74.3955
-74.3648
-74.3335
-74.3015
-74.269
-74.236
-74.2026
-74.1689
-74.135
-74.1008
-74.0664
-74.0319
-73.9973
-73.9627
-73.9281
-73.8935
-73.859
-73.8246
-73.7903
-73.7561
-73.7221
-73.6883
-73.6547
-73.6213
-73.5881
-73.5551
-73.5224
-73.4899
-73.4577
-73.4258
-73.3941
-73.3627
-73.3316
-73.3007
-73.2702
-73.2399
-73.2099
-73.1802
-73.1507
-73.1216
-73.0927
-73.0641
-73.0358
-73.0078
-72.98
-72.9525
-72.9253
-72.8984
-72.8717
-72.8453
-72.8192
-72.7933
-72.7677
-72.7424
-72.7173
-72.6925
-72.6679
-72.6436
-72.6196
-72.5958
-72.5722
-72.5489
-72.5258
-72.503
-72.4804
-72.458
-72.4359
-72.4141
-72.3924
-72.371
-72.3498
-72.3289
-72.3082
-72.2877
-72.2674
-72.2473
-72.2275
-72.2079
-72.1885
-72.1693
-72.1503
-72.1315
-72.1129
-72.0945
-72.0764
-72.0584
-72.0406
-72.023
-72.0056
-71.9884
-71.9714
-71.9546
-71.9379
-71.9214
-71.9052
-71.8891
-71.8731
-71.8574
-71.8418
-71.8264
-71.8112
-71.7961
-71.7813
-71.7665
-71.752
-71.7376
-71.7233
-71.7093
-71.6954
-71.6816
-71.668
-71.6546
-71.6413
-71.6281
-71.6151
-71.6023
-71.5896
-71.577
-71.5651
-71.5703
-71.5982
-71.6282
-71.6486
-71.6597
-71.664
-71.6637
-71.6702
-71.6868
-71.7054
-71.7381
-71.778
-71.8149
-71.84
-71.8544
-71.861
-71.8621
-71.8611
-71.8671
-71.8731
-71.8844
-71.9039
-71.9289
-71.9492
-71.9607
-71.965
-71.964
-71.9595
-71.9573
-71.9599
-71.9631
-71.9715
-71.9872
-72.0087
-72.0247
-72.0325
-72.0339
-72.0307
-72.0244
-72.023
-72.0248
-72.0276
-72.0345
-72.0469
-72.0668
-72.0824
-72.0901
-72.0912
-72.0876
-72.0808
-72.0768
-72.0778
-72.0797
-72.0859
-72.0922
-72.1078
-72.1248
-72.1345
-72.1372
-72.1345
-72.1282
-72.1209
-72.1205
-72.1205
-72.1253
-72.1296
-72.1345
-72.1496
-72.1638
-72.1708
-72.1712
-72.1669
-72.1593
-72.1535
-72.1534
-72.1531
-72.1578
-72.1607
-72.1623
-72.1757
-72.1896
-72.1964
-72.1967
-72.1921
-72.1843
-72.1773
-72.1767
-72.1759
-72.1801
-72.1831
-72.1814
-72.1862
-72.2006
-72.2106
-72.2135
-72.2109
-72.2042
-72.1951
-72.192
-72.1913
-72.1926
-72.197
-72.1977
-72.1942
-72.201
-72.2145
-72.2226
-72.2239
-72.2247
-72.2278
-72.2295
-72.2345
-72.2366
-72.2353
-72.2378
-72.2384
-72.2364
-72.2393
-72.2405
-72.2404
-72.2439
-72.2455
-72.2506
-72.2539
-72.256
-72.2605
-72.2613
-72.2573
-72.2496
-72.2399
-72.237
-72.2387
-72.2448
-72.2479
-72.255
-72.2748
-72.3001
-72.3208
-72.3319
-72.3348
-72.3319
-72.3464
-72.4501
-72.6396
-72.8309
-72.9778
-73.075
-73.1398
-73.1913
-73.2714
-73.4006
-73.6029
-73.8516
-74.058
-74.2
-74.2788
-74.3181
-74.3354
-74.3445
-74.3616
-74.4013
-74.4766
-74.5617
-74.625
-74.6636
-74.6801
-74.6831
-74.6786
-74.6707
-74.6648
-74.67
-74.6916
-74.7207
-74.7428
-74.7567
-74.7611
-74.7577
-74.7496
-74.7397
-74.7301
-74.7259
-74.7318
-74.7467
-74.7605
-74.7698
-74.7737
-74.7707
-74.7621
-74.7505
-74.7383
-74.729
-74.7285
-74.7387
-74.7535
-74.7642
-74.7711
-74.7729
-74.7686
-74.7595
-74.7474
-74.7353
-74.7276
-74.7285
-74.7382
-74.751
-74.7592
-74.7638
-74.7653
-74.7616
-74.7546
-74.7447
-74.7342
-74.7289
-74.7302
-74.7388
-74.7503
-74.7576
-74.7609
-74.761
-74.7579
-74.7514
-74.742
-74.7315
-74.7237
-74.7225
-74.7288
-74.74
-74.7498
-74.7545
-74.7567
-74.7551
-74.7513
-74.7445
-74.7365
-74.7287
-74.7238
-74.724
-74.7305
-74.7404
-74.7473
-74.749
-74.7487
-74.7452
-74.7394
-74.7338
-74.728
-74.7227
-74.7199
-74.7211
-74.7278
-74.7374
-74.7452
-74.7468
-74.7458
-74.7432
-74.7372
-74.7306
-74.7254
-74.7206
-74.7166
-74.7158
-74.7199
-74.7264
-74.7331
-74.7373
-74.7371
-74.7357
-74.7328
-74.7281
-74.7225
-74.7174
-74.7154
-74.7137
-74.715
-74.721
-74.7267
-74.7317
-74.7343
-74.7328
-74.7302
-74.7272
-74.7227
-74.717
-74.7118
-74.7067
-74.703
-74.7023
-74.7085
-74.715
-74.7207
-74.7258
-74.7268
-74.7242
-74.722
-74.7195
-74.7165
-74.7134
-74.7092
-74.7038
-74.6984
-74.6989
-74.706
-74.7111
-74.7152
-74.7194
-74.7208
-74.7174
-74.7137
-74.7106
-74.7074
-74.7044
-74.6998
-74.6944
-74.6894
-74.6861
-74.6901
-74.6981
-74.7033
-74.7085
-74.7128
-74.7138
-74.7108
-74.708
-74.7068
-74.7046
-74.7013
-74.6963
-74.6903
-74.6845
-74.6815
-74.682
-74.6859
-74.6903
-74.6954
-74.7003
-74.7036
-74.7023
-74.6978
-74.6944
-74.6947
-74.6924
-74.6875
-74.6815
-74.6771
-74.6734
-74.672
-74.6738
-74.6776
-74.6808
-74.684
-74.6887
-74.6928
-74.6957
-74.6945
-74.6911
-74.6898
-74.6893
-74.6855
-74.6773
-74.6709
-74.6653
-74.6605
-74.6593
-74.6618
-74.6668
-74.6705
-74.6705
-74.6714
-74.6734
-74.6768
-74.6789
-74.6781
-74.6779
-74.6756
-74.6728
-74.669
-74.663
-74.6573
-74.6532
-74.6497
-74.6476
-74.6494
-74.6545
-74.6603
-74.6618
-74.6609
-74.6615
-74.6637
-74.6667
-74.6693
-74.6683
-74.6649
-74.6624
-74.6587
-74.6534
-74.6492
-74.6436
-74.6378
-74.6341
-74.632
-74.6348
-74.6382
-74.6402
-74.6403
-74.6419
-74.6427
-74.6434
-74.644
-74.6495
-74.652
-74.6481
-74.6425
-74.6382
-74.6371
-74.637
-74.6362
-74.6342
-74.6278
-74.6196
-74.6146
-74.6158
-74.6198
-74.6234
-74.6255
-74.6276
-74.6294
-74.628
-74.6267
-74.63
-74.6347
-74.6345
-74.6318
-74.6268
-74.6205
-74.6137
-74.6102
-74.6112
-74.6117
-74.6094
-74.6082
-74.6046
-74.5964
-74.5917
-74.5929
-74.5956
-74.5971
-74.6021
-74.6045
-74.6054
-74.6028
-74.6005
-74.6048
-74.609
-74.6102
-74.6086
-74.6041
-74.5972
-74.593
-74.5877
-74.5827
-74.5835
-74.5846
-74.5831
-74.5793
-74.575
-74.5706
-74.5673
-74.5684
-74.57
-74.5715
-74.5757
-74.5806
-74.5812
-74.5816
-74.5822
-74.5839
-74.5818
-74.5815
-74.5818
-74.5833
-74.5815
-74.5742
-74.5654
-74.5567
-74.5489
-74.5459
-74.547
-74.5485
-74.5493
-74.548
-74.5407
-74.5305
-74.5216
-74.5195
-74.5263
-74.5333
-74.5393
-74.5413
-74.5415
-74.5444
-74.5452
-74.5469
-74.5522
-74.5528
-74.5465
-74.5386
-74.5372
-74.5363
-74.5327
-74.5289
-74.5291
-74.5289
-74.5246
-74.5202
-74.5183
-74.5147
-74.5077
-74.5011
-74.4979
-74.4978
-74.4952
-74.4903
-74.4819
-74.4735
-74.4732
-74.4787
-74.4824
-74.4851
-74.4864
-74.4879
-74.4932
-74.5043
-74.5112
-74.5132
-74.5133
-74.5099
-74.5037
-74.4971
-74.4917
-74.4882
-74.4851
-74.4793
-74.4779
-74.4754
-74.4733
-74.4724
-74.4725
-74.4697
-74.4673
-74.4637
-74.4571
-74.4471
-74.4364
-74.4284
-74.4213
-74.4182
-74.4134
-74.4053
-74.3975
-74.397
-74.4026
-74.4058
-74.4067
-74.4111
-74.4157
-74.4208
-74.4266
-74.4306
-74.435
-74.4365
-74.4359
-74.4327
-74.4305
-74.431
-74.4315
-74.4253
-74.4189
-74.4134
-74.4098
-74.4104
-74.4107
-74.4087
-74.4082
-74.4063
-74.3999
-74.3952
-74.3912
-74.3816
-74.3691
-74.3614
-74.3615
-74.3619
-74.3623
-74.3579
-74.3474
-74.3366
-74.3301
-74.3241
-74.319
-74.3141
-74.3098
-74.3059
-74.3051
-74.307
-74.3124
-74.3182
-74.3225
-74.3256
-74.3323
-74.3422
-74.3483
-74.3466
-74.3391
-74.3326
-74.3275
-74.321
-74.3143
-74.3096
-74.3048
-74.2986
-74.2959
-74.2937
-74.2872
-74.2836
-74.2814
-74.28
-74.2825
-74.2844
-74.2919
-74.3049
-74.31
-74.3122
-74.3104
-74.3026
-74.2909
-74.2803
-74.2702
-74.2645
-74.2634
-74.259
-74.2497
-74.2397
-74.2303
-74.2209
-74.2086
-74.1941
-74.1851
-74.1864
-74.1879
-74.1864
-74.1833
-74.1789
-74.1695
-74.1602
-74.1542
-74.1496
-74.1531
-74.1642
-74.1783
-74.1907
-74.1989
-74.2022
-74.1979
-74.1902
-74.1794
-74.1798
-74.181
-74.1751
-74.1678
-74.1588
-74.1504
-74.1483
-74.1478
-74.1408
-74.1326
-74.1263
-74.1168
-74.1018
-74.0878
-74.0725
-74.0529
-74.0363
-74.0196
-74.0004
-73.9902
-73.9893
-73.9975
-74.0042
-74.0065
-74.0099
-74.0169
-74.0227
-74.0265
-74.0233
-74.0136
-74.0101
-74.015
-74.0283
-74.0381
-74.0463
-74.0477
-74.051
-74.0565
-74.0586
-74.059
-74.0619
-74.0663
-74.0687
-74.0689
-74.0646
-74.0567
-74.0464
-74.0334
-74.0267
-74.0235
-74.0153
-74.008
-74.0024
-73.9913
-73.9765
-73.9669
-73.9624
-73.9575
-73.9488
-73.9381
-73.9224
-73.9018
-73.8786
-73.8589
-73.8485
-73.842
-73.8347
-73.8332
-73.8394
-73.8409
-73.8369
-73.8327
-73.84
-73.8551
-73.8739
-73.892
-73.9085
-73.9243
-73.9333
-73.9374
-73.9484
-73.9632
-73.9756
-73.9806
-73.9755
-73.9626
-73.9464
-73.9303
-73.9131
-73.8977
-73.8837
-73.8669
-73.8513
-73.8444
-73.8423
-73.8338
-73.8184
-73.7995
-73.7842
-73.7713
-73.7547
-73.7379
-73.7211
-73.7009
-73.6771
-73.6508
-73.6228
-73.5994
-73.5809
-73.5657
-73.5474
-73.5253
-73.5004
-73.4819
-73.4719
-73.4665
-73.4647
-73.4598
-73.4482
-73.4312
-73.4171
-73.4053
-73.397
-73.3854
-73.3767
-73.3755
-73.3705
-73.3653
-73.3585
-73.3463
-73.3291
-73.3084
-73.2851
-73.2601
-73.2338
-73.2109
-73.2002
-73.2082
-73.2383
-73.2689
-73.29
-73.3042
-73.3114
-73.3093
-73.3021
-73.304
-73.3061
-73.3079
-73.307
-73.2995
-73.286
-73.2683
-73.2526
-73.2449
-73.2415
-73.2335
-73.2199
-73.2021
-73.1886
-73.1819
-73.179
-73.1768
-73.1755
-73.1685
-73.1557
-73.1385
-73.1183
-73.096
-73.0722
-73.0473
-73.0217
-72.9955
-72.9689
-72.9442
-72.9385
-72.9392
-72.9343
-72.9234
-72.9078
-72.8891
-72.8682
-72.8458
-72.8224
-72.7984
-72.7739
-72.749
-72.724
-72.6988
-72.6736
-72.6485
-72.6233
-72.5983
-72.5734
-72.5486
-72.524
-72.4996
-72.4753
-72.4513
-72.4275
-72.4039
-72.3805
-72.3573
-72.3344
-72.3118
-72.2893
-72.2671
-72.2452
-72.2234
-72.202
-72.1807
-72.1597
-72.1446
-72.1434
-72.142
-72.1361
-72.1264
-72.114
-72.0997
-72.0841
-72.0678
-72.0509
-72.0337
-72.0163
-71.9987
-71.9811
-71.9635
-71.946
-71.9285
-71.9111
-71.8938
-71.8766
-71.8596
-71.8427
-71.826
-71.8094
-71.793
-71.7768
-71.7732
-71.7806
-71.785
-71.7842
-71.7791
-71.7712
-71.7614
-71.7502
-71.7381
-71.7255
-71.7124
-71.699
-71.6854
-71.6718
-71.658
-71.6443
-71.6306
-71.6169
-71.6034
-71.5899
-71.5765
-71.5632
-71.55
-71.5369
-71.524
-71.5112
-71.4985
-71.4859
-71.4735
-71.4613
-71.4492
-71.4372
-71.4253
-71.4136
-71.4021
-71.3906
-71.3793
-71.3682
-71.3572
-71.3463
-71.3355
-71.3249
-71.3144
-71.3041
-71.2939
-71.2838
-71.2738
-71.264
-71.2543
-71.2447
-71.2353
-71.2259
-71.2167
-71.2076
-71.1987
-71.1898
-71.181
-71.1724
-71.1639
-71.1555
-71.1472
-71.139
-71.1309
-71.1229
-71.115
-71.1073
-71.0996
-71.092
-71.0846
-71.0772
-71.0699
-71.0627
-71.0557
-71.0487
-71.0418
-71.035
-71.0283
-71.0217
-71.0151
-71.0087
-71.0023
-70.9961
-70.9899
-70.9838
-70.9778
-70.9718
-70.966
-70.9602
-70.9545
-70.9489
-70.9434
-70.9379
-70.9325
-70.9272
-70.922
-70.9168
-70.9117
-70.9067
-70.9018
-70.8969
-70.8921
-70.8874
-70.8827
-70.8781
-70.8735
-70.8691
-70.8646
-70.8603
-70.856
-70.8518
-70.8476
-70.8435
-70.8395
-70.8355
-70.8316
-70.8277
-70.8239
-70.8201
-70.8164
-70.8128
-70.8092
-70.8057
-70.8022
-70.7987
-70.7954
-70.792
-70.7888
-70.7855
-70.7823
-70.7792
-70.7761
-70.7731
-70.7701
-70.7672
-70.7643
-70.7614
-70.7586
-70.7558
-70.7531
-70.7504
-70.7478
-70.7452
-70.7426
-70.7401
-70.7376
-70.7352
-70.7328
-70.7304
-70.7281
-70.7258
-70.7236
-70.7214
-70.7192
-70.7171
-70.715
-70.7129
-70.7109
-70.7089
-70.7069
-70.705
-70.7031
-70.7012
-70.6994
-70.6976
-70.6958
-70.6941
-70.6924
-70.6907
-70.689
-70.6874
-70.6858
-70.6842
-70.6827
-70.6812
-70.6797
-70.6782
-70.6768
-70.6754
-70.674
-70.6727
-70.6713
-70.67
-70.6688
-70.6675
-70.6663
-70.6651
-70.6639
-70.6627
-70.6616
-70.6604
-70.6593
-70.6583
-70.6572
-70.6562
-70.6552
-70.6542
-70.6532
-70.6522
-70.6513
-70.6504
-70.6495
-70.6486
-70.6478
-70.6469
-70.6461
-70.6453
-70.6445
-70.6437
-70.643
-70.6422
-70.6415
-70.6408
-70.6401
-70.6394
-70.6388
-70.6381
-70.6375
-70.6369
-70.6363
-70.6357
-70.6351
-70.6346
-70.634
-70.6335
-70.633
-70.6325
-70.632
-70.6315
-70.6311
-70.6306
-70.6302
-70.6297
-70.6293
-70.6289
-70.6285
-70.6281
-70.6278
-70.6274
-70.627
-70.6267
-70.6264
-70.6261
-70.6258
-70.6255
-70.6252
-70.6249
-70.6246
-70.6244
-70.6241
-70.6239
-70.6236
-70.6234
-70.6232
-70.623
-70.6228
-70.6226
-70.6224
-70.6222
-70.6221
-70.6219
-70.6217
-70.6216
-70.6215
-70.6213
-70.6212
-70.6211
-70.621
-70.6209
-70.6208
-70.6207
-70.6206
-70.6205
-70.6204
-70.6204
-70.6203
-70.6203
-70.6202
-70.6202
-70.6201
-70.6201
-70.6201
-70.62
-70.62
-70.62
-70.62
-70.62
-70.62
-70.62
-70.62
-70.62
-70.62
-70.6201
-70.6201
-70.6201
-70.6202
-70.6202
-70.6203
-70.6203
-70.6203
-70.6204
-70.6205
-70.6205
-70.6206
-70.6207
-70.6207
-70.6208
-70.6209
-70.621
-70.621
-70.6211
-70.6212
-70.6213
-70.6214
-70.6215
-70.6216
-70.6217
-70.6218
-70.6219
-70.622
-70.6221
-70.6223
-70.6224
-70.6225
-70.6226
-70.6227
-70.6229
-70.623
-70.6231
-70.6233
-70.6234
-70.6235
-70.6237
-70.6238
-70.6239
-70.6241
-70.6242
-70.6244
-70.6245
-70.6246
-70.6248
-70.6249
-70.6251
-70.6252
-70.6254
-70.6256
-70.6257
-70.6259
-70.626
-70.6262
-70.6263
-70.6265
-70.6267
-70.6268
-70.627
-70.6272
-70.6273
-70.6275
-70.6276
-70.6278
-70.628
-70.6281
-70.6283
-70.6285
-70.6287
-70.6288
-70.629
-70.6292
-70.6293
-70.6295
-70.6297
-70.6299
-70.63
-70.6302
-70.6304
-70.6305
-70.6307
-70.6309
-70.6311
-70.6312
-70.6314
-70.6316
-70.6318
-70.6319
-70.6321
-70.6323
-70.6325
-70.6326
-70.6328
-70.633
-70.6332
-70.6333
-70.6335
-70.6337
-70.6339
-70.634
-70.6342
-70.6344
-70.6345
-70.6347
-70.6349
-70.6351
-70.6352
-70.6354
-70.6356
-70.6358
-70.6359
-70.6361
-70.6363
-70.6364
-70.6366
-70.6368
-70.6369
-70.6371
-70.6373
-70.6375
-70.6376
-70.6378
-70.638
-70.6381
-70.6383
-70.6385
-70.6386
-70.6388
-70.639
-70.6391
-70.6393
-70.6394
-70.6396
-70.6398
-70.6399
-70.6401
-70.6402
-70.6404
-70.6406
-70.6407
-70.6409
-70.641
-70.6412
-70.6414
-70.6415
-70.6417
-70.6418
-70.642
-70.6421
-70.6423
-70.6424
-70.6426
-70.6427
-70.6429
-70.643
-70.6432
-70.6433
-70.6435
-70.6436
-70.6438
-70.6439
-70.6441
-70.6442
-70.6444
-70.6445
-70.6446
-70.6448
-70.6449

