-70
-70.1661
-70.23
-70.2566
-70.2695
-70.2773
-70.283
-70.2879
-70.2925
-70.297
-70.3014
-70.3057
-70.31
-70.3142
-70.3185
-70.3226
-70.3268
-70.3309
-70.335
-70.3391
-70.3431
-70.3471
-70.351
-70.3549
-70.3588
-70.3626
-70.3664
-70.3701
-70.3738
-70.3775
-70.3811
-70.3847
-70.3883
-70.3918
-70.3953
-70.3987
-70.4021
-70.4055
-70.4088
-70.4121
-70.4154
-70.4186
-70.4218
-70.4249
-70.428
-70.4311
-70.4341
-70.4372
-70.4401
-70.4431
-70.446
-70.4489
-70.4517
-70.4545
-70.4573
-70.4601
-70.4628
-70.4655
-70.4682
-70.4708
-70.4734
-70.476
-70.4785
-70.481
-70.4835
-70.486
-70.4884
-70.4908
-70.4932
-70.4955
-70.4978
-70.5001
-70.5024
-70.5046
-70.5068
-70.509
-70.5112
-70.5133
-70.5154
-70.5175
-70.5196
-70.5216
-70.5236
-70.5256
-70.5276
-70.5295
-70.5315
-70.5334
-70.5352
-70.5371
-70.5389
-70.5407
-70.5425
-70.5443
-70.5461
-70.5478
-70.5495
-70.5512
-70.5528
-70.5545
-70.5561
-70.5577
-70.5593
-70.5609
-70.5624
-70.5639
-70.5655
-70.5669
-70.5684
-70.5699
-70.5713
-70.5727
-70.5741
-70.5755
-70.5769
-70.5782
-70.5796
-70.5809
-70.5822
-70.5835
-70.5848
-70.586
-70.5873
-70.5885
-70.5897
-70.5909
-70.5921
-70.5932
-70.5944
-70.5955
-70.5966
-70.5977
-70.5988
-70.5999
-70.601
-70.602
-70.603
-70.6041
-70.6051
-70.6061
-70.6071
-70.608
-70.609
-70.6099
-70.6109
-70.6118
-70.6127
-70.6136
-70.6145
-70.6154
-70.6162
-70.6171
-70.6179
-70.6187
-70.6196
-70.6204
-70.6212
-70.622
-70.6227
-70.6235
-70.6242
-70.625
-70.6257
-70.6265
-70.6272
-70.6279
-70.6286
-70.6293
-70.6299
-70.6306
-70.6313
-70.6319
-70.6325
-70.6332
-70.6338
-70.6344
-70.635
-70.6356
-70.6362
-70.6368
-70.6374
-70.6379
-70.6385
-70.639
-70.6396
-70.6401
-70.6406
-70.6411
-70.6417
-70.6422
-70.6427
-70.6431
-70.6436
-70.6441
-70.6446
-70.645
-70.6455
-70.6459
-70.6464
-70.6468
-70.6472
-70.6476
-70.6481
-70.6485
-70.6489
-70.6493
-70.6497
-70.65
-70.6504
-70.6508
-70.6512
-70.6515
-70.6519
-70.6522
-70.6526
-70.6529
-70.6533
-70.6536
-70.6539
-70.6542
-70.6545
-70.6549
-70.6552
-70.6555
-70.6558
-70.656
-70.6563
-70.6566
-70.6569
-70.6572
-70.6574
-70.6577
-70.658
-70.6582
-70.6585
-70.6587
-70.6589
-70.6592
-70.6594
-70.6597
-70.6599
-70.6601
-70.6603
-70.6605
-70.6607
-70.661
-70.6612
-70.6614
-70.6616
-70.6617
-70.6619
-70.6621
-70.6623
-70.6625
-70.6627
-70.6628
-70.663
-70.6632
-70.6633
-70.6635
-70.6637
-70.6638
-70.664
-70.6641
-70.6643
-70.6644
-70.6646
-70.6647
-70.6648
-70.665
-70.6651
-70.6652
-70.6653
-70.6655
-70.6656
-70.6657
-70.6658
-70.6659
-70.666
-70.6662
-70.6663
-70.6664
-70.6665
-70.6666
-70.6667
-70.6668
-70.6669
-70.667
-70.667
-70.6671
-70.6672
-70.6673
-70.6674
-70.6675
-70.6675
-70.6676
-70.6677
-70.6678
-70.6678
-70.6679
-70.668
-70.668
-70.6681
-70.6682
-70.6682
-70.6683
-70.6683
-70.6684
-70.6685
-70.6685
-70.6686
-70.6686
-70.6687
-70.6687
-70.6688
-70.6688
-70.6688
-70.6689
-70.6689
-70.669
-70.669
-70.669
-70.6691
-70.6691
-70.6691
-70.6692
-70.6692
-70.6692
-70.6693
-70.6693
-70.6693
-70.6694
-70.6694
-70.6694
-70.6694
-70.6694
-70.6695
-70.6695
-70.6695
-70.6695
-70.6695
-70.6696
-70.6696
-70.6696
-70.6696
-70.6696
-70.6696
-70.6696
-70.6697
-70.6697
-70.6697
-70.6697
-70.6697
-70.6697
-70.6697
-70.6697
-70.6697
-70.6697
-70.6697
-70.6697
-70.6697
-70.6697
-70.6697
-70.6697
-70.6697
-70.6697
-70.6697
-70.6697
-70.6697
-70.6697
-70.6697
-70.6697
-70.6697
-70.6697
-70.6697
-70.6697
-70.6697
-70.6697
-70.6697
-70.6697
-70.6697
-70.6697
-70.6697
-70.6696
-70.6696
-70.6696
-70.6696
-70.6696
-70.6696
-70.6696
-70.6696
-70.6696
-70.6695
-70.6695
-70.6695
-70.6695
-70.6695
-70.6695
-70.6695
-70.6695
-70.6694
-70.6694
-70.6694
-70.6694
-70.6694
-70.6694
-70.6693
-70.6693
-70.6693
-70.6693
-70.6693
-70.6693
-70.6693
-70.6692
-70.6692
-70.6692
-70.6692
-70.6692
-70.6691
-70.6691
-70.6691
-70.6691
-70.6691
-70.6691
-70.669
-70.669
-70.669
-70.669
-70.669
-70.6689
-70.6689
-70.6689
-70.6689
-70.6689
-70.6688
-70.6688
-70.6688
-70.6688
-70.6688
-70.6687
-70.6687
-70.6687
-70.6687
-70.6686
-70.6686
-70.6686
-70.6686
-70.6686
-70.6685
-70.6685
-70.6685
-70.6685
-70.6685
-70.6684
-70.6684
-70.6684
-70.6684
-70.6684
-70.6683
-70.6683
-70.6683
-70.6683
-70.6682
-70.6682
-70.6682
-70.6682
-70.6682
-70.6681
-70.6681
-70.6681
-70.6681
-70.6681
-70.6706
-70.8246
-71.4304
-72.3677
-73.1984
-73.7673
-74.0752
-68.6399
-54.7535
-51.2308
-49.2436
-46.4698
-30.1895
-13.4946
-39.7656
-68.2658
-68.7238
-67.7145
-66.6513
-65.5679
-64.4822
-63.4125
-62.3761
-61.3876
-60.455
-59.5031
-58.6376
-57.8836
-57.2194
-56.635
-56.1251
-55.6785
-55.2812
-54.943
-54.66
-54.425
-54.2315
-54.0727
-53.9348
-53.8186
-53.7264
-53.6539
-53.5973
-53.5534
-53.5196
-53.4898
-53.4618
-53.4414
-53.4273
-53.4179
-53.4117
-53.408
-53.4062
-53.4055
-53.3978
-53.3918
-53.3892
-53.3889
-53.3899
-53.3918
-53.3942
-53.397
-53.4002
-53.4035
-53.4061
-53.3994
-53.3942
-53.3926
-53.393
-53.3945
-53.3965
-53.3989
-53.4014
-53.4041
-53.4068
-53.4095
-53.4123
-53.415
-53.4174
-53.4194
-53.4141
-53.406
-53.3981
-53.3939
-53.392
-53.3907
-53.3889
-53.3857
-53.3786
-53.3572
-53.1714
-52.9837
-53.0149
-53.0865
-53.1497
-53.1958
-53.2271
-53.2481
-53.263
-53.2748
-53.2857
-53.2972
-53.3106
-53.3273
-53.3585
-53.3994
-53.4187
-53.429
-53.4343
-53.4344
-53.4348
-53.4366
-53.4399
-53.4446
-53.4506
-53.4577
-53.466
-53.4754
-53.4861
-53.498
-53.5114
-53.5262
-53.5426
-53.5606
-53.5806
-53.6024
-53.6264
-53.6527
-53.6814
-53.7128
-53.7473
-53.785
-53.8262
-53.8712
-53.9202
-53.9735
-54.0314
-54.0944
-53.7393
-53.5023
-53.4343
-53.4242
-53.4335
-53.4493
-53.4515
-53.4299
-53.4227
-53.4251
-53.4319
-53.4408
-53.4506
-53.461
-53.4718
-53.483
-53.495
-53.5075
-53.5206
-53.5343
-53.5489
-53.5645
-53.5813
-53.5993
-53.6188
-53.6399
-53.6641
-53.6911
-53.72
-53.7508
-53.7839
-53.8197
-53.8585
-53.9005
-53.946
-53.9952
-54.0498
-54.1127
-54.1801
-54.2511
-54.0765
-53.5385
-53.3872
-53.3594
-53.3678
-53.3862
-53.4064
-53.4267
-53.4467
-53.4526
-53.427
-53.4165
-53.4165
-53.4213
-53.4281
-53.4357
-53.4438
-53.4521
-53.4612
-53.4711
-53.4813
-53.4918
-53.5029
-53.5151
-53.5282
-53.5419
-53.5566
-53.5724
-53.5893
-53.6086
-53.6308
-53.6553
-53.6811
-53.7088
-53.7403
-53.7743
-53.8103
-53.8489
-53.8905
-53.9354
-53.985
-54.0418
-54.1058
-54.1755
-54.2489
-54.3307
-54.4171
-54.5072
-54.6019
-54.702
-53.695
-53.3439
-53.2766
-53.285
-53.3117
-53.341
-53.3687
-53.394
-53.4167
-53.4373
-53.4564
-53.4745
-53.4452
-53.4199
-53.4128
-53.4142
-53.4191
-53.4257
-53.4334
-53.4416
-53.4498
-53.4582
-53.4668
-53.4759
-53.4855
-53.4957
-53.5068
-53.5196
-53.5334
-53.5481
-53.5657
-53.5859
-53.6069
-53.6289
-53.6522
-53.6773
-53.7044
-53.734
-53.7662
-53.8021
-53.8444
-53.8949
-53.9522
-54.0113
-54.0724
-54.1368
-54.2054
-53.8525
-53.4526
-53.354
-53.3423
-53.3538
-53.3539
-53.3591
-53.3689
-53.3798
-53.3906
-53.4008
-53.4103
-53.4193
-53.428
-53.4364
-53.4448
-53.4532
-53.4623
-53.4725
-53.484
-53.4964
-53.5104
-53.525
-53.54
-53.5557
-53.5726
-53.5907
-53.6109
-53.638
-53.6773
-53.7268
-53.79
-53.8651
-53.9561
-54.0447
-54.1254
-54.2032
-54.288
-54.3971
-54.5523
-54.7472
-54.96
-55.173
-55.3782
-55.5752
-55.7689
-55.9676
-56.1897
-56.4552
-56.7801
-57.1404
-57.5166
-57.8892
-58.2544
-58.6199
-58.9908
-59.3735
-59.7801
-60.2142
-60.6943
-61.2091
-61.7396
-62.2646
-62.7785
-63.2801
-63.7733
-64.258
-64.7435
-65.2298
-65.7356
-66.2533
-66.7803
-67.2906
-67.7715
-68.2219
-68.6429
-69.0379
-69.412
-69.7679
-70.1177
-70.4665
-70.8106
-71.1441
-71.4529
-71.7313
-71.98
-72.2031
-72.4073
-72.5949
-72.7672
-72.937
-73.0998
-73.2586
-73.4085
-73.5442
-73.6637
-73.7671
-73.8568
-73.9373
-74.0109
-74.0768
-74.1422
-74.2043
-74.2647
-74.3227
-74.3747
-74.4208
-74.459
-74.4913
-74.5174
-74.5407
-74.562
-74.5837
-74.6049
-74.6248
-74.6458
-74.6651
-74.6831
-74.6984
-74.7091
-74.7167
-74.7219
-74.7263
-74.7316
-74.7389
-74.7452
-74.7517
-74.7592
-74.7655
-74.7716
-74.7774
-74.7795
-74.7792
-74.7786
-74.7768
-74.776
-74.7785
-74.7805
-74.7827
-74.7847
-74.7863
-74.7878
-74.7913
-74.7928
-74.7909
-74.7889
-74.7874
-74.7858
-74.7854
-74.786
-74.7857
-74.7859
-74.7853
-74.7845
-74.7847
-74.7873
-74.7874
-74.785
-74.7816
-74.7805
-74.7804
-74.7799
-74.7784
-74.7774
-74.777
-74.7752
-74.7733
-74.7731
-74.7752
-74.7784
-74.7779
-74.7752
-74.7736
-74.7735
-74.7731
-74.7714
-74.7678
-74.7667
-74.7657
-74.7624
-74.7591
-74.7585
-74.7603
-74.7633
-74.7639
-74.7629
-74.7631
-74.7628
-74.762
-74.7604
-74.7566
-74.7548
-74.7538
-74.7504
-74.7469
-74.7454
-74.7471
-74.75
-74.7528
-74.7546
-74.7549
-74.7545
-74.753
-74.7505
-74.7476
-74.745
-74.7418
-74.7377
-74.7323
-74.7283
-74.7273
-74.7289
-74.7324
-74.7369
-74.7417
-74.744
-74.7435
-74.7422
-74.741
-74.7381
-74.735
-74.7314
-74.7275
-74.7218
-74.7162
-74.7135
-74.7139
-74.7161
-74.7205
-74.7252
-74.7302
-74.7322
-74.7321
-74.7306
-74.7282
-74.7244
-74.7204
-74.7158
-74.7118
-74.7069
-74.7003
-74.6938
-74.6931
-74.6959
-74.7
-74.7065
-74.7136
-74.7177
-74.7196
-74.72
-74.7185
-74.7152
-74.7111
-74.7074
-74.7033
-74.6981
-74.6941
-74.6876
-74.6804
-74.6769
-74.6785
-74.6819
-74.6867
-74.6936
-74.6992
-74.702
-74.7037
-74.7041
-74.7018
-74.6975
-74.6918
-74.6892
-74.686
-74.6809
-74.6764
-74.6704
-74.665
-74.6612
-74.659
-74.6616
-74.6664
-74.672
-74.6784
-74.6829
-74.685
-74.6863
-74.6872
-74.6862
-74.6825
-74.6779
-74.6726
-74.6696
-74.6657
-74.659
-74.654
-74.651
-74.6459
-74.6423
-74.6395
-74.6424
-74.6491
-74.6527
-74.6536
-74.6555
-74.6586
-74.6618
-74.663
-74.6616
-74.6614
-74.659
-74.6548
-74.6507
-74.6454
-74.6416
-74.6381
-74.6353
-74.6309
-74.626
-74.621
-74.6206
-74.623
-74.6293
-74.6366
-74.6386
-74.6344
-74.6306
-74.6313
-74.6346
-74.6367
-74.6372
-74.6358
-74.6308
-74.6292
-74.6279
-74.6249
-74.6203
-74.6152
-74.6115
-74.6137
-74.6147
-74.6119
-74.6066
-74.5999
-74.5939
-74.5953
-74.5986
-74.6004
-74.6012
-74.5986
-74.597
-74.5988
-74.6007
-74.6003
-74.5968
-74.596
-74.5965
-74.5948
-74.591
-74.5903
-74.591
-74.5878
-74.5834
-74.5816
-74.5847
-74.5899
-74.5917
-74.5897
-74.5852
-74.578
-74.5742
-74.5722
-74.5704
-74.5684
-74.566
-74.5667
-74.5672
-74.5682
-74.5692
-74.5685
-74.5645
-74.5617
-74.5575
-74.553
-74.5503
-74.5468
-74.544
-74.5418
-74.5394
-74.54
-74.5466
-74.5511
-74.5531
-74.5549
-74.5562
-74.5559
-74.551
-74.5459
-74.5457
-74.5448
-74.5391
-74.5324
-74.5277
-74.5216
-74.515
-74.5124
-74.5147
-74.516
-74.5137
-74.5101
-74.5044
-74.4979
-74.4943
-74.494
-74.49
-74.4835
-74.4797
-74.4769
-74.4754
-74.4781
-74.4776
-74.4793
-74.4814
-74.4856
-74.492
-74.5002
-74.5071
-74.5079
-74.5028
-74.4975
-74.4976
-74.5004
-74.5018
-74.4988
-74.4936
-74.4871
-74.4804
-74.4763
-74.4718
-74.4683
-74.4666
-74.4674
-74.4663
-74.4598
-74.4522
-74.4467
-74.4406
-74.4315
-74.4243
-74.4217
-74.4229
-74.4198
-74.4135
-74.4071
-74.4048
-74.4064
-74.41
-74.4092
-74.4081
-74.407
-74.4072
-74.4047
-74.4032
-74.4124
-74.4254
-74.4326
-74.4384
-74.4417
-74.4457
-74.4444
-74.4383
-74.4287
-74.4209
-74.4146
-74.4079
-74.3998
-74.3924
-74.3857
-74.3873
-74.3931
-74.3938
-74.3916
-74.3914
-74.3883
-74.3786
-74.3666
-74.3539
-74.3409
-74.3324
-74.3316
-74.3269
-74.3189
-74.3148
-74.3111
-74.3042
-74.2964
-74.296
-74.2985
-74.2999
-74.2971
-74.2915
-74.2919
-74.2965
-74.2941
-74.2867
-74.2761
-74.2699
-74.2693
-74.2651
-74.2568
-74.257
-74.2639
-74.2762
-74.2915
-74.3082
-74.3152
-74.3153
-74.3082
-74.2996
-74.29
-74.2827
-74.2777
-74.2701
-74.2608
-74.2561
-74.2541
-74.2563
-74.2646
-74.2728
-74.2741
-74.2694
-74.2679
-74.2664
-74.2606
-74.254
-74.2482
-74.2413
-74.2358
-74.2321
-74.2249
-74.2114
-74.2002
-74.1953
-74.1885
-74.1766
-74.1656
-74.1617
-74.1559
-74.1533
-74.1496
-74.1424
-74.1352
-74.1317
-74.1227
-74.1081
-74.102
-74.1061
-74.1103
-74.1108
-74.1098
-74.1064
-74.0993
-74.0876
-74.0781
-74.0749
-74.0754
-74.076
-74.0716
-74.066
-74.0574
-74.0454
-74.0375
-74.0347
-74.0403
-74.0574
-74.0699
-74.0853
-74.0963
-74.1007
-74.1017
-74.0949
-74.083
-74.0685
-74.0538
-74.0475
-74.0473
-74.0483
-74.042
-74.0291
-74.0165
-74.0142
-74.015
-74.0203
-74.0276
-74.0319
-74.0385
-74.0482
-74.0561
-74.0622
-74.0594
-74.0483
-74.0356
-74.0289
-74.0248
-74.0182
-74.0053
-73.9879
-73.9766
-73.9706
-73.9692
-73.9734
-73.9787
-73.9804
-73.9766
-73.9711
-73.9659
-73.959
-73.9496
-73.9405
-73.9324
-73.9277
-73.9294
-73.9358
-73.9376
-73.933
-73.9241
-73.9092
-73.8911
-73.8739
-73.8603
-73.8513
-73.8512
-73.8523
-73.8502
-73.8441
-73.8404
-73.8337
-73.8319
-73.832
-73.8346
-73.8329
-73.8264
-73.8169
-73.802
-73.7825
-73.7649
-73.7471
-73.7373
-73.7335
-73.7262
-73.7196
-73.7205
-73.718
-73.7105
-73.7015
-73.6873
-73.6683
-73.6456
-73.6255
-73.6086
-73.5953
-73.5846
-73.5754
-73.5693
-73.5658
-73.5639
-73.5633
-73.5588
-73.5487
-73.5396
-73.5312
-73.523
-73.5116
-73.5125
-73.5177
-73.5154
-73.5052
-73.4891
-73.4688
-73.4457
-73.4226
-73.4054
-73.391
-73.3799
-73.3655
-73.3468
-73.3247
-73.3092
-73.3048
-73.2974
-73.29
-73.2829
-73.272
-73.2647
-73.2577
-73.2537
-73.2457
-73.2322
-73.216
-73.2147
-73.2336
-73.2487
-73.2536
-73.2575
-73.2611
-73.2651
-73.2703
-73.2697
-73.2616
-73.2479
-73.2301
-73.2097
-73.202
-73.2082
-73.2145
-73.2127
-73.2034
-73.1886
-73.1701
-73.1545
-73.1514
-73.1503
-73.1432
-73.1303
-73.1132
-73.093
-73.072
-73.0595
-73.048
-73.0388
-73.0335
-73.0242
-73.01
-72.9922
-72.9718
-72.9496
-72.9262
-72.9019
-72.877
-72.8517
-72.8261
-72.8003
-72.7744
-72.7485
-72.7283
-72.7182
-72.707
-72.6923
-72.6747
-72.655
-72.6339
-72.6119
-72.5893
-72.5664
-72.5432
-72.5199
-72.4965
-72.4732
-72.4499
-72.4268
-72.4038
-72.3809
-72.3582
-72.3356
-72.3133
-72.2996
-72.2967
-72.292
-72.2831
-72.2708
-72.2561
-72.2398
-72.2224
-72.2044
-72.1858
-72.167
-72.1481
-72.129
-72.1099
-72.0909
-72.0719
-72.053
-72.0342
-72.0155
-71.997
-71.9787
-71.9605
-71.9424
-71.9246
-71.9069
-71.8894
-71.8721
-71.8549
-71.838
-71.8212
-71.8047
-71.7883
-71.7721
-71.7561
-71.7403
-71.7246
-71.7092
-71.6939
-71.6788
-71.6639
-71.6491
-71.6345
-71.6202
-71.6059
-71.5919
-71.578
-71.5643
-71.5508
-71.5374
-71.5242
-71.5111
-71.4982
-71.4855
-71.4729
-71.4605
-71.4482
-71.4361
-71.4241
-71.4123
-71.4006
-71.3891
-71.3777
-71.3665
-71.3554
-71.3445
-71.3336
-71.323
-71.3124
-71.302
-71.2918
-71.2816
-71.2716
-71.2618
-71.252
-71.2424
-71.2329
-71.2235
-71.2143
-71.2051
-71.1961
-71.1872
-71.1784
-71.1698
-71.1612
-71.1528
-71.1445
-71.1362
-71.1281
-71.1201
-71.1122
-71.1044
-71.0967
-71.0891
-71.0817
-71.0743
-71.067
-71.0598
-71.0527
-71.0457
-71.0388
-71.032
-71.0252
-71.0186
-71.0121
-71.0056
-70.9992
-70.993
-70.9868
-70.9807
-70.9746
-70.9687
-70.9628
-70.9571
-70.9514
-70.9457
-70.9402
-70.9347
-70.9293
-70.924
-70.9188
-70.9136
-70.9085
-70.9035
-70.8986
-70.8937
-70.8889
-70.8841
-70.8795
-70.8748
-70.8703
-70.8658
-70.8614
-70.8571
-70.8528
-70.8486
-70.8444
-70.8403
-70.8363
-70.8323
-70.8283
-70.8245
-70.8207
-70.8169
-70.8132
-70.8096
-70.806
-70.8025
-70.799
-70.7956
-70.7922
-70.7889
-70.7856
-70.7824
-70.7792
-70.7761
-70.773
-70.7699
-70.767
-70.764
-70.7611
-70.7583
-70.7555
-70.7527
-70.75
-70.7473
-70.7447
-70.7421
-70.7396
-70.7371
-70.7346
-70.7322
-70.7298
-70.7274
-70.7251
-70.7228
-70.7206
-70.7184
-70.7163
-70.7141
-70.712
-70.71
-70.708
-70.706
-70.704
-70.7021
-70.7002
-70.6984
-70.6965
-70.6947
-70.693
-70.6912
-70.6895
-70.6879
-70.6862
-70.6846
-70.683
-70.6815
-70.6799
-70.6784
-70.677
-70.6755
-70.6741
-70.6727
-70.6713
-70.67
-70.6687
-70.6674
-70.6661
-70.6649
-70.6637
-70.6625
-70.6613
-70.6601
-70.659
-70.6579
-70.6568
-70.6557
-70.6547
-70.6537
-70.6527
-70.6517
-70.6507
-70.6498
-70.6489
-70.648
-70.6471
-70.6462
-70.6454
-70.6445
-70.6437
-70.6429
-70.6422
-70.6414
-70.6407
-70.6399
-70.6392
-70.6385
-70.6379
-70.6372
-70.6365
-70.6359
-70.6353
-70.6347
-70.6341
-70.6335
-70.633
-70.6324
-70.6319
-70.6314
-70.6309
-70.6304
-70.6299
-70.6295
-70.629
-70.6286
-70.6281
-70.6277
-70.6273
-70.6269
-70.6265
-70.6262
-70.6258
-70.6255
-70.6251
-70.6248
-70.6245
-70.6242
-70.6239
-70.6236
-70.6233
-70.623
-70.6228
-70.6225
-70.6223
-70.6221
-70.6218
-70.6216
-70.6214
-70.6212
-70.621
-70.6209
-70.6207
-70.6205
-70.6204
-70.6202
-70.6201
-70.6199
-70.6198
-70.6197
-70.6196
-70.6195
-70.6194
-70.6193
-70.6192
-70.6191
-70.619
-70.619
-70.6189
-70.6188
-70.6188
-70.6187
-70.6187
-70.6187
-70.6186
-70.6186
-70.6186
-70.6186
-70.6186
-70.6186
-70.6186
-70.6186
-70.6186
-70.6186
-70.6186
-70.6187
-70.6187
-70.6187
-70.6188
-70.6188
-70.6189
-70.6189
-70.619
-70.619
-70.6191
-70.6191
-70.6192
-70.6193
-70.6193
-70.6194
-70.6195
-70.6196
-70.6197
-70.6198
-70.6199
-70.62
-70.6201
-70.6202
-70.6203
-70.6204
-70.6205
-70.6206
-70.6207
-70.6208
-70.6209
-70.6211
-70.6212
-70.6213
-70.6214
-70.6216
-70.6217
-70.6218
-70.622
-70.6221
-70.6222
-70.6224
-70.6225
-70.6227
-70.6228
-70.623
-70.6231
-70.6233
-70.6234
-70.6236
-70.6237
-70.6239
-70.624
-70.6242
-70.6243
-70.6245
-70.6247
-70.6248
-70.625
-70.6252
-70.6253
-70.6255
-70.6257
-70.6258
-70.626
-70.6262
-70.6263
-70.6265
-70.6267
-70.6268
-70.627
-70.6272
-70.6274
-70.6275
-70.6277
-70.6279
-70.6281
-70.6282
-70.6284
-70.6286
-70.6288
-70.629
-70.6291
-70.6293
-70.6295
-70.6297
-70.6298
-70.63
-70.6302
-70.6304
-70.6306
-70.6307
-70.6309
-70.6311
-70.6313
-70.6315
-70.6316
-70.6318
-70.632
-70.6322
-70.6324
-70.6325
-70.6327
-70.6329
-70.6331
-70.6333
-70.6334
-70.6336
-70.6338
-70.634
-70.6342
-70.6343
-70.6345
-70.6347
-70.6349
-70.635
-70.6352
-70.6354
-70.6356
-70.6358
-70.6359
-70.6361
-70.6363
-70.6364
-70.6366
-70.6368
-70.637
-70.6371
-70.6373
-70.6375
-70.6377
-70.6378
-70.638
-70.6382
-70.6383
-70.6385
-70.6387
-70.6388
-70.639
-70.6392
-70.6393
-70.6395
-70.6397
-70.6398
-70.64
-70.6402
-70.6403
-70.6405
-70.6406
-70.6408
-70.641
-70.6411
-70.6413
-70.6414
-70.6416
-70.6418
-70.6419
-70.6421
-70.6422
-70.6424
-70.6425
-70.6427
-70.6428
-70.643
-70.6431
-70.6433
-70.6434
-70.6436
-70.6437
-70.6439
-70.644
-70.6442
-70.6443
-70.6445
-70.6446
-70.6448

