-70
-70.2123
-70.2926
-70.3252
-70.3404
-70.3491
-70.3555
-70.3609
-70.3659
-70.3708
-70.3757
-70.3805
-70.3853
-70.39
-70.3948
-70.3995
-70.4042
-70.4088
-70.4134
-70.4179
-70.4224
-70.4269
-70.4313
-70.4357
-70.44
-70.4443
-70.4485
-70.4527
-70.4569
-70.461
-70.465
-70.469
-70.473
-70.4769
-70.4808
-70.4846
-70.4884
-70.4921
-70.4958
-70.4995
-70.5031
-70.5067
-70.5102
-70.5137
-70.5172
-70.5206
-70.524
-70.5273
-70.5306
-70.5339
-70.5371
-70.5403
-70.5434
-70.5465
-70.5496
-70.5526
-70.5556
-70.5586
-70.5615
-70.5644
-70.5673
-70.5701
-70.5729
-70.5757
-70.5784
-70.5811
-70.5838
-70.5864
-70.589
-70.5916
-70.5941
-70.5966
-70.5991
-70.6016
-70.604
-70.6064
-70.6087
-70.6111
-70.6134
-70.6157
-70.6179
-70.6201
-70.6223
-70.6245
-70.6266
-70.6287
-70.6308
-70.6329
-70.6349
-70.6369
-70.6389
-70.6409
-70.6428
-70.6448
-70.6466
-70.6485
-70.6503
-70.6522
-70.654
-70.6557
-70.6575
-70.6592
-70.6609
-70.6626
-70.6643
-70.6659
-70.6675
-70.6691
-70.6707
-70.6723
-70.6738
-70.6754
-70.6769
-70.6783
-70.6798
-70.6812
-70.6827
-70.6841
-70.6855
-70.6868
-70.6882
-70.6895
-70.6908
-70.6921
-70.6934
-70.6947
-70.6959
-70.6972
-70.6984
-70.6996
-70.7008
-70.702
-70.7031
-70.7042
-70.7054
-70.7065
-70.7076
-70.7087
-70.7097
-70.7108
-70.7118
-70.7128
-70.7138
-70.7148
-70.7158
-70.7168
-70.7177
-70.7187
-70.7196
-70.7205
-70.7214
-70.7223
-70.7232
-70.7241
-70.7249
-70.7258
-70.7266
-70.7274
-70.7282
-70.729
-70.7298
-70.7306
-70.7314
-70.7321
-70.7329
-70.7336
-70.7343
-70.735
-70.7357
-70.7364
-70.7371
-70.7378
-70.7384
-70.7391
-70.7397
-70.7404
-70.741
-70.7416
-70.7422
-70.7428
-70.7434
-70.744
-70.7446
-70.7451
-70.7457
-70.7462
-70.7468
-70.7473
-70.7478
-70.7484
-70.7489
-70.7494
-70.7499
-70.7504
-70.7508
-70.7513
-70.7518
-70.7522
-70.7527
-70.7531
-70.7536
-70.754
-70.7544
-70.7549
-70.7553
-70.7557
-70.7561
-70.7565
-70.7569
-70.7573
-70.7576
-70.758
-70.7584
-70.7587
-70.7591
-70.7594
-70.7598
-70.7601
-70.7605
-70.7608
-70.7611
-70.7614
-70.7617
-70.7621
-70.7624
-70.7627
-70.763
-70.7632
-70.7635
-70.7638
-70.7641
-70.7644
-70.7646
-70.7649
-70.7651
-70.7654
-70.7656
-70.7659
-70.7661
-70.7664
-70.7666
-70.7668
-70.7671
-70.7673
-70.7675
-70.7677
-70.7679
-70.7681
-70.7684
-70.7686
-70.7688
-70.769
-70.7691
-70.7693
-70.7695
-70.7697
-70.7699
-70.7701
-70.7702
-70.7704
-70.7706
-70.7707
-70.7709
-70.7711
-70.7712
-70.7714
-70.7715
-70.7717
-70.7718
-70.772
-70.7721
-70.7722
-70.7724
-70.7725
-70.7726
-70.7728
-70.7729
-70.773
-70.7731
-70.7733
-70.7734
-70.7735
-70.7736
-70.7737
-70.7738
-70.7739
-70.774
-70.7741
-70.7742
-70.7743
-70.7744
-70.7745
-70.7746
-70.7747
-70.7748
-70.7749
-70.775
-70.7751
-70.7751
-70.7752
-70.7753
-70.7754
-70.7755
-70.7755
-70.7756
-70.7757
-70.7758
-70.7758
-70.7759
-70.776
-70.776
-70.7761
-70.7762
-70.7762
-70.7763
-70.7763
-70.7764
-70.7765
-70.7765
-70.7766
-70.7766
-70.7767
-70.7767
-70.7768
-70.7768
-70.7769
-70.7769
-70.777
-70.777
-70.7771
-70.7771
-70.7771
-70.7772
-70.7772
-70.7773
-70.7773
-70.7773
-70.7774
-70.7774
-70.7774
-70.7775
-70.7775
-70.7775
-70.7776
-70.7776
-70.7776
-70.7777
-70.7777
-70.7777
-70.7777
-70.7778
-70.7778
-70.7778
-70.7778
-70.7779
-70.7779
-70.7779
-70.7779
-70.778
-70.778
-70.778
-70.778
-70.778
-70.7781
-70.7781
-70.7781
-70.7781
-70.7781
-70.7781
-70.7782
-70.7782
-70.7782
-70.7782
-70.7782
-70.7782
-70.7782
-70.7783
-70.7783
-70.7783
-70.7783
-70.7783
-70.7783
-70.7783
-70.7783
-70.7783
-70.7783
-70.7784
-70.7784
-70.7784
-70.7784
-70.7784
-70.7784
-70.7784
-70.7784
-70.7784
-70.7784
-70.7784
-70.7784
-70.7784
-70.7784
-70.7784
-70.7784
-70.7784
-70.7784
-70.7784
-70.7785
-70.7785
-70.7785
-70.7785
-70.7785
-70.7785
-70.7785
-70.7785
-70.7785
-70.7785
-70.7785
-70.7785
-70.7785
-70.7785
-70.7785
-70.7785
-70.7785
-70.7785
-70.7785
-70.7785
-70.7785
-70.7785
-70.7785
-70.7785
-70.7785
-70.7785
-70.7785
-70.7785
-70.7785
-70.7785
-70.7785
-70.7784
-70.7784
-70.7784
-70.7784
-70.7784
-70.7784
-70.7784
-70.7784
-70.7784
-70.7784
-70.7784
-70.7784
-70.7784
-70.7784
-70.7784
-70.7784
-70.7784
-70.7784
-70.7784
-70.7784
-70.7784
-70.7784
-70.7784
-70.7784
-70.7784
-70.7784
-70.7784
-70.7784
-70.7784
-70.7783
-70.7783
-70.7783
-70.7783
-70.7783
-70.7783
-70.7783
-70.7815
-70.976
-71.7182
-72.6536
-73.4021
-73.8898
-74.1529
-74.2792
-66.294
-54.3287
-51.02
-48.3958
-37.9469
-16.993
-55.4492
-70.6334
-69.5689
-68.3138
-66.9894
-65.6293
-64.2705
-62.9505
-61.7033
-60.5548
-59.5233
-58.6185
-57.676
-56.8169
-56.1801
-55.6847
-55.296
-54.9931
-54.7589
-54.5423
-54.3771
-54.263
-54.185
-54.1318
-54.0962
-54.0631
-54.0274
-54.006
-53.9955
-53.9919
-53.9926
-53.9961
-53.9984
-53.9864
-53.9795
-53.9785
-53.9811
-53.9857
-53.9913
-53.9976
-54.0044
-54.0047
-53.9931
-53.9877
-53.9873
-53.9898
-53.9937
-53.9984
-54.0036
-54.0091
-54.0148
-54.0208
-54.027
-54.0112
-53.9981
-53.9934
-53.9932
-53.9953
-53.9983
-54.0019
-54.0058
-54.0098
-54.0139
-54.0177
-54.021
-54.0239
-54.0263
-54.0279
-54.0283
-54.0271
-54.0021
-53.9794
-53.9683
-53.9595
-53.9439
-53.8738
-53.4612
-53.4411
-53.5572
-53.6561
-53.721
-53.7603
-53.783
-53.7958
-53.8033
-53.8088
-53.8145
-53.822
-53.8329
-53.8486
-53.871
-53.9024
-53.945
-53.9999
-54.0656
-54.1395
-54.2199
-54.2103
-54.0806
-54.0383
-54.0304
-54.0348
-54.044
-54.0558
-54.0692
-54.0842
-54.1008
-54.1191
-54.1391
-54.1611
-54.1852
-54.2115
-54.2401
-54.2714
-54.3055
-54.3428
-54.3835
-54.4278
-54.476
-54.5286
-54.5856
-54.6476
-54.7149
-54.7878
-54.867
-54.9531
-55.0465
-55.1477
-55.257
-55.3748
-55.5008
-55.6359
-55.7805
-55.9351
-54.944
-53.9607
-53.7641
-53.7746
-53.8316
-53.8913
-53.9434
-53.9872
-54.0242
-54.0561
-54.0844
-54.1103
-54.1349
-54.1589
-54.183
-54.2075
-54.2339
-54.262
-54.2914
-54.3225
-54.3557
-54.3914
-54.4298
-54.4713
-54.516
-54.5644
-54.6176
-54.6768
-54.7403
-54.8079
-54.8804
-54.9586
-55.0427
-55.1332
-55.2303
-55.3342
-55.4448
-55.5674
-55.6999
-55.8383
-55.983
-56.1351
-56.2954
-56.4638
-54.8064
-53.7723
-53.6055
-53.6487
-53.7309
-53.8078
-53.8711
-53.9217
-53.9622
-53.9954
-54.0233
-54.0475
-54.0693
-54.0896
-54.1091
-54.1294
-54.1503
-54.1715
-54.1934
-54.2164
-54.2406
-54.2665
-54.2943
-54.3243
-54.3567
-54.3916
-54.4312
-54.4764
-54.5242
-54.5746
-54.6282
-54.6855
-54.7469
-54.8128
-54.8837
-54.9601
-55.0421
-55.1299
-55.2311
-55.3437
-55.4592
-55.5779
-55.7011
-55.8297
-55.9639
-56.1046
-56.2517
-56.4052
-56.5643
-56.7285
-56.9139
-57.1157
-57.3161
-57.5141
-54.9968
-53.5818
-53.3759
-53.4531
-53.5776
-53.689
-53.7772
-53.8453
-53.8982
-53.9405
-53.9748
-54.003
-54.0272
-54.0485
-54.0679
-54.0852
-54.1018
-54.118
-54.1344
-54.1511
-54.1682
-54.1867
-54.2081
-54.2296
-54.2508
-54.2718
-54.2927
-54.3135
-54.3336
-54.3525
-54.3698
-54.3843
-54.3947
-54.3996
-54.4061
-54.4048
-54.3857
-54.341
-54.2564
-54.1017
-53.7963
-53.7787
-53.6134
-53.3005
-53.4299
-53.5901
-53.6973
-53.7618
-53.7994
-53.8229
-53.8364
-53.8443
-53.8502
-53.8566
-53.865
-53.8768
-53.8945
-53.9259
-53.9812
-54.0736
-54.1727
-54.2721
-54.3706
-54.4654
-54.5517
-54.6379
-54.7337
-54.8557
-55.007
-55.1731
-55.3399
-55.5042
-55.6679
-55.8336
-56.0071
-56.1929
-56.3972
-56.6339
-56.8966
-57.1774
-57.473
-57.7788
-58.0932
-58.4189
-58.7585
-59.1127
-59.4842
-59.8859
-60.3148
-60.7635
-61.2312
-61.7054
-62.1839
-62.6636
-63.144
-63.6251
-64.1083
-64.6034
-65.1107
-65.6186
-66.1321
-66.6378
-67.1246
-67.592
-68.0385
-68.4646
-68.8707
-69.2629
-69.6494
-70.0258
-70.3864
-70.7372
-71.0661
-71.368
-71.6458
-71.9008
-72.1348
-72.3492
-72.5512
-72.744
-72.9253
-73.095
-73.2573
-73.4064
-73.539
-73.6571
-73.7628
-73.8576
-73.9422
-74.0204
-74.0939
-74.1624
-74.2262
-74.288
-74.3452
-74.3949
-74.4376
-74.4743
-74.5059
-74.5335
-74.5584
-74.5822
-74.6042
-74.6252
-74.6463
-74.6678
-74.687
-74.7022
-74.714
-74.7232
-74.7303
-74.7361
-74.7423
-74.7477
-74.753
-74.7588
-74.7659
-74.7736
-74.7801
-74.7837
-74.7856
-74.7867
-74.7873
-74.7865
-74.7872
-74.7873
-74.7882
-74.79
-74.7924
-74.7957
-74.7983
-74.799
-74.7975
-74.7963
-74.7954
-74.7939
-74.7928
-74.7915
-74.7901
-74.7904
-74.7908
-74.7918
-74.7934
-74.7935
-74.7922
-74.7896
-74.7873
-74.7857
-74.7856
-74.7859
-74.7842
-74.7833
-74.7835
-74.7837
-74.7841
-74.7851
-74.7841
-74.7823
-74.7798
-74.7766
-74.7739
-74.7731
-74.7743
-74.7735
-74.772
-74.7717
-74.7729
-74.7728
-74.773
-74.7731
-74.7717
-74.7694
-74.7665
-74.7634
-74.7613
-74.7609
-74.7616
-74.7625
-74.7617
-74.7615
-74.7631
-74.7634
-74.7635
-74.7628
-74.762
-74.7598
-74.756
-74.752
-74.7483
-74.7473
-74.747
-74.7469
-74.7481
-74.7477
-74.7487
-74.7505
-74.7511
-74.7517
-74.7521
-74.751
-74.749
-74.7438
-74.74
-74.7373
-74.7356
-74.7353
-74.735
-74.7351
-74.7343
-74.7354
-74.7377
-74.739
-74.741
-74.7428
-74.7428
-74.7412
-74.7373
-74.7302
-74.724
-74.7215
-74.7205
-74.7196
-74.7199
-74.7196
-74.7181
-74.7177
-74.7193
-74.7218
-74.7262
-74.7305
-74.7321
-74.7319
-74.7299
-74.726
-74.7187
-74.7119
-74.7084
-74.7077
-74.7063
-74.7049
-74.7047
-74.7041
-74.7026
-74.7024
-74.7043
-74.7099
-74.716
-74.7188
-74.7199
-74.7183
-74.7147
-74.7106
-74.7039
-74.6971
-74.6925
-74.6917
-74.6896
-74.6873
-74.6843
-74.6829
-74.6829
-74.6837
-74.6845
-74.6875
-74.6939
-74.6998
-74.7029
-74.7043
-74.7053
-74.703
-74.6997
-74.694
-74.6867
-74.6824
-74.6781
-74.6743
-74.6712
-74.67
-74.6677
-74.6635
-74.6634
-74.6639
-74.6649
-74.6686
-74.6766
-74.6807
-74.6811
-74.6817
-74.6825
-74.6841
-74.6833
-74.681
-74.6766
-74.6711
-74.664
-74.6566
-74.6498
-74.6481
-74.6479
-74.6487
-74.6462
-74.6404
-74.6374
-74.6377
-74.6407
-74.6482
-74.654
-74.6567
-74.6571
-74.6576
-74.6602
-74.6621
-74.6631
-74.6645
-74.6652
-74.6626
-74.655
-74.6436
-74.6322
-74.6265
-74.6255
-74.6276
-74.6281
-74.6249
-74.6193
-74.6136
-74.6096
-74.611
-74.618
-74.6257
-74.6304
-74.63
-74.6277
-74.6275
-74.627
-74.6278
-74.6321
-74.6353
-74.6359
-74.6373
-74.6357
-74.6281
-74.6186
-74.6106
-74.602
-74.596
-74.5938
-74.5955
-74.5939
-74.5899
-74.5847
-74.5802
-74.5767
-74.5789
-74.5836
-74.5878
-74.5938
-74.5969
-74.5976
-74.5967
-74.5946
-74.5953
-74.5968
-74.5994
-74.6002
-74.5998
-74.6019
-74.603
-74.6008
-74.5974
-74.5935
-74.5847
-74.5751
-74.5699
-74.5642
-74.5583
-74.5544
-74.5518
-74.5479
-74.5444
-74.5404
-74.5392
-74.5435
-74.5485
-74.5493
-74.5487
-74.5506
-74.5541
-74.5581
-74.5614
-74.5633
-74.5624
-74.5585
-74.5549
-74.5557
-74.5573
-74.5581
-74.5541
-74.546
-74.5422
-74.5408
-74.5364
-74.5316
-74.5289
-74.5272
-74.5243
-74.519
-74.5115
-74.5001
-74.4904
-74.4868
-74.4845
-74.4829
-74.4831
-74.4855
-74.4898
-74.4936
-74.4964
-74.4981
-74.4979
-74.4954
-74.4942
-74.501
-74.5087
-74.5127
-74.515
-74.5115
-74.5043
-74.5007
-74.503
-74.5053
-74.5048
-74.4998
-74.4903
-74.4811
-74.4744
-74.4682
-74.4605
-74.4547
-74.4548
-74.459
-74.4594
-74.4553
-74.4447
-74.4301
-74.4161
-74.4093
-74.4088
-74.4052
-74.3982
-74.4027
-74.4114
-74.4217
-74.4277
-74.4336
-74.4396
-74.4393
-74.4342
-74.4284
-74.427
-74.4282
-74.4333
-74.4404
-74.4477
-74.4478
-74.4404
-74.4372
-74.4339
-74.4296
-74.4284
-74.4324
-74.4333
-74.4312
-74.4244
-74.417
-74.4109
-74.4051
-74.3962
-74.3843
-74.3705
-74.3611
-74.3576
-74.3608
-74.3623
-74.362
-74.3553
-74.3454
-74.332
-74.3181
-74.3062
-74.2952
-74.2828
-74.275
-74.2676
-74.2567
-74.2464
-74.2438
-74.2482
-74.2534
-74.2651
-74.2822
-74.2964
-74.3098
-74.3233
-74.3326
-74.3394
-74.3427
-74.3413
-74.3385
-74.3347
-74.3285
-74.3204
-74.3189
-74.3167
-74.312
-74.3104
-74.308
-74.3061
-74.3052
-74.3029
-74.2973
-74.2924
-74.2887
-74.285
-74.2875
-74.2921
-74.2939
-74.287
-74.275
-74.2665
-74.2669
-74.2674
-74.2613
-74.2482
-74.2352
-74.2238
-74.2151
-74.2092
-74.2006
-74.1892
-74.1765
-74.1667
-74.1641
-74.1605
-74.1569
-74.152
-74.1434
-74.1306
-74.116
-74.0978
-74.0755
-74.0512
-74.0336
-74.0246
-74.0118
-73.995
-73.978
-73.9677
-73.9694
-73.9794
-73.9943
-74.0117
-74.0402
-74.0725
-74.1026
-74.1236
-74.1313
-74.1326
-74.1372
-74.1424
-74.141
-74.1396
-74.1487
-74.167
-74.1813
-74.1893
-74.1881
-74.1787
-74.1663
-74.1516
-74.1355
-74.1158
-74.0965
-74.0811
-74.0727
-74.0704
-74.0709
-74.0698
-74.0681
-74.0639
-74.0608
-74.0582
-74.053
-74.0482
-74.0471
-74.0512
-74.0545
-74.0553
-74.0518
-74.0451
-74.0446
-74.0501
-74.0542
-74.0512
-74.044
-74.0308
-74.0126
-73.9974
-73.9903
-73.9915
-73.9934
-73.9902
-73.981
-73.9697
-73.9536
-73.9392
-73.9387
-73.9518
-73.9586
-73.9579
-73.9583
-73.9571
-73.9541
-73.951
-73.9465
-73.9362
-73.9198
-73.8989
-73.8747
-73.8499
-73.8286
-73.8078
-73.7897
-73.7696
-73.7553
-73.7449
-73.7301
-73.7103
-73.6887
-73.6704
-73.6537
-73.6391
-73.6213
-73.5999
-73.5817
-73.564
-73.5475
-73.5336
-73.5255
-73.5224
-73.5189
-73.5152
-73.5128
-73.5059
-73.4929
-73.475
-73.4556
-73.4413
-73.4377
-73.4379
-73.4393
-73.4457
-73.4455
-73.4373
-73.4229
-73.4043
-73.3827
-73.3621
-73.3482
-73.3409
-73.341
-73.347
-73.3547
-73.3679
-73.3733
-73.3692
-73.358
-73.345
-73.3421
-73.3412
-73.3344
-73.3248
-73.3252
-73.326
-73.32
-73.3104
-73.3179
-73.3326
-73.3468
-73.3596
-73.3653
-73.3619
-73.3515
-73.3361
-73.3172
-73.2963
-73.2815
-73.269
-73.2532
-73.2341
-73.2125
-73.1892
-73.1748
-73.1741
-73.1791
-73.1858
-73.1934
-73.2123
-73.2386
-73.2545
-73.2582
-73.2528
-73.2413
-73.2255
-73.2067
-73.1885
-73.178
-73.1684
-73.1644
-73.1581
-73.1465
-73.1305
-73.1115
-73.0904
-73.0677
-73.044
-73.0196
-72.9946
-72.9693
-72.9438
-72.9181
-72.8931
-72.879
-72.8684
-72.8548
-72.8422
-72.8377
-72.8311
-72.8199
-72.8049
-72.7872
-72.7677
-72.747
-72.7254
-72.7033
-72.6808
-72.6581
-72.6352
-72.6123
-72.5893
-72.5665
-72.5436
-72.5209
-72.4984
-72.4759
-72.4537
-72.4316
-72.4097
-72.3881
-72.3666
-72.3482
-72.3446
-72.3428
-72.3368
-72.3269
-72.3141
-72.2994
-72.2834
-72.2666
-72.2492
-72.2315
-72.2136
-72.1955
-72.1774
-72.1594
-72.1413
-72.1234
-72.1055
-72.0878
-72.0701
-72.0527
-72.0354
-72.0182
-72.0013
-71.9844
-71.9678
-71.9514
-71.9351
-71.919
-71.9031
-71.8874
-71.8718
-71.8565
-71.8413
-71.8263
-71.8115
-71.7968
-71.7823
-71.7681
-71.7539
-71.74
-71.7262
-71.7126
-71.6992
-71.6859
-71.6728
-71.6599
-71.6471
-71.6345
-71.6221
-71.6098
-71.5977
-71.5857
-71.5738
-71.5622
-71.5506
-71.5393
-71.528
-71.5169
-71.506
-71.4952
-71.4845
-71.474
-71.4636
-71.4533
-71.4432
-71.4332
-71.4234
-71.4136
-71.404
-71.3946
-71.3852
-71.376
-71.3669
-71.3579
-71.349
-71.3403
-71.3317
-71.3232
-71.3148
-71.3065
-71.2984
-71.2903
-71.2824
-71.2745
-71.2668
-71.2592
-71.2517
-71.2443
-71.237
-71.2297
-71.2226
-71.2156
-71.2087
-71.2019
-71.1951
-71.1885
-71.182
-71.1755
-71.1691
-71.1629
-71.1567
-71.1506
-71.1445
-71.1386
-71.1327
-71.127
-71.1213
-71.1157
-71.1101
-71.1047
-71.0993
-71.094
-71.0888
-71.0836
-71.0785
-71.0735
-71.0686
-71.0637
-71.0589
-71.0542
-71.0495
-71.045
-71.0404
-71.036
-71.0316
-71.0272
-71.023
-71.0188
-71.0146
-71.0105
-71.0065
-71.0025
-70.9986
-70.9948
-70.991
-70.9872
-70.9835
-70.9799
-70.9763
-70.9728
-70.9693
-70.9659
-70.9625
-70.9592
-70.9559
-70.9527
-70.9495
-70.9464
-70.9433
-70.9403
-70.9373
-70.9344
-70.9315
-70.9286
-70.9258
-70.9231
-70.9203
-70.9177
-70.915
-70.9124
-70.9099
-70.9073
-70.9048
-70.9024
-70.9
-70.8976
-70.8953
-70.893
-70.8908
-70.8885
-70.8863
-70.8842
-70.8821
-70.88
-70.8779
-70.8759
-70.8739
-70.872
-70.87
-70.8681
-70.8663
-70.8644
-70.8626
-70.8609
-70.8591
-70.8574
-70.8557
-70.8541
-70.8524
-70.8508
-70.8492
-70.8477
-70.8461
-70.8446
-70.8432
-70.8417
-70.8403
-70.8389
-70.8375
-70.8361
-70.8348
-70.8335
-70.8322
-70.8309
-70.8297
-70.8284
-70.8272
-70.8261
-70.8249
-70.8237
-70.8226
-70.8215
-70.8204
-70.8194
-70.8183
-70.8173
-70.8163
-70.8153
-70.8143
-70.8133
-70.8124
-70.8115
-70.8106
-70.8097
-70.8088
-70.8079
-70.8071
-70.8063
-70.8054
-70.8046
-70.8039
-70.8031
-70.8023
-70.8016
-70.8009
-70.8001
-70.7994
-70.7988
-70.7981
-70.7974
-70.7968
-70.7961
-70.7955
-70.7949
-70.7943
-70.7937
-70.7931
-70.7926
-70.792
-70.7915
-70.7909
-70.7904
-70.7899
-70.7894
-70.7889
-70.7884
-70.7879
-70.7875
-70.787
-70.7866
-70.7861
-70.7857
-70.7853
-70.7849
-70.7845
-70.7841
-70.7837
-70.7833
-70.783
-70.7826
-70.7823
-70.7819
-70.7816
-70.7812
-70.7809
-70.7806
-70.7803
-70.78
-70.7797
-70.7794
-70.7791
-70.7789
-70.7786
-70.7783
-70.7781
-70.7778
-70.7776
-70.7773
-70.7771
-70.7769
-70.7767
-70.7765
-70.7762
-70.776
-70.7758
-70.7756
-70.7755
-70.7753
-70.7751
-70.7749
-70.7747
-70.7746
-70.7744
-70.7743
-70.7741
-70.774
-70.7738
-70.7737
-70.7735
-70.7734
-70.7733
-70.7731
-70.773
-70.7729
-70.7728
-70.7727
-70.7726
-70.7725
-70.7724
-70.7723
-70.7722
-70.7721
-70.772
-70.7719
-70.7718
-70.7718
-70.7717
-70.7716
-70.7715
-70.7715
-70.7714
-70.7713
-70.7713
-70.7712
-70.7712
-70.7711
-70.7711
-70.771
-70.771
-70.7709
-70.7709
-70.7708
-70.7708
-70.7708
-70.7707
-70.7707
-70.7707
-70.7706
-70.7706
-70.7706
-70.7706
-70.7706
-70.7705
-70.7705
-70.7705
-70.7705
-70.7705
-70.7705
-70.7704
-70.7704
-70.7704
-70.7704
-70.7704
-70.7704
-70.7704
-70.7704
-70.7704
-70.7704
-70.7704
-70.7704
-70.7704
-70.7704
-70.7704
-70.7704
-70.7705
-70.7705
-70.7705
-70.7705
-70.7705
-70.7705
-70.7705
-70.7705
-70.7706
-70.7706
-70.7706
-70.7706
-70.7706
-70.7706
-70.7707
-70.7707
-70.7707
-70.7707
-70.7708
-70.7708
-70.7708
-70.7708
-70.7708
-70.7709
-70.7709
-70.7709
-70.771
-70.771
-70.771
-70.771
-70.7711
-70.7711
-70.7711
-70.7712
-70.7712
-70.7712
-70.7712
-70.7713
-70.7713
-70.7713
-70.7714
-70.7714
-70.7714
-70.7715
-70.7715
-70.7715
-70.7716
-70.7716
-70.7716
-70.7717
-70.7717
-70.7717
-70.7718
-70.7718
-70.7718
-70.7719
-70.7719
-70.7719
-70.772
-70.772
-70.772
-70.7721
-70.7721
-70.7721
-70.7722
-70.7722
-70.7722
-70.7723
-70.7723
-70.7724
-70.7724
-70.7724
-70.7725
-70.7725
-70.7725
-70.7726
-70.7726
-70.7726
-70.7727
-70.7727
-70.7727
-70.7728
-70.7728
-70.7728
-70.7729
-70.7729
-70.7729
-70.773
-70.773
-70.773
-70.7731
-70.7731
-70.7731
-70.7732
-70.7732
-70.7732
-70.7733
-70.7733
-70.7734
-70.7734
-70.7734
-70.7734
-70.7735
-70.7735
-70.7735
-70.7736
-70.7736

