-70
-70.1661
-70.23
-70.2566
-70.2695
-70.2773
-70.283
-70.2879
-70.2925
-70.297
-70.3014
-70.3057
-70.31
-70.3142
-70.3185
-70.3226
-70.3268
-70.3309
-70.335
-70.3391
-70.3431
-70.3471
-70.351
-70.3549
-70.3588
-70.3626
-70.3664
-70.3701
-70.3738
-70.3775
-70.3811
-70.3847
-70.3883
-70.3918
-70.3953
-70.3987
-70.4021
-70.4055
-70.4088
-70.4121
-70.4154
-70.4186
-70.4218
-70.4249
-70.428
-70.4311
-70.4341
-70.4372
-70.4401
-70.4431
-70.446
-70.4489
-70.4517
-70.4545
-70.4573
-70.4601
-70.4628
-70.4655
-70.4682
-70.4708
-70.4734
-70.476
-70.4785
-70.481
-70.4835
-70.486
-70.4884
-70.4908
-70.4932
-70.4955
-70.4978
-70.5001
-70.5024
-70.5046
-70.5068
-70.509
-70.5112
-70.5133
-70.5154
-70.5175
-70.5196
-70.5216
-70.5236
-70.5256
-70.5276
-70.5295
-70.5315
-70.5334
-70.5352
-70.5371
-70.5389
-70.5407
-70.5425
-70.5443
-70.5461
-70.5478
-70.5495
-70.5512
-70.5528
-70.5545
-70.5561
-70.5577
-70.5593
-70.5609
-70.5624
-70.5639
-70.5655
-70.5669
-70.5684
-70.5699
-70.5713
-70.5727
-70.5741
-70.5755
-70.5769
-70.5782
-70.5796
-70.5809
-70.5822
-70.5835
-70.5848
-70.586
-70.5873
-70.5885
-70.5897
-70.5909
-70.5921
-70.5932
-70.5944
-70.5955
-70.5966
-70.5977
-70.5988
-70.5999
-70.601
-70.602
-70.603
-70.6041
-70.6051
-70.6061
-70.6071
-70.608
-70.609
-70.6099
-70.6109
-70.6118
-70.6127
-70.6136
-70.6145
-70.6154
-70.6162
-70.6171
-70.6179
-70.6187
-70.6196
-70.6204
-70.6212
-70.622
-70.6227
-70.6235
-70.6242
-70.625
-70.6257
-70.6265
-70.6272
-70.6279
-70.6286
-70.6293
-70.6299
-70.6306
-70.6313
-70.6319
-70.6325
-70.6332
-70.6338
-70.6344
-70.635
-70.6356
-70.6362
-70.6368
-70.6374
-70.6379
-70.6385
-70.639
-70.6396
-70.6401
-70.6406
-70.6411
-70.6417
-70.6422
-70.6427
-70.6431
-70.6436
-70.6441
-70.6446
-70.645
-70.6455
-70.6459
-70.6464
-70.6468
-70.6472
-70.6476
-70.6481
-70.6485
-70.6489
-70.6493
-70.6497
-70.65
-70.6504
-70.6508
-70.6512
-70.6515
-70.6519
-70.6522
-70.6526
-70.6529
-70.6533
-70.6536
-70.6539
-70.6542
-70.6545
-70.6549
-70.6552
-70.6555
-70.6558
-70.656
-70.6563
-70.6566
-70.6569
-70.6572
-70.6574
-70.6577
-70.658
-70.6582
-70.6585
-70.6587
-70.6589
-70.6592
-70.6594
-70.6597
-70.6599
-70.6601
-70.6603
-70.6605
-70.6607
-70.661
-70.6612
-70.6614
-70.6616
-70.6617
-70.6619
-70.6621
-70.6623
-70.6625
-70.6627
-70.6628
-70.663
-70.6632
-70.6633
-70.6635
-70.6637
-70.6638
-70.664
-70.6641
-70.6643
-70.6644
-70.6646
-70.6647
-70.6648
-70.665
-70.6651
-70.6652
-70.6653
-70.6655
-70.6656
-70.6657
-70.6658
-70.6659
-70.666
-70.6662
-70.6663
-70.6664
-70.6665
-70.6666
-70.6667
-70.6668
-70.6669
-70.667
-70.667
-70.6671
-70.6672
-70.6673
-70.6674
-70.6675
-70.6675
-70.6676
-70.6677
-70.6678
-70.6678
-70.6679
-70.668
-70.668
-70.6681
-70.6682
-70.6682
-70.6683
-70.6683
-70.6684
-70.6685
-70.6685
-70.6686
-70.6686
-70.6687
-70.6687
-70.6688
-70.6688
-70.6688
-70.6689
-70.6689
-70.669
-70.669
-70.669
-70.6691
-70.6691
-70.6691
-70.6692
-70.6692
-70.6692
-70.6693
-70.6693
-70.6693
-70.6694
-70.6694
-70.6694
-70.6694
-70.6694
-70.6695
-70.6695
-70.6695
-70.6695
-70.6695
-70.6696
-70.6696
-70.6696
-70.6696
-70.6696
-70.6696
-70.6696
-70.6697
-70.6697
-70.6697
-70.6697
-70.6697
-70.6697
-70.6697
-70.6697
-70.6697
-70.6697
-70.6697
-70.6697
-70.6697
-70.6697
-70.6697
-70.6697
-70.6697
-70.6697
-70.6697
-70.6697
-70.6697
-70.6697
-70.6697
-70.6697
-70.6697
-70.6697
-70.6697
-70.6697
-70.6697
-70.6697
-70.6697
-70.6697
-70.6697
-70.6697
-70.6697
-70.6696
-70.6696
-70.6696
-70.6696
-70.6696
-70.6696
-70.6696
-70.6696
-70.6696
-70.6695
-70.6695
-70.6695
-70.6695
-70.6695
-70.6695
-70.6695
-70.6695
-70.6694
-70.6694
-70.6694
-70.6694
-70.6694
-70.6694
-70.6693
-70.6693
-70.6693
-70.6693
-70.6693
-70.6693
-70.6693
-70.6692
-70.6692
-70.6692
-70.6692
-70.6692
-70.6691
-70.6691
-70.6691
-70.6691
-70.6691
-70.6691
-70.669
-70.669
-70.669
-70.669
-70.669
-70.6689
-70.6689
-70.6689
-70.6689
-70.6689
-70.6688
-70.6688
-70.6688
-70.6688
-70.6688
-70.6687
-70.6687
-70.6687
-70.6687
-70.6686
-70.6686
-70.6686
-70.6686
-70.6686
-70.6685
-70.6685
-70.6685
-70.6685
-70.6685
-70.6684
-70.6684
-55.4135
-51.5929
-49.7704
-47.8751
-43.3642
10.7283
-26.2875
-56.7675
-68.8273
-68.0268
-66.9793
-65.9039
-64.821
-63.7485
-62.7031
-61.7004
-60.7531
-59.8717
-59.0813
-58.4212
-57.8633
-57.3741
-56.9475
-56.577
-56.2665
-55.3279
-54.7626
-54.4514
-54.2383
-54.0773
-53.9505
-53.8504
-53.7717
-53.7106
-53.664
-53.6296
-53.6054
-53.5899
-53.5826
-53.5831
-53.5897
-53.6014
-53.5605
-53.4732
-53.4275
-53.4111
-53.4079
-53.4107
-53.4158
-53.4095
-53.3985
-53.3942
-53.3948
-53.3979
-53.4023
-53.4041
-53.3996
-53.3966
-53.3968
-53.3988
-53.4019
-53.4056
-53.4085
-53.4062
-53.4026
-53.4016
-53.4024
-53.4044
-53.4069
-53.4099
-53.4131
-53.4138
-53.4096
-53.4061
-53.4051
-53.4057
-53.4072
-53.4093
-53.4116
-53.4143
-53.417
-53.42
-53.4214
-53.4164
-53.4101
-53.4072
-53.4066
-53.4073
-53.4086
-53.4103
-53.4122
-53.4143
-53.4164
-53.4186
-53.4208
-53.4228
-53.4245
-53.426
-53.4271
-53.4225
-53.4115
-53.4022
-53.3976
-53.3948
-53.3921
-53.3878
-53.3777
-53.3319
-53.0858
-53.0422
-53.0951
-53.1552
-53.2024
-53.2357
-53.2582
-53.2736
-53.2851
-53.2949
-53.3047
-53.3156
-53.3287
-53.3453
-53.3669
-53.3946
-53.4288
-53.4687
-53.4771
-53.4613
-53.4444
-53.4371
-53.4358
-53.4378
-53.4416
-53.4468
-53.4531
-53.4605
-53.469
-53.4785
-53.4892
-53.5011
-53.5142
-53.5287
-53.5447
-53.5622
-53.5814
-53.6024
-53.6254
-53.6505
-53.678
-53.708
-53.7408
-53.7768
-53.816
-53.8588
-53.9054
-53.9562
-54.0114
-54.0714
-54.1364
-54.2069
-54.2831
-54.3651
-54.0107
-53.535
-53.3826
-53.3324
-53.3316
-53.3466
-53.3654
-53.384
-53.4015
-53.4177
-53.4327
-53.4469
-53.4604
-53.4737
-53.4869
-53.5007
-53.5149
-53.5295
-53.5447
-53.5607
-53.5777
-53.5959
-53.6155
-53.6365
-53.6593
-53.6846
-53.7126
-53.7427
-53.7751
-53.8102
-53.8482
-53.8894
-53.9339
-53.9822
-54.0344
-54.0911
-54.1551
-54.2242
-54.2973
-54.3751
-54.4582
-54.5471
-54.6423
-54.0606
-53.4484
-53.3046
-53.2687
-53.2747
-53.2958
-53.3194
-53.3416
-53.3613
-53.3787
-53.3941
-53.4078
-53.4204
-53.432
-53.4431
-53.4542
-53.4653
-53.4764
-53.4875
-53.4991
-53.5111
-53.5238
-53.5373
-53.5517
-53.5672
-53.5839
-53.6028
-53.6243
-53.6473
-53.6716
-53.6976
-53.7258
-53.7563
-53.7894
-53.8253
-53.8642
-53.9063
-53.9518
-54.0048
-54.0644
-54.1271
-54.1929
-54.2624
-54.3361
-54.4145
-54.4981
-54.5871
-54.6819
-54.7824
-54.8891
-55.0094
-55.1471
-54.8045
-53.4981
-53.2072
-53.1732
-53.1939
-53.2203
-53.2514
-53.2811
-53.3072
-53.3293
-53.348
-53.3641
-53.3778
-53.3894
-53.3991
-53.4074
-53.4144
-53.4201
-53.4247
-53.4281
-53.43
-53.4299
-53.4272
-53.4208
-53.4102
-53.3893
-53.3442
-53.2112
-52.1681
-51.054
-51.1286
-51.5198
-51.9065
-52.2046
-52.4147
-52.5551
-52.6534
-52.732
-52.8055
-52.884
-53.126
-53.4906
-53.5715
-53.5745
-53.5617
-53.5495
-53.5315
-53.5142
-53.5016
-53.4935
-53.4894
-53.4885
-53.4904
-53.4946
-53.5012
-53.5103
-53.5214
-53.5344
-53.5492
-53.5659
-53.5846
-53.6056
-53.629
-53.6564
-53.6888
-53.7263
-53.7667
-53.8117
-53.8608
-53.9125
-53.9664
-54.0235
-54.0866
-54.162
-54.2492
-54.3492
-54.4569
-54.572
-54.6904
-54.8132
-54.9424
-55.0807
-55.2332
-55.41
-55.6088
-55.8325
-56.0699
-56.3157
-56.5696
-56.8337
-57.1088
-57.3992
-57.7113
-58.0539
-58.4272
-58.8298
-59.2522
-59.6839
-60.1217
-60.5629
-61.0074
-61.4565
-61.9167
-62.3973
-62.9048
-63.4308
-63.9758
-64.5154
-65.0432
-65.551
-66.0381
-66.505
-66.9569
-67.4032
-67.8522
-68.304
-68.7534
-69.1928
-69.6068
-69.9935
-70.3479
-70.6716
-70.9677
-71.244
-71.5086
-71.763
-72.0116
-72.2542
-72.4834
-72.6924
-72.8826
-73.0522
-73.2015
-73.3326
-73.4522
-73.5642
-73.669
-73.7708
-73.8697
-73.9637
-74.0484
-74.1244
-74.1908
-74.2473
-74.2951
-74.3372
-74.3763
-74.412
-74.4464
-74.4813
-74.5168
-74.5493
-74.5784
-74.6034
-74.6236
-74.6394
-74.6525
-74.6642
-74.6743
-74.6833
-74.6933
-74.7044
-74.7161
-74.7271
-74.7373
-74.7459
-74.7507
-74.7539
-74.7571
-74.7595
-74.7614
-74.7625
-74.7645
-74.7673
-74.7707
-74.7743
-74.7781
-74.7819
-74.7833
-74.7818
-74.7824
-74.7823
-74.7819
-74.781
-74.7797
-74.7795
-74.7793
-74.7798
-74.7803
-74.7821
-74.7835
-74.7839
-74.783
-74.7824
-74.7819
-74.7815
-74.7804
-74.7791
-74.778
-74.7766
-74.7753
-74.7745
-74.7743
-74.7749
-74.775
-74.7755
-74.7741
-74.7728
-74.772
-74.7717
-74.7711
-74.7697
-74.7682
-74.7665
-74.7647
-74.7642
-74.7635
-74.7638
-74.7648
-74.7657
-74.7653
-74.7637
-74.7623
-74.762
-74.7617
-74.7598
-74.7581
-74.7571
-74.7541
-74.7528
-74.7517
-74.7501
-74.7512
-74.7524
-74.7534
-74.7532
-74.751
-74.751
-74.7503
-74.7479
-74.7458
-74.7455
-74.745
-74.743
-74.7422
-74.7413
-74.7404
-74.7398
-74.7412
-74.7427
-74.7417
-74.7406
-74.7412
-74.7415
-74.738
-74.732
-74.7298
-74.7305
-74.7295
-74.7275
-74.7279
-74.7286
-74.7281
-74.7272
-74.7277
-74.7279
-74.726
-74.7266
-74.7296
-74.7298
-74.7272
-74.7214
-74.7155
-74.715
-74.7161
-74.7144
-74.7145
-74.7164
-74.7178
-74.7183
-74.7177
-74.7156
-74.712
-74.7111
-74.714
-74.7174
-74.7169
-74.7127
-74.7073
-74.701
-74.6982
-74.697
-74.6953
-74.6964
-74.6977
-74.7014
-74.7039
-74.7046
-74.7028
-74.6986
-74.6943
-74.6934
-74.6974
-74.7024
-74.7022
-74.6991
-74.694
-74.6885
-74.6844
-74.6841
-74.684
-74.6813
-74.679
-74.6834
-74.6876
-74.6893
-74.6893
-74.686
-74.6822
-74.6796
-74.6775
-74.6782
-74.6812
-74.6833
-74.6811
-74.6756
-74.6681
-74.6642
-74.6646
-74.6672
-74.6673
-74.6646
-74.6626
-74.6628
-74.6645
-74.6667
-74.6667
-74.6644
-74.6626
-74.6618
-74.6588
-74.6559
-74.6601
-74.6621
-74.6609
-74.6596
-74.6548
-74.6477
-74.6438
-74.6451
-74.6493
-74.654
-74.6545
-74.651
-74.647
-74.6461
-74.6465
-74.6435
-74.6391
-74.6376
-74.6393
-74.6398
-74.6385
-74.6345
-74.6336
-74.6336
-74.631
-74.6283
-74.6238
-74.6209
-74.6187
-74.6186
-74.6196
-74.622
-74.6275
-74.6343
-74.6349
-74.6298
-74.6236
-74.6204
-74.6206
-74.6181
-74.6138
-74.6104
-74.6055
-74.6059
-74.6061
-74.6036
-74.6026
-74.6018
-74.5972
-74.5963
-74.5939
-74.5902
-74.5874
-74.5875
-74.5908
-74.5963
-74.5987
-74.5984
-74.6019
-74.6077
-74.6098
-74.6065
-74.6012
-74.5965
-74.5947
-74.5931
-74.5921
-74.5915
-74.5869
-74.579
-74.5674
-74.5608
-74.5565
-74.5556
-74.5581
-74.5559
-74.5528
-74.5468
-74.5441
-74.5416
-74.5401
-74.5449
-74.5497
-74.5514
-74.5518
-74.5548
-74.5568
-74.5605
-74.5638
-74.5652
-74.5637
-74.5611
-74.5614
-74.5628
-74.5661
-74.5686
-74.5653
-74.5565
-74.5465
-74.5371
-74.5275
-74.5154
-74.5045
-74.4987
-74.4981
-74.4995
-74.4979
-74.4941
-74.489
-74.4818
-74.4783
-74.4794
-74.4869
-74.4923
-74.495
-74.4988
-74.5021
-74.5028
-74.5048
-74.5049
-74.5025
-74.503
-74.5086
-74.5131
-74.5133
-74.515
-74.5201
-74.5242
-74.529
-74.5304
-74.5274
-74.5207
-74.5094
-74.4974
-74.4829
-74.4701
-74.4572
-74.4438
-74.4325
-74.4294
-74.4297
-74.4333
-74.4367
-74.4357
-74.4309
-74.4233
-74.4131
-74.4023
-74.3905
-74.3839
-74.3872
-74.3969
-74.4079
-74.4146
-74.4197
-74.4229
-74.4236
-74.4228
-74.4221
-74.4202
-74.4144
-74.4137
-74.4201
-74.4275
-74.4331
-74.4398
-74.4453
-74.446
-74.4428
-74.4448
-74.4491
-74.4474
-74.4414
-74.4339
-74.4225
-74.4111
-74.4042
-74.3949
-74.3839
-74.3705
-74.3561
-74.3436
-74.3366
-74.3326
-74.3346
-74.3406
-74.3447
-74.3455
-74.3438
-74.3372
-74.3273
-74.3155
-74.3019
-74.286
-74.2689
-74.257
-74.2447
-74.2348
-74.2326
-74.2409
-74.2529
-74.2629
-74.2731
-74.2834
-74.2933
-74.3002
-74.3022
-74.3024
-74.3008
-74.2959
-74.2991
-74.3113
-74.3214
-74.324
-74.323
-74.3187
-74.3108
-74.3037
-74.2989
-74.2953
-74.2978
-74.3012
-74.3027
-74.2996
-74.2922
-74.2833
-74.2773
-74.2767
-74.2746
-74.2732
-74.2723
-74.2664
-74.258
-74.2473
-74.2393
-74.2395
-74.2399
-74.2392
-74.2334
-74.2239
-74.2187
-74.217
-74.2087
-74.1955
-74.1791
-74.1643
-74.1523
-74.1396
-74.1324
-74.1255
-74.1236
-74.1238
-74.1212
-74.113
-74.1031
-74.0925
-74.0837
-74.072
-74.062
-74.0498
-74.0355
-74.0192
-74.0062
-73.9902
-73.9709
-73.9563
-73.9534
-73.9663
-73.9895
-74.0118
-74.0339
-74.0503
-74.0607
-74.0722
-74.0868
-74.0994
-74.1104
-74.1144
-74.1148
-74.1144
-74.1173
-74.1184
-74.1178
-74.1136
-74.1112
-74.111
-74.1087
-74.1023
-74.0939
-74.0827
-74.0713
-74.0598
-74.0505
-74.0487
-74.0429
-74.0297
-74.0106
-73.9962
-74.0013
-74.0076
-74.0129
-74.0174
-74.0143
-74.0124
-74.0164
-74.022
-74.0257
-74.0255
-74.0176
-74.0057
-73.9915
-73.9776
-73.9721
-73.9729
-73.9714
-73.9648
-73.9556
-73.9538
-73.9613
-73.975
-73.9848
-73.9894
-73.9905
-73.9841
-73.9738
-73.9655
-73.9623
-73.9565
-73.9475
-73.9399
-73.9284
-73.9136
-73.9038
-73.8911
-73.8736
-73.8567
-73.8382
-73.8175
-73.7994
-73.7846
-73.7681
-73.7474
-73.7276
-73.7195
-73.7194
-73.7225
-73.7184
-73.7062
-73.6881
-73.6671
-73.6557
-73.6456
-73.6367
-73.625
-73.6105
-73.5976
-73.5814
-73.561
-73.5374
-73.5123
-73.4929
-73.4743
-73.4614
-73.4554
-73.4483
-73.446
-73.4463
-73.4476
-73.4436
-73.434
-73.4263
-73.4199
-73.414
-73.4085
-73.4064
-73.4131
-73.4153
-73.4092
-73.3972
-73.3881
-73.3828
-73.3776
-73.3669
-73.351
-73.3311
-73.3086
-73.2841
-73.2582
-73.2313
-73.2038
-73.1757
-73.1526
-73.1362
-73.1274
-73.1372
-73.1592
-73.1732
-73.1755
-73.1689
-73.156
-73.139
-73.1268
-73.123
-73.1224
-73.1163
-73.1061
-73.101
-73.0944
-73.0957
-73.1041
-73.1061
-73.1001
-73.088
-73.0716
-73.0522
-73.0307
-73.0078
-72.9878
-72.9766
-72.9645
-72.9487
-72.9298
-72.9086
-72.886
-72.8622
-72.8378
-72.8129
-72.7877
-72.7623
-72.7367
-72.7112
-72.6901
-72.6802
-72.6701
-72.6622
-72.6687
-72.6804
-72.685
-72.6816
-72.6781
-72.6806
-72.679
-72.6716
-72.6596
-72.6445
-72.6271
-72.6081
-72.5881
-72.5672
-72.5458
-72.524
-72.5019
-72.4796
-72.4573
-72.4349
-72.4125
-72.3901
-72.3679
-72.3458
-72.3237
-72.3019
-72.2802
-72.2586
-72.2373
-72.2251
-72.2244
-72.2218
-72.2146
-72.2037
-72.1903
-72.1752
-72.1589
-72.1418
-72.1242
-72.1063
-72.0883
-72.0701
-72.0518
-72.0336
-72.0154
-71.9972
-71.9792
-71.9613
-71.9435
-71.9259
-71.9084
-71.8911
-71.8739
-71.8569
-71.8401
-71.8234
-71.807
-71.7907
-71.7745
-71.7586
-71.7428
-71.7273
-71.7119
-71.6966
-71.6816
-71.6667
-71.652
-71.6375
-71.6231
-71.609
-71.5949
-71.5811
-71.5674
-71.5539
-71.5406
-71.5274
-71.5143
-71.5015
-71.4888
-71.4762
-71.4638
-71.4516
-71.4395
-71.4275
-71.4157
-71.4041
-71.3926
-71.3812
-71.37
-71.3589
-71.3479
-71.3371
-71.3265
-71.3159
-71.3056
-71.2953
-71.2852
-71.2752
-71.2653
-71.2556
-71.246
-71.2365
-71.2271
-71.2179
-71.2087
-71.1997
-71.1908
-71.182
-71.1734
-71.1648
-71.1564
-71.1481
-71.1398
-71.1317
-71.1237
-71.1158
-71.108
-71.1003
-71.0927
-71.0853
-71.0779
-71.0706
-71.0634
-71.0563
-71.0493
-71.0424
-71.0355
-71.0288
-71.0222
-71.0156
-71.0092
-71.0028
-70.9965
-70.9903
-70.9842
-70.9782
-70.9722
-70.9663
-70.9606
-70.9549
-70.9492
-70.9437
-70.9382
-70.9328
-70.9275
-70.9222
-70.9171
-70.912
-70.9069
-70.902
-70.8971
-70.8923
-70.8875
-70.8828
-70.8782
-70.8736
-70.8692
-70.8647
-70.8604
-70.8561
-70.8518
-70.8477
-70.8436
-70.8395
-70.8355
-70.8316
-70.8277
-70.8239
-70.8201
-70.8164
-70.8128
-70.8092
-70.8056
-70.8021
-70.7987
-70.7953
-70.7919
-70.7887
-70.7854
-70.7822
-70.7791
-70.776
-70.773
-70.77
-70.767
-70.7641
-70.7612
-70.7584
-70.7556
-70.7529
-70.7502
-70.7476
-70.745
-70.7424
-70.7399
-70.7374
-70.735
-70.7326
-70.7302
-70.7279
-70.7256
-70.7234
-70.7211
-70.719
-70.7168
-70.7147
-70.7127
-70.7106
-70.7086
-70.7066
-70.7047
-70.7028
-70.7009
-70.6991
-70.6973
-70.6955
-70.6938
-70.6921
-70.6904
-70.6887
-70.6871
-70.6855
-70.6839
-70.6824
-70.6809
-70.6794
-70.6779
-70.6765
-70.6751
-70.6737
-70.6723
-70.671
-70.6697
-70.6684
-70.6672
-70.6659
-70.6647
-70.6635
-70.6624
-70.6612
-70.6601
-70.659
-70.6579
-70.6569
-70.6558
-70.6548
-70.6538
-70.6528
-70.6519
-70.6509
-70.65
-70.6491
-70.6483
-70.6474
-70.6465
-70.6457
-70.6449
-70.6441
-70.6434
-70.6426
-70.6419
-70.6411
-70.6404
-70.6397
-70.6391
-70.6384
-70.6378
-70.6371
-70.6365
-70.6359
-70.6353
-70.6348
-70.6342
-70.6337
-70.6331
-70.6326
-70.6321
-70.6316
-70.6312
-70.6307
-70.6302
-70.6298
-70.6294
-70.629
-70.6285
-70.6282
-70.6278
-70.6274
-70.627
-70.6267
-70.6264
-70.626
-70.6257
-70.6254
-70.6251
-70.6248
-70.6245
-70.6243
-70.624
-70.6238
-70.6235
-70.6233
-70.6231
-70.6228
-70.6226
-70.6224
-70.6222
-70.6221
-70.6219
-70.6217
-70.6216
-70.6214
-70.6213
-70.6211
-70.621
-70.6209
-70.6207
-70.6206
-70.6205
-70.6204
-70.6203
-70.6203
-70.6202
-70.6201
-70.62
-70.62
-70.6199
-70.6199
-70.6198
-70.6198
-70.6198
-70.6197
-70.6197
-70.6197
-70.6197
-70.6197
-70.6197
-70.6197
-70.6197
-70.6197
-70.6197
-70.6197
-70.6198
-70.6198
-70.6198
-70.6199
-70.6199
-70.62
-70.62
-70.6201
-70.6201
-70.6202
-70.6202
-70.6203
-70.6204
-70.6204
-70.6205
-70.6206
-70.6207
-70.6208
-70.6209
-70.6209
-70.621
-70.6211
-70.6212
-70.6213
-70.6214
-70.6215
-70.6217
-70.6218
-70.6219
-70.622
-70.6221
-70.6222
-70.6224
-70.6225
-70.6226
-70.6227
-70.6229
-70.623
-70.6231
-70.6233
-70.6234
-70.6235
-70.6237
-70.6238
-70.624
-70.6241
-70.6243
-70.6244
-70.6246
-70.6247
-70.6249
-70.625
-70.6252
-70.6253
-70.6255
-70.6256
-70.6258
-70.626
-70.6261
-70.6263
-70.6264
-70.6266
-70.6268
-70.6269
-70.6271
-70.6273
-70.6274
-70.6276
-70.6278
-70.6279
-70.6281
-70.6283
-70.6285
-70.6286
-70.6288
-70.629
-70.6291
-70.6293
-70.6295
-70.6297
-70.6298
-70.63
-70.6302
-70.6304
-70.6305
-70.6307
-70.6309
-70.6311
-70.6312
-70.6314
-70.6316
-70.6318
-70.6319
-70.6321
-70.6323
-70.6325
-70.6326
-70.6328
-70.633
-70.6332
-70.6333
-70.6335
-70.6337
-70.6339
-70.634
-70.6342
-70.6344
-70.6346
-70.6347
-70.6349
-70.6351
-70.6353
-70.6354
-70.6356
-70.6358
-70.6359
-70.6361
-70.6363
-70.6365
-70.6366
-70.6368
-70.637
-70.6371
-70.6373
-70.6375
-70.6377
-70.6378
-70.638
-70.6382
-70.6383
-70.6385
-70.6387
-70.6388
-70.639
-70.6391
-70.6393
-70.6395
-70.6396
-70.6398
-70.64
-70.6401
-70.6403
-70.6404
-70.6406
-70.6408
-70.6409
-70.6411
-70.6412
-70.6414
-70.6415
-70.6417
-70.6419
-70.642
-70.6422
-70.6423
-70.6425
-70.6426
-70.6428
-70.6429
-70.6431
-70.6432
-70.6434
-70.6435
-70.6437
-70.6438
-70.644
-70.6441
-70.6443
-70.6444

