-70
-70.2123
-70.2926
-70.3252
-70.3404
-70.3491
-70.3555
-70.3609
-70.3659
-70.3708
-70.3757
-70.3805
-70.3853
-70.39
-70.3948
-70.3995
-70.4042
-70.4088
-70.4134
-70.4179
-70.4224
-70.4269
-70.4313
-70.4357
-70.44
-70.4443
-70.4485
-70.4527
-70.4569
-70.461
-70.465
-70.469
-70.473
-70.4769
-70.4808
-70.4846
-70.4884
-70.4921
-70.4958
-70.4995
-70.5031
-70.5067
-70.5102
-70.5137
-70.5172
-70.5206
-70.524
-70.5273
-70.5306
-70.5339
-70.5371
-70.5403
-70.5434
-70.5465
-70.5496
-70.5526
-70.5556
-70.5586
-70.5615
-70.5644
-70.5673
-70.5701
-70.5729
-70.5757
-70.5784
-70.5811
-70.5838
-70.5864
-70.589
-70.5916
-70.5941
-70.5966
-70.5991
-70.6016
-70.604
-70.6064
-70.6087
-70.6111
-70.6134
-70.6157
-70.6179
-70.6201
-70.6223
-70.6245
-70.6266
-70.6287
-70.6308
-70.6329
-70.6349
-70.6369
-70.6389
-70.6409
-70.6428
-70.6448
-70.6466
-70.6485
-70.6503
-70.6522
-70.654
-70.6557
-70.6575
-70.6592
-70.6609
-70.6626
-70.6643
-70.6659
-70.6675
-70.6691
-70.6707
-70.6723
-70.6738
-70.6754
-70.6769
-70.6783
-70.6798
-70.6812
-70.6827
-70.6841
-70.6855
-70.6868
-70.6882
-70.6895
-70.6908
-70.6921
-70.6934
-70.6947
-70.6959
-70.6972
-70.6984
-70.6996
-70.7008
-70.702
-70.7031
-70.7042
-70.7054
-70.7065
-70.7076
-70.7087
-70.7097
-70.7108
-70.7118
-70.7128
-70.7138
-70.7148
-70.7158
-70.7168
-70.7177
-70.7187
-70.7196
-70.7205
-70.7214
-70.7223
-70.7232
-70.7241
-70.7249
-70.7258
-70.7266
-70.7274
-70.7282
-70.729
-70.7298
-70.7306
-70.7314
-70.7321
-70.7329
-70.7336
-70.7343
-70.735
-70.7357
-70.7364
-70.7371
-70.7378
-70.7384
-70.7391
-70.7397
-70.7404
-70.741
-70.7416
-70.7422
-70.7428
-70.7434
-70.744
-70.7446
-70.7451
-70.7457
-70.7462
-70.7468
-70.7473
-70.7478
-70.7484
-70.7489
-70.7494
-70.7499
-70.7504
-70.7508
-70.7513
-70.7518
-70.7522
-70.7527
-70.7531
-70.7536
-70.754
-70.7544
-70.7549
-70.7553
-70.7557
-70.7561
-70.7565
-70.7569
-70.7573
-70.7576
-70.758
-70.7584
-70.7587
-70.7591
-70.7594
-70.7598
-70.7601
-70.7605
-70.7608
-70.7611
-70.7614
-70.7617
-70.7621
-70.7624
-70.7627
-70.763
-70.7632
-70.7635
-70.7638
-70.7641
-70.7644
-70.7646
-70.7649
-70.7651
-70.7654
-70.7656
-70.7659
-70.7661
-70.7664
-70.7666
-70.7668
-70.7671
-70.7673
-70.7675
-70.7677
-70.7679
-70.7681
-70.7684
-70.7686
-70.7688
-70.769
-70.7691
-70.7693
-70.7695
-70.7697
-70.7699
-70.7701
-70.7702
-70.7704
-70.7706
-70.7707
-70.7709
-70.7711
-70.7712
-70.7714
-70.7715
-70.7717
-70.7718
-70.772
-70.7721
-70.7722
-70.7724
-70.7725
-70.7726
-70.7728
-70.7729
-70.773
-70.7731
-70.7733
-70.7734
-70.7735
-70.7736
-70.7737
-70.7738
-70.7739
-70.774
-70.7741
-70.7742
-70.7743
-70.7744
-70.7745
-70.7746
-70.7747
-70.7748
-70.7749
-70.775
-70.7751
-70.7751
-70.7752
-70.7753
-70.7754
-70.7755
-70.7755
-70.7756
-70.7757
-70.7758
-70.7758
-70.7759
-70.776
-70.776
-70.7761
-70.7762
-70.7762
-70.7763
-70.7763
-70.7764
-70.7765
-70.7765
-70.7766
-70.7766
-70.7767
-70.7767
-70.7768
-70.7768
-70.7769
-70.7769
-70.777
-70.777
-70.7771
-70.7771
-70.7771
-70.7772
-70.7772
-70.7773
-70.7773
-70.7773
-70.7774
-70.7774
-70.7774
-70.7775
-70.7775
-70.7775
-70.7776
-70.7776
-70.7776
-70.7777
-70.7777
-70.7777
-70.7777
-70.7778
-70.7778
-70.7778
-70.7778
-70.7779
-70.7779
-70.7779
-70.7779
-70.778
-70.778
-70.778
-70.778
-70.778
-70.7781
-70.7781
-70.7781
-70.7781
-70.7781
-70.7781
-70.7782
-70.7782
-70.7782
-70.7782
-70.7782
-70.7782
-70.7782
-70.7783
-70.7783
-70.7783
-70.7783
-70.7783
-70.7783
-70.7783
-70.7783
-70.7783
-70.7783
-70.7784
-70.7784
-70.7784
-70.7784
-70.7784
-70.7784
-70.7784
-70.7784
-70.7784
-70.7784
-70.7784
-70.7784
-70.7784
-70.7784
-70.7784
-70.7784
-70.7784
-70.7784
-70.7784
-70.7785
-70.7785
-70.7785
-70.7785
-70.7785
-70.7785
-70.7785
-70.7785
-70.7785
-70.7785
-70.7785
-70.7785
-70.7785
-70.7785
-70.7785
-70.7785
-70.7785
-70.7785
-70.7785
-70.7785
-70.7785
-70.7785
-70.7785
-70.7785
-70.7785
-70.7785
-70.7785
-70.7785
-70.7785
-70.7785
-70.7785
-70.7784
-70.7784
-70.7784
-70.7784
-70.7784
-70.7784
-70.7784
-70.7784
-70.7784
-70.7784
-70.7784
-70.7784
-70.7784
-70.7784
-70.7784
-70.7784
-70.7784
-70.7784
-70.7784
-70.7784
-70.7784
-70.7784
-70.7784
-70.7784
-70.7784
-70.7784
-70.7784
-70.7784
-70.7784
-70.7783
-70.7783
-70.7783
-70.7783
-70.7783
-70.7783
-70.7783
-70.7787
-70.9143
-71.5593
-72.4848
-73.2472
-73.7485
-74.0195
-74.152
-74.2167
-74.2489
-74.2706
-74.3155
-74.3874
-74.4645
-74.5298
-74.5743
-74.5965
-74.6032
-74.6011
-74.594
-74.5856
-74.5902
-71.7407
-55.5507
-51.3767
-48.279
-28.9761
-22.5658
-63.2942
-70.8933
-69.7734
-68.4935
-67.1513
-65.7697
-64.3823
-63.0252
-61.7319
-60.5304
-59.4409
-58.4465
-57.5797
-56.8478
-56.2383
-55.7376
-55.3335
-55.0131
-54.7616
-54.5688
-54.4247
-54.3195
-54.2216
-54.134
-54.0767
-54.0411
-54.0198
-54.0078
-54.0023
-54.0011
-54.0031
-54.0073
-54.0133
-54.0205
-54.0288
-54.038
-54.0479
-54.0584
-54.0696
-54.0814
-54.0588
-54.0014
-53.979
-53.9742
-53.9766
-53.9815
-53.9873
-53.9932
-53.9986
-54.0033
-54.0074
-54.0108
-54.0132
-54.0141
-54.0132
-54.0093
-54.0008
-53.9843
-53.9509
-53.8663
-53.2657
-51.733
-51.8926
-52.3902
-52.7891
-53.0428
-53.1901
-53.2704
-53.3134
-53.3386
-53.3589
-53.3827
-53.4163
-53.4648
-53.5342
-53.6314
-53.7647
-53.9411
-54.1608
-54.4139
-54.6876
-54.9757
-55.2779
-55.5971
-55.9408
-54.8172
-54.0214
-53.8687
-53.8736
-53.9131
-53.9558
-53.9948
-54.0295
-54.061
-54.0903
-54.1185
-54.1464
-54.1747
-54.204
-54.2347
-54.2671
-54.3017
-54.3389
-54.3791
-54.4227
-54.4698
-54.5209
-54.5763
-54.6364
-54.7015
-54.7721
-54.8485
-54.9316
-55.0218
-55.1195
-55.225
-55.3388
-55.4606
-55.5911
-55.7308
-55.8801
-56.0397
-56.2103
-56.3923
-56.5855
-56.796
-57.0203
-57.2539
-57.4975
-57.7512
-58.0149
-58.2884
-58.572
-58.8652
-59.1654
-59.4759
-59.7995
-60.1259
-60.4525
-60.7797
-61.1073
-61.4335
-61.7569
-62.0772
-62.3933
-62.7043
-63.0217
-63.3397
-63.6462
-63.94
-64.222
-64.4927
-64.7523
-65.0011
-65.2391
-65.4666
-65.6836
-65.9063
-66.1332
-66.3522
-66.5606
-66.7584
-66.946
-67.1238
-67.2925
-67.4524
-67.6038
-67.7471
-67.8936
-68.0461
-68.1884
-68.3178
-68.4362
-68.5452
-68.6465
-68.7409
-68.8293
-68.9123
-68.9904
-69.0651
-69.1524
-69.2409
-69.3207
-69.3919
-69.4559
-69.5144
-69.5684
-69.6186
-69.6657
-69.7099
-69.7517
-69.7931
-69.8486
-69.9054
-69.9555
-69.9991
-70.0376
-70.0722
-70.1039
-70.1333
-70.1607
-70.1864
-70.2108
-70.234
-70.2687
-70.3102
-70.3473
-70.3786
-70.4054
-70.4288
-70.4497
-70.4688
-70.4864
-70.5029
-70.5183
-60.4971
-53.0689
-50.6827
-48.8665
-45.568
5.25974
-32.0013
-68.4914
-69.4826
-68.2346
-66.9004
-65.5301
-64.1606
-62.8282
-61.5658
-60.4008
-59.3509
-58.4263
-57.6292
-56.9563
-56.3991
-55.947
-55.5869
-55.308
-55.0969
-54.941
-54.8336
-54.7647
-54.7247
-54.7074
-54.7082
-54.7232
-54.7495
-54.7847
-54.8273
-54.876
-54.9298
-54.9873
-55.049
-55.11
-55.1654
-55.2147
-55.2565
-55.2876
-55.305
-55.3042
-55.2803
-55.2256
-55.1282
-54.9681
-54.7138
-54.3366
-53.6405
-51.7331
-32.6789
-19.9945
-50.9798
-61.6343
-61.3357
-60.3219
-59.2709
-58.2908
-57.7299
-57.7295
-57.8732
-57.9438
-58.0031
-58.1186
-58.3216
-58.7079
-59.9619
-61.9222
-64.0119
-65.8466
-67.1752
-68.1379
-68.8717
-69.4779
-70.0106
-70.5304
-71.1084
-71.7228
-72.3031
-72.7947
-73.1812
-73.482
-73.7269
-73.9374
-74.126
-74.2971
-74.4499
-74.5775
-74.6756
-74.7523
-74.8181
-74.8799
-74.9398
-74.9983
-75.054
-75.1047
-75.1462
-75.1687
-75.1713
-75.1612
-75.1501
-75.1449
-75.1459
-75.1529
-75.1628
-75.174
-75.1826
-75.1835
-75.1731
-75.1535
-75.1295
-75.1096
-75.0946
-75.0841
-75.0773
-75.0725
-75.0685
-75.0632
-75.0545
-75.0425
-75.0281
-75.0134
-75.001
-74.9903
-74.9809
-74.9724
-74.964
-74.9554
-74.9465
-74.9377
-74.9296
-74.9228
-74.9175
-74.9123
-74.9066
-74.9007
-74.8941
-74.8862
-74.8772
-74.868
-74.8595
-74.8528
-74.8494
-74.8494
-74.8502
-74.8492
-74.8465
-74.8426
-74.8371
-74.83
-74.8219
-74.8141
-74.807
-74.8024
-74.8022
-74.806
-74.8097
-74.8108
-74.8094
-74.8065
-74.8019
-74.7956
-74.788
-74.7808
-74.7743
-74.7703
-74.7705
-74.7748
-74.7808
-74.7837
-74.7836
-74.782
-74.7794
-74.7744
-74.7684
-74.7621
-74.7558
-74.7512
-74.7505
-74.7524
-74.7582
-74.7641
-74.7655
-74.7648
-74.7628
-74.7588
-74.7536
-74.7479
-74.7424
-74.7366
-74.7331
-74.7335
-74.7358
-74.7421
-74.7474
-74.7497
-74.75
-74.7482
-74.7444
-74.7402
-74.7358
-74.7307
-74.7252
-74.7211
-74.7207
-74.7228
-74.7267
-74.7328
-74.7362
-74.7368
-74.7342
-74.7303
-74.7264
-74.7227
-74.7189
-74.7143
-74.7095
-74.7065
-74.707
-74.7088
-74.7125
-74.7194
-74.7245
-74.7261
-74.7237
-74.7186
-74.7141
-74.7106
-74.7074
-74.704
-74.6996
-74.6969
-74.6959
-74.6965
-74.6977
-74.7018
-74.7084
-74.7126
-74.7125
-74.7091
-74.704
-74.6984
-74.6929
-74.6899
-74.6872
-74.685
-74.6834
-74.6819
-74.6824
-74.6846
-74.685
-74.6894
-74.6968
-74.701
-74.6998
-74.6962
-74.6916
-74.6859
-74.6787
-74.6738
-74.672
-74.6716
-74.671
-74.6706
-74.6702
-74.6728
-74.6732
-74.6736
-74.6774
-74.6819
-74.6842
-74.6826
-74.6797
-74.6741
-74.668
-74.6616
-74.6554
-74.6531
-74.6526
-74.652
-74.654
-74.6549
-74.655
-74.6555
-74.6573
-74.6589
-74.6626
-74.6671
-74.6693
-74.6676
-74.6647
-74.66
-74.6547
-74.6489
-74.6429
-74.6388
-74.6368
-74.6369
-74.6367
-74.638
-74.6386
-74.6374
-74.6383
-74.6405
-74.6427
-74.6461
-74.6495
-74.6498
-74.6454
-74.6421
-74.6407
-74.6355
-74.6311
-74.6268
-74.6219
-74.6156
-74.6124
-74.6146
-74.6158
-74.6148
-74.6137
-74.6128
-74.6148
-74.6169
-74.619
-74.6242
-74.6296
-74.6331
-74.631
-74.6256
-74.622
-74.6198
-74.618
-74.6133
-74.6081
-74.6024
-74.5959
-74.5925
-74.5927
-74.5939
-74.5935
-74.5913
-74.5885
-74.5891
-74.5924
-74.5938
-74.5961
-74.6014
-74.608
-74.6125
-74.6112
-74.6063
-74.5972
-74.5923
-74.5918
-74.5862
-74.5772
-74.5722
-74.5674
-74.5657
-74.5652
-74.5638
-74.5627
-74.5613
-74.5588
-74.5562
-74.5572
-74.5625
-74.5668
-74.5663
-74.5671
-74.57
-74.5754
-74.5821
-74.586
-74.5825
-74.5752
-74.5661
-74.5595
-74.5561
-74.5526
-74.5457
-74.539
-74.5339
-74.5335
-74.5368
-74.5391
-74.5347
-74.5296
-74.5269
-74.5247
-74.527
-74.5296
-74.5338
-74.539
-74.5396
-74.5383
-74.5386
-74.5395
-74.544
-74.5476
-74.5468
-74.5429
-74.5403
-74.5339
-74.5248
-74.5165
-74.5089
-74.502
-74.4976
-74.4923
-74.4889
-74.4896
-74.4898
-74.4866
-74.4834
-74.4817
-74.4811
-74.4813
-74.4819
-74.4846
-74.4862
-74.4898
-74.4946
-74.4946
-74.4935
-74.4941
-74.4946
-74.4927
-74.4924
-74.4954
-74.4993
-74.4978
-74.4882
-74.4769
-74.4688
-74.4622
-74.454
-74.4495
-74.4519
-74.4503
-74.4438
-74.4385
-74.4368
-74.4398
-74.4427
-74.4392
-74.4319
-74.4265
-74.423
-74.4172
-74.4135
-74.4182
-74.4251
-74.428
-74.4303
-74.4354
-74.4403
-74.44
-74.4415
-74.4434
-74.4449
-74.4431
-74.4383
-74.4353
-74.4342
-74.4332
-74.432
-74.4276
-74.4207
-74.4101
-74.3959
-74.384
-74.3739
-74.3696
-74.3715
-74.376
-74.3787
-74.3843
-74.3903
-74.3936
-74.3931
-74.3873
-74.3769
-74.366
-74.3545
-74.3436
-74.332
-74.3226
-74.3198
-74.3212
-74.3244
-74.3259
-74.3271
-74.3313
-74.3334
-74.3385
-74.3458
-74.3499
-74.3539
-74.3568
-74.3556
-74.3517
-74.3451
-74.3377
-74.3332
-74.331
-74.3273
-74.3265
-74.3252
-74.3213
-74.3115
-74.3014
-74.2956
-74.2917
-74.2867
-74.2857
-74.2829
-74.2769
-74.2694
-74.2672
-74.2735
-74.2861
-74.3002
-74.3082
-74.3079
-74.2986
-74.2825
-74.2631
-74.2427
-74.2244
-74.2101
-74.1942
-74.1806
-74.1724
-74.1677
-74.1636
-74.1654
-74.1716
-74.1787
-74.1823
-74.182
-74.1844
-74.1937
-74.2019
-74.2094
-74.2121
-74.2125
-74.2091
-74.2057
-74.2031
-74.1998
-74.1966
-74.193
-74.1968
-74.1976
-74.1895
-74.1765
-74.1648
-74.1578
-74.1512
-74.1446
-74.1534
-74.1681
-74.1772
-74.1833
-74.1831
-74.1772
-74.168
-74.1581
-74.1473
-74.141
-74.1379
-74.1324
-74.1271
-74.1294
-74.1335
-74.1323
-74.1292
-74.1289
-74.1284
-74.1261
-74.1184
-74.1073
-74.0917
-74.0742
-74.0564
-74.0431
-74.0317
-74.0197
-74.0101
-74.0018
-73.9917
-73.978
-73.9593
-73.9392
-73.9258
-73.9182
-73.9131
-73.9062
-73.9069
-73.9197
-73.9298
-73.9323
-73.9375
-73.9434
-73.9469
-73.9483
-73.9472
-73.9445
-73.9444
-73.9437
-73.9408
-73.9478
-73.9617
-73.9707
-73.9745
-73.976
-73.9802
-73.9917
-74.0015
-74.0007
-73.9938
-73.984
-73.9744
-73.9645
-73.9507
-73.9411
-73.9352
-73.9278
-73.9175
-73.9064
-73.8938
-73.8807
-73.8646
-73.8543
-73.8534
-73.8637
-73.8737
-73.8904
-73.9039
-73.9056
-73.8975
-73.8843
-73.8747
-73.8804
-73.8857
-73.8868
-73.8849
-73.8826
-73.8807
-73.8798
-73.8818
-73.8792
-73.872
-73.8684
-73.8674
-73.8662
-73.8664
-73.8682
-73.8716
-73.8686
-73.8629
-73.8518
-73.8382
-73.8241
-73.8102
-73.7957
-73.7774
-73.7552
-73.732
-73.7154
-73.7105
-73.7092
-73.7023
-73.6885
-73.6695
-73.6468
-73.6225
-73.603
-73.5836
-73.5623
-73.5467
-73.5373
-73.5255
-73.5162
-73.5128
-73.506
-73.4931
-73.4751
-73.46
-73.4462
-73.4299
-73.4179
-73.4047
-73.3945
-73.3921
-73.3875
-73.3766
-73.3604
-73.3405
-73.319
-73.3042
-73.2896
-73.2729
-73.2617
-73.2499
-73.234
-73.2179
-73.2089
-73.2072
-73.2126
-73.2231
-73.227
-73.2223
-73.211
-73.195
-73.1759
-73.1546
-73.1395
-73.1279
-73.1135
-73.1025
-73.095
-73.0837
-73.069
-73.0741
-73.1024
-73.1238
-73.1323
-73.1304
-73.1214
-73.1074
-73.0902
-73.0706
-73.0553
-73.0461
-73.0358
-73.0314
-73.0258
-73.0152
-73.0003
-72.9837
-72.9753
-72.9724
-72.9741
-72.9738
-72.9771
-72.9779
-72.9826
-72.9831
-72.977
-72.9706
-72.9693
-72.9663
-72.9698
-72.9807
-72.9872
-72.9855
-72.9773
-72.9643
-72.9481
-72.9296
-72.9095
-72.8883
-72.8663
-72.8436
-72.8205
-72.7971
-72.7735
-72.7497
-72.7259
-72.702
-72.6782
-72.6545
-72.6308
-72.6073
-72.5838
-72.5606
-72.5375
-72.5146
-72.4919
-72.4694
-72.4498
-72.4444
-72.4407
-72.4331
-72.4217
-72.4076
-72.3916
-72.3745
-72.3566
-72.3381
-72.3194
-72.3005
-72.2814
-72.2623
-72.2433
-72.2243
-72.2054
-72.1866
-72.1679
-72.1494
-72.1311
-72.1129
-72.0948
-72.077
-72.0593
-72.0418
-72.0245
-72.0074
-71.9905
-71.9737
-71.9572
-71.9408
-71.9247
-71.9087
-71.8929
-71.8778
-71.8788
-71.8868
-71.8907
-71.8894
-71.8842
-71.8763
-71.8667
-71.8559
-71.8442
-71.832
-71.8195
-71.8066
-71.7937
-71.7806
-71.7675
-71.7544
-71.7414
-71.7283
-71.7154
-71.7025
-71.6898
-71.6771
-71.6646
-71.6521
-71.6398
-71.6277
-71.6156
-71.6037
-71.5919
-71.5803
-71.5688
-71.5574
-71.5462
-71.535
-71.5241
-71.5132
-71.5025
-71.492
-71.4815
-71.4712
-71.461
-71.451
-71.4411
-71.4313
-71.4216
-71.412
-71.4026
-71.3933
-71.3841
-71.3751
-71.3661
-71.3573
-71.3486
-71.34
-71.3315
-71.3231
-71.3149
-71.3067
-71.2987
-71.2908
-71.283
-71.2752
-71.2676
-71.2601
-71.2527
-71.2454
-71.2382
-71.2311
-71.2241
-71.2171
-71.2103
-71.2036
-71.1969
-71.1904
-71.1839
-71.1775
-71.1712
-71.165
-71.1589
-71.1529
-71.1469
-71.141
-71.1353
-71.1295
-71.1239
-71.1184
-71.1129
-71.1075
-71.1022
-71.0969
-71.0917
-71.0866
-71.0816
-71.0766
-71.0717
-71.0669
-71.0621
-71.0575
-71.0528
-71.0483
-71.0438
-71.0394
-71.035
-71.0307
-71.0264
-71.0223
-71.0181
-71.0141
-71.0101
-71.0061
-71.0022
-70.9984
-70.9946
-70.9909
-70.9872
-70.9836
-70.98
-70.9765
-70.9731
-70.9697
-70.9663
-70.963
-70.9597
-70.9565
-70.9533
-70.9502
-70.9472
-70.9441
-70.9411
-70.9382
-70.9353
-70.9325
-70.9297
-70.9269
-70.9242
-70.9215
-70.9188
-70.9162
-70.9137
-70.9112
-70.9087
-70.9062
-70.9038
-70.9014
-70.8991
-70.8968
-70.8945
-70.8923
-70.8901
-70.8879
-70.8858
-70.8837
-70.8817
-70.8796
-70.8776
-70.8757
-70.8737
-70.8718
-70.87
-70.8681
-70.8663
-70.8645
-70.8627
-70.861
-70.8593
-70.8576
-70.856
-70.8544
-70.8528
-70.8512
-70.8497
-70.8481
-70.8466
-70.8452
-70.8437
-70.8423
-70.8409
-70.8395
-70.8382
-70.8368
-70.8355
-70.8342
-70.833
-70.8317
-70.8305
-70.8293
-70.8281
-70.827
-70.8258
-70.8247
-70.8236
-70.8225
-70.8214
-70.8204
-70.8194
-70.8183
-70.8174
-70.8164
-70.8154
-70.8145
-70.8135
-70.8126
-70.8117
-70.8109
-70.81
-70.8091
-70.8083
-70.8075
-70.8067
-70.8059
-70.8051
-70.8044
-70.8036
-70.8029
-70.8022
-70.8015
-70.8008
-70.8001
-70.7994
-70.7988
-70.7981
-70.7975
-70.7969
-70.7962
-70.7956
-70.7951
-70.7945
-70.7939
-70.7934
-70.7928
-70.7923
-70.7918
-70.7913
-70.7908
-70.7903
-70.7898
-70.7893
-70.7889
-70.7884
-70.788
-70.7875
-70.7871
-70.7867
-70.7863
-70.7859
-70.7855
-70.7851
-70.7847
-70.7843
-70.784
-70.7836
-70.7833
-70.7829
-70.7826
-70.7823
-70.782
-70.7817
-70.7813
-70.7811
-70.7808
-70.7805
-70.7802
-70.7799
-70.7797
-70.7794
-70.7791
-70.7789
-70.7787
-70.7784
-70.7782
-70.778
-70.7777
-70.7775
-70.7773
-70.7771
-70.7769
-70.7767
-70.7765
-70.7763
-70.7762
-70.776
-70.7758
-70.7756
-70.7755
-70.7753
-70.7752
-70.775
-70.7749
-70.7747
-70.7746
-70.7744
-70.7743
-70.7742
-70.7741
-70.7739
-70.7738
-70.7737
-70.7736
-70.7735
-70.7734
-70.7733
-70.7732
-70.7731
-70.773
-70.7729
-70.7728
-70.7728
-70.7727
-70.7726
-70.7725
-70.7724
-70.7724
-70.7723
-70.7722
-70.7722
-70.7721
-70.7721
-70.772
-70.772
-70.7719
-70.7719
-70.7718
-70.7718
-70.7717
-70.7717
-70.7716
-70.7716
-70.7716
-70.7715
-70.7715
-70.7715
-70.7715
-70.7714
-70.7714
-70.7714
-70.7714
-70.7713
-70.7713
-70.7713
-70.7713
-70.7713
-70.7713
-70.7712
-70.7712
-70.7712
-70.7712
-70.7712
-70.7712
-70.7712
-70.7712
-70.7712
-70.7712
-70.7712
-70.7712
-70.7712
-70.7712
-70.7712
-70.7712
-70.7712
-70.7712
-70.7712
-70.7712
-70.7713
-70.7713
-70.7713
-70.7713
-70.7713
-70.7713
-70.7713
-70.7713
-70.7714
-70.7714
-70.7714
-70.7714
-70.7714
-70.7714
-70.7715
-70.7715
-70.7715
-70.7715
-70.7715
-70.7716
-70.7716
-70.7716
-70.7716
-70.7717
-70.7717
-70.7717
-70.7717
-70.7718
-70.7718
-70.7718
-70.7718
-70.7719
-70.7719
-70.7719
-70.7719
-70.772
-70.772
-70.772
-70.7721
-70.7721
-70.7721
-70.7721
-70.7722
-70.7722
-70.7722
-70.7723
-70.7723
-70.7723
-70.7723
-70.7724
-70.7724
-70.7724
-70.7725
-70.7725
-70.7725
-70.7726
-70.7726
-70.7726
-70.7726
-70.7727
-70.7727
-70.7727
-70.7728
-70.7728
-70.7728
-70.7729
-70.7729
-70.7729
-70.773
-70.773
-70.773
-70.7731
-70.7731
-70.7731
-70.7731
-70.7732
-70.7732
-70.7732
-70.7733
-70.7733
-70.7733
-70.7734
-70.7734
-70.7734
-70.7735
-70.7735
-70.7735
-70.7735
-70.7736
-70.7736
-70.7736
-70.7737
-70.7737
-70.7737
-70.7738
-70.7738
-70.7738
-70.7738
-70.7739
-70.7739

