-70
-70.1661
-70.23
-70.2566
-70.2695
-70.2773
-70.283
-70.2879
-70.2925
-70.297
-70.3014
-70.3057
-70.31
-70.3142
-70.3185
-70.3226
-70.3268
-70.3309
-70.335
-70.3391
-70.3431
-70.3471
-70.351
-70.3549
-70.3588
-70.3626
-70.3664
-70.3701
-70.3738
-70.3775
-70.3811
-70.3847
-70.3883
-70.3918
-70.3953
-70.3987
-70.4021
-70.4055
-70.4088
-70.4121
-70.4154
-70.4186
-70.4218
-70.4249
-70.428
-70.4311
-70.4341
-70.4372
-70.4401
-70.4431
-70.446
-70.4489
-70.4517
-70.4545
-70.4573
-70.4601
-70.4628
-70.4655
-70.4682
-70.4708
-70.4734
-70.476
-70.4785
-70.481
-70.4835
-70.486
-70.4884
-70.4908
-70.4932
-70.4955
-70.4978
-70.5001
-70.5024
-70.5046
-70.5068
-70.509
-70.5112
-70.5133
-70.5154
-70.5175
-70.5196
-70.5216
-70.5236
-70.5256
-70.5276
-70.5295
-70.5315
-70.5334
-70.5352
-70.5371
-70.5389
-70.5407
-70.5425
-70.5443
-70.5461
-70.5478
-70.5495
-70.5512
-70.5528
-70.5545
-70.5561
-70.5577
-70.5593
-70.5609
-70.5624
-70.5639
-70.5655
-70.5669
-70.5684
-70.5699
-70.5713
-70.5727
-70.5741
-70.5755
-70.5769
-70.5782
-70.5796
-70.5809
-70.5822
-70.5835
-70.5848
-70.586
-70.5873
-70.5885
-70.5897
-70.5909
-70.5921
-70.5932
-70.5944
-70.5955
-70.5966
-70.5977
-70.5988
-70.5999
-70.601
-70.602
-70.603
-70.6041
-70.6051
-70.6061
-70.6071
-70.608
-70.609
-70.6099
-70.6109
-70.6118
-70.6127
-70.6136
-70.6145
-70.6154
-70.6162
-70.6171
-70.6179
-70.6187
-70.6196
-70.6204
-70.6212
-70.622
-70.6227
-70.6235
-70.6242
-70.625
-70.6257
-70.6265
-70.6272
-70.6279
-70.6286
-70.6293
-70.6299
-70.6306
-70.6313
-70.6319
-70.6325
-70.6332
-70.6338
-70.6344
-70.635
-70.6356
-70.6362
-70.6368
-70.6374
-70.6379
-70.6385
-70.639
-70.6396
-70.6401
-70.6406
-70.6411
-70.6417
-70.6422
-70.6427
-70.6431
-70.6436
-70.6441
-70.6446
-70.645
-70.6455
-70.6459
-70.6464
-70.6468
-70.6472
-70.6476
-70.6481
-70.6485
-70.6489
-70.6493
-70.6497
-70.65
-70.6504
-70.6508
-70.6512
-70.6515
-70.6519
-70.6522
-70.6526
-70.6529
-70.6533
-70.6536
-70.6539
-70.6542
-70.6545
-70.6549
-70.6552
-70.6555
-70.6558
-70.656
-70.6563
-70.6566
-70.6569
-70.6572
-70.6574
-70.6577
-70.658
-70.6582
-70.6585
-70.6587
-70.6589
-70.6592
-70.6594
-70.6597
-70.6599
-70.6601
-70.6603
-70.6605
-70.6607
-70.661
-70.6612
-70.6614
-70.6616
-70.6617
-70.6619
-70.6621
-70.6623
-70.6625
-70.6627
-70.6628
-70.663
-70.6632
-70.6633
-70.6635
-70.6637
-70.6638
-70.664
-70.6641
-70.6643
-70.6644
-70.6646
-70.6647
-70.6648
-70.665
-70.6651
-70.6652
-70.6653
-70.6655
-70.6656
-70.6657
-70.6658
-70.6659
-70.666
-70.6662
-70.6663
-70.6664
-70.6665
-70.6666
-70.6667
-70.6668
-70.6669
-70.667
-70.667
-70.6671
-70.6672
-70.6673
-70.6674
-70.6675
-70.6675
-70.6676
-70.6677
-70.6678
-70.6678
-70.6679
-70.668
-70.668
-70.6681
-70.6682
-70.6682
-70.6683
-70.6683
-70.6684
-70.6685
-70.6685
-70.6686
-70.6686
-70.6687
-70.6687
-70.6688
-70.6688
-70.6688
-70.6689
-70.6689
-70.669
-70.669
-70.669
-70.6691
-70.6691
-70.6691
-70.6692
-70.6692
-70.6692
-70.6693
-70.6693
-70.6693
-70.6694
-70.6694
-70.6694
-70.6694
-70.6694
-70.6695
-70.6695
-70.6695
-70.6695
-70.6695
-70.6696
-70.6696
-70.6696
-70.6696
-70.6696
-70.6696
-70.6696
-70.6697
-70.6697
-70.6697
-70.6697
-70.6697
-70.6697
-70.6697
-70.6697
-70.6697
-70.6697
-70.6697
-70.6697
-70.6697
-70.6697
-70.6697
-70.6697
-70.6697
-70.6697
-70.6697
-70.6697
-70.6697
-70.6697
-70.6697
-70.6697
-70.6697
-70.6697
-70.6697
-70.6697
-70.6697
-70.6697
-70.6697
-70.6697
-70.6697
-70.6697
-70.6697
-70.6696
-70.6696
-70.6696
-70.6696
-70.6696
-70.6696
-70.6696
-70.6696
-70.6696
-70.6695
-70.6695
-70.6695
-70.6695
-70.6695
-70.6695
-70.6695
-70.6695
-70.6694
-70.6694
-70.6694
-70.6694
-70.6694
-70.6694
-70.6693
-70.6693
-70.6693
-70.6693
-70.6693
-70.6693
-70.6693
-70.6692
-70.6692
-70.6692
-70.6692
-70.6692
-70.6691
-70.6691
-70.6691
-70.6691
-70.6691
-70.6691
-70.669
-70.669
-70.669
-70.669
-70.669
-70.6689
-70.6689
-70.6689
-70.6689
-70.6689
-70.6688
-70.6688
-70.6688
-70.6688
-70.6688
-70.6687
-70.6687
-70.6687
-70.6687
-70.6686
-70.6686
-70.6686
-70.6686
-70.6686
-70.6685
-70.6685
-70.6685
-70.6685
-70.6685
-70.6684
-70.6684
-70.6684
-70.6684
-70.6684
-70.6683
-70.6683
-70.6683
-70.6683
-70.6682
-70.6682
-70.6682
-70.6682
-70.6682
-70.6681
-70.6681
-70.6681
-70.6681
-70.6681
-70.6704
-70.8571
-71.6113
-72.5801
-73.3654
-73.8516
-74.1062
-74.2308
-74.291
-74.3205
-74.3408
-74.3842
-74.4514
-74.5206
-74.5789
-74.6168
-74.634
-74.6393
-74.6373
-74.6306
-74.6224
-74.6278
-74.655
-74.6864
-74.7163
-74.7355
-74.7413
-74.7384
-74.7302
-74.7187
-74.7055
-74.6912
-74.6753
-74.6579
-74.6392
-74.6191
-74.5976
-74.5748
-74.5506
-74.5251
-74.4986
-74.471
-74.4425
-74.4131
-74.383
-74.3521
-74.3205
-74.2884
-74.2557
-74.2227
-74.1892
-74.1554
-74.1214
-74.0872
-74.0528
-74.0183
-73.9837
-73.9492
-73.9146
-73.8801
-73.8456
-73.8113
-73.7771
-73.743
-73.7091
-73.6754
-73.6419
-73.6086
-73.5755
-73.5426
-73.51
-73.4777
-73.4456
-73.4138
-73.3822
-73.351
-73.32
-73.2892
-73.2588
-73.2286
-73.1988
-73.1692
-73.1399
-73.1108
-73.0821
-73.0536
-73.0254
-72.9975
-72.9699
-72.9425
-72.9154
-72.8886
-72.862
-72.8357
-72.8097
-72.784
-72.7585
-72.7333
-72.7083
-72.6836
-72.6591
-72.6349
-72.611
-72.5873
-72.5638
-72.5406
-72.5176
-72.4949
-72.4724
-72.4502
-72.4281
-72.4064
-72.3848
-72.3635
-72.3424
-72.3216
-72.301
-72.2805
-72.2604
-72.2404
-72.2206
-72.2011
-72.1818
-72.1627
-72.1438
-72.1251
-72.1066
-72.0883
-72.0702
-72.0523
-72.0346
-72.017
-71.9997
-71.9826
-71.9656
-71.9489
-71.9323
-71.9159
-71.8997
-71.8837
-71.8678
-71.8522
-71.8367
-71.8213
-71.8062
-71.7912
-71.7764
-71.7617
-71.7472
-71.7329
-71.7187
-71.7047
-71.6908
-71.6771
-71.6636
-71.6502
-71.637
-71.6239
-71.611
-71.5982
-71.5855
-71.573
-71.5608
-71.563
-71.5742
-71.5816
-71.5839
-71.5821
-71.5775
-71.571
-71.5654
-71.5761
-71.5895
-71.6021
-71.6182
-71.6295
-71.6347
-71.6352
-71.6323
-71.6271
-71.6203
-71.6217
-71.6469
-71.6829
-71.7301
-71.77
-71.7963
-71.8114
-71.8185
-71.8202
-71.818
-71.8142
-71.8243
-71.845
-71.8702
-71.8974
-71.9181
-71.9298
-71.9343
-71.9338
-71.9296
-71.9229
-71.9172
-71.9283
-71.949
-71.9679
-71.9874
-72.0027
-72.0104
-72.0118
-72.0088
-72.0027
-71.9944
-71.9872
-71.9977
-72.019
-72.0363
-72.0503
-72.0642
-72.0719
-72.0733
-72.0701
-72.0637
-72.0549
-72.0456
-72.0512
-72.0721
-72.09
-72.0995
-72.109
-72.118
-72.1216
-72.1199
-72.1143
-72.106
-72.0957
-72.0896
-72.1033
-72.1243
-72.138
-72.1435
-72.15
-72.1568
-72.1587
-72.1557
-72.149
-72.1399
-72.1289
-72.1251
-72.1409
-72.1606
-72.1723
-72.1762
-72.1767
-72.1816
-72.1841
-72.1819
-72.1758
-72.1668
-72.1559
-72.1509
-72.1618
-72.1807
-72.194
-72.1992
-72.1982
-72.1969
-72.2001
-72.2004
-72.1963
-72.1891
-72.194
-72.2126
-72.2286
-72.2363
-72.237
-72.2327
-72.2249
-72.2158
-72.2137
-72.2122
-72.2095
-72.2173
-72.2352
-72.2515
-72.2599
-72.2611
-72.257
-72.2494
-72.2392
-72.2272
-72.2142
-72.2091
-72.2151
-72.2342
-72.2711
-72.3049
-72.326
-72.336
-72.3432
-72.3578
-72.3678
-72.3706
-72.3749
-72.4298
-72.5439
-72.6888
-72.8779
-73.0445
-73.1706
-73.2557
-73.3073
-73.3459
-73.4239
-73.5812
-73.7974
-74.0047
-74.176
-74.2821
-74.3395
-74.3696
-74.3849
-74.3959
-74.4302
-74.4867
-74.5532
-74.6088
-74.6502
-74.6733
-74.6811
-74.6797
-74.6738
-74.669
-74.6732
-74.6895
-74.7115
-74.7307
-74.7459
-74.7545
-74.7552
-74.75
-74.7404
-74.73
-74.7237
-74.7254
-74.7355
-74.7462
-74.7556
-74.7625
-74.764
-74.7598
-74.7513
-74.7399
-74.7312
-74.728
-74.7325
-74.7426
-74.7507
-74.7572
-74.7613
-74.7611
-74.7559
-74.7469
-74.7359
-74.7284
-74.7251
-74.7295
-74.739
-74.7467
-74.7522
-74.756
-74.7564
-74.7529
-74.7451
-74.7358
-74.7291
-74.7254
-74.7282
-74.7354
-74.7427
-74.7475
-74.7502
-74.7502
-74.7469
-74.7404
-74.7331
-74.7277
-74.7237
-74.7241
-74.7292
-74.7363
-74.7418
-74.745
-74.7451
-74.7431
-74.7388
-74.7326
-74.7281
-74.7248
-74.723
-74.7236
-74.7268
-74.7317
-74.7359
-74.7387
-74.7373
-74.7337
-74.73
-74.7265
-74.7233
-74.7209
-74.7217
-74.7228
-74.7243
-74.7271
-74.7314
-74.7343
-74.7331
-74.7281
-74.7237
-74.7208
-74.7194
-74.7168
-74.7168
-74.7184
-74.7186
-74.7195
-74.7219
-74.7251
-74.7271
-74.724
-74.7183
-74.7139
-74.7129
-74.7138
-74.7141
-74.7165
-74.7165
-74.7156
-74.7154
-74.7172
-74.7194
-74.7203
-74.7177
-74.7121
-74.7066
-74.7048
-74.7045
-74.7062
-74.7101
-74.7103
-74.7084
-74.7075
-74.7075
-74.7101
-74.7119
-74.7123
-74.7103
-74.7064
-74.7017
-74.6987
-74.6974
-74.7006
-74.7065
-74.7067
-74.7035
-74.7006
-74.6996
-74.7013
-74.7033
-74.7053
-74.7043
-74.7004
-74.6951
-74.6894
-74.685
-74.6864
-74.6935
-74.6972
-74.6971
-74.6945
-74.6924
-74.6928
-74.6935
-74.6954
-74.698
-74.6975
-74.6956
-74.6913
-74.6844
-74.6791
-74.6791
-74.6832
-74.6857
-74.6856
-74.6854
-74.6844
-74.6829
-74.6833
-74.684
-74.6854
-74.6883
-74.6874
-74.6835
-74.6796
-74.6749
-74.6698
-74.6709
-74.6746
-74.675
-74.6735
-74.6705
-74.6707
-74.6716
-74.6724
-74.673
-74.6751
-74.6795
-74.6814
-74.6789
-74.6753
-74.6723
-74.6668
-74.6632
-74.6623
-74.6621
-74.6597
-74.6565
-74.6533
-74.6535
-74.6531
-74.655
-74.6588
-74.6604
-74.6631
-74.6668
-74.6685
-74.6677
-74.6656
-74.6639
-74.662
-74.6594
-74.6555
-74.6498
-74.6429
-74.6369
-74.6335
-74.6346
-74.6347
-74.6322
-74.6361
-74.6432
-74.6479
-74.6521
-74.6558
-74.6572
-74.6564
-74.6549
-74.6523
-74.6523
-74.6501
-74.6462
-74.6399
-74.6309
-74.6213
-74.6141
-74.6107
-74.6095
-74.6093
-74.6096
-74.6126
-74.6176
-74.6221
-74.6306
-74.6391
-74.6437
-74.6458
-74.6443
-74.6425
-74.6426
-74.6397
-74.6349
-74.6307
-74.624
-74.613
-74.6028
-74.5939
-74.5882
-74.5861
-74.5844
-74.5812
-74.5799
-74.5822
-74.5873
-74.592
-74.6004
-74.6108
-74.6213
-74.6269
-74.6294
-74.6318
-74.6301
-74.6242
-74.6215
-74.6186
-74.6117
-74.601
-74.5896
-74.5794
-74.5725
-74.566
-74.5597
-74.5565
-74.5546
-74.5526
-74.554
-74.5548
-74.5561
-74.5578
-74.5655
-74.5767
-74.5888
-74.5961
-74.6056
-74.6125
-74.6131
-74.6081
-74.6046
-74.5995
-74.5942
-74.5869
-74.5771
-74.5671
-74.5562
-74.5471
-74.5373
-74.5269
-74.5195
-74.5133
-74.508
-74.5077
-74.5098
-74.5074
-74.5075
-74.5114
-74.5194
-74.5298
-74.5384
-74.5475
-74.5626
-74.5766
-74.5806
-74.578
-74.5773
-74.5779
-74.5758
-74.5725
-74.5666
-74.5591
-74.5489
-74.5357
-74.5254
-74.5171
-74.5065
-74.4956
-74.4857
-74.4792
-74.4719
-74.4653
-74.4596
-74.4574
-74.457
-74.4587
-74.4658
-74.4721
-74.4806
-74.4913
-74.5042
-74.518
-74.5276
-74.5315
-74.5308
-74.5282
-74.5281
-74.5299
-74.5303
-74.5262
-74.5215
-74.5183
-74.5153
-74.5101
-74.5013
-74.4898
-74.4785
-74.4659
-74.4536
-74.4429
-74.4309
-74.421
-74.412
-74.4044
-74.394
-74.3818
-74.3743
-74.374
-74.3761
-74.3795
-74.3901
-74.4077
-74.4248
-74.4385
-74.4503
-74.4625
-74.4705
-74.4719
-74.4712
-74.4712
-74.4731
-74.4742
-74.4724
-74.4696
-74.4652
-74.4606
-74.4553
-74.4463
-74.4369
-74.4263
-74.4156
-74.4036
-74.3978
-74.4004
-74.4028
-74.3981
-74.3885
-74.3745
-74.36
-74.3491
-74.3398
-74.3332
-74.3253
-74.3165
-74.3122
-74.316
-74.3213
-74.3212
-74.3156
-74.3126
-74.3174
-74.3327
-74.349
-74.3634
-74.3769
-74.3904
-74.3987
-74.4028
-74.4053
-74.403
-74.3961
-74.3919
-74.3977
-74.4033
-74.4038
-74.3966
-74.3863
-74.3763
-74.3646
-74.3495
-74.3352
-74.3204
-74.3106
-74.3038
-74.2965
-74.2874
-74.2766
-74.2707
-74.2663
-74.2587
-74.251
-74.2451
-74.242
-74.2355
-74.2274
-74.2145
-74.1972
-74.1862
-74.1845
-74.1875
-74.1907
-74.1897
-74.1856
-74.1803
-74.1791
-74.1821
-74.187
-74.1889
-74.1901
-74.1952
-74.1971
-74.2013
-74.2124
-74.2314
-74.2523
-74.2701
-74.2756
-74.2736
-74.271
-74.2659
-74.2618
-74.2579
-74.2583
-74.2643
-74.2707
-74.2725
-74.2694
-74.2655
-74.2622
-74.2581
-74.2538
-74.2434
-74.2287
-74.2108
-74.1922
-74.1794
-74.1672
-74.1546
-74.1426
-74.1339
-74.1229
-74.109
-74.0917
-74.0701
-74.0543
-74.0457
-74.0382
-74.0296
-74.0253
-74.0197
-74.0104
-73.9976
-73.9833
-73.9752
-73.9691
-73.9637
-73.9559
-73.945
-73.9306
-73.9149
-73.9094
-73.9187
-73.9388
-73.9549
-73.9636
-73.9611
-73.9506
-73.9421
-73.9343
-73.9361
-73.9411
-73.945
-73.9508
-73.9674
-73.9866
-73.9979
-73.9986
-73.9954
-73.9984
-74.0046
-74.0094
-74.011
-74.009
-74.0062
-74.004
-74.0028
-74.0078
-74.0145
-74.0217
-74.0289
-74.031
-74.024
-74.01
-74.0005
-73.9966
-74.0029
-74.0245
-74.0486
-74.0621
-74.0704
-74.0772
-74.0771
-74.0682
-74.0525
-74.0333
-74.0185
-74.0063
-73.9939
-73.9819
-73.9691
-73.9518
-73.931
-73.912
-73.8961
-73.8841
-73.8777
-73.8747
-73.8736
-73.879
-73.8836
-73.8864
-73.8844
-73.8745
-73.858
-73.8418
-73.8299
-73.8173
-73.8048
-73.7881
-73.767
-73.7425
-73.7156
-73.6869
-73.6617
-73.6449
-73.6287
-73.6086
-73.5851
-73.5649
-73.5555
-73.5585
-73.557
-73.5474
-73.5338
-73.5217
-73.5063
-73.4934
-73.4877
-73.4793
-73.4659
-73.455
-73.4419
-73.425
-73.4115
-73.3975
-73.3795
-73.3609
-73.3467
-73.3304
-73.3105
-73.2876
-73.2627
-73.2364
-73.2141
-73.1975
-73.1896
-73.1974
-73.2245
-73.2451
-73.2523
-73.2489
-73.2381
-73.2222
-73.2029
-73.1812
-73.1577
-73.133
-73.1138
-73.1008
-73.0949
-73.0877
-73.0807
-73.076
-73.0667
-73.0524
-73.0468
-73.0613
-73.0809
-73.105
-73.1194
-73.1277
-73.1371
-73.1468
-73.1489
-73.1429
-73.1329
-73.1283
-73.1303
-73.1306
-73.133
-73.1323
-73.1267
-73.1247
-73.1196
-73.1089
-73.0936
-73.075
-73.0622
-73.0633
-73.063
-73.056
-73.0551
-73.0639
-73.0667
-73.0616
-73.0502
-73.0344
-73.0156
-72.9947
-72.9723
-72.9488
-72.9246
-72.8997
-72.8745
-72.852
-72.8399
-72.8281
-72.8129
-72.7947
-72.7744
-72.7525
-72.7297
-72.7063
-72.6824
-72.6583
-72.634
-72.6097
-72.5853
-72.561
-72.5368
-72.5127
-72.4888
-72.4649
-72.4413
-72.4258
-72.4203
-72.4132
-72.4022
-72.388
-72.3716
-72.3537
-72.3349
-72.3154
-72.2955
-72.2754
-72.2551
-72.2348
-72.2145
-72.1942
-72.174
-72.1539
-72.134
-72.1141
-72.0945
-72.075
-72.0557
-72.0365
-72.0176
-71.9988
-71.9802
-71.9618
-71.9437
-71.9257
-71.9079
-71.8903
-71.8729
-71.8557
-71.8387
-71.8219
-71.8053
-71.7889
-71.7726
-71.7566
-71.7407
-71.7251
-71.7096
-71.6943
-71.6792
-71.6643
-71.6495
-71.6349
-71.6205
-71.6063
-71.5923
-71.5784
-71.5647
-71.5511
-71.5378
-71.5245
-71.5115
-71.4986
-71.4859
-71.4733
-71.4609
-71.4486
-71.4365
-71.4245
-71.4127
-71.401
-71.3895
-71.3781
-71.3669
-71.3558
-71.3448
-71.334
-71.3233
-71.3128
-71.3024
-71.2921
-71.282
-71.272
-71.2621
-71.2524
-71.2428
-71.2333
-71.2239
-71.2146
-71.2055
-71.1965
-71.1876
-71.1788
-71.1702
-71.1616
-71.1532
-71.1448
-71.1366
-71.1285
-71.1205
-71.1126
-71.1048
-71.0971
-71.0895
-71.082
-71.0746
-71.0673
-71.0601
-71.053
-71.046
-71.0391
-71.0323
-71.0256
-71.019
-71.0124
-71.006
-70.9996
-70.9933
-70.9871
-70.981
-70.975
-70.9691
-70.9632
-70.9574
-70.9517
-70.9461
-70.9405
-70.9351
-70.9297
-70.9244
-70.9191
-70.914
-70.9089
-70.9039
-70.8989
-70.894
-70.8892
-70.8845
-70.8798
-70.8752
-70.8706
-70.8662
-70.8617
-70.8574
-70.8531
-70.8489
-70.8447
-70.8406
-70.8366
-70.8326
-70.8287
-70.8248
-70.821
-70.8172
-70.8135
-70.8099
-70.8063
-70.8028
-70.7993
-70.7959
-70.7925
-70.7892
-70.7859
-70.7827
-70.7795
-70.7764
-70.7733
-70.7702
-70.7673
-70.7643
-70.7614
-70.7586
-70.7558
-70.753
-70.7503
-70.7476
-70.745
-70.7424
-70.7399
-70.7373
-70.7349
-70.7325
-70.7301
-70.7277
-70.7254
-70.7231
-70.7209
-70.7187
-70.7165
-70.7144
-70.7123
-70.7103
-70.7082
-70.7062
-70.7043
-70.7024
-70.7005
-70.6986
-70.6968
-70.695
-70.6932
-70.6915
-70.6898
-70.6881
-70.6865
-70.6849
-70.6833
-70.6817
-70.6802
-70.6787
-70.6772
-70.6758
-70.6744
-70.673
-70.6716
-70.6702
-70.6689
-70.6676
-70.6664
-70.6651
-70.6639
-70.6627
-70.6615
-70.6604
-70.6592
-70.6581
-70.657
-70.656
-70.6549
-70.6539
-70.6529
-70.6519
-70.651
-70.65
-70.6491
-70.6482
-70.6473
-70.6464
-70.6456
-70.6448
-70.6439
-70.6431
-70.6424
-70.6416
-70.6409
-70.6401
-70.6394
-70.6387
-70.6381
-70.6374
-70.6367
-70.6361
-70.6355
-70.6349
-70.6343
-70.6337
-70.6332
-70.6326
-70.6321
-70.6316
-70.6311
-70.6306
-70.6301
-70.6296
-70.6292
-70.6287
-70.6283
-70.6279
-70.6275
-70.6271
-70.6267
-70.6263
-70.626
-70.6256
-70.6253
-70.625
-70.6246
-70.6243
-70.624
-70.6237
-70.6235
-70.6232
-70.6229
-70.6227
-70.6224
-70.6222
-70.622
-70.6218
-70.6216
-70.6214
-70.6212
-70.621
-70.6208
-70.6207
-70.6205
-70.6204
-70.6202
-70.6201
-70.62
-70.6198
-70.6197
-70.6196
-70.6195
-70.6194
-70.6193
-70.6192
-70.6192
-70.6191
-70.619
-70.619
-70.6189
-70.6189
-70.6188
-70.6188
-70.6188
-70.6188
-70.6187
-70.6187
-70.6187
-70.6187
-70.6187
-70.6187
-70.6187
-70.6187
-70.6188
-70.6188
-70.6188
-70.6188
-70.6189
-70.6189
-70.619
-70.619
-70.6191
-70.6191
-70.6192
-70.6192
-70.6193
-70.6194
-70.6195
-70.6195
-70.6196
-70.6197
-70.6198
-70.6199
-70.62
-70.6201
-70.6202
-70.6203
-70.6204
-70.6205
-70.6206
-70.6207
-70.6208
-70.6209
-70.621
-70.6212
-70.6213
-70.6214
-70.6215
-70.6217
-70.6218
-70.6219
-70.6221
-70.6222
-70.6223
-70.6225
-70.6226
-70.6228
-70.6229
-70.623
-70.6232
-70.6233
-70.6235
-70.6236
-70.6238
-70.624
-70.6241
-70.6243
-70.6244
-70.6246
-70.6247
-70.6249
-70.6251
-70.6252
-70.6254
-70.6256
-70.6257
-70.6259
-70.6261
-70.6262
-70.6264
-70.6266
-70.6267
-70.6269
-70.6271
-70.6273
-70.6274
-70.6276
-70.6278
-70.628
-70.6281
-70.6283
-70.6285
-70.6287
-70.6288
-70.629
-70.6292
-70.6294
-70.6296
-70.6297
-70.6299
-70.6301
-70.6303
-70.6305
-70.6306
-70.6308
-70.631
-70.6312
-70.6313
-70.6315
-70.6317
-70.6319
-70.6321
-70.6322
-70.6324
-70.6326
-70.6328
-70.633
-70.6331
-70.6333
-70.6335
-70.6337
-70.6339
-70.634
-70.6342
-70.6344
-70.6346
-70.6347
-70.6349
-70.6351
-70.6353
-70.6354
-70.6356
-70.6358
-70.636
-70.6361
-70.6363
-70.6365
-70.6367
-70.6368
-70.637
-70.6372
-70.6374
-70.6375
-70.6377
-70.6379
-70.638
-70.6382
-70.6384
-70.6385
-70.6387
-70.6389
-70.639
-70.6392
-70.6394
-70.6395
-70.6397
-70.6399
-70.64
-70.6402
-70.6404
-70.6405
-70.6407
-70.6408
-70.641
-70.6412
-70.6413
-70.6415
-70.6416
-70.6418
-70.6419
-70.6421
-70.6423
-70.6424
-70.6426
-70.6427
-70.6429
-70.643
-70.6432
-70.6433
-70.6435
-70.6436
-70.6438
-70.6439
-70.6441
-70.6442
-70.6444
-70.6445
-70.6446
-70.6448
-70.6449
-70.6451
-70.6452

