-70
-70.1661
-70.23
-70.2566
-70.2695
-70.2773
-70.283
-70.2879
-70.2925
-70.297
-70.3014
-70.3057
-70.31
-70.3142
-70.3185
-70.3226
-70.3268
-70.3309
-70.335
-70.3391
-70.3431
-70.3471
-70.351
-70.3549
-70.3588
-70.3626
-70.3664
-70.3701
-70.3738
-70.3775
-70.3811
-70.3847
-70.3883
-70.3918
-70.3953
-70.3987
-70.4021
-70.4055
-70.4088
-70.4121
-70.4154
-70.4186
-70.4218
-70.4249
-70.428
-70.4311
-70.4341
-70.4372
-70.4401
-70.4431
-70.446
-70.4489
-70.4517
-70.4545
-70.4573
-70.4601
-70.4628
-70.4655
-70.4682
-70.4708
-70.4734
-70.476
-70.4785
-70.481
-70.4835
-70.486
-70.4884
-70.4908
-70.4932
-70.4955
-70.4978
-70.5001
-70.5024
-70.5046
-70.5068
-70.509
-70.5112
-70.5133
-70.5154
-70.5175
-70.5196
-70.5216
-70.5236
-70.5256
-70.5276
-70.5295
-70.5315
-70.5334
-70.5352
-70.5371
-70.5389
-70.5407
-70.5425
-70.5443
-70.5461
-70.5478
-70.5495
-70.5512
-70.5528
-70.5545
-70.5561
-70.5577
-70.5593
-70.5609
-70.5624
-70.5639
-70.5655
-70.5669
-70.5684
-70.5699
-70.5713
-70.5727
-70.5741
-70.5755
-70.5769
-70.5782
-70.5796
-70.5809
-70.5822
-70.5835
-70.5848
-70.586
-70.5873
-70.5885
-70.5897
-70.5909
-70.5921
-70.5932
-70.5944
-70.5955
-70.5966
-70.5977
-70.5988
-70.5999
-70.601
-70.602
-70.603
-70.6041
-70.6051
-70.6061
-70.6071
-70.608
-70.609
-70.6099
-70.6109
-70.6118
-70.6127
-70.6136
-70.6145
-70.6154
-70.6162
-70.6171
-70.6179
-70.6187
-70.6196
-70.6204
-70.6212
-70.622
-70.6227
-70.6235
-70.6242
-70.625
-70.6257
-70.6265
-70.6272
-70.6279
-70.6286
-70.6293
-70.6299
-70.6306
-70.6313
-70.6319
-70.6325
-70.6332
-70.6338
-70.6344
-70.635
-70.6356
-70.6362
-70.6368
-70.6374
-70.6379
-70.6385
-70.639
-70.6396
-70.6401
-70.6406
-70.6411
-70.6417
-70.6422
-70.6427
-70.6431
-70.6436
-70.6441
-70.6446
-70.645
-70.6455
-70.6459
-70.6464
-70.6468
-70.6472
-70.6476
-70.6481
-70.6485
-70.6489
-70.6493
-70.6497
-70.65
-70.6504
-70.6508
-70.6512
-70.6515
-70.6519
-70.6522
-70.6526
-70.6529
-70.6533
-70.6536
-70.6539
-70.6542
-70.6545
-70.6549
-70.6552
-70.6555
-70.6558
-70.656
-70.6563
-70.6566
-70.6569
-70.6572
-70.6574
-70.6577
-70.658
-70.6582
-70.6585
-70.6587
-70.6589
-70.6592
-70.6594
-70.6597
-70.6599
-70.6601
-70.6603
-70.6605
-70.6607
-70.661
-70.6612
-70.6614
-70.6616
-70.6617
-70.6619
-70.6621
-70.6623
-70.6625
-70.6627
-70.6628
-70.663
-70.6632
-70.6633
-70.6635
-70.6637
-70.6638
-70.664
-70.6641
-70.6643
-70.6644
-70.6646
-70.6647
-70.6648
-70.665
-70.6651
-70.6652
-70.6653
-70.6655
-70.6656
-70.6657
-70.6658
-70.6659
-70.666
-70.6662
-70.6663
-70.6664
-70.6665
-70.6666
-70.6667
-70.6668
-70.6669
-70.667
-70.667
-70.6671
-70.6672
-70.6673
-70.6674
-70.6675
-70.6675
-70.6676
-70.6677
-70.6678
-70.6678
-70.6679
-70.668
-70.668
-70.6681
-70.6682
-70.6682
-70.6683
-70.6683
-70.6684
-70.6685
-70.6685
-70.6686
-70.6686
-70.6687
-70.6687
-70.6688
-70.6688
-70.6688
-70.6689
-70.6689
-70.669
-70.669
-70.669
-70.6691
-70.6691
-70.6691
-70.6692
-70.6692
-70.6692
-70.6693
-70.6693
-70.6693
-70.6694
-70.6694
-70.6694
-70.6694
-70.6694
-70.6695
-70.6695
-70.6695
-70.6695
-70.6695
-70.6696
-70.6696
-70.6696
-70.6696
-70.6696
-70.6696
-70.6696
-70.6697
-70.6697
-70.6697
-70.6697
-70.6697
-70.6697
-70.6697
-70.6697
-70.6697
-70.6697
-70.6697
-70.6697
-70.6697
-70.6697
-70.6697
-70.6697
-70.6697
-70.6697
-70.6697
-70.6697
-70.6697
-70.6697
-70.6697
-70.6697
-70.6697
-70.6697
-70.6697
-70.6697
-70.6697
-70.6697
-70.6697
-70.6697
-70.6697
-70.6697
-70.6697
-70.6696
-70.6696
-70.6696
-70.6696
-70.6696
-70.6696
-70.6696
-70.6696
-70.6696
-70.6695
-70.6695
-70.6695
-70.6695
-70.6695
-70.6695
-70.6695
-70.6695
-70.6694
-70.6694
-70.6694
-70.6694
-70.6694
-70.6694
-70.6693
-70.6693
-70.6693
-70.6693
-70.6693
-70.6693
-70.6693
-70.6692
-70.6692
-70.6692
-70.6692
-70.6692
-70.6691
-70.6691
-70.6691
-70.6691
-70.6691
-70.6691
-70.669
-70.669
-70.669
-70.669
-70.669
-70.6689
-70.6689
-70.6689
-70.6689
-70.6689
-70.6688
-70.6688
-70.6688
-70.6688
-70.6688
-70.6687
-70.6687
-70.6687
-70.6687
-70.6686
-70.6686
-70.6686
-70.6686
-70.6686
-70.6685
-70.6685
-70.6685
-70.6685
-70.6685
-70.6684
-70.6684
-70.6684
-70.6684
-70.6684
-70.6683
-70.6683
-70.6683
-70.6683
-70.6682
-70.6682
-70.6682
-70.6682
-70.6682
-70.6681
-70.6681
-70.6681
-70.6681
-70.6681
-70.6723
-70.9358
-71.8314
-72.8269
-73.5557
-74.0046
-74.2323
-74.3383
-74.3879
-74.4118
-74.4316
-74.4716
-74.5323
-74.5925
-74.6415
-74.6732
-74.6877
-74.6907
-74.687
-74.6798
-74.6734
-74.6788
-74.7009
-74.7294
-74.7545
-74.7708
-74.775
-74.7712
-74.7628
-74.7516
-74.7385
-74.7242
-74.7085
-74.6913
-74.6734
-74.6546
-74.6342
-74.6123
-74.589
-74.5645
-74.5387
-74.5119
-74.4841
-74.4553
-74.4257
-74.3953
-74.3641
-74.3324
-74.3
-74.2672
-74.2339
-74.2002
-74.1663
-74.132
-74.0976
-74.063
-74.0283
-73.9936
-73.9588
-73.9241
-73.8894
-73.8548
-73.8203
-73.7859
-73.7516
-73.7176
-73.6837
-73.65
-73.6165
-73.5833
-73.5503
-73.5175
-73.485
-73.4528
-73.4208
-73.3892
-73.3577
-73.3266
-73.2957
-73.2652
-73.2349
-73.2049
-73.1751
-73.1457
-73.1165
-73.0877
-73.0591
-73.0308
-73.0027
-72.975
-72.9475
-72.9203
-72.8933
-72.8667
-72.8403
-72.8142
-72.7883
-72.7627
-72.7374
-72.7123
-72.6875
-72.6629
-72.6386
-72.6146
-72.5908
-72.5672
-72.5439
-72.5209
-72.4981
-72.4755
-72.4532
-72.4311
-72.4092
-72.3876
-72.3662
-72.345
-72.3241
-72.3034
-72.2829
-72.2626
-72.2426
-72.2228
-72.2032
-72.1838
-72.1646
-72.1456
-72.1269
-72.1083
-72.0899
-72.0718
-72.0538
-72.036
-72.0185
-72.0011
-71.9839
-71.9669
-71.9501
-71.9335
-71.917
-71.9008
-71.8847
-71.8688
-71.853
-71.8375
-71.8221
-71.8069
-71.7919
-71.777
-71.7623
-71.7478
-71.7334
-71.7192
-71.7051
-71.6912
-71.6775
-71.6639
-71.6505
-71.6372
-71.6241
-71.6111
-71.5983
-71.5856
-71.5731
-71.5607
-71.5484
-71.5363
-71.5244
-71.5125
-71.5008
-71.4893
-71.4779
-71.4671
-71.4728
-71.4858
-71.4944
-71.4977
-71.4969
-71.4933
-71.4877
-71.4809
-71.4732
-71.4648
-71.4609
-71.4662
-71.4706
-71.4713
-71.4689
-71.4643
-71.4582
-71.451
-71.4431
-71.4347
-71.4262
-71.4266
-71.4312
-71.4333
-71.4322
-71.4286
-71.4233
-71.4168
-71.4095
-71.4016
-71.3933
-71.3855
-71.388
-71.3938
-71.3966
-71.3961
-71.393
-71.3882
-71.3822
-71.3754
-71.368
-71.3602
-71.3525
-71.3545
-71.3611
-71.3649
-71.3653
-71.363
-71.3588
-71.3534
-71.3471
-71.3402
-71.3328
-71.3252
-71.3227
-71.3296
-71.3354
-71.3377
-71.3368
-71.3338
-71.3293
-71.3237
-71.3174
-71.3106
-71.3035
-71.2961
-71.2967
-71.3046
-71.3104
-71.3125
-71.3117
-71.3087
-71.3043
-71.299
-71.293
-71.2865
-71.2796
-71.2726
-71.2722
-71.2805
-71.2872
-71.2902
-71.29
-71.2876
-71.2837
-71.2788
-71.2732
-71.2671
-71.2606
-71.2539
-71.2484
-71.2547
-71.2635
-71.2687
-71.2704
-71.2695
-71.2666
-71.2625
-71.2575
-71.252
-71.246
-71.2487
-71.257
-71.2629
-71.2652
-71.2647
-71.2623
-71.2585
-71.2538
-71.2484
-71.2425
-71.2364
-71.2367
-71.2454
-71.2526
-71.256
-71.2563
-71.2545
-71.2512
-71.2468
-71.2418
-71.2362
-71.2302
-71.2266
-71.2487
-71.2844
-71.3128
-71.3313
-71.3422
-71.3477
-71.3495
-71.3816
-71.4897
-71.7673
-72.1391
-72.5336
-72.8401
-73.0386
-73.1622
-73.239
-73.3176
-73.434
-73.6181
-73.8639
-74.0814
-74.2486
-74.3522
-74.4043
-74.4271
-74.438
-74.4548
-74.4918
-74.5464
-74.6071
-74.6561
-74.6919
-74.7121
-74.7185
-74.7159
-74.7093
-74.7057
-74.7105
-74.7232
-74.743
-74.7621
-74.7751
-74.7827
-74.7832
-74.7774
-74.7686
-74.7598
-74.7553
-74.7572
-74.7644
-74.7765
-74.7861
-74.7921
-74.7937
-74.7896
-74.7811
-74.7707
-74.7619
-74.759
-74.7615
-74.7692
-74.7797
-74.7874
-74.7916
-74.7916
-74.7868
-74.7783
-74.7683
-74.7611
-74.7583
-74.7603
-74.767
-74.7761
-74.7831
-74.7869
-74.7869
-74.7834
-74.7763
-74.7675
-74.7609
-74.7577
-74.7591
-74.7637
-74.7711
-74.7776
-74.7816
-74.7824
-74.7798
-74.7744
-74.7668
-74.7604
-74.7558
-74.7556
-74.7586
-74.7635
-74.7697
-74.7745
-74.7767
-74.7765
-74.7733
-74.7685
-74.7624
-74.7569
-74.7541
-74.755
-74.7573
-74.7601
-74.7642
-74.7678
-74.7692
-74.7688
-74.7669
-74.763
-74.7595
-74.7552
-74.7528
-74.7539
-74.7551
-74.7569
-74.759
-74.7613
-74.7623
-74.7623
-74.7616
-74.7597
-74.7564
-74.7532
-74.7506
-74.7502
-74.7506
-74.7508
-74.7519
-74.7532
-74.754
-74.7542
-74.755
-74.7549
-74.7541
-74.7521
-74.7495
-74.7488
-74.7489
-74.7483
-74.7469
-74.7472
-74.7478
-74.7477
-74.7468
-74.7459
-74.7462
-74.7463
-74.746
-74.7445
-74.7437
-74.7448
-74.7446
-74.7425
-74.7422
-74.7421
-74.742
-74.7416
-74.7406
-74.7386
-74.7385
-74.7389
-74.7399
-74.74
-74.7402
-74.7407
-74.7401
-74.7377
-74.7363
-74.736
-74.7356
-74.7334
-74.7322
-74.7304
-74.728
-74.7288
-74.73
-74.7314
-74.7333
-74.7352
-74.7352
-74.7331
-74.7309
-74.7306
-74.7317
-74.7313
-74.7286
-74.7256
-74.7227
-74.7211
-74.7196
-74.7212
-74.723
-74.7249
-74.7273
-74.7273
-74.7243
-74.7215
-74.7199
-74.7222
-74.7243
-74.7236
-74.7207
-74.7155
-74.7131
-74.7124
-74.7104
-74.7098
-74.7132
-74.7171
-74.7178
-74.7184
-74.7161
-74.713
-74.7112
-74.7119
-74.7151
-74.7179
-74.7168
-74.7127
-74.7075
-74.7059
-74.7053
-74.7022
-74.6995
-74.6994
-74.7014
-74.7026
-74.7038
-74.7027
-74.7003
-74.6987
-74.6983
-74.7013
-74.7057
-74.7072
-74.7055
-74.7031
-74.7014
-74.698
-74.696
-74.6946
-74.6922
-74.6911
-74.688
-74.6857
-74.6885
-74.6886
-74.6874
-74.6859
-74.6853
-74.6861
-74.6907
-74.6945
-74.6961
-74.6951
-74.6964
-74.6937
-74.6871
-74.6823
-74.6821
-74.6819
-74.678
-74.6734
-74.6671
-74.6641
-74.6668
-74.6682
-74.6672
-74.6662
-74.6673
-74.6692
-74.6717
-74.676
-74.6808
-74.6856
-74.6876
-74.6843
-74.6785
-74.6732
-74.6717
-74.672
-74.6713
-74.666
-74.6562
-74.6487
-74.6453
-74.6444
-74.6436
-74.6443
-74.646
-74.649
-74.651
-74.6514
-74.6531
-74.6587
-74.6661
-74.671
-74.67
-74.6661
-74.6613
-74.6574
-74.6555
-74.6559
-74.6537
-74.648
-74.6407
-74.6307
-74.6224
-74.6192
-74.6174
-74.6147
-74.6136
-74.6148
-74.6187
-74.6239
-74.627
-74.6311
-74.6366
-74.6418
-74.6475
-74.6491
-74.6466
-74.6447
-74.6446
-74.6442
-74.644
-74.6403
-74.6335
-74.6287
-74.622
-74.6126
-74.6046
-74.5974
-74.5922
-74.5907
-74.5868
-74.5835
-74.5836
-74.5864
-74.588
-74.5904
-74.5955
-74.6036
-74.6127
-74.6204
-74.6232
-74.6229
-74.621
-74.6174
-74.6171
-74.6168
-74.6151
-74.6136
-74.6083
-74.5995
-74.5925
-74.5846
-74.5764
-74.5704
-74.5638
-74.5576
-74.5503
-74.5502
-74.5505
-74.551
-74.5474
-74.5445
-74.5467
-74.5514
-74.5546
-74.5547
-74.5571
-74.5639
-74.5769
-74.5882
-74.5947
-74.5947
-74.5934
-74.5946
-74.595
-74.5922
-74.5886
-74.583
-74.5746
-74.5638
-74.5524
-74.5392
-74.5288
-74.5228
-74.5203
-74.5176
-74.5101
-74.4995
-74.4969
-74.5006
-74.5039
-74.5066
-74.5049
-74.5046
-74.505
-74.5036
-74.5027
-74.502
-74.5043
-74.5089
-74.5137
-74.5171
-74.5251
-74.5329
-74.5393
-74.548
-74.5553
-74.5625
-74.5649
-74.562
-74.5542
-74.5434
-74.5295
-74.513
-74.4973
-74.488
-74.481
-74.4695
-74.4579
-74.4517
-74.444
-74.4339
-74.427
-74.4216
-74.4175
-74.4155
-74.4167
-74.4201
-74.4233
-74.4249
-74.4242
-74.4235
-74.4274
-74.4332
-74.4387
-74.4401
-74.4378
-74.4373
-74.437
-74.4361
-74.4378
-74.4417
-74.4499
-74.4637
-74.4726
-74.4799
-74.4887
-74.491
-74.4909
-74.4905
-74.4914
-74.4915
-74.4871
-74.4758
-74.4622
-74.4468
-74.432
-74.4212
-74.408
-74.3922
-74.3749
-74.3585
-74.3419
-74.3314
-74.3311
-74.3323
-74.3283
-74.3232
-74.3145
-74.3081
-74.3053
-74.3093
-74.3135
-74.3132
-74.307
-74.302
-74.299
-74.2975
-74.2987
-74.3092
-74.3183
-74.3202
-74.3223
-74.3252
-74.3265
-74.3273
-74.3259
-74.3264
-74.3268
-74.3283
-74.3338
-74.3357
-74.3372
-74.3499
-74.3741
-74.3924
-74.4003
-74.4016
-74.3983
-74.3914
-74.382
-74.3708
-74.3596
-74.3486
-74.3418
-74.3398
-74.339
-74.3346
-74.3236
-74.3109
-74.3054
-74.3005
-74.2945
-74.2849
-74.2713
-74.2603
-74.256
-74.2512
-74.2415
-74.2303
-74.2147
-74.1941
-74.1696
-74.1452
-74.128
-74.1197
-74.1151
-74.1107
-74.1102
-74.1091
-74.1065
-74.102
-74.1016
-74.1081
-74.1151
-74.1182
-74.115
-74.111
-74.1079
-74.1026
-74.0933
-74.0858
-74.0853
-74.0854
-74.0889
-74.0949
-74.1014
-74.1111
-74.1169
-74.118
-74.1138
-74.1056
-74.0951
-74.086
-74.0841
-74.0861
-74.0855
-74.0828
-74.0819
-74.0844
-74.0973
-74.1135
-74.1284
-74.1446
-74.1562
-74.1625
-74.1766
-74.1916
-74.2014
-74.2016
-74.1947
-74.1855
-74.1798
-74.1725
-74.1653
-74.1631
-74.1642
-74.16
-74.151
-74.1388
-74.1256
-74.1112
-74.0971
-74.0843
-74.0674
-74.0498
-74.0333
-74.0209
-74.0147
-74.0126
-74.0125
-74.0162
-74.0225
-74.0236
-74.0173
-74.0111
-74.0066
-74.009
-74.0119
-74.0173
-74.0161
-74.0086
-74.0007
-73.9942
-73.9898
-73.9873
-73.9877
-73.9852
-73.975
-73.9583
-73.9402
-73.9217
-73.9
-73.8781
-73.8575
-73.8344
-73.8091
-73.787
-73.7644
-73.7419
-73.7265
-73.7118
-73.6943
-73.6786
-73.6608
-73.6452
-73.6327
-73.6267
-73.6247
-73.6246
-73.619
-73.6061
-73.5902
-73.5767
-73.5667
-73.5547
-73.5409
-73.5371
-73.5483
-73.5601
-73.5624
-73.5551
-73.5409
-73.5302
-73.5281
-73.5279
-73.5213
-73.5082
-73.4964
-73.4839
-73.4723
-73.4672
-73.4614
-73.4497
-73.4336
-73.4211
-73.4072
-73.3894
-73.3723
-73.375
-73.3911
-73.409
-73.4236
-73.4345
-73.4385
-73.4344
-73.4307
-73.4233
-73.4102
-73.3926
-73.3716
-73.3483
-73.3233
-73.297
-73.2698
-73.2419
-73.2135
-73.1911
-73.1748
-73.1654
-73.1622
-73.1642
-73.171
-73.1854
-73.1975
-73.1997
-73.1931
-73.1803
-73.1639
-73.1532
-73.1456
-73.1507
-73.1678
-73.1775
-73.177
-73.1686
-73.1545
-73.1367
-73.1162
-73.0938
-73.0701
-73.0454
-73.0199
-72.9939
-72.9675
-72.9408
-72.9139
-72.887
-72.8599
-72.8329
-72.8059
-72.779
-72.7522
-72.7256
-72.6991
-72.6728
-72.6466
-72.6207
-72.595
-72.5695
-72.5443
-72.5192
-72.4944
-72.4699
-72.4456
-72.4215
-72.4028
-72.3965
-72.3901
-72.3798
-72.3662
-72.3501
-72.3324
-72.3237
-72.3232
-72.3195
-72.3113
-72.2995
-72.2851
-72.2691
-72.2519
-72.2339
-72.2154
-72.1965
-72.1774
-72.1582
-72.1389
-72.1196
-72.1004
-72.0812
-72.0621
-72.0431
-72.0243
-72.0056
-71.987
-71.9686
-71.9504
-71.9324
-71.9147
-71.9108
-71.9157
-71.9171
-71.9136
-71.9063
-71.8963
-71.8846
-71.8716
-71.8579
-71.8436
-71.8289
-71.814
-71.799
-71.7839
-71.7687
-71.7536
-71.7385
-71.7235
-71.7085
-71.6937
-71.679
-71.6644
-71.6499
-71.6356
-71.6214
-71.6074
-71.5935
-71.5797
-71.5661
-71.5527
-71.5394
-71.5263
-71.5133
-71.5004
-71.4877
-71.4752
-71.4628
-71.4506
-71.4385
-71.4265
-71.4147
-71.4031
-71.3916
-71.3802
-71.369
-71.3579
-71.347
-71.3361
-71.3255
-71.3149
-71.3045
-71.2943
-71.2841
-71.2741
-71.2643
-71.2545
-71.2449
-71.2354
-71.226
-71.2168
-71.2076
-71.1986
-71.1897
-71.1809
-71.1723
-71.1637
-71.1553
-71.1469
-71.1387
-71.1306
-71.1226
-71.1147
-71.1069
-71.0992
-71.0916
-71.0841
-71.0767
-71.0694
-71.0622
-71.0551
-71.0481
-71.0411
-71.0343
-71.0276
-71.0209
-71.0144
-71.0079
-71.0016
-70.9953
-70.9891
-70.983
-70.9769
-70.971
-70.9651
-70.9593
-70.9536
-70.948
-70.9424
-70.937
-70.9316
-70.9262
-70.921
-70.9158
-70.9107
-70.9057
-70.9007
-70.8958
-70.891
-70.8863
-70.8816
-70.877
-70.8724
-70.8679
-70.8635
-70.8591
-70.8548
-70.8506
-70.8464
-70.8423
-70.8383
-70.8343
-70.8303
-70.8265
-70.8227
-70.8189
-70.8152
-70.8115
-70.8079
-70.8044
-70.8009
-70.7975
-70.7941
-70.7907
-70.7875
-70.7842
-70.781
-70.7779
-70.7748
-70.7718
-70.7688
-70.7658
-70.7629
-70.7601
-70.7573
-70.7545
-70.7518
-70.7491
-70.7464
-70.7438
-70.7413
-70.7388
-70.7363
-70.7339
-70.7315
-70.7291
-70.7268
-70.7245
-70.7223
-70.72
-70.7179
-70.7157
-70.7136
-70.7116
-70.7095
-70.7075
-70.7056
-70.7036
-70.7018
-70.6999
-70.6981
-70.6962
-70.6945
-70.6927
-70.691
-70.6893
-70.6877
-70.6861
-70.6845
-70.6829
-70.6814
-70.6799
-70.6784
-70.6769
-70.6755
-70.6741
-70.6727
-70.6714
-70.67
-70.6687
-70.6675
-70.6662
-70.665
-70.6638
-70.6626
-70.6614
-70.6603
-70.6592
-70.6581
-70.657
-70.656
-70.6549
-70.6539
-70.6529
-70.652
-70.651
-70.6501
-70.6492
-70.6483
-70.6474
-70.6465
-70.6457
-70.6449
-70.6441
-70.6433
-70.6425
-70.6418
-70.641
-70.6403
-70.6396
-70.6389
-70.6383
-70.6376
-70.637
-70.6364
-70.6357
-70.6352
-70.6346
-70.634
-70.6335
-70.6329
-70.6324
-70.6319
-70.6314
-70.6309
-70.6304
-70.63
-70.6295
-70.6291
-70.6287
-70.6282
-70.6278
-70.6275
-70.6271
-70.6267
-70.6264
-70.626
-70.6257
-70.6254
-70.625
-70.6247
-70.6244
-70.6242
-70.6239
-70.6236
-70.6234
-70.6231
-70.6229
-70.6227
-70.6224
-70.6222
-70.622
-70.6218
-70.6216
-70.6215
-70.6213
-70.6211
-70.621
-70.6208
-70.6207
-70.6205
-70.6204
-70.6203
-70.6202
-70.6201
-70.62
-70.6199
-70.6198
-70.6197
-70.6197
-70.6196
-70.6195
-70.6195
-70.6194
-70.6194
-70.6193
-70.6193
-70.6193
-70.6192
-70.6192
-70.6192
-70.6192
-70.6192
-70.6192
-70.6192
-70.6192
-70.6192
-70.6193
-70.6193
-70.6193
-70.6193
-70.6194
-70.6194
-70.6195
-70.6195
-70.6196
-70.6196
-70.6197
-70.6197
-70.6198
-70.6199
-70.62
-70.62
-70.6201
-70.6202
-70.6203
-70.6204
-70.6205
-70.6206
-70.6206
-70.6207
-70.6209
-70.621
-70.6211
-70.6212
-70.6213
-70.6214
-70.6215
-70.6216
-70.6218
-70.6219
-70.622
-70.6221
-70.6223
-70.6224
-70.6225
-70.6227
-70.6228
-70.6229
-70.6231
-70.6232
-70.6234
-70.6235
-70.6237
-70.6238
-70.624
-70.6241
-70.6243
-70.6244
-70.6246
-70.6247
-70.6249
-70.625
-70.6252
-70.6254
-70.6255
-70.6257
-70.6258
-70.626
-70.6262
-70.6263
-70.6265
-70.6267
-70.6268
-70.627
-70.6272
-70.6273
-70.6275
-70.6277
-70.6279
-70.628
-70.6282
-70.6284
-70.6285
-70.6287
-70.6289
-70.6291
-70.6292
-70.6294
-70.6296
-70.6298
-70.63
-70.6301
-70.6303
-70.6305
-70.6307
-70.6308
-70.631
-70.6312
-70.6314
-70.6315
-70.6317
-70.6319
-70.6321
-70.6323
-70.6324
-70.6326
-70.6328
-70.633
-70.6331
-70.6333
-70.6335
-70.6337
-70.6339
-70.634
-70.6342
-70.6344
-70.6346
-70.6347
-70.6349
-70.6351
-70.6353
-70.6354
-70.6356
-70.6358
-70.636
-70.6361
-70.6363
-70.6365
-70.6366
-70.6368
-70.637
-70.6372
-70.6373
-70.6375
-70.6377
-70.6378
-70.638
-70.6382
-70.6383
-70.6385
-70.6387
-70.6388
-70.639
-70.6392
-70.6393
-70.6395
-70.6397
-70.6398
-70.64
-70.6402
-70.6403
-70.6405
-70.6406
-70.6408
-70.641
-70.6411
-70.6413
-70.6414
-70.6416
-70.6417
-70.6419
-70.6421
-70.6422
-70.6424
-70.6425
-70.6427
-70.6428
-70.643
-70.6431
-70.6433
-70.6434
-70.6436
-70.6437
-70.6439

