-70
-70.1661
-70.23
-70.2566
-70.2695
-70.2773
-70.283
-70.2879
-70.2925
-70.297
-70.3014
-70.3057
-70.31
-70.3142
-70.3185
-70.3226
-70.3268
-70.3309
-70.335
-70.3391
-70.3431
-70.3471
-70.351
-70.3549
-70.3588
-70.3626
-70.3664
-70.3701
-70.3738
-70.3775
-70.3811
-70.3847
-70.3883
-70.3918
-70.3953
-70.3987
-70.4021
-70.4055
-70.4088
-70.4121
-70.4154
-70.4186
-70.4218
-70.4249
-70.428
-70.4311
-70.4341
-70.4372
-70.4401
-70.4431
-70.446
-70.4489
-70.4517
-70.4545
-70.4573
-70.4601
-70.4628
-70.4655
-70.4682
-70.4708
-70.4734
-70.476
-70.4785
-70.481
-70.4835
-70.486
-70.4884
-70.4908
-70.4932
-70.4955
-70.4978
-70.5001
-70.5024
-70.5046
-70.5068
-70.509
-70.5112
-70.5133
-70.5154
-70.5175
-70.5196
-70.5216
-70.5236
-70.5256
-70.5276
-70.5295
-70.5315
-70.5334
-70.5352
-70.5371
-70.5389
-70.5407
-70.5425
-70.5443
-70.5461
-70.5478
-70.5495
-70.5512
-70.5528
-70.5545
-70.5561
-70.5577
-70.5593
-70.5609
-70.5624
-70.5639
-70.5655
-70.5669
-70.5684
-70.5699
-70.5713
-70.5727
-70.5741
-70.5755
-70.5769
-70.5782
-70.5796
-70.5809
-70.5822
-70.5835
-70.5848
-70.586
-70.5873
-70.5885
-70.5897
-70.5909
-70.5921
-70.5932
-70.5944
-70.5955
-70.5966
-70.5977
-70.5988
-70.5999
-70.601
-70.602
-70.603
-70.6041
-70.6051
-70.6061
-70.6071
-70.608
-70.609
-70.6099
-70.6109
-70.6118
-70.6127
-70.6136
-70.6145
-70.6154
-70.6162
-70.6171
-70.6179
-70.6187
-70.6196
-70.6204
-70.6212
-70.622
-70.6227
-70.6235
-70.6242
-70.625
-70.6257
-70.6265
-70.6272
-70.6279
-70.6286
-70.6293
-70.6299
-70.6306
-70.6313
-70.6319
-70.6325
-70.6332
-70.6338
-70.6344
-70.635
-70.6356
-70.6362
-70.6368
-70.6374
-70.6379
-70.6385
-70.639
-70.6396
-70.6401
-70.6406
-70.6411
-70.6417
-70.6422
-70.6427
-70.6431
-70.6436
-70.6441
-70.6446
-70.645
-70.6455
-70.6459
-70.6464
-70.6468
-70.6472
-70.6476
-70.6481
-70.6485
-70.6489
-70.6493
-70.6497
-70.65
-70.6504
-70.6508
-70.6512
-70.6515
-70.6519
-70.6522
-70.6526
-70.6529
-70.6533
-70.6536
-70.6539
-70.6542
-70.6545
-70.6549
-70.6552
-70.6555
-70.6558
-70.656
-70.6563
-70.6566
-70.6569
-70.6572
-70.6574
-70.6577
-70.658
-70.6582
-70.6585
-70.6587
-70.6589
-70.6592
-70.6594
-70.6597
-70.6599
-70.6601
-70.6603
-70.6605
-70.6607
-70.661
-70.6612
-70.6614
-70.6616
-70.6617
-70.6619
-70.6621
-70.6623
-70.6625
-70.6627
-70.6628
-70.663
-70.6632
-70.6633
-70.6635
-70.6637
-70.6638
-70.664
-70.6641
-70.6643
-70.6644
-70.6646
-70.6647
-70.6648
-70.665
-70.6651
-70.6652
-70.6653
-70.6655
-70.6656
-70.6657
-70.6658
-70.6659
-70.666
-70.6662
-70.6663
-70.6664
-70.6665
-70.6666
-70.6667
-70.6668
-70.6669
-70.667
-70.667
-70.6671
-70.6672
-70.6673
-70.6674
-70.6675
-70.6675
-70.6676
-70.6677
-70.6678
-70.6678
-70.6679
-70.668
-70.668
-70.6681
-70.6682
-70.6682
-70.6683
-70.6683
-70.6684
-70.6685
-70.6685
-70.6686
-70.6686
-70.6687
-70.6687
-70.6688
-70.6688
-70.6688
-70.6689
-70.6689
-70.669
-70.669
-70.669
-70.6691
-70.6691
-70.6691
-70.6692
-70.6692
-70.6692
-70.6693
-70.6693
-70.6693
-70.6694
-70.6694
-70.6694
-70.6694
-70.6694
-70.6695
-70.6695
-70.6695
-70.6695
-70.6695
-70.6696
-70.6696
-70.6696
-70.6696
-70.6696
-70.6696
-70.6696
-70.6697
-70.6697
-70.6697
-70.6697
-70.6697
-70.6697
-70.6697
-70.6697
-70.6697
-70.6697
-70.6697
-70.6697
-70.6697
-70.6697
-70.6697
-70.6697
-70.6697
-70.6697
-70.6697
-70.6697
-70.6697
-70.6697
-70.6697
-70.6697
-70.6697
-70.6697
-70.6697
-70.6697
-70.6697
-70.6697
-70.6697
-70.6697
-70.6697
-70.6697
-70.6697
-70.6696
-70.6696
-70.6696
-70.6696
-70.6696
-70.6696
-70.6696
-70.6696
-70.6696
-70.6695
-70.6695
-70.6695
-70.6695
-70.6695
-70.6695
-70.6695
-70.6695
-70.6694
-70.6694
-70.6694
-70.6694
-70.6694
-70.6694
-70.6693
-70.6693
-70.6693
-70.6693
-70.6693
-70.6693
-70.6693
-70.6692
-70.6692
-70.6692
-70.6692
-70.6692
-70.6691
-70.6691
-70.6691
-70.6691
-70.6691
-70.6691
-70.669
-70.669
-70.669
-70.669
-70.669
-70.6689
-70.6689
-70.6689
-70.6689
-70.6689
-70.6688
-70.6688
-70.6688
-70.6688
-70.6688
-70.6687
-70.6687
-70.6687
-70.6687
-70.6686
-70.6686
-70.6686
-70.6686
-70.6686
-70.6685
-70.6685
-70.6685
-70.6685
-70.6685
-70.6684
-62.0793
-53.3285
-50.7992
-49.0867
-46.7349
-36.5433
-7.00428
-35.7435
-66.7057
-68.6028
-67.6132
-66.5512
-65.4706
-64.3898
-63.3261
-62.2961
-61.3142
-60.3921
-59.5386
-58.7801
-58.1636
-57.6434
-57.1901
-56.7906
-56.4447
-56.1587
-55.2288
-54.7251
-54.4333
-54.2345
-54.0881
-53.9766
-53.8912
-53.8265
-53.7789
-53.7457
-53.7247
-53.7138
-53.7118
-53.72
-53.739
-53.7661
-53.787
-53.5579
-53.4341
-53.3951
-53.3876
-53.3917
-53.4002
-53.4052
-53.4008
-53.3939
-53.39
-53.3911
-53.395
-53.4001
-53.3998
-53.3999
-53.4021
-53.4037
-53.4024
-53.4028
-53.4049
-53.405
-53.4041
-53.4048
-53.4069
-53.4097
-53.413
-53.4168
-53.4196
-53.4165
-53.4105
-53.4071
-53.4066
-53.4076
-53.4096
-53.412
-53.4148
-53.4178
-53.4211
-53.4245
-53.4281
-53.4256
-53.4203
-53.418
-53.4179
-53.4191
-53.4208
-53.4166
-53.4133
-53.4122
-53.4127
-53.4139
-53.4156
-53.4176
-53.4194
-53.4211
-53.4226
-53.4239
-53.4164
-53.4096
-53.4057
-53.4031
-53.4006
-53.397
-53.3905
-53.3766
-53.3286
-52.9578
-52.7926
-52.8619
-52.9651
-53.0516
-53.1142
-53.1565
-53.1851
-53.2058
-53.2228
-53.2392
-53.2571
-53.2783
-53.305
-53.3394
-53.3837
-53.4389
-53.4999
-53.4847
-53.4722
-53.4684
-53.47
-53.4755
-53.4837
-53.491
-53.4721
-53.46
-53.4566
-53.4583
-53.4631
-53.4699
-53.4784
-53.4882
-53.4994
-53.5118
-53.5256
-53.5409
-53.5575
-53.5758
-53.5958
-53.6176
-53.6415
-53.6675
-53.6959
-53.7269
-53.7609
-53.7979
-53.8384
-53.8825
-53.9305
-53.9827
-54.0393
-54.1009
-54.1676
-53.7104
-53.4794
-53.4174
-53.411
-53.4227
-53.4401
-53.4591
-53.4785
-53.4979
-53.5174
-53.537
-53.557
-53.5776
-53.599
-53.6215
-53.6454
-53.6708
-53.698
-53.7273
-53.7589
-53.7931
-53.8301
-53.8702
-53.9137
-53.9607
-54.013
-54.0723
-54.1393
-54.2111
-54.2862
-54.3652
-54.4493
-54.5391
-54.6351
-54.7377
-54.8484
-54.9721
-55.1071
-55.2537
-55.4065
-55.5649
-55.7302
-55.9031
-53.8641
-53.224
-53.1119
-53.1343
-53.1874
-53.2426
-53.2924
-53.3358
-53.3734
-53.4065
-53.4361
-53.463
-53.4881
-53.512
-53.536
-53.5603
-53.5857
-53.6116
-53.638
-53.6653
-53.694
-53.7245
-53.7571
-53.7922
-53.8299
-53.8728
-53.9205
-53.9743
-54.0321
-54.0926
-54.1564
-54.2242
-54.2962
-54.3731
-54.4552
-54.5429
-54.6391
-54.7491
-54.8698
-55.0023
-55.1387
-55.2788
-55.4238
-55.5742
-55.7307
-55.8937
-56.0633
-56.2397
-56.4343
-56.6472
-56.8785
-57.1175
-54.6342
-53.1708
-52.8961
-52.9076
-52.9873
-53.0732
-53.1285
-53.1764
-53.2205
-53.2594
-53.2929
-53.3216
-53.346
-53.3669
-53.3851
-53.4013
-53.416
-53.4296
-53.4424
-53.4549
-53.4673
-53.4806
-53.4945
-53.5097
-53.5253
-53.5414
-53.5583
-53.5762
-53.5955
-53.6162
-53.6389
-53.6654
-53.6943
-53.7274
-53.7635
-53.8015
-53.842
-53.8855
-53.9324
-53.9832
-53.6543
-53.4289
-53.3736
-53.3692
-53.3797
-53.394
-53.4086
-53.4227
-53.4362
-53.4493
-53.4621
-53.4749
-53.488
-53.5016
-53.5169
-53.5348
-53.5571
-53.5811
-53.6049
-53.6291
-53.6544
-53.6813
-53.7111
-53.7513
-53.8085
-53.8988
-54.0188
-54.1441
-54.2583
-54.3655
-54.4723
-54.5845
-54.7252
-54.9314
-55.1854
-55.4816
-55.7779
-56.0501
-56.3036
-56.5512
-56.8058
-57.073
-57.3731
-57.7445
-58.1628
-58.6161
-59.0784
-59.5278
-59.9625
-60.3883
-60.8165
-61.2512
-61.7041
-62.2011
-62.742
-63.3174
-63.8896
-64.4375
-64.9597
-65.4549
-65.9271
-66.3835
-66.8303
-67.2879
-67.7615
-68.242
-68.7172
-69.1634
-69.5731
-69.9477
-70.2883
-70.6008
-70.8909
-71.1706
-71.4489
-71.726
-71.9976
-72.2538
-72.4852
-72.6897
-72.8706
-73.0291
-73.1686
-73.2956
-73.4184
-73.5376
-73.6568
-73.7734
-73.8809
-73.9769
-74.0585
-74.1292
-74.1894
-74.2394
-74.2838
-74.3275
-74.37
-74.414
-74.4583
-74.4996
-74.5359
-74.5662
-74.5906
-74.6104
-74.6254
-74.6374
-74.6499
-74.663
-74.6771
-74.6945
-74.7108
-74.7262
-74.7377
-74.7459
-74.7515
-74.7548
-74.7562
-74.757
-74.7581
-74.761
-74.7663
-74.7735
-74.7798
-74.7868
-74.7908
-74.7918
-74.7914
-74.79
-74.7883
-74.7871
-74.7857
-74.7854
-74.7877
-74.7912
-74.7939
-74.7978
-74.8
-74.7985
-74.7953
-74.7919
-74.7893
-74.7873
-74.7856
-74.7845
-74.7854
-74.7871
-74.789
-74.7912
-74.7937
-74.7943
-74.7913
-74.7877
-74.784
-74.7806
-74.7795
-74.7787
-74.7784
-74.7795
-74.7799
-74.7799
-74.7811
-74.7828
-74.7831
-74.7802
-74.7756
-74.7718
-74.7683
-74.7668
-74.7669
-74.7678
-74.769
-74.7705
-74.7702
-74.7706
-74.7722
-74.7726
-74.7719
-74.7687
-74.7638
-74.7604
-74.7573
-74.7557
-74.7547
-74.7557
-74.7567
-74.7581
-74.7572
-74.7565
-74.7581
-74.7591
-74.7581
-74.7563
-74.7526
-74.7483
-74.7462
-74.7456
-74.7442
-74.7442
-74.7448
-74.7456
-74.7467
-74.7455
-74.7445
-74.7467
-74.7481
-74.7476
-74.7446
-74.7403
-74.7355
-74.7325
-74.7326
-74.7328
-74.7322
-74.7309
-74.7286
-74.7285
-74.7293
-74.7283
-74.7291
-74.7318
-74.7343
-74.7339
-74.7317
-74.7283
-74.7243
-74.7213
-74.7202
-74.7225
-74.7235
-74.7209
-74.7175
-74.7138
-74.7143
-74.7146
-74.7132
-74.7146
-74.7165
-74.7168
-74.7175
-74.7175
-74.7144
-74.7104
-74.7075
-74.7056
-74.705
-74.7059
-74.7045
-74.7005
-74.6965
-74.6967
-74.6971
-74.6956
-74.6966
-74.6992
-74.7002
-74.7013
-74.7029
-74.7031
-74.7007
-74.6988
-74.6985
-74.6966
-74.6936
-74.6906
-74.6898
-74.6876
-74.6814
-74.6768
-74.6775
-74.6768
-74.6744
-74.6744
-74.6792
-74.6835
-74.6859
-74.6847
-74.6809
-74.6776
-74.6775
-74.6803
-74.6808
-74.6771
-74.6729
-74.6702
-74.6685
-74.6665
-74.6618
-74.6587
-74.6556
-74.6527
-74.6498
-74.6516
-74.6605
-74.6671
-74.6699
-74.669
-74.6658
-74.664
-74.6628
-74.6611
-74.6619
-74.662
-74.6603
-74.6561
-74.6511
-74.6453
-74.6408
-74.6406
-74.6385
-74.6342
-74.6269
-74.6215
-74.6239
-74.6304
-74.6361
-74.6414
-74.6409
-74.6393
-74.6391
-74.6407
-74.6422
-74.6408
-74.6374
-74.634
-74.6337
-74.6301
-74.6247
-74.6219
-74.6204
-74.6177
-74.613
-74.6087
-74.6067
-74.6033
-74.6029
-74.6039
-74.6033
-74.6074
-74.6113
-74.6125
-74.6122
-74.6137
-74.6164
-74.6191
-74.6222
-74.6255
-74.6235
-74.6151
-74.6065
-74.6014
-74.5974
-74.5934
-74.5882
-74.5822
-74.5754
-74.5717
-74.5675
-74.5646
-74.5678
-74.5748
-74.577
-74.5747
-74.5705
-74.5685
-74.5689
-74.5716
-74.5743
-74.5753
-74.5784
-74.5822
-74.5872
-74.5885
-74.5875
-74.5836
-74.5779
-74.5732
-74.567
-74.5609
-74.5579
-74.5548
-74.5495
-74.5428
-74.5327
-74.5227
-74.5175
-74.5209
-74.5236
-74.5266
-74.5279
-74.5273
-74.5283
-74.528
-74.5264
-74.529
-74.5307
-74.5349
-74.5409
-74.5481
-74.552
-74.5546
-74.555
-74.5538
-74.5502
-74.5452
-74.5411
-74.5383
-74.5338
-74.5243
-74.5124
-74.5035
-74.4997
-74.4981
-74.4953
-74.487
-74.4775
-74.4709
-74.4687
-74.4669
-74.4621
-74.4549
-74.4516
-74.4502
-74.447
-74.4425
-74.4397
-74.4459
-74.4565
-74.4718
-74.482
-74.4871
-74.4912
-74.4905
-74.4941
-74.5032
-74.5064
-74.5034
-74.4991
-74.4924
-74.4846
-74.478
-74.4706
-74.4647
-74.4597
-74.4524
-74.443
-74.438
-74.4315
-74.4266
-74.4194
-74.4135
-74.4093
-74.4099
-74.4089
-74.402
-74.3934
-74.3811
-74.3684
-74.3571
-74.3497
-74.3473
-74.344
-74.3432
-74.3494
-74.3579
-74.3637
-74.3664
-74.3658
-74.371
-74.3821
-74.3916
-74.3973
-74.4088
-74.4247
-74.433
-74.4391
-74.442
-74.4409
-74.437
-74.4308
-74.4256
-74.4198
-74.4105
-74.3984
-74.3851
-74.3695
-74.3518
-74.3322
-74.3265
-74.3308
-74.3375
-74.3502
-74.3562
-74.3565
-74.3535
-74.3493
-74.3393
-74.3256
-74.3109
-74.2921
-74.276
-74.2661
-74.2558
-74.2475
-74.2372
-74.2221
-74.2075
-74.1981
-74.1912
-74.1873
-74.1846
-74.182
-74.182
-74.185
-74.1892
-74.1947
-74.205
-74.2152
-74.2223
-74.2301
-74.2413
-74.2571
-74.2692
-74.2797
-74.2898
-74.3011
-74.3094
-74.3104
-74.307
-74.3014
-74.2976
-74.2968
-74.2963
-74.2937
-74.2847
-74.2691
-74.2525
-74.2391
-74.2323
-74.2269
-74.2236
-74.2167
-74.2099
-74.2071
-74.2097
-74.2128
-74.2112
-74.2086
-74.2079
-74.2091
-74.2056
-74.1995
-74.1889
-74.1754
-74.1602
-74.1425
-74.1278
-74.1206
-74.113
-74.099
-74.0852
-74.0724
-74.0591
-74.0467
-74.0333
-74.0155
-73.9973
-73.9799
-73.9726
-73.972
-73.978
-73.9786
-73.9701
-73.9541
-73.9356
-73.9223
-73.9151
-73.907
-73.8996
-73.8957
-73.887
-73.8827
-73.8915
-73.8992
-73.8975
-73.8951
-73.8956
-73.9078
-73.9388
-73.9715
-74.0036
-74.0285
-74.0462
-74.0554
-74.0614
-74.0667
-74.0698
-74.0664
-74.0563
-74.0535
-74.0523
-74.048
-74.0423
-74.0364
-74.0289
-74.0215
-74.0175
-74.0189
-74.0208
-74.0218
-74.0216
-74.0157
-74.0067
-73.9975
-73.9949
-73.9937
-73.9895
-73.9785
-73.9616
-73.9465
-73.9378
-73.9295
-73.9248
-73.9244
-73.9262
-73.9275
-73.9294
-73.9286
-73.9295
-73.934
-73.9369
-73.938
-73.9355
-73.9269
-73.9156
-73.9115
-73.9114
-73.9048
-73.8969
-73.8929
-73.8875
-73.8766
-73.865
-73.8495
-73.8294
-73.8059
-73.7851
-73.7646
-73.7413
-73.7153
-73.6873
-73.6578
-73.628
-73.6092
-73.6022
-73.5926
-73.5775
-73.5654
-73.5584
-73.5496
-73.5487
-73.552
-73.5506
-73.5415
-73.5259
-73.5109
-73.5029
-73.4948
-73.4814
-73.4632
-73.4465
-73.434
-73.4254
-73.4135
-73.3972
-73.3846
-73.3823
-73.3852
-73.3814
-73.3703
-73.3538
-73.3334
-73.3104
-73.2856
-73.2667
-73.2513
-73.2333
-73.2128
-73.1986
-73.1854
-73.1686
-73.1484
-73.1257
-73.1013
-73.0774
-73.0701
-73.0785
-73.0836
-73.0801
-73.0696
-73.054
-73.035
-73.0137
-72.9908
-72.9667
-72.9467
-72.9347
-72.9213
-72.9107
-72.9048
-72.8955
-72.8892
-72.8861
-72.8784
-72.8657
-72.8493
-72.8303
-72.8161
-72.809
-72.7994
-72.7857
-72.7687
-72.7494
-72.7318
-72.7245
-72.7168
-72.705
-72.694
-72.6909
-72.6857
-72.6756
-72.6615
-72.647
-72.6425
-72.638
-72.629
-72.6159
-72.5999
-72.5818
-72.5648
-72.5594
-72.5547
-72.5458
-72.533
-72.5173
-72.4997
-72.4808
-72.461
-72.4405
-72.4197
-72.3985
-72.3772
-72.3558
-72.3344
-72.3131
-72.2917
-72.2705
-72.2494
-72.2284
-72.2075
-72.1868
-72.1663
-72.146
-72.1258
-72.1059
-72.0861
-72.0665
-72.0472
-72.028
-72.0091
-71.9903
-71.9718
-71.9534
-71.9353
-71.9173
-71.8996
-71.8821
-71.8647
-71.8476
-71.8307
-71.8139
-71.7974
-71.781
-71.7649
-71.7501
-71.7526
-71.7605
-71.7638
-71.762
-71.7565
-71.7483
-71.7383
-71.7271
-71.7152
-71.7026
-71.6897
-71.6766
-71.6633
-71.6499
-71.6365
-71.623
-71.6096
-71.5962
-71.5829
-71.5697
-71.5566
-71.5436
-71.5307
-71.5179
-71.5053
-71.4928
-71.4804
-71.4681
-71.456
-71.444
-71.4322
-71.4204
-71.4089
-71.3974
-71.3861
-71.3749
-71.3639
-71.353
-71.3422
-71.3316
-71.3211
-71.3107
-71.3005
-71.2904
-71.2804
-71.2706
-71.2608
-71.2512
-71.2417
-71.2324
-71.2231
-71.214
-71.205
-71.1961
-71.1873
-71.1787
-71.1701
-71.1617
-71.1534
-71.1451
-71.137
-71.129
-71.1211
-71.1133
-71.1056
-71.098
-71.0905
-71.0831
-71.0758
-71.0686
-71.0615
-71.0545
-71.0476
-71.0407
-71.034
-71.0274
-71.0208
-71.0143
-71.0079
-71.0016
-70.9954
-70.9893
-70.9833
-70.9773
-70.9714
-70.9656
-70.9599
-70.9543
-70.9487
-70.9432
-70.9378
-70.9324
-70.9272
-70.922
-70.9169
-70.9118
-70.9069
-70.9019
-70.8971
-70.8923
-70.8876
-70.883
-70.8784
-70.8739
-70.8695
-70.8651
-70.8608
-70.8565
-70.8523
-70.8482
-70.8441
-70.8401
-70.8362
-70.8323
-70.8284
-70.8246
-70.8209
-70.8172
-70.8136
-70.8101
-70.8065
-70.8031
-70.7997
-70.7963
-70.793
-70.7898
-70.7865
-70.7834
-70.7803
-70.7772
-70.7742
-70.7712
-70.7683
-70.7654
-70.7626
-70.7598
-70.757
-70.7543
-70.7517
-70.749
-70.7464
-70.7439
-70.7414
-70.7389
-70.7365
-70.7341
-70.7318
-70.7295
-70.7272
-70.725
-70.7228
-70.7206
-70.7185
-70.7164
-70.7143
-70.7123
-70.7103
-70.7084
-70.7065
-70.7046
-70.7027
-70.7009
-70.6991
-70.6973
-70.6956
-70.6939
-70.6922
-70.6905
-70.6889
-70.6873
-70.6858
-70.6842
-70.6827
-70.6812
-70.6798
-70.6784
-70.677
-70.6756
-70.6742
-70.6729
-70.6716
-70.6703
-70.6691
-70.6678
-70.6666
-70.6654
-70.6643
-70.6631
-70.662
-70.6609
-70.6598
-70.6588
-70.6578
-70.6567
-70.6557
-70.6548
-70.6538
-70.6529
-70.652
-70.6511
-70.6502
-70.6493
-70.6485
-70.6477
-70.6468
-70.6461
-70.6453
-70.6445
-70.6438
-70.6431
-70.6423
-70.6417
-70.641
-70.6403
-70.6397
-70.639
-70.6384
-70.6378
-70.6372
-70.6367
-70.6361
-70.6355
-70.635
-70.6345
-70.634
-70.6335
-70.633
-70.6325
-70.6321
-70.6316
-70.6312
-70.6308
-70.6304
-70.63
-70.6296
-70.6292
-70.6288
-70.6285
-70.6281
-70.6278
-70.6275
-70.6272
-70.6269
-70.6266
-70.6263
-70.626
-70.6258
-70.6255
-70.6252
-70.625
-70.6248
-70.6246
-70.6243
-70.6241
-70.6239
-70.6237
-70.6236
-70.6234
-70.6232
-70.6231
-70.6229
-70.6228
-70.6226
-70.6225
-70.6224
-70.6223
-70.6221
-70.622
-70.6219
-70.6219
-70.6218
-70.6217
-70.6216
-70.6216
-70.6215
-70.6214
-70.6214
-70.6213
-70.6213
-70.6213
-70.6212
-70.6212
-70.6212
-70.6212
-70.6212
-70.6212
-70.6212
-70.6212
-70.6212
-70.6212
-70.6212
-70.6212
-70.6213
-70.6213
-70.6213
-70.6214
-70.6214
-70.6214
-70.6215
-70.6215
-70.6216
-70.6217
-70.6217
-70.6218
-70.6218
-70.6219
-70.622
-70.6221
-70.6222
-70.6222
-70.6223
-70.6224
-70.6225
-70.6226
-70.6227
-70.6228
-70.6229
-70.623
-70.6231
-70.6232
-70.6233
-70.6234
-70.6236
-70.6237
-70.6238
-70.6239
-70.624
-70.6242
-70.6243
-70.6244
-70.6245
-70.6247
-70.6248
-70.6249
-70.6251
-70.6252
-70.6254
-70.6255
-70.6256
-70.6258
-70.6259
-70.6261
-70.6262
-70.6264
-70.6265
-70.6267
-70.6268
-70.627
-70.6271
-70.6273
-70.6274
-70.6276
-70.6278
-70.6279
-70.6281
-70.6282
-70.6284
-70.6286
-70.6287
-70.6289
-70.629
-70.6292
-70.6294
-70.6295
-70.6297
-70.6299
-70.63
-70.6302
-70.6304
-70.6305
-70.6307
-70.6309
-70.631
-70.6312
-70.6314
-70.6315
-70.6317
-70.6319
-70.632
-70.6322
-70.6324
-70.6326
-70.6327
-70.6329
-70.6331
-70.6332
-70.6334
-70.6336
-70.6337
-70.6339
-70.6341
-70.6343
-70.6344
-70.6346
-70.6348
-70.6349
-70.6351
-70.6353
-70.6354
-70.6356
-70.6358
-70.6359
-70.6361
-70.6363
-70.6364
-70.6366
-70.6368
-70.6369
-70.6371
-70.6373
-70.6374
-70.6376
-70.6378
-70.6379
-70.6381
-70.6383
-70.6384
-70.6386
-70.6388
-70.6389
-70.6391
-70.6392
-70.6394
-70.6396
-70.6397
-70.6399
-70.64
-70.6402
-70.6404
-70.6405
-70.6407
-70.6408
-70.641
-70.6411
-70.6413
-70.6414
-70.6416
-70.6417
-70.6419
-70.6421
-70.6422
-70.6424
-70.6425
-70.6427
-70.6428
-70.643
-70.6431
-70.6432
-70.6434
-70.6435
-70.6437
-70.6438
-70.644
-70.6441
-70.6443
-70.6444
-70.6445
-70.6447
-70.6448
-70.645
-70.6451
-70.6452
-70.6454
-70.6455

