-70
-70.1661
-70.23
-70.2566
-70.2695
-70.2773
-70.283
-70.2879
-70.2925
-70.297
-70.3014
-70.3057
-70.31
-70.3142
-70.3185
-70.3226
-70.3268
-70.3309
-70.335
-70.3391
-70.3431
-70.3471
-70.351
-70.3549
-70.3588
-70.3626
-70.3664
-70.3701
-70.3738
-70.3775
-70.3811
-70.3847
-70.3883
-70.3918
-70.3953
-70.3987
-70.4021
-70.4055
-70.4088
-70.4121
-70.4154
-70.4186
-70.4218
-70.4249
-70.428
-70.4311
-70.4341
-70.4372
-70.4401
-70.4431
-70.446
-70.4489
-70.4517
-70.4545
-70.4573
-70.4601
-70.4628
-70.4655
-70.4682
-70.4708
-70.4734
-70.476
-70.4785
-70.481
-70.4835
-70.486
-70.4884
-70.4908
-70.4932
-70.4955
-70.4978
-70.5001
-70.5024
-70.5046
-70.5068
-70.509
-70.5112
-70.5133
-70.5154
-70.5175
-70.5196
-70.5216
-70.5236
-70.5256
-70.5276
-70.5295
-70.5315
-70.5334
-70.5352
-70.5371
-70.5389
-70.5407
-70.5425
-70.5443
-70.5461
-70.5478
-70.5495
-70.5512
-70.5528
-70.5545
-70.5561
-70.5577
-70.5593
-70.5609
-70.5624
-70.5639
-70.5655
-70.5669
-70.5684
-70.5699
-70.5713
-70.5727
-70.5741
-70.5755
-70.5769
-70.5782
-70.5796
-70.5809
-70.5822
-70.5835
-70.5848
-70.586
-70.5873
-70.5885
-70.5897
-70.5909
-70.5921
-70.5932
-70.5944
-70.5955
-70.5966
-70.5977
-70.5988
-70.5999
-70.601
-70.602
-70.603
-70.6041
-70.6051
-70.6061
-70.6071
-70.608
-70.609
-70.6099
-70.6109
-70.6118
-70.6127
-70.6136
-70.6145
-70.6154
-70.6162
-70.6171
-70.6179
-70.6187
-70.6196
-70.6204
-70.6212
-70.622
-70.6227
-70.6235
-70.6242
-70.625
-70.6257
-70.6265
-70.6272
-70.6279
-70.6286
-70.6293
-70.6299
-70.6306
-70.6313
-70.6319
-70.6325
-70.6332
-70.6338
-70.6344
-70.635
-70.6356
-70.6362
-70.6368
-70.6374
-70.6379
-70.6385
-70.639
-70.6396
-70.6401
-70.6406
-70.6411
-70.6417
-70.6422
-70.6427
-70.6431
-70.6436
-70.6441
-70.6446
-70.645
-70.6455
-70.6459
-70.6464
-70.6468
-70.6472
-70.6476
-70.6481
-70.6485
-70.6489
-70.6493
-70.6497
-70.65
-70.6504
-70.6508
-70.6512
-70.6515
-70.6519
-70.6522
-70.6526
-70.6529
-70.6533
-70.6536
-70.6539
-70.6542
-70.6545
-70.6549
-70.6552
-70.6555
-70.6558
-70.656
-70.6563
-70.6566
-70.6569
-70.6572
-70.6574
-70.6577
-70.658
-70.6582
-70.6585
-70.6587
-70.6589
-70.6592
-70.6594
-70.6597
-70.6599
-70.6601
-70.6603
-70.6605
-70.6607
-70.661
-70.6612
-70.6614
-70.6616
-70.6617
-70.6619
-70.6621
-70.6623
-70.6625
-70.6627
-70.6628
-70.663
-70.6632
-70.6633
-70.6635
-70.6637
-70.6638
-70.664
-70.6641
-70.6643
-70.6644
-70.6646
-70.6647
-70.6648
-70.665
-70.6651
-70.6652
-70.6653
-70.6655
-70.6656
-70.6657
-70.6658
-70.6659
-70.666
-70.6662
-70.6663
-70.6664
-70.6665
-70.6666
-70.6667
-70.6668
-70.6669
-70.667
-70.667
-70.6671
-70.6672
-70.6673
-70.6674
-70.6675
-70.6675
-70.6676
-70.6677
-70.6678
-70.6678
-70.6679
-70.668
-70.668
-70.6681
-70.6682
-70.6682
-70.6683
-70.6683
-70.6684
-70.6685
-70.6685
-70.6686
-70.6686
-70.6687
-70.6687
-70.6688
-70.6688
-70.6688
-70.6689
-70.6689
-70.669
-70.669
-70.669
-70.6691
-70.6691
-70.6691
-70.6692
-70.6692
-70.6692
-70.6693
-70.6693
-70.6693
-70.6694
-70.6694
-70.6694
-70.6694
-70.6694
-70.6695
-70.6695
-70.6695
-70.6695
-70.6695
-70.6696
-70.6696
-70.6696
-70.6696
-70.6696
-70.6696
-70.6696
-70.6697
-70.6697
-70.6697
-70.6697
-70.6697
-70.6697
-70.6697
-70.6697
-70.6697
-70.6697
-70.6697
-70.6697
-70.6697
-70.6697
-70.6697
-70.6697
-70.6697
-70.6697
-70.6697
-70.6697
-70.6697
-70.6697
-70.6697
-70.6697
-70.6697
-70.6697
-70.6697
-70.6697
-70.6697
-70.6697
-70.6697
-70.6697
-70.6697
-70.6697
-70.6697
-70.6696
-70.6696
-70.6696
-70.6696
-70.6696
-70.6696
-70.6696
-70.6696
-70.6696
-70.6695
-70.6695
-70.6695
-70.6695
-70.6695
-70.6695
-70.6695
-70.6695
-70.6694
-70.6694
-70.6694
-70.6694
-70.6694
-70.6694
-70.6693
-70.6693
-70.6693
-70.6693
-70.6693
-70.6693
-70.6693
-70.6692
-70.6692
-70.6692
-70.6692
-70.6692
-70.6691
-70.6691
-70.6691
-70.6691
-70.6691
-70.6691
-70.669
-70.669
-70.669
-70.669
-70.669
-70.6689
-70.6689
-70.6689
-70.6689
-70.6689
-70.6688
-70.6688
-70.6688
-70.6688
-70.6688
-70.6687
-70.6687
-70.6687
-70.6687
-70.6686
-70.6686
-70.6686
-70.6686
-70.6686
-70.6685
-70.6685
-70.6685
-70.6685
-70.6685
-70.6684
-70.6684
-70.6684
-70.6684
-70.6684
-70.6683
-70.6683
-70.6683
-70.6683
-70.6682
-70.6682
-70.6682
-70.6682
-70.6682
-70.6681
-70.6681
-70.6681
-70.6681
-70.6681
-70.6776
-70.9761
-71.8646
-72.8276
-68.0753
-54.7157
-51.3646
-49.5772
-47.4817
-41.1444
4.89388
-30.621
-63.011
-68.8066
-67.8749
-66.8165
-65.7338
-64.6458
-63.5703
-62.5244
-61.5235
-60.5811
-59.7073
-58.8357
-58.0503
-57.3664
-56.7494
-56.2104
-55.749
-55.35
-55.0051
-54.7154
-54.4726
-54.2663
-54.0979
-53.9592
-53.8424
-53.7487
-53.6745
-53.6121
-53.5626
-53.525
-53.4957
-53.4702
-53.4511
-53.4377
-53.4252
-53.4156
-53.4095
-53.4061
-53.4044
-53.4004
-53.3978
-53.397
-53.3965
-53.3944
-53.3937
-53.3945
-53.3963
-53.3988
-53.4017
-53.4022
-53.4004
-53.4002
-53.4013
-53.4018
-53.3998
-53.3993
-53.4001
-53.4017
-53.4039
-53.4063
-53.409
-53.4119
-53.4148
-53.4179
-53.4153
-53.4103
-53.4081
-53.4077
-53.4081
-53.4072
-53.4031
-53.4008
-53.3997
-53.399
-53.3983
-53.3969
-53.3943
-53.3891
-53.3779
-53.3435
-53.0474
-52.8163
-52.8674
-52.9675
-53.0549
-53.1188
-53.1622
-53.2377
-53.3249
-53.3636
-53.3788
-53.385
-53.3883
-53.3918
-53.3975
-53.4089
-53.4165
-53.422
-53.4272
-53.4328
-53.4393
-53.447
-53.4561
-53.4667
-53.4785
-53.4917
-53.5063
-53.5224
-53.5403
-53.56
-53.5818
-53.6058
-53.6321
-53.6611
-53.6929
-53.7279
-53.7663
-53.8084
-53.8544
-53.8837
-53.6099
-53.4902
-53.4556
-53.4525
-53.4611
-53.4744
-53.4898
-53.5063
-53.5238
-53.5046
-53.468
-53.4535
-53.4515
-53.4556
-53.4627
-53.4716
-53.4816
-53.4925
-53.5042
-53.5167
-53.5302
-53.5446
-53.5601
-53.5768
-53.5947
-53.614
-53.6348
-53.6574
-53.6818
-53.7083
-53.7374
-53.7704
-53.8065
-53.8451
-53.8866
-53.9314
-53.9798
-54.0321
-53.9897
-53.5676
-53.4287
-53.3972
-53.4003
-53.4138
-53.4302
-53.447
-53.4637
-53.4801
-53.4965
-53.5132
-53.4831
-53.4476
-53.4355
-53.4347
-53.4387
-53.445
-53.4525
-53.4606
-53.4694
-53.4787
-53.489
-53.5
-53.5124
-53.5264
-53.5412
-53.5566
-53.5728
-53.5901
-53.6088
-53.6289
-53.6508
-53.6758
-53.7039
-53.7355
-53.7722
-53.8112
-53.8519
-53.8949
-53.9409
-53.9903
-54.0435
-54.1012
-54.1672
-54.2424
-54.0563
-53.5167
-53.3717
-53.3472
-53.3568
-53.3753
-53.3952
-53.4144
-53.4325
-53.4499
-53.4676
-53.4849
-53.5022
-53.5207
-53.5394
-53.4928
-53.4459
-53.4294
-53.4266
-53.4295
-53.435
-53.4422
-53.4506
-53.4593
-53.4687
-53.4793
-53.4903
-53.5016
-53.5134
-53.526
-53.5395
-53.554
-53.5697
-53.5889
-53.6105
-53.6331
-53.6583
-53.6868
-53.7183
-53.7515
-53.7866
-53.8241
-53.8646
-53.9084
-53.9559
-54.0119
-54.0773
-54.1461
-54.2193
-54.301
-54.3915
-54.4888
-54.4729
-53.5825
-53.3435
-53.3016
-53.3133
-53.3379
-53.3636
-53.3882
-53.4108
-53.4315
-53.4509
-53.4699
-53.4882
-53.4555
-53.4277
-53.4195
-53.4204
-53.4251
-53.4317
-53.4393
-53.4472
-53.4555
-53.4642
-53.4734
-53.4837
-53.4953
-53.5087
-53.5237
-53.5397
-53.5568
-53.5771
-53.5992
-53.6237
-53.6492
-53.6757
-53.7055
-53.7582
-53.8302
-53.9167
-54.0159
-54.1145
-54.206
-54.294
-54.3834
-54.4801
-54.6049
-54.7837
-55
-55.2301
-55.4668
-55.6961
-55.9121
-56.128
-56.3575
-56.6162
-56.9299
-57.2843
-57.6597
-58.0494
-58.4386
-58.8285
-59.2179
-59.6116
-60.0221
-60.4608
-60.9366
-61.4439
-61.9663
-62.5001
-63.0285
-63.5487
-64.0561
-64.5512
-65.0382
-65.5276
-66.0261
-66.5298
-67.033
-67.5309
-68.0118
-68.4653
-68.8922
-69.2907
-69.6615
-70.0131
-70.3549
-70.691
-71.0137
-71.3238
-71.6196
-71.8906
-72.1368
-72.3608
-72.5628
-72.746
-72.9157
-73.075
-73.2278
-73.3715
-73.5074
-73.6347
-73.7491
-73.8503
-73.9411
-74.0218
-74.0935
-74.1583
-74.2174
-74.2741
-74.3274
-74.378
-74.4262
-74.4693
-74.5057
-74.5372
-74.5648
-74.5893
-74.6107
-74.6294
-74.6476
-74.6655
-74.683
-74.7005
-74.7175
-74.7311
-74.7415
-74.7498
-74.7575
-74.7641
-74.7694
-74.774
-74.7791
-74.7839
-74.7889
-74.7947
-74.8005
-74.804
-74.806
-74.8075
-74.8091
-74.8106
-74.8107
-74.8112
-74.8131
-74.8148
-74.8159
-74.8176
-74.8202
-74.8213
-74.8213
-74.8211
-74.8205
-74.8198
-74.8186
-74.8176
-74.8165
-74.8164
-74.8165
-74.8165
-74.8169
-74.8176
-74.8179
-74.8177
-74.8169
-74.8163
-74.8155
-74.8147
-74.8142
-74.8134
-74.813
-74.8123
-74.8122
-74.8119
-74.8122
-74.8123
-74.8112
-74.8099
-74.8082
-74.8063
-74.8054
-74.8048
-74.8032
-74.8024
-74.8021
-74.8012
-74.801
-74.8025
-74.8043
-74.804
-74.803
-74.8026
-74.8007
-74.7987
-74.7983
-74.7976
-74.796
-74.7956
-74.7945
-74.7929
-74.7922
-74.7928
-74.7938
-74.7946
-74.7935
-74.7909
-74.7884
-74.7864
-74.7845
-74.7844
-74.7844
-74.7841
-74.7852
-74.7845
-74.784
-74.784
-74.7843
-74.7854
-74.7875
-74.7871
-74.7843
-74.7812
-74.778
-74.7758
-74.7745
-74.7735
-74.7741
-74.7749
-74.7751
-74.7745
-74.7722
-74.771
-74.7712
-74.7724
-74.7748
-74.7733
-74.7706
-74.7665
-74.7628
-74.7617
-74.7619
-74.761
-74.7631
-74.7669
-74.7678
-74.7668
-74.7651
-74.7626
-74.7621
-74.7637
-74.7661
-74.7667
-74.7645
-74.7604
-74.7554
-74.7499
-74.7472
-74.7466
-74.7463
-74.747
-74.7506
-74.7534
-74.7534
-74.7515
-74.7486
-74.748
-74.7496
-74.7508
-74.7528
-74.7521
-74.7487
-74.7442
-74.7405
-74.7382
-74.7366
-74.7351
-74.7348
-74.7356
-74.7374
-74.7388
-74.7412
-74.7416
-74.7383
-74.7372
-74.74
-74.742
-74.7443
-74.7437
-74.7394
-74.7342
-74.7268
-74.721
-74.7197
-74.7176
-74.7154
-74.7136
-74.7159
-74.7185
-74.7195
-74.7198
-74.7197
-74.7203
-74.7211
-74.722
-74.7241
-74.7276
-74.73
-74.7302
-74.7275
-74.7228
-74.7184
-74.7127
-74.707
-74.7028
-74.6992
-74.6963
-74.6942
-74.6975
-74.703
-74.7055
-74.705
-74.7035
-74.7035
-74.7041
-74.7047
-74.7065
-74.7086
-74.7095
-74.7107
-74.7119
-74.7104
-74.7058
-74.6996
-74.6928
-74.6865
-74.6798
-74.6759
-74.672
-74.6665
-74.6661
-74.669
-74.6762
-74.6787
-74.6801
-74.6846
-74.6873
-74.6861
-74.6845
-74.6838
-74.685
-74.6854
-74.6854
-74.6871
-74.6908
-74.6925
-74.6909
-74.6854
-74.6775
-74.6716
-74.6649
-74.6562
-74.6493
-74.6453
-74.6446
-74.6452
-74.6464
-74.6464
-74.6481
-74.655
-74.66
-74.6616
-74.6627
-74.6613
-74.6592
-74.6554
-74.6523
-74.6525
-74.6538
-74.6544
-74.6563
-74.658
-74.6564
-74.6537
-74.651
-74.6466
-74.6407
-74.6339
-74.6273
-74.6212
-74.614
-74.6115
-74.6103
-74.6099
-74.6134
-74.6198
-74.6232
-74.6246
-74.629
-74.6324
-74.6314
-74.626
-74.6208
-74.6185
-74.616
-74.6122
-74.6104
-74.6124
-74.6179
-74.6236
-74.6269
-74.6295
-74.6296
-74.6246
-74.619
-74.613
-74.6081
-74.6025
-74.5954
-74.588
-74.5816
-74.5764
-74.5726
-74.5739
-74.5814
-74.5875
-74.5897
-74.591
-74.5936
-74.595
-74.5949
-74.5926
-74.5862
-74.5774
-74.5675
-74.5549
-74.5455
-74.5396
-74.5377
-74.5391
-74.5469
-74.5587
-74.5673
-74.5706
-74.5707
-74.5749
-74.578
-74.5756
-74.5726
-74.5683
-74.5653
-74.5586
-74.5488
-74.5358
-74.5218
-74.5128
-74.5116
-74.5133
-74.5191
-74.5252
-74.5358
-74.5436
-74.5464
-74.5476
-74.5456
-74.5401
-74.5354
-74.5298
-74.5241
-74.5188
-74.5118
-74.5011
-74.4912
-74.4827
-74.4744
-74.4713
-74.4689
-74.4653
-74.4606
-74.4614
-74.4711
-74.4844
-74.4923
-74.4949
-74.4946
-74.4936
-74.4951
-74.4976
-74.501
-74.5055
-74.5088
-74.5081
-74.5011
-74.4942
-74.4896
-74.4811
-74.4675
-74.4579
-74.4616
-74.4623
-74.4601
-74.4645
-74.4737
-74.4816
-74.4841
-74.4847
-74.4824
-74.4755
-74.4696
-74.4639
-74.457
-74.4484
-74.437
-74.4208
-74.4036
-74.391
-74.3854
-74.3792
-74.3696
-74.3571
-74.3441
-74.3336
-74.3306
-74.3319
-74.3377
-74.3436
-74.3465
-74.3469
-74.3475
-74.3493
-74.348
-74.3486
-74.3574
-74.3651
-74.3711
-74.3754
-74.3778
-74.3777
-74.3789
-74.3776
-74.3731
-74.3681
-74.3663
-74.3669
-74.37
-74.3734
-74.3742
-74.3747
-74.3785
-74.3851
-74.3885
-74.3929
-74.3944
-74.3901
-74.3849
-74.3822
-74.382
-74.3833
-74.3808
-74.3738
-74.3653
-74.3565
-74.3494
-74.345
-74.339
-74.3289
-74.3166
-74.3036
-74.2923
-74.2801
-74.2657
-74.2503
-74.2347
-74.2206
-74.2086
-74.1936
-74.1765
-74.1554
-74.132
-74.1125
-74.0929
-74.0788
-74.0706
-74.0626
-74.0603
-74.0634
-74.0708
-74.081
-74.0873
-74.0923
-74.1007
-74.1072
-74.1123
-74.1229
-74.1314
-74.1301
-74.1263
-74.1178
-74.1079
-74.1104
-74.1148
-74.1199
-74.1217
-74.1184
-74.1184
-74.1302
-74.1431
-74.1534
-74.1603
-74.1646
-74.1677
-74.1685
-74.1613
-74.149
-74.1462
-74.1486
-74.1468
-74.145
-74.1478
-74.1565
-74.1688
-74.1836
-74.1955
-74.2022
-74.2031
-74.2018
-74.1992
-74.1931
-74.183
-74.168
-74.1678
-74.1741
-74.1776
-74.1763
-74.1703
-74.1625
-74.154
-74.1473
-74.1427
-74.1409
-74.1453
-74.1495
-74.1509
-74.1529
-74.1551
-74.1528
-74.144
-74.1328
-74.1205
-74.1045
-74.0879
-74.0684
-74.0472
-74.0265
-74.0032
-73.9812
-73.97
-73.9569
-73.9384
-73.9153
-73.889
-73.8618
-73.8403
-73.8227
-73.8023
-73.7826
-73.77
-73.7556
-73.7421
-73.7257
-73.7085
-73.698
-73.6937
-73.6928
-73.706
-73.7143
-73.7118
-73.7028
-73.6932
-73.6791
-73.6601
-73.6376
-73.6123
-73.59
-73.5703
-73.5485
-73.5239
-73.4976
-73.4788
-73.4689
-73.4638
-73.4552
-73.4406
-73.4212
-73.3984
-73.3732
-73.3464
-73.3188
-73.3021
-73.2954
-73.295
-73.3101
-73.3249
-73.3429
-73.3617
-73.3767
-73.3908
-73.3997
-73.3988
-73.3899
-73.3755
-73.3645
-73.3537
-73.3388
-73.32
-73.2982
-73.2744
-73.2502
-73.2335
-73.2177
-73.1995
-73.187
-73.1748
-73.1588
-73.1403
-73.1285
-73.1192
-73.116
-73.1188
-73.1179
-73.1156
-73.1144
-73.1076
-73.0952
-73.0784
-73.0586
-73.0367
-73.0134
-72.989
-72.9638
-72.938
-72.9119
-72.8855
-72.859
-72.8323
-72.8057
-72.779
-72.7524
-72.7259
-72.6995
-72.6733
-72.6472
-72.6229
-72.6145
-72.6206
-72.6236
-72.6196
-72.6098
-72.5958
-72.5791
-72.5605
-72.5406
-72.5199
-72.4986
-72.4768
-72.4548
-72.4326
-72.4104
-72.3881
-72.3658
-72.3437
-72.3286
-72.3405
-72.3545
-72.3603
-72.3583
-72.3508
-72.3394
-72.3254
-72.3097
-72.2927
-72.2749
-72.2565
-72.2376
-72.2185
-72.1992
-72.1798
-72.1603
-72.1409
-72.1215
-72.1021
-72.0828
-72.0637
-72.0447
-72.0258
-72.0071
-71.9886
-71.9702
-71.952
-71.9339
-71.9161
-71.8984
-71.8809
-71.8637
-71.8466
-71.8296
-71.8129
-71.7964
-71.78
-71.7639
-71.7479
-71.7321
-71.7165
-71.7011
-71.6859
-71.6708
-71.6559
-71.6412
-71.6267
-71.6123
-71.5982
-71.5842
-71.5703
-71.5567
-71.5432
-71.5298
-71.5167
-71.5036
-71.4908
-71.4781
-71.4656
-71.4532
-71.441
-71.4289
-71.417
-71.4052
-71.3936
-71.3821
-71.3707
-71.3596
-71.3485
-71.3376
-71.3268
-71.3162
-71.3057
-71.2953
-71.2851
-71.275
-71.2651
-71.2552
-71.2455
-71.236
-71.2265
-71.2172
-71.208
-71.1989
-71.1899
-71.181
-71.1723
-71.1637
-71.1552
-71.1468
-71.1385
-71.1303
-71.1222
-71.1143
-71.1064
-71.0987
-71.091
-71.0834
-71.076
-71.0686
-71.0614
-71.0542
-71.0472
-71.0402
-71.0333
-71.0266
-71.0199
-71.0133
-71.0068
-71.0004
-70.994
-70.9878
-70.9816
-70.9756
-70.9696
-70.9637
-70.9579
-70.9521
-70.9465
-70.9409
-70.9354
-70.9299
-70.9246
-70.9193
-70.9141
-70.909
-70.9039
-70.8989
-70.894
-70.8892
-70.8844
-70.8797
-70.875
-70.8705
-70.8659
-70.8615
-70.8571
-70.8528
-70.8486
-70.8444
-70.8402
-70.8362
-70.8322
-70.8282
-70.8243
-70.8205
-70.8167
-70.813
-70.8093
-70.8057
-70.8022
-70.7986
-70.7952
-70.7918
-70.7885
-70.7852
-70.7819
-70.7787
-70.7756
-70.7725
-70.7694
-70.7664
-70.7635
-70.7606
-70.7577
-70.7549
-70.7521
-70.7494
-70.7467
-70.744
-70.7414
-70.7389
-70.7363
-70.7339
-70.7314
-70.729
-70.7267
-70.7243
-70.7221
-70.7198
-70.7176
-70.7154
-70.7133
-70.7112
-70.7091
-70.7071
-70.7051
-70.7031
-70.7012
-70.6993
-70.6974
-70.6956
-70.6938
-70.692
-70.6903
-70.6886
-70.6869
-70.6853
-70.6836
-70.6821
-70.6805
-70.679
-70.6775
-70.676
-70.6745
-70.6731
-70.6717
-70.6703
-70.669
-70.6677
-70.6664
-70.6651
-70.6638
-70.6626
-70.6614
-70.6602
-70.6591
-70.6579
-70.6568
-70.6557
-70.6547
-70.6536
-70.6526
-70.6516
-70.6506
-70.6497
-70.6487
-70.6478
-70.6469
-70.646
-70.6451
-70.6443
-70.6435
-70.6426
-70.6419
-70.6411
-70.6403
-70.6396
-70.6388
-70.6381
-70.6374
-70.6368
-70.6361
-70.6355
-70.6348
-70.6342
-70.6336
-70.633
-70.6325
-70.6319
-70.6314
-70.6308
-70.6303
-70.6298
-70.6293
-70.6288
-70.6284
-70.6279
-70.6275
-70.6271
-70.6267
-70.6263
-70.6259
-70.6255
-70.6251
-70.6248
-70.6244
-70.6241
-70.6237
-70.6234
-70.6231
-70.6228
-70.6226
-70.6223
-70.622
-70.6218
-70.6215
-70.6213
-70.621
-70.6208
-70.6206
-70.6204
-70.6202
-70.62
-70.6199
-70.6197
-70.6195
-70.6194
-70.6192
-70.6191
-70.619
-70.6188
-70.6187
-70.6186
-70.6185
-70.6184
-70.6183
-70.6182
-70.6182
-70.6181
-70.618
-70.618
-70.6179
-70.6179
-70.6178
-70.6178
-70.6178
-70.6177
-70.6177
-70.6177
-70.6177
-70.6177
-70.6177
-70.6177
-70.6177
-70.6177
-70.6178
-70.6178
-70.6178
-70.6178
-70.6179
-70.6179
-70.618
-70.618
-70.6181
-70.6181
-70.6182
-70.6182
-70.6183
-70.6184
-70.6185
-70.6185
-70.6186
-70.6187
-70.6188
-70.6189
-70.619
-70.6191
-70.6192
-70.6193
-70.6194
-70.6195
-70.6196
-70.6197
-70.6198
-70.62
-70.6201
-70.6202
-70.6203
-70.6204
-70.6206
-70.6207
-70.6208
-70.621
-70.6211
-70.6213
-70.6214
-70.6215
-70.6217
-70.6218
-70.622
-70.6221
-70.6223
-70.6224
-70.6226
-70.6227
-70.6229
-70.6231
-70.6232
-70.6234
-70.6235
-70.6237
-70.6239
-70.624
-70.6242
-70.6244
-70.6245
-70.6247
-70.6249
-70.625
-70.6252
-70.6254
-70.6256
-70.6257
-70.6259
-70.6261
-70.6263
-70.6264
-70.6266
-70.6268
-70.627
-70.6272
-70.6273
-70.6275
-70.6277
-70.6279
-70.6281
-70.6282
-70.6284
-70.6286
-70.6288
-70.629
-70.6292
-70.6293
-70.6295
-70.6297
-70.6299
-70.6301
-70.6303
-70.6304
-70.6306
-70.6308
-70.631
-70.6312
-70.6314
-70.6315
-70.6317
-70.6319
-70.6321
-70.6323
-70.6325
-70.6326
-70.6328
-70.633
-70.6332
-70.6334
-70.6335
-70.6337
-70.6339
-70.6341
-70.6343
-70.6345
-70.6346
-70.6348
-70.635
-70.6352
-70.6353
-70.6355
-70.6357
-70.6359
-70.6361
-70.6362
-70.6364
-70.6366
-70.6368
-70.6369
-70.6371
-70.6373
-70.6375
-70.6376
-70.6378
-70.638
-70.6381
-70.6383
-70.6385
-70.6387
-70.6388
-70.639
-70.6392
-70.6393
-70.6395
-70.6397
-70.6398
-70.64
-70.6402
-70.6403
-70.6405
-70.6406
-70.6408
-70.641
-70.6411
-70.6413
-70.6415
-70.6416
-70.6418
-70.6419
-70.6421
-70.6422
-70.6424
-70.6426
-70.6427
-70.6429
-70.643
-70.6432
-70.6433
-70.6435
-70.6436
-70.6438
-70.6439
-70.6441

