-70
-70.1661
-70.23
-70.2566
-70.2695
-70.2773
-70.283
-70.2879
-70.2925
-70.297
-70.3014
-70.3057
-70.31
-70.3142
-70.3185
-70.3226
-70.3268
-70.3309
-70.335
-70.3391
-70.3431
-70.3471
-70.351
-70.3549
-70.3588
-70.3626
-70.3664
-70.3701
-70.3738
-70.3775
-70.3811
-70.3847
-70.3883
-70.3918
-70.3953
-70.3987
-70.4021
-70.4055
-70.4088
-70.4121
-70.4154
-70.4186
-70.4218
-70.4249
-70.428
-70.4311
-70.4341
-70.4372
-70.4401
-70.4431
-70.446
-70.4489
-70.4517
-70.4545
-70.4573
-70.4601
-70.4628
-70.4655
-70.4682
-70.4708
-70.4734
-70.476
-70.4785
-70.481
-70.4835
-70.486
-70.4884
-70.4908
-70.4932
-70.4955
-70.4978
-70.5001
-70.5024
-70.5046
-70.5068
-70.509
-70.5112
-70.5133
-70.5154
-70.5175
-70.5196
-70.5216
-70.5236
-70.5256
-70.5276
-70.5295
-70.5315
-70.5334
-70.5352
-70.5371
-70.5389
-70.5407
-70.5425
-70.5443
-70.5461
-70.5478
-70.5495
-70.5512
-70.5528
-70.5545
-70.5561
-70.5577
-70.5593
-70.5609
-70.5624
-70.5639
-70.5655
-70.5669
-70.5684
-70.5699
-70.5713
-70.5727
-70.5741
-70.5755
-70.5769
-70.5782
-70.5796
-70.5809
-70.5822
-70.5835
-70.5848
-70.586
-70.5873
-70.5885
-70.5897
-70.5909
-70.5921
-70.5932
-70.5944
-70.5955
-70.5966
-70.5977
-70.5988
-70.5999
-70.601
-70.602
-70.603
-70.6041
-70.6051
-70.6061
-70.6071
-70.608
-70.609
-70.6099
-70.6109
-70.6118
-70.6127
-70.6136
-70.6145
-70.6154
-70.6162
-70.6171
-70.6179
-70.6187
-70.6196
-70.6204
-70.6212
-70.622
-70.6227
-70.6235
-70.6242
-70.625
-70.6257
-70.6265
-70.6272
-70.6279
-70.6286
-70.6293
-70.6299
-70.6306
-70.6313
-70.6319
-70.6325
-70.6332
-70.6338
-70.6344
-70.635
-70.6356
-70.6362
-70.6368
-70.6374
-70.6379
-70.6385
-70.639
-70.6396
-70.6401
-70.6406
-70.6411
-70.6417
-70.6422
-70.6427
-70.6431
-70.6436
-70.6441
-70.6446
-70.645
-70.6455
-70.6459
-70.6464
-70.6468
-70.6472
-70.6476
-70.6481
-70.6485
-70.6489
-70.6493
-70.6497
-70.65
-70.6504
-70.6508
-70.6512
-70.6515
-70.6519
-70.6522
-70.6526
-70.6529
-70.6533
-70.6536
-70.6539
-70.6542
-70.6545
-70.6549
-70.6552
-70.6555
-70.6558
-70.656
-70.6563
-70.6566
-70.6569
-70.6572
-70.6574
-70.6577
-70.658
-70.6582
-70.6585
-70.6587
-70.6589
-70.6592
-70.6594
-70.6597
-70.6599
-70.6601
-70.6603
-70.6605
-70.6607
-70.661
-70.6612
-70.6614
-70.6616
-70.6617
-70.6619
-70.6621
-70.6623
-70.6625
-70.6627
-70.6628
-70.663
-70.6632
-70.6633
-70.6635
-70.6637
-70.6638
-70.664
-70.6641
-70.6643
-70.6644
-70.6646
-70.6647
-70.6648
-70.665
-70.6651
-70.6652
-70.6653
-70.6655
-70.6656
-70.6657
-70.6658
-70.6659
-70.666
-70.6662
-70.6663
-70.6664
-70.6665
-70.6666
-70.6667
-70.6668
-70.6669
-70.667
-70.667
-70.6671
-70.6672
-70.6673
-70.6674
-70.6675
-70.6675
-70.6676
-70.6677
-70.6678
-70.6678
-70.6679
-70.668
-70.668
-70.6681
-70.6682
-70.6682
-70.6683
-70.6683
-70.6684
-70.6685
-70.6685
-70.6686
-70.6686
-70.6687
-70.6687
-70.6688
-70.6688
-70.6688
-70.6689
-70.6689
-70.669
-70.669
-70.669
-70.6691
-70.6691
-70.6691
-70.6692
-70.6692
-70.6692
-70.6693
-70.6693
-70.6693
-70.6694
-70.6694
-70.6694
-70.6694
-70.6694
-70.6695
-70.6695
-70.6695
-70.6695
-70.6695
-70.6696
-70.6696
-70.6696
-70.6696
-70.6696
-70.6696
-70.6696
-70.6697
-70.6697
-70.6697
-70.6697
-70.6697
-70.6697
-70.6697
-70.6697
-70.6697
-70.6697
-70.6697
-70.6697
-70.6697
-70.6697
-70.6697
-70.6697
-70.6697
-70.6697
-70.6697
-70.6697
-70.6697
-70.6697
-70.6697
-70.6697
-70.6697
-70.6697
-70.6697
-70.6697
-70.6697
-70.6697
-70.6697
-70.6697
-70.6697
-70.6697
-70.6697
-70.6696
-70.6696
-70.6696
-70.6696
-70.6696
-70.6696
-70.6696
-70.6696
-70.6696
-70.6695
-70.6695
-70.6695
-70.6695
-70.6695
-70.6695
-70.6695
-70.6695
-70.6694
-70.6694
-70.6694
-70.6694
-70.6694
-70.6694
-70.6693
-70.6693
-70.6693
-70.6693
-70.6693
-70.6693
-70.6693
-70.6692
-70.6692
-70.6692
-70.6692
-70.6692
-70.6691
-70.6691
-70.6691
-70.6691
-70.6691
-70.6691
-70.669
-70.669
-70.669
-70.669
-70.669
-70.6689
-70.6689
-70.6689
-70.6689
-70.6689
-70.6688
-70.6688
-70.6688
-70.6688
-70.6688
-70.6687
-70.6687
-70.6687
-70.6687
-70.6686
-70.6686
-70.6686
-70.6686
-70.6686
-70.6685
-70.6685
-70.6685
-70.6685
-70.6685
-70.6684
-70.6684
-70.6684
-70.6684
-70.6684
-70.6683
-70.6683
-70.6683
-70.6683
-70.6682
-70.6682
-70.6682
-70.6682
-70.6682
-70.6681
-70.6681
-70.6681
-70.6681
-70.6681
-70.6761
-70.9049
-71.5949
-72.4663
-73.2339
-60.3564
-52.9236
-50.5905
-48.8271
-46.0434
-27.1649
-15.2552
-41.4305
-68.3373
-68.5494
-67.5413
-66.486
-65.4161
-64.3495
-63.3039
-62.2963
-61.3424
-60.455
-59.6425
-58.6321
-57.8007
-57.127
-56.553
-56.0598
-55.6365
-55.2684
-54.9204
-54.6353
-54.4059
-54.2211
-54.0721
-53.9517
-53.8418
-53.7426
-53.6676
-53.612
-53.5709
-53.5408
-53.5194
-53.5014
-53.4723
-53.4515
-53.4394
-53.433
-53.4305
-53.4306
-53.4327
-53.4362
-53.4358
-53.4212
-53.4129
-53.4103
-53.4112
-53.4141
-53.4182
-53.423
-53.4284
-53.4342
-53.4403
-53.4469
-53.4384
-53.4216
-53.414
-53.4123
-53.4135
-53.4163
-53.4199
-53.4239
-53.4283
-53.4328
-53.4374
-53.442
-53.4461
-53.4497
-53.4527
-53.455
-53.4563
-53.4559
-53.4282
-53.4032
-53.3914
-53.3838
-53.3745
-53.3537
-53.2436
-52.7835
-52.7409
-52.8494
-52.9633
-53.0513
-53.1126
-53.1532
-53.1806
-53.201
-53.2186
-53.2361
-53.2557
-53.2796
-53.3098
-53.349
-53.3991
-53.4606
-53.5318
-53.6112
-53.6977
-53.7916
-53.8647
-53.591
-53.4886
-53.4614
-53.4597
-53.4675
-53.4796
-53.4941
-53.5104
-53.5283
-53.5478
-53.569
-53.5921
-53.6173
-53.6446
-53.6743
-53.7067
-53.7421
-53.7806
-53.8227
-53.8685
-53.9183
-53.9726
-54.0315
-54.0954
-54.1648
-54.2399
-54.3209
-54.4082
-54.5025
-54.6043
-54.714
-54.832
-54.9591
-55.0959
-55.2429
-55.4002
-55.5677
-55.7459
-54.0586
-53.3324
-53.1847
-53.1908
-53.2356
-53.2862
-53.3337
-53.3764
-53.4145
-53.4489
-53.4805
-53.51
-53.5382
-53.5656
-53.5928
-53.6203
-53.6485
-53.6777
-53.7084
-53.741
-53.7759
-53.8131
-53.8536
-53.8999
-53.9498
-54.0025
-54.0586
-54.1186
-54.183
-54.252
-54.3258
-54.405
-54.4898
-54.5844
-54.6881
-54.7974
-54.9125
-55.0345
-55.1639
-55.3009
-55.4457
-55.5978
-55.7578
-55.927
-56.1151
-56.3125
-54.0377
-53.1835
-53.0315
-53.0544
-53.1175
-53.1829
-53.2412
-53.2911
-53.334
-53.3715
-53.4044
-53.4336
-53.4601
-53.4847
-53.5081
-53.5308
-53.5533
-53.576
-53.5992
-53.6236
-53.6511
-53.6801
-53.7104
-53.7424
-53.7766
-53.8132
-53.8525
-53.8949
-53.9406
-53.9897
-54.0427
-54.1039
-54.1725
-54.2443
-54.3191
-54.3978
-54.4813
-54.57
-54.6642
-54.7641
-54.87
-54.9824
-55.1024
-55.2434
-55.3936
-55.5454
-55.6993
-55.8567
-56.0184
-56.1851
-56.3567
-56.5329
-56.7128
-56.8961
-57.0833
-57.2998
-57.5277
-56.4982
-53.4618
-52.8405
-52.7794
-52.8573
-52.9604
-53.0564
-53.1381
-53.2053
-53.2607
-53.3068
-53.3463
-53.3802
-53.4095
-53.4355
-53.4589
-53.4805
-53.5006
-53.5196
-53.5379
-53.5559
-53.5756
-53.5954
-53.6143
-53.6323
-53.6493
-53.6652
-53.6796
-53.6918
-53.7009
-53.7054
-53.7037
-53.7
-53.6876
-53.656
-53.5941
-53.4811
-53.266
-53.0134
-53.0597
-52.6926
-52.7517
-52.9153
-53.0467
-53.1361
-53.1923
-53.2266
-53.2486
-53.2642
-53.2774
-53.2976
-53.3295
-53.3731
-53.4277
-53.4959
-53.5631
-53.6228
-53.6822
-53.7438
-53.816
-53.9181
-54.035
-54.1552
-54.2788
-54.4002
-54.5166
-54.6334
-54.7568
-54.8886
-55.0375
-55.2113
-55.4043
-55.6122
-55.8343
-56.0666
-56.307
-56.5575
-56.8217
-57.1012
-57.403
-57.7329
-58.0905
-58.4695
-58.8656
-59.2778
-59.6998
-60.1297
-60.5679
-61.0154
-61.4765
-61.9588
-62.4601
-62.9829
-63.5111
-64.0403
-64.5643
-65.0757
-65.5725
-66.055
-66.527
-66.9968
-67.4639
-67.9313
-68.3957
-68.8417
-69.2652
-69.6636
-70.0344
-70.3784
-70.6977
-70.9989
-71.2876
-71.5638
-71.8291
-72.0858
-72.3246
-72.5434
-72.7415
-72.9201
-73.0811
-73.2267
-73.3599
-73.4843
-73.6014
-73.7114
-73.8175
-73.9162
-74.0044
-74.0826
-74.1509
-74.2105
-74.2635
-74.311
-74.3542
-74.3956
-74.4337
-74.4711
-74.5086
-74.5419
-74.5706
-74.5948
-74.614
-74.6303
-74.645
-74.6572
-74.6693
-74.6809
-74.6916
-74.7038
-74.7165
-74.7276
-74.7357
-74.7424
-74.7462
-74.7489
-74.7509
-74.7529
-74.7563
-74.7588
-74.7612
-74.7652
-74.7697
-74.774
-74.7757
-74.7762
-74.7769
-74.7762
-74.7735
-74.7719
-74.772
-74.7725
-74.7715
-74.772
-74.7739
-74.7758
-74.7769
-74.7755
-74.7743
-74.7748
-74.7733
-74.7694
-74.7671
-74.7674
-74.7677
-74.7664
-74.7662
-74.7672
-74.7682
-74.7678
-74.7659
-74.7635
-74.7624
-74.7612
-74.7583
-74.7547
-74.7536
-74.7547
-74.7541
-74.7533
-74.7536
-74.7556
-74.757
-74.7558
-74.7532
-74.7508
-74.7488
-74.7474
-74.7454
-74.7423
-74.7416
-74.741
-74.7403
-74.7403
-74.74
-74.7421
-74.7438
-74.7429
-74.7396
-74.7362
-74.7335
-74.7312
-74.73
-74.7285
-74.7273
-74.7264
-74.726
-74.7248
-74.7256
-74.7271
-74.7299
-74.7322
-74.7313
-74.7281
-74.7238
-74.7202
-74.7169
-74.7152
-74.7145
-74.7142
-74.7129
-74.7108
-74.7087
-74.7078
-74.7074
-74.7112
-74.7158
-74.7168
-74.7156
-74.7123
-74.7075
-74.7027
-74.6991
-74.6982
-74.6984
-74.6986
-74.6989
-74.6983
-74.6955
-74.6929
-74.6914
-74.6922
-74.6987
-74.7038
-74.7038
-74.7006
-74.6963
-74.6914
-74.6874
-74.6836
-74.6803
-74.6793
-74.6782
-74.6797
-74.6813
-74.6791
-74.6756
-74.6719
-74.6708
-74.6758
-74.6835
-74.6867
-74.6858
-74.6798
-74.6755
-74.6734
-74.6718
-74.6677
-74.6619
-74.6608
-74.6616
-74.6623
-74.6637
-74.6635
-74.6613
-74.6586
-74.6556
-74.6558
-74.6627
-74.6682
-74.6677
-74.6645
-74.6609
-74.6558
-74.653
-74.6501
-74.6462
-74.6416
-74.6367
-74.636
-74.6386
-74.6406
-74.6404
-74.6386
-74.6396
-74.638
-74.636
-74.6378
-74.6439
-74.6461
-74.642
-74.6394
-74.6384
-74.6349
-74.6306
-74.6297
-74.6285
-74.6237
-74.6196
-74.6145
-74.6121
-74.6161
-74.6197
-74.6193
-74.6184
-74.6194
-74.6176
-74.6183
-74.6195
-74.6236
-74.6258
-74.6248
-74.6204
-74.613
-74.6059
-74.6029
-74.5982
-74.5943
-74.5935
-74.5915
-74.5906
-74.5874
-74.5823
-74.5805
-74.5844
-74.5894
-74.5905
-74.5913
-74.5923
-74.5912
-74.5905
-74.5904
-74.5931
-74.6004
-74.6031
-74.6013
-74.5954
-74.5878
-74.579
-74.5688
-74.5602
-74.5543
-74.5535
-74.5574
-74.56
-74.5571
-74.5543
-74.555
-74.5555
-74.5542
-74.553
-74.5553
-74.5602
-74.5658
-74.565
-74.56
-74.5586
-74.5579
-74.5632
-74.5721
-74.5782
-74.5763
-74.5688
-74.5579
-74.5438
-74.5279
-74.5174
-74.5112
-74.5023
-74.4935
-74.4958
-74.5051
-74.511
-74.5091
-74.5086
-74.5113
-74.5099
-74.5113
-74.5098
-74.5092
-74.5135
-74.5165
-74.5193
-74.5196
-74.5221
-74.5216
-74.5211
-74.5248
-74.5309
-74.5333
-74.5318
-74.5272
-74.5198
-74.5079
-74.498
-74.4883
-74.4753
-74.4629
-74.4536
-74.4477
-74.4483
-74.4501
-74.4485
-74.4497
-74.4511
-74.4548
-74.4575
-74.4597
-74.4586
-74.458
-74.4581
-74.4586
-74.4603
-74.4624
-74.4621
-74.4661
-74.4723
-74.4729
-74.4699
-74.4694
-74.4684
-74.4703
-74.4747
-74.4739
-74.4715
-74.4655
-74.4555
-74.4469
-74.4413
-74.434
-74.423
-74.408
-74.3942
-74.3856
-74.3796
-74.3741
-74.371
-74.3708
-74.3697
-74.3644
-74.3647
-74.3686
-74.3693
-74.3694
-74.3744
-74.3846
-74.3871
-74.3825
-74.3754
-74.3714
-74.374
-74.3755
-74.3752
-74.3792
-74.38
-74.3812
-74.384
-74.3847
-74.3849
-74.3843
-74.3838
-74.3864
-74.3886
-74.3865
-74.3819
-74.3757
-74.3675
-74.3616
-74.3577
-74.3522
-74.3462
-74.3367
-74.3246
-74.3153
-74.3048
-74.2996
-74.2969
-74.2909
-74.2807
-74.2721
-74.268
-74.2639
-74.2598
-74.259
-74.2606
-74.2686
-74.2756
-74.2762
-74.2726
-74.2645
-74.2554
-74.2562
-74.2651
-74.2676
-74.2691
-74.267
-74.259
-74.2491
-74.2405
-74.2411
-74.241
-74.2372
-74.2378
-74.2438
-74.2504
-74.2525
-74.2535
-74.258
-74.26
-74.2596
-74.2615
-74.2692
-74.2746
-74.2712
-74.2623
-74.2572
-74.2514
-74.2428
-74.2328
-74.2205
-74.2036
-74.1894
-74.1862
-74.1881
-74.1862
-74.1826
-74.1759
-74.1709
-74.1676
-74.1664
-74.1595
-74.1468
-74.137
-74.1289
-74.1197
-74.1211
-74.1267
-74.1321
-74.1309
-74.1271
-74.121
-74.113
-74.1012
-74.0866
-74.0688
-74.0599
-74.0567
-74.0611
-74.0675
-74.0722
-74.0723
-74.0674
-74.0555
-74.0402
-74.0271
-74.0141
-74.0034
-73.9974
-73.9981
-74.0045
-74.0093
-74.0094
-74.0078
-74.0019
-73.9931
-73.9847
-73.9782
-73.97
-73.9674
-73.97
-73.9746
-73.9835
-73.9875
-73.9838
-73.9765
-73.9713
-73.9803
-73.9947
-74.0086
-74.0234
-74.0404
-74.0617
-74.0806
-74.088
-74.0839
-74.0716
-74.0536
-74.037
-74.0252
-74.0128
-73.9994
-73.9874
-73.9799
-73.9759
-73.9667
-73.9543
-73.945
-73.9353
-73.9279
-73.9216
-73.9178
-73.9222
-73.9218
-73.9167
-73.9116
-73.9067
-73.8965
-73.8825
-73.8703
-73.8582
-73.8422
-73.83
-73.8189
-73.805
-73.7945
-73.789
-73.787
-73.7866
-73.7802
-73.7721
-73.7627
-73.752
-73.7365
-73.7286
-73.7373
-73.7566
-73.7777
-73.8031
-73.8171
-73.8213
-73.8245
-73.8213
-73.8105
-73.7954
-73.7815
-73.7646
-73.7439
-73.72
-73.6977
-73.69
-73.6838
-73.6745
-73.6645
-73.6505
-73.6379
-73.623
-73.6037
-73.5811
-73.562
-73.5465
-73.5356
-73.5282
-73.5171
-73.5007
-73.4799
-73.4562
-73.4313
-73.4243
-73.426
-73.4216
-73.412
-73.4076
-73.4065
-73.4072
-73.403
-73.3941
-73.3872
-73.3766
-73.361
-73.3435
-73.3389
-73.3408
-73.3557
-73.3703
-73.3743
-73.3687
-73.3562
-73.339
-73.3184
-73.2956
-73.2711
-73.2453
-73.2187
-73.2001
-73.2032
-73.2128
-73.2214
-73.2214
-73.2133
-73.1993
-73.1876
-73.1787
-73.1662
-73.1494
-73.1295
-73.1073
-73.0835
-73.0585
-73.0328
-73.0072
-72.9911
-72.9778
-72.9616
-72.9424
-72.9209
-72.9066
-72.8967
-72.8868
-72.8838
-72.8782
-72.8694
-72.8668
-72.8623
-72.8525
-72.8382
-72.8208
-72.8012
-72.7822
-72.7735
-72.7653
-72.7616
-72.7657
-72.7753
-72.779
-72.775
-72.7651
-72.7553
-72.7532
-72.7485
-72.7389
-72.7253
-72.7157
-72.7129
-72.7069
-72.7046
-72.706
-72.7025
-72.6934
-72.6802
-72.6641
-72.646
-72.6265
-72.606
-72.5847
-72.563
-72.5409
-72.5186
-72.4962
-72.4736
-72.4511
-72.4286
-72.4061
-72.3837
-72.3615
-72.3394
-72.3174
-72.2956
-72.274
-72.2526
-72.2313
-72.2103
-72.1894
-72.1688
-72.1541
-72.1539
-72.1533
-72.1481
-72.139
-72.1269
-72.113
-72.0978
-72.0817
-72.0651
-72.0481
-72.0308
-72.0135
-71.996
-71.9785
-71.9611
-71.9437
-71.9264
-71.9093
-71.8922
-71.8753
-71.8585
-71.8418
-71.8253
-71.809
-71.7929
-71.7769
-71.761
-71.7454
-71.7299
-71.7146
-71.6994
-71.6845
-71.6697
-71.6551
-71.6406
-71.6263
-71.6122
-71.5982
-71.5844
-71.5708
-71.5573
-71.544
-71.5309
-71.5179
-71.5051
-71.4924
-71.4799
-71.4675
-71.4553
-71.4433
-71.4313
-71.4196
-71.4079
-71.3965
-71.3851
-71.3739
-71.3629
-71.352
-71.3412
-71.3305
-71.32
-71.3097
-71.2994
-71.2893
-71.2793
-71.2695
-71.2598
-71.2502
-71.2407
-71.2313
-71.2221
-71.213
-71.204
-71.1951
-71.1863
-71.1777
-71.1691
-71.1607
-71.1524
-71.1442
-71.1361
-71.1281
-71.1202
-71.1124
-71.1047
-71.0971
-71.0896
-71.0822
-71.0749
-71.0677
-71.0606
-71.0536
-71.0467
-71.0399
-71.0332
-71.0265
-71.02
-71.0135
-71.0072
-71.0009
-70.9947
-70.9886
-70.9825
-70.9766
-70.9707
-70.9649
-70.9592
-70.9536
-70.948
-70.9425
-70.9371
-70.9318
-70.9265
-70.9213
-70.9162
-70.9112
-70.9062
-70.9013
-70.8965
-70.8917
-70.887
-70.8824
-70.8778
-70.8733
-70.8689
-70.8645
-70.8602
-70.856
-70.8518
-70.8477
-70.8436
-70.8396
-70.8357
-70.8318
-70.8279
-70.8242
-70.8204
-70.8168
-70.8131
-70.8096
-70.8061
-70.8026
-70.7992
-70.7959
-70.7926
-70.7893
-70.7861
-70.783
-70.7798
-70.7768
-70.7738
-70.7708
-70.7679
-70.765
-70.7622
-70.7594
-70.7566
-70.7539
-70.7513
-70.7487
-70.7461
-70.7435
-70.741
-70.7386
-70.7362
-70.7338
-70.7315
-70.7292
-70.7269
-70.7247
-70.7225
-70.7203
-70.7182
-70.7161
-70.714
-70.712
-70.71
-70.7081
-70.7062
-70.7043
-70.7024
-70.7006
-70.6988
-70.697
-70.6953
-70.6936
-70.6919
-70.6903
-70.6887
-70.6871
-70.6855
-70.684
-70.6825
-70.681
-70.6796
-70.6781
-70.6767
-70.6754
-70.674
-70.6727
-70.6714
-70.6701
-70.6689
-70.6676
-70.6664
-70.6652
-70.6641
-70.6629
-70.6618
-70.6607
-70.6597
-70.6586
-70.6576
-70.6566
-70.6556
-70.6546
-70.6536
-70.6527
-70.6518
-70.6509
-70.65
-70.6492
-70.6483
-70.6475
-70.6467
-70.6459
-70.6451
-70.6444
-70.6436
-70.6429
-70.6422
-70.6415
-70.6408
-70.6402
-70.6395
-70.6389
-70.6383
-70.6377
-70.6371
-70.6365
-70.636
-70.6354
-70.6349
-70.6344
-70.6339
-70.6334
-70.6329
-70.6324
-70.632
-70.6315
-70.6311
-70.6307
-70.6303
-70.6299
-70.6295
-70.6291
-70.6288
-70.6284
-70.6281
-70.6277
-70.6274
-70.6271
-70.6268
-70.6265
-70.6262
-70.6259
-70.6257
-70.6254
-70.6252
-70.6249
-70.6247
-70.6245
-70.6243
-70.6241
-70.6239
-70.6237
-70.6235
-70.6233
-70.6232
-70.623
-70.6228
-70.6227
-70.6226
-70.6224
-70.6223
-70.6222
-70.6221
-70.622
-70.6219
-70.6218
-70.6217
-70.6216
-70.6216
-70.6215
-70.6214
-70.6214
-70.6213
-70.6213
-70.6213
-70.6212
-70.6212
-70.6212
-70.6212
-70.6211
-70.6211
-70.6211
-70.6211
-70.6211
-70.6211
-70.6212
-70.6212
-70.6212
-70.6212
-70.6212
-70.6213
-70.6213
-70.6214
-70.6214
-70.6215
-70.6215
-70.6216
-70.6216
-70.6217
-70.6218
-70.6218
-70.6219
-70.622
-70.622
-70.6221
-70.6222
-70.6223
-70.6224
-70.6225
-70.6226
-70.6227
-70.6228
-70.6229
-70.623
-70.6231
-70.6232
-70.6233
-70.6234
-70.6235
-70.6237
-70.6238
-70.6239
-70.624
-70.6241
-70.6243
-70.6244
-70.6245
-70.6247
-70.6248
-70.6249
-70.6251
-70.6252
-70.6253
-70.6255
-70.6256
-70.6258
-70.6259
-70.6261
-70.6262
-70.6264
-70.6265
-70.6267
-70.6268
-70.627
-70.6271
-70.6273
-70.6274
-70.6276
-70.6277
-70.6279
-70.6281
-70.6282
-70.6284
-70.6285
-70.6287
-70.6289
-70.629
-70.6292
-70.6294
-70.6295
-70.6297
-70.6299
-70.63
-70.6302
-70.6304
-70.6305
-70.6307
-70.6309
-70.631
-70.6312
-70.6314
-70.6315
-70.6317
-70.6319
-70.632
-70.6322
-70.6324
-70.6326
-70.6327
-70.6329
-70.6331
-70.6332
-70.6334
-70.6336
-70.6337
-70.6339
-70.6341
-70.6343
-70.6344
-70.6346
-70.6348
-70.6349
-70.6351
-70.6353
-70.6354
-70.6356
-70.6358
-70.6359
-70.6361
-70.6363
-70.6364
-70.6366
-70.6368
-70.6369
-70.6371
-70.6373
-70.6374
-70.6376
-70.6378
-70.6379
-70.6381
-70.6383
-70.6384
-70.6386
-70.6388
-70.6389
-70.6391
-70.6392
-70.6394
-70.6396
-70.6397
-70.6399
-70.64
-70.6402
-70.6404
-70.6405
-70.6407
-70.6408
-70.641
-70.6411
-70.6413
-70.6414
-70.6416
-70.6418
-70.6419
-70.6421
-70.6422
-70.6424
-70.6425
-70.6427
-70.6428
-70.643
-70.6431
-70.6433
-70.6434
-70.6435
-70.6437
-70.6438
-70.644
-70.6441
-70.6443
-70.6444
-70.6445
-70.6447
-70.6448
-70.645
-70.6451
-70.6452

